Periods: 100
Task Arrival Rate: 5
Task Average Time: 1
Driver Arrival Rate: 15
Driver Average Time: 3
Period: 1
Tasks:4
id	x	y	end	c
1	102.95	101.31	2	3.23
2	166.11	190.85	1	112.36
3	143	130.16	1	52.52
4	195.27	180.99	3	125.04
Drivers: 14
id	x	y	end	sensitivity
1	96.93	108.52	3	0.79
2	18.99	137.66	3	0.62
3	74.24	11.02	2	1.37
4	94.73	9.87	4	1.04
5	12.38	40.15	3	0.63
6	100.14	122.16	4	1.43
7	20.22	194.36	4	0.73
8	0.9	2.23	2	0.93
9	195.55	37.65	1	1.46
10	34.41	108.25	4	1.43
11	96.48	178.69	3	1.08
12	168.79	145.89	3	0.55
13	182.86	92.91	4	1.21
14	159.36	87.33	5	0.57
Period: 2
Tasks:4
id	x	y	end	c
5	78.41	46.33	5	57.85
6	4.92	162.69	3	113.89
7	86.83	161.7	3	63.09
8	143.9	133.22	2	55.05
Drivers: 20
id	x	y	end	sensitivity
15	151.26	25.52	3	0.89
16	152.35	125.63	7	1.25
17	21.12	47.52	5	0.58
18	170.34	183.45	5	0.95
19	192.81	9.24	4	1.88
20	112.34	109.04	8	1.38
21	28.97	39.96	9	0.96
22	57.52	156	5	1.67
23	103.12	92.1	3	1.43
24	99.84	155	4	1
25	11.91	7.33	5	0.87
26	91.76	76.98	9	1.85
27	147.27	20.56	5	2
28	41.35	97.1	7	0.92
29	68.33	126.42	4	0.55
30	192.73	96.51	4	0.64
31	142.09	65.88	8	1.97
32	3.65	164.28	4	1.01
33	136.3	39.38	4	1.13
34	65.38	33.7	13	1.46
Period: 3
Tasks:6
id	x	y	end	c
9	8.05	152.01	4	105.64
10	197.63	28.47	3	121.03
11	71.28	88.06	3	31.1
12	54.44	68.96	5	55.13
13	188.84	26.99	3	114.99
14	99.35	79.2	4	20.81
Drivers: 14
id	x	y	end	sensitivity
35	190.5	4.79	5	0.77
36	14.88	180.3	5	1.34
37	37.98	50.3	4	1.67
38	138.75	164.99	5	1.35
39	199.65	38.38	7	1.65
40	169.83	17.32	5	0.58
41	21.84	193.27	4	1.8
42	80.96	119.79	10	1.93
43	153.37	50.28	6	1.4
44	191.77	72.51	5	1.68
45	153.82	51.54	5	0.53
46	106.02	138.32	6	0.65
47	69.52	193.88	5	1.68
48	66.56	37.47	11	1.82
Period: 4
Tasks:6
id	x	y	end	c
15	126.78	172.28	5	77.08
16	175.81	165.12	4	99.94
17	43.48	150.69	6	75.92
18	111.94	18.49	7	82.38
19	56.45	36.37	4	77.11
20	183.52	164.45	4	105.5
Drivers: 16
id	x	y	end	sensitivity
49	187.1	48.74	7	1.14
50	59.33	109.79	6	1.34
51	149.03	13.31	10	0.5
52	42.26	98.81	7	1.69
53	0.15	62.63	8	0.87
54	56.76	185.44	8	1.61
55	192.84	4.01	6	1.6
56	187.67	161.49	8	1.5
57	149.65	85.92	10	1.25
58	24.63	45.97	9	0.91
59	25.53	153.6	8	1.32
60	165.4	126	11	0.91
61	118.94	59.82	4	0.56
62	66.43	185.33	7	1.12
63	127.12	19.18	6	0.81
64	120.96	23.91	12	0.64
Period: 5
Tasks:6
id	x	y	end	c
21	141.06	48.33	5	66
22	43.69	142.99	6	70.84
23	161.17	65.29	8	70.33
24	113.15	61.08	5	41.08
25	130.44	11.49	6	93.6
26	194.47	87.5	6	95.29
Drivers: 21
id	x	y	end	sensitivity
65	185.23	152.28	10	1.09
66	89.68	20.7	9	1.63
67	102.13	103.98	8	1.26
68	124.48	190.47	7	0.6
69	139.37	88.46	10	0.57
70	27.57	176.02	11	1.53
71	156.97	175.16	6	0.95
72	102.42	131.98	7	1.98
73	17.78	10.95	8	0.96
74	177.26	195.55	7	0.58
75	197.66	158.82	8	1.18
76	32.99	53.25	7	1.51
77	28.28	45.1	7	1.3
78	130.92	8.66	9	0.7
79	99.44	143.01	8	0.78
80	25.03	3.65	9	1.18
81	190.31	115.98	7	1.9
82	3.07	67.94	7	0.72
83	176.83	0.67	7	1.18
84	115.96	22.94	10	1.85
85	119.19	88.04	8	0.72
Period: 6
Tasks:6
id	x	y	end	c
27	135.07	78.05	7	41.37
28	88.81	38.38	6	62.63
29	29.04	58.94	6	81.98
30	180.59	168.68	7	105.89
31	186.69	162.19	7	106.69
32	106.79	62.3	8	38.31
Drivers: 21
id	x	y	end	sensitivity
86	115.03	133.56	9	0.6
87	60.84	150.99	9	1.25
88	97.75	193.64	7	1.23
89	186.54	198.83	9	1.24
90	149.13	16.18	12	1.98
91	101.69	135.6	9	1.55
92	70.5	40.45	7	1.02
93	185.15	79.29	10	0.78
94	15.89	81.38	13	1.09
95	19.14	140.72	8	0.92
96	92.64	67.4	8	1.39
97	151.01	67.02	8	1.25
98	86.92	20.49	8	1.56
99	114.27	38.32	8	1.02
100	121.69	132.66	7	1.2
101	30.33	37.95	8	1.75
102	22.91	96.48	9	1.88
103	115.73	133.19	8	0.78
104	83.04	160.31	13	1.82
105	123.5	24.35	10	1.69
106	60.99	108.64	6	1.63
Period: 7
Tasks:4
id	x	y	end	c
33	193.45	83.06	9	94.97
34	79.62	166.76	9	69.8
35	3.78	187.41	11	130
36	197.63	172.21	8	121.43
Drivers: 15
id	x	y	end	sensitivity
107	27.09	12.52	10	1.49
108	104.39	151.54	9	1.41
109	191.88	118.54	14	1.99
110	160.64	61.83	9	0.64
111	166.02	190.58	9	0.83
112	18.11	124.95	11	1.03
113	119.33	20.39	13	1.19
114	53.31	28.18	10	1.75
115	76.91	97.94	9	1.85
116	55.33	59.97	10	0.78
117	118.43	16.48	8	1.58
118	9.11	49.01	13	1.02
119	159.47	121.08	10	0.53
120	156.46	101.58	15	1.12
121	1.25	73.76	9	1.42
Period: 8
Tasks:6
id	x	y	end	c
37	198.54	165.51	9	118.33
38	178.91	47.23	11	94.93
39	164.24	110.42	9	65.08
40	77.94	116.96	9	27.83
41	106.7	186.09	10	86.35
42	123.33	71.51	8	36.82
Drivers: 14
id	x	y	end	sensitivity
122	189.69	127.96	8	1.24
123	79.39	14.14	10	1.48
124	31.93	160.18	13	1.58
125	178.84	58.6	10	1.36
126	143.28	155.28	10	1.68
127	49.23	116.55	11	0.65
128	163.88	21.52	10	1.78
129	5.36	38.67	8	1.49
130	115.06	132.67	12	0.63
131	130.69	81.15	9	0.54
132	139.4	51.5	12	0.6
133	174.73	195.86	11	1.62
134	183.8	65.06	10	1.94
135	33.64	154.71	9	0.68
Period: 9
Tasks:4
id	x	y	end	c
43	31.46	90.71	10	69.17
44	140.48	78.27	9	45.94
45	126.03	159.84	10	65.26
46	133.77	137.54	9	50.49
Drivers: 18
id	x	y	end	sensitivity
136	22.35	169.99	13	0.72
137	83.62	27.42	12	1.21
138	197.6	127.95	14	1.97
139	165.98	151.95	12	1.86
140	114.42	61.23	13	1.36
141	28.52	45.37	10	1.22
142	108.67	71.64	12	1.34
143	79.08	196.37	11	0.87
144	47.02	95.68	11	1.66
145	119.19	102.64	10	1.95
146	70.27	30.46	12	1.7
147	3.44	148.98	9	1.62
148	110.58	27.71	11	1.47
149	21.85	192.8	12	1.36
150	103.3	89.76	16	1.31
151	4.37	9.64	11	1.2
152	169.82	197.37	14	1.77
153	164.87	152.44	9	0.88
Period: 10
Tasks:3
id	x	y	end	c
47	116.02	87.52	10	20.31
48	144.33	97.82	13	44.38
49	112.66	197.39	10	98.21
Drivers: 17
id	x	y	end	sensitivity
154	38.74	37.92	14	1.93
155	0.82	191	13	1.45
156	111.79	49.75	17	1.03
157	103.63	154.09	14	1.53
158	174.22	50.65	11	1.59
159	124.62	2.88	13	1.15
160	156.09	140.93	16	1.86
161	187.96	27.41	11	1.45
162	140.36	8.8	11	0.74
163	70.62	160.74	12	0.72
164	111.18	97.31	12	0.67
165	42.34	66.85	11	1.28
166	47.6	152.01	13	0.94
167	39.25	186.4	13	0.57
168	148.79	46.15	13	0.92
169	80.24	112.69	11	1.55
170	0.17	75.47	11	0.96
Period: 11
Tasks:5
id	x	y	end	c
50	56.93	58.77	11	59.62
51	84.15	20.45	14	81.11
52	159.16	99.48	12	59.16
53	153.1	177.94	12	94.31
54	170.4	114.11	11	71.8
Drivers: 14
id	x	y	end	sensitivity
171	177.53	41.57	17	1.28
172	168.45	63.57	14	1.09
173	183.6	91.59	11	1.66
174	111.22	127.06	14	1.19
175	26.92	118.53	15	0.98
176	138.63	196.56	13	0.89
177	42.25	53.58	14	0.72
178	10.29	157.66	14	1.44
179	11.72	19.49	17	0.64
180	184.71	87.34	17	0.53
181	195.47	93.96	15	1.48
182	181.47	162.22	11	1.9
183	167.37	148.38	16	1.47
184	181.58	3.46	15	1.81
Period: 12
Tasks:5
id	x	y	end	c
55	26.91	39.05	12	95.17
56	159.96	171.42	16	93.25
57	47.64	86.62	13	54.04
58	151.36	115.92	13	53.77
59	26.34	64.12	13	81.93
Drivers: 13
id	x	y	end	sensitivity
185	29.23	18.57	16	1.62
186	71.45	61.67	15	0.83
187	99.07	112.81	13	1.87
188	49.81	141	14	1.36
189	78.79	118.02	15	1.8
190	16.16	16.9	14	0.82
191	113.84	160.5	18	0.64
192	98.75	107.64	12	0.64
193	28.26	130.13	17	0.98
194	172.44	1.29	15	0.91
195	118.77	173.8	15	1.16
196	119.99	135.18	13	0.91
197	178.27	73.57	12	1.03
Period: 13
Tasks:7
id	x	y	end	c
60	51.05	10.4	15	102.1
61	192.48	123.03	15	95.3
62	71.77	22.28	18	82.69
63	80.75	195.51	14	97.43
64	167.17	113.45	13	68.5
65	83.19	143.27	13	46.42
66	126.88	96.25	13	27.14
Drivers: 14
id	x	y	end	sensitivity
198	25.26	39.74	16	0.58
199	69	22.15	16	1.48
200	66.22	161	16	1.63
201	83.03	112.41	15	1.32
202	42.56	88.98	19	1.35
203	188.08	109.24	19	0.95
204	138.48	66.63	18	1.57
205	101.97	167.67	17	1.06
206	73.62	81.54	16	1.1
207	58.09	22.45	16	1.06
208	31.12	161.75	16	1.72
209	153.99	196.62	14	1.81
210	60.78	59.1	16	1.32
211	198.46	97.35	17	1.52
Period: 14
Tasks:5
id	x	y	end	c
67	148.13	155.95	14	73.8
68	134.99	67.48	17	47.77
69	25.3	30.07	14	102.32
70	103.17	187.35	15	87.41
71	142.21	95.93	14	42.41
Drivers: 12
id	x	y	end	sensitivity
212	68.25	85.76	18	1.78
213	40.39	167.61	16	0.61
214	58.08	93.13	17	1.65
215	48.87	189.91	17	0.99
216	110.14	84.79	17	1.55
217	122.85	197.06	18	0.89
218	156.4	37.25	18	1.87
219	192.91	156.86	17	1.62
220	150.73	108.26	16	1.7
221	143.71	181.12	16	1.31
222	154.25	24.49	16	1.93
223	92.8	157.63	20	0.9
Period: 15
Tasks:7
id	x	y	end	c
72	139.96	50.48	16	63.63
73	117.1	195.15	16	96.67
74	21.39	188.17	16	118.12
75	145.6	163.22	15	77.95
76	72.03	188.73	17	93.03
77	72.31	133.82	15	43.71
78	32.98	56.37	18	79.97
Drivers: 13
id	x	y	end	sensitivity
224	184.9	79.46	17	0.63
225	132.38	180.14	20	1.96
226	177.92	66.62	17	1.26
227	113.02	120.43	19	1.1
228	64.97	172.82	15	1.02
229	106.54	52.52	15	1.21
230	98.36	153.52	19	1.5
231	60.49	151.33	17	1.15
232	159.48	155.59	18	0.8
233	88.28	82.5	19	0.83
234	162.5	38.98	16	1.65
235	132.46	67.33	20	1.29
236	195.82	164.84	19	1.01
Period: 16
Tasks:3
id	x	y	end	c
79	166.42	136.14	16	75.62
80	49.75	37.71	18	80.03
81	110.09	24.58	16	76.09
Drivers: 15
id	x	y	end	sensitivity
237	109.47	164.73	18	0.5
238	12.41	49.33	18	0.64
239	39.07	160.77	16	0.72
240	113.49	0.84	19	1.88
241	94.85	19.86	20	0.58
242	96.52	130.59	19	0.58
243	179.9	69.7	18	1.76
244	70.04	130.25	20	0.67
245	26.7	21.65	18	1.97
246	46.36	11.89	19	0.75
247	97.61	89.9	19	1.62
248	20.16	188.26	22	1.01
249	143.64	149.64	19	1.47
250	136.76	20.46	19	0.93
251	22.55	100.95	18	1.96
Period: 17
Tasks:2
id	x	y	end	c
82	190.77	174.42	17	117.38
83	130.06	26.62	19	79.3
Drivers: 21
id	x	y	end	sensitivity
252	147.25	107.49	20	1.5
253	46.49	72.83	20	1.69
254	39.25	159.75	19	1.76
255	179.4	135.68	20	0.8
256	185.31	108.02	20	1.67
257	17.75	134.08	22	1.99
258	38.22	67.33	20	1.05
259	170.51	124.19	19	0.71
260	144.43	27.2	20	0.85
261	137.97	5.72	18	1.57
262	59.71	9.27	18	0.98
263	156.63	83.47	20	1.93
264	114.11	184.86	18	1.25
265	186.66	179.29	18	1.01
266	164.31	127.98	20	0.59
267	140.77	136.92	19	1.44
268	36.4	92.22	17	1.17
269	27.82	195.76	19	1.15
270	98.87	56.45	20	0.97
271	104.01	138.58	19	0.77
272	23.69	77.36	19	0.56
Period: 18
Tasks:4
id	x	y	end	c
84	25.17	101.74	19	74.85
85	6.05	39.01	18	112.01
86	38.65	130.09	18	68.33
87	192.81	101.31	19	92.82
Drivers: 13
id	x	y	end	sensitivity
273	25.93	13.4	22	1.21
274	183.95	79.46	22	1.93
275	62.47	140.01	20	1.97
276	181.69	3.34	23	1.07
277	72.18	92.86	24	0.6
278	23.09	39.22	21	0.66
279	99.84	173.07	18	1.55
280	22.21	180.85	21	1.43
281	189.47	75.11	22	0.94
282	45.45	63.14	21	1.47
283	127.11	170.05	20	1.61
284	60.49	57.89	21	1.44
285	110.52	109.36	21	0.76
Period: 19
Tasks:5
id	x	y	end	c
88	123.99	158.21	22	62.96
89	71.87	139.78	19	48.72
90	54.53	7.89	21	102.72
91	4.09	97.83	20	95.93
92	11.66	168.85	19	112
Drivers: 18
id	x	y	end	sensitivity
286	31.41	98.13	22	1.74
287	130.5	110.96	23	1.7
288	41.44	115.26	23	1
289	37.52	84.07	22	1.17
290	29.58	164.83	22	1.1
291	35.4	90.79	22	1.97
292	32.6	128.37	22	0.71
293	128.54	84.39	22	1.91
294	14.93	128.7	22	0.6
295	40.34	1.48	21	1.36
296	128.08	91.2	25	0.93
297	130.3	93.29	21	1.07
298	99.06	142.99	20	1.72
299	12.05	156.43	23	1.34
300	36.17	113.79	20	1.65
301	50.91	188.67	22	1.44
302	117.27	35.94	22	1.38
303	149.25	21.78	19	1.4
Period: 20
Tasks:4
id	x	y	end	c
93	51.75	183.64	21	96.56
94	91.79	46.76	22	53.87
95	149.21	64.63	22	60.6
96	28.93	172.07	21	101.22
Drivers: 23
id	x	y	end	sensitivity
304	20.49	104.66	24	1.39
305	76.62	99.9	26	1.48
306	51.81	152.35	24	1.41
307	110.44	165.69	25	1.27
308	135.06	169.85	22	1.58
309	112.79	122	23	1.5
310	137.2	0.98	22	1.45
311	48.49	77.01	22	1.97
312	163.49	51.69	26	0.67
313	85.84	28.23	24	1.94
314	120.24	105.21	22	1.05
315	172.36	183.96	25	1.38
316	6.48	96.41	22	1.34
317	3.88	130.42	24	1.57
318	94.4	50.93	21	1.77
319	3.8	144.65	22	0.61
320	181.52	191.47	23	0.98
321	1.54	23.45	24	0.83
322	52.04	137.23	24	0.67
323	3.74	100.28	25	0.6
324	3.66	167.42	20	1.87
325	41.23	28.41	25	1.21
326	132.91	187.49	22	1.13
Period: 21
Tasks:9
id	x	y	end	c
97	121.24	78.06	24	30.54
98	56.26	34.57	21	78.7
99	86.58	70.46	22	32.45
100	79.66	38.36	21	64.91
101	68.16	45.29	23	63.3
102	148.11	142.22	22	64.01
103	143.87	138.17	22	58.15
104	194.35	123.71	21	97.28
105	6.69	17.75	22	124.39
Drivers: 17
id	x	y	end	sensitivity
327	164.71	128.99	22	1.63
328	77.35	144.94	25	1.81
329	169.2	7.09	24	1.04
330	49.74	162.67	22	0.65
331	149.97	175.28	26	1.62
332	130.7	122.97	27	1.76
333	34.19	195.76	25	1.53
334	173.98	22.26	24	1.21
335	39.86	176.51	24	0.93
336	51.98	99.77	23	0.67
337	117.32	120.26	23	1.63
338	110.83	27.53	22	1.09
339	119.65	137.04	22	1.92
340	164.53	91.99	27	1.12
341	6.17	108.05	25	1.67
342	74.4	179.15	25	0.83
343	142.54	196.67	24	0.82
Period: 22
Tasks:4
id	x	y	end	c
106	79.11	135.35	22	41.06
107	2.91	129.19	22	101.38
108	13.81	105.78	22	86.38
109	163.03	186.25	25	106.83
Drivers: 12
id	x	y	end	sensitivity
344	103.1	34.54	27	2
345	80.44	16.42	24	1.99
346	132.75	87.44	25	0.83
347	22.78	197.09	24	1.41
348	141.27	144.52	25	0.56
349	146.09	168.97	25	0.71
350	86.38	195.64	22	1.03
351	150.57	100.25	26	1.75
352	180.17	146.64	23	0.78
353	91.18	175.13	26	0.99
354	124.69	57.9	26	1.32
355	27.51	17.82	23	1.98
Period: 23
Tasks:5
id	x	y	end	c
110	86.23	91.41	23	16.23
111	191.26	187.42	24	126.38
112	104.59	182.26	23	82.39
113	39.92	45.15	25	81.35
114	83.06	49.44	24	53.32
Drivers: 19
id	x	y	end	sensitivity
356	131.31	178.25	26	0.85
357	48.79	156.91	26	1.17
358	180.67	145.9	23	1.62
359	155.58	182.93	24	1.93
360	74.35	5.04	26	0.84
361	38.17	124.56	29	1.28
362	75.66	194.2	25	0.78
363	120.4	44.24	24	1.87
364	149.51	34.86	26	1.68
365	198.05	190.57	24	1.07
366	190.16	21.72	27	0.95
367	117.48	33.93	29	0.51
368	101.29	84.35	25	1.71
369	21.57	114.36	28	1.76
370	19.46	29.12	26	0.7
371	11.35	136.91	29	0.9
372	43.63	158.02	28	1.55
373	62.98	150.72	24	1.31
374	177.46	10.61	25	1.57
Period: 24
Tasks:6
id	x	y	end	c
115	198.81	106.86	26	99.05
116	162.27	69.91	24	69.16
117	172.82	138.49	24	82.37
118	91.33	12.18	24	88.25
119	43.92	172.23	25	91.44
120	84.27	186.12	24	87.54
Drivers: 16
id	x	y	end	sensitivity
375	55.7	169.07	29	1.58
376	54.75	70.41	26	0.55
377	31.16	107.29	25	1.37
378	118.68	80.16	29	1.28
379	139.51	156.54	32	1.19
380	119.52	80.88	35	1.92
381	52.39	125.91	25	1.79
382	42.59	50.88	28	0.72
383	106.94	135.87	26	1.98
384	165.96	42.32	30	0.57
385	3	115.72	26	1.11
386	39.7	54.56	31	0.5
387	102.47	103.29	25	1.99
388	197.79	190.01	27	0.86
389	60.15	114.68	28	0.87
390	153.52	141.09	28	1.79
Period: 25
Tasks:3
id	x	y	end	c
121	119.51	90.96	28	21.5
122	175.32	95.24	26	75.47
123	16.21	6.88	26	125.27
Drivers: 17
id	x	y	end	sensitivity
391	59.27	142.12	26	1.59
392	158.65	154.22	27	1.12
393	138.91	30.42	28	1.54
394	72.8	196.81	27	0.81
395	190.47	1.72	25	1.39
396	81.11	149.58	29	0.88
397	178.95	40.11	28	1.43
398	157.85	16.34	31	1.26
399	181.2	175.82	31	1.8
400	130.27	146.43	27	0.94
401	184.2	95.43	28	1.61
402	51.55	130.42	28	1.57
403	181.57	100.69	29	1.3
404	183.55	132.31	27	0.51
405	76.58	30.15	25	1.74
406	56.89	159.64	29	0.85
407	156.25	46.46	30	1.41
Period: 26
Tasks:5
id	x	y	end	c
124	111.96	107.17	26	13.94
125	78.53	166.68	26	70.05
126	30.06	80.88	27	72.51
127	6.24	0.58	28	136.66
128	177.18	90.29	28	77.79
Drivers: 21
id	x	y	end	sensitivity
408	2.2	97.92	29	1.38
409	168.14	78.35	31	0.97
410	194.99	161.28	29	0.52
411	8.82	12.18	30	0.52
412	25.98	48.37	31	1.63
413	155.49	161.34	28	1.66
414	2.75	31.93	30	0.59
415	70.47	155.12	29	1.2
416	79.35	189.14	27	1.38
417	183.84	3.04	30	1.02
418	185.84	195.79	29	1.47
419	189.54	141.55	26	1.33
420	52.75	109.16	32	1.62
421	167.64	88.25	26	1.37
422	179.38	144.33	26	0.59
423	168.34	183.07	28	1.25
424	67.5	170.3	29	1.01
425	18.05	190.44	28	1.61
426	44.08	141.63	30	0.82
427	81.94	80.82	27	1.68
428	61.82	72.61	30	1.94
Period: 27
Tasks:8
id	x	y	end	c
129	192.31	128.09	27	96.49
130	127.48	70.22	28	40.52
131	92.24	190.44	27	90.77
132	64.26	67.05	28	48.61
133	5.77	193.9	29	133.03
134	148.3	90.7	28	49.19
135	57.79	184.53	27	94.48
136	43.98	56.06	28	71.2
Drivers: 15
id	x	y	end	sensitivity
429	70.56	112.33	30	1.29
430	127.82	88.92	28	1.26
431	62.12	132	27	1.69
432	135.44	124.85	27	1.1
433	83.83	189.47	30	0.61
434	164.71	69.66	31	1.69
435	26.02	133.5	32	1.09
436	15.32	47.25	32	1.53
437	117.37	21.09	29	0.82
438	1.49	110.55	28	0.87
439	10.27	197.47	31	1.76
440	41.02	131.82	29	0.89
441	76.67	173.6	32	1.13
442	13.12	110.39	29	1.45
443	38.73	22.49	33	0.87
Period: 28
Tasks:11
id	x	y	end	c
137	78.95	198.66	29	100.88
138	139.81	31.15	28	79.53
139	195.86	41.13	29	112.49
140	126.41	22.83	28	81.56
141	167.21	78.5	31	70.57
142	68.56	34.42	28	72.73
143	13.24	193.48	30	127.54
144	148.06	52.74	28	67.4
145	11.04	4.24	30	130.71
146	67.57	102.62	32	32.54
147	51.54	136.61	29	60.73
Drivers: 14
id	x	y	end	sensitivity
444	162.04	160.46	29	1.65
445	112.35	80.44	33	1.01
446	156.97	81.83	30	0.92
447	134.98	15.34	31	1.14
448	140.54	53.74	29	0.63
449	100.96	138.52	30	0.7
450	133.45	117.61	29	1.59
451	125.85	20.46	29	1.73
452	64.37	172.86	32	1.76
453	1.05	198.22	31	1.44
454	195.88	148.62	35	0.99
455	137.41	161.22	29	1.11
456	77.67	151.66	30	0.71
457	34.65	8.03	33	0.75
Period: 29
Tasks:4
id	x	y	end	c
148	51.94	152.6	30	71.25
149	179.57	34.97	29	102.76
150	29.24	174.37	30	102.65
151	162.8	29.26	30	94.59
Drivers: 18
id	x	y	end	sensitivity
458	43.24	75.57	34	0.94
459	186.87	87.27	33	1.66
460	124.04	195.46	31	1
461	53.82	29.59	32	0.62
462	82.07	27.83	32	1.9
463	132.46	91.64	32	0.54
464	169.25	146.43	30	0.79
465	76.02	115.74	33	0.62
466	80.42	97.23	30	0.54
467	144.01	25.75	30	1.5
468	101.41	110.65	29	1.99
469	158.65	88.97	33	0.64
470	53.52	15.93	33	1.43
471	191.75	179.14	30	0.76
472	193.86	8.28	32	1.36
473	33.62	27.29	34	1.57
474	102.46	172.37	32	1.6
475	7.86	173.88	32	1.38
Period: 30
Tasks:2
id	x	y	end	c
152	182.93	95.69	31	83.04
153	165.8	141.69	33	77.9
Drivers: 23
id	x	y	end	sensitivity
476	109.08	152.67	32	1.84
477	41.04	58.52	33	0.62
478	187.93	180.8	33	0.6
479	66.14	117.89	32	1.16
480	151.89	109.36	32	1.33
481	145.12	137.68	35	0.95
482	173.15	69.54	35	1.8
483	28.81	188.09	34	1.16
484	191.23	73.56	31	1.11
485	187.59	77.45	33	1.73
486	42.55	26.47	31	1.1
487	23.98	38.15	34	0.59
488	195.77	76.79	32	0.51
489	76.27	126.99	32	1.89
490	7.01	75.33	34	1.06
491	126.12	166.97	32	1.95
492	55.78	171.42	35	1.86
493	57.2	46.81	35	1.37
494	111.61	115.44	32	0.95
495	175.66	187.41	31	1.74
496	114.01	120.7	31	1.13
497	39.07	162.45	32	1.47
498	83.86	110.45	33	1.18
Period: 31
Tasks:8
id	x	y	end	c
154	141.91	81.77	31	45.7
155	26.35	177.86	31	107.18
156	93.27	75.18	31	25.72
157	194.76	171.46	32	118.68
158	146.29	119.99	31	50.42
159	149.35	184.19	32	97.59
160	117.68	2.78	32	98.81
161	172.72	174.74	33	104.28
Drivers: 10
id	x	y	end	sensitivity
499	6.55	106.87	33	1.18
500	12.53	143.95	33	0.67
501	35.24	198.96	34	1.15
502	40.95	180.33	34	1.47
503	9.33	54.63	36	1.91
504	15.36	133.97	34	1.01
505	45.66	103.63	32	0.67
506	132.84	141.77	32	1.88
507	20.45	22.29	32	1.96
508	78.85	89.03	34	1.21
Period: 32
Tasks:7
id	x	y	end	c
162	136.26	26.51	32	81.95
163	177.89	42.21	33	96.99
164	195.13	6.17	33	133.62
165	110.36	73.44	33	28.51
166	147.75	127.66	32	55.18
167	180.09	182	33	114.62
168	159.84	173.16	32	94.52
Drivers: 17
id	x	y	end	sensitivity
509	88.3	52.41	36	0.87
510	83.12	167.99	39	1.87
511	132.41	75.34	33	1.99
512	157.44	119.44	36	0.61
513	29.84	194.01	34	1.36
514	152.8	133.42	35	1.86
515	175.02	49.74	36	1.73
516	60.36	0.92	36	0.67
517	175.43	3.99	34	0.87
518	124.68	56.55	32	0.62
519	188.83	78.33	34	1.58
520	83.74	80.93	33	1.97
521	190.37	93.03	34	0.88
522	118.25	192.31	35	0.81
523	148.65	62.32	37	0.97
524	104.78	199.35	34	1.44
525	124.51	11.21	36	0.68
Period: 33
Tasks:7
id	x	y	end	c
169	20.25	105.45	33	79.94
170	22.64	99.76	33	77.36
171	26.33	14.46	33	112.89
172	172.13	136.5	33	80.84
173	198.71	72.97	34	102.34
174	185.98	66.25	34	92.37
175	181.36	152.47	35	96.81
Drivers: 17
id	x	y	end	sensitivity
526	4.05	0.29	35	1.26
527	171.8	76.17	35	1.33
528	44.88	111.92	36	1.35
529	0.26	28.16	34	0.79
530	147.68	8.34	35	1.12
531	197.43	33.29	39	1.98
532	116.66	68.74	33	1.77
533	158.08	40.45	33	0.65
534	20.61	16.38	36	0.53
535	66.92	116.56	37	1.87
536	179.22	194.85	37	0.82
537	196.33	172.39	34	0.72
538	174.83	44.48	36	1.12
539	167.1	76.64	36	0.99
540	118.96	56.56	34	1.36
541	61.17	192	37	0.83
542	171.33	14.59	34	1.56
Period: 34
Tasks:5
id	x	y	end	c
176	187.2	76.56	34	90.3
177	57.61	23.21	34	87.71
178	0.24	191.73	37	135.52
179	148.71	89.91	34	49.74
180	121.6	178.23	35	81.16
Drivers: 22
id	x	y	end	sensitivity
543	103.13	34.17	37	0.51
544	149.52	188.59	36	1.24
545	49.51	148.07	37	0.87
546	152.35	15.11	37	1.44
547	43.85	45.27	35	1.11
548	188.1	0.72	37	1.76
549	119.36	145.2	37	1.11
550	188.72	13.49	38	0.99
551	130.08	146.53	38	1.41
552	47.9	39.28	35	1.22
553	146.1	123.71	34	0.67
554	136.37	85.38	38	1.07
555	137.09	105.89	40	1.84
556	197.47	189.85	37	0.73
557	124.11	64.88	36	1.86
558	170.98	142.39	35	1.33
559	53.53	175.31	35	1.9
560	187.22	70	38	1
561	19.37	38.61	38	1.9
562	197.47	1.35	36	1.09
563	92.9	64.96	39	0.56
564	97.02	158.46	38	1.9
Period: 35
Tasks:7
id	x	y	end	c
181	119.68	37.53	36	65.5
182	80.55	138.84	37	43.44
183	125.5	100.2	37	25.5
184	77.43	172.35	36	75.79
185	65.97	144.12	38	55.72
186	72.77	192.85	36	96.76
187	70.26	115.22	37	33.41
Drivers: 14
id	x	y	end	sensitivity
565	32.75	105.25	37	0.8
566	13.29	109.46	43	1.44
567	154.33	76	38	1.28
568	121.42	159.15	36	1.95
569	160.18	4.47	42	1.62
570	192.17	100.46	36	1.87
571	66.31	162.73	36	1.77
572	131.66	89.9	39	1.78
573	99.39	90.55	35	1.49
574	130.12	158.08	38	1.79
575	157.23	42.3	37	1.01
576	28.98	40.88	40	0.63
577	125.86	85.36	36	1.81
578	11.49	116.14	36	0.77
Period: 36
Tasks:6
id	x	y	end	c
188	156.76	40.82	36	82
189	34.19	176.57	37	100.96
190	116.05	16.36	37	85.17
191	94.3	30.3	38	69.93
192	129.8	141.72	36	51.27
193	199.8	41.21	37	115.83
Drivers: 13
id	x	y	end	sensitivity
579	90.88	171.7	39	1.93
580	54.52	161.06	39	1.72
581	167.73	62.03	39	1.49
582	144.25	118.85	39	1.92
583	121.94	122.54	40	1.93
584	114.69	126.07	38	0.55
585	191.68	124.25	37	0.51
586	41.36	123.34	40	0.62
587	136.94	154.83	41	1.41
588	82.62	193.18	39	1.47
589	126.24	79.12	41	0.92
590	194.21	127.38	38	1.43
591	5.86	116.86	44	1.37
Period: 37
Tasks:8
id	x	y	end	c
194	149.49	172.06	37	87.42
195	6	48.52	38	107.17
196	96.96	89.24	39	11.18
197	185.62	186.8	38	121.92
198	175.79	98.02	40	75.82
199	139.11	89.88	38	40.4
200	21.23	184.74	38	115.7
201	77.72	34.8	37	68.9
Drivers: 23
id	x	y	end	sensitivity
592	1.1	25.72	43	1.03
593	197.52	44.95	40	0.74
594	153.12	112.83	40	0.64
595	6.31	80.46	40	0.98
596	154.07	25.52	38	1.62
597	193.19	121.19	39	0.88
598	13.3	180.47	42	1.26
599	55.34	152.31	38	1.95
600	117.73	93.17	37	1.41
601	93.43	188.83	39	1.9
602	139.89	38.18	40	1.38
603	21.01	60.38	38	1.79
604	189.8	131.44	43	0.79
605	164.7	86.34	37	1.96
606	77.42	83.96	39	1.96
607	122.09	178.66	44	0.75
608	81.28	74.69	40	0.82
609	155.23	97.38	39	0.59
610	99.75	60.99	37	1.7
611	54.36	136.03	41	1.79
612	3.22	108.94	37	0.65
613	50.46	113.07	38	0.67
614	57.62	160.78	41	1.55
Period: 38
Tasks:9
id	x	y	end	c
202	75.78	114.43	38	28.19
203	195.89	199.48	40	138.17
204	20.29	95.1	38	79.86
205	111.44	27.48	40	73.42
206	80.45	169.68	39	72.37
207	66.92	2.29	40	103.16
208	177.42	43.82	40	95.66
209	193.77	155.52	39	108.97
210	174.41	115.32	40	75.97
Drivers: 16
id	x	y	end	sensitivity
615	187.49	124.86	40	1.16
616	176.43	125.56	41	0.76
617	87.15	145.5	40	0.74
618	63.73	0.41	41	1.3
619	121.97	69.82	41	1.33
620	96.87	186.66	38	1.17
621	53.42	140.54	40	1.54
622	119.11	71.8	39	1.94
623	112.13	170.75	40	1.81
624	12.63	59.74	40	1.37
625	121.69	73.77	40	0.71
626	198.43	179.68	44	0.57
627	86.65	139.41	41	1.12
628	180.85	190.23	40	1.63
629	123.43	143.54	41	1.18
630	154.79	29.17	39	1.92
Period: 39
Tasks:4
id	x	y	end	c
211	41.72	9.63	43	107.53
212	78.18	45.8	41	58.43
213	50.97	11.51	40	101.17
214	164.49	174.7	39	98.69
Drivers: 7
id	x	y	end	sensitivity
631	139.31	189.46	41	1.15
632	60.07	89.77	42	0.83
633	109.82	191.13	41	1.88
634	171.84	143.35	45	1.13
635	139.03	169.37	43	1.7
636	137.9	68.84	40	1.56
637	146.76	184.34	41	1.19
Period: 40
Tasks:9
id	x	y	end	c
215	107.7	91.56	40	11.42
216	194.69	172.34	41	119.16
217	146.15	10.76	41	100.47
218	131.63	180.16	41	86.17
219	88	185.17	42	86.01
220	8.73	94.78	41	91.42
221	187.11	32.04	41	110.48
222	127.39	10.44	41	93.65
223	86.1	88.24	41	18.21
Drivers: 17
id	x	y	end	sensitivity
638	2.53	72.04	44	1.35
639	44.21	16.81	43	1.05
640	85.91	25.93	41	0.79
641	78.68	90.71	45	1.67
642	33.44	162.66	43	1.77
643	193.88	4.88	43	0.75
644	125.28	16.96	45	0.78
645	79.14	177.99	46	1.26
646	147.71	151.42	42	0.61
647	196.18	132.96	45	1.04
648	36.48	40.86	42	0.57
649	22.11	13.94	44	1.45
650	44.31	42	41	1.09
651	27.77	34.42	44	0.83
652	35.51	131.03	44	1.51
653	197.25	197.98	42	1.82
654	165.51	92.82	45	1.75
Period: 41
Tasks:3
id	x	y	end	c
224	196.04	8.42	42	132.7
225	99.83	107.05	43	7.05
226	2.1	155.4	41	112.49
Drivers: 10
id	x	y	end	sensitivity
655	56.15	126.31	45	1.59
656	130.83	178.26	43	1.96
657	152.04	127.3	42	1.67
658	187.14	123.42	44	1.6
659	104.05	160.39	42	0.86
660	138.66	56.62	45	1.79
661	158.89	90.66	43	0.88
662	56.44	21.97	46	1.33
663	26.3	110.05	43	0.85
664	7.38	5.28	44	1.98
Period: 42
Tasks:4
id	x	y	end	c
227	106.4	163.45	42	63.77
228	198.32	113.68	42	99.27
229	197.43	117.22	43	98.94
230	16.27	193.44	43	125.47
Drivers: 19
id	x	y	end	sensitivity
665	132.76	73.85	43	1.3
666	31	135.6	45	0.61
667	33.9	43.69	44	0.5
668	159.88	59.8	42	1.92
669	169.37	38.07	42	1.69
670	183.71	10.47	44	0.52
671	12.32	77.81	42	0.71
672	39.36	112.14	45	1.58
673	121.29	183.15	44	1.69
674	86.93	49.95	45	1.41
675	91.58	144.94	45	1.9
676	124.41	12.16	43	1.57
677	43.84	71.82	44	0.79
678	63.15	90.53	43	0.79
679	151.93	64.03	43	1.6
680	41.37	108.46	45	0.76
681	69.55	174.02	46	1.3
682	197.84	149.91	44	1.58
683	80.36	156.04	46	1.24
Period: 43
Tasks:7
id	x	y	end	c
231	71.56	143.01	45	51.56
232	177.46	65.43	43	84.82
233	83.05	115.13	45	22.72
234	83.22	47.41	44	55.2
235	181.02	65.58	43	88.03
236	130.79	9.17	43	95.91
237	0.29	63.59	45	106.15
Drivers: 15
id	x	y	end	sensitivity
684	10.21	19.48	46	0.77
685	8.03	152.49	51	0.52
686	158.7	121.81	46	0.59
687	130.42	125.97	47	1.29
688	146.95	26.14	48	1.54
689	97.5	112.49	49	0.61
690	82.87	165	48	1.87
691	96.59	125.81	47	1.65
692	199.92	27.93	50	0.86
693	112.44	95.92	45	0.87
694	74.3	74	45	1.87
695	194.31	37.18	46	0.7
696	125.62	116.92	44	1.99
697	156.07	103.83	46	1.59
698	122.34	16.3	50	0.63
Period: 44
Tasks:5
id	x	y	end	c
238	129.6	83.91	44	33.69
239	116.67	23.49	47	78.3
240	36.05	142.91	44	77.01
241	30.67	174.43	46	101.72
242	198.85	135.56	46	105.05
Drivers: 12
id	x	y	end	sensitivity
699	95.83	113.82	46	0.68
700	64.84	74.47	50	0.66
701	173.24	163.73	46	1.62
702	142.47	167.03	47	0.58
703	179.02	180.19	46	1.52
704	112.02	142.72	47	1.16
705	176.18	166.52	48	1.82
706	99.82	183.84	52	1.55
707	62.18	35.48	46	1.97
708	161.41	18.57	47	0.55
709	177.55	1.74	47	0.54
710	121.23	21.49	47	1.62
Period: 45
Tasks:4
id	x	y	end	c
243	26.61	53.83	46	86.71
244	10.49	58.94	45	98.48
245	190.9	186.32	45	125.36
246	66.28	14.75	45	91.68
Drivers: 14
id	x	y	end	sensitivity
711	78.08	155.22	53	0.65
712	137.93	86.83	49	1.07
713	69.11	134.96	48	0.91
714	167.03	64.34	48	1.4
715	51.27	162.36	49	1.18
716	54.04	130.93	47	0.65
717	39.33	40.29	46	1.7
718	91.19	149.3	48	1.14
719	41.12	51.81	50	1.72
720	40.65	95.88	46	1.67
721	92.85	21.45	47	1.92
722	193.75	74.31	49	0.59
723	44.17	98.89	47	0.79
724	81.98	157.94	48	1.08
Period: 46
Tasks:6
id	x	y	end	c
247	112.28	165.16	47	66.31
248	101.29	183.6	46	83.61
249	111.72	98.57	47	11.81
250	8.68	61.59	46	99.07
251	87.97	84.35	48	19.74
252	67.44	121.34	46	38.93
Drivers: 24
id	x	y	end	sensitivity
725	111.46	110.64	51	1.36
726	168.96	192.46	47	0.76
727	179.8	30.29	51	1.52
728	155.24	25.21	51	0.56
729	154.18	121.13	52	1.07
730	102.78	121.1	51	0.89
731	6.93	91.54	46	1.54
732	100.54	93.73	47	1.84
733	57.1	194.46	49	0.71
734	70.98	181.13	49	1.12
735	106.08	59.41	51	0.62
736	81.44	48.94	50	1.83
737	104.5	44.2	53	0.54
738	138.85	66.31	48	1.69
739	97.98	150.32	48	1.9
740	82.55	65.54	49	1.73
741	128.01	41.76	48	1.21
742	17.97	103.95	50	0.9
743	79.51	84.62	48	1.9
744	109.82	161.06	48	1.98
745	180.47	25.78	46	0.59
746	48.2	157.27	48	1.29
747	175.18	26.91	48	1.6
748	32.42	188.9	48	1.31
Period: 47
Tasks:4
id	x	y	end	c
253	197.59	52.48	48	108.54
254	171.13	168.59	47	98.81
255	62.18	14.29	48	93.68
256	5.55	57.41	49	103.61
Drivers: 21
id	x	y	end	sensitivity
749	172.05	82.58	54	1.03
750	39.22	93.55	49	1.34
751	60.57	185.03	49	1.24
752	80.1	190.44	51	1.91
753	71.91	145.03	51	0.5
754	37.03	50.43	50	1.45
755	96.07	108.86	50	0.94
756	176.03	195.83	50	1.99
757	113.49	105.07	49	0.67
758	83.98	115.05	51	1.98
759	119.72	154.21	48	0.62
760	131.76	47.11	52	0.97
761	133.83	124.08	51	0.77
762	41.85	41.59	50	0.64
763	59.42	26.43	52	1.85
764	102.43	137.33	50	1.26
765	12.38	80.35	49	0.54
766	135.89	115.44	49	1.84
767	58.15	104.19	50	1.88
768	157.33	121.61	48	1.47
769	86.31	32.3	47	0.94
Period: 48
Tasks:4
id	x	y	end	c
257	53.82	102.27	48	46.24
258	60.26	129.73	49	49.63
259	109.28	136.61	50	37.77
260	104.86	56.97	49	43.3
Drivers: 17
id	x	y	end	sensitivity
770	168.39	90.85	54	0.59
771	192.61	2.18	50	1.83
772	63.64	14.14	55	1.93
773	95.42	72.03	48	0.7
774	99.75	119.64	49	0.96
775	76.33	102.97	51	1.16
776	147.53	140	49	0.61
777	33.79	39.31	51	1.45
778	26.84	61.31	51	0.98
779	32.58	111.16	49	0.51
780	93.38	140.57	49	1.36
781	150.02	98.68	51	1.6
782	12.14	181.21	53	1.08
783	171.3	64.16	50	1.9
784	43.83	32.18	50	0.92
785	92	118.34	51	1.27
786	136.15	52.96	51	1.83
Period: 49
Tasks:4
id	x	y	end	c
261	170.48	38.73	49	93.39
262	93.64	74.62	49	26.16
263	191.6	9.76	50	128.58
264	168.33	71.75	50	73.94
Drivers: 14
id	x	y	end	sensitivity
787	132.42	150.12	53	1.19
788	59.31	123.8	56	1.83
789	190.85	79.29	50	1.13
790	30.25	120.32	55	0.79
791	70.21	115.85	54	1.3
792	126.67	124.04	53	0.83
793	82.39	196.47	56	1.5
794	139.48	131.76	54	0.72
795	173.22	31.48	56	1.07
796	188.9	42.52	52	1.76
797	134.54	170.44	50	0.51
798	133.73	56.71	53	1.14
799	168.68	100.42	50	0.76
800	136.6	4.83	54	1.14
Period: 50
Tasks:4
id	x	y	end	c
265	159.17	123.25	51	63.57
266	189.38	168.44	52	112.57
267	148.7	6.76	50	105.19
268	6.94	120.31	50	95.25
Drivers: 14
id	x	y	end	sensitivity
801	51.66	193.09	53	1.21
802	79.44	105.5	54	0.61
803	108.87	169.45	53	0.63
804	198.66	27.5	52	0.91
805	140.23	154.06	52	1.11
806	40.82	167.04	54	1.44
807	193.6	122.24	51	0.78
808	48.93	32.69	52	0.82
809	43.04	185.26	52	1.55
810	111.1	58.29	50	1.32
811	188.97	177.04	53	1.81
812	109.14	190.99	53	0.65
813	71.11	50.83	55	0.79
814	165.88	119.46	56	1.54
Period: 51
Tasks:2
id	x	y	end	c
269	55.73	107.21	53	44.85
270	195.57	2.32	52	136.66
Drivers: 11
id	x	y	end	sensitivity
815	25.16	104.81	55	1.06
816	135.77	68.16	54	1.58
817	113.31	174.1	52	0.52
818	171.87	198.11	56	1.07
819	6.87	106.23	53	1.3
820	154.41	73.45	55	0.58
821	101.99	173.89	53	1.26
822	117.36	9.38	54	0.76
823	172.05	146.29	54	1.81
824	184.22	21.08	55	2
825	161.09	78.25	53	0.61
Period: 52
Tasks:9
id	x	y	end	c
271	134.96	131.01	52	46.73
272	14.18	192.93	53	126.5
273	192.29	159.05	53	109.56
274	62.36	1.27	52	105.66
275	49.95	51.89	52	69.42
276	56.27	86.5	54	45.77
277	98.82	22.09	53	77.92
278	117.62	5.28	53	96.34
279	140.3	95.93	53	40.5
Drivers: 12
id	x	y	end	sensitivity
826	69.27	56.08	56	0.54
827	38.57	37.09	58	0.95
828	152.15	49.81	58	1.68
829	33.72	91.05	53	0.62
830	180.6	111.75	56	1.24
831	78.3	37.3	55	1.47
832	32.56	187.79	53	0.89
833	45.89	96.48	55	1.74
834	177.73	164.31	53	1.39
835	111.68	162.13	56	1.96
836	186.49	49	58	0.55
837	173.57	97.91	54	1.74
Period: 53
Tasks:6
id	x	y	end	c
280	127.1	7.67	53	96.22
281	147.86	76.56	53	53.29
282	151.32	8.16	54	105.21
283	5.76	149.7	53	106.54
284	155.12	187.6	53	103.5
285	14.6	78.48	55	88.07
Drivers: 10
id	x	y	end	sensitivity
838	65.85	89.55	55	1.27
839	75.57	134.05	56	1.43
840	120.48	69.2	56	0.95
841	64.14	137.15	56	1.72
842	126.23	78.2	56	1.42
843	25.1	88.64	54	1.4
844	179.71	143.11	56	1.37
845	24.59	127.14	58	0.69
846	114.17	179.75	55	1.84
847	142.16	75.47	56	1.47
Period: 54
Tasks:4
id	x	y	end	c
286	68.46	20.37	55	85.65
287	24.42	30.26	56	102.84
288	52.74	169.89	54	84.37
289	109.57	119.53	56	21.75
Drivers: 13
id	x	y	end	sensitivity
848	55.75	116.41	55	1.42
849	183.92	101.32	55	0.86
850	48.85	131.8	58	1.6
851	144.07	150.35	56	1.89
852	60.71	89.07	55	1.72
853	150.12	39.7	57	1.48
854	135.19	37.43	59	1.53
855	93.09	124.01	61	0.9
856	12.39	61.54	56	1.3
857	13.39	141.31	55	1.77
858	83.38	13.72	56	0.8
859	19.6	118.12	56	1.21
860	125.15	101.18	55	1.43
Period: 55
Tasks:6
id	x	y	end	c
290	0.57	41.67	56	115.28
291	4.77	107.28	55	95.51
292	11.55	34.96	57	109.79
293	11.51	189.88	57	126.13
294	141.78	190.07	55	99.29
295	79.1	124.02	55	31.84
Drivers: 10
id	x	y	end	sensitivity
861	23.66	168.78	57	0.68
862	187.76	105.95	60	0.57
863	191.43	19.52	59	1.26
864	52.13	191.41	58	0.8
865	92.62	17.32	60	0.9
866	194.35	115.37	58	1.69
867	130.3	31.07	65	0.53
868	164.99	180.38	59	0.91
869	127.37	139.24	57	1.42
870	188.71	98.89	57	1.85
Period: 56
Tasks:4
id	x	y	end	c
296	22.04	122.57	56	81.16
297	175.68	55.05	58	88.02
298	62.14	11.67	59	96.1
299	141.72	135.95	57	55.07
Drivers: 16
id	x	y	end	sensitivity
871	73.54	131.35	59	0.97
872	29.66	152.51	57	1.93
873	60.1	183.54	59	0.66
874	114.29	48.29	59	0.67
875	122.68	143.07	60	0.52
876	149.13	161.45	59	0.61
877	147.98	87.39	60	1.98
878	167.89	106.1	59	1.06
879	190.2	64.55	57	1.75
880	118.84	43.38	58	1.25
881	83.79	27.45	63	0.92
882	48.45	43.26	58	1.47
883	8.39	62.34	58	1.62
884	23.37	47.15	60	0.65
885	53.49	150.61	59	1.49
886	30.77	98.77	61	1.9
Period: 57
Tasks:2
id	x	y	end	c
300	196.9	74.19	59	100.28
301	82.48	73.39	60	31.86
Drivers: 18
id	x	y	end	sensitivity
887	39.7	134.93	62	1.96
888	67.82	138.51	59	0.69
889	147.78	12.37	62	1.31
890	107.66	165.13	58	0.67
891	66.91	133.2	57	0.66
892	53.48	42.23	60	1.1
893	183.2	90.21	57	1.99
894	188.01	197.66	60	1.62
895	116.05	23.21	60	1.7
896	28.73	78.03	58	1.81
897	58.62	159.65	60	1.42
898	38.47	40.76	61	1.16
899	44.92	12.23	61	0.89
900	162.68	84.36	59	1.31
901	176.36	166.41	60	1.49
902	31.68	106.57	59	1.61
903	69.4	157.72	59	1.36
904	185.31	9.07	60	1.64
Period: 58
Tasks:7
id	x	y	end	c
302	32.79	115.84	59	69.05
303	45.52	95.56	58	54.66
304	128.73	84.47	59	32.66
305	126.44	65.26	58	43.66
306	138.88	2.87	61	104.62
307	163.14	74.68	58	68.03
308	173.79	175.3	59	105.43
Drivers: 14
id	x	y	end	sensitivity
905	184.66	4.92	60	1.03
906	95.47	156.99	61	1.83
907	21.37	166.64	62	1.78
908	124.2	190.19	62	1.61
909	124.4	102.84	62	0.9
910	165.65	163.98	59	1.46
911	129.98	186.43	61	0.79
912	30.18	121.92	61	1.82
913	121.53	68.93	60	0.96
914	24.48	139.45	61	0.62
915	28.52	190.93	61	1.06
916	163.46	113.47	59	1.71
917	82.92	33.31	61	1.98
918	124.85	172.79	61	0.88
Period: 59
Tasks:6
id	x	y	end	c
309	117.5	64.29	59	39.77
310	13.39	128.13	59	91.06
311	110.36	115.2	61	18.39
312	47.91	179.78	59	95.28
313	72.1	75.16	59	37.36
314	199.65	140.31	59	107.49
Drivers: 13
id	x	y	end	sensitivity
919	152.81	120.41	68	1.56
920	152.74	70.99	62	0.66
921	160.44	6.92	62	1.53
922	99.42	107.52	62	1.98
923	77.94	182.95	61	0.71
924	131.32	188.94	61	0.65
925	153.13	114.24	62	0.57
926	142.37	76.35	64	1.41
927	109.32	30.13	63	1.75
928	90.61	8.91	62	1.1
929	161.9	103.34	64	1.39
930	1.7	124.7	63	1.94
931	157.38	56	61	1.16
Period: 60
Tasks:5
id	x	y	end	c
315	71.38	95.98	61	28.9
316	30.26	112.96	60	70.93
317	18.47	42.47	60	99.78
318	49.91	165.93	60	82.8
319	9.68	48.7	60	103.87
Drivers: 14
id	x	y	end	sensitivity
932	50.15	5.77	63	0.68
933	30.86	58.48	62	0.52
934	42.64	170.06	66	1.91
935	193.53	43.21	65	0.72
936	163.81	81.56	62	1.13
937	76.84	9.12	62	1.74
938	105.73	6.03	64	0.54
939	53.71	193.81	64	1.64
940	141.1	150.21	63	1.7
941	78.42	148.99	63	0.71
942	82.19	11.97	62	1.83
943	16.76	133.18	63	1.44
944	138.72	26	62	0.77
945	75.63	189.6	63	1.29
Period: 61
Tasks:2
id	x	y	end	c
320	64.08	190.26	63	97.14
321	80.48	2.89	62	99.05
Drivers: 14
id	x	y	end	sensitivity
946	148.21	37.72	66	0.53
947	140.53	108.91	65	1.27
948	56.21	169.73	67	1.41
949	179.1	76.1	62	1.82
950	195.85	19.95	64	0.83
951	71.1	186.11	64	0.86
952	42.58	191.81	65	1.06
953	46.49	76.94	61	1.22
954	156.14	21.76	65	1.06
955	72.4	176.01	65	1.99
956	140.43	158.84	65	1.23
957	152.75	98.5	62	1.9
958	93.07	63.87	61	1.21
959	5.89	106.92	61	1.35
Period: 62
Tasks:6
id	x	y	end	c
322	158.5	71.18	62	65.21
323	49.25	193.89	63	106.73
324	45.42	179.31	63	96.28
325	32.26	30.21	63	97.26
326	197.03	115.96	63	98.33
327	82.9	13.04	64	88.63
Drivers: 13
id	x	y	end	sensitivity
960	126.73	40.9	66	1.21
961	104.44	156.22	65	1.68
962	164.82	62.59	64	0.72
963	19.29	166.53	66	1.73
964	152.54	90.22	64	0.98
965	40.63	32.03	65	1.02
966	181.81	127.11	63	0.53
967	53.16	192.28	66	0.78
968	37.31	63.64	65	0.86
969	57.61	162.71	63	1.69
970	174	148.54	70	1.17
971	118.92	140.62	64	1.46
972	56.68	128.09	65	1.57
Period: 63
Tasks:7
id	x	y	end	c
328	32.65	189.41	64	111.94
329	114.24	53.4	64	48.73
330	96.44	164.93	64	65.03
331	48.38	149.04	65	71.2
332	199	23.76	65	124.95
333	195.28	16.75	64	126.53
334	14.2	123.02	64	88.83
Drivers: 12
id	x	y	end	sensitivity
973	15.71	18.88	68	1.24
974	14.47	113.12	64	1.47
975	130.69	4.92	68	1.57
976	24.04	44.21	70	1.25
977	191.27	47.2	66	1.29
978	164.99	82.86	65	1.88
979	150.58	183.22	65	0.82
980	77.5	16.42	65	0.64
981	177.28	46.84	65	0.99
982	34.43	29.11	65	1.79
983	110.71	84.9	65	1.6
984	121.79	61.36	67	0.99
Period: 64
Tasks:3
id	x	y	end	c
335	14.2	3.88	65	128.84
336	60.75	96.76	64	39.38
337	32.5	55.03	65	81.11
Drivers: 17
id	x	y	end	sensitivity
985	9.27	84.94	66	1.41
986	45	145.07	68	1.49
987	172.8	22.55	67	1.33
988	64.96	31.97	67	1.57
989	192.65	115.79	68	1.11
990	30.95	28.85	69	1.71
991	66.6	55.57	66	0.72
992	45.17	66.37	66	0.96
993	29.21	62.76	68	1.85
994	99.84	132.93	65	1
995	178.42	188.42	66	1.67
996	163.43	122.38	67	1.42
997	72.84	67.7	67	0.59
998	79.63	174.21	69	0.56
999	11.54	134.1	69	1.05
1000	180.55	0.32	68	1.81
1001	90.01	72.61	68	1.34
Period: 65
Tasks:5
id	x	y	end	c
338	130.22	120.24	65	36.37
339	114.7	198.25	66	99.34
340	130.32	88.51	65	32.42
341	101.26	134.49	67	34.51
342	21.25	64.8	66	86.26
Drivers: 11
id	x	y	end	sensitivity
1002	1.55	166.44	67	1.06
1003	2.05	178.16	69	1.65
1004	188.72	167.24	70	0.84
1005	43.01	126.87	69	2
1006	114.25	141.11	68	1.19
1007	126.56	23.25	66	1.74
1008	125.41	183.05	69	1.4
1009	178.23	122.65	68	0.84
1010	16.64	153.67	68	0.76
1011	54.99	11.75	70	0.9
1012	193.72	193.66	66	1.84
Period: 66
Tasks:2
id	x	y	end	c
343	76.7	127.53	66	36.07
344	6.88	33.5	66	114.43
Drivers: 15
id	x	y	end	sensitivity
1013	97.08	141.3	68	1.18
1014	194.86	30.31	71	0.82
1015	23.55	193.88	70	1.61
1016	44.28	114.58	72	0.79
1017	132.46	28.69	73	1.71
1018	151.47	162.68	67	1.9
1019	134.94	115.11	72	0.53
1020	93.36	1.7	69	0.84
1021	46.28	139.33	70	0.82
1022	184.72	78.33	71	1.91
1023	134.07	74.82	68	1.19
1024	172.81	83.88	67	1.65
1025	183.85	192.94	71	1.57
1026	101.08	71.35	70	1.89
1027	185.34	3.21	67	1.94
Period: 67
Tasks:6
id	x	y	end	c
345	197.4	4.38	67	136.49
346	30.41	18.25	67	107.36
347	32.68	92.13	67	67.78
348	69.97	162.91	67	69.71
349	46.24	10.68	67	104.25
350	158.26	134.27	68	67.59
Drivers: 16
id	x	y	end	sensitivity
1028	177.28	77.11	70	1.86
1029	93.38	120	67	1.53
1030	188.56	151.92	68	1.43
1031	56.93	149.85	70	0.82
1032	23.03	174.86	71	0.96
1033	151.56	183.26	70	0.78
1034	141.47	119.42	67	1.17
1035	141.42	56.43	71	1.14
1036	67.43	6.5	71	0.51
1037	76.02	160.1	69	1.14
1038	128.06	153.4	71	1.8
1039	90.07	99.17	68	1.52
1040	83.02	73.67	70	1.45
1041	174.04	127.03	71	1.43
1042	120.61	43.65	73	1.5
1043	174.27	118.7	74	0.51
Period: 68
Tasks:2
id	x	y	end	c
351	50.5	127.02	69	56.39
352	58.33	38.76	71	74.07
Drivers: 12
id	x	y	end	sensitivity
1044	188.57	149.01	70	1.94
1045	104.59	169.24	71	0.79
1046	20.61	130.6	70	0.52
1047	84.49	159.17	73	0.88
1048	65.04	132.47	72	1.27
1049	123.38	123.69	71	1.1
1050	170.22	136.99	74	1.25
1051	184.17	38.08	73	0.86
1052	68.03	124.11	72	1.98
1053	104.08	5.89	69	1.44
1054	140.99	74.02	71	1.05
1055	109.52	73.92	71	1.99
Period: 69
Tasks:2
id	x	y	end	c
353	59.41	53.13	70	62
354	166.64	61.43	70	77
Drivers: 11
id	x	y	end	sensitivity
1056	181.83	64.95	71	1.84
1057	2.53	140.53	70	1.06
1058	9.18	153.6	75	1.77
1059	36.87	198.78	73	1.46
1060	75.7	4.47	70	0.53
1061	93.6	111.72	70	1.13
1062	190.06	191.15	70	1.54
1063	35.35	115.13	71	0.74
1064	43.05	17.5	71	0.93
1065	46.46	165.09	70	1.32
1066	1.95	19.98	74	1.7
Period: 70
Tasks:2
id	x	y	end	c
355	100.42	132.53	72	32.53
356	53.83	92.28	71	46.81
Drivers: 13
id	x	y	end	sensitivity
1067	151.53	117.18	74	1
1068	12.04	176.64	70	1.72
1069	132.97	7.01	72	1.43
1070	48.4	185.58	73	1.78
1071	167.21	169	72	1.85
1072	29.95	171.25	76	1.27
1073	186.99	25.85	74	1.47
1074	199.66	45.2	74	1.39
1075	97.95	178.43	72	1.02
1076	136.36	183.11	71	1.09
1077	27.77	193.73	72	1.44
1078	16.95	32.49	75	1.56
1079	23.42	39.12	72	1.86
Period: 71
Tasks:5
id	x	y	end	c
357	17.47	178.84	71	114.14
358	155.19	144.21	72	70.71
359	84.04	80.84	72	24.94
360	166.33	145.82	73	80.62
361	195.07	165.51	72	115.46
Drivers: 11
id	x	y	end	sensitivity
1080	152.14	73.4	74	1.54
1081	46.55	142.37	71	0.55
1082	170.34	75.61	73	1.74
1083	2.18	150.81	74	1.2
1084	161.54	173.72	72	1.19
1085	0.04	0.78	71	1.41
1086	154.09	114.74	74	1.34
1087	97.69	120.01	73	1.49
1088	53.64	10.14	71	1.3
1089	104.76	53.55	73	1.23
1090	3.25	59.19	73	1.89
Period: 72
Tasks:5
id	x	y	end	c
362	36.14	78.64	73	67.34
363	118.85	169.49	72	72
364	42.88	114.43	73	58.91
365	153.8	94.43	72	54.09
366	10.2	28.23	73	114.96
Drivers: 17
id	x	y	end	sensitivity
1091	40.61	178.4	74	1.6
1092	93.73	76.78	76	1.04
1093	21.08	172.99	73	1.23
1094	30.84	185.89	72	0.71
1095	54.14	185.31	75	0.85
1096	145.32	184.69	74	0.53
1097	94.16	94.97	75	0.5
1098	1.94	13.23	76	1.85
1099	113.88	100.5	73	0.96
1100	138.02	157.84	78	1.12
1101	131.64	58.21	76	1.93
1102	149.89	59.33	74	1.74
1103	192.85	149.23	74	1.2
1104	62.49	62.47	73	0.81
1105	35.97	147.89	76	0.73
1106	187.08	33.88	78	1.19
1107	184.67	162.35	74	1.88
Period: 73
Tasks:7
id	x	y	end	c
367	156.89	60.53	73	69.24
368	67.64	57.34	73	53.54
369	154.95	130.67	73	62.93
370	182.86	179.37	74	114.74
371	145.96	71.57	76	54.04
372	47.42	33.11	73	85.08
373	13.95	124.91	76	89.58
Drivers: 16
id	x	y	end	sensitivity
1108	110.52	114.3	78	0.72
1109	105.64	174.5	75	1.01
1110	118.94	74.13	77	0.73
1111	81.46	71.63	77	1.85
1112	21.69	169.78	73	1.54
1113	148.53	165.07	74	1.54
1114	191.26	55.88	77	1.74
1115	144.1	116.31	74	0.98
1116	24.82	121.42	75	1.08
1117	198.12	9.45	76	1.17
1118	75.31	196.27	76	1.42
1119	33.1	128.47	76	1.16
1120	75.32	134.6	74	0.72
1121	38.15	1.33	77	0.65
1122	196.84	146.27	73	1.46
1123	130.22	103.71	78	1.79
Period: 74
Tasks:9
id	x	y	end	c
374	73.72	179.23	74	83.47
375	179.13	124.35	74	82.79
376	45.62	100.9	74	54.39
377	126.23	95.98	75	26.54
378	46.01	142.25	75	68.56
379	125.34	45.28	75	60.3
380	70.04	100.01	76	29.96
381	0.71	138.42	74	106.46
382	24.04	146.32	75	88.97
Drivers: 12
id	x	y	end	sensitivity
1124	159.68	69.32	80	0.59
1125	152.81	79.52	76	1.64
1126	84.24	5.2	77	0.51
1127	125.86	0.48	78	0.84
1128	24.36	14.08	80	1.8
1129	33.6	151.03	77	0.7
1130	64.05	193.42	74	1.07
1131	104.52	101.42	75	1.39
1132	86.39	150.29	76	1.41
1133	136.73	12.65	79	1.27
1134	79.81	89.21	78	0.58
1135	64.39	46.77	75	1.36
Period: 75
Tasks:6
id	x	y	end	c
383	68.57	29.73	76	76.98
384	197.47	135.02	76	103.57
385	56.19	157.54	75	72.32
386	172.94	120.04	76	75.64
387	175.62	187.54	76	115.68
388	159.37	38.56	75	85.44
Drivers: 14
id	x	y	end	sensitivity
1136	53.14	124.07	78	0.9
1137	147.88	153.84	80	1.06
1138	154.23	120.1	82	1.89
1139	189.55	43.04	76	1.9
1140	88.9	100.54	77	1.62
1141	168.5	118.56	78	0.5
1142	4.23	6.91	76	1.52
1143	96.8	51.08	76	1.95
1144	70.55	47.03	78	1.82
1145	154.87	179.37	80	0.64
1146	43.71	156.87	77	1.97
1147	170.03	0.71	80	1.82
1148	85.96	179.71	78	1.49
1149	187.49	89.53	80	0.59
Period: 76
Tasks:7
id	x	y	end	c
389	135.03	113.32	78	37.48
390	8.8	23.01	76	119.35
391	56.68	157.25	76	71.79
392	16.17	105.3	77	84
393	181.01	173.4	76	109.32
394	28.68	179.1	77	106.51
395	39.81	158.63	78	84.03
Drivers: 16
id	x	y	end	sensitivity
1150	66.92	7.81	80	1.93
1151	132.87	164.81	78	0.73
1152	137.11	153.37	79	0.68
1153	169.7	140.44	79	1.71
1154	45.71	149.85	80	1.1
1155	176.48	162.69	78	1.19
1156	82.62	136.92	82	0.78
1157	68.7	193.89	77	1.79
1158	117.36	24.33	79	1.23
1159	165.12	6.36	81	0.52
1160	100.08	150.78	78	0.59
1161	113.45	28.44	77	1.12
1162	68.31	150.97	77	1.68
1163	60.3	196.02	77	1.96
1164	135.9	89.77	78	0.55
1165	101.44	21.95	79	1.31
Period: 77
Tasks:5
id	x	y	end	c
396	177.38	161.92	79	99.1
397	48.44	3.91	79	109.05
398	104.64	14.6	80	85.53
399	153.47	146.88	78	71.11
400	67.71	56.48	78	54.19
Drivers: 15
id	x	y	end	sensitivity
1166	196.22	84.18	82	1.05
1167	114.14	37.5	79	1.07
1168	187.04	78.18	81	0.86
1169	32.49	145.81	81	1.21
1170	32.38	159.95	82	1.67
1171	191.92	182.55	77	1.24
1172	90.11	64.26	83	1.74
1173	19.62	84.18	78	1.85
1174	135.33	71.59	80	1.51
1175	186.01	17.35	80	1.66
1176	111.66	129.17	80	0.94
1177	178.95	101.41	82	0.66
1178	7.61	101.26	80	1.3
1179	138.71	185.62	78	1.94
1180	188.01	180.79	82	1.27
Period: 78
Tasks:4
id	x	y	end	c
401	92.8	91.62	79	11.05
402	167.86	43.1	82	88.56
403	33.99	77.41	79	69.77
404	116.92	7.69	80	93.85
Drivers: 17
id	x	y	end	sensitivity
1181	13.81	123.82	82	0.99
1182	151.63	192.58	84	1.8
1183	183.98	150.66	79	0.9
1184	85.92	138.08	81	0.57
1185	124.7	152.41	83	0.98
1186	86.02	18.98	78	1.96
1187	141.4	137.32	78	1.58
1188	139.73	133.99	81	1.65
1189	194.05	175.64	81	1.73
1190	35.34	125.76	80	0.87
1191	80.98	175.18	83	0.71
1192	62.44	65.79	86	0.66
1193	16.66	99.06	79	1.78
1194	14.1	48.15	81	1.7
1195	190.72	163.58	79	0.81
1196	195.34	34.67	80	1.54
1197	155.17	94.07	81	1.35
Period: 79
Tasks:5
id	x	y	end	c
405	15.65	138.77	80	92.83
406	39.59	109.45	82	61.14
407	173.87	71.18	81	79.29
408	104.85	47.44	80	52.78
409	8.27	41.82	80	108.62
Drivers: 16
id	x	y	end	sensitivity
1198	4.58	106.65	82	1.19
1199	76.88	115.81	84	1.78
1200	14.32	174.27	84	1.7
1201	89.87	0.94	85	0.85
1202	75.16	44.04	84	1.75
1203	148.1	36.86	83	1.06
1204	60.74	179.33	82	1.16
1205	138	154.55	81	0.66
1206	153.26	97.52	80	1.28
1207	157.78	29.28	81	0.95
1208	141.84	198.55	82	1.62
1209	49.13	118.7	82	1.41
1210	24.53	74.76	81	1.58
1211	174.58	80.73	82	1.54
1212	47.92	26.84	85	1.43
1213	197.98	177.35	84	0.84
Period: 80
Tasks:5
id	x	y	end	c
410	24.31	55.07	83	88.02
411	193.42	85.81	80	94.49
412	37.51	81.61	81	65.14
413	66.95	8.12	81	97.64
414	175.74	7.36	81	119.66
Drivers: 19
id	x	y	end	sensitivity
1214	141.35	120.88	81	1.08
1215	127.95	174.7	81	1.47
1216	198.27	162.44	84	1.09
1217	84.88	118.26	87	1.28
1218	47.98	38.8	83	1.68
1219	110.11	140.72	84	1.07
1220	82.79	79.43	82	1.6
1221	21.59	38.61	83	1.64
1222	61.51	160.06	82	1.41
1223	8.25	176.09	86	1.53
1224	143.71	36.35	83	0.79
1225	112.04	21.38	83	0.56
1226	22.35	149.2	80	1.23
1227	43.68	31.31	84	0.86
1228	122.77	39.66	82	1.03
1229	159.35	154.28	88	1.17
1230	197.02	67.41	83	1.96
1231	65.44	102.37	81	1.83
1232	70.66	76.98	82	0.59
Period: 81
Tasks:6
id	x	y	end	c
415	71.34	146.32	83	54.47
416	89.75	104.6	82	11.23
417	110.91	183.54	82	84.25
418	11.94	95.65	82	88.17
419	127.15	198.36	81	102.04
420	159.56	197.87	84	114.57
Drivers: 17
id	x	y	end	sensitivity
1233	184	144.96	82	0.89
1234	120.97	22.49	85	1.4
1235	195.13	26.56	82	1.59
1236	33.74	34.48	84	1.64
1237	39.11	89.43	85	1.23
1238	8.19	131.1	84	0.56
1239	10.46	3.68	83	1.62
1240	147.81	174.53	83	1.62
1241	97.44	193.6	83	0.75
1242	124.41	42.12	83	1.13
1243	76.5	9.99	83	1.76
1244	27.37	178.54	86	1.64
1245	163.96	59.04	83	0.51
1246	101.05	28.02	85	1.87
1247	93.96	108.66	86	1.31
1248	46.22	146.88	82	1.85
1249	153.69	132.55	83	0.55
Period: 82
Tasks:2
id	x	y	end	c
421	71.21	173.43	82	78.87
422	87.04	38.76	83	62.6
Drivers: 21
id	x	y	end	sensitivity
1250	60.85	139.72	86	0.94
1251	48.2	15.91	87	0.92
1252	48.76	148.56	86	1.11
1253	112.71	15.52	86	1.96
1254	146.19	108.89	83	1.19
1255	177.14	43.43	84	1.86
1256	143.41	169.78	84	1.78
1257	147.08	112.14	84	1.73
1258	52.62	51.36	86	0.58
1259	77.01	196.78	84	1.02
1260	45.76	87.36	83	1.52
1261	47.48	69.45	87	1.52
1262	195.4	178.71	83	0.66
1263	51.6	165.17	84	1.84
1264	67.74	104.47	84	1.58
1265	6.29	68.63	84	1.98
1266	57.09	21.91	83	1.08
1267	11.65	127.96	85	1.14
1268	146.98	121.75	84	1.66
1269	124.11	17.9	86	1.53
1270	14.71	33.29	84	1.89
Period: 83
Tasks:5
id	x	y	end	c
423	190.83	98.61	85	90.84
424	194.21	77.69	83	96.82
425	52.95	133.39	84	57.69
426	98.5	41.78	83	58.24
427	89.32	71.15	83	30.76
Drivers: 10
id	x	y	end	sensitivity
1271	22	93.76	84	0.59
1272	30.62	31.97	85	0.65
1273	171.99	187.61	87	1
1274	93.98	65.55	87	1.86
1275	161.67	127.67	87	1.02
1276	78.34	67.34	88	1.66
1277	47.01	117.76	84	0.54
1278	130.85	161.4	88	1.63
1279	151.8	60.9	83	0.62
1280	25.36	171.02	85	0.78
Period: 84
Tasks:2
id	x	y	end	c
428	24.39	174.21	84	105.94
429	15.52	50.14	86	98.1
Drivers: 15
id	x	y	end	sensitivity
1281	167.89	126.45	87	1.16
1282	15.98	9.76	86	1.89
1283	120.16	177.92	84	0.79
1284	122.37	96.42	88	1.12
1285	127.79	15.72	89	1.83
1286	121.47	125.28	88	1.22
1287	16.35	47.14	87	1.97
1288	182.68	148.24	88	0.72
1289	66.44	116.21	86	1.93
1290	84.91	190.81	90	1.87
1291	109.45	10.1	87	1.4
1292	108.34	4.98	85	0.78
1293	74.22	159.92	88	1.62
1294	82.57	21.49	88	0.86
1295	120.15	90.3	87	1.46
Period: 85
Tasks:9
id	x	y	end	c
430	61.25	22.07	87	87.03
431	18.34	123.51	85	84.98
432	47.84	137.27	85	64.11
433	66.6	40.3	85	68.41
434	177.31	131.82	85	83.6
435	64.88	90.49	86	36.38
436	101.34	97.22	85	3.09
437	137.19	159.69	87	70.33
438	91.34	153.54	85	54.24
Drivers: 17
id	x	y	end	sensitivity
1296	91.34	183.47	88	1.99
1297	88.7	165.81	86	1.83
1298	5.2	197.41	89	1.8
1299	46.61	178.86	89	0.69
1300	166.59	192.8	88	0.6
1301	145.41	60.17	87	1.18
1302	117.03	176.33	86	0.97
1303	39.48	20.64	88	1.58
1304	125.1	119.22	90	1.9
1305	144.36	14.43	89	1.51
1306	18.57	79.17	88	1.68
1307	124.51	78.2	89	0.87
1308	56.71	131.01	86	1.94
1309	170.78	70.48	89	1.18
1310	46.42	114.83	90	1.13
1311	157.75	24.59	89	1.77
1312	147.61	192.73	88	1.69
Period: 86
Tasks:9
id	x	y	end	c
439	68.63	8.38	87	96.84
440	89.14	132.5	86	34.27
441	190.32	69.86	86	95.22
442	50.71	43.76	86	74.78
443	136.99	29.96	87	79.21
444	124.41	6.16	87	96.96
445	199.05	153.01	88	112.34
446	175.61	32.7	86	101.22
447	72.28	0.63	87	103.16
Drivers: 9
id	x	y	end	sensitivity
1313	39.23	90.78	90	0.93
1314	122.24	9.17	90	1.98
1315	137.74	0.3	87	0.67
1316	166.22	22.94	90	0.54
1317	131.08	51.67	86	0.84
1318	50.85	148.01	90	0.77
1319	3.22	94.39	89	0.66
1320	162.3	131.96	93	0.94
1321	159.94	113.62	88	1.93
Period: 87
Tasks:4
id	x	y	end	c
448	136.17	1.58	87	104.86
449	14.87	93.86	89	85.35
450	74.81	91.5	88	26.59
451	67.75	16.15	88	89.84
Drivers: 18
id	x	y	end	sensitivity
1322	79.11	156.79	90	0.81
1323	97.02	20.85	90	0.69
1324	26.57	135.02	91	0.65
1325	112.82	63.34	91	0.6
1326	152.65	196.91	89	1.46
1327	33.73	195.34	91	0.61
1328	67.51	137.2	88	0.98
1329	78.55	80.41	89	1.51
1330	152.23	126.68	87	1.78
1331	101.01	143.1	89	1.02
1332	134.72	139.21	91	0.84
1333	173.3	165.88	91	1.46
1334	69.22	190.33	87	0.56
1335	7.27	49.2	91	1.18
1336	91.57	126.06	90	1.44
1337	88.93	97.72	87	1.57
1338	15.9	12.09	89	1.92
1339	21.68	11.67	90	1.5
Period: 88
Tasks:6
id	x	y	end	c
452	8.88	152.35	89	105.09
453	45.15	29.63	90	89.22
454	182.1	36	88	104.1
455	16.32	94.04	88	83.89
456	168.69	106.62	90	69.01
457	7.69	12.53	89	127.17
Drivers: 13
id	x	y	end	sensitivity
1340	197.77	45.74	91	1.74
1341	41.64	91.48	91	1.68
1342	175.11	169.12	89	1.52
1343	85.73	31.07	95	1.29
1344	159.13	93.29	90	1.78
1345	145.05	10.55	90	1.1
1346	33.28	27.87	93	1.4
1347	99.36	57.41	89	1.8
1348	115.66	103.12	90	0.5
1349	157.25	193.09	90	1.12
1350	28.82	103.52	89	1.76
1351	33	93.27	92	1.96
1352	98.28	167.09	93	1.52
Period: 89
Tasks:4
id	x	y	end	c
458	30.3	154.82	91	88.68
459	158.2	3.94	89	112.32
460	11.2	77.06	90	91.72
461	78.53	36.57	90	66.97
Drivers: 22
id	x	y	end	sensitivity
1353	121.98	98.66	94	1.77
1354	152.48	140.32	90	1.31
1355	80.68	186.48	93	1.27
1356	95.66	133.97	92	1.47
1357	133.62	39.35	94	0.6
1358	169.15	29.55	90	1.57
1359	7.34	93.87	91	1.2
1360	168.28	68.01	92	1.24
1361	57.58	93.62	92	0.9
1362	124.89	1.46	89	0.52
1363	25.55	24.35	91	0.53
1364	120	193.67	92	1.62
1365	10.56	119.39	91	1.45
1366	68.23	12.56	93	0.81
1367	187.66	135.05	90	1.43
1368	15.24	1.85	94	1.09
1369	54.3	58.32	91	1.33
1370	63.94	74.35	93	1.04
1371	62.43	156.76	92	0.77
1372	21.25	69.57	95	0.57
1373	177.93	43.85	90	1.77
1374	136.9	15.67	90	0.81
Period: 90
Tasks:6
id	x	y	end	c
462	120.29	103.21	93	20.54
463	133.2	179.99	90	86.61
464	59.33	28.19	91	82.53
465	0.57	12.01	91	132.77
466	39.56	105.63	91	60.7
467	196.66	22.36	91	123.98
Drivers: 16
id	x	y	end	sensitivity
1375	71.86	190.72	94	1.07
1376	141.09	122.64	90	0.88
1377	194.42	75.57	91	1.78
1378	64.72	171.53	92	1.7
1379	101.11	11.93	96	1.72
1380	170.24	22.32	94	0.86
1381	3.96	48.45	92	1.25
1382	129.27	168.4	91	1.73
1383	136.65	10.55	91	1.34
1384	114.65	127.05	94	1.93
1385	147.59	4.45	94	1.47
1386	64.87	31.96	96	1.54
1387	153.58	101.37	94	1.34
1388	58.14	95.64	93	0.95
1389	6.29	59.54	93	0.75
1390	67.52	30.9	93	0.94
Period: 91
Tasks:5
id	x	y	end	c
468	3.13	90.32	92	97.35
469	195.94	145.13	91	106.02
470	19.19	173.18	93	109.02
471	14.33	188.18	93	122.94
472	113.32	111.82	93	17.81
Drivers: 20
id	x	y	end	sensitivity
1391	153.37	111.68	94	1.94
1392	115.54	160.84	94	1.91
1393	68.36	151.29	92	1.83
1394	92.63	87.06	93	0.87
1395	103.63	127	94	1.24
1396	84.41	185.49	91	1.99
1397	76.92	173.43	94	1.79
1398	7.26	76.76	93	1.62
1399	24.18	144.88	96	1.38
1400	156.72	155.67	95	1.02
1401	58.4	104.98	93	1.41
1402	49.06	34.06	92	1.85
1403	37.26	188.31	92	1.29
1404	50.29	120.75	95	0.66
1405	153.97	60.08	91	0.66
1406	87.64	7.98	95	0.96
1407	17.39	113.17	95	0.91
1408	54.12	32.71	93	0.62
1409	27.73	76.73	95	0.86
1410	32.92	4.13	92	1.81
Period: 92
Tasks:4
id	x	y	end	c
473	46.69	134.21	93	63.34
474	181.5	124.3	93	85.05
475	168.65	98.93	96	68.66
476	16.28	139.3	94	92.49
Drivers: 18
id	x	y	end	sensitivity
1411	145.93	109.62	95	1.65
1412	131.96	50.17	95	1.62
1413	114.39	127.6	94	1.21
1414	158.77	76.61	98	0.66
1415	0.85	183.53	98	1.53
1416	37.75	186.03	95	0.8
1417	133.39	87.83	94	0.86
1418	83.7	161.85	95	1.06
1419	130.84	129.02	95	0.53
1420	3.52	191.41	92	1.23
1421	45.4	80.9	94	1.5
1422	37.68	11.65	95	0.9
1423	112.4	68.15	95	1.51
1424	99.77	98.31	94	0.88
1425	19.61	87.66	95	1.36
1426	68.21	142.62	95	1.89
1427	195.47	20.08	95	1.23
1428	40.47	125.5	95	0.98
Period: 93
Tasks:7
id	x	y	end	c
477	103.3	86.87	96	13.54
478	108.41	165.65	93	66.19
479	103.04	21.45	97	78.61
480	82.45	112.69	93	21.66
481	17.61	28.61	93	109.02
482	101.93	136.38	93	36.43
483	166.11	49.73	94	83.05
Drivers: 11
id	x	y	end	sensitivity
1429	103.85	27.61	95	1.98
1430	91.54	189.68	98	1.53
1431	192.14	43.76	96	0.79
1432	163.2	144.38	96	0.93
1433	176.99	178.52	96	0.61
1434	122.78	50.15	96	1.47
1435	108.57	193.14	94	1.83
1436	128.16	142.93	98	1.38
1437	31.65	134.14	95	0.77
1438	116.99	1.19	96	1.27
1439	19.98	148.21	95	1.1
Period: 94
Tasks:7
id	x	y	end	c
484	60.61	107.97	94	40.19
485	44.05	183.04	94	100.13
486	146.29	84.71	94	48.75
487	140.05	115.43	95	42.92
488	181.73	14.07	95	118.59
489	27.35	53.9	96	86.04
490	148.65	116.98	94	51.53
Drivers: 15
id	x	y	end	sensitivity
1440	0.81	15.42	97	1.94
1441	17.85	9.46	96	1.53
1442	177.37	116.42	98	1.32
1443	181.03	92.46	98	1.46
1444	139.68	113.01	95	1.81
1445	179.7	118.07	98	0.7
1446	3.91	117.74	96	0.69
1447	195.1	107.07	100	0.89
1448	104.02	97.58	99	1.68
1449	170.28	19.24	98	0.95
1450	44.79	140.45	97	0.6
1451	25.74	136.55	94	0.75
1452	119.85	124.61	97	1.23
1453	62.92	23.53	97	1.35
1454	131.79	70.4	94	1.25
Period: 95
Tasks:4
id	x	y	end	c
491	168.55	74.88	98	73.01
492	143.31	22.43	95	88.84
493	155.73	89.91	96	56.64
494	113.15	152.04	97	53.68
Drivers: 12
id	x	y	end	sensitivity
1455	53.61	185.61	101	1.66
1456	136.31	106.42	97	1.04
1457	104.89	122.88	96	1.35
1458	153.41	180.03	103	2
1459	50.17	155.74	101	1.28
1460	181.64	51.44	100	1.58
1461	141.82	119.97	100	0.94
1462	127.75	100.96	99	0.67
1463	103.23	127.97	99	0.84
1464	15.17	167.88	98	1.01
1465	166.47	28.51	96	1.41
1466	95.2	107.3	98	1.9
Period: 96
Tasks:12
id	x	y	end	c
495	149.16	101.59	96	49.19
496	31.06	170.84	96	98.85
497	144.7	197.63	96	107.38
498	184.87	125.85	96	88.72
499	193.57	135.2	98	99.97
500	136.3	47.71	97	63.65
501	64.95	127.87	98	44.78
502	97.78	151.09	97	51.14
503	36.96	149.51	97	80.16
504	130.49	190.62	97	95.61
505	189.36	110.59	97	89.99
506	64.11	179.02	98	86.79
Drivers: 14
id	x	y	end	sensitivity
1467	12.92	39.45	99	1.48
1468	136.61	123.08	99	1.15
1469	31.15	57.96	101	1.88
1470	170.32	50.8	99	1.88
1471	61.66	37.06	96	1.13
1472	161.33	26.15	99	0.87
1473	88.21	155.04	96	0.78
1474	133.63	44.94	98	0.78
1475	194.61	122.02	101	0.64
1476	196.8	18.57	98	1.38
1477	38.21	25.69	100	1.73
1478	160.73	81.13	100	0.8
1479	140.04	33.72	100	0.6
1480	74.7	179.78	98	1.69
Period: 97
Tasks:4
id	x	y	end	c
507	190.33	40.66	98	108.08
508	176.13	60.68	99	85.68
509	77.03	82.23	99	29.04
510	99.51	134.66	98	34.66
Drivers: 11
id	x	y	end	sensitivity
1481	51.21	73.71	100	0.67
1482	61.21	67.13	100	1.48
1483	174.31	101.94	101	1.95
1484	3.58	103.89	97	1.68
1485	67.74	63.88	98	1.66
1486	44.4	109.64	98	0.93
1487	7.35	56.41	100	1.44
1488	92.8	48.96	99	1.87
1489	165.56	199.98	103	1.99
1490	30.39	128.72	101	0.73
1491	68.94	19.11	101	0.51
Period: 98
Tasks:6
id	x	y	end	c
511	100.14	42.86	99	57.14
512	71.3	146.88	98	54.97
513	46.82	186.41	99	101.46
514	3.67	115.72	98	97.6
515	64.05	92.26	99	36.77
516	31.79	131.21	99	75.01
Drivers: 16
id	x	y	end	sensitivity
1492	135.36	10.77	99	0.69
1493	24.25	110.94	99	1.65
1494	70.68	41.1	99	1.56
1495	165.97	180.41	98	0.59
1496	54.2	108.71	98	1.05
1497	13.61	55.3	102	0.91
1498	119.09	7.62	101	1.56
1499	147.33	117.44	102	1.31
1500	181.54	86.8	100	1.96
1501	103.55	147.94	102	1.5
1502	58.52	164.82	101	0.84
1503	154.13	156.11	102	1.61
1504	144.01	72.07	98	1.42
1505	29.15	195.35	100	1.53
1506	114.42	2.34	99	1.39
1507	32.31	165	102	0.95
Period: 99
Tasks:11
id	x	y	end	c
517	95.12	165	101	65.18
518	80.95	72.43	100	33.51
519	152.57	132.64	99	61.88
520	128.82	197.7	101	101.86
521	154.63	12.32	100	103.31
522	9.43	192.78	99	129.66
523	119.15	79.81	100	27.83
524	67.22	41.51	100	67.05
525	189.43	136.8	99	96.71
526	141.7	157.6	101	71.11
527	74.86	87.62	99	28.02
Drivers: 16
id	x	y	end	sensitivity
1508	111.86	50.24	102	0.66
1509	0.01	65.04	106	0.7
1510	148.18	154.85	102	1.52
1511	93.22	170.99	100	1.04
1512	39.57	120.61	102	1.03
1513	67.23	134.82	102	0.58
1514	149.58	14.6	104	1.39
1515	113.01	117.1	103	1.3
1516	78.33	26.04	101	1.97
1517	117.1	183.05	101	1.58
1518	9.1	105.18	105	1.35
1519	173.52	195.3	103	1.79
1520	15.24	35.96	101	0.62
1521	118.35	165.57	101	1.84
1522	16.03	8.32	103	1.35
1523	70.76	8.97	105	0.77
Period: 100
Tasks:5
id	x	y	end	c
528	57.57	26.5	101	84.87
529	82.77	98.76	102	17.27
530	49.18	166.52	101	83.71
531	72.11	23.67	101	81.27
532	2.1	10.7	102	132.51
Drivers: 13
id	x	y	end	sensitivity
1524	89.17	50.7	103	1.96
1525	174.1	193.98	101	1.4
1526	117.84	62.59	105	0.92
1527	56.08	22.5	106	1.62
1528	138.58	136.14	102	1.02
1529	153.43	32.47	102	1.83
1530	77.27	72.66	105	0.86
1531	89.57	149.52	106	1.58
1532	5.06	1.22	103	0.57
1533	126.48	119.56	100	0.91
1534	92.83	11.89	101	1.85
1535	121.12	104.14	106	1.88
1536	86.03	49.86	104	1.15
