Periods: 100
Task Arrival Rate: 5
Task Average Time: 3
Driver Arrival Rate: 15
Driver Average Time: 1
Period: 1
Tasks:3
id	x	y	end	c
1	0.97	93.61	3	99.24
2	135.22	175.09	6	82.94
3	29.74	36.18	5	94.92
Drivers: 11
id	x	y	end	sensitivity
1	112.31	68.97	3	1.71
2	106.2	127.08	3	1.42
3	184.69	86.42	2	1.88
4	39.29	173.12	2	1.12
5	9.3	35.1	1	1.6
6	156.45	199.54	2	0.73
7	42.96	111.89	3	0.84
8	75.26	96.17	1	1.62
9	152.5	158.16	1	0.63
10	179.78	120.09	5	1.32
11	199.39	141.82	3	1
Period: 2
Tasks:6
id	x	y	end	c
4	187.85	130.48	3	92.99
5	150.74	190.37	6	103.64
6	6.23	161.44	2	112.11
7	160.82	144.99	9	75.65
8	88.65	44.34	4	56.81
9	134.36	151.88	6	62.23
Drivers: 14
id	x	y	end	sensitivity
12	23.77	103.08	4	0.52
13	168.17	95.05	2	1.4
14	120.48	13.75	2	1.11
15	197.05	35.91	3	0.56
16	81.73	67.81	4	0.7
17	86.79	178.18	5	0.53
18	160.04	186.87	2	1.29
19	56.73	24.81	3	1.36
20	166.83	130.04	3	0.8
21	127.47	133.31	5	0.73
22	184.73	147.53	3	1.65
23	19.12	147.42	3	1.98
24	14.78	182.06	3	0.66
25	3.64	0.08	3	1.74
Period: 3
Tasks:9
id	x	y	end	c
10	121.3	179.57	3	82.37
11	134.58	46.94	7	63.33
12	48.85	143.3	6	67.02
13	174.68	53.4	4	88.03
14	91.3	105.6	5	10.35
15	5.59	34.42	5	114.95
16	136.5	196.82	7	103.47
17	85.25	98.87	10	14.79
18	136.21	123.18	4	42.99
Drivers: 19
id	x	y	end	sensitivity
26	83.23	148.93	4	1.32
27	55.01	20.98	5	1.23
28	130.39	180.66	4	1.41
29	59.06	21.1	4	1.78
30	187.98	22.48	3	1.03
31	160.38	109.67	3	1.67
32	198.66	103.5	4	1.43
33	62.83	8.89	3	1.75
34	189.28	181.82	4	1.32
35	100.99	87.2	4	1.26
36	158.91	96.34	4	0.72
37	116.64	86.35	3	1.5
38	38.29	111.75	4	0.76
39	155.17	67.71	3	1.53
40	174.21	81.34	3	1.91
41	81.94	168.85	4	0.99
42	117.19	196.44	3	1.53
43	1.01	126.69	5	1.8
44	17.84	197.9	3	1.52
Period: 4
Tasks:6
id	x	y	end	c
19	54.1	184.24	6	95.93
20	188.49	7.43	10	128.06
21	106	136.87	10	37.36
22	83.23	95.35	6	17.4
23	122.67	58.32	10	47.45
24	189.87	190.65	7	127.65
Drivers: 20
id	x	y	end	sensitivity
45	143.68	142.44	4	0.89
46	106.32	44.2	5	0.84
47	45.99	163.62	4	0.58
48	128.12	56.69	6	1.5
49	53.95	13.96	4	1.01
50	151.07	165.49	4	1.84
51	119.28	176.46	5	1.38
52	46	89.16	5	1.15
53	196.61	78.23	5	0.81
54	161.85	68.56	5	1.97
55	197.24	193.35	7	1.69
56	175.5	135.56	8	2
57	143.8	192.77	6	1.74
58	44.72	8.41	7	0.64
59	153.78	126.43	5	0.79
60	177.79	42.39	5	1.66
61	10.29	37.84	5	0.83
62	77.8	46.43	5	1.19
63	91.78	26.4	5	1.76
64	24.92	186.68	5	0.56
Period: 5
Tasks:5
id	x	y	end	c
25	41.53	123.73	13	63.1
26	13.01	4.36	7	129.28
27	95.59	133.01	9	33.3
28	146.33	133.66	8	57.27
29	54.96	2.09	6	107.77
Drivers: 15
id	x	y	end	sensitivity
65	26.12	21.64	5	1.64
66	114.02	132.78	5	1.2
67	115.72	179	6	1.3
68	110.27	198.5	7	0.76
69	130.06	198.96	7	1.15
70	169.83	174.54	7	0.83
71	190.88	124.58	7	0.62
72	62.72	4.3	5	1.11
73	37.86	193.73	7	1.29
74	95.03	63.84	5	0.63
75	1.05	21.36	5	0.8
76	129.71	158.8	6	0.63
77	92.39	129.39	6	1.9
78	11.49	37.27	7	1.03
79	134.15	101.58	5	1.79
Period: 6
Tasks:6
id	x	y	end	c
30	150.49	191.45	9	104.46
31	112.16	39.42	8	61.79
32	125.37	111.69	7	27.93
33	115.16	132.52	13	35.88
34	87.03	187.06	8	88.02
35	122.43	130	8	37.46
Drivers: 16
id	x	y	end	sensitivity
80	133.51	158.84	8	0.84
81	162.96	72.79	6	1.73
82	52.51	125.74	7	1.05
83	168.06	30.18	7	0.76
84	52.81	179.79	9	1.7
85	118.89	197.41	7	1.72
86	52.26	44.81	7	1.74
87	97.84	175.11	6	1.93
88	185.07	28.49	9	0.73
89	150.33	191.91	8	1.98
90	87.84	12.74	7	1.72
91	199.33	0.16	6	0.68
92	90.25	111.77	8	0.51
93	76.17	189.49	7	0.57
94	108.91	143.9	7	0.76
95	73.62	170.85	6	1.16
Period: 7
Tasks:4
id	x	y	end	c
36	36.75	140.66	10	75.19
37	199.53	99.37	10	99.53
38	129.68	195.25	11	99.77
39	143.58	114.37	9	45.89
Drivers: 16
id	x	y	end	sensitivity
96	44.13	69.05	7	1.23
97	135.87	35.04	8	1.7
98	148.54	178.78	7	0.75
99	12.71	98.19	8	1.05
100	12.6	55.36	10	1.55
101	54.82	177.04	7	0.88
102	106.29	154.99	11	1.24
103	178.22	142.9	8	1.53
104	15.75	152.87	7	1.02
105	37.9	13.31	9	1.07
106	39.54	176.34	9	0.51
107	124.75	76.53	7	0.8
108	192.24	99.09	8	1.33
109	35.93	41.9	7	1.92
110	144.39	90.7	8	0.8
111	166.93	176.54	8	0.54
Period: 8
Tasks:4
id	x	y	end	c
40	67.59	154.02	12	63
41	176.71	48.91	11	92.17
42	111.99	85.81	10	18.58
43	194.7	37.46	11	113.49
Drivers: 23
id	x	y	end	sensitivity
112	171.56	108.07	9	0.99
113	143.91	49.18	9	0.89
114	170.75	123.36	8	1.21
115	108.98	83.63	8	0.82
116	42.31	185.2	9	1.07
117	134.72	128.78	9	1.75
118	8.93	86.89	8	1.83
119	50.56	102.65	9	1.22
120	105.32	165.78	8	1.14
121	108.42	100.64	10	1.6
122	21.11	78.72	10	1.25
123	94.36	200	9	1.91
124	161.92	31.63	8	1.94
125	168.26	143.24	10	0.95
126	158.86	108.96	8	1.78
127	112.66	101.57	9	0.7
128	11.32	191.98	11	1.79
129	149.04	187.24	9	1.35
130	2.48	52.83	9	0.58
131	117.32	160.6	9	1.47
132	159.09	70.43	9	1.22
133	145.11	1.03	8	1.9
134	71.76	58.43	8	1.58
Period: 9
Tasks:4
id	x	y	end	c
44	4.05	24.29	9	122.22
45	154.67	196.84	10	111.21
46	108.21	120.08	12	21.69
47	130.28	147.08	16	55.98
Drivers: 13
id	x	y	end	sensitivity
135	6.03	112.84	9	0.83
136	44.34	117.95	10	1.73
137	71.85	188.92	11	1.94
138	99.55	98.45	9	0.72
139	54.72	47.41	9	0.67
140	24.99	37.48	9	1.53
141	7.87	116.9	11	0.75
142	38.85	107.74	10	1.07
143	62.73	49.16	10	0.54
144	17.14	174.33	12	1
145	26.68	86.46	9	0.52
146	105.59	153.44	9	1.91
147	132.39	20.45	11	1.3
Period: 10
Tasks:7
id	x	y	end	c
48	178.24	180.46	11	112.23
49	127.02	61.09	14	47.37
50	87.53	41.35	16	59.96
51	149.23	198.25	12	109.89
52	167.32	69.26	12	74.01
53	14.38	81.05	11	87.69
54	173.56	78.52	11	76.63
Drivers: 17
id	x	y	end	sensitivity
148	68.31	158.7	12	1.26
149	122.68	155.55	11	1.33
150	21.18	174.84	11	1.97
151	34.49	117.45	10	1
152	163.16	187.88	12	1.46
153	58	20.96	10	1.41
154	135.28	154.46	10	1.76
155	187.37	91.55	10	0.98
156	37.24	191.53	11	1.48
157	187.31	132.43	12	0.67
158	156.11	79.5	13	0.88
159	56.91	33.29	10	1.15
160	53.69	179.18	10	0.93
161	91.16	52.35	10	1.66
162	56	91.71	10	1.59
163	159.21	85.92	12	1.8
164	46.25	169.67	11	1.96
Period: 11
Tasks:6
id	x	y	end	c
55	78.02	142.01	18	47.41
56	47.05	51.42	17	71.86
57	44.88	23.85	14	94.01
58	174.39	196.78	15	122.07
59	31.56	1.51	15	119.93
60	100.87	107.59	12	7.64
Drivers: 24
id	x	y	end	sensitivity
165	80.61	37.31	13	0.72
166	83.83	7.62	13	1.86
167	141.85	173.94	12	1.67
168	159.66	128.31	13	1.72
169	143.04	29.76	12	1.69
170	101.92	170.01	13	0.8
171	48.36	151.85	11	0.6
172	93.29	188.82	11	1.31
173	25.51	4.36	13	1.7
174	25.26	106.07	14	0.66
175	196.14	133.22	11	0.56
176	150.44	108.49	14	0.6
177	197.16	172.68	12	0.62
178	6.89	179.32	12	0.84
179	117.58	38.18	14	1.11
180	168.01	35.16	12	1.87
181	59.54	196.82	14	0.59
182	68.07	128.9	11	1.25
183	49.46	10.23	14	1.19
184	83.46	112.78	12	0.69
185	5.7	189.67	12	1.6
186	180.57	143.9	15	1.01
187	192.19	76.09	11	1.99
188	107.72	153.41	13	1.31
Period: 12
Tasks:4
id	x	y	end	c
61	26.7	96.6	13	73.38
62	11.39	170.03	14	112.94
63	127.06	9.15	18	94.79
64	92.33	109.23	17	12
Drivers: 17
id	x	y	end	sensitivity
189	143.76	2.61	13	1.48
190	159.05	155.32	14	0.61
191	32.32	51.52	12	1.48
192	119.01	167.41	14	0.53
193	156.39	121.96	12	1.9
194	65.16	39.62	13	1.65
195	81.72	16.9	12	1.04
196	115.71	134.43	12	1.98
197	65.21	20.08	13	0.63
198	57.31	173.02	14	0.73
199	91.56	189.68	13	1.85
200	74.5	58.36	13	0.85
201	158.96	87.28	12	1.11
202	134.75	75.61	14	1.8
203	83.26	97.3	14	1.98
204	82.47	89.45	13	1.06
205	31.31	154.5	12	1.56
Period: 13
Tasks:2
id	x	y	end	c
65	55.24	67.78	18	55.15
66	60.16	140.73	16	56.98
Drivers: 10
id	x	y	end	sensitivity
206	23.21	183.19	14	0.86
207	193.83	150.07	14	1.94
208	2.28	20.15	15	1.46
209	149.76	128.4	13	1.64
210	78.68	114.72	14	1.82
211	198.96	34.11	14	1.17
212	51.97	179.29	13	1.13
213	172.97	169.23	14	1.02
214	48.51	57.65	14	1.46
215	9.61	21.5	13	1.65
Period: 14
Tasks:3
id	x	y	end	c
67	123.07	186.35	17	89.38
68	62.42	184.16	17	92.17
69	179.44	131.07	18	85.3
Drivers: 15
id	x	y	end	sensitivity
216	20.84	199.58	15	0.95
217	167.43	79.02	14	1.11
218	150.68	33.65	14	1.72
219	154.08	8.89	14	1.67
220	158.43	53.35	15	0.93
221	89.2	25.36	14	1.45
222	151.58	12.16	15	1.8
223	133.65	122.63	15	1.53
224	175.91	152.12	15	1.12
225	35.58	170.64	14	0.89
226	39.93	193.49	15	1.63
227	45.16	9.94	14	1.89
228	68.12	137	14	1.46
229	95.99	40.25	15	1.06
230	144.43	66.07	17	1.72
Period: 15
Tasks:3
id	x	y	end	c
70	48.68	49.09	16	72.29
71	92.88	160.43	19	60.85
72	79.9	131.1	16	37.03
Drivers: 21
id	x	y	end	sensitivity
231	1.15	42.63	16	1.37
232	0.78	74.91	17	1.02
233	86.48	75.2	17	1.74
234	16.78	94.08	16	0.92
235	9.14	101.01	18	1.56
236	172.95	96.78	17	1.12
237	15.45	61.83	15	1.38
238	28.72	196.81	15	1.3
239	165.51	119.51	15	0.78
240	19.32	158.18	16	1.58
241	92.33	151	16	1.53
242	99.63	15.99	17	1.38
243	69.28	112.15	16	1.73
244	136.61	117.09	16	1.86
245	6.6	7.31	15	1.75
246	63.94	176.58	16	1.5
247	74.51	73.65	16	1.47
248	81.61	134.71	16	1.86
249	3.81	198.61	16	0.75
250	177.06	9.72	15	1.27
251	23.95	110.62	17	0.73
Period: 16
Tasks:3
id	x	y	end	c
73	69.59	56.58	24	53.01
74	135.09	33.51	18	75.18
75	176.86	167.02	20	101.98
Drivers: 17
id	x	y	end	sensitivity
252	102.27	26.58	19	1.85
253	164.78	13.29	16	1.21
254	66.09	28.04	18	1.66
255	37.44	2.5	16	1.56
256	149.51	104.07	17	0.88
257	115.25	164.44	19	1.05
258	61.47	28.13	16	0.78
259	180.07	60.9	17	0.94
260	78.22	21.51	16	1.74
261	30.55	183.07	17	0.75
262	38.38	63.33	17	1.7
263	177.97	110.44	17	0.75
264	25.51	22.25	16	1.84
265	133.99	58.76	16	1.89
266	74.44	194.41	18	0.94
267	101.13	160.21	19	0.52
268	107.19	34.49	17	0.59
Period: 17
Tasks:5
id	x	y	end	c
76	92.57	7.14	21	93.16
77	176.21	168.13	20	102.22
78	189.9	48.07	21	103.82
79	76.88	108.45	23	24.62
80	105.49	158.09	21	58.35
Drivers: 9
id	x	y	end	sensitivity
269	27.74	86.38	18	1.24
270	48.77	30.64	17	1.17
271	33.52	140.49	19	0.6
272	43.17	68.7	18	1.1
273	163.24	185.5	17	0.66
274	197.88	39.46	18	1.78
275	115.86	74.7	18	0.73
276	81.58	61.01	17	0.84
277	150.14	173.64	17	0.7
Period: 18
Tasks:5
id	x	y	end	c
81	77.42	121.8	23	31.39
82	152.1	169.76	21	87.07
83	40.41	166.73	21	89.46
84	184.38	86.93	20	85.39
85	155.32	29.44	25	89.66
Drivers: 17
id	x	y	end	sensitivity
278	156.29	63.96	19	0.88
279	160.65	123.57	20	0.84
280	65.17	151.81	21	1.41
281	82.4	116.57	18	1.82
282	127.48	140.63	19	1.26
283	27.79	85.58	20	1.14
284	30.49	103.44	19	1.34
285	157.43	49.6	19	0.73
286	137.65	155.1	18	1.91
287	51.65	40.8	20	1.1
288	181.42	176.64	18	1.87
289	27.88	44.79	21	0.95
290	120.65	113.97	19	0.88
291	132.37	55.11	20	0.61
292	85.49	44.05	18	1.98
293	53.22	170.11	18	2
294	180.99	18.45	19	0.91
Period: 19
Tasks:4
id	x	y	end	c
86	91.68	143.72	20	44.5
87	27.98	173.87	25	103.17
88	177.23	97.41	20	77.27
89	176.58	145.22	20	88.93
Drivers: 12
id	x	y	end	sensitivity
295	198.56	183.59	20	1.96
296	74.84	116.63	20	0.95
297	6.71	58.76	19	1.15
298	32.99	87.12	21	1.47
299	108.09	70.99	21	1.52
300	183.5	44.59	19	1.29
301	173.47	99.6	21	1.95
302	67.42	123.29	19	1.95
303	47.54	50.04	20	0.56
304	55.03	123.6	20	0.91
305	108.9	32.82	21	1.42
306	163.55	122.62	19	1.97
Period: 20
Tasks:4
id	x	y	end	c
90	95.8	22.99	23	77.12
91	104.81	191.36	26	91.49
92	98.42	153.84	24	53.86
93	109.23	111.98	20	15.12
Drivers: 20
id	x	y	end	sensitivity
307	90.3	104.38	21	1.26
308	143.66	190.42	20	1.57
309	77.31	67.46	20	1.28
310	146.61	62.02	20	1.55
311	77.26	67.04	22	1.81
312	40.99	156.98	22	1.98
313	160.34	47.97	21	1.08
314	135.13	165.41	21	1.79
315	11.48	117.93	20	1.89
316	1.8	27.09	21	1.32
317	28.68	73.11	21	0.55
318	182.92	198.76	20	1.15
319	154.03	65.33	20	0.94
320	131.8	159.76	20	0.69
321	106.97	73.21	20	1.69
322	198.7	49.47	20	1.89
323	48.03	68.87	21	0.71
324	98.06	25.79	20	0.62
325	21.2	144.22	20	1.52
326	44.31	37.25	20	0.69
Period: 21
Tasks:3
id	x	y	end	c
94	158.13	127.04	23	64.11
95	46.62	169.34	25	87.51
96	75.26	82.57	23	30.26
Drivers: 8
id	x	y	end	sensitivity
327	92.04	149.1	25	0.77
328	186.25	134.38	21	0.89
329	140.69	175.98	22	1
330	27.44	165.99	22	0.75
331	189.93	10.47	24	1.38
332	34.86	182.99	23	1.4
333	40.62	55.57	22	1.13
334	23.84	112.08	21	0.52
Period: 22
Tasks:4
id	x	y	end	c
97	12.07	53.11	23	99.65
98	136.94	145.64	30	58.72
99	63.99	47.14	25	63.96
100	183.3	56.82	25	93.83
Drivers: 17
id	x	y	end	sensitivity
335	93.99	98.26	22	1.16
336	76.94	199.6	22	0.77
337	194.84	39.05	23	0.97
338	199.46	40.52	23	1.46
339	197.02	31.78	26	1.14
340	71.39	89.07	26	1.45
341	156.65	55.38	22	0.59
342	164.76	195.18	23	0.55
343	1.32	10.45	22	0.77
344	18.69	102.93	22	1.49
345	103.91	86.55	23	1.34
346	126.67	135.55	23	1.03
347	188.9	91.96	22	1.23
348	118.89	126.88	22	1.51
349	14.75	1.1	22	0.61
350	173.64	74.06	23	0.7
351	90.51	148.15	23	0.85
Period: 23
Tasks:1
id	x	y	end	c
101	177.43	116.22	25	79.11
Drivers: 14
id	x	y	end	sensitivity
352	73.45	61.18	25	0.53
353	97.37	198.99	26	1.08
354	109.03	117.58	23	1.18
355	141.35	29.5	24	0.93
356	166.12	40.12	24	0.74
357	191.38	64.44	24	1.16
358	18.09	126.64	25	1.4
359	104.09	8.67	25	1.55
360	153.32	183.34	23	0.93
361	39.86	122.04	24	0.98
362	176.05	147.36	24	1.02
363	51.02	51.27	25	0.76
364	182.22	31.56	24	0.65
365	35.68	64.21	23	1.25
Period: 24
Tasks:2
id	x	y	end	c
102	33.03	127.7	26	72.47
103	111.13	68.73	24	33.19
Drivers: 11
id	x	y	end	sensitivity
366	100.8	186.07	25	1.26
367	9.47	170.61	26	1.21
368	45.67	74.13	24	1.54
369	1.35	26.48	26	1.88
370	92.33	64.92	25	1.93
371	143.44	111.36	25	1.88
372	194.76	15.31	25	0.57
373	135.6	18.19	25	0.67
374	161.55	0.63	24	0.6
375	78.85	12.84	26	0.62
376	166.75	122.5	26	1.51
Period: 25
Tasks:4
id	x	y	end	c
104	134.84	118.68	27	39.53
105	195.02	8.01	27	132.25
106	20.64	18.16	25	114
107	53.17	56.85	27	63.68
Drivers: 20
id	x	y	end	sensitivity
377	130.13	187.82	25	1.99
378	155.51	5.43	25	1.02
379	87.51	39.84	25	1.82
380	11.79	101.38	25	1.87
381	131.4	30.53	26	1.89
382	45.09	75.81	28	1.06
383	7.82	183.46	25	0.98
384	79.4	169.17	25	1.93
385	86.82	193.02	27	1.67
386	33.43	19.94	26	0.61
387	79.96	158.41	27	1.05
388	79.79	57.82	27	1.17
389	105.28	148.51	26	1.31
390	28.52	10.67	26	0.89
391	75.55	70.55	25	1.68
392	36.38	117.32	26	1.05
393	184.85	38.3	25	0.54
394	40.2	37.04	25	1.44
395	7.11	127.32	25	1
396	183	78.29	25	1.34
Period: 26
Tasks:4
id	x	y	end	c
108	100.73	192.8	27	92.8
109	128.76	86.68	28	31.69
110	80.47	140.54	26	45
111	65.06	3.74	30	102.41
Drivers: 20
id	x	y	end	sensitivity
397	165.6	76.33	27	1.69
398	78.04	75.55	27	0.65
399	107.99	2.48	26	1.92
400	193.34	108.06	27	1.97
401	199.15	42.31	28	1.56
402	146.23	187.98	26	0.94
403	87.56	15.94	26	1.19
404	73.45	130.97	27	0.83
405	105.11	53.73	27	1.72
406	14.98	25.86	29	0.92
407	52.36	102.63	27	1.16
408	110.37	153.68	28	1.45
409	43.8	108.83	29	0.79
410	119.45	165.59	29	0.62
411	72.4	180.38	27	0.69
412	153.02	29.74	27	0.91
413	23.62	192.92	29	1.69
414	51.17	115.52	27	1.54
415	83.68	56.22	27	1.94
416	100.37	130.73	26	1.27
Period: 27
Tasks:5
id	x	y	end	c
112	62.11	107.55	30	38.63
113	18.28	85.85	30	82.94
114	98.73	183.8	31	83.81
115	80.05	188.64	29	90.86
116	83.02	143.69	27	46.87
Drivers: 28
id	x	y	end	sensitivity
417	179.1	3.92	28	1
418	21.49	138.56	30	1.05
419	194.25	61.99	28	0.7
420	151.1	63.03	27	1.53
421	71.88	1.94	28	1.74
422	6.78	115.4	28	1.29
423	42.83	129.1	28	1.42
424	23.09	18.56	27	1.6
425	125.42	85.15	32	1.56
426	125.65	69.58	31	1.03
427	17.76	190.3	27	0.79
428	50.36	188.88	28	1.29
429	25.55	190.1	29	0.66
430	40.7	152.73	28	0.65
431	199.66	30.58	28	1.35
432	198	138.85	29	1.68
433	159.11	127.47	29	1.64
434	65.56	114.83	27	0.85
435	73.12	100.81	28	0.67
436	146.16	93.94	27	1.31
437	145.78	65.97	31	1.7
438	12.7	46.59	28	1.11
439	55.42	117.59	29	1.72
440	101.24	102.55	30	0.64
441	111.8	139.2	29	1.89
442	15.8	96.94	27	1.84
443	156.71	79.41	27	1.56
444	146.77	7.99	28	0.89
Period: 28
Tasks:2
id	x	y	end	c
117	180.3	47.67	32	95.85
118	101.34	169.63	31	69.64
Drivers: 12
id	x	y	end	sensitivity
445	64.91	15.71	32	1.84
446	153.01	96.32	28	1.69
447	39.73	161.16	29	1.99
448	84.88	152.01	28	1.37
449	45.52	139.95	29	1.51
450	84.81	38.03	29	0.92
451	137.84	87.29	30	1.22
452	38.05	199.99	30	0.97
453	36.62	82.74	29	0.54
454	125.91	37.9	30	1.12
455	58.92	44.97	28	1.02
456	5.85	15.93	31	1.2
Period: 29
Tasks:4
id	x	y	end	c
119	25.7	174.57	30	105.27
120	173.35	59.12	31	83.97
121	179.09	28.91	32	106.34
122	70.07	157.29	31	64.64
Drivers: 26
id	x	y	end	sensitivity
457	39.18	99.34	29	1.27
458	198.17	158.52	33	1.15
459	88.51	67.96	29	1.9
460	113.1	179.63	31	0.58
461	34.41	74.89	32	1.98
462	30.3	126.25	30	1.41
463	7.43	170.19	30	1.99
464	197.32	159.57	30	1.62
465	32.99	104.66	29	1.61
466	97.46	131.5	31	0.77
467	198.96	79.88	29	0.8
468	73.62	199.57	30	1.32
469	105.39	85.64	31	0.81
470	141.96	95.14	29	1.05
471	157.43	10.82	29	1.82
472	114.79	31.2	29	0.7
473	125.92	105.15	29	0.58
474	55.88	83.16	29	0.93
475	53.59	181.37	32	1.83
476	185.29	46.43	31	0.53
477	15.74	50.98	30	1.39
478	71.88	20	32	1.37
479	57.7	170.23	29	1.46
480	114.06	35.95	30	1.88
481	167.71	128.77	30	0.97
482	58.04	118.93	29	1.08
Period: 30
Tasks:9
id	x	y	end	c
123	196.88	25.36	32	122.3
124	112.06	18.47	35	82.42
125	169.96	66.44	31	77.59
126	73.06	184.87	35	89.04
127	88.21	99.65	30	11.8
128	154.29	102.65	31	54.35
129	192.91	195.2	34	133.02
130	177.96	22.74	33	109.76
131	88.95	25.54	31	75.28
Drivers: 12
id	x	y	end	sensitivity
483	93.01	29.45	31	1.02
484	60.3	177.51	32	1.72
485	88.75	136.74	30	1.32
486	49.9	56.91	31	1.93
487	76.69	48.63	32	1.79
488	192.1	39.35	32	0.95
489	149.5	119.85	31	1.15
490	68.94	190.15	31	0.95
491	93.5	6.77	33	1.85
492	154.33	96.3	30	1.48
493	5.45	72.4	32	1.89
494	146.35	22.16	31	0.55
Period: 31
Tasks:2
id	x	y	end	c
132	191.33	54.57	36	102.01
133	60.07	71.85	35	48.86
Drivers: 13
id	x	y	end	sensitivity
495	168.83	95.52	32	1.97
496	73.51	36.96	31	1.77
497	186.16	145.4	32	1.19
498	180.04	51.37	33	0.9
499	190.92	13.93	32	0.96
500	168.49	123.4	32	1.53
501	106.73	171.07	32	1.21
502	50.68	169.48	32	1.34
503	39.44	64.53	32	1.74
504	25.57	62.86	32	0.78
505	35.62	57.6	31	1.08
506	16.95	5.02	33	1.44
507	157.63	54.82	31	0.53
Period: 32
Tasks:5
id	x	y	end	c
134	161.03	89.24	34	61.97
135	64.94	66.91	35	48.21
136	78.01	68.03	34	38.8
137	54.59	43.56	33	72.44
138	30.88	69.05	34	75.73
Drivers: 15
id	x	y	end	sensitivity
508	189.1	19.78	33	1.59
509	74.03	18.94	34	0.61
510	35.4	131.41	33	1.82
511	112.24	192.18	32	1.41
512	36.17	9.77	33	1.77
513	106.29	111.49	34	0.94
514	180.25	15.21	32	1.41
515	162.06	134.71	34	1.7
516	11.79	193.64	32	0.73
517	68.45	78.76	37	1.56
518	27.45	79.42	34	1.13
519	69.68	14.15	33	1.89
520	117.52	24.62	32	1.5
521	124.5	11.62	33	1.61
522	148.83	141.54	34	1.46
Period: 33
Tasks:6
id	x	y	end	c
139	27.79	102.01	37	72.24
140	25.19	92.42	37	75.19
141	116.34	84.37	35	22.61
142	16.22	135.87	34	91.14
143	50.6	108.66	37	50.15
144	64.18	162.7	35	72.21
Drivers: 16
id	x	y	end	sensitivity
523	123.51	30.73	35	1.66
524	30.33	195.67	33	1.84
525	34.61	151.99	35	0.97
526	169.96	97.36	34	1.23
527	190.4	136.69	34	1.32
528	8.44	187.41	34	1.74
529	87.22	90.83	34	0.77
530	117.62	109.85	36	1.2
531	3.68	63.45	35	1.67
532	154	132.2	38	0.84
533	135.37	133.84	33	1.93
534	130.61	90.41	35	0.75
535	153.88	135.07	34	1.43
536	109.41	107.07	35	0.93
537	138.27	165.61	34	0.82
538	96.11	175.83	34	1.09
Period: 34
Tasks:7
id	x	y	end	c
145	6.23	97.5	36	93.8
146	146.77	43.34	39	73.47
147	76.86	195.17	36	97.94
148	67	34.7	36	73.16
149	10.06	77.75	37	92.65
150	132.3	87.69	39	34.57
151	166.56	73.88	37	71.5
Drivers: 13
id	x	y	end	sensitivity
539	99.81	160.57	34	0.64
540	25.59	7.91	35	1.35
541	139	109.66	36	1.19
542	75.91	58.11	36	0.63
543	139.27	31.19	36	1.64
544	197.22	142.93	35	1.12
545	35.97	137.96	35	0.92
546	91.35	32.87	35	1.88
547	187.73	191.85	36	0.65
548	141.73	193.49	35	0.68
549	131.98	14.66	36	1.67
550	178.58	44.62	36	1.15
551	194.81	139.31	36	1.28
Period: 35
Tasks:7
id	x	y	end	c
152	176.34	52.85	40	89.73
153	116.16	13.93	42	87.57
154	73.26	47.13	38	59.25
155	111.48	63.84	38	37.94
156	6.74	38.44	39	111.75
157	53.14	129.39	38	55.31
158	169.16	3.05	37	119.09
Drivers: 18
id	x	y	end	sensitivity
552	150.85	75.52	35	1.97
553	184.52	133.23	36	1.7
554	10.17	85.6	36	1.93
555	18.2	165.89	35	1.34
556	145.5	165.95	36	1.39
557	140.66	175.97	35	1.65
558	94.14	69.27	36	1.43
559	83.57	25.44	36	1.82
560	110.01	144.41	35	0.98
561	15.31	161.77	36	1.81
562	10.12	129.36	36	1.64
563	37.37	81.03	38	1.58
564	35.68	170.58	37	1.52
565	126.75	100.68	36	0.86
566	187.86	35.65	36	1.58
567	160.19	138.18	35	0.73
568	69.18	199.33	36	0.64
569	79.53	86.4	35	1.55
Period: 36
Tasks:9
id	x	y	end	c
159	44.26	47.4	38	76.64
160	180.94	137.03	39	89.01
161	42.8	3.36	40	112.3
162	15.88	193	41	125.4
163	192.31	94.06	40	92.5
164	75.78	44.59	37	60.47
165	150.15	106.06	38	50.51
166	2.03	168.41	39	119.49
167	57.39	84.66	40	45.29
Drivers: 19
id	x	y	end	sensitivity
570	14.99	19.43	36	1.04
571	72.61	0.24	37	0.58
572	116.53	105.19	37	1.31
573	83.86	195.93	38	1.23
574	33	92.96	39	1.25
575	106.35	126.04	38	1.96
576	44.53	153.29	37	1.99
577	196.11	25.45	37	1.06
578	192.29	29.32	37	1.18
579	95.36	19.65	38	1.46
580	140.75	49.52	39	1.66
581	137.42	187.99	37	0.62
582	183.21	110.66	38	0.64
583	166.73	109.05	38	1.47
584	67.81	4.76	36	0.59
585	130.94	48.21	37	1.29
586	147.36	60.88	36	1.37
587	197.51	37.65	37	1.4
588	84.82	157.41	38	1.57
Period: 37
Tasks:4
id	x	y	end	c
168	126.42	13.5	40	90.44
169	138.6	12.27	39	95.85
170	70.95	187.34	40	92.04
171	147.69	42.42	41	74.76
Drivers: 19
id	x	y	end	sensitivity
589	191.94	24.41	40	1.88
590	88.35	84.04	38	1.32
591	169.91	170.24	39	1.99
592	152.45	178.86	41	1.11
593	121.16	9.77	40	1.37
594	186.83	182.62	39	1.04
595	132.5	9.31	38	1.59
596	1.16	100.21	39	1
597	66.09	6.62	37	1.65
598	83.38	191.47	38	0.8
599	73.99	56.34	38	1.27
600	75.48	6.9	37	0.65
601	7.59	28.97	38	1.28
602	110.59	110.43	38	1.36
603	157.32	198.96	39	1.42
604	35.55	184.53	39	1.12
605	98.67	132.58	38	1.48
606	44.97	171.18	38	0.69
607	106.98	16.12	37	0.83
Period: 38
Tasks:8
id	x	y	end	c
172	125.47	25.44	40	78.79
173	94.35	63.25	43	37.18
174	151.34	54.21	40	68.79
175	75.64	183.48	42	86.96
176	30.4	83.66	41	71.49
177	5.82	87.24	44	95.04
178	86.03	102.95	41	14.28
179	113.31	16.39	40	84.66
Drivers: 20
id	x	y	end	sensitivity
608	87.95	59.99	41	1.12
609	3.72	99.34	38	1.92
610	125.39	191.76	38	1.81
611	193.04	141.15	39	1.94
612	198.18	100.27	39	1.7
613	146.91	22.71	38	1.46
614	87.81	27.71	38	1.59
615	111.5	145.04	41	1.36
616	55.2	167.18	39	1.05
617	116.1	19.71	38	0.97
618	73.7	139.46	39	1.18
619	162.62	138.94	39	1.58
620	126.04	145.71	41	0.52
621	120.41	152.4	38	1.36
622	138.91	122.42	38	0.73
623	78.63	150.38	39	1.9
624	72.12	123.51	39	0.77
625	138.39	153.91	39	0.73
626	89.14	127.1	41	0.72
627	118.21	65.33	39	1.13
Period: 39
Tasks:4
id	x	y	end	c
180	26.86	121.97	44	76.37
181	14.16	196.24	45	128.96
182	167.77	137.92	46	77.66
183	149.14	99.59	41	49.14
Drivers: 14
id	x	y	end	sensitivity
628	92.55	58.16	39	0.95
629	104.64	58.13	39	1.82
630	136.06	12.81	39	0.99
631	177.47	141.18	42	1.71
632	6.68	152.68	40	1.1
633	94.8	108.93	42	1.25
634	197.13	50.97	41	1.85
635	88.95	165.87	42	0.52
636	59.69	170.36	40	1.13
637	65.62	136.21	40	1.35
638	170.25	176.03	40	1.71
639	18.07	146.66	40	1.95
640	29.07	44.81	40	1.34
641	81.1	24.46	40	1.85
Period: 40
Tasks:5
id	x	y	end	c
184	158.91	176.49	43	96.55
185	135.52	137.27	42	51.49
186	121.01	18.31	45	84.35
187	196.78	128.06	41	100.77
188	7.19	56.52	41	102.49
Drivers: 14
id	x	y	end	sensitivity
642	23.41	18.55	41	0.79
643	88.34	162.23	41	1.91
644	0.36	7.42	40	1.83
645	81.87	1.74	40	0.91
646	183.39	168.24	41	1.58
647	21.89	160.33	40	1.7
648	187.35	184.17	40	1.23
649	151.71	31.2	41	1.74
650	6.75	122.23	42	1.42
651	42.92	115.32	40	0.93
652	134.72	150.44	42	0.67
653	118.23	150	40	1.14
654	109.97	133.75	41	1.76
655	185.34	164.12	42	1.64
Period: 41
Tasks:5
id	x	y	end	c
189	74.54	184.82	43	88.56
190	53.95	138.45	41	59.99
191	81.46	102.53	46	18.71
192	141.25	26.18	45	84.56
193	30.07	115.61	51	71.65
Drivers: 13
id	x	y	end	sensitivity
656	145.14	79.45	42	1.28
657	72.88	107.79	42	0.64
658	18.52	67.76	42	1.38
659	174.02	91.26	42	1.03
660	32.54	147.94	42	0.93
661	67.91	174.73	43	0.56
662	109.54	111.25	41	1.26
663	54.94	153.36	41	0.95
664	73.84	183.76	42	1.74
665	145.36	125.5	43	0.89
666	177.2	128.44	41	1.58
667	51.89	22.34	41	1.13
668	82.29	134.97	41	0.67
Period: 42
Tasks:5
id	x	y	end	c
194	40.3	45.2	46	81.04
195	5.97	133.45	47	99.8
196	13.43	189.64	51	124.62
197	131.08	43.12	43	64.82
198	171.92	152.25	45	88.9
Drivers: 9
id	x	y	end	sensitivity
669	156.95	139.8	42	0.88
670	46.9	108.67	42	0.74
671	45.52	160.94	43	1.18
672	63.61	80.86	45	0.9
673	172.47	60.28	42	1.87
674	188.45	16.8	42	0.96
675	107.97	161.63	42	0.87
676	41.39	127.54	42	1.23
677	101.94	181.07	43	1.72
Period: 43
Tasks:8
id	x	y	end	c
199	193.24	182.71	46	124.64
200	194.42	23.48	45	121.53
201	49.27	65.1	43	61.58
202	147.54	70.49	48	55.95
203	60.6	2.99	46	104.71
204	8.93	41.41	48	108.29
205	158.36	143.41	45	72.73
206	197.41	119.52	44	99.35
Drivers: 5
id	x	y	end	sensitivity
678	137.67	161.55	45	0.53
679	102.16	109.15	46	1.14
680	58.25	118.17	43	0.51
681	28.3	43.48	44	0.62
682	179.11	181.74	45	1.87
Period: 44
Tasks:3
id	x	y	end	c
207	145.21	136.45	46	58.07
208	83.71	106.38	46	17.49
209	138.58	176.56	45	85.73
Drivers: 19
id	x	y	end	sensitivity
683	47.27	45.05	46	1.82
684	119.67	7.27	47	1.35
685	124.97	117.3	44	1.07
686	74.83	187.58	48	0.59
687	116.51	14.07	46	1.47
688	172.19	94.32	45	0.97
689	192.09	106.22	48	1.3
690	195.31	163.71	44	0.69
691	120.8	174.33	45	0.65
692	0.83	118.52	45	1.7
693	8.62	79.57	45	0.74
694	135.58	46.19	46	1.82
695	190.95	109.73	44	0.99
696	39.72	135.34	45	1.78
697	167.67	145.96	44	1.52
698	110.86	25.66	46	0.94
699	83.04	40.84	46	1.13
700	137.47	157.61	46	0.74
701	94.68	49.34	45	1.58
Period: 45
Tasks:8
id	x	y	end	c
210	155.38	3.42	50	111.33
211	170.28	116.26	46	72.14
212	33.94	179.1	49	103.06
213	130.6	180.49	51	86.11
214	12.87	113.79	48	88.21
215	100.92	149.47	46	49.48
216	34.68	140.16	47	76.68
217	60.68	180.09	47	89.22
Drivers: 11
id	x	y	end	sensitivity
702	46.69	14.41	45	0.76
703	168.58	24.1	45	1.58
704	82.32	100.46	45	0.74
705	24.43	140.16	46	0.56
706	198.79	131.29	46	1.09
707	15.41	134.07	46	1.41
708	196.75	71.97	46	1.72
709	78.46	148.87	45	1.06
710	28.86	152.1	46	1.62
711	117.44	50.47	46	1.29
712	156.65	77.26	46	0.57
Period: 46
Tasks:5
id	x	y	end	c
218	49.89	197.03	51	109.21
219	197.59	86.81	48	98.48
220	170.68	13.41	48	111.77
221	101.56	155.41	49	55.43
222	27.35	173.49	46	103.34
Drivers: 11
id	x	y	end	sensitivity
713	128.04	102.79	47	1.15
714	109.26	47.88	46	0.8
715	36.02	99.31	46	0.72
716	96.64	85.97	47	0.7
717	149.23	9.15	48	0.7
718	72.81	89.45	46	0.71
719	189.88	166.99	47	0.82
720	132.94	84.43	47	1.1
721	102.35	33.52	47	1.15
722	28.83	5.77	47	0.88
723	185.65	11.95	47	1.05
Period: 47
Tasks:5
id	x	y	end	c
223	46.74	184.76	49	100.1
224	108.84	187.6	53	88.04
225	31.95	136.53	50	77.23
226	76	103.65	49	24.28
227	174.16	187.04	49	114.35
Drivers: 15
id	x	y	end	sensitivity
724	65.68	194.87	48	1.45
725	185.19	54.16	48	1.58
726	145.34	134.03	47	1.1
727	106.81	84.97	47	1.3
728	112.98	59.61	49	1.6
729	125.75	166.46	47	1.32
730	139.7	179.98	49	1.81
731	185.01	35.37	50	1.88
732	166.44	127.21	49	0.91
733	164.9	109.38	49	1.44
734	144.06	163.38	48	1.72
735	182.52	107.56	48	1.35
736	88.2	112.8	47	1.1
737	148.64	96.96	48	0.64
738	95.8	12.05	47	1.08
Period: 48
Tasks:5
id	x	y	end	c
228	50.16	179.49	50	93.82
229	104.23	45.46	50	54.7
230	44.47	17.06	49	99.81
231	56.5	160.08	50	74.17
232	65.91	168.64	51	76.64
Drivers: 16
id	x	y	end	sensitivity
739	71.55	53.16	48	0.87
740	59.83	61.69	48	1.64
741	67.66	155.99	50	0.53
742	43.01	182.52	49	1.16
743	3.07	67.5	49	1.29
744	70.11	132.12	49	0.72
745	74.86	18.82	51	1.82
746	32.9	181.23	49	1.32
747	156.38	190.59	49	1.13
748	164.55	129.95	49	1.65
749	108.98	190.58	49	1.43
750	105.05	91.36	49	1.59
751	86.71	28.93	48	1.56
752	41.1	191.41	49	0.7
753	21.68	78.09	51	1.3
754	15.82	76.48	49	1.66
Period: 49
Tasks:1
id	x	y	end	c
233	26.81	69.29	54	79.37
Drivers: 12
id	x	y	end	sensitivity
755	13.35	67.95	51	1.97
756	24.32	77.22	50	1.45
757	75.79	110.03	50	1.42
758	42.89	101.8	51	1.6
759	170.96	48.23	51	1.65
760	133.26	47.01	52	1.32
761	6.57	66.53	50	1.5
762	117.22	133.04	50	0.59
763	33.09	175.39	51	0.9
764	170.42	133.74	50	0.58
765	166.08	115.3	51	1.95
766	89.77	4.19	51	1.37
Period: 50
Tasks:5
id	x	y	end	c
234	185.75	166.91	53	108.77
235	143.35	188.98	50	98.98
236	31.68	121.75	53	71.7
237	151.5	101.41	50	51.52
238	60.19	24.85	54	85.04
Drivers: 9
id	x	y	end	sensitivity
767	56.75	56.57	52	1.92
768	9.21	168	51	1.03
769	190.63	187.4	53	1.79
770	125.41	1.03	51	0.76
771	83.31	0.7	50	1.63
772	137.91	41.13	52	1.45
773	165.5	99.03	51	1.97
774	8.18	78.45	51	1.74
775	128.73	136.57	50	0.64
Period: 51
Tasks:9
id	x	y	end	c
239	96.03	98.21	55	4.35
240	35.86	106.38	54	64.46
241	159.02	15.25	54	103.28
242	48.61	160.89	56	79.68
243	90.35	140.43	54	41.57
244	38.96	139.43	55	72.67
245	3.39	19.14	54	125.98
246	160.06	17.97	51	101.67
247	47.79	130.24	51	60.34
Drivers: 13
id	x	y	end	sensitivity
776	14.85	30.89	52	1.01
777	82.89	56.44	52	0.89
778	124.72	158.55	53	0.67
779	128.27	17.33	52	1.14
780	131.19	72.25	54	1.51
781	167.5	159.3	51	1.54
782	169.72	3.21	53	0.59
783	191.89	169.35	51	1.59
784	78.45	145.14	51	1.51
785	119.34	19.16	52	1.19
786	73.51	21.88	52	1.98
787	9.91	20.7	51	1.44
788	143.86	189.15	52	1.2
Period: 52
Tasks:3
id	x	y	end	c
248	21.65	95.57	53	78.48
249	191.48	25.02	53	118.28
250	41.82	89.24	52	59.17
Drivers: 15
id	x	y	end	sensitivity
789	109.2	170.52	53	1.73
790	180.57	8.31	52	1.79
791	151.41	140.9	52	0.86
792	157.77	7.9	54	1.27
793	157.81	9.94	52	1.75
794	101.51	184.04	53	0.92
795	86.19	136.16	52	0.81
796	145.88	28.78	52	0.68
797	17.35	155.01	54	1.41
798	97.66	82.73	52	1.48
799	105.23	50.84	52	1.45
800	101.76	129.06	54	1.43
801	24.69	70.07	53	0.89
802	29.84	56.28	53	1.61
803	119.68	29.62	53	1.15
Period: 53
Tasks:8
id	x	y	end	c
251	132.03	100.51	57	32.03
252	104.19	58	54	42.21
253	173.58	117.95	55	75.74
254	159.42	169.04	54	91.09
255	14.51	157.69	54	103.13
256	128.27	196.88	58	100.92
257	196.26	20.39	56	124.91
258	133.92	105.71	56	34.4
Drivers: 14
id	x	y	end	sensitivity
804	13.19	148.93	54	1.43
805	185.63	24.16	53	1.54
806	56.51	164.28	56	1.34
807	146.2	134.42	58	1.53
808	60.51	72.14	55	1.21
809	41.65	176.07	54	1.66
810	127.79	82.74	54	1.84
811	131.31	148.7	55	1.65
812	180.53	93.1	53	1.91
813	28.4	110.09	55	1.82
814	128.16	75.31	53	1.09
815	142.14	32.69	54	1.89
816	54.29	3.14	53	0.89
817	39.11	79.69	54	1.52
Period: 54
Tasks:8
id	x	y	end	c
259	37.64	44.59	59	83.42
260	195.14	153.98	55	109.39
261	185.1	0.02	57	131.29
262	66.49	11.01	57	95.09
263	32.48	137.08	58	77.03
264	63.23	96.19	55	36.97
265	90.85	29.1	56	71.49
266	16.3	56.97	55	94.11
Drivers: 15
id	x	y	end	sensitivity
818	62.08	31.87	54	0.53
819	70.02	181.02	56	1.75
820	158.4	9.86	56	1.89
821	143.27	101.73	54	1.7
822	55.43	103	56	0.56
823	163.12	159.46	54	1.36
824	34.34	70.72	55	1.06
825	163.39	72.08	54	1.91
826	65.75	70.13	56	1.76
827	180.03	28.48	56	0.75
828	74.61	129.11	56	0.78
829	55.06	169.67	55	1.71
830	111.88	32.99	55	1.55
831	100.99	64.19	54	0.92
832	19.29	125.15	55	1.23
Period: 55
Tasks:2
id	x	y	end	c
267	100.55	143.2	57	43.2
268	147.37	183.73	56	96.2
Drivers: 10
id	x	y	end	sensitivity
833	137.33	88.83	57	1.61
834	52.48	29.32	56	1.11
835	46.9	44.71	55	1.07
836	126.24	46.04	55	1.46
837	167.5	24.93	56	1.44
838	35.77	119.56	56	1.03
839	44.5	37.84	55	1.11
840	129.99	195.44	55	0.87
841	47.82	39.47	57	0.65
842	157.79	70.31	58	0.75
Period: 56
Tasks:8
id	x	y	end	c
269	143.68	146.72	58	63.96
270	174.09	121.08	59	77.03
271	3.07	192.02	58	133.65
272	143.5	32	61	80.72
273	6.05	148.43	59	105.7
274	134.2	138.93	59	51.82
275	84.79	43.08	61	58.92
276	40.83	73.2	59	64.96
Drivers: 14
id	x	y	end	sensitivity
843	36.17	83.9	57	1.65
844	55.66	174.16	57	0.67
845	10.99	72.44	57	0.76
846	113.26	88.69	58	0.71
847	124.08	66.77	57	0.74
848	154.37	156.59	56	1.68
849	130.61	89.74	58	1.54
850	53.08	117.16	59	0.87
851	184.34	185.9	56	1.82
852	188.15	88.57	56	0.7
853	22.99	77.1	56	0.79
854	21.14	14.7	57	0.62
855	194.61	29.47	58	0.77
856	127.15	66.25	57	0.87
Period: 57
Tasks:3
id	x	y	end	c
277	199.79	46.46	60	113.25
278	144.91	183.97	61	95.23
279	30.48	72.6	58	74.72
Drivers: 14
id	x	y	end	sensitivity
857	94.02	43.72	58	1.11
858	131.77	1.37	59	1.96
859	121.99	136.76	59	0.68
860	186.55	101.17	58	1.72
861	150.54	10.34	57	1.31
862	43.68	156.48	58	1.34
863	69.27	10.43	58	1.24
864	57.96	116.66	58	1.42
865	7.98	72.5	57	1.42
866	199.52	3.81	58	1.28
867	136.47	109.73	60	0.89
868	134.89	170.11	58	1.27
869	127	145.2	60	0.62
870	50	116.06	59	0.97
Period: 58
Tasks:8
id	x	y	end	c
280	122.15	175.15	60	78.35
281	61.69	177.61	59	86.55
282	87.62	64.79	60	37.32
283	8.6	102.02	58	91.42
284	112.5	139.79	58	41.71
285	64.95	189.48	62	96.1
286	49.31	63.81	63	62.28
287	97.85	177.47	60	77.5
Drivers: 11
id	x	y	end	sensitivity
871	71.97	31.66	59	1.92
872	114.09	76.65	61	1.58
873	28.97	62.66	58	1.04
874	115.7	142.55	61	0.59
875	88.85	26.93	61	0.91
876	196.33	61.14	60	0.81
877	191.34	7.13	60	1.63
878	94.01	120.86	58	0.65
879	64.17	35.89	58	0.67
880	181.42	128.96	58	1.84
881	9.69	173.68	60	1.57
Period: 59
Tasks:3
id	x	y	end	c
288	157.27	32.35	62	88.64
289	24.39	97.06	63	75.67
290	75.69	26.63	63	77.29
Drivers: 18
id	x	y	end	sensitivity
882	7.52	36.06	60	1.28
883	74.32	82.27	60	0.6
884	59.84	9.65	59	1.19
885	160.92	116.49	62	1.41
886	160.34	157.64	60	1.88
887	124	103.33	59	1.9
888	0.34	17.69	60	0.9
889	87.99	150.13	61	0.57
890	56.18	186.61	62	1.65
891	196.5	44.75	60	1.45
892	108.5	104.35	59	0.91
893	146.92	83.2	59	1.76
894	44.25	177.58	60	1.13
895	171.36	38.64	59	1.13
896	79.12	40.18	60	0.99
897	8.19	43.42	60	0.6
898	153.57	127.17	60	1.96
899	162.48	141.78	59	1.26
Period: 60
Tasks:7
id	x	y	end	c
291	184.16	60.71	66	92.88
292	42.43	139.64	63	69.9
293	50.68	36.78	63	80.18
294	144.34	64.08	67	57.06
295	88.26	1.68	65	99.02
296	14.8	27.57	63	111.83
297	170.1	28.2	63	100.35
Drivers: 18
id	x	y	end	sensitivity
900	4.64	6.1	61	0.97
901	176.74	79.9	62	1.24
902	159.37	149.38	60	1.05
903	100.11	92.36	62	1.31
904	0.1	3.38	64	1.5
905	199.82	146.17	60	0.82
906	68.27	131.82	60	1.42
907	189.97	37.37	61	1.05
908	49.4	155.88	60	0.7
909	197.4	49.39	61	1.54
910	9.53	99.94	60	0.67
911	76.81	147.69	60	1.31
912	30.57	105.52	60	1.2
913	195.78	148.69	60	0.61
914	102.84	75.75	61	0.69
915	3.93	4.61	61	0.9
916	84.32	28.28	60	1.72
917	91.83	188.18	61	0.62
Period: 61
Tasks:1
id	x	y	end	c
298	187.77	151.23	64	101.63
Drivers: 10
id	x	y	end	sensitivity
918	175.67	48.23	63	0.57
919	16.72	92.05	62	1.32
920	149.92	113.19	61	1.2
921	131.55	20.14	61	1.86
922	162.79	36.5	61	1.49
923	49.48	121.16	63	0.61
924	187.05	16.36	61	1.86
925	20.24	190.73	62	0.92
926	91.88	1.77	61	1.72
927	59.51	22.05	61	0.69
Period: 62
Tasks:9
id	x	y	end	c
299	55.77	173.79	64	86.03
300	11.23	187.47	63	124.62
301	14.21	197.07	65	129.55
302	9.27	107.87	63	91.07
303	85.33	187.7	64	88.92
304	13.33	72.73	65	90.86
305	64.88	170.19	70	78.49
306	162.16	77.78	63	66.01
307	155.63	85.84	65	57.4
Drivers: 11
id	x	y	end	sensitivity
928	90.39	177.03	62	0.5
929	140.18	0.94	62	1.27
930	19.45	171	62	0.95
931	161.53	67.9	62	1.64
932	77.09	130.28	62	1.72
933	52.19	176.35	63	1.83
934	81.79	105.27	63	1.45
935	89.89	176.35	64	0.66
936	151.38	83.99	64	1.66
937	149.35	13.14	63	0.88
938	105.43	86.92	64	0.52
Period: 63
Tasks:3
id	x	y	end	c
308	89.35	101.07	66	10.7
309	137.65	153.87	66	65.72
310	109.22	34.18	65	66.46
Drivers: 16
id	x	y	end	sensitivity
939	119.44	183.96	64	1.98
940	82.36	183.61	64	1.22
941	192.93	144.8	65	1.1
942	90.72	77.28	63	1.04
943	64.22	161.29	63	0.75
944	50.2	111.58	65	1.83
945	5.99	39.7	64	0.69
946	51.69	180.68	64	1.87
947	146.16	51.04	64	1.66
948	53.19	149.22	66	1.5
949	119.79	97.76	64	1.48
950	185.36	184.19	63	1.36
951	92.94	101.63	65	1.26
952	158.21	6.4	64	1.79
953	109.11	160.64	65	1.49
954	156.43	71.62	64	1.39
Period: 64
Tasks:5
id	x	y	end	c
311	155.66	146.52	65	72.54
312	185.09	171.28	67	111
313	199.31	71.64	67	103.28
314	35.87	93.44	68	64.46
315	64.55	127.31	65	44.75
Drivers: 20
id	x	y	end	sensitivity
955	73.36	14.87	65	1.68
956	21.81	99.81	65	0.7
957	197.95	118.97	64	1.87
958	42.7	136.84	67	1.49
959	94.37	1.05	65	1.39
960	28.25	105.91	66	1.71
961	38.87	113.91	64	1.28
962	67.7	73.94	65	0.78
963	170.12	193.55	65	0.93
964	72.1	52.08	64	0.7
965	139.91	176.25	65	1.9
966	43.68	63.86	65	1.91
967	171.61	98.72	65	1.63
968	141.66	11.24	65	1.95
969	121.88	50.55	64	1.04
970	113.08	33.92	65	1.18
971	123.59	19.33	65	1.38
972	164.52	159.55	65	0.96
973	103.08	82.88	65	1.8
974	175.5	75.93	64	0.98
Period: 65
Tasks:6
id	x	y	end	c
316	170.29	97.24	68	70.34
317	12.08	109.9	70	88.48
318	78.86	24.7	66	78.21
319	114.41	78.43	71	25.94
320	197.61	114.23	70	98.64
321	83.8	141.07	67	44.15
Drivers: 17
id	x	y	end	sensitivity
975	162.73	142.51	65	1.42
976	182.53	41.34	66	1.38
977	20.38	55.09	66	1.43
978	23.16	111.32	65	1.99
979	177.09	52.32	65	0.79
980	52.5	107.71	65	1.43
981	37.62	94.95	65	1.81
982	122.04	113.68	65	1.56
983	6.86	17.21	65	1.82
984	78.99	126.47	65	0.88
985	122.81	99.31	68	1.96
986	138	1.68	66	1.41
987	73.37	7.46	66	0.83
988	52.69	60.05	66	1.39
989	189.59	121.47	65	1
990	42.84	153.23	66	1.94
991	164.26	193.66	66	1.39
Period: 66
Tasks:3
id	x	y	end	c
322	13.67	133.53	68	92.61
323	144.93	70.35	70	53.83
324	133.24	156.57	70	65.61
Drivers: 14
id	x	y	end	sensitivity
992	151.41	25.52	70	0.52
993	162.42	199.84	66	1.02
994	106.66	160.53	69	1.02
995	115.54	38.83	66	1.13
996	82.22	120.09	67	1.95
997	48.8	164.62	66	1.79
998	84.21	46.88	67	1.16
999	114.63	163.72	66	1.84
1000	89.83	191.25	66	0.71
1001	116.08	164.01	67	1.68
1002	2.02	64.99	66	0.53
1003	65.24	22.38	66	1.63
1004	31.06	95.48	68	1.43
1005	181.96	81.65	66	1.37
Period: 67
Tasks:3
id	x	y	end	c
325	82.63	131.19	70	35.7
326	124.83	93.73	69	25.61
327	137.27	38.92	70	71.55
Drivers: 15
id	x	y	end	sensitivity
1006	88.54	113.13	68	0.7
1007	148.52	128.9	69	1.68
1008	85.61	76.63	67	1.02
1009	181.8	126.05	67	1.27
1010	168.95	110.25	70	1.26
1011	146.91	189.52	67	0.81
1012	80.29	119.79	68	1.47
1013	90.87	87	68	1.26
1014	183.5	10.64	67	1.43
1015	148.65	101.36	67	0.69
1016	29.69	45.23	68	1.05
1017	135.45	69.32	69	1.98
1018	26.04	61.27	67	0.84
1019	122.2	21.8	67	1.45
1020	101.31	128.83	70	1.24
Period: 68
Tasks:3
id	x	y	end	c
328	36.44	132.13	68	71.22
329	196.37	103.85	71	96.45
330	24.15	168.21	73	102.01
Drivers: 14
id	x	y	end	sensitivity
1021	134.5	14	69	1.26
1022	176.68	29.07	70	1.21
1023	143.09	177.71	69	0.65
1024	15.46	151.74	69	0.66
1025	107.05	9.75	69	1.38
1026	74.27	185	68	1.21
1027	187.09	63.91	69	1.22
1028	175.6	15.21	69	1.39
1029	120.69	148.8	72	0.8
1030	118.54	104.62	70	1.22
1031	119.47	26.43	70	1.06
1032	72.25	8.67	69	0.51
1033	149.97	113.27	70	1.02
1034	0.16	42.45	69	1.29
Period: 69
Tasks:3
id	x	y	end	c
331	33.17	32.92	70	94.69
332	175.23	88.96	74	76.04
333	20.5	144.58	73	91.15
Drivers: 16
id	x	y	end	sensitivity
1035	195.47	88.82	71	0.93
1036	119.71	140.58	70	1
1037	58.59	4.8	70	0.63
1038	175.28	80.17	70	1.43
1039	64.83	166.51	69	1.97
1040	114.09	90.34	69	0.87
1041	31.57	125.8	70	1.13
1042	66.98	65.67	70	1.18
1043	144.56	81.4	70	0.55
1044	78.18	140.26	70	0.82
1045	29.64	152.01	70	0.6
1046	0.07	175.4	69	0.99
1047	124.38	46.6	71	1.41
1048	90.98	134.58	70	1.54
1049	141.32	146.98	69	0.65
1050	111.37	25.69	69	1.83
Period: 70
Tasks:6
id	x	y	end	c
334	38.46	85.09	76	63.32
335	106.92	194.77	76	95.02
336	82.04	79.5	75	27.25
337	183.26	40.27	73	102.47
338	51.45	174.28	73	88.74
339	64.23	170.49	71	79.05
Drivers: 14
id	x	y	end	sensitivity
1051	69.06	123.63	70	1.81
1052	18.79	115.4	70	1.5
1053	107.96	16.15	72	1.7
1054	26.05	174.2	70	1.73
1055	68.64	61.94	70	0.73
1056	21.24	144.31	72	0.79
1057	54.86	124.7	71	0.97
1058	154.51	61.95	72	0.76
1059	193.01	107.22	71	1.28
1060	98.03	49.44	71	0.73
1061	68.02	166.39	70	1.7
1062	170.65	75.8	70	1.48
1063	135.27	98.65	70	0.56
1064	171.41	153.66	72	1.03
Period: 71
Tasks:4
id	x	y	end	c
340	149.35	184.78	77	98.1
341	167.88	7.22	74	114.96
342	158.67	108.39	73	59.27
343	38.55	58.87	75	73.94
Drivers: 21
id	x	y	end	sensitivity
1065	85.74	147.68	72	0.8
1066	90.51	42.26	71	0.86
1067	183.43	14.91	73	1.13
1068	10.34	55.44	73	0.81
1069	93.42	193.09	72	0.74
1070	144.64	175.97	71	1.43
1071	193.36	186.63	71	1.87
1072	16.12	121.37	74	0.81
1073	7.4	33.42	72	1.21
1074	178.31	156.31	71	0.84
1075	135.82	5.71	71	1.61
1076	83.57	22.28	71	1.64
1077	152.65	14.03	71	1.66
1078	89.2	65.61	71	0.77
1079	128.3	48.07	71	1.6
1080	174.17	178.86	72	1.14
1081	34.97	184.18	71	0.91
1082	142.79	120.1	71	0.57
1083	101.67	30.37	73	0.77
1084	52.82	46.99	73	1.82
1085	115.21	185.78	73	1.13
Period: 72
Tasks:6
id	x	y	end	c
344	173.6	159.44	75	94.6
345	195.22	190.37	73	131.28
346	3.22	69.45	76	101.49
347	7.02	97.15	73	93.02
348	147.53	118.95	73	51.17
349	176.85	5.16	74	122.07
Drivers: 15
id	x	y	end	sensitivity
1086	70.07	13.17	72	0.76
1087	93.37	40.42	73	1.78
1088	75.07	109.31	73	1.47
1089	148.77	183.66	72	0.69
1090	3.82	83.46	73	1.86
1091	127.18	127.71	72	1.26
1092	142.88	25.13	72	0.83
1093	30.28	193.12	72	0.58
1094	124.75	26.82	72	0.86
1095	75.85	98.15	73	1.61
1096	166.5	14.24	72	1.97
1097	179.57	57.94	72	1.18
1098	78.59	56.25	75	0.61
1099	74.28	48	74	0.68
1100	73.26	119.1	72	1.74
Period: 73
Tasks:9
id	x	y	end	c
350	8.76	113.8	74	92.28
351	162.95	174.37	74	97.44
352	37.94	182.56	75	103.28
353	94.11	113.14	76	14.4
354	73.99	126.73	74	37.3
355	107.32	69.83	76	31.05
356	18.27	175.71	75	111.41
357	69.61	168.96	74	75.36
358	77.1	17.56	75	85.56
Drivers: 9
id	x	y	end	sensitivity
1101	116.74	164.34	74	1.72
1102	94.95	119.58	74	1.6
1103	133.04	64.75	73	1.67
1104	174.95	88.15	74	1.93
1105	135.45	155.97	74	1.29
1106	55.95	179.23	75	1.49
1107	159.42	143.47	73	1.13
1108	86.63	128.6	74	0.96
1109	170.56	132.41	73	1.03
Period: 74
Tasks:6
id	x	y	end	c
359	198.7	74.43	75	101.96
360	133.6	14.17	76	92.17
361	172.31	84.29	79	74
362	111.4	62.89	75	38.82
363	72.83	62.04	75	46.68
364	43.78	95.46	78	56.4
Drivers: 16
id	x	y	end	sensitivity
1110	102.15	134.94	76	1.84
1111	66.61	82.46	74	1.97
1112	83.93	92.91	74	1.24
1113	70.16	45.18	77	1.66
1114	24.6	114.49	76	1.82
1115	185.16	68.06	74	1.34
1116	14.76	60.01	74	1.13
1117	96.43	152.77	74	1.2
1118	50.49	43.77	74	0.51
1119	40.19	120.83	76	1.1
1120	22.85	2	74	1.43
1121	77.35	44.36	75	1.9
1122	41.86	97.43	74	1.93
1123	31.24	196.45	75	0.59
1124	35.91	44.85	76	1.42
1125	84.59	63.95	74	0.72
Period: 75
Tasks:3
id	x	y	end	c
365	7.48	30.22	78	115.88
366	59.86	44	77	68.9
367	79.6	116.06	83	25.96
Drivers: 18
id	x	y	end	sensitivity
1126	70.34	30.53	77	1.92
1127	125.51	13.79	75	0.6
1128	38.48	112.22	78	0.64
1129	12.17	51.37	75	0.67
1130	80.85	122.28	77	1.41
1131	116.46	30.05	75	1.87
1132	144.47	24.42	75	1.6
1133	76.48	29.04	76	1.21
1134	184.37	132.16	75	0.7
1135	187.34	171.76	76	1.33
1136	173.97	99.58	77	0.96
1137	35.09	174.53	76	1.07
1138	95.5	139.22	76	0.59
1139	111.25	190.18	75	0.74
1140	42.9	197.25	78	0.92
1141	158.1	186.07	78	1.05
1142	72.99	33.27	77	1.94
1143	176.24	44.36	76	1.12
Period: 76
Tasks:6
id	x	y	end	c
368	185.72	45.97	77	101.33
369	35.26	192.11	78	112.59
370	175.53	7.16	82	119.68
371	142.91	181.7	80	92.28
372	33.8	154.65	79	85.84
373	21.25	20.34	80	112.01
Drivers: 16
id	x	y	end	sensitivity
1144	58.39	89.76	77	0.91
1145	150.93	125.32	76	1.97
1146	196.45	142.5	79	0.5
1147	136.04	73.43	77	1.44
1148	46.82	102.09	78	1.8
1149	177.25	51.51	76	1.47
1150	172.21	11.44	77	0.6
1151	24.14	28.66	76	0.51
1152	126.37	150.46	80	1.12
1153	1.91	41.49	76	1.5
1154	160.43	125.75	76	0.54
1155	190.75	98.77	77	0.6
1156	45.87	102.58	76	1.59
1157	123.59	100.24	76	1.64
1158	196.65	6.62	78	1.21
1159	198.91	69.62	76	0.89
Period: 77
Tasks:4
id	x	y	end	c
374	80.06	23.31	80	79.24
375	172.34	12.5	81	113.53
376	144.77	72.69	80	52.44
377	94.62	15.72	78	84.45
Drivers: 9
id	x	y	end	sensitivity
1160	14.93	107.75	78	1.98
1161	27.16	81.87	77	1.74
1162	13.56	84.5	77	1.77
1163	157.05	15.55	81	1.2
1164	191.8	174.43	78	0.53
1165	142.44	154.29	79	0.63
1166	5.28	6.42	80	1
1167	117.02	140.93	77	0.79
1168	72.62	110.29	77	1.2
Period: 78
Tasks:0
id	x	y	end	c
Drivers: 12
id	x	y	end	sensitivity
1169	70.24	18.72	79	0.94
1170	4.51	172.16	80	1.73
1171	114.68	80.13	78	1.54
1172	3.75	36.22	79	1.4
1173	122.72	9.03	80	1.65
1174	182.15	102.69	78	1.54
1175	178.45	164.84	79	1.89
1176	46.35	55.37	78	1.84
1177	50.42	103.42	79	1.8
1178	120.91	29.78	79	1.49
1179	70.56	186.24	78	1.34
1180	3.44	28.04	79	1.44
Period: 79
Tasks:7
id	x	y	end	c
378	139.64	121.24	80	44.97
379	110.89	171.04	83	71.87
380	87.59	48.48	79	52.99
381	197.84	17.66	81	127.88
382	80.4	177.85	80	80.28
383	177.52	157.94	82	96.78
384	143.16	89.02	79	44.53
Drivers: 22
id	x	y	end	sensitivity
1181	161.03	128.55	79	0.88
1182	86.09	134.63	81	1.9
1183	189.18	188.37	79	1.1
1184	41.63	142.87	80	0.7
1185	147.74	192.45	81	1.52
1186	4.39	66.46	79	0.81
1187	172.45	53.31	79	0.81
1188	138.38	65.21	79	1.98
1189	46.99	144.58	79	1.82
1190	20.01	65.14	80	0.76
1191	181.59	178.56	81	0.65
1192	90.4	126.89	80	1.93
1193	13.57	136.48	80	0.64
1194	135.85	139.8	81	1.2
1195	187.6	170.21	79	1.19
1196	61.29	33.54	81	1.39
1197	60.58	166.5	82	1.17
1198	167.01	58.7	80	0.56
1199	176.8	20.73	80	1.01
1200	149.99	17.49	81	1.37
1201	175.37	27.79	80	0.74
1202	84.07	70.22	79	1.66
Period: 80
Tasks:5
id	x	y	end	c
385	157.59	184.81	83	102.52
386	118.92	65.41	87	39.43
387	11.23	118.21	84	90.62
388	84.24	51.01	84	51.46
389	173.19	98.13	85	73.21
Drivers: 13
id	x	y	end	sensitivity
1203	88.88	139.25	82	1
1204	15.36	190.4	81	1.47
1205	128.46	55.89	81	1.64
1206	110.91	162.86	80	0.73
1207	70.3	130.54	83	0.76
1208	189.57	103.8	80	1.86
1209	182.67	133.19	80	1.36
1210	91.65	45.15	82	1.39
1211	182.14	65.47	83	1.23
1212	12.37	52.9	81	1.85
1213	59.05	126.92	80	1.88
1214	13.52	82.67	81	1.63
1215	87.42	179.5	80	1.51
Period: 81
Tasks:7
id	x	y	end	c
390	172.91	92.91	84	73.25
391	93.04	149.62	84	50.11
392	103.83	44.68	84	55.45
393	86.12	72.04	83	31.22
394	91.33	106.23	82	10.68
395	192.52	172.95	83	117.82
396	195.76	158.98	85	112.47
Drivers: 22
id	x	y	end	sensitivity
1216	33.18	195.35	82	1.42
1217	199	2.55	81	1.16
1218	46.73	57.91	81	0.91
1219	123.14	129.92	82	0.63
1220	146.27	42.78	82	1.61
1221	161.26	109.99	83	1.08
1222	147.95	48.03	85	1.26
1223	72.51	162.36	82	1.99
1224	82.98	153.48	83	0.65
1225	12.43	21.49	81	1.14
1226	110.12	62.34	82	1.32
1227	63.74	145.89	83	1.95
1228	9.29	56.66	82	1.94
1229	27.92	141.38	81	0.62
1230	75.62	178.27	82	1.94
1231	45.65	150.02	81	1.67
1232	137.59	92.66	81	1.15
1233	163.04	89.11	83	1.43
1234	9.74	24.63	81	1.02
1235	117.33	121.66	83	1.47
1236	13.69	120.72	82	1.55
1237	122.38	145.07	84	0.9
Period: 82
Tasks:3
id	x	y	end	c
397	172.68	81.77	85	74.93
398	197.76	155.58	82	112.46
399	17.51	47.94	83	97.54
Drivers: 15
id	x	y	end	sensitivity
1238	28.39	86.47	82	1.84
1239	162.55	140.86	84	0.81
1240	145.41	187.16	82	1.52
1241	180.85	110.78	84	1.86
1242	36.17	167.95	82	0.87
1243	73.65	47.4	82	1.53
1244	90.17	7.36	83	1.79
1245	120.73	155.59	83	0.96
1246	183.5	33.97	83	1.37
1247	190.82	189.49	84	1.35
1248	58.68	25.43	82	0.91
1249	158.86	151.17	83	1.75
1250	136.32	39.7	83	1.87
1251	31.43	192.64	84	1.49
1252	146.77	163.24	83	0.55
Period: 83
Tasks:4
id	x	y	end	c
400	191.85	30.67	86	115.08
401	127.67	115.12	86	31.53
402	155.86	54.89	87	71.8
403	131.54	13.42	90	92.15
Drivers: 11
id	x	y	end	sensitivity
1253	60.86	185.74	85	1.96
1254	66.97	188.34	83	1.73
1255	188.87	158.68	84	1.39
1256	184.68	134.09	83	1.77
1257	121.77	50.72	84	1.86
1258	30.07	146.52	85	1.2
1259	158.64	128.95	85	0.63
1260	35.71	67.61	84	1.87
1261	50.35	82.37	84	1.02
1262	23.63	130.61	84	1.59
1263	129.41	142.15	84	1.14
Period: 84
Tasks:3
id	x	y	end	c
404	28.64	178.52	89	106.1
405	30.33	195.83	87	118.48
406	166.42	140.32	88	77.7
Drivers: 14
id	x	y	end	sensitivity
1264	174.82	70.88	85	1.9
1265	103.16	66.24	84	0.62
1266	13.34	52.84	85	1.29
1267	183.2	84.92	84	0.63
1268	32.23	27.12	86	1.38
1269	169.89	127.4	85	1.36
1270	164.06	47.38	84	1.82
1271	7.78	187.36	84	1.16
1272	125.51	87.89	87	1.33
1273	80.98	152.09	85	1.74
1274	134.41	30.12	84	1.84
1275	113.49	93.16	85	1.77
1276	188.35	0.11	84	1.68
1277	182.63	71.58	85	1.53
Period: 85
Tasks:3
id	x	y	end	c
407	124.13	37.11	89	67.36
408	130.26	140.6	86	50.64
409	32.66	108	87	67.81
Drivers: 12
id	x	y	end	sensitivity
1278	76.91	139.84	85	1.9
1279	109.55	160.47	85	1
1280	57.82	81.73	86	1.33
1281	18.64	193	86	0.84
1282	97.75	23.31	85	0.61
1283	160.21	86.43	87	1.71
1284	19.9	102.08	86	0.79
1285	32.96	35.49	86	0.96
1286	46.68	139.04	86	1.32
1287	5.8	81.63	87	1.15
1288	171.93	148.18	86	0.81
1289	145.64	76.14	86	1.24
Period: 86
Tasks:9
id	x	y	end	c
410	141.64	115.29	88	44.36
411	154.6	52.73	89	72.22
412	0.61	160.94	90	116.58
413	169.21	147.5	91	83.94
414	143.09	117.99	93	46.69
415	20.61	169.21	90	105.32
416	140.34	142.02	89	58.25
417	10.66	1.87	90	132.71
418	100.58	116.81	87	16.82
Drivers: 20
id	x	y	end	sensitivity
1290	93.84	141.16	86	0.75
1291	50.9	46.7	86	1.22
1292	135.23	136.08	88	1.51
1293	166.29	125.16	88	1.05
1294	170.87	148.52	89	1.85
1295	164.77	5.55	88	1.4
1296	183.3	32.78	86	1.22
1297	185.19	40.84	86	0.5
1298	35.46	14.1	86	1.93
1299	78.32	138	86	0.82
1300	164.98	4.08	87	1.95
1301	44.74	113.12	88	1.77
1302	30.47	12.79	87	1.03
1303	52.52	184.51	86	1.96
1304	5.4	116.9	87	1.05
1305	6.29	62.23	89	0.56
1306	67.15	32.77	86	0.73
1307	138.37	25.92	86	1.26
1308	154.14	158.4	87	0.9
1309	51.76	196.72	87	1.36
Period: 87
Tasks:6
id	x	y	end	c
419	11.2	45.78	90	104.04
420	147.03	177.31	89	90.49
421	39.44	127.31	89	66.43
422	60.26	22.66	90	86.95
423	99.85	110.08	88	10.08
424	106.81	56.6	89	43.93
Drivers: 14
id	x	y	end	sensitivity
1310	15.28	78.21	87	1.68
1311	161.15	20.65	87	0.94
1312	123.83	191.02	89	0.84
1313	89.07	164.17	87	1.29
1314	5.53	61.06	88	1.3
1315	184.75	189.69	89	1.54
1316	76.97	135.85	87	1.91
1317	93.88	81.17	88	0.51
1318	30.85	35.62	88	0.74
1319	82.32	137.85	89	1.83
1320	114.63	157.15	90	0.94
1321	33.71	64.36	87	0.89
1322	171.86	148.7	89	1.64
1323	36.62	158.3	88	1.92
Period: 88
Tasks:7
id	x	y	end	c
425	197.27	88.22	95	97.98
426	141.76	133.3	91	53.41
427	173.21	52.83	89	87.09
428	190.48	177.17	92	118.92
429	15.2	137.01	90	92.52
430	178.36	106.8	89	78.65
431	2.34	101.12	90	97.67
Drivers: 20
id	x	y	end	sensitivity
1324	131.03	42.35	89	0.73
1325	100.33	43.55	90	1.48
1326	102.57	73.37	88	1.25
1327	152.65	190.54	88	1.48
1328	26.15	162.23	89	1.82
1329	26.7	182.61	89	1.09
1330	126.36	130.79	89	1.47
1331	165.53	46.36	89	0.53
1332	48.79	140.64	89	1.72
1333	134	66.98	89	1.03
1334	190.28	76.09	90	1.17
1335	184.6	136.2	89	1.3
1336	101.14	14.25	90	0.81
1337	159.25	95.08	88	0.62
1338	36.09	172.87	92	1.82
1339	29.81	127.8	90	0.91
1340	11.23	76.71	89	0.94
1341	29.95	64.5	90	0.54
1342	13.74	132.48	90	0.96
1343	112.66	62.77	90	1.95
Period: 89
Tasks:3
id	x	y	end	c
432	76.98	40.69	95	63.62
433	166.31	32.55	96	94.59
434	9.57	154.39	91	105.53
Drivers: 18
id	x	y	end	sensitivity
1344	29.6	102.12	91	0.69
1345	77.06	132.42	89	1.46
1346	123.65	162.36	90	1.03
1347	102.95	146.2	89	1.85
1348	147.04	189.79	91	1.16
1349	115.35	185.79	89	0.67
1350	101.2	50.53	89	0.92
1351	187.37	53.84	89	1.26
1352	104.37	94.31	91	1.46
1353	173.47	133.34	91	1.76
1354	10.83	137.37	91	1.47
1355	61.23	161.84	89	1.84
1356	187.84	198.14	89	1.49
1357	180.78	87.54	89	1
1358	156.17	17.23	90	0.88
1359	173.09	3.44	91	0.73
1360	92.28	172.26	90	1.66
1361	156.25	30.22	91	1.79
Period: 90
Tasks:3
id	x	y	end	c
435	58.06	94.4	92	42.31
436	110.19	143.42	94	44.6
437	23.12	59.91	92	86.7
Drivers: 19
id	x	y	end	sensitivity
1362	181.49	187.74	92	0.79
1363	57.53	90.77	91	0.72
1364	178.84	133.09	94	0.56
1365	199.58	133.69	90	0.5
1366	5.08	108.39	93	1.77
1367	53.9	98.84	90	1.77
1368	69.89	72.94	91	1.37
1369	195.92	104.32	91	1.59
1370	56.88	0.24	92	0.59
1371	155.87	139.76	91	1.78
1372	126.68	126.47	91	1.99
1373	106.14	14.38	90	0.87
1374	39.87	108.19	93	1.6
1375	100.53	158.32	91	0.63
1376	38.38	194.76	90	1.18
1377	107.14	139.37	92	0.59
1378	82.68	74	92	1.26
1379	35.31	38.12	91	1.91
1380	181.5	131.38	91	1.68
Period: 91
Tasks:3
id	x	y	end	c
438	162.34	59.36	94	74.42
439	151.21	30.99	95	85.94
440	96.77	21.24	93	78.83
Drivers: 16
id	x	y	end	sensitivity
1381	95.4	106.6	91	1.43
1382	78.76	96.66	92	0.97
1383	55.88	153.38	93	1.39
1384	70.52	6.93	93	0.59
1385	112.79	175.6	93	1.38
1386	11.6	75.6	91	0.98
1387	25.96	179.4	92	1.33
1388	91.12	131	91	1.17
1389	10.24	70.65	91	1.66
1390	67.65	74.51	91	1.73
1391	63.97	183.98	93	1.81
1392	130.51	73.21	94	1.38
1393	52.2	4.2	91	1.71
1394	46.56	135.27	92	1.88
1395	136.15	137.36	92	0.84
1396	196.69	109.95	91	1.48
Period: 92
Tasks:4
id	x	y	end	c
441	19.34	21.53	100	112.53
442	108.23	181.56	96	81.97
443	62.74	156.22	100	67.45
444	131.82	75.21	94	40.34
Drivers: 15
id	x	y	end	sensitivity
1397	191.31	189.16	93	1.13
1398	122.02	65.11	92	1.78
1399	8.81	47.71	93	0.72
1400	56.15	61.07	95	1.37
1401	172.56	123.78	92	0.99
1402	4.25	134.11	93	1.15
1403	86.76	14.02	94	0.69
1404	197.8	70.97	94	2
1405	194.96	28.98	93	1.45
1406	37.06	16.71	94	1.84
1407	42.41	97.1	93	0.81
1408	32.36	74.14	92	0.87
1409	173.99	104.6	92	0.96
1410	65.4	37.14	93	0.55
1411	135.9	113.5	93	1.15
Period: 93
Tasks:4
id	x	y	end	c
445	100.78	3.59	95	96.41
446	116.95	7.81	94	93.74
447	4.88	148.4	96	106.73
448	86.6	192.06	95	93.03
Drivers: 16
id	x	y	end	sensitivity
1412	39.46	17.64	93	0.59
1413	169.66	98.03	94	1.58
1414	29.59	134.77	93	1.56
1415	94.51	153.76	93	1.63
1416	4.64	115.92	93	1.98
1417	3.29	55.79	95	1.63
1418	150.35	124.27	94	0.88
1419	194.77	195.31	93	1.96
1420	137.94	54.37	94	1.5
1421	187.8	66.16	93	1.26
1422	59.07	197	93	0.73
1423	0.17	189.4	94	1.87
1424	120.09	83.66	94	1.89
1425	147.51	27.95	93	0.98
1426	83.78	14.03	97	1.72
1427	123.66	75.19	93	1.77
Period: 94
Tasks:4
id	x	y	end	c
449	135.69	62.01	95	52.13
450	64.38	75.07	94	43.48
451	106.48	6.22	97	94
452	59.52	95.61	97	40.72
Drivers: 18
id	x	y	end	sensitivity
1428	63.09	32.91	95	1.58
1429	139.06	30.45	95	1.52
1430	165.96	36.31	95	0.84
1431	85.66	38.92	95	1.21
1432	152.98	34.16	95	1.28
1433	93.86	65.67	95	1.01
1434	188.94	118.08	95	0.57
1435	154.43	59.42	96	0.79
1436	22.74	84.57	96	1.11
1437	13.71	177.43	96	0.78
1438	107.25	41.04	95	1.54
1439	169.96	172.52	94	1.38
1440	185.63	39.86	95	1.94
1441	124.66	191.45	94	0.7
1442	185.92	182.57	94	1.14
1443	95.82	173.88	97	0.71
1444	149.7	125.53	95	0.95
1445	36.71	92.33	97	0.77
Period: 95
Tasks:7
id	x	y	end	c
453	88.44	124.72	95	27.29
454	139.58	178.13	99	87.58
455	164.34	113.86	98	65.82
456	36	28.96	97	95.62
457	93.43	169.35	96	69.66
458	58.14	77.11	98	47.71
459	127.72	26.58	102	78.48
Drivers: 21
id	x	y	end	sensitivity
1446	158.35	159.14	98	0.73
1447	56.39	75.82	96	1.12
1448	150.38	122.32	95	1.19
1449	135.85	182.09	95	0.73
1450	137	56.03	96	1.21
1451	187.83	50.18	96	0.53
1452	75.88	26.21	97	1.16
1453	77.93	114	97	1.76
1454	184.94	120.09	95	0.71
1455	124.64	51.85	96	1.96
1456	196.83	77.42	95	0.72
1457	67	184.21	96	0.98
1458	132.7	193.17	98	1.73
1459	138.61	96.81	95	0.52
1460	104.94	126.93	95	1.45
1461	72.08	126.14	95	0.65
1462	15.09	17.2	96	1.65
1463	109.69	63.86	97	1.09
1464	32	158.09	95	1.22
1465	94.08	64.05	95	0.7
1466	148.07	23.1	96	1.55
Period: 96
Tasks:6
id	x	y	end	c
460	16.02	41.53	100	102.33
461	8.84	1.79	99	134
462	128.71	72.89	99	39.49
463	133.8	88.76	98	35.62
464	34.42	111.55	102	66.59
465	112.09	169.19	97	70.24
Drivers: 20
id	x	y	end	sensitivity
1467	145.74	10.99	96	1.53
1468	172.77	67.4	97	0.6
1469	42.86	148.24	96	1.33
1470	180.57	181.71	99	0.86
1471	152.7	33.89	97	0.62
1472	83.43	191.75	99	1.05
1473	55.91	160.63	97	1.64
1474	159.85	2.21	96	0.57
1475	134.02	170.58	96	1.37
1476	39.09	187.96	98	0.52
1477	57.26	32.29	97	1.2
1478	126.36	119.05	99	0.61
1479	80.3	108.4	97	1.76
1480	41.87	166.34	97	1.34
1481	195.22	100.94	99	1.13
1482	139.3	25.48	96	1.6
1483	173.63	107.16	98	0.69
1484	10.83	140.24	96	1.45
1485	111.75	3.81	96	0.83
1486	120.36	198.18	96	1.29
Period: 97
Tasks:5
id	x	y	end	c
466	53.39	122.61	101	51.8
467	3.19	104.02	99	96.89
468	110.74	29.84	99	70.98
469	73.21	174.69	103	79.35
470	145.65	119.5	101	49.64
Drivers: 19
id	x	y	end	sensitivity
1487	171.49	22.78	97	0.59
1488	180.51	99.53	99	1.38
1489	171.86	93.99	98	1.65
1490	75.62	178.03	99	0.92
1491	142.52	141.53	97	0.86
1492	75.04	46.94	98	1.82
1493	97.64	183.37	99	1.14
1494	48.69	109.33	98	1.55
1495	57.55	135.83	98	0.65
1496	108.13	56.98	98	1.09
1497	61.68	140.1	97	1.97
1498	149.48	136.99	97	0.92
1499	34.12	31.31	97	1.02
1500	36.24	119.94	97	0.87
1501	125.33	34.22	97	1.77
1502	85.65	75.08	97	1.09
1503	191.51	102.11	101	1.95
1504	100.24	155.19	97	1.83
1505	142.46	75.9	100	0.62
Period: 98
Tasks:6
id	x	y	end	c
471	122.54	37.34	100	66.59
472	44.59	181.48	102	98.54
473	36.56	154.11	101	83.38
474	73.88	30	106	74.71
475	87.28	28.8	103	72.33
476	132.94	139.43	105	51.38
Drivers: 21
id	x	y	end	sensitivity
1506	198.19	12.89	99	0.5
1507	135.28	43.13	100	1.96
1508	19.53	177.99	98	1.64
1509	47.01	13.65	99	1.15
1510	104.32	149.4	99	0.67
1511	104.46	168.24	99	1.96
1512	176.73	30.11	99	1.19
1513	177.32	41.7	99	0.71
1514	77.76	62.35	99	1.32
1515	142.88	62.08	98	0.89
1516	29.06	128.04	99	1.27
1517	78.67	102.34	98	1.81
1518	116.77	50.5	99	0.83
1519	170.31	77.14	100	1.41
1520	199.93	195.42	99	1.44
1521	172.51	30.78	98	1.03
1522	151.59	16.42	98	0.61
1523	80.38	151.9	98	0.63
1524	118.47	132.85	99	1.23
1525	187.3	0.13	99	1.17
1526	105.91	53.24	98	1.99
Period: 99
Tasks:5
id	x	y	end	c
477	100.67	71.53	104	28.48
478	188.56	106.66	102	88.81
479	124.24	92.46	101	25.39
480	132.99	14	105	92.11
481	115.15	138.51	102	41.38
Drivers: 13
id	x	y	end	sensitivity
1527	62.87	9.65	99	0.95
1528	42.43	99.54	102	1.67
1529	85.87	137.2	99	1.84
1530	72.23	108.06	99	1.99
1531	29.74	10.74	99	0.69
1532	24.81	60.36	100	0.93
1533	82.36	149.76	100	1.04
1534	64.39	172.85	99	1.8
1535	176.5	53.43	99	0.88
1536	27.9	8.85	103	1.18
1537	9.88	46.14	99	1.19
1538	23.15	62.65	100	0.54
1539	14.45	149.33	100	1.59
Period: 100
Tasks:0
id	x	y	end	c
Drivers: 18
id	x	y	end	sensitivity
1540	22.82	82.79	101	1.23
1541	100.63	80.11	100	1.22
1542	182.18	184.17	101	1.57
1543	82.64	46.1	100	0.74
1544	58.5	17.68	103	0.78
1545	100.03	43.94	100	1.1
1546	38.22	136.05	100	1.5
1547	38.67	196.54	101	1.66
1548	40	172.46	102	1.86
1549	69.82	165.96	101	0.84
1550	63.47	151.61	100	0.61
1551	64.11	3.02	101	1.16
1552	124.41	42.79	101	1.47
1553	140.08	24.46	100	1.75
1554	173.5	75.41	101	1.02
1555	37.85	175.1	100	1.24
1556	146.72	90.44	101	1.77
1557	108.26	185.93	104	0.94
