Periods: 100
Task Arrival Rate: 5
Task Average Time: 3
Driver Arrival Rate: 5
Driver Average Time: 2
Period: 1
Tasks:9
id	x	y	end	c
1	63.92	120.4	6	41.45
2	34.82	91.45	4	65.74
3	166.88	73.47	3	71.95
4	80.63	55.19	4	48.82
5	97.3	26.15	3	73.9
6	76.65	24.29	8	79.23
7	176.01	118.8	2	78.3
8	98.38	136.65	9	36.69
9	199	81.08	1	100.79
Drivers: 4
id	x	y	end	sensitivity
1	186.07	118.5	3	1.63
2	80.32	99.5	4	1.5
3	92.3	88.47	3	0.67
4	107.45	45.49	2	1.2
Period: 2
Tasks:5
id	x	y	end	c
10	198.2	124.92	4	101.31
11	0.68	78.93	5	101.53
12	107.95	146.43	4	47.11
13	19.39	193.47	5	123.43
14	164.01	59.14	5	75.94
Drivers: 3
id	x	y	end	sensitivity
5	171.33	133.67	4	1.39
6	95.33	160.9	3	1.83
7	44.53	41.63	3	0.54
Period: 3
Tasks:6
id	x	y	end	c
15	21.67	135.47	7	85.99
16	194.53	114.5	6	95.64
17	85.3	25.66	4	75.78
18	22.22	32.93	8	102.7
19	45	185.33	4	101.52
20	57.8	172.07	7	83.52
Drivers: 4
id	x	y	end	sensitivity
8	18.67	172.51	4	0.58
9	4.39	122.64	6	1.52
10	182.95	174.44	5	0.95
11	134.18	181.81	4	1.27
Period: 4
Tasks:6
id	x	y	end	c
21	17.57	0.79	4	128.99
22	184.92	160.46	7	104.24
23	155.84	65.36	6	65.71
24	53.38	81.63	10	50.11
25	139.34	153.27	9	66.22
26	114.84	42.48	7	59.4
Drivers: 5
id	x	y	end	sensitivity
12	161.27	164.36	7	1.91
13	58.83	182.53	6	0.62
14	110.71	39.23	5	0.88
15	186.99	45.97	8	1.15
16	116.36	170.81	6	1.02
Period: 5
Tasks:4
id	x	y	end	c
27	59.59	195.8	9	103.97
28	45.92	122.48	6	58.57
29	132.35	116.72	6	36.42
30	104.32	24.12	9	76
Drivers: 4
id	x	y	end	sensitivity
17	123.35	136.42	6	1.51
18	120.55	175.23	6	1.99
19	142.04	101.48	8	0.98
20	170.72	10.45	5	0.84
Period: 6
Tasks:1
id	x	y	end	c
31	11.84	60.53	10	96.59
Drivers: 2
id	x	y	end	sensitivity
21	115.04	108.75	7	1.26
22	55.61	77.92	6	1.3
Period: 7
Tasks:4
id	x	y	end	c
32	87.62	47.27	10	54.16
33	53.89	163.48	10	78.46
34	143	107.82	9	43.71
35	184.93	26.6	10	112.25
Drivers: 4
id	x	y	end	sensitivity
23	72.5	25.45	10	1.95
24	161.11	85.31	7	0.91
25	47.65	148.42	9	0.91
26	45.12	131.74	7	0.97
Period: 8
Tasks:3
id	x	y	end	c
36	26.78	41.33	12	93.83
37	198.85	46.73	10	112.29
38	88.63	161.84	10	62.88
Drivers: 5
id	x	y	end	sensitivity
27	161.87	124.42	10	0.62
28	112.92	171.4	10	1.42
29	128.76	158.29	10	1.67
30	68.99	5.1	9	0.75
31	71.62	11.29	11	1.26
Period: 9
Tasks:7
id	x	y	end	c
39	49.15	133.33	12	60.8
40	86.9	44.02	14	57.49
41	12.67	124.1	12	90.59
42	171.38	7.31	12	116.99
43	152.23	174.1	12	90.66
44	102.91	191.23	10	91.28
45	117.16	127.99	10	32.83
Drivers: 3
id	x	y	end	sensitivity
32	108.61	114.85	11	0.78
33	48.5	71.07	14	1.47
34	158.56	72.8	9	0.71
Period: 10
Tasks:2
id	x	y	end	c
46	23.92	40.1	14	96.83
47	40.05	4.42	14	112.83
Drivers: 5
id	x	y	end	sensitivity
35	26.98	49.6	12	0.74
36	126.64	97.51	12	1.64
37	125.91	178.21	12	1.7
38	173.38	180.56	11	0.64
39	130.15	172.51	10	1.91
Period: 11
Tasks:5
id	x	y	end	c
48	128.35	190.77	13	95.09
49	188.53	6.24	14	128.95
50	88.92	66.5	14	35.28
51	2.62	54.02	12	107.69
52	109.78	137.45	12	38.71
Drivers: 5
id	x	y	end	sensitivity
40	47.33	162.87	11	0.59
41	113.78	177.7	14	1.71
42	62.52	36.13	14	1.2
43	83.46	143.43	14	1.52
44	133.16	162.52	12	1.54
Period: 12
Tasks:12
id	x	y	end	c
53	117.14	68.07	14	36.24
54	108.66	169.25	16	69.79
55	95.79	142.21	14	42.42
56	194.16	111.32	14	94.84
57	181.85	176.92	16	112.32
58	170.28	9.94	17	114.24
59	17.29	29.48	15	108.69
60	76.93	104.39	20	23.48
61	24.78	1.28	14	124.11
62	2.89	183.38	17	127.99
63	42.86	12.65	12	104.38
64	130.47	80.92	17	35.95
Drivers: 5
id	x	y	end	sensitivity
45	164.93	21.49	16	0.54
46	97.72	145.09	14	0.98
47	102.22	9.56	14	1.66
48	113.45	28.81	12	1.87
49	183.89	106.43	14	0.74
Period: 13
Tasks:7
id	x	y	end	c
65	2.89	115.97	14	98.41
66	167.65	155.61	16	87.57
67	109.58	39.84	19	60.92
68	134.05	97.93	18	34.11
69	177.98	86.34	20	79.17
70	107.33	138.84	16	39.53
71	152.56	167.45	14	85.51
Drivers: 5
id	x	y	end	sensitivity
50	166.88	47.21	15	1.95
51	19.18	12.13	15	1.22
52	154.92	195.76	15	1.24
53	120.2	129.36	16	0.95
54	190.04	191.58	14	1.19
Period: 14
Tasks:3
id	x	y	end	c
72	19.35	68.32	15	86.65
73	95.63	168.13	18	68.27
74	138.67	16.81	16	91.74
Drivers: 3
id	x	y	end	sensitivity
55	129.53	124.59	16	1.23
56	182.39	30.99	15	1.34
57	5.78	90.83	18	1.33
Period: 15
Tasks:6
id	x	y	end	c
75	4.52	136.58	21	102.25
76	82.13	6.98	17	94.72
77	138.77	34.74	19	75.91
78	85.02	193.55	21	94.74
79	85.07	29.2	17	72.36
80	30.27	42.22	17	90.56
Drivers: 4
id	x	y	end	sensitivity
58	25.95	150.97	17	1.49
59	110.3	23.14	17	0.55
60	170.37	118.18	15	1.44
61	0.8	55.73	15	0.79
Period: 16
Tasks:7
id	x	y	end	c
81	55.56	163.81	21	77.76
82	81.25	25.86	19	76.47
83	177.06	27.24	17	105.98
84	48.01	39.88	19	79.48
85	182.22	53.92	17	94.25
86	61.48	122.7	17	44.71
87	65.72	0.07	18	105.65
Drivers: 4
id	x	y	end	sensitivity
62	177.83	76.29	19	1.84
63	166.93	78.49	19	1.74
64	199.34	4.54	16	1.92
65	15.54	67.21	17	0.61
Period: 17
Tasks:4
id	x	y	end	c
88	0.16	29.01	23	122.51
89	63.81	110.98	20	37.82
90	86.25	182.82	19	83.95
91	155.86	195.17	20	110.35
Drivers: 5
id	x	y	end	sensitivity
66	167.92	105.83	19	0.61
67	5.37	20	23	0.51
68	171.58	143.45	18	1.16
69	8.51	69.87	18	1.29
70	195.68	42.09	18	0.73
Period: 18
Tasks:9
id	x	y	end	c
92	78.12	175.23	20	78.35
93	172.15	127.54	20	77.23
94	116.08	61.48	20	41.74
95	115.12	187.35	20	88.65
96	2.65	155.41	22	112.01
97	66.68	35.89	20	72.25
98	73.03	49.09	22	57.61
99	149.64	99.43	21	49.64
100	93.09	48.71	18	51.75
Drivers: 5
id	x	y	end	sensitivity
71	87.81	193.81	20	1.69
72	45.83	38.3	23	0.88
73	47.67	43.29	18	1.12
74	85	39.39	20	0.54
75	68.69	132.27	20	0.67
Period: 19
Tasks:4
id	x	y	end	c
101	102.73	167.18	22	67.24
102	7.15	92.05	21	93.19
103	22.01	153.67	26	94.67
104	23.38	66.23	21	83.73
Drivers: 5
id	x	y	end	sensitivity
76	119.38	157.14	20	0.65
77	113.99	113.69	21	1.67
78	111.46	92.1	22	1.82
79	48.22	2.67	19	1.66
80	34.02	194.08	24	1.02
Period: 20
Tasks:2
id	x	y	end	c
105	120.65	146.75	23	51.11
106	135.58	125.12	22	43.55
Drivers: 1
id	x	y	end	sensitivity
81	141.97	119.09	21	1.57
Period: 21
Tasks:3
id	x	y	end	c
107	16.22	39.96	25	103.07
108	87.93	129.48	24	31.86
109	142.7	105.06	23	43
Drivers: 3
id	x	y	end	sensitivity
82	153.56	34.85	24	1.68
83	64.67	71.57	24	0.57
84	13.01	120.33	25	1.45
Period: 22
Tasks:4
id	x	y	end	c
110	113.42	188.55	27	89.56
111	155.8	195.62	28	110.71
112	156.52	24.98	29	93.93
113	50.8	26.27	26	88.64
Drivers: 11
id	x	y	end	sensitivity
85	91.94	90.2	23	1.98
86	95.34	140.4	22	0.78
87	12.79	51.31	23	1.28
88	130.81	60.34	26	1.75
89	33.54	61.03	25	0.94
90	177.24	83.85	23	1.35
91	90.48	105.75	23	0.79
92	34.68	0.27	24	1.71
93	98.04	133.5	24	1.51
94	151.73	36.58	22	0.59
95	97.72	142.76	23	0.53
Period: 23
Tasks:6
id	x	y	end	c
114	129.81	88.9	27	31.81
115	140.27	187.81	23	96.6
116	164.5	198.12	28	117.42
117	6.94	65.11	27	99.39
118	30.8	60.52	29	79.67
119	172.33	12.78	29	113.31
Drivers: 8
id	x	y	end	sensitivity
96	97.05	124.53	24	0.83
97	196	151.55	26	0.88
98	57.47	188.39	24	0.75
99	161.02	110.71	25	1.6
100	186.33	3.89	24	0.71
101	22.13	189.89	27	1.63
102	180.57	106.12	26	1.55
103	175.88	112.82	23	1.27
Period: 24
Tasks:4
id	x	y	end	c
120	16.56	124.73	32	87.03
121	53.73	23.84	27	89.11
122	189.25	17.94	29	121.24
123	109.27	141.24	26	42.27
Drivers: 5
id	x	y	end	sensitivity
104	60.6	182.77	28	1.49
105	4.05	163.14	28	0.8
106	194.12	191.46	26	1.15
107	0.87	167.76	25	1.53
108	149.89	121.89	27	0.99
Period: 25
Tasks:11
id	x	y	end	c
124	50.12	72.56	31	56.93
125	29.06	32.1	25	98.2
126	176.07	17.75	32	112.03
127	25.87	151.81	29	90.44
128	122.66	148.85	30	53.85
129	160.01	64.77	27	69.59
130	86.55	51.89	30	49.95
131	43.81	163.86	28	85.06
132	139.06	106.47	31	39.59
133	4.69	114.96	25	96.48
134	168.77	125.96	27	73.51
Drivers: 3
id	x	y	end	sensitivity
109	74.51	89.74	26	1.83
110	72.25	141.82	27	0.66
111	77.39	42.05	25	1.31
Period: 26
Tasks:7
id	x	y	end	c
135	12.24	22.81	31	116.88
136	106.02	22.01	28	78.22
137	69.31	42.28	30	65.37
138	81.43	20.4	29	81.74
139	93.15	63.76	30	36.88
140	100.41	35.3	26	64.7
141	6.41	176.65	29	120.97
Drivers: 5
id	x	y	end	sensitivity
112	27.44	24.13	26	1.7
113	31.26	65.95	27	0.95
114	33.89	192.18	28	0.57
115	19.41	82.05	29	1.03
116	168.47	13	27	1.11
Period: 27
Tasks:7
id	x	y	end	c
142	18.07	183.3	32	116.84
143	67.95	174.99	33	81.55
144	135.81	40.46	29	69.48
145	50.25	172.52	32	87.94
146	53.54	117.62	30	49.69
147	189.82	95.08	30	89.95
148	119.13	106.26	28	20.13
Drivers: 8
id	x	y	end	sensitivity
117	183.01	72.43	28	1.67
118	172.06	170.87	30	0.52
119	164.64	184.95	32	1.85
120	166.97	20.38	28	1.57
121	93.64	30.71	29	1.44
122	73.16	71.91	32	1.7
123	97.5	17.65	28	0.97
124	189.23	134.23	29	1.25
Period: 28
Tasks:1
id	x	y	end	c
149	29.81	195.31	32	118.37
Drivers: 3
id	x	y	end	sensitivity
125	159.75	6.42	28	0.82
126	88.99	58.04	28	1.4
127	95.76	177.18	28	1.22
Period: 29
Tasks:2
id	x	y	end	c
150	119.98	193.08	34	95.2
151	177.84	110.12	31	78.5
Drivers: 4
id	x	y	end	sensitivity
128	156.34	159.43	32	0.86
129	58.8	135.49	33	0.71
130	31.02	125.63	30	1.98
131	7.99	94.43	31	1.26
Period: 30
Tasks:6
id	x	y	end	c
152	125.69	9.36	34	94.21
153	141.16	97.89	32	41.21
154	180.22	187.18	33	118.47
155	171.44	91.92	33	71.9
156	180.63	32.69	34	105.03
157	113.37	4.55	32	96.38
Drivers: 6
id	x	y	end	sensitivity
132	6.61	46.17	31	1.89
133	64.46	35.6	33	0.87
134	58.88	128.47	34	1.35
135	183.92	143.73	33	1.23
136	171.2	133.24	33	1.27
137	121.21	3.38	31	1.41
Period: 31
Tasks:3
id	x	y	end	c
158	15.5	119.63	34	86.75
159	184.5	96.62	31	84.57
160	45.54	96.45	31	54.58
Drivers: 6
id	x	y	end	sensitivity
138	190.98	189.9	33	1.13
139	2.71	30.67	32	1.49
140	125.83	121.94	31	1.08
141	148.61	118.92	33	1.39
142	199.46	174.73	32	1.07
143	2.53	73.58	31	1.64
Period: 32
Tasks:4
id	x	y	end	c
161	87.01	186.26	36	87.23
162	115.5	161.89	33	63.8
163	179.13	3.71	38	124.63
164	181.37	46	36	97.66
Drivers: 3
id	x	y	end	sensitivity
144	199.06	66.81	34	1.6
145	11.51	119.26	32	0.72
146	179.01	186.09	35	1.92
Period: 33
Tasks:4
id	x	y	end	c
165	199.04	36.27	35	117.77
166	160.53	86.93	34	61.93
167	116.35	4.97	35	96.43
168	36.96	3.28	36	115.45
Drivers: 6
id	x	y	end	sensitivity
147	20.85	34.28	35	1.2
148	185.78	7.19	34	1.86
149	156.36	110.56	34	0.7
150	100.64	51.11	37	1.19
151	91.53	157.25	35	0.8
152	183.69	113.2	35	0.98
Period: 34
Tasks:8
id	x	y	end	c
169	107.15	0.63	34	99.63
170	49.96	158.68	36	77.12
171	58.79	109.29	35	42.24
172	17.47	85.31	36	83.83
173	112.29	54.12	34	47.5
174	176.63	37.89	37	98.64
175	176.01	182.29	38	112.02
176	188.12	56.97	36	98.06
Drivers: 2
id	x	y	end	sensitivity
153	59.73	32.42	36	1.9
154	75.81	117.48	35	1.27
Period: 35
Tasks:6
id	x	y	end	c
177	5.89	172.88	38	119.03
178	120.97	111.16	40	23.75
179	73.56	4.12	36	99.46
180	27.06	181.59	40	109.44
181	85.47	80.61	36	24.23
182	151.27	122.42	37	55.96
Drivers: 7
id	x	y	end	sensitivity
155	4.5	101.87	39	0.92
156	53.86	25.06	36	1.06
157	77.32	185.86	38	0.71
158	12.71	167.71	35	0.86
159	179.6	190.84	36	0.69
160	168.94	141.75	35	1.57
161	47.47	52.16	39	1.16
Period: 36
Tasks:4
id	x	y	end	c
183	160.59	67.46	40	68.77
184	139.67	29.81	36	80.62
185	75.48	110.42	40	26.64
186	105.56	195.57	42	95.73
Drivers: 4
id	x	y	end	sensitivity
162	4.8	189.17	39	0.69
163	12.8	25.6	37	0.73
164	27.17	12.66	37	0.81
165	53.45	95.15	38	1.6
Period: 37
Tasks:4
id	x	y	end	c
187	152.74	128.75	40	60.07
188	46.21	77.19	40	58.43
189	23.61	4.68	40	122.15
190	142.02	154.74	41	69.01
Drivers: 4
id	x	y	end	sensitivity
166	12.74	62.78	39	1.7
167	120.69	16.31	39	1.46
168	70.76	66.55	39	0.94
169	145.27	66.03	38	1.99
Period: 38
Tasks:4
id	x	y	end	c
191	120.31	22.04	42	80.56
192	193.09	32.88	42	114.76
193	25.34	113.91	43	75.94
194	73.61	88.92	42	28.62
Drivers: 4
id	x	y	end	sensitivity
170	114.69	174.34	40	1.01
171	69.42	161.73	39	1.87
172	155.6	44.02	38	1.92
173	138.25	114.15	41	1.82
Period: 39
Tasks:0
id	x	y	end	c
Drivers: 2
id	x	y	end	sensitivity
174	74.65	21.08	39	1.41
175	172.26	122.13	41	1.53
Period: 40
Tasks:12
id	x	y	end	c
195	64.7	20.43	41	87.05
196	86.96	138.06	42	40.23
197	61.69	123.78	42	45.09
198	67.73	51.08	44	58.6
199	1.83	78.38	44	100.52
200	195.15	150.35	42	107.65
201	191.84	128.47	42	96.15
202	71.7	8.72	43	95.57
203	137.13	112.23	42	39.09
204	32.05	44.57	42	87.69
205	172.1	0.02	44	123.27
206	15.18	159.27	44	103.48
Drivers: 10
id	x	y	end	sensitivity
176	60.98	173.2	42	1.27
177	128.38	62.43	41	1.93
178	188.39	29.02	42	1.99
179	159.75	180.91	41	1.29
180	116.77	105.98	41	0.75
181	44.41	180.1	44	1.12
182	104.22	43.03	41	1.9
183	111.59	21.75	40	1.97
184	44.81	98.79	41	1.16
185	131.56	107.86	42	1.11
Period: 41
Tasks:5
id	x	y	end	c
207	50.85	166.17	42	82.43
208	152.77	194.94	43	108.62
209	53.28	85.43	43	48.94
210	11.89	1.47	43	132.18
211	11.66	45.65	42	103.72
Drivers: 5
id	x	y	end	sensitivity
186	110.45	25.73	43	0.85
187	11.14	64.88	45	0.89
188	176.11	160.73	41	1.62
189	26.46	5.07	43	1
190	36.42	108.52	43	0.84
Period: 42
Tasks:4
id	x	y	end	c
212	146.8	59.71	44	61.75
213	23.08	80.14	43	79.44
214	109.67	111.33	45	14.9
215	78.53	153.08	47	57.26
Drivers: 6
id	x	y	end	sensitivity
191	101.65	112.87	43	1.29
192	72.48	176.64	44	1.93
193	31.96	2.28	47	0.69
194	160.02	113.48	44	0.98
195	22.4	149.19	45	1.43
196	17.11	48.01	45	1.41
Period: 43
Tasks:4
id	x	y	end	c
216	145.15	122.83	45	50.59
217	39.3	49.86	48	78.73
218	121.64	32.55	47	70.84
219	37.71	167.51	47	91.86
Drivers: 7
id	x	y	end	sensitivity
197	0.91	93.44	48	0.91
198	63.9	12.22	44	1.59
199	4.61	184.68	44	1.95
200	193.64	160.09	43	1.33
201	46.2	35.1	44	1.66
202	62.39	131.43	43	1.87
203	60.36	168.01	46	1.23
Period: 44
Tasks:6
id	x	y	end	c
220	95.1	125.8	47	26.26
221	57.67	90.63	45	43.35
222	125.22	113.05	50	28.4
223	118.48	124.9	46	31.01
224	159.92	66.39	46	68.7
225	45.95	197.97	47	111.89
Drivers: 5
id	x	y	end	sensitivity
204	117.37	9.78	46	0.74
205	57.34	160.08	44	0.67
206	191.32	58.15	48	0.84
207	126.32	59.31	46	0.51
208	167.81	169.68	45	1.44
Period: 45
Tasks:4
id	x	y	end	c
226	117.84	149	48	52.15
227	193.16	78.77	46	95.55
228	3.42	81.75	51	98.29
229	37.6	148.62	45	79.11
Drivers: 4
id	x	y	end	sensitivity
209	128.72	105.21	47	0.71
210	144.28	32.85	46	1.49
211	26.75	186.72	46	1.41
212	177.82	116.82	45	0.62
Period: 46
Tasks:6
id	x	y	end	c
230	45.68	46.06	49	76.55
231	76.58	117.84	49	29.44
232	100.24	132.61	53	32.61
233	40.45	139.58	48	71.5
234	15.83	141.02	53	93.63
235	151.29	112.74	48	52.85
Drivers: 3
id	x	y	end	sensitivity
213	14.88	179.67	50	0.59
214	35.19	142.97	50	1.5
215	88.44	131.39	48	0.74
Period: 47
Tasks:9
id	x	y	end	c
236	81.51	189.47	50	91.36
237	55.26	21.21	48	90.61
238	164.35	1.69	51	117.5
239	74.86	66.76	49	41.68
240	63.1	199.69	49	106.3
241	36.63	16.02	48	105.21
242	186.45	118.68	52	88.45
243	72.24	98.03	51	27.83
244	116.62	22.3	47	79.46
Drivers: 5
id	x	y	end	sensitivity
216	71.52	159.1	51	1.68
217	23.75	161.83	49	1.54
218	109.17	68.13	48	1.92
219	115.97	44.6	51	1.51
220	127.33	10.39	49	0.56
Period: 48
Tasks:5
id	x	y	end	c
245	188.58	46.17	51	103.65
246	181.54	79.48	52	84.08
247	152.98	16.27	53	99.08
248	106.05	112.36	50	13.76
249	24.17	139.55	54	85.52
Drivers: 3
id	x	y	end	sensitivity
221	12.5	13.42	52	1.56
222	21.33	47.09	51	1.83
223	56.42	151.23	50	1.37
Period: 49
Tasks:5
id	x	y	end	c
250	37.59	197.58	52	115.83
251	179.14	127.07	51	83.64
252	154.75	88.04	51	56.04
253	115.1	123.36	50	27.82
254	186.16	191.06	50	125.36
Drivers: 4
id	x	y	end	sensitivity
224	77.01	131.75	49	1.05
225	154.17	114.44	50	1.96
226	149.63	119.46	51	1.68
227	191.87	137.05	51	0.75
Period: 50
Tasks:3
id	x	y	end	c
255	121.9	25.85	54	77.32
256	44.64	192.06	52	107.42
257	0.16	79.42	50	101.94
Drivers: 9
id	x	y	end	sensitivity
228	8.88	190.21	51	1.61
229	52.41	94.8	54	0.86
230	181.82	121.26	52	1.11
231	148.47	32.25	52	1.01
232	58.87	29.16	54	1.33
233	196.15	11.94	52	0.96
234	42.46	91.72	53	0.97
235	41.8	109.82	51	0.57
236	34.25	182.13	54	1.03
Period: 51
Tasks:6
id	x	y	end	c
258	6.43	126.7	54	97.3
259	108.56	105.8	57	10.34
260	140	95.97	54	40.2
261	193.08	122.89	52	95.85
262	111.85	88.22	55	16.71
263	141.68	179.84	52	90.06
Drivers: 5
id	x	y	end	sensitivity
237	113.59	38.1	53	0.63
238	22.09	5.23	55	1.94
239	67.74	60.6	53	1.58
240	177.19	5.38	52	1.81
241	54.49	112.36	54	1.85
Period: 52
Tasks:4
id	x	y	end	c
264	44.89	78.69	57	59.09
265	137.17	82.24	55	41.19
266	100.08	145.68	53	45.68
267	164.3	3.08	58	116.31
Drivers: 4
id	x	y	end	sensitivity
242	165.97	48.21	55	0.59
243	168.89	17.48	55	0.85
244	158.73	104.13	53	1.03
245	194.09	132.42	54	1.06
Period: 53
Tasks:7
id	x	y	end	c
268	63.01	65.94	57	50.28
269	155.77	99.3	57	55.77
270	67.21	46.3	55	62.92
271	34.8	33.55	56	93.09
272	62.01	63.67	55	52.57
273	57.58	154.13	57	68.77
274	0.07	95.31	55	100.04
Drivers: 9
id	x	y	end	sensitivity
246	152.33	147.66	55	0.68
247	131.78	89.43	57	0.63
248	20.09	25.73	53	1.08
249	54.12	91.9	55	0.81
250	180.81	42.18	53	1.81
251	171.52	95.3	54	0.92
252	190.3	41.33	57	1.81
253	14.96	17.67	55	0.92
254	88.68	175.02	55	0.92
Period: 54
Tasks:6
id	x	y	end	c
275	88.59	28.21	55	72.69
276	46.97	69.1	58	61.38
277	64.06	7.67	59	99.08
278	44.17	24.13	55	94.2
279	157.38	105.1	58	57.61
280	85.14	124.2	59	28.4
Drivers: 6
id	x	y	end	sensitivity
255	16.91	116.09	55	0.6
256	128.87	32.82	55	1.17
257	14.49	46.43	56	1.52
258	170.84	93.34	54	1.94
259	141.85	141.35	56	1.99
260	31.62	120.67	55	1.74
Period: 55
Tasks:3
id	x	y	end	c
281	66.52	12.19	58	93.98
282	84.81	188.74	57	90.03
283	16.78	18.77	59	116.29
Drivers: 6
id	x	y	end	sensitivity
261	105.56	16.59	56	1.27
262	84.39	129.74	55	0.81
263	75.29	107.51	57	1.27
264	167.34	134.35	57	1.09
265	182.49	153.6	57	1.43
266	68.96	20.93	57	1.24
Period: 56
Tasks:8
id	x	y	end	c
284	41.2	196.78	58	113.24
285	48.5	16.8	59	97.85
286	48.71	5.98	59	107.1
287	33.74	152.74	59	84.69
288	186.3	114.52	60	87.51
289	116.64	152.31	58	54.89
290	25.42	121.7	58	77.67
291	6.48	82.7	61	95.11
Drivers: 4
id	x	y	end	sensitivity
267	64.88	99.84	57	1.93
268	192.07	93.41	61	0.62
269	77.4	10.88	57	0.87
270	48.37	89.55	56	1.28
Period: 57
Tasks:10
id	x	y	end	c
292	49.29	155.68	58	75.31
293	37.58	128.4	63	68.58
294	101.77	14.16	60	85.86
295	163.53	17.91	59	103.8
296	47.19	67.2	60	62.17
297	98.32	50.08	65	49.95
298	173.04	172.53	60	102.93
299	128	107.39	57	28.96
300	76.82	8.54	61	94.35
301	188.21	51.03	58	100.89
Drivers: 5
id	x	y	end	sensitivity
271	114.97	127.82	60	0.54
272	126.26	101.78	61	1.03
273	130.66	111.1	58	1.76
274	98.52	21.3	59	1.22
275	188.44	49.88	59	1.33
Period: 58
Tasks:5
id	x	y	end	c
302	173.22	189.87	60	115.92
303	134.93	52.79	65	58.73
304	6.14	136.47	61	100.7
305	58.25	49.06	58	65.86
306	168.79	175.01	59	101.78
Drivers: 2
id	x	y	end	sensitivity
276	123.46	176.12	58	1.54
277	147.07	168.17	60	1.58
Period: 59
Tasks:3
id	x	y	end	c
307	82.16	73.03	60	32.34
308	67.45	126.93	61	42.25
309	18.03	35.97	60	104.01
Drivers: 5
id	x	y	end	sensitivity
278	38.95	103.59	60	1.14
279	18.45	199.22	61	0.79
280	72.49	101.74	63	1.56
281	51.7	107.95	59	0.52
282	62.68	182.46	60	1.78
Period: 60
Tasks:7
id	x	y	end	c
310	116.6	112.15	62	20.57
311	109.88	65.23	62	36.15
312	40.93	24.87	63	95.57
313	147.79	17.66	62	95.2
314	36.86	4.81	63	114.23
315	26.58	70.49	64	79.13
316	13.92	147.13	61	98.14
Drivers: 4
id	x	y	end	sensitivity
283	31.73	186.51	63	0.55
284	34.13	121.46	60	1.87
285	15.89	83.05	62	1.91
286	64.59	182.71	64	1.63
Period: 61
Tasks:6
id	x	y	end	c
317	75.96	18.46	65	85.01
318	139.61	45.76	62	67.16
319	150.86	183.45	64	97.73
320	104.85	175.26	66	75.42
321	146.84	67.25	63	57.15
322	18.24	96.8	64	81.82
Drivers: 9
id	x	y	end	sensitivity
287	59.95	159.03	62	1.07
288	129.14	182	64	1.53
289	166.14	54.86	66	1.98
290	29.59	11.4	65	1.62
291	134.47	138.15	64	1.61
292	194.79	31.35	64	0.57
293	74.22	173.43	63	0.77
294	114.83	100.44	64	1.36
295	1.28	87.19	62	1.91
Period: 62
Tasks:10
id	x	y	end	c
323	25.5	99.65	64	74.5
324	116.59	36.11	67	66.01
325	3.19	122.52	65	99.39
326	108.6	46.83	64	53.86
327	138.92	73.99	66	46.81
328	38.48	166.67	65	90.72
329	36.75	98.13	65	63.28
330	130.82	74.25	66	40.16
331	31.98	1.11	65	120.02
332	198.83	177.56	65	125.63
Drivers: 6
id	x	y	end	sensitivity
296	89.79	147.55	65	1.09
297	191.37	161.77	65	1.08
298	178.43	9.4	64	2
299	115.96	160.8	63	1.98
300	130.81	154.59	67	1.81
301	32.73	132.15	62	1.99
Period: 63
Tasks:5
id	x	y	end	c
333	142.67	177.92	64	88.84
334	175.13	192.75	67	119.36
335	107.26	145.77	67	46.34
336	75.86	137.63	63	44.71
337	80.12	97.61	67	20.02
Drivers: 4
id	x	y	end	sensitivity
302	51.66	144.73	65	1.36
303	155.04	57.21	63	1.64
304	95.25	16.47	65	1.95
305	115.81	137.92	67	1.37
Period: 64
Tasks:5
id	x	y	end	c
338	82.13	55.83	69	47.65
339	92.9	20.53	68	79.79
340	191.28	158.68	66	108.51
341	134.56	82.37	65	38.8
342	195.02	11.14	70	130.1
Drivers: 5
id	x	y	end	sensitivity
306	91.77	130.03	69	1.51
307	34.22	192.11	65	1.06
308	166.18	172.43	65	1.38
309	180.4	84.74	68	1.63
310	127.59	89.37	67	1.8
Period: 65
Tasks:6
id	x	y	end	c
343	173.87	124.47	72	77.82
344	81.46	108.63	71	20.45
345	156.15	181.23	65	98.75
346	59.43	57.08	69	59.06
347	95.39	117.7	71	18.29
348	81.64	11.03	69	90.84
Drivers: 2
id	x	y	end	sensitivity
311	184.46	163.04	65	1.23
312	192.18	38.5	66	1.22
Period: 66
Tasks:4
id	x	y	end	c
349	6.43	170.85	66	117.37
350	139.53	199.79	68	107.33
351	187.33	36.56	70	107.94
352	74	110.12	71	27.9
Drivers: 6
id	x	y	end	sensitivity
313	125.88	148.78	67	1.81
314	141.69	5.89	67	0.74
315	184.84	149.01	68	1.1
316	26.51	18.83	70	1.94
317	12.39	174.17	67	1.95
318	114.64	149.09	70	1.13
Period: 67
Tasks:7
id	x	y	end	c
353	119.22	119.88	72	27.65
354	179.91	156.06	73	97.61
355	124.95	88.25	68	27.58
356	136.83	40.76	70	69.76
357	1.95	197.5	69	138.28
358	143.56	173.16	67	85.15
359	129.14	180.53	72	85.64
Drivers: 4
id	x	y	end	sensitivity
319	190.08	1.69	69	1.43
320	179.18	155.05	69	1.92
321	198.82	189.04	69	1.41
322	99.95	102.1	68	1.49
Period: 68
Tasks:5
id	x	y	end	c
360	179.66	15.24	73	116.32
361	33.91	92.02	70	66.57
362	147.83	152.76	68	71.21
363	190.09	57.2	73	99.74
364	27.07	167.55	72	99.41
Drivers: 10
id	x	y	end	sensitivity
323	15.97	76.77	72	1.62
324	96.44	47.69	69	1.26
325	77.29	132.15	69	0.56
326	174.63	167.13	70	0.59
327	79.29	105.52	70	0.72
328	130.91	54.86	70	1.3
329	49.11	154.91	68	0.91
330	125.93	28.49	69	1.03
331	75.23	142.06	70	0.64
332	155.29	67.34	68	0.85
Period: 69
Tasks:7
id	x	y	end	c
365	86.77	185.24	72	86.26
366	6.72	35.43	72	113.45
367	112.29	154.68	72	56.04
368	122.78	118.32	75	29.23
369	126.73	7.5	74	96.28
370	54.48	76.17	71	51.38
371	52.31	126.67	73	54.64
Drivers: 5
id	x	y	end	sensitivity
333	104.14	48.83	71	1.51
334	173.84	51.52	71	1.32
335	196.69	62.31	71	0.65
336	159.34	136.14	71	1.32
337	104.86	53.15	72	0.71
Period: 70
Tasks:3
id	x	y	end	c
372	36.21	111.83	73	64.88
373	59.18	155.57	72	68.95
374	181.96	85.07	73	83.31
Drivers: 10
id	x	y	end	sensitivity
338	106.42	57.84	72	1.51
339	17.09	99.58	73	1.05
340	120.64	73.48	73	1.52
341	190.71	2.63	72	1.05
342	177.38	170.36	70	0.94
343	123.06	8.61	70	0.96
344	23.91	90.74	71	1.79
345	14.53	33.19	71	0.95
346	137.13	18.66	71	1.34
347	40.63	16.43	74	1.72
Period: 71
Tasks:7
id	x	y	end	c
375	184.64	188.04	72	122.13
376	11.55	15.84	74	122.09
377	100.03	13.57	72	86.43
378	155.47	127.81	75	62.05
379	161.3	93.87	72	61.61
380	52.53	168.54	74	83.37
381	38.3	111.32	76	62.73
Drivers: 5
id	x	y	end	sensitivity
348	176	118.27	74	0.71
349	197.12	55.39	71	0.93
350	28.01	198.17	73	1.91
351	32.7	62.8	72	1.24
352	162.21	89.2	73	1.8
Period: 72
Tasks:6
id	x	y	end	c
382	17.53	139.99	73	91.65
383	6	161	74	112.06
384	135	77.3	74	41.72
385	163.43	15.99	73	105.27
386	67.21	150.8	74	60.46
387	11.71	54.35	76	99.39
Drivers: 5
id	x	y	end	sensitivity
353	62.21	64.06	74	0.55
354	61.72	168.68	76	1.32
355	160.04	11.03	77	1.93
356	105.58	40.68	75	1.1
357	62.95	105.77	75	0.68
Period: 73
Tasks:4
id	x	y	end	c
388	3.15	24.63	76	122.72
389	140.05	5.12	74	102.99
390	197.95	139.02	76	105.44
391	55.09	183.79	75	95.07
Drivers: 7
id	x	y	end	sensitivity
358	36.31	167.04	76	1.53
359	160.76	196.74	77	1.29
360	109.46	53.35	74	1.26
361	119.07	79.6	75	1
362	36.95	109.78	76	0.77
363	193.62	50.62	74	0.92
364	31.77	80.39	75	1.79
Period: 74
Tasks:6
id	x	y	end	c
392	34.55	41.56	79	87.74
393	30.52	108.44	77	69.99
394	9.74	74.98	77	93.66
395	128.15	14.72	76	89.81
396	0.13	57.06	76	108.71
397	30.5	72.75	75	74.65
Drivers: 3
id	x	y	end	sensitivity
365	26.82	178.41	75	1.72
366	103.04	127.51	77	1.25
367	0.36	136.93	74	1.01
Period: 75
Tasks:6
id	x	y	end	c
398	66.26	134.83	78	48.49
399	70.36	81.42	82	34.98
400	24.86	67.29	80	81.95
401	142.73	67.2	76	53.87
402	144.13	29.95	80	82.79
403	0.96	137.99	77	106.08
Drivers: 1
id	x	y	end	sensitivity
368	60	148.65	77	1.38
Period: 76
Tasks:5
id	x	y	end	c
404	185.32	98.04	77	85.34
405	125.09	140.01	78	47.23
406	141.21	39.22	80	73.43
407	147.39	67.05	79	57.72
408	108.09	144.49	77	45.22
Drivers: 4
id	x	y	end	sensitivity
369	20.87	146.51	83	1.92
370	6.51	100.64	76	0.84
371	151.9	142.78	78	0.89
372	78.42	18.47	77	1.52
Period: 77
Tasks:4
id	x	y	end	c
409	116.61	42.73	80	59.63
410	178.49	160.08	79	98.84
411	60.26	35.04	80	76.15
412	139.02	98.44	83	39.05
Drivers: 3
id	x	y	end	sensitivity
373	120.6	50.17	78	0.95
374	41.22	148.44	79	1.92
375	158.62	71.31	80	1.28
Period: 78
Tasks:2
id	x	y	end	c
413	78.58	167.96	80	71.26
414	32.31	64.94	80	76.23
Drivers: 6
id	x	y	end	sensitivity
376	71.59	190.47	78	1.3
377	145.52	154.48	79	0.7
378	176.17	187.93	82	1.76
379	92.28	68.35	78	1.96
380	32.81	8.14	80	1.31
381	99.46	58.24	79	1.13
Period: 79
Tasks:5
id	x	y	end	c
415	68.61	10.88	88	94.49
416	90.5	187.55	87	88.06
417	196.15	165.18	82	116.16
418	48.74	149.93	81	71.56
419	197.37	160.49	80	114.63
Drivers: 6
id	x	y	end	sensitivity
382	152.09	72.87	80	0.83
383	41.85	116.71	80	0.62
384	111.13	20.46	79	1.63
385	183.2	174.55	82	1.39
386	7.23	144.22	81	0.85
387	132.62	59.97	80	1.97
Period: 80
Tasks:6
id	x	y	end	c
420	99.68	160.52	86	60.52
421	64.01	95.17	84	36.31
422	148.03	118.09	80	51.32
423	81.96	125.65	83	31.36
424	102.45	186.45	81	86.48
425	103.98	161.64	82	61.77
Drivers: 1
id	x	y	end	sensitivity
388	101.15	154.5	84	1.38
Period: 81
Tasks:5
id	x	y	end	c
426	32.5	105.23	84	67.7
427	48.11	128.45	82	59.18
428	97.53	89.91	84	10.39
429	199.22	14.66	84	130.87
430	73.43	165.47	86	70.66
Drivers: 4
id	x	y	end	sensitivity
389	74.41	117.56	83	1.48
390	27.2	49.55	84	1.83
391	193.99	106.38	84	0.75
392	181.65	2.03	84	1.14
Period: 82
Tasks:5
id	x	y	end	c
431	188.29	10.23	84	125.91
432	50.77	87.77	89	50.73
433	139.34	33.69	87	77.1
434	0.01	14.36	85	131.65
435	57.6	187.68	84	97.39
Drivers: 4
id	x	y	end	sensitivity
393	51.78	40.69	84	1.37
394	131.08	27.33	86	0.73
395	176.42	57.44	85	1.41
396	197.95	29.32	85	2
Period: 83
Tasks:4
id	x	y	end	c
436	84.36	50.34	86	52.06
437	154.17	92.65	84	54.67
438	83.05	123.54	86	29.01
439	17.04	68.03	87	88.91
Drivers: 8
id	x	y	end	sensitivity
397	91.57	66.11	86	1.09
398	32.64	90.36	85	1.99
399	43.3	41.45	86	0.98
400	158.88	16.29	83	1.67
401	68.08	199.28	84	1.18
402	98.49	86.46	85	0.7
403	15.8	4.6	83	0.64
404	101.3	62.3	84	0.86
Period: 84
Tasks:6
id	x	y	end	c
440	156.7	78.15	85	60.76
441	134.37	140.99	90	53.49
442	85.86	110.69	84	17.73
443	121.88	27.67	87	75.57
444	32.59	112.43	92	68.55
445	194.62	74.73	85	97.94
Drivers: 8
id	x	y	end	sensitivity
405	125.86	128.93	84	1.29
406	103.52	19.84	87	0.81
407	173.91	50.87	86	0.89
408	82	29.6	85	1.19
409	148.48	128.5	86	1.39
410	199.42	23.09	87	1.92
411	19.96	129.01	87	1.27
412	174.12	173.58	90	1.32
Period: 85
Tasks:4
id	x	y	end	c
446	162.3	169.85	87	93.6
447	178.64	104.89	87	78.79
448	121.24	145.11	88	49.86
449	158.27	155.37	88	80.38
Drivers: 3
id	x	y	end	sensitivity
413	158.94	21.27	87	1.45
414	146.06	150.87	85	0.8
415	193.12	56.44	89	1.79
Period: 86
Tasks:5
id	x	y	end	c
450	188.4	161.48	86	107.68
451	149.84	169.33	86	85.39
452	40.01	120.28	90	63.33
453	7.12	140.83	89	101.46
454	49.73	139.89	92	64.17
Drivers: 6
id	x	y	end	sensitivity
416	181.32	103.72	87	1.97
417	59.05	64.89	87	1.93
418	103.88	90.12	88	0.91
419	67.75	182.87	87	1.94
420	24.93	96.92	86	0.96
421	118.13	118.8	86	1.41
Period: 87
Tasks:4
id	x	y	end	c
455	135.54	41.76	88	68.23
456	150.01	83.53	88	52.65
457	181.65	174.09	90	110.25
458	114.8	142.63	94	45.13
Drivers: 4
id	x	y	end	sensitivity
422	195.47	112.07	90	0.57
423	177.95	175.24	89	0.65
424	72.11	178.22	88	1.65
425	147.28	164.2	89	0.61
Period: 88
Tasks:5
id	x	y	end	c
459	60.72	158.27	93	70.27
460	189.34	138.69	89	97.36
461	13.68	150.64	88	100.08
462	22.68	78.16	91	80.35
463	18	122.45	95	85.02
Drivers: 4
id	x	y	end	sensitivity
426	137.53	56.82	88	0.64
427	177.27	151.16	89	1.87
428	90.67	192.47	90	1.92
429	106.9	193.51	89	0.52
Period: 89
Tasks:1
id	x	y	end	c
464	139.74	78.78	93	45.05
Drivers: 1
id	x	y	end	sensitivity
430	139.56	191.81	91	1.32
Period: 90
Tasks:4
id	x	y	end	c
465	98.95	147.8	97	47.81
466	124.88	103.14	93	25.08
467	177.91	194.75	92	122.67
468	39.43	123.95	93	65.13
Drivers: 6
id	x	y	end	sensitivity
431	3.39	15.1	92	1.51
432	71.87	74.16	91	0.85
433	98.23	0.72	92	0.66
434	142.88	57.87	92	1.06
435	154.71	108.55	92	1.57
436	104.46	168.98	92	1.67
Period: 91
Tasks:6
id	x	y	end	c
469	181.24	173.37	94	109.47
470	37.07	5.93	92	113.18
471	115.65	1.09	94	100.14
472	2.91	189.08	92	131.76
473	101.88	156.27	96	56.3
474	1.89	106.01	95	98.29
Drivers: 6
id	x	y	end	sensitivity
437	104.9	141.77	93	1.44
438	136.28	146.21	94	0.58
439	194.88	71.57	95	1.6
440	21.63	131.8	93	1.15
441	79.72	47.16	92	0.97
442	174.05	179.75	94	0.88
Period: 92
Tasks:7
id	x	y	end	c
475	179.73	192.88	96	122.41
476	191.07	114.26	95	92.18
477	42.26	154.88	93	79.66
478	114.83	103.28	100	15.19
479	96.9	79.46	96	20.77
480	29.08	122.16	95	74.3
481	22.06	103.81	96	78.03
Drivers: 5
id	x	y	end	sensitivity
443	96.23	159.92	92	1.03
444	73.4	74.6	93	0.96
445	168.53	49.95	95	1.78
446	99.82	123.23	95	1.79
447	33.77	138.08	95	1
Period: 93
Tasks:6
id	x	y	end	c
482	25.06	191.21	96	118.05
483	31.33	133.16	98	76.26
484	75.52	121.82	94	32.79
485	111.06	115.5	98	19.04
486	160.93	177.48	95	98.57
487	142.35	62.56	94	56.53
Drivers: 4
id	x	y	end	sensitivity
448	197.12	121.67	94	0.73
449	38.66	57.85	93	0.61
450	110.84	154.98	97	1.15
451	14.35	155.33	97	1.3
Period: 94
Tasks:5
id	x	y	end	c
488	126.29	140.11	95	47.96
489	157.54	125.21	95	62.82
490	91.23	26.86	95	73.66
491	114.02	0.04	97	100.94
492	46.03	15	99	100.69
Drivers: 4
id	x	y	end	sensitivity
452	176	198.3	96	0.71
453	75.48	153.97	95	1.87
454	181.04	136.29	101	1.06
455	24.04	43.49	99	1.46
Period: 95
Tasks:8
id	x	y	end	c
493	83.69	159.91	96	62.09
494	53.79	175.23	101	88.29
495	86.18	158.8	101	60.4
496	111.58	11.76	97	89
497	183.39	130.16	96	88.68
498	192.48	92.99	98	92.75
499	198	46.01	96	111.89
500	179	128.39	99	83.95
Drivers: 5
id	x	y	end	sensitivity
456	31.05	106.72	100	1.24
457	185.83	9.46	100	0.77
458	84.4	47.92	97	1.63
459	74.42	21.58	98	1.38
460	73.6	47.14	98	0.94
Period: 96
Tasks:3
id	x	y	end	c
501	129.13	106.57	98	29.86
502	105.21	166.04	100	66.25
503	166.85	102.16	98	66.88
Drivers: 6
id	x	y	end	sensitivity
461	8.58	130.04	99	1.73
462	47.31	83.11	100	1.27
463	127.24	61.98	98	0.53
464	152.06	69.67	97	0.86
465	149.76	53.08	98	1.68
466	57.87	150.93	97	0.98
Period: 97
Tasks:6
id	x	y	end	c
504	81.76	91.32	98	20.2
505	132.08	23.03	99	83.39
506	14.66	50.67	99	98.57
507	36.76	164.45	98	90.29
508	90.8	33.08	101	67.55
509	40	87.99	101	61.19
Drivers: 8
id	x	y	end	sensitivity
467	114.81	173.8	97	0.83
468	62.7	129.38	99	1.9
469	95.07	67	101	1.2
470	124.73	109.39	99	1.83
471	45.32	178.11	97	1.6
472	155.13	182.25	99	1.05
473	120.46	29.62	98	0.99
474	2.56	137.91	99	1.16
Period: 98
Tasks:0
id	x	y	end	c
Drivers: 2
id	x	y	end	sensitivity
475	11.16	134.07	99	1.32
476	10.19	94.79	100	1.51
Period: 99
Tasks:4
id	x	y	end	c
510	24.17	112.41	101	76.84
511	86.28	112.89	101	18.83
512	92.36	84.43	103	17.34
513	91.69	173.78	101	74.25
Drivers: 8
id	x	y	end	sensitivity
477	20.79	71.48	103	1.9
478	194.31	115.85	100	1.63
479	179.29	152.13	102	0.63
480	173.57	183.99	101	1.81
481	23.23	65.92	100	1.45
482	126.18	197.18	101	0.52
483	91.47	13.86	102	1.7
484	184.65	46.41	100	1.32
Period: 100
Tasks:5
id	x	y	end	c
514	140.6	13.36	104	95.68
515	125.61	69.73	104	39.65
516	65.69	64.1	103	49.66
517	163.34	184.32	102	105.46
518	93.16	97.92	103	7.15
Drivers: 6
id	x	y	end	sensitivity
485	3.61	125.44	102	1.65
486	125.21	71.18	101	1.8
487	33.63	10.36	102	0.88
488	33.93	1.96	101	0.86
489	19.14	84.65	102	0.71
490	24.91	174.39	100	1.09
