Periods: 100
Task Arrival Rate: 5
Task Average Time: 2
Driver Arrival Rate: 10
Driver Average Time: 2
Period: 1
Tasks:1
id	x	y	end	c
1	152.52	85.91	3	54.38
Drivers: 11
id	x	y	end	sensitivity
1	178.06	183.16	4	1.59
2	1.98	1.99	2	0.56
3	141.58	178.72	1	1.4
4	62.01	90.55	4	0.55
5	120.07	94.37	4	1.15
6	144.57	51.39	4	1.16
7	27.76	136.33	3	0.82
8	152.68	158.82	3	0.9
9	119.35	165.56	2	1.21
10	140.61	181.33	5	1.77
11	46.67	121.95	1	1.34
Period: 2
Tasks:5
id	x	y	end	c
2	4.18	124.07	2	98.8
3	175.61	131.83	2	82.04
4	0.86	155.03	4	113.39
5	91.9	82.23	5	19.53
6	55.41	69.95	4	53.77
Drivers: 14
id	x	y	end	sensitivity
12	144.01	198.47	2	1.2
13	64.38	129.96	3	0.9
14	35.87	28.54	2	1.19
15	79.33	72.61	4	1.68
16	99.73	178.44	2	1.68
17	150.52	134.08	3	0.79
18	68	77.4	4	1.63
19	15.23	160.02	6	1.45
20	37.27	128.63	3	0.87
21	0.34	104.18	4	1.9
22	21.71	141.85	6	1.65
23	157.48	44.29	4	1.47
24	45.69	118.54	3	1.22
25	113.45	178.57	4	1.63
Period: 3
Tasks:2
id	x	y	end	c
7	5.01	134.25	5	100.98
8	97.15	129.35	7	29.49
Drivers: 9
id	x	y	end	sensitivity
26	38.8	172.03	6	1.21
27	67.72	33.32	5	1.2
28	131.96	189.07	5	0.56
29	123.27	181.49	6	1.84
30	39.83	88.13	3	0.65
31	177.34	121.4	4	1.58
32	68.77	54.77	6	1.19
33	187.77	130.84	5	1
34	185.65	82.09	3	0.56
Period: 4
Tasks:9
id	x	y	end	c
9	128.77	105.99	5	29.39
10	197.42	107.2	4	97.69
11	28.78	144.42	9	83.94
12	26.27	163.17	6	97.09
13	61.86	43.1	6	68.5
14	53.48	31.71	6	82.63
15	59.04	66.93	4	52.64
16	175	38.47	4	97.01
17	101.82	197.36	6	97.38
Drivers: 7
id	x	y	end	sensitivity
35	125.41	197.41	7	1.02
36	167.46	39.39	5	1.05
37	79.49	23.99	6	0.56
38	141.14	15.21	5	1.27
39	43.5	67.79	5	1.16
40	191.01	155.3	7	1.37
41	135.11	108.27	6	1.67
Period: 5
Tasks:6
id	x	y	end	c
18	52.54	164.75	8	80.28
19	134.11	122.43	5	40.82
20	29.75	67.23	8	77.52
21	195.03	124.57	8	98.15
22	85.96	188.18	7	89.29
23	141.45	177.67	6	88.04
Drivers: 15
id	x	y	end	sensitivity
42	104.96	77.53	6	0.52
43	43.89	188.5	8	0.75
44	129.93	166.65	8	0.55
45	163.56	7.49	5	0.94
46	40.09	171.81	9	1.79
47	93.82	130.53	6	0.82
48	49.59	102.92	5	1.27
49	155.34	81.71	6	1.28
50	47.43	197.51	8	1.18
51	176.81	41.89	7	0.67
52	37.35	37.97	6	0.97
53	82.13	130.24	6	1.35
54	83.4	148.4	7	0.63
55	6.86	101.16	7	1.21
56	5.09	53.76	8	1.66
Period: 6
Tasks:4
id	x	y	end	c
24	193.87	138.88	11	101.6
25	63.42	173.08	7	81.72
26	56.92	74.44	7	50.09
27	94.73	195.25	8	95.4
Drivers: 10
id	x	y	end	sensitivity
57	55.61	4.98	7	1.17
58	111.9	69.89	8	1.39
59	169.29	109.22	7	1.31
60	104.72	8.21	11	1.56
61	69.5	90.06	8	1.48
62	66.87	31.77	8	1.96
63	37.99	129.81	7	1.57
64	4.42	71.87	8	1.59
65	75.16	197.72	7	0.68
66	67.69	116.48	10	1.71
Period: 7
Tasks:3
id	x	y	end	c
28	108.93	136.9	11	37.97
29	176.27	16.9	9	112.8
30	187.41	73.67	9	91.29
Drivers: 20
id	x	y	end	sensitivity
67	130.76	36.2	8	1.68
68	61.89	156.94	8	1.73
69	118.6	17.93	8	1.73
70	139.49	176.56	8	1.06
71	136.97	137.08	7	1.71
72	193.1	135.85	7	1.95
73	82.29	126.73	13	1.3
74	100.03	106.99	9	1.46
75	78.13	79.17	11	1.07
76	10.41	166.45	10	1.84
77	116.54	172.05	7	0.69
78	12.87	118.52	9	0.64
79	105.8	5.07	8	1.22
80	12.39	75.15	7	1.08
81	196.93	50.92	9	0.83
82	88.06	179.58	10	0.89
83	93.24	86.07	7	1.67
84	110.89	7.06	9	1.59
85	18.65	181.08	8	1.79
86	120.32	128.81	8	1.96
Period: 8
Tasks:4
id	x	y	end	c
31	153.34	166.86	12	85.53
32	7.3	61.58	10	100.35
33	49.02	96.88	10	51.08
34	84.37	118.96	10	24.57
Drivers: 13
id	x	y	end	sensitivity
87	24.83	91.5	10	1.77
88	85.45	113.61	10	0.61
89	25.55	101.67	11	1.65
90	89.72	32.39	10	1.93
91	75.76	45.12	9	1.33
92	70.26	104.98	9	0.86
93	57.29	145.83	13	0.76
94	172.19	186.84	10	1.8
95	93.68	40.55	10	0.94
96	192.31	67.77	9	1.36
97	25.59	144.83	10	1.22
98	88.99	153.22	11	1.47
99	86.41	30.37	10	0.58
Period: 9
Tasks:9
id	x	y	end	c
35	145.89	94.88	11	46.17
36	164.43	141.51	11	76.64
37	151.25	113.25	10	52.94
38	45.69	4.46	13	109.9
39	81.45	158.94	9	61.79
40	103.01	38.51	11	61.56
41	73.98	94.71	12	26.55
42	11.88	192.65	9	127.86
43	14.69	1.98	9	129.95
Drivers: 13
id	x	y	end	sensitivity
100	167.16	45.98	10	1.03
101	125.05	52.63	13	1.56
102	75.36	95.96	11	1.95
103	16.92	189.99	12	1.27
104	66.94	95.19	11	1.83
105	6.53	58.59	10	1.15
106	21.06	19.24	12	1.2
107	85.98	192.67	10	1.26
108	11.78	149.81	11	0.74
109	72.9	38.42	13	1.96
110	74.64	11.4	10	1.03
111	65.45	149.56	13	1.94
112	45.31	26.99	11	0.93
Period: 10
Tasks:1
id	x	y	end	c
44	155.22	190.5	11	106.02
Drivers: 16
id	x	y	end	sensitivity
113	127.94	102.48	11	0.63
114	76.83	125.24	13	1.47
115	80.05	195.26	12	1.51
116	24.41	15.7	12	1.23
117	164.96	44.68	13	1.8
118	124.98	155.76	13	2
119	58.74	180.9	11	1.17
120	84.87	131.78	12	1.64
121	93.17	31.42	11	1.65
122	44.9	180.65	14	1.03
123	49.08	14.22	11	0.52
124	41.08	131.19	12	1.78
125	2.63	137.59	10	0.76
126	163.52	180.05	10	1.13
127	130.21	105.41	11	0.75
128	152.15	193.54	13	1.98
Period: 11
Tasks:3
id	x	y	end	c
45	91.97	45.48	13	55.11
46	19.18	172.73	16	108.73
47	13.71	156.57	14	103.18
Drivers: 5
id	x	y	end	sensitivity
129	163.67	67.13	11	1
130	118.21	168.76	15	0.8
131	184.9	52.76	13	1.11
132	118.21	85.82	16	0.63
133	67.87	197.08	13	0.63
Period: 12
Tasks:7
id	x	y	end	c
48	19.8	152.41	15	95.81
49	17.07	14.11	16	119.39
50	162.76	50.6	15	79.87
51	147.63	94.11	15	47.99
52	34.17	138.5	14	76.26
53	72.17	191.69	15	95.82
54	14.93	129.68	13	90.1
Drivers: 12
id	x	y	end	sensitivity
134	181.19	140.92	14	1.33
135	160.81	33.8	16	0.9
136	35	60.73	14	1.06
137	88.87	83.16	13	1.34
138	176.59	50.04	14	1.46
139	5.54	171.94	13	1.07
140	133.27	15.33	16	1.48
141	145.12	7.87	16	0.85
142	91.13	115.94	14	0.99
143	19.09	66.24	16	1.48
144	8.3	128.96	16	0.72
145	79.51	83.46	15	0.83
Period: 13
Tasks:5
id	x	y	end	c
55	193.35	149.77	16	105.79
56	9.31	124.75	13	94.01
57	184.74	97.71	15	84.77
58	96.59	173.95	16	74.03
59	70.24	147.51	15	56.06
Drivers: 10
id	x	y	end	sensitivity
146	159.23	9.25	16	0.95
147	6.18	178.21	18	1.79
148	26.29	57.31	13	1.88
149	165.94	24.03	14	1.07
150	6.15	189.33	14	1.24
151	181.65	90.98	14	0.82
152	141.77	28.5	14	1.19
153	156.2	2.5	15	0.98
154	68.69	3.62	16	1.52
155	190.51	66.82	14	1.26
Period: 14
Tasks:8
id	x	y	end	c
60	199.69	110.32	19	100.22
61	130.35	83.21	15	34.68
62	192.68	128.94	18	97.09
63	30.21	187.85	17	112.2
64	152.6	38.29	17	81.09
65	141.36	190.26	15	99.29
66	147.69	142.8	17	64.08
67	128	43.19	16	63.34
Drivers: 11
id	x	y	end	sensitivity
156	84.74	194.79	14	1.84
157	63.79	174.65	17	1.99
158	151.04	51.87	16	1.04
159	98.82	153.85	15	1.95
160	135.28	174.02	16	1.92
161	87.81	195.08	16	1.98
162	112.01	184.96	15	1.22
163	54.15	187.4	16	0.9
164	120.72	169.69	14	1.58
165	51.33	141.86	17	1.85
166	28.8	39.16	16	2
Period: 15
Tasks:2
id	x	y	end	c
68	49.05	180.76	16	95.49
69	96.45	70.66	17	29.55
Drivers: 12
id	x	y	end	sensitivity
167	113.55	136.03	16	1.58
168	6.81	149.95	15	1.93
169	2.96	111.31	18	1.62
170	113.5	40.67	17	0.98
171	12.06	152.92	17	0.96
172	93.53	148.4	16	0.95
173	107.67	148.81	19	0.9
174	44.75	25.11	17	0.62
175	21.03	83.86	16	1.36
176	189.49	21.31	17	1.22
177	76.73	195.5	15	1.12
178	3.76	161.36	18	0.99
Period: 16
Tasks:2
id	x	y	end	c
70	14.74	167.31	18	108.63
71	160.4	124.17	17	65.06
Drivers: 9
id	x	y	end	sensitivity
179	40	138.41	16	1.86
180	118.24	67.46	16	1.22
181	69.64	174.66	18	1.68
182	44.21	113.06	19	1.38
183	38.03	83.48	17	0.53
184	122.39	37.86	20	1.77
185	155.56	38.27	18	1.38
186	1.43	159.52	18	0.65
187	135.36	176.04	17	1.54
Period: 17
Tasks:3
id	x	y	end	c
72	38.08	113.71	20	63.42
73	195.59	148.1	18	107.01
74	27.21	172.54	18	102.76
Drivers: 8
id	x	y	end	sensitivity
188	47.74	147.68	19	1.06
189	158.09	48.6	18	0.85
190	188.9	29.29	18	1.21
191	62.11	102.89	18	0.8
192	30.05	158.2	20	0.87
193	78.24	114.5	19	1.95
194	26.61	163.59	20	1.49
195	31.31	197.15	18	1.28
Period: 18
Tasks:1
id	x	y	end	c
75	29.43	56.99	22	82.64
Drivers: 11
id	x	y	end	sensitivity
196	139.88	145.53	18	1.15
197	52.04	9.13	20	1.49
198	176.4	155.21	18	1.82
199	111.57	89.9	18	1.36
200	118.39	92.67	20	1.92
201	147.56	135.92	20	1.78
202	93.65	88.66	21	1.06
203	181.24	194.32	19	0.53
204	140.9	140.7	21	1.3
205	139.32	30.67	22	1.75
206	107.37	65.26	20	1.11
Period: 19
Tasks:5
id	x	y	end	c
76	12.95	85.83	21	88.2
77	179.8	158.9	21	99.18
78	104.34	49.49	21	50.7
79	137.26	118.27	21	41.5
80	170.62	114.92	20	72.18
Drivers: 9
id	x	y	end	sensitivity
207	109.88	120.83	20	1.28
208	121	91.62	22	0.73
209	108.86	181.37	19	0.73
210	195.85	84.86	24	1.08
211	154.36	148.38	21	1.82
212	70.57	196.24	21	0.68
213	166.37	126.62	20	1.1
214	84.06	65.82	24	1.16
215	50.34	198.66	21	0.68
Period: 20
Tasks:6
id	x	y	end	c
81	97.06	147.49	20	47.58
82	8.11	182.58	21	123.54
83	150.54	146.62	21	68.76
84	160.61	69	21	68.08
85	21.5	136.2	21	86.44
86	137.68	154.38	23	66.16
Drivers: 13
id	x	y	end	sensitivity
216	106.45	91.74	20	1.58
217	40.45	153.72	20	1.65
218	173.18	24.37	22	1.51
219	150.43	104.99	21	1.92
220	143.25	63.14	23	1.66
221	34.76	179.1	20	1.94
222	1.32	88.66	20	0.9
223	124.98	12.5	23	0.96
224	35.51	93	23	0.74
225	199.48	80	21	0.97
226	38.55	94.76	22	1.97
227	71.6	81.08	23	1.85
228	17.47	117.55	22	1.02
Period: 21
Tasks:14
id	x	y	end	c
87	187.76	7.12	22	127.78
88	40.11	161.81	21	86.07
89	89.21	119.92	24	22.65
90	83.47	139.72	24	43.02
91	0.22	107.19	24	100.04
92	72.94	51.71	21	55.35
93	192.1	187.81	22	127.25
94	143.78	135.69	22	56.48
95	52.59	7.02	21	104.37
96	131.06	183.48	21	89.07
97	95.73	186.77	23	86.88
98	96.54	182.55	22	82.62
99	5.09	195.94	21	134.95
100	170.21	196.5	25	119.34
Drivers: 9
id	x	y	end	sensitivity
229	135.49	99.68	23	1.9
230	190.61	125.01	22	1.19
231	33.45	52.25	22	0.94
232	41.27	112.46	25	0.74
233	182.16	141.14	22	0.99
234	179.9	80.98	21	1.34
235	151.56	33.97	23	1.64
236	61.28	86.51	27	1.36
237	135.69	71.15	21	1.23
Period: 22
Tasks:3
id	x	y	end	c
101	15.43	178.9	24	115.66
102	20.48	48.89	25	94.53
103	68.01	86.62	23	34.68
Drivers: 10
id	x	y	end	sensitivity
238	198.01	9.86	24	1.11
239	104.25	126.28	23	1.7
240	29.16	73.53	25	1.66
241	62.46	70.71	23	0.8
242	133.51	189.87	25	0.51
243	31.43	129.41	23	1.02
244	166.68	163.32	24	1.99
245	32.77	5.64	24	1.17
246	114.85	111.56	24	1.52
247	192.43	124.71	27	1.35
Period: 23
Tasks:8
id	x	y	end	c
104	188.63	156.6	26	105.16
105	182.48	127.26	26	86.87
106	117.24	15.52	25	86.22
107	197.74	153.41	25	111.38
108	4.16	29.69	23	118.86
109	50.52	94.87	24	49.75
110	138.34	104.15	24	38.56
111	63.65	108.94	25	37.43
Drivers: 8
id	x	y	end	sensitivity
248	112.64	66.76	24	0.75
249	192.72	172.96	25	1.91
250	42.05	182.98	28	1.23
251	63.81	96.61	25	1.29
252	185.75	92.26	23	1.52
253	174.92	117.13	24	0.79
254	3	10.93	24	1.11
255	132.1	92.68	25	1.56
Period: 24
Tasks:4
id	x	y	end	c
112	5.4	44	25	109.93
113	39.04	177.17	26	98.34
114	146.65	0.66	24	109.75
115	117.14	108.77	25	19.25
Drivers: 10
id	x	y	end	sensitivity
256	92.24	25.1	26	0.56
257	122.33	29.64	25	1.39
258	92.76	125.29	26	1.83
259	2.47	56.84	24	0.84
260	115.69	184.59	27	1.14
261	177.42	2.77	26	1.89
262	23.65	159.35	28	0.96
263	93.41	71.38	24	0.54
264	178.24	43.76	25	1.57
265	64.6	17.36	26	1.25
Period: 25
Tasks:8
id	x	y	end	c
116	118.1	71.37	31	33.87
117	118.61	10.1	27	91.81
118	108.24	164.94	27	65.46
119	112.71	33.88	27	67.33
120	198.49	118.55	25	100.22
121	97.46	116.1	27	16.3
122	184.24	134.51	25	91.03
123	76.43	164.73	26	68.89
Drivers: 9
id	x	y	end	sensitivity
266	84.75	2.28	29	1.74
267	82.83	101.89	28	0.71
268	117.38	109.44	27	1.85
269	183.05	13.2	26	1
270	1.4	193.53	27	1.58
271	157.16	97.66	27	1.24
272	147.29	128.64	28	1.41
273	96.39	77.31	25	0.53
274	44.59	105.85	27	1.8
Period: 26
Tasks:5
id	x	y	end	c
124	134.94	186.66	28	93.44
125	59.69	133.42	26	52.36
126	166.15	1.47	27	118.68
127	46.04	65.63	30	63.98
128	74.67	15.73	29	87.99
Drivers: 9
id	x	y	end	sensitivity
275	50.01	51.19	29	1.71
276	153.76	139.91	29	1.32
277	25.04	74.27	29	0.65
278	148.02	105.53	28	1.57
279	68.23	2.63	26	1.14
280	127.78	39.81	27	1.28
281	197.95	162.61	30	1.71
282	59.25	194.58	28	1.89
283	94.65	149.33	29	1.63
Period: 27
Tasks:7
id	x	y	end	c
129	104.44	1.15	27	98.95
130	111.64	69.09	27	33.03
131	134.83	66.03	30	48.65
132	14.16	187.57	28	122.63
133	23.29	174.84	29	107.17
134	86.56	90.96	29	16.2
135	183.27	135.73	30	90.61
Drivers: 12
id	x	y	end	sensitivity
284	199.13	75.06	28	1.2
285	28.26	21.55	30	1.6
286	188.57	168.54	30	1.45
287	139.79	168.2	29	1
288	169.73	152.66	29	1.08
289	78.17	101.23	27	1.66
290	130.19	60.89	27	1.65
291	90.56	188.25	29	1.72
292	29.36	110.18	29	1.73
293	182.89	4.09	30	0.68
294	50.46	147.04	29	0.78
295	35.51	95.11	30	0.7
Period: 28
Tasks:8
id	x	y	end	c
136	74.36	66.39	30	42.27
137	45.78	18.5	29	97.89
138	4.65	136.57	30	102.12
139	20.97	60.97	30	88.14
140	166.77	166.78	32	94.43
141	84.58	176.46	30	78
142	44.06	108.29	29	56.55
143	146.97	58.66	30	62.57
Drivers: 8
id	x	y	end	sensitivity
296	126.92	99.76	30	0.9
297	96.89	1.27	31	1.3
298	100.85	183.85	28	1.68
299	143.75	163.76	28	1.06
300	79.51	180.52	28	0.52
301	126.98	30.17	29	1.37
302	124.37	37.86	29	1.92
303	7.36	87.9	30	1.81
Period: 29
Tasks:9
id	x	y	end	c
144	44.78	173.35	31	91.81
145	122.45	100.57	35	22.46
146	77.98	38.13	31	65.67
147	63.33	177.72	30	85.94
148	39.15	181.6	32	101.79
149	140.93	107.69	32	41.65
150	72.06	117.5	32	32.97
151	167.45	68.26	30	74.54
152	170.48	152.09	33	87.64
Drivers: 13
id	x	y	end	sensitivity
304	68.8	121.31	30	0.6
305	167.72	50.34	36	1.44
306	191.9	175.39	31	1.44
307	64.72	141.72	32	1.35
308	177.97	21.86	32	1.82
309	111.8	175.32	29	0.73
310	56.99	183.22	29	1
311	11.7	37.71	29	1.43
312	154.51	93.32	31	1.29
313	41.22	25.87	30	1.7
314	101.25	170.36	30	1.27
315	156.44	45.46	29	0.54
316	43.79	60.6	34	1.85
Period: 30
Tasks:3
id	x	y	end	c
153	56.22	67.9	32	54.29
154	61.4	46.16	33	66.25
155	46.18	196.43	32	110.43
Drivers: 15
id	x	y	end	sensitivity
317	74.19	53.03	33	1.23
318	48.58	197.53	30	1.79
319	133.45	30.88	33	0.78
320	75.67	103.41	31	0.97
321	23.83	100.78	31	1.41
322	197.43	120.97	30	1
323	140.17	39.22	32	0.54
324	113.91	32.34	30	1.44
325	98.9	137.94	31	0.64
326	148.68	59.33	33	0.95
327	149.71	152.15	31	1.25
328	69.14	93.18	33	0.69
329	123.58	128.05	31	1.71
330	14.01	53.71	33	1.19
331	185.75	127.62	32	0.8
Period: 31
Tasks:9
id	x	y	end	c
156	170.68	144.2	35	83.36
157	43.13	189.85	32	106.34
158	123.66	197.32	34	100.15
159	82.72	143.26	34	46.58
160	196.18	34.26	35	116.5
161	27.44	54.18	34	85.82
162	72.72	179.31	32	83.87
163	37.63	147.36	33	78.31
164	109.17	87.44	33	15.55
Drivers: 15
id	x	y	end	sensitivity
332	166.5	39.65	32	1.97
333	73.32	168.45	31	1.76
334	153.94	144.44	36	1.68
335	52.08	103.88	31	1.79
336	36.59	133.15	32	1.19
337	82.4	6.27	35	0.79
338	56.08	126.46	37	1.02
339	44.89	53.03	38	1.69
340	144.99	121.52	31	1.91
341	44.72	26.81	32	1.84
342	12.81	113.91	33	1.09
343	182.73	187.78	32	1.68
344	69.12	104.21	33	1.06
345	119.47	159.9	32	0.59
346	141.73	4.38	33	1.02
Period: 32
Tasks:7
id	x	y	end	c
165	13.06	142.45	33	96.75
166	173.94	47.5	34	90.68
167	61.98	69.53	35	48.72
168	163.85	78.97	34	67.22
169	39.14	116.24	33	62.99
170	33.78	10.76	35	111.13
171	163.54	92.94	34	63.93
Drivers: 9
id	x	y	end	sensitivity
347	116.71	60.35	33	1.87
348	101.88	108.61	35	1.45
349	159.4	186.15	34	1.72
350	92.67	119.45	36	1.18
351	35.19	75.52	35	1.89
352	155.74	32.8	35	0.7
353	190.24	98.13	34	1.06
354	136.48	121.31	34	1.92
355	196.29	75.03	33	0.58
Period: 33
Tasks:2
id	x	y	end	c
172	183.09	130.37	38	88.47
173	100.02	6.83	35	93.17
Drivers: 10
id	x	y	end	sensitivity
356	173.77	60.28	34	1.26
357	115.69	43.86	33	1.35
358	105.41	10.94	37	0.7
359	93.94	12.76	33	0.91
360	104.74	27.68	37	0.96
361	148.85	50.73	36	1.26
362	12.47	4.72	34	1.65
363	190.18	35.24	35	1.64
364	121.91	91.21	34	1.1
365	194.19	120.88	38	1.96
Period: 34
Tasks:7
id	x	y	end	c
174	68.8	44.73	35	63.47
175	44.81	122.1	36	59.45
176	48.31	129.12	34	59.33
177	166.07	25.67	35	99.45
178	89.31	124.18	35	26.44
179	3.66	71.56	36	100.45
180	72.34	80.9	37	33.61
Drivers: 9
id	x	y	end	sensitivity
366	28.31	67.58	37	1.8
367	31.21	78.31	36	1.44
368	160	81.5	34	1.52
369	194.8	70.81	34	0.69
370	86.26	136.18	34	0.81
371	180.93	193.95	36	1.43
372	142.6	171.44	35	0.65
373	118.52	150.74	36	0.5
374	193.41	75.8	37	1.87
Period: 35
Tasks:4
id	x	y	end	c
181	143.14	166.89	36	79.59
182	20.84	109.51	36	79.73
183	102.09	140.16	37	40.21
184	23.38	99.24	38	76.62
Drivers: 4
id	x	y	end	sensitivity
375	197.17	2.69	38	0.84
376	165.67	183.25	36	1.23
377	167.11	194.93	39	1.72
378	4.37	24.1	39	0.94
Period: 36
Tasks:3
id	x	y	end	c
185	46.36	101.69	38	53.67
186	96.73	38.43	39	61.66
187	157.64	103.99	36	57.78
Drivers: 11
id	x	y	end	sensitivity
379	71.86	66.65	38	0.67
380	93.47	91.75	38	0.7
381	77.86	100.86	37	1.68
382	65.71	194.85	36	0.98
383	181.55	70.05	38	1.2
384	114.41	99.29	37	1.69
385	103.8	162.87	42	1.76
386	33.48	172.24	36	0.71
387	20.2	38.8	39	0.68
388	44.82	57.72	41	0.88
389	79.16	169.68	40	1.69
Period: 37
Tasks:5
id	x	y	end	c
188	52.1	55.76	38	65.2
189	73.38	5.9	39	97.79
190	134.77	164.86	39	73.59
191	185.26	37.07	38	105.97
192	80.77	66.18	41	38.9
Drivers: 9
id	x	y	end	sensitivity
390	90.33	71.89	41	1.47
391	187.38	58.15	39	0.85
392	142.85	143.74	41	1.25
393	101.89	111.98	39	0.98
394	2.15	54.62	42	0.84
395	94.54	128.23	38	1.64
396	20.82	114.42	39	1.71
397	179.76	184.63	37	1.44
398	41.74	148	38	0.7
Period: 38
Tasks:6
id	x	y	end	c
193	37.58	164.68	42	89.89
194	170.27	143.15	39	82.46
195	136.21	66.81	40	49.12
196	100.51	103.56	39	3.6
197	106.44	186.75	41	86.99
198	151.8	148.96	39	71.28
Drivers: 9
id	x	y	end	sensitivity
399	135.79	126.37	38	1.25
400	62.75	24.66	40	0.51
401	73.21	49.67	40	1.84
402	111.86	53.03	42	0.98
403	166.16	117.38	41	1.35
404	16.48	121.95	41	1.67
405	72.84	40.14	40	1.08
406	132.03	60.03	40	1
407	67.43	118.1	42	0.65
Period: 39
Tasks:5
id	x	y	end	c
199	76.53	124.52	41	33.94
200	140.71	167.9	41	79.17
201	176.57	170.06	41	103.79
202	77.33	130.33	41	37.87
203	60.43	54.65	40	60.19
Drivers: 12
id	x	y	end	sensitivity
408	189.51	176.15	39	1.38
409	151.74	29.07	40	0.66
410	128.04	172.51	42	1.94
411	1.58	191.88	41	1.01
412	140.16	54.46	42	1.76
413	18.08	199.23	41	0.55
414	64.3	165.44	44	1.24
415	194.54	128.72	40	1.87
416	116.3	47.79	44	1.35
417	144.54	176.82	42	1.81
418	190.54	51.49	44	1.28
419	84.35	33.33	42	1.86
Period: 40
Tasks:7
id	x	y	end	c
204	58.01	53.15	44	62.91
205	183.94	59.72	42	93.1
206	40.66	41.91	42	83.04
207	188.62	14.04	41	123.46
208	100.11	29.56	40	70.44
209	115.12	159.74	41	61.62
210	177.65	190.49	42	119.24
Drivers: 15
id	x	y	end	sensitivity
420	131.41	65.98	41	1.01
421	102.19	87.34	42	1.12
422	77.12	195.11	42	1.61
423	166.07	85.96	43	1.26
424	34.14	133.61	44	1.1
425	112.8	28.99	41	1.86
426	163.52	196.25	43	1.38
427	96.03	87.59	43	1.34
428	15.59	144.78	42	0.79
429	138.3	85.56	47	1.96
430	26.55	58.99	44	0.78
431	40.14	121.51	45	1.01
432	173.65	32.7	40	1.12
433	19.59	39.92	41	1.58
434	1.74	62.59	40	0.87
Period: 41
Tasks:5
id	x	y	end	c
211	81.5	50.95	42	52.42
212	178.39	75.22	42	82.21
213	111.81	199.67	44	100.37
214	180.29	22.45	43	111.63
215	49.27	73.11	43	57.42
Drivers: 10
id	x	y	end	sensitivity
435	13.64	64.31	43	1.86
436	25.52	19.64	44	1.9
437	65.19	159.69	44	1.21
438	165.69	197.91	42	0.74
439	88.02	16.72	44	1.95
440	126.1	12.84	45	0.52
441	134.89	88.19	42	1.16
442	91.03	29.32	48	0.89
443	106.27	190.3	41	1.34
444	49.68	162.35	46	0.87
Period: 42
Tasks:2
id	x	y	end	c
216	12.7	35.56	45	108.51
217	131.4	28.35	50	78.23
Drivers: 8
id	x	y	end	sensitivity
445	0.02	78.92	44	1.73
446	126.6	135.99	44	1.86
447	2.24	46.65	44	1.76
448	4.74	105.11	46	1.67
449	65.43	47.42	45	1.38
450	139.43	95.96	43	1.01
451	175.67	71.93	42	1.27
452	2.07	21.81	45	0.74
Period: 43
Tasks:5
id	x	y	end	c
218	21.44	107.46	44	78.91
219	48.16	35.49	48	82.76
220	158.87	26.39	43	94.26
221	181.48	133.06	44	87.93
222	92.8	12.83	44	87.47
Drivers: 9
id	x	y	end	sensitivity
453	31.97	56.45	44	1.41
454	148.12	48.91	49	1.67
455	59.72	78.01	43	1.4
456	19.57	168.57	48	1.28
457	3.6	125.02	45	1.21
458	160.54	137.4	44	0.87
459	122.54	98.35	44	1.46
460	95.31	135.09	49	0.75
461	51.52	82.5	45	1.39
Period: 44
Tasks:3
id	x	y	end	c
223	51.94	128.63	45	55.94
224	107.82	32.21	45	68.24
225	117.19	49.78	45	53.08
Drivers: 13
id	x	y	end	sensitivity
462	114.63	98.21	45	0.7
463	79.36	12.08	44	1.68
464	165.48	58.27	45	0.84
465	12.65	96.28	46	0.52
466	186.18	186.72	47	1.85
467	38.86	108.63	45	0.54
468	99.29	133.5	47	1.87
469	107	38.73	48	1.7
470	10.61	9.07	47	0.97
471	158.77	33.75	45	1.65
472	44.66	25.09	48	1.57
473	50.84	150.58	46	1.56
474	94.37	60.77	45	1.82
Period: 45
Tasks:9
id	x	y	end	c
226	112.84	129.46	48	32.14
227	35.06	179.59	47	102.72
228	143.42	112.15	48	45.09
229	46.56	18.01	46	97.87
230	181.64	168.27	46	106.42
231	170.56	114.19	46	71.97
232	88.5	1.9	49	98.77
233	171.89	54.65	49	85
234	139.73	126.72	46	47.88
Drivers: 10
id	x	y	end	sensitivity
475	115.46	6.24	53	1.15
476	0.48	21.17	46	1.83
477	38.33	78.38	45	1.74
478	88.08	160.99	49	1.71
479	199.29	48.88	47	0.87
480	193.82	115.29	47	0.61
481	91.48	113.58	46	1.51
482	147.21	159.89	47	1.52
483	193.38	150.86	48	1.81
484	76.33	102.45	49	0.55
Period: 46
Tasks:6
id	x	y	end	c
235	175.59	189.9	49	117.46
236	27.37	37.97	50	95.51
237	127.62	124.13	48	36.68
238	64.09	191.7	47	98.48
239	23.59	163.04	48	99.06
240	175.5	177.12	47	107.92
Drivers: 7
id	x	y	end	sensitivity
485	39.24	96.62	49	0.89
486	147.72	29.03	48	0.78
487	160.32	89.68	49	1.32
488	61.89	68.33	51	0.83
489	15.7	7.82	49	1.23
490	189.42	136.51	52	1.82
491	12.28	47.19	49	1
Period: 47
Tasks:6
id	x	y	end	c
241	118.37	144.63	48	48.26
242	32.15	81.22	48	70.4
243	84.81	22.94	47	78.54
244	113.73	81.93	49	22.69
245	148.39	108.79	48	49.18
246	75.58	91.63	48	25.81
Drivers: 9
id	x	y	end	sensitivity
492	153.57	71.58	47	1.78
493	82.09	160.26	49	1.88
494	175.01	63.6	49	1.84
495	135.09	182.26	49	0.93
496	63.15	110.13	47	1.61
497	121.83	62.8	48	1.95
498	119.6	194.57	49	0.97
499	97.02	84.99	47	1.39
500	138.04	119.17	48	0.6
Period: 48
Tasks:5
id	x	y	end	c
247	85.15	23.37	48	78.06
248	145.23	143.16	49	62.52
249	117.33	124.44	50	29.96
250	31.86	155.33	50	87.78
251	54.48	197.45	50	107.56
Drivers: 18
id	x	y	end	sensitivity
501	70.37	93.49	49	1.67
502	169.04	189.34	51	0.74
503	21.94	21.82	50	0.5
504	123.95	197.38	48	1.87
505	101.88	61.34	50	1.1
506	67.87	9.09	51	0.6
507	66.75	36.9	49	0.6
508	173.43	111.69	50	1.04
509	105.73	55	49	0.7
510	124.83	189.65	51	1.69
511	174.22	155.03	49	1.83
512	58.16	110.3	50	0.9
513	51.37	159.01	49	0.51
514	25.23	7.74	51	0.51
515	100.54	50.4	51	1.04
516	178.1	97.7	48	1.2
517	179.32	86.65	49	1.82
518	115.02	4.89	50	1.13
Period: 49
Tasks:8
id	x	y	end	c
252	96.62	83.13	50	17.21
253	92.52	141.75	49	42.41
254	88.96	139.95	51	41.45
255	176.51	141.9	52	87.23
256	132.31	157.28	52	65.76
257	134.61	189.62	49	96.07
258	191.47	10.61	50	127.9
259	42.29	127.58	51	63.96
Drivers: 6
id	x	y	end	sensitivity
519	193.78	44.8	53	0.57
520	30.97	132.76	50	0.67
521	116.53	44.15	51	1.55
522	195.03	148.71	53	1.37
523	40.74	116.69	54	0.86
524	68.45	177.33	50	1.01
Period: 50
Tasks:3
id	x	y	end	c
260	142.51	60.56	52	57.99
261	96.53	106.1	55	7.02
262	62.01	66.03	54	50.96
Drivers: 12
id	x	y	end	sensitivity
525	55.09	179.84	51	1.85
526	6.71	24.74	54	1.98
527	114.79	14.83	54	0.6
528	59.12	52.77	53	1.39
529	6.85	107.82	56	1.22
530	58.86	87.05	53	1.61
531	189.54	29.42	52	0.7
532	42.59	103.73	52	0.66
533	63.49	179.41	53	1.05
534	114.6	174.53	52	1.56
535	21.5	96.34	50	1.18
536	160.19	60.26	55	1.84
Period: 51
Tasks:2
id	x	y	end	c
263	117.91	21.35	54	80.66
264	14.61	88.59	53	86.15
Drivers: 9
id	x	y	end	sensitivity
537	75.48	160.11	52	0.85
538	113.38	172.04	54	1.83
539	66.81	18.06	54	1.13
540	36.48	59.08	53	1.47
541	195.38	174.77	51	1.59
542	59.19	45.24	52	1.66
543	30.62	110.94	55	1.33
544	46.41	60.14	56	1.41
545	43.4	120.93	52	1.17
Period: 52
Tasks:4
id	x	y	end	c
265	141.93	71.77	53	50.55
266	68.55	34.72	54	72.46
267	166.3	196.4	54	117
268	119.67	192.85	58	94.91
Drivers: 16
id	x	y	end	sensitivity
546	138.08	4.46	55	1.61
547	87.6	75.47	53	0.95
548	198.22	90.52	55	1.75
549	114.71	102.35	54	0.85
550	119.65	147.19	57	1.07
551	29.58	169.2	53	1.26
552	153.78	142.89	52	0.53
553	25.49	40.99	54	1.84
554	164.92	131.41	53	1.87
555	12.96	182.97	55	1.69
556	10.47	191.85	54	1.71
557	59.4	2.76	57	1.15
558	187.51	92.54	54	1.89
559	97.54	190.23	55	1.61
560	62.33	177.99	54	1.42
561	82.51	183.43	54	1.92
Period: 53
Tasks:9
id	x	y	end	c
269	17.01	122.94	54	86.1
270	152.33	97.34	55	52.4
271	164.22	140.95	55	76.17
272	51.62	170.36	59	85.39
273	152.17	27.89	53	89
274	52.32	23.37	54	90.25
275	163.02	74.02	54	68.17
276	171.79	99.86	58	71.79
277	100.3	32.14	56	67.86
Drivers: 9
id	x	y	end	sensitivity
562	121.03	158.49	55	0.76
563	28.63	21.12	56	0.93
564	125	189.06	54	1.56
565	13.17	3.63	54	1.94
566	62.81	41.48	55	1.82
567	163.73	181.11	56	1.53
568	183.61	176.38	55	0.76
569	170.61	148.1	55	1.49
570	97.03	144.9	53	1.33
Period: 54
Tasks:6
id	x	y	end	c
278	51.67	38.66	55	78.09
279	55.91	1.17	54	108.22
280	131.3	97.2	56	31.42
281	149.43	133.19	57	59.54
282	100.79	60.81	57	39.2
283	9.32	122.26	57	93.37
Drivers: 11
id	x	y	end	sensitivity
571	32.03	187.34	60	1.11
572	161.2	21.89	54	0.66
573	91.49	86.36	56	1.74
574	52.84	57.08	58	1.71
575	2.73	111.34	58	1.69
576	28.74	101.64	55	1.63
577	129.82	36.81	55	0.67
578	175.71	143.42	56	1.26
579	125.1	111.58	57	0.81
580	18.57	198.91	55	1.35
581	105.7	121.04	59	1.95
Period: 55
Tasks:7
id	x	y	end	c
284	118.99	153.8	58	57.05
285	115.27	106.44	56	16.57
286	130.57	199.8	55	104.38
287	186.83	59.58	55	95.78
288	87.09	90.97	58	15.75
289	123.58	129.31	57	37.62
290	184.46	138.9	57	92.99
Drivers: 5
id	x	y	end	sensitivity
582	169.01	24.29	57	1.62
583	102.29	82.03	56	1.76
584	7.01	128.5	57	1.02
585	196.48	166.66	57	1.52
586	152.25	159.34	57	1.95
Period: 56
Tasks:5
id	x	y	end	c
291	2.81	139	60	104.72
292	111.46	10.48	58	90.25
293	98.49	0.23	57	99.78
294	85.43	141.58	59	44.06
295	164.38	171.29	58	96.06
Drivers: 8
id	x	y	end	sensitivity
587	124.61	0.76	59	0.55
588	0.59	86.11	56	0.66
589	43.43	117.42	56	1.02
590	9.24	181.96	59	0.6
591	179.14	188.85	59	1.43
592	52.42	99.78	57	0.96
593	168.23	38.87	59	1.76
594	195.61	28.98	57	1.99
Period: 57
Tasks:4
id	x	y	end	c
296	118.47	93.68	59	19.52
297	157.29	122.52	59	61.56
298	87.22	2.87	64	97.97
299	49.91	133.19	57	60.09
Drivers: 12
id	x	y	end	sensitivity
595	142.64	46	60	1.79
596	11.29	175.54	62	0.95
597	14.46	104.44	58	0.74
598	161.45	164.69	59	1.44
599	112.66	53.76	58	1.6
600	50.03	162.27	60	1.13
601	183.24	81.87	60	1.74
602	53.17	53.15	60	1.65
603	58.82	79.05	59	1.87
604	185.19	79.27	59	1.35
605	117.36	181.35	59	1.9
606	128.84	169.47	60	1.39
Period: 58
Tasks:9
id	x	y	end	c
300	167.15	5.82	60	115.67
301	81.72	180.43	63	82.48
302	3.52	69.01	61	101.33
303	154.61	122.84	60	59.19
304	8.01	10.22	58	128.54
305	197.24	29.61	60	120.04
306	105.63	22.98	61	77.23
307	150.68	131.96	59	59.92
308	154.63	157.53	58	79.34
Drivers: 4
id	x	y	end	sensitivity
607	181.34	7.56	62	0.65
608	148.61	2.55	58	0.67
609	105.77	117.1	61	0.62
610	11.86	186.28	63	1.36
Period: 59
Tasks:3
id	x	y	end	c
309	135.39	62.69	61	51.42
310	53.27	171.77	61	85.64
311	144.88	179.6	59	91.38
Drivers: 15
id	x	y	end	sensitivity
611	147.93	130.36	64	1.3
612	177.37	93.58	64	1.9
613	37.21	2.29	60	1.44
614	68.9	57.76	62	0.66
615	150.92	78.14	59	0.58
616	117.92	5.76	59	0.93
617	152.3	54.15	60	1.12
618	137.76	99.49	61	0.58
619	73.38	8.27	62	0.87
620	196.52	42.76	61	1.09
621	37.96	173.74	61	1.75
622	86.57	91.48	62	1.15
623	96.03	114.65	60	1.72
624	12.57	148.08	59	1.29
625	109.92	45.99	61	0.8
Period: 60
Tasks:6
id	x	y	end	c
312	102.33	128.8	64	28.89
313	99.96	71.54	60	28.46
314	77.18	154.83	63	59.39
315	69.2	1.2	60	103.49
316	107.68	91.1	61	11.76
317	166.59	88.69	66	67.54
Drivers: 15
id	x	y	end	sensitivity
626	67.35	34.26	63	1.42
627	15.15	126.54	65	0.99
628	49.08	106.49	60	0.51
629	186.96	25.5	60	0.72
630	24.09	45.39	62	1.42
631	69.51	83	62	1.63
632	171.22	103.71	62	1.55
633	93.72	2.93	61	1.78
634	17.6	37.22	61	1.1
635	3.3	41.55	65	0.87
636	99.77	159.52	60	1.06
637	20.4	175.84	62	1.76
638	142.46	39.24	62	1.03
639	103	160.86	63	1.87
640	46.86	57.85	63	0.64
Period: 61
Tasks:8
id	x	y	end	c
318	19.45	117.38	63	82.4
319	74.05	2.2	64	101.18
320	11.61	4.8	65	129.91
321	91.98	98.29	63	8.2
322	48.79	199.53	62	111.93
323	92.31	54.13	63	46.51
324	168.53	163.87	62	93.68
325	74.66	112.32	64	28.18
Drivers: 11
id	x	y	end	sensitivity
641	183.06	67.6	62	0.82
642	149.62	169.14	62	1.2
643	22.4	65.32	63	0.78
644	35.06	197.37	63	1.65
645	149.64	56.33	62	1.27
646	33.1	151.18	62	0.88
647	162.42	25.66	64	1.41
648	190.08	25.65	65	1.91
649	145.07	198.61	62	0.78
650	10.22	61.19	63	1.95
651	106.08	97.85	62	0.97
Period: 62
Tasks:6
id	x	y	end	c
326	133.84	104.72	63	34.17
327	136.29	5.51	64	101.22
328	153.75	111.89	65	55.05
329	42.17	48.18	64	77.65
330	166.96	23.7	65	101.52
331	172.23	75.19	65	76.37
Drivers: 7
id	x	y	end	sensitivity
652	31.32	104.14	66	0.89
653	70.21	157.43	62	1.32
654	144.41	107.45	62	1.74
655	112.12	137.65	64	1.04
656	105.82	69.6	65	1.82
657	47.85	115.9	64	1.2
658	70.79	23.11	64	1.23
Period: 63
Tasks:5
id	x	y	end	c
332	149.41	71.8	64	56.89
333	113.82	30.47	64	70.89
334	141.41	151.15	69	65.81
335	101.03	156.51	65	56.52
336	96.24	78.09	63	22.23
Drivers: 8
id	x	y	end	sensitivity
659	147.34	132.99	65	1.85
660	101.66	60.41	64	0.54
661	87.2	63.9	65	0.79
662	147.88	182.34	69	1.75
663	111.89	168.47	63	0.65
664	144.89	164.92	66	1.7
665	42.26	197.28	65	1.96
666	171.75	128.09	66	1
Period: 64
Tasks:2
id	x	y	end	c
337	20.72	172.38	67	107.35
338	26.42	118.09	67	75.77
Drivers: 14
id	x	y	end	sensitivity
667	61.13	5.15	66	1.72
668	90.13	197.4	64	1.19
669	56.21	96.15	66	1.63
670	46.88	186.31	67	0.77
671	95.56	38.25	65	1.71
672	26.76	101.44	65	0.9
673	179.65	180.65	65	1.53
674	19.08	28.44	66	1.26
675	66.19	164.76	65	1.77
676	115.86	118.1	66	1.89
677	89.51	133.46	68	1.08
678	27.53	129.49	65	0.8
679	122.46	66.8	64	1.3
680	190.55	110.72	66	0.74
Period: 65
Tasks:6
id	x	y	end	c
339	197.95	132.32	66	103.14
340	93.78	54.31	66	46.11
341	166.15	20.8	65	103.19
342	38.47	92.95	68	61.93
343	172.52	72.66	68	77.5
344	71.62	112.28	68	30.92
Drivers: 8
id	x	y	end	sensitivity
681	158.44	18.85	66	0.71
682	12.69	66.19	66	1.23
683	155.96	47.96	67	0.57
684	13.15	162.27	67	1.86
685	22.88	81.42	71	0.62
686	86.74	44.09	69	0.87
687	50	180.67	70	0.8
688	122.65	23.25	69	1.43
Period: 66
Tasks:7
id	x	y	end	c
345	90.07	76.97	70	25.08
346	49.39	25.35	66	90.19
347	51.93	168.12	69	83.37
348	162.5	70.66	68	69.04
349	9.65	157.06	69	106.86
350	169.71	2.4	67	119.94
351	10.18	49.01	66	103.28
Drivers: 18
id	x	y	end	sensitivity
689	182.77	48.11	68	0.73
690	167.26	49.95	67	1.25
691	140.02	68.7	68	1.72
692	186.36	88.21	67	1.9
693	120.13	120.56	66	1.2
694	188.99	158.04	66	1.26
695	187.77	175.65	69	1.35
696	93.91	102.68	67	1.62
697	26.06	169.25	67	1.13
698	192.88	136.12	71	1.99
699	28.79	2.84	67	1.95
700	131.74	179.71	67	1.89
701	24.16	82.34	67	1.3
702	42.81	32.38	67	0.86
703	123.74	6.82	68	1.47
704	150.21	27.46	69	0.64
705	93.89	8.56	66	1.41
706	49.93	176.43	70	0.99
Period: 67
Tasks:4
id	x	y	end	c
352	46.96	194.96	68	108.77
353	176.07	31.47	68	102.39
354	69.58	143.05	68	52.71
355	46.79	110.08	69	54.16
Drivers: 8
id	x	y	end	sensitivity
707	80.21	37.78	69	1.77
708	59.4	151.44	70	1.68
709	53.2	91.81	69	1.77
710	74.01	88.46	68	1.69
711	51.07	83.32	68	0.96
712	1.11	100.52	71	0.76
713	3.96	5.95	68	1.23
714	89.55	0.57	70	1.5
Period: 68
Tasks:5
id	x	y	end	c
356	75.74	15.88	71	87.55
357	133.86	13.58	69	92.82
358	133.13	102.47	70	33.22
359	13.16	173.75	68	113.93
360	135.71	184.78	71	91.99
Drivers: 9
id	x	y	end	sensitivity
715	39.45	153.43	69	0.67
716	6.7	185.67	71	1.3
717	97.45	132.96	69	0.55
718	103.78	65.45	70	1.3
719	149.21	23.89	69	1.99
720	109.76	72.41	73	0.85
721	164.48	75.05	70	1.13
722	69.08	74.91	70	1.36
723	194.11	73.3	71	1.51
Period: 69
Tasks:2
id	x	y	end	c
361	103.61	91.58	70	9.16
362	110.11	124.12	70	26.15
Drivers: 4
id	x	y	end	sensitivity
724	35.24	36.42	74	0.91
725	143.3	184.82	71	1.37
726	171.15	39.2	69	1.32
727	154.73	79.4	72	1.17
Period: 70
Tasks:2
id	x	y	end	c
363	45.09	124.15	73	59.99
364	146.6	16.44	70	95.68
Drivers: 9
id	x	y	end	sensitivity
728	22.38	95.35	71	1.97
729	114.39	144.62	71	1.28
730	193.44	128.36	71	1.38
731	134.09	2.11	73	1.25
732	33.47	148.52	71	1.56
733	154.09	82.11	71	1.98
734	195.5	31.13	70	1.14
735	44.01	107.25	71	0.72
736	28.89	188.11	72	1.39
Period: 71
Tasks:4
id	x	y	end	c
365	49.37	110.21	72	51.65
366	75.47	187.29	72	90.67
367	149.63	147.39	75	68.62
368	90.51	159.72	71	60.47
Drivers: 11
id	x	y	end	sensitivity
737	100.81	109.29	74	1.46
738	124.91	23.7	73	1.15
739	123.28	95.98	74	1.65
740	38.43	49.4	71	0.65
741	178.37	182.64	74	0.65
742	178.54	103.15	73	1.91
743	106.34	188	74	1.45
744	163.75	37.44	73	0.99
745	171.02	94.18	71	1.77
746	172.84	6.88	75	1.84
747	17.24	114.96	76	1.49
Period: 72
Tasks:3
id	x	y	end	c
369	188.32	139.45	72	96.73
370	181.87	132.03	75	87.91
371	132.36	173.71	74	80.5
Drivers: 11
id	x	y	end	sensitivity
748	122.18	126.31	75	0.63
749	24.45	139.82	75	0.75
750	68.52	84.43	74	0.76
751	80.45	101.1	74	1.03
752	160.84	51.01	74	1.42
753	130.71	187.05	74	1.86
754	187.46	145.59	74	1.36
755	77.14	171.37	73	0.5
756	47.87	18.95	73	0.6
757	50.76	194.92	77	1.47
758	181.69	92.71	74	1.26
Period: 73
Tasks:5
id	x	y	end	c
372	38.19	123.38	73	66.08
373	123.13	88.66	76	25.76
374	74.41	126.07	74	36.53
375	49.21	20.73	76	94.15
376	126.27	69.69	75	40.11
Drivers: 7
id	x	y	end	sensitivity
759	122.1	108.83	74	1.33
760	6.19	64.05	75	1.51
761	199.05	197.04	81	1.22
762	109.51	68.74	75	1.46
763	101	195.62	75	0.78
764	112.25	152.86	74	1.36
765	185.35	140.93	73	0.79
Period: 74
Tasks:6
id	x	y	end	c
377	109.59	81.59	77	20.76
378	174.86	186.35	77	114.28
379	102.3	76.39	75	23.72
380	145.95	143.25	75	63.1
381	113.71	74.55	76	28.91
382	86.99	50.36	78	51.32
Drivers: 12
id	x	y	end	sensitivity
766	153.36	25.87	76	0.76
767	150.58	152.56	78	1.31
768	97.26	117.28	76	1.58
769	85.55	163.42	76	1.13
770	43.16	150.19	74	0.7
771	193.49	118.78	80	1.66
772	70.1	85.34	76	1
773	65.55	30.97	75	0.83
774	123.35	44	77	1.27
775	193.94	107.92	74	1.55
776	158.2	157.66	77	0.53
777	97.15	107.75	74	1.27
Period: 75
Tasks:3
id	x	y	end	c
383	76.93	54.05	80	51.42
384	193.06	152.48	77	106.84
385	175.24	48.32	77	91.28
Drivers: 10
id	x	y	end	sensitivity
778	79.81	66.67	78	0.88
779	51.16	182.13	78	1.02
780	31.33	168.73	78	0.86
781	164.83	191.56	76	1.52
782	121.38	137.66	76	1.21
783	171.67	98.54	78	0.68
784	48.65	28.54	81	0.55
785	179.91	34.48	76	0.62
786	25.52	109.69	77	1.23
787	14.95	145.84	78	1.44
Period: 76
Tasks:9
id	x	y	end	c
386	33.23	33.31	80	94.37
387	130.53	12.02	78	93.13
388	5.52	167.85	81	116.32
389	88.21	67.7	80	34.38
390	79.2	199.65	78	101.8
391	121.99	104.65	80	22.48
392	61.48	81.94	77	42.54
393	173.69	197.32	78	122.07
394	52.31	33.53	79	81.81
Drivers: 9
id	x	y	end	sensitivity
788	80.42	143.21	76	1.09
789	55.49	51.18	77	0.52
790	103.24	26.28	77	0.7
791	48.13	193.41	77	1.86
792	2.72	171.22	77	1
793	162.04	14.7	77	0.73
794	153.55	59.42	77	1.5
795	126.19	186.4	78	1.15
796	196.7	33.25	77	0.9
Period: 77
Tasks:8
id	x	y	end	c
395	158.52	107.74	79	59.03
396	112.54	190.51	78	91.37
397	162.5	198.49	80	116.65
398	82.36	162.01	78	64.47
399	64.6	54.75	78	57.45
400	159.27	4.64	78	112.28
401	178.39	81.35	78	80.58
402	28.69	139.79	80	81.66
Drivers: 5
id	x	y	end	sensitivity
797	162.87	5.82	83	0.61
798	32.95	4.06	78	1.38
799	96.98	57.93	79	1.86
800	111.43	91.23	80	1.7
801	123.41	100.5	80	1.73
Period: 78
Tasks:3
id	x	y	end	c
403	95.29	15.96	79	84.17
404	123.7	167.44	78	71.48
405	119.72	19.22	79	83.15
Drivers: 10
id	x	y	end	sensitivity
802	43.54	104.61	81	1.72
803	27.9	79.68	79	0.87
804	48.89	83.25	81	1.17
805	147.24	194.51	81	1.21
806	72.6	156.22	78	0.78
807	188.73	153.57	79	0.87
808	182.12	157.77	79	1
809	51.07	111.7	80	1.05
810	172.74	22.22	78	0.96
811	82.3	25.53	79	1.14
Period: 79
Tasks:4
id	x	y	end	c
406	152.99	107.53	80	53.52
407	63.72	192.95	81	99.78
408	54.43	8.35	83	102.35
409	50.87	8.89	80	103.51
Drivers: 9
id	x	y	end	sensitivity
812	155.74	66.88	82	1.87
813	120.05	123.27	82	1.62
814	192.93	18.68	79	1.2
815	139.51	130.18	81	0.65
816	34.78	3.1	80	1.67
817	3.23	177.48	80	0.76
818	164.39	78.74	81	1.2
819	21.41	180.93	82	0.82
820	167.69	192.92	80	0.73
Period: 80
Tasks:0
id	x	y	end	c
Drivers: 12
id	x	y	end	sensitivity
821	198.39	130.89	82	1.62
822	8.35	101.42	81	0.62
823	98.38	186.24	81	1.27
824	158.8	53.69	84	1.78
825	110.18	65.11	83	0.75
826	117.36	34.75	84	1.71
827	70.49	75.55	82	1.18
828	27.08	159.57	83	1.08
829	100.54	39.87	84	1.52
830	112.41	93.06	81	1.67
831	13.94	103.7	81	0.94
832	198.2	1.97	82	1.85
Period: 81
Tasks:4
id	x	y	end	c
410	3.87	75.1	82	99.3
411	126.94	186.85	84	90.93
412	142.62	124.22	82	49.02
413	29.63	186.8	85	111.74
Drivers: 21
id	x	y	end	sensitivity
833	91.93	79.13	82	1.27
834	36.72	193.27	81	1.44
835	196.9	50.27	82	1.89
836	106.95	171.56	82	1.45
837	92.4	10.05	83	1.44
838	44.31	100.59	81	0.63
839	63.85	148.05	81	1.14
840	199.41	43.94	83	0.76
841	186.65	68.75	84	1.16
842	166.58	128.08	84	1.22
843	32.82	50.74	86	0.61
844	165.92	87.93	85	1.53
845	182.92	68.06	81	1.4
846	30.45	78.11	81	0.81
847	129.38	163.48	81	1.21
848	6.86	183.35	82	0.61
849	173.15	27.62	83	1.82
850	43.42	1.08	82	0.82
851	44.32	35.69	84	0.85
852	154.64	76.2	84	1.47
853	46.59	79.63	84	0.89
Period: 82
Tasks:3
id	x	y	end	c
414	114.05	28	85	73.36
415	46.12	134.22	83	63.83
416	101.99	154.13	83	54.17
Drivers: 9
id	x	y	end	sensitivity
854	151.64	144.97	88	1.03
855	28.56	28.45	83	1.58
856	151.96	144.98	85	1.76
857	14.78	186.3	84	1.87
858	10.56	104.88	84	0.75
859	96.04	114.02	84	1.19
860	53.61	29.44	82	1.53
861	104.48	73	83	0.61
862	193.35	57.89	84	1.82
Period: 83
Tasks:2
id	x	y	end	c
417	178.54	23.67	86	109.52
418	139.87	112.76	87	41.86
Drivers: 5
id	x	y	end	sensitivity
863	190.04	176.96	83	0.78
864	157.29	73.99	85	1.45
865	0.13	136.57	86	1.98
866	109.62	88.27	86	1.73
867	179.75	63.42	85	1.94
Period: 84
Tasks:4
id	x	y	end	c
419	5.18	47.71	85	108.28
420	52.09	159.38	86	76.3
421	105.19	135.15	86	35.53
422	124.52	199.87	84	102.84
Drivers: 10
id	x	y	end	sensitivity
868	125.08	119.18	85	1.44
869	161.3	186.33	85	1.27
870	93.28	122.95	85	1.26
871	121.43	185.44	87	1.57
872	155.37	152.32	87	1.69
873	103.63	1.31	85	1.77
874	12.44	194.57	86	1.91
875	141.66	78.43	85	1.94
876	131.75	195.32	85	0.92
877	121.94	58.48	85	1.53
Period: 85
Tasks:5
id	x	y	end	c
423	154.31	131.62	88	62.84
424	178.03	122.35	86	81.17
425	104.17	157.29	90	57.44
426	82.12	53.64	87	49.69
427	160.38	85.47	87	62.1
Drivers: 6
id	x	y	end	sensitivity
878	198.03	68.11	88	0.87
879	104.7	191.56	87	1.74
880	61.72	123.92	90	1.65
881	161.32	129.5	87	1.52
882	165.29	40.02	86	1.62
883	72.73	123.38	87	0.6
Period: 86
Tasks:5
id	x	y	end	c
428	185.68	8.26	88	125.53
429	120.05	189.77	89	91.98
430	27.65	21.74	88	106.58
431	174.92	64.85	88	82.76
432	137.23	106.55	91	37.8
Drivers: 12
id	x	y	end	sensitivity
884	194.75	73.16	88	0.93
885	190.1	15.82	88	0.98
886	167.49	169.31	89	1.2
887	197.88	132.92	90	1.51
888	104.63	90.56	87	1.63
889	167.76	88.82	89	1.74
890	119.62	124.84	88	0.52
891	30.53	31.01	86	1.99
892	144.66	61.48	91	1.1
893	71.94	162.37	89	0.82
894	26.85	196.45	89	0.56
895	186.48	40.6	88	1.76
Period: 87
Tasks:6
id	x	y	end	c
433	19.02	47.66	89	96.42
434	158.17	46.1	88	79.3
435	12.59	70.87	89	92.14
436	180.09	93.36	91	80.36
437	54.42	8.1	89	102.58
438	133.53	140.91	91	52.9
Drivers: 7
id	x	y	end	sensitivity
896	108.6	59.2	89	1.19
897	79.43	87.43	88	1.68
898	189.61	157.33	91	0.82
899	5.63	181.49	88	1.6
900	47.57	115.53	90	1.83
901	124.04	14.37	89	0.8
902	119.05	51.41	90	1.19
Period: 88
Tasks:4
id	x	y	end	c
439	96.22	5.42	89	94.66
440	195.38	10.23	89	130.98
441	199.45	129.5	90	103.73
442	81.04	77.15	90	29.69
Drivers: 9
id	x	y	end	sensitivity
903	105.63	106.57	91	0.67
904	126.8	44.29	90	1.14
905	15.88	56.07	89	0.61
906	55.42	124.89	91	0.84
907	103.21	157.12	88	0.88
908	127.61	197.63	90	1.8
909	100.28	184.33	90	0.67
910	158.77	71.73	91	1.22
911	122.64	114.88	92	1.86
Period: 89
Tasks:2
id	x	y	end	c
443	56.77	63.95	90	56.29
444	134.14	106.21	91	34.7
Drivers: 12
id	x	y	end	sensitivity
912	157.77	163.64	90	1.14
913	197.16	47.75	89	1.76
914	121.49	178.73	92	0.66
915	136.2	89.85	92	1.71
916	25.17	164.82	91	1.82
917	111.1	186.19	90	0.96
918	49.71	166.7	92	1.8
919	112.71	109.73	92	0.75
920	188.06	169.82	91	1.57
921	129.55	41.52	91	1.02
922	72.64	59.87	93	1.12
923	155.46	154.02	91	1.75
Period: 90
Tasks:10
id	x	y	end	c
445	51.05	58.82	94	63.97
446	1.59	48.77	90	110.95
447	112.96	17.38	92	83.63
448	196.07	28.89	92	119.52
449	25.99	131.32	91	80.36
450	26.15	58.01	94	84.95
451	32.86	74.12	94	71.96
452	45.82	37.85	94	82.45
453	82.93	147.16	94	50.15
454	108.02	86.65	93	15.57
Drivers: 9
id	x	y	end	sensitivity
924	167.74	100.22	91	0.88
925	95.33	153.3	92	1.16
926	60.57	157.63	91	1.28
927	103.01	132.48	92	1.84
928	143.22	24.01	93	1.24
929	31.47	59.02	92	1.48
930	194.95	160.5	92	0.65
931	141.08	146.02	91	0.54
932	2.22	86.33	92	1.34
Period: 91
Tasks:7
id	x	y	end	c
455	176.05	185.25	92	114.24
456	198.06	34.36	93	118
457	48.4	30.73	94	86.38
458	52.12	89.7	94	48.98
459	140.39	8.07	91	100.41
460	89.79	78.66	92	23.66
461	31.36	167.78	95	96.47
Drivers: 10
id	x	y	end	sensitivity
933	84.98	56.23	92	1.49
934	57.48	166.19	93	1.77
935	16.09	164.38	95	1.62
936	185.65	122.23	91	0.63
937	42.25	67.9	92	1.84
938	129.18	25.97	95	1.74
939	121.99	165.7	91	0.98
940	28.82	124.71	93	1.9
941	40.71	141.39	92	0.5
942	171.53	119.43	92	1.14
Period: 92
Tasks:6
id	x	y	end	c
462	10.42	170.59	93	114.05
463	148.14	128.12	92	55.75
464	96.71	51.76	93	48.35
465	74.88	46.42	94	59.18
466	22.98	33.2	96	101.95
467	95.94	23.56	94	76.55
Drivers: 11
id	x	y	end	sensitivity
943	70.27	100.14	93	1.77
944	199.66	175.26	92	1.43
945	37.1	157.15	95	0.96
946	102.66	114.29	94	0.82
947	163.5	76.04	93	1.24
948	84.98	123.24	95	1.83
949	2.7	104.65	93	0.51
950	131.63	22.75	96	0.93
951	123.34	74.79	96	1.32
952	14.42	92.83	95	0.96
953	95.05	185.38	93	0.9
Period: 93
Tasks:3
id	x	y	end	c
468	41.11	22.68	96	97.19
469	93.9	191.91	93	92.11
470	10.94	160.94	94	107.91
Drivers: 10
id	x	y	end	sensitivity
954	32.27	158.89	98	1.62
955	151.01	198.02	95	1.74
956	72.35	161.47	95	1.48
957	29.58	11.79	94	1.91
958	31.52	130.86	95	0.81
959	177.2	103.74	95	0.57
960	76.37	32.92	94	1.48
961	142.78	159.37	94	1.11
962	140.77	76.23	96	1.81
963	179.45	72.87	98	1.63
Period: 94
Tasks:7
id	x	y	end	c
471	52.74	0.39	98	110.25
472	144.71	126.48	95	51.96
473	37.65	126.67	101	67.81
474	75.64	49.01	99	56.51
475	196.5	173.78	96	121.47
476	110.06	42.3	95	58.57
477	7.69	36.87	94	111.83
Drivers: 13
id	x	y	end	sensitivity
964	185.15	44.39	95	0.67
965	52.03	105.35	96	0.78
966	83.97	40.28	95	1.94
967	110.74	13.58	96	0.53
968	21.71	151.83	96	1.54
969	54.21	136.45	98	1.33
970	62.01	27.65	96	1.16
971	176.58	47.55	96	1.54
972	196.78	80.52	94	1.78
973	198.5	17.36	97	1.24
974	148.5	10.85	97	1.22
975	138.26	173.98	94	0.64
976	153.81	186.17	95	1.14
Period: 95
Tasks:3
id	x	y	end	c
478	65.99	172.57	96	80.14
479	70.52	56.14	95	52.85
480	76.97	124.53	98	33.65
Drivers: 9
id	x	y	end	sensitivity
977	196.25	154.8	95	1.95
978	152.26	25.56	98	1.74
979	150.44	63.82	96	1.77
980	16.77	156.65	97	1.06
981	43.4	73.61	98	0.8
982	153.76	83.6	95	1.26
983	87.03	53.51	98	1.98
984	146.59	101.18	99	0.57
985	62.3	122.96	99	1.04
Period: 96
Tasks:5
id	x	y	end	c
481	8.59	199.71	96	135.27
482	170.95	166.01	101	96.91
483	175.71	179.32	97	109.65
484	177.09	70.66	97	82.48
485	180.21	191.38	97	121.59
Drivers: 9
id	x	y	end	sensitivity
986	120.21	152.99	97	1.38
987	38.31	74.04	97	1.28
988	33.59	8.52	97	0.6
989	104.89	103.43	101	0.78
990	155.9	129.81	97	1.53
991	172.31	18.35	98	1.79
992	86.1	124.3	98	0.84
993	138.88	81.09	97	1.09
994	142.32	9.2	96	1.98
Period: 97
Tasks:8
id	x	y	end	c
486	133.09	183.13	100	89.47
487	151.43	122.1	99	55.98
488	108.66	128.62	99	29.9
489	4.85	127.01	99	98.91
490	45.93	0.17	97	113.53
491	103.5	153.13	98	53.25
492	124.78	25.34	98	78.66
493	91.25	188.03	99	88.46
Drivers: 12
id	x	y	end	sensitivity
995	64.82	95.41	99	1.37
996	165.6	68.4	99	0.88
997	68.58	134.14	97	1.83
998	3.28	189.1	98	1.75
999	106.49	190.98	100	0.87
1000	133.96	137.56	98	0.57
1001	4.44	17.95	99	1.53
1002	183.26	198.42	98	1.78
1003	167	149.31	99	1.6
1004	107.8	80.9	99	1.89
1005	150.55	12.1	98	1.73
1006	7.76	82.67	97	0.97
Period: 98
Tasks:2
id	x	y	end	c
494	116.16	194.67	99	96.04
495	131.47	127.99	102	42.12
Drivers: 13
id	x	y	end	sensitivity
1007	102.67	151.45	100	1.91
1008	145.45	164.98	98	1.63
1009	93.5	145.97	104	0.51
1010	18.11	33.97	100	1.34
1011	133.32	38.39	100	1.17
1012	199.25	120.85	100	1.02
1013	141.28	120.6	102	0.76
1014	30.57	83.49	98	1.08
1015	166.13	108.13	103	1.31
1016	51.59	165.99	99	1.56
1017	156.5	104.49	99	0.97
1018	71.21	4.2	103	1.19
1019	90.21	197.56	99	1.54
Period: 99
Tasks:5
id	x	y	end	c
496	125.03	94.11	99	25.71
497	135.13	22.15	101	85.41
498	179.28	19.65	101	112.88
499	146.44	157.91	101	74.23
500	75.31	161.87	99	66.61
Drivers: 6
id	x	y	end	sensitivity
1020	20.71	116.75	102	0.9
1021	43.36	145.97	103	1.8
1022	101.1	197.52	101	1.89
1023	119.32	34.88	101	1.59
1024	13.26	45.71	99	1.49
1025	4.03	170.22	99	1.46
Period: 100
Tasks:4
id	x	y	end	c
501	10.45	55.07	103	100.19
502	150.02	190.41	100	103.32
503	146.35	101.81	104	46.39
504	23.08	71.75	101	81.94
Drivers: 10
id	x	y	end	sensitivity
1026	167.13	46.31	101	1.08
1027	102.95	41.71	102	0.88
1028	150.83	48.24	100	0.99
1029	122.49	183.9	103	0.55
1030	164.75	190.44	102	1.26
1031	151.93	77.97	100	0.84
1032	58	149.71	101	1.21
1033	160.64	144.41	101	0.92
1034	23.52	32.32	100	0.9
1035	69.48	51.74	101	0.54
