Periods: 100
Task Arrival Rate: 5
Task Average Time: 3
Driver Arrival Rate: 5
Driver Average Time: 3
Period: 1
Tasks:4
id	x	y	end	c
1	159.97	95.36	3	60.15
2	89.87	110.4	3	14.52
3	41.63	21.35	3	97.94
4	105.93	42.38	6	57.92
Drivers: 6
id	x	y	end	sensitivity
1	54.29	45.28	2	0.98
2	90.74	52.27	4	1.85
3	125.22	140.97	2	1.01
4	184.31	82.45	5	0.65
5	32.54	132.3	1	1.59
6	173.81	192.61	7	0.79
Period: 2
Tasks:11
id	x	y	end	c
5	23.27	0.09	4	125.97
6	51.21	31.49	5	84.11
7	18.59	120.34	6	83.91
8	181.45	119.5	5	83.75
9	99.86	71.56	4	28.44
10	46	56.11	2	69.59
11	59.29	62.05	5	55.66
12	129.06	72.9	3	39.74
13	139.2	107.22	6	39.86
14	64.78	136.94	4	51.04
15	135.23	79.25	6	40.89
Drivers: 8
id	x	y	end	sensitivity
7	82.99	88.95	4	1.63
8	37	78.1	4	0.87
9	147.42	23.05	4	1.9
10	106.44	98.05	6	1.54
11	44.07	174.31	7	1.47
12	32.54	91.16	5	1.52
13	76.62	182.57	2	1.5
14	3.01	11.44	6	1.95
Period: 3
Tasks:9
id	x	y	end	c
16	110.82	190.89	3	91.53
17	165.89	89.38	12	66.74
18	20.31	75.73	3	83.3
19	149.78	144.2	7	66.57
20	96.92	121.67	6	21.89
21	37.72	151.37	7	80.73
22	6.38	113.5	7	94.59
23	163.29	190.7	6	110.6
24	124.22	51.5	4	54.21
Drivers: 2
id	x	y	end	sensitivity
15	90.35	16.7	8	1.01
16	3.61	68.71	9	0.72
Period: 4
Tasks:7
id	x	y	end	c
25	96.19	132.35	9	32.57
26	107.88	22.32	8	78.08
27	180.28	79.12	6	82.95
28	42.25	59.22	9	70.7
29	38.47	100.26	7	61.53
30	52.9	41.44	9	75.15
31	72.19	172	5	77.18
Drivers: 5
id	x	y	end	sensitivity
17	194.17	64.09	6	1.34
18	109.92	30.78	6	1.28
19	122.02	169.53	8	1.21
20	150.03	186.93	5	0.77
21	18.36	75.45	4	0.56
Period: 5
Tasks:4
id	x	y	end	c
32	63.23	195.56	6	102.39
33	148.31	47.72	7	71.18
34	24.67	157.18	9	94.57
35	121.39	33.02	10	70.31
Drivers: 4
id	x	y	end	sensitivity
22	190.08	41.26	7	1.63
23	67.32	137.46	7	1.5
24	76.03	41.17	7	1.86
25	56.83	150.33	7	1.15
Period: 6
Tasks:3
id	x	y	end	c
36	120.83	81.2	9	28.06
37	141.13	168.44	10	79.85
38	13.81	111.1	11	86.9
Drivers: 6
id	x	y	end	sensitivity
26	160.73	57.06	7	1.3
27	35.42	5.34	8	1.97
28	68.8	15.25	9	1.44
29	194.52	63.06	10	1.82
30	126.43	29.62	6	1.27
31	101.78	7.33	13	1.25
Period: 7
Tasks:2
id	x	y	end	c
39	19.02	79.03	8	83.65
40	158.29	27.37	11	93.13
Drivers: 4
id	x	y	end	sensitivity
32	135.74	147.76	11	1.08
33	45.06	179.49	9	1.85
34	19.55	79.04	9	0.81
35	50.47	140.52	8	1.65
Period: 8
Tasks:5
id	x	y	end	c
41	113.02	156.84	15	58.31
42	129.01	78.11	10	36.34
43	174.17	196.76	12	121.92
44	176.84	149.18	15	91.23
45	188.84	17.28	8	121.39
Drivers: 7
id	x	y	end	sensitivity
36	70.47	27.62	9	1.51
37	172.63	147.85	12	1.48
38	2.27	154.31	11	1.27
39	150.24	83.89	11	1.18
40	36.15	153.95	12	1.1
41	135.95	80.92	11	0.9
42	176.18	67.37	10	1.01
Period: 9
Tasks:9
id	x	y	end	c
46	179.11	70.23	14	84.53
47	188.39	73.78	17	92.2
48	156.29	124.35	9	61.33
49	196	47.16	11	109.58
50	28.42	191.83	12	116.43
51	47.61	147.81	11	70.93
52	166.57	50.26	11	83.1
53	177.86	4.69	13	123.07
54	64.16	44.78	12	65.83
Drivers: 5
id	x	y	end	sensitivity
43	168.39	28.21	13	0.57
44	113.35	67.69	10	1.05
45	133.25	87.87	11	0.75
46	79.1	100.68	13	1.64
47	10.88	25.04	12	1.73
Period: 10
Tasks:7
id	x	y	end	c
55	196.92	99.67	12	96.92
56	62.2	3.27	14	103.85
57	121.5	148.27	14	52.84
58	94.31	194.08	13	94.25
59	147.36	6.81	11	104.53
60	85.91	78.15	10	26
61	8.3	68.97	13	96.81
Drivers: 5
id	x	y	end	sensitivity
48	25.4	154.93	15	1.77
49	37.91	2.19	12	1.69
50	130.68	100.44	10	1.91
51	31.89	173.2	13	0.97
52	73.75	145.46	14	1.69
Period: 11
Tasks:5
id	x	y	end	c
62	74.71	82.65	14	30.67
63	2.35	173.8	13	122.4
64	64.63	141.82	14	54.77
65	118.46	166.64	14	69.15
66	83.75	103.95	12	16.72
Drivers: 5
id	x	y	end	sensitivity
53	19.39	94.04	11	1.8
54	190.22	172.18	14	1.62
55	120.24	51.06	12	1.97
56	183.74	63.64	15	1.13
57	150.56	36.04	17	1.71
Period: 12
Tasks:9
id	x	y	end	c
67	23.31	13.35	14	115.71
68	149.54	180.97	13	94.92
69	165.23	84.24	12	67.11
70	5.26	176.45	12	121.74
71	31.69	62.03	13	78.15
72	35.41	12.61	13	108.67
73	28.47	147.03	15	85.61
74	192.51	146.62	12	103.59
75	145.07	82.65	14	48.29
Drivers: 3
id	x	y	end	sensitivity
58	9.92	142.68	15	1.64
59	21.61	32.81	15	1.48
60	189.52	43.51	16	1.68
Period: 13
Tasks:1
id	x	y	end	c
76	121.62	79.32	15	29.92
Drivers: 8
id	x	y	end	sensitivity
61	24.58	189.77	13	1.04
62	63.41	31.92	14	1.02
63	89.52	198.38	16	1.52
64	14.56	8.72	16	0.58
65	168.14	22.94	20	1.75
66	90.35	51.23	15	1.6
67	63.84	116.75	13	1.84
68	70.92	172.94	17	0.94
Period: 14
Tasks:4
id	x	y	end	c
77	169.58	112.12	15	70.63
78	92.47	127.66	17	28.67
79	131.42	190.17	17	95.49
80	185.41	105.57	17	85.59
Drivers: 3
id	x	y	end	sensitivity
69	87.29	17.31	18	1.18
70	179.8	199.88	17	1.93
71	155.34	146.51	15	1.46
Period: 15
Tasks:3
id	x	y	end	c
81	53.39	183.17	20	95.34
82	82.16	10.83	17	90.94
83	196	79.72	19	98.12
Drivers: 3
id	x	y	end	sensitivity
72	114.4	71.81	18	0.97
73	31.47	144.21	18	1.48
74	150.32	32.32	16	0.73
Period: 16
Tasks:2
id	x	y	end	c
84	144.4	67.63	23	54.95
85	68.77	87.21	21	33.75
Drivers: 7
id	x	y	end	sensitivity
75	151.23	98.82	24	1.36
76	15.35	101.29	16	1.28
77	171.57	36.05	17	0.95
78	72.18	90.31	19	1.23
79	193.12	88.43	17	1.73
80	191.21	102.23	22	1.57
81	100.24	97.56	21	0.56
Period: 17
Tasks:4
id	x	y	end	c
86	88.42	95.54	22	12.41
87	124.28	81.34	18	30.62
88	33.15	20.59	24	103.8
89	65.39	76.85	23	41.64
Drivers: 3
id	x	y	end	sensitivity
82	60.37	40.97	20	0.7
83	104.26	60.35	21	1.39
84	19.45	92.57	21	1.45
Period: 18
Tasks:5
id	x	y	end	c
90	54.2	42.49	24	73.52
91	108.89	51.9	19	48.91
92	176.91	186.16	19	115.49
93	159.92	11.21	25	107.12
94	50.32	40.79	21	77.29
Drivers: 6
id	x	y	end	sensitivity
85	164.96	44.3	21	0.86
86	127.94	72.67	20	0.69
87	63.65	28.24	20	1.24
88	14.77	162.28	21	1.16
89	49.69	18.82	19	0.54
90	141.53	48.87	20	1.27
Period: 19
Tasks:7
id	x	y	end	c
95	127.38	110.14	20	29.2
96	62.8	91.03	20	38.27
97	65.23	189.78	20	96.28
98	31.97	47.87	25	85.71
99	85.09	173.88	21	75.37
100	170.12	42.12	23	90.92
101	110.43	179.42	25	80.1
Drivers: 4
id	x	y	end	sensitivity
91	92.88	44.85	20	0.89
92	51.36	172.49	24	0.58
93	152.01	110.65	25	1.81
94	154.3	90.78	20	0.98
Period: 20
Tasks:7
id	x	y	end	c
102	118.67	178.34	20	80.53
103	24.05	132.58	24	82.64
104	146.47	119.34	24	50.33
105	152.37	73.71	22	58.6
106	28.2	158.58	20	92.67
107	124.36	89.44	24	26.55
108	24.64	80.5	20	77.84
Drivers: 7
id	x	y	end	sensitivity
95	171.89	199.26	24	1.63
96	45.95	31.07	22	0.58
97	80.27	24.68	22	0.97
98	83.15	12.77	23	1
99	77.81	173.93	27	0.71
100	165.56	105.9	20	1.27
101	104.83	172.64	25	1.68
Period: 21
Tasks:3
id	x	y	end	c
109	52.42	166.46	25	81.74
110	58.15	9.59	27	99.63
111	54.35	104.57	23	45.88
Drivers: 3
id	x	y	end	sensitivity
102	47.86	10.76	23	1.32
103	127.61	59.25	24	1.99
104	67.51	61.53	22	1.83
Period: 22
Tasks:2
id	x	y	end	c
112	196.37	114.64	24	97.48
113	3.7	44.11	24	111.34
Drivers: 3
id	x	y	end	sensitivity
105	90.37	174.44	24	1.5
106	3.05	118.83	30	1.88
107	54.25	68.08	24	1.39
Period: 23
Tasks:5
id	x	y	end	c
114	28.95	141.37	25	82.22
115	108.7	83.49	27	18.66
116	197.57	85.6	25	98.63
117	29.91	66.9	25	77.51
118	146.33	11.55	25	99.85
Drivers: 3
id	x	y	end	sensitivity
108	80.41	56.89	24	1.32
109	48.6	52.53	24	1.63
110	58.29	29.93	27	1.14
Period: 24
Tasks:11
id	x	y	end	c
119	3.39	114.49	27	97.69
120	183.55	38.11	29	103.98
121	94.83	130.8	28	31.23
122	7.36	75.23	27	95.89
123	90.94	12.52	26	87.95
124	121.78	189.04	25	91.67
125	34.89	197.39	25	117.15
126	73.88	54.18	26	52.74
127	137.79	147.1	29	60.39
128	169.76	124.8	27	74.04
129	85.95	139.23	28	41.67
Drivers: 4
id	x	y	end	sensitivity
111	171.23	13.19	29	1.78
112	59.36	106.36	25	1.05
113	60.81	67.21	26	1.15
114	132.97	80.67	27	1.71
Period: 25
Tasks:3
id	x	y	end	c
130	185.33	126.14	27	89.24
131	133.74	74.03	27	42.58
132	106.6	89.27	30	12.6
Drivers: 7
id	x	y	end	sensitivity
115	72.75	4.02	26	1.58
116	96.53	5.23	29	1.16
117	65.04	50.71	25	1.36
118	189.87	69.99	27	0.91
119	109.65	67.06	26	1.04
120	56.01	161.31	30	1.7
121	0.95	120.58	28	1.49
Period: 26
Tasks:4
id	x	y	end	c
133	50.14	176.57	28	91.37
134	112.75	64.95	30	37.3
135	142.16	31.35	28	80.56
136	151.8	62.34	30	64.04
Drivers: 4
id	x	y	end	sensitivity
122	142.73	56.5	31	0.97
123	144.68	189.49	31	1.35
124	166.22	130.17	28	1.31
125	14.56	40.38	27	0.55
Period: 27
Tasks:8
id	x	y	end	c
137	83.19	20.52	29	81.24
138	195.46	124.71	30	98.61
139	34.92	199.12	29	118.58
140	19.37	24.76	30	110.28
141	110.52	175.32	36	76.05
142	157.58	87.51	32	58.92
143	157.03	27.5	32	92.24
144	41.53	66.09	31	67.59
Drivers: 7
id	x	y	end	sensitivity
126	122.33	159.91	29	0.56
127	164.78	87.67	31	0.93
128	100.53	107.69	33	1.83
129	165.6	47.69	29	0.79
130	55.01	20.99	33	1.68
131	88.37	62.87	30	1.83
132	161.74	85.96	29	1.36
Period: 28
Tasks:5
id	x	y	end	c
145	149.56	143.45	30	65.91
146	169.96	153.48	33	88.06
147	61.03	18.57	31	90.27
148	52.88	67.94	35	56.99
149	5.5	61.07	29	102.2
Drivers: 11
id	x	y	end	sensitivity
133	44.37	184.39	31	1.81
134	66.19	136.66	31	1.63
135	34.56	36.48	32	1.78
136	19.34	171.03	30	1
137	178.37	58.48	30	0.86
138	180.42	67.74	32	1.21
139	144.21	56.61	38	0.8
140	89.66	61.7	30	0.6
141	47.65	57.21	32	0.78
142	41.03	125.73	30	0.96
143	34.83	110.86	34	0.61
Period: 29
Tasks:5
id	x	y	end	c
150	145.9	73.8	32	52.85
151	7.1	185.41	33	126.2
152	75.13	14.53	31	89.01
153	90.14	131	33	32.53
154	144.41	124.99	33	50.96
Drivers: 5
id	x	y	end	sensitivity
144	64.36	136.91	29	1.08
145	174.53	127.64	32	1.6
146	181.4	148.33	33	1.17
147	73.38	143.12	37	1.9
148	55.18	57.22	31	1.75
Period: 30
Tasks:5
id	x	y	end	c
155	153.8	36.6	32	83.15
156	155.29	140.47	31	68.52
157	40.13	26.07	32	95.13
158	4.54	104.67	32	95.57
159	132.45	172.9	33	79.8
Drivers: 6
id	x	y	end	sensitivity
149	68.82	146.08	32	1.62
150	108.42	119.47	32	1.27
151	148.26	176.56	32	1.87
152	71.2	72.67	31	1.78
153	7.01	39.41	33	1.17
154	183.84	102.81	32	1.8
Period: 31
Tasks:3
id	x	y	end	c
160	160.52	57.44	35	73.99
161	175.73	120.33	32	78.41
162	136.62	120.5	33	41.97
Drivers: 8
id	x	y	end	sensitivity
155	34.39	197.07	35	0.96
156	17.27	178.45	38	1.2
157	161.51	55.9	33	1.21
158	173.02	30.61	34	1.13
159	117.17	73.19	34	0.61
160	106.86	78.77	34	0.67
161	20.42	8.85	35	0.84
162	9.73	198.04	37	0.76
Period: 32
Tasks:9
id	x	y	end	c
163	66.11	141.74	35	53.77
164	100.08	68.38	35	31.62
165	44.32	163.4	35	84.38
166	45.51	181.31	37	97.88
167	131.59	64.9	33	47.22
168	93.61	31.4	35	68.9
169	199.79	145.93	37	109.85
170	144.31	102.85	33	44.4
171	13	107.63	35	87.33
Drivers: 5
id	x	y	end	sensitivity
163	166.06	77.17	35	1.7
164	175.87	95.82	35	0.66
165	98.67	107.33	36	0.63
166	8.5	40.5	35	0.55
167	75.33	65.84	34	1.17
Period: 33
Tasks:3
id	x	y	end	c
172	16.01	144.37	37	94.99
173	120.44	141.27	37	46.05
174	107.38	121.76	38	22.98
Drivers: 5
id	x	y	end	sensitivity
168	48.88	114.67	37	1.62
169	35.09	141.96	36	1.54
170	92.75	60.07	39	0.9
171	71.79	51.45	33	1.38
172	135.95	169.43	34	1.09
Period: 34
Tasks:11
id	x	y	end	c
175	113.24	32.36	36	68.92
176	172.01	162.08	40	95.08
177	140.14	104.27	40	40.37
178	45.52	57.01	34	69.4
179	103.89	83.81	37	16.65
180	159.41	80.26	35	62.6
181	147.49	114.95	39	49.79
182	183.18	137.9	35	91.41
183	68.32	5.11	35	100.04
184	36.41	43.21	35	85.26
185	170.01	32.16	36	97.49
Drivers: 4
id	x	y	end	sensitivity
173	3.34	98.01	37	1.17
174	113.86	184.84	37	1.4
175	182.65	140.24	37	1.79
176	195.77	89.05	37	0.83
Period: 35
Tasks:6
id	x	y	end	c
186	37.23	192.44	41	111.74
187	78.38	188.8	38	91.39
188	171.45	160.31	36	93.5
189	122.22	8.86	40	93.81
190	66.07	64.16	36	49.35
191	65.88	14.68	38	91.89
Drivers: 2
id	x	y	end	sensitivity
177	139.5	21.51	37	1.63
178	170.31	193.19	37	1.77
Period: 36
Tasks:4
id	x	y	end	c
192	69.11	102.82	37	31.02
193	75.66	84.03	38	29.11
194	13.58	55.55	39	97.18
195	157.7	46.48	39	78.7
Drivers: 4
id	x	y	end	sensitivity
179	142.54	151.73	37	1.17
180	21.2	105.29	40	1.86
181	166.01	71.07	38	1.9
182	59.86	5.52	38	0.77
Period: 37
Tasks:5
id	x	y	end	c
196	181.61	134.81	40	88.72
197	7.75	127.06	41	96.14
198	41.59	185.92	39	103.89
199	72.1	172.95	40	78.1
200	30.28	142.7	40	81.76
Drivers: 4
id	x	y	end	sensitivity
183	135.2	44.23	39	0.78
184	89.37	117.83	39	1.73
185	116.41	60.62	40	0.73
186	13.94	161.71	40	1.63
Period: 38
Tasks:4
id	x	y	end	c
201	126.33	0.97	40	102.47
202	60.32	142.08	42	57.84
203	35.9	5.08	39	114.54
204	0.42	25.52	43	124.35
Drivers: 6
id	x	y	end	sensitivity
187	11.98	178.91	41	1.4
188	83.4	80.4	42	0.59
189	168.14	42.73	42	1.12
190	119.52	76.28	41	0.94
191	136.12	46.14	42	1.58
192	43.46	148.93	39	0.8
Period: 39
Tasks:3
id	x	y	end	c
205	70.47	47.89	41	59.9
206	98.93	138.72	40	38.73
207	56.4	128.89	39	52.3
Drivers: 5
id	x	y	end	sensitivity
193	58.53	167.4	43	0.88
194	22.46	45.92	41	1.6
195	46.6	110.73	41	1.5
196	48.84	123.59	44	1.57
197	34.88	188.87	42	1.69
Period: 40
Tasks:9
id	x	y	end	c
208	122.54	27.75	41	75.68
209	23.67	153.12	42	92.99
210	170.74	72.47	41	75.91
211	59.49	45.48	42	67.92
212	141.49	111.37	43	43.02
213	56.79	67.21	44	54.24
214	181.16	52.51	41	94.03
215	13.55	96.29	43	86.53
216	32.97	8.62	46	113.33
Drivers: 4
id	x	y	end	sensitivity
198	109.9	6.17	41	0.96
199	5.14	146.83	40	0.52
200	164.08	109.87	40	1.82
201	100.76	122.68	45	1.02
Period: 41
Tasks:3
id	x	y	end	c
217	96.41	32.6	46	67.5
218	193.51	117.64	43	95.16
219	181.43	4.7	45	125.35
Drivers: 3
id	x	y	end	sensitivity
202	42.48	133.14	46	0.9
203	182.41	144.03	48	0.79
204	143.87	124.96	45	1.56
Period: 42
Tasks:10
id	x	y	end	c
220	6.35	153.57	46	107.89
221	81.73	155	46	57.96
222	187.36	63.89	45	94.53
223	58.63	150.88	46	65.58
224	191.66	42.16	45	108.38
225	19.51	71.55	44	85.37
226	96.22	40.63	44	59.49
227	82.52	145.72	45	48.95
228	169.05	81.36	44	71.52
229	183.86	72.67	49	88.2
Drivers: 2
id	x	y	end	sensitivity
205	8.88	120.62	47	1.17
206	117.05	84.64	47	1.52
Period: 43
Tasks:6
id	x	y	end	c
230	171.61	78.54	47	74.76
231	30.95	134.27	49	77.09
232	34.7	134.62	46	73.91
233	16.81	79.55	49	85.67
234	192.09	189.76	45	128.6
235	144.42	6.3	45	103.7
Drivers: 4
id	x	y	end	sensitivity
207	13.66	8.25	47	1.14
208	0.68	132.16	49	1.84
209	108.86	198.19	49	1.35
210	117.55	40.9	45	0.65
Period: 44
Tasks:5
id	x	y	end	c
236	54.32	186.33	44	97.67
237	167.94	135.07	48	76.46
238	23.47	191.35	46	119.17
239	124.31	117.89	49	30.18
240	5	94.12	45	95.18
Drivers: 9
id	x	y	end	sensitivity
211	121.11	70.2	45	1.22
212	175.9	77.75	45	1.54
213	34.58	170.88	46	0.7
214	14.81	89.65	48	0.5
215	69.95	24.56	46	1.33
216	130.54	45.8	45	0.85
217	21.14	144.14	49	1.26
218	169.39	114.02	46	0.69
219	59.52	49.83	48	1.1
Period: 45
Tasks:3
id	x	y	end	c
241	158.71	190.98	45	108.28
242	97.31	179.44	48	79.49
243	0.88	149.79	50	110.92
Drivers: 2
id	x	y	end	sensitivity
220	122.55	102.86	49	0.65
221	113.03	140.9	48	0.89
Period: 46
Tasks:5
id	x	y	end	c
244	197.11	166.14	49	117.49
245	148.55	51.29	50	68.77
246	22.09	21.57	47	110.55
247	65.09	46.38	53	63.98
248	38.41	4.86	47	113.34
Drivers: 4
id	x	y	end	sensitivity
222	172.38	190.11	49	0.87
223	83.01	146.88	54	1.71
224	20.6	133.11	48	0.77
225	197.42	58.23	48	0.61
Period: 47
Tasks:7
id	x	y	end	c
249	195.3	78.04	50	97.8
250	124.32	54.74	52	51.38
251	143.13	17.44	49	93.15
252	114.18	170.68	51	72.09
253	137.97	140.61	49	55.6
254	51.23	63.57	51	60.87
255	61.39	129.6	51	48.65
Drivers: 6
id	x	y	end	sensitivity
226	86.22	14.99	50	1.05
227	65.03	13.39	49	0.99
228	151.84	116.17	51	0.72
229	154.84	102.48	54	0.72
230	164.6	114.13	49	0.86
231	192.67	170.15	49	1.01
Period: 48
Tasks:2
id	x	y	end	c
256	121.54	39.21	49	64.49
257	44.19	165.04	51	85.7
Drivers: 3
id	x	y	end	sensitivity
232	99.14	22.13	50	0.97
233	46.59	11.02	50	0.66
234	58.48	139.47	50	1.14
Period: 49
Tasks:2
id	x	y	end	c
258	41.67	55.33	52	73.47
259	99.21	12.98	51	87.02
Drivers: 4
id	x	y	end	sensitivity
235	74	145.99	54	1.33
236	61.26	91.59	52	1.32
237	153.51	113.31	52	1.19
238	2.44	161.02	51	1.47
Period: 50
Tasks:8
id	x	y	end	c
260	10.22	27.02	52	115.7
261	129.09	188.86	51	93.5
262	91.35	3.57	57	96.82
263	49.28	9.59	52	103.67
264	84.29	98.43	51	15.79
265	118.74	63.81	54	40.75
266	145.56	44.49	55	71.81
267	132.96	57.17	53	54.04
Drivers: 6
id	x	y	end	sensitivity
239	108.98	111.29	55	1.05
240	23.1	32.1	53	1.42
241	83.24	139.47	52	0.52
242	106.01	187.63	56	1.06
243	139.33	79.59	54	1.72
244	182.86	132.16	52	0.79
Period: 51
Tasks:2
id	x	y	end	c
268	149.77	30.37	53	85.59
269	178.79	0.7	51	126.76
Drivers: 4
id	x	y	end	sensitivity
245	180.95	69.82	54	1.96
246	195.07	114.99	52	0.66
247	188.62	88.48	51	0.79
248	145.9	98.19	54	0.7
Period: 52
Tasks:3
id	x	y	end	c
270	98.15	62.2	53	37.85
271	47.59	142.52	56	67.49
272	111	172.7	55	73.53
Drivers: 8
id	x	y	end	sensitivity
249	77.93	129.85	57	1.21
250	28.65	140.65	53	0.77
251	65.82	199.21	54	0.96
252	194.77	156.64	55	1.3
253	5.9	180.44	55	1.49
254	158.5	53.19	55	0.69
255	35.57	54.49	53	1.29
256	104.95	93.06	55	1.99
Period: 53
Tasks:9
id	x	y	end	c
273	6.34	36.96	55	112.9
274	165.84	42.01	57	87.74
275	91.83	155.86	54	56.45
276	18.8	57.75	53	91.53
277	192.55	35.38	58	112.88
278	133.13	52.71	59	57.74
279	37.72	184.7	55	105.13
280	59.13	117.2	55	44.34
281	58.57	162.91	58	75.33
Drivers: 2
id	x	y	end	sensitivity
257	55.86	24.8	53	0.63
258	157.31	80.82	55	1.49
Period: 54
Tasks:7
id	x	y	end	c
282	165.63	48.74	57	83.28
283	141.2	48.24	63	66.16
284	50.35	97.46	63	49.71
285	125.93	147.3	57	53.94
286	84.92	155.85	57	57.85
287	157.3	189.29	57	106.09
288	162.39	74.64	56	67.35
Drivers: 3
id	x	y	end	sensitivity
259	194.65	14.69	54	0.72
260	4.45	23.13	54	1.13
261	117.45	88.59	63	1.45
Period: 55
Tasks:4
id	x	y	end	c
289	198.72	194.83	58	136.89
290	123.15	145.05	58	50.65
291	166.26	30.57	58	95.97
292	44.45	158.3	59	80.53
Drivers: 5
id	x	y	end	sensitivity
262	131.57	159.46	59	1.47
263	114.8	179.88	58	1.62
264	113.11	62.08	56	1.55
265	151.14	114.21	59	1.3
266	174.18	74.05	56	1.66
Period: 56
Tasks:7
id	x	y	end	c
293	144.72	13.82	61	97.09
294	28.68	107.18	60	71.68
295	1.55	92.18	59	98.76
296	87.71	107.86	63	14.59
297	145.4	67.36	61	55.92
298	41.94	17.23	59	101.1
299	158.01	70.25	58	65.19
Drivers: 3
id	x	y	end	sensitivity
267	169.05	48.95	59	1.66
268	4.99	150.24	59	1.29
269	191.52	121.61	62	1.18
Period: 57
Tasks:5
id	x	y	end	c
300	40.94	70.31	61	66.1
301	124.36	183.92	59	87.38
302	8.49	131.77	61	96.87
303	33.71	17.03	63	106.2
304	76.01	112.05	62	26.85
Drivers: 6
id	x	y	end	sensitivity
270	70.79	132.03	57	1.19
271	34.45	34.12	60	0.76
272	18.8	148.08	59	0.59
273	104.3	123.57	61	1.73
274	138.95	23.61	58	0.96
275	0.43	195.34	59	1.25
Period: 58
Tasks:6
id	x	y	end	c
305	150.58	163.67	62	81.32
306	157.39	110.71	61	58.38
307	51.41	106.14	61	48.98
308	131.56	185.72	62	91.35
309	43.38	119	59	59.72
310	184.96	54.4	60	96.42
Drivers: 4
id	x	y	end	sensitivity
276	161.85	45.08	60	0.6
277	186.38	155.42	58	0.87
278	1.15	174.61	61	1.24
279	91.6	137.1	63	0.58
Period: 59
Tasks:3
id	x	y	end	c
311	154.59	3.62	64	110.77
312	119.91	115.72	61	25.37
313	81.43	111.39	62	21.78
Drivers: 6
id	x	y	end	sensitivity
280	156.2	10.29	62	1.56
281	109.89	58.78	60	0.72
282	160.47	181.86	62	1.22
283	36.68	111.78	62	0.97
284	5.01	35.76	61	1.37
285	194.73	70.97	59	1.21
Period: 60
Tasks:3
id	x	y	end	c
314	157.84	108.25	61	58.43
315	135.67	80.05	62	40.87
316	193	50.17	61	105.51
Drivers: 3
id	x	y	end	sensitivity
286	1.52	69.1	62	1.5
287	179.13	130.18	61	1.29
288	196.65	138.7	63	0.97
Period: 61
Tasks:6
id	x	y	end	c
317	192.85	189.85	66	129.21
318	101.24	199.76	61	99.77
319	10.61	145.02	64	100.09
320	23.33	187.05	63	116
321	179.63	141.38	66	89.74
322	19.41	109.25	64	81.12
Drivers: 6
id	x	y	end	sensitivity
289	55.14	76.66	67	1.5
290	14.96	61.46	63	0.78
291	177.93	168.87	66	1.34
292	32.66	25.93	64	1.47
293	2.88	113.65	61	1.85
294	33.57	63.9	64	1.99
Period: 62
Tasks:9
id	x	y	end	c
323	145.81	86.96	67	47.63
324	65.45	101.5	64	34.58
325	193.96	133.21	67	99.66
326	199.98	32.05	64	120.89
327	100.83	105.71	63	5.77
328	67.78	196.03	68	101.29
329	126.71	89.63	66	28.65
330	148.31	135.59	66	60
331	164.14	116.01	64	66.11
Drivers: 4
id	x	y	end	sensitivity
295	122.11	55.53	63	1.2
296	103.49	34.32	64	1.95
297	20.66	85.27	66	0.68
298	127.49	88.85	66	1.48
Period: 63
Tasks:6
id	x	y	end	c
332	70.31	41.09	67	65.97
333	61.05	10.83	66	97.31
334	165.84	45.14	64	85.7
335	90.4	86.63	67	16.46
336	124.54	23.1	64	80.72
337	127.52	37.53	66	68.26
Drivers: 3
id	x	y	end	sensitivity
299	41.19	199.43	67	1.28
300	68.88	64.22	67	1.88
301	111.54	67.61	66	0.79
Period: 64
Tasks:8
id	x	y	end	c
338	194.53	177.35	73	122.14
339	62.61	15.21	66	92.67
340	145.32	117.78	67	48.68
341	12.62	40.93	67	105.47
342	151.59	117.76	69	54.56
343	81.52	98.9	66	18.51
344	45.61	71.6	68	61.36
345	49.48	39.11	65	79.12
Drivers: 9
id	x	y	end	sensitivity
302	52.83	55.38	65	1.26
303	175.12	197.71	67	1.84
304	175.28	183.69	70	0.59
305	58.25	114.24	67	0.74
306	190.46	197.05	68	1.44
307	174.15	155.48	68	1.61
308	94.73	31.32	68	1.68
309	96.2	16.33	66	1.81
310	106.4	172.85	68	1.06
Period: 65
Tasks:4
id	x	y	end	c
346	54.57	12.98	66	98.16
347	64.27	149.03	67	60.67
348	37.18	11.66	65	108.4
349	25.15	48.95	66	90.6
Drivers: 6
id	x	y	end	sensitivity
311	117.4	12.81	68	0.91
312	14.55	123.08	68	0.62
313	49.19	159.82	66	0.95
314	160.04	115.73	68	0.9
315	4.19	83.41	67	0.83
316	30.33	156.07	67	1.4
Period: 66
Tasks:8
id	x	y	end	c
350	54.35	149.34	67	67.22
351	68.44	15.83	71	89.89
352	195.87	148.98	69	107.66
353	149.88	140.81	66	64.45
354	164.57	152.58	68	83.27
355	75.71	178.38	70	82.06
356	39.43	163.8	69	87.97
357	71.05	44.42	69	62.67
Drivers: 6
id	x	y	end	sensitivity
317	171.01	181.93	71	1.23
318	98.2	46.64	71	1.45
319	109.68	95.58	68	1.21
320	38.56	183.89	69	1.86
321	195.15	136.22	70	1.43
322	118.22	177.28	71	0.67
Period: 67
Tasks:6
id	x	y	end	c
358	92.58	151.57	67	52.1
359	52.68	84.88	74	49.68
360	21.54	161.65	71	99.78
361	41.09	49.76	71	77.42
362	131.26	157.35	67	65.32
363	64.51	49.82	71	61.46
Drivers: 1
id	x	y	end	sensitivity
323	118.86	72.06	73	1.7
Period: 68
Tasks:6
id	x	y	end	c
364	125.32	160.77	70	65.83
365	145.7	60.92	73	60.13
366	88.37	155.54	70	56.74
367	167.29	173.32	74	99.52
368	92.78	19.89	70	80.43
369	143.41	150.54	71	66.62
Drivers: 6
id	x	y	end	sensitivity
324	177.74	132.31	70	0.71
325	103.43	103.52	73	1.78
326	25.31	149.59	71	0.58
327	27.32	72.22	72	1.51
328	44.61	167.74	69	1.22
329	114.8	10.73	71	1.01
Period: 69
Tasks:7
id	x	y	end	c
370	158.89	110.74	71	59.86
371	58.36	42.42	71	71.06
372	130.42	118.37	72	35.54
373	15.65	2.14	71	129.2
374	119.07	93.29	71	20.22
375	77.15	137.86	71	44.22
376	60.15	5.67	72	102.4
Drivers: 3
id	x	y	end	sensitivity
330	91.22	181.38	73	0.9
331	44.59	127.94	71	1.58
332	144.69	77.96	71	1.19
Period: 70
Tasks:4
id	x	y	end	c
377	90.42	44.84	72	55.99
378	91.75	17.23	73	83.18
379	180.95	172.39	73	108.6
380	61.96	140.23	72	55.37
Drivers: 6
id	x	y	end	sensitivity
333	195.85	105.37	73	0.6
334	127.28	44.72	72	1.42
335	126.93	121.71	73	1.8
336	10.61	69.38	72	1.07
337	35.01	99.2	73	1.84
338	197.25	23.62	71	0.99
Period: 71
Tasks:5
id	x	y	end	c
381	26.4	148.02	76	87.88
382	150.91	125.14	78	56.78
383	186.09	82.99	76	87.75
384	42.6	130.99	74	65.23
385	9.38	87.41	73	91.49
Drivers: 4
id	x	y	end	sensitivity
339	46.47	142.18	75	1.57
340	74.97	118.77	74	0.57
341	82.58	173.59	73	0.54
342	116	44.18	73	1.22
Period: 72
Tasks:8
id	x	y	end	c
386	17.89	97.5	72	82.15
387	53.94	29	76	84.63
388	114.27	115.23	77	20.87
389	42.27	187.9	74	105.16
390	76.87	38.93	75	65.3
391	31.19	194.12	73	116.59
392	196.61	49.02	73	109.24
393	160.66	182.14	76	102.11
Drivers: 6
id	x	y	end	sensitivity
343	57.43	127.53	74	1.74
344	36.8	13.59	74	1.17
345	139.79	38.09	76	1.5
346	55.31	197.45	77	1.11
347	172.7	123.52	74	1.4
348	187.17	67.11	75	2
Period: 73
Tasks:4
id	x	y	end	c
394	129.76	101.99	77	29.83
395	192.89	113.88	75	93.92
396	26.05	4.29	76	120.95
397	152.6	128.57	74	59.86
Drivers: 2
id	x	y	end	sensitivity
349	131.48	110.8	76	1.56
350	75.29	101.63	75	1.99
Period: 74
Tasks:3
id	x	y	end	c
398	131.52	130	74	43.51
399	5.64	9.77	76	130.56
400	151.81	6.34	77	107.03
Drivers: 7
id	x	y	end	sensitivity
351	51.65	8.77	78	1.3
352	59.26	27.24	77	1.58
353	49.29	161.49	81	1.4
354	21.05	48.12	77	1.13
355	66.17	43.62	79	1.34
356	148.76	12.73	79	1.05
357	154.29	32.82	78	0.58
Period: 75
Tasks:3
id	x	y	end	c
401	70.18	48.81	75	59.24
402	82.34	10.46	78	91.26
403	173.98	96.54	76	74.06
Drivers: 4
id	x	y	end	sensitivity
358	61.54	24.26	75	1.06
359	183.41	167.98	80	1.08
360	126.46	143.01	79	1.92
361	46.86	170.72	79	1.12
Period: 76
Tasks:6
id	x	y	end	c
404	133.44	155.14	79	64.49
405	73.93	113.62	80	29.41
406	176.83	33.31	80	101.74
407	113	94.92	81	13.96
408	57.02	95.77	80	43.19
409	190.91	133.96	80	97.05
Drivers: 4
id	x	y	end	sensitivity
362	47.8	104.49	79	1.18
363	153.82	40.6	81	0.86
364	195.55	96.25	78	0.51
365	137.72	88.35	77	1.2
Period: 77
Tasks:4
id	x	y	end	c
410	190.57	83.25	82	92.11
411	164.97	51.43	82	81.12
412	93.94	1.92	77	98.27
413	24.62	10.45	81	117.05
Drivers: 7
id	x	y	end	sensitivity
366	8.51	20.06	80	1.95
367	35.99	185.51	81	0.76
368	194.27	163.84	79	1.19
369	111.51	151.95	79	1.16
370	50.16	35.88	81	0.68
371	29.6	178.58	77	1.62
372	23.83	102.18	82	1.06
Period: 78
Tasks:5
id	x	y	end	c
414	186.52	39.66	80	105.48
415	47.55	7.07	80	106.71
416	153.61	195.35	80	109.39
417	37.78	115.85	80	64.21
418	151.76	58.34	81	66.44
Drivers: 2
id	x	y	end	sensitivity
373	27.12	49.11	83	0.7
374	67.35	181.72	80	1.22
Period: 79
Tasks:4
id	x	y	end	c
419	112.09	80.8	80	22.69
420	185.26	145.1	80	96.45
421	70.25	193.04	84	97.68
422	103.51	19.49	83	80.59
Drivers: 3
id	x	y	end	sensitivity
375	110.28	43.9	84	1.01
376	138.59	153	83	1.94
377	80.96	123.94	79	1.79
Period: 80
Tasks:5
id	x	y	end	c
423	193.88	184.23	91	126.13
424	35.1	42.76	83	86.54
425	52.22	119.92	82	51.77
426	1.43	180.57	83	127.31
427	85.45	164.86	86	66.47
Drivers: 5
id	x	y	end	sensitivity
378	52.05	86.76	84	1.49
379	99.46	61.39	84	1.85
380	154.41	95.01	81	1.11
381	37.2	23.05	88	0.75
382	66.63	195.02	81	0.59
Period: 81
Tasks:6
id	x	y	end	c
428	43.64	116.58	84	58.75
429	83.79	23.34	84	78.36
430	146.59	35.67	87	79.43
431	62.4	48.88	82	63.46
432	176.62	37.7	82	98.75
433	185.01	155.08	83	101.29
Drivers: 4
id	x	y	end	sensitivity
383	113.11	59.62	82	1.99
384	21.15	0.25	86	0.5
385	149.16	128.47	83	1.46
386	81.04	65.92	82	0.71
Period: 82
Tasks:9
id	x	y	end	c
434	57.02	46.84	83	68.36
435	28.53	65.32	85	79.44
436	99.94	143.57	84	43.57
437	132.13	43.82	86	64.72
438	72.15	165.61	87	71.28
439	169.13	65.06	85	77.46
440	163.26	106.28	83	63.57
441	146.36	71.24	84	54.56
442	5.83	72.74	85	98.04
Drivers: 3
id	x	y	end	sensitivity
387	57.37	190.39	85	1.74
388	135.83	28.71	83	1.5
389	34.43	30.17	83	0.76
Period: 83
Tasks:9
id	x	y	end	c
443	21.41	53.2	86	91.47
444	27.32	51.54	88	87.35
445	83.24	14.44	86	87.19
446	108.47	73.27	86	28.04
447	187.8	33.99	87	109.85
448	45.24	147.03	87	72.18
449	38.83	78.83	87	64.73
450	25.51	99.22	87	74.49
451	19.44	1.36	85	127.36
Drivers: 5
id	x	y	end	sensitivity
390	78.33	76.85	87	0.75
391	186.71	55.32	88	0.52
392	114.16	140.88	87	1.27
393	166.71	13.14	85	0.86
394	3.37	175.03	86	1.23
Period: 84
Tasks:7
id	x	y	end	c
452	139.2	149.14	86	62.86
453	156.5	195.47	89	110.94
454	38.93	24.61	90	97.02
455	71.09	28.23	84	77.37
456	45.16	67.68	86	63.66
457	177.67	29.58	89	104.84
458	198.46	117.23	88	99.96
Drivers: 5
id	x	y	end	sensitivity
395	156.52	172.92	88	1.24
396	59.41	53.56	86	1.37
397	152.64	46.59	85	1.29
398	32.13	63.64	86	0.93
399	139.34	99.12	86	0.66
Period: 85
Tasks:5
id	x	y	end	c
459	89.47	158.09	89	59.04
460	184.79	78.7	88	87.42
461	154.04	164.25	85	83.95
462	60.27	159.96	86	71.93
463	85.31	148.32	88	50.5
Drivers: 3
id	x	y	end	sensitivity
400	125.01	84.85	90	0.76
401	100.06	84.86	87	0.75
402	187.37	99.6	87	0.52
Period: 86
Tasks:6
id	x	y	end	c
464	1.26	198.89	90	139.75
465	164.5	196.95	88	116.45
466	79.96	58.69	90	45.91
467	145.57	76.49	87	51.28
468	97.75	97.49	89	3.37
469	159.04	36.88	91	86.43
Drivers: 4
id	x	y	end	sensitivity
403	115.36	91.76	90	0.58
404	64.11	62.46	90	1.27
405	130	66.93	89	1.77
406	78.95	135.81	91	0.99
Period: 87
Tasks:5
id	x	y	end	c
470	9.77	140.05	90	98.72
471	10	7.63	89	128.97
472	81.71	159.94	95	62.67
473	150.17	163.15	89	80.65
474	176.97	126.87	92	81.53
Drivers: 8
id	x	y	end	sensitivity
407	109.31	194.69	89	1.85
408	84.52	126.8	88	1.92
409	51.19	91.53	92	1.65
410	49.43	113.68	90	1.2
411	183.48	94.16	91	0.63
412	122.7	89.97	90	1.37
413	47.59	13.43	89	0.89
414	60.5	64.86	91	1.75
Period: 88
Tasks:6
id	x	y	end	c
475	82.36	86.39	90	22.28
476	121.24	16.22	94	86.43
477	72.43	2.59	92	101.24
478	93.35	92.42	92	10.08
479	180.1	103.81	89	80.19
480	2.55	107.07	90	97.71
Drivers: 8
id	x	y	end	sensitivity
415	52.02	46.56	90	1.27
416	93.44	56.66	90	1.16
417	145.93	12.1	95	1.12
418	168.74	187.92	90	1.13
419	22.58	112.69	90	0.93
420	151.67	161.72	92	1.7
421	79.12	47.02	94	0.91
422	186.63	125.16	93	1.63
Period: 89
Tasks:3
id	x	y	end	c
481	197.24	140.78	89	105.44
482	75.73	95.47	93	24.69
483	170.01	51.84	91	84.98
Drivers: 1
id	x	y	end	sensitivity
423	156.39	150.88	91	1.97
Period: 90
Tasks:1
id	x	y	end	c
484	131.45	68.03	95	44.85
Drivers: 3
id	x	y	end	sensitivity
424	38.47	159.85	93	0.9
425	100.44	104.57	92	0.75
426	128.63	153.09	95	0.55
Period: 91
Tasks:1
id	x	y	end	c
485	9.43	110.9	94	91.22
Drivers: 6
id	x	y	end	sensitivity
427	82.97	45.85	92	2
428	152.64	50.04	95	0.62
429	56.28	106.24	93	0.93
430	1.93	50.73	98	1.3
431	86.33	159.69	91	0.79
432	194.71	147.75	92	1.35
Period: 92
Tasks:7
id	x	y	end	c
486	192.35	95.35	94	92.47
487	199.56	122.74	94	102.12
488	107.69	59.52	95	41.2
489	78.93	120.45	97	29.36
490	191.92	103.84	94	92
491	148.97	6.16	95	105.85
492	184.27	194.29	96	126.46
Drivers: 1
id	x	y	end	sensitivity
433	150.88	118.94	94	0.52
Period: 93
Tasks:2
id	x	y	end	c
493	1.14	164.23	95	117.89
494	159.25	62.64	95	70.05
Drivers: 5
id	x	y	end	sensitivity
434	98.57	183.01	97	1.15
435	192.27	60.27	98	1.75
436	129.97	8.58	96	1.48
437	136.91	31.6	96	0.79
438	146.66	183.81	95	0.81
Period: 94
Tasks:5
id	x	y	end	c
495	148.08	167.02	97	82.48
496	38.21	158.57	95	85.14
497	149.17	5.78	99	106.28
498	79.85	107.46	97	21.49
499	102.34	25.55	99	74.49
Drivers: 4
id	x	y	end	sensitivity
439	67.4	154.84	96	1.46
440	34.34	174.97	96	1.87
441	33.07	193.58	102	0.52
442	34.86	121.79	95	1.73
Period: 95
Tasks:6
id	x	y	end	c
500	78.72	119.99	98	29.2
501	134.7	113.88	98	37.37
502	55.58	157.39	99	72.57
503	165.96	12.92	100	109.24
504	117.32	24.7	96	77.27
505	8.09	1.25	96	134.9
Drivers: 9
id	x	y	end	sensitivity
443	127.09	85.33	101	1.35
444	180.39	157.48	99	1.52
445	165.59	165.15	96	1.89
446	144.2	41.15	102	0.53
447	100.65	18.37	98	0.82
448	161.95	175.14	99	1.11
449	44.58	20.5	97	1.11
450	173.37	35.49	99	0.75
451	122.64	17.91	100	1.73
Period: 96
Tasks:6
id	x	y	end	c
506	127.87	176.21	98	81.15
507	72.16	82.41	99	32.93
508	143.32	179.12	99	90.2
509	84.55	23.03	98	78.51
510	27.36	11.74	99	114.31
511	20.21	17.46	99	114.8
Drivers: 5
id	x	y	end	sensitivity
452	74.77	184.62	98	1.49
453	96.91	199.36	98	1.07
454	50.37	93.39	98	1.97
455	4.63	42.36	99	1.48
456	181.44	120.79	100	1.96
Period: 97
Tasks:3
id	x	y	end	c
512	58.04	68.45	101	52.5
513	120.42	48.79	102	55.13
514	104.57	21.29	101	78.84
Drivers: 3
id	x	y	end	sensitivity
457	36.08	185.54	99	1.35
458	6.99	117.59	101	0.8
459	185.65	189.82	98	0.74
Period: 98
Tasks:4
id	x	y	end	c
515	133.12	182.17	99	88.59
516	147.3	126.63	103	54.28
517	183.41	198.56	101	129.12
518	10.89	190.02	100	126.67
Drivers: 4
id	x	y	end	sensitivity
460	55.12	191.46	104	1.61
461	166.01	150.35	100	1.69
462	136.2	51.45	101	0.6
463	156.75	142.32	99	1.93
Period: 99
Tasks:7
id	x	y	end	c
519	99.58	67.55	100	32.45
520	37.46	9.83	102	109.74
521	77.31	188.1	102	90.97
522	54.68	20.82	100	91.23
523	18.96	165.92	99	104.46
524	124.19	93.76	100	24.98
525	41.47	131.13	101	66.29
Drivers: 7
id	x	y	end	sensitivity
464	115.41	94.74	99	1.71
465	80.33	86.62	101	1.66
466	34.47	116.82	101	1.12
467	38.95	34.34	101	1.69
468	165.14	9.9	102	1.64
469	190.33	59.62	105	1.2
470	81.96	18.54	100	0.57
Period: 100
Tasks:4
id	x	y	end	c
526	142.17	169.22	105	81.05
527	92.45	29.93	103	70.48
528	14.55	60.03	100	94.34
529	27.91	86.09	104	73.42
Drivers: 5
id	x	y	end	sensitivity
471	63.16	133.51	101	0.85
472	22.87	169.32	106	0.63
473	152.46	177.9	103	1.88
474	171.16	70.51	101	0.84
475	155.17	29.7	102	1.34
