Periods: 100
Task Arrival Rate: 5
Task Average Time: 3
Driver Arrival Rate: 15
Driver Average Time: 2
Period: 1
Tasks:2
id	x	y	end	c
1	183.43	36.15	6	105.06
2	194.29	187.77	1	128.82
Drivers: 18
id	x	y	end	sensitivity
1	118.19	177.15	1	1.8
2	182.11	97.65	2	1.96
3	114.93	138.43	2	1.2
4	23.11	36.66	2	1.3
5	38.91	72.02	2	0.6
6	173.81	18.1	1	0.52
7	106	22.97	4	1.86
8	2.46	117.29	2	1.93
9	17.76	133.08	4	1.09
10	29.91	37.52	2	1.35
11	134.11	92.28	5	1.54
12	71.27	173.84	4	0.97
13	189.65	80.97	3	1.25
14	86.95	37.41	5	0.69
15	190.46	183.65	1	1.62
16	133.45	193.26	3	0.88
17	33.1	125.81	4	1.77
18	169.77	84.26	3	1.42
Period: 2
Tasks:7
id	x	y	end	c
3	49.07	107.69	9	51.51
4	131.47	119.85	4	37.21
5	66.71	184.74	5	91.04
6	51.24	3.36	6	108.24
7	60.55	32.24	4	78.41
8	104.97	181.64	7	81.79
9	99.57	66.07	4	33.93
Drivers: 15
id	x	y	end	sensitivity
19	24.3	33.46	6	1.17
20	10.71	114.25	2	0.52
21	26.97	89.53	3	1.54
22	51.64	142.96	4	1.1
23	122.36	140.77	3	0.69
24	190.07	163.8	4	0.9
25	18.34	78.02	3	1.98
26	121.16	47.01	4	1.55
27	8.16	121.36	4	1.96
28	28.83	21.2	2	1.33
29	22.89	12.64	2	0.87
30	53.76	194.68	3	1.88
31	149.75	24.75	5	1.1
32	114.22	169.09	4	1.84
33	94.77	121.67	2	1.29
Period: 3
Tasks:4
id	x	y	end	c
10	35.61	145.15	3	78.64
11	67.23	83.19	7	36.83
12	75.52	185.65	10	89.08
13	114.92	33.4	4	68.25
Drivers: 12
id	x	y	end	sensitivity
34	177.43	139	8	1.74
35	80.9	52.66	3	0.65
36	131.67	66.98	6	1.41
37	149.73	122.39	6	0.97
38	76.41	90.63	4	1.3
39	40.21	142.89	7	1.69
40	165.29	6.7	4	1.57
41	124.68	110.77	6	0.81
42	34.92	158.63	6	0.89
43	182.92	158.11	5	1.42
44	113.65	171.11	6	0.64
45	126.33	114.25	5	1.61
Period: 4
Tasks:7
id	x	y	end	c
14	103.36	180.54	7	80.61
15	18.22	166.17	10	105.2
16	62.62	51.07	8	61.57
17	72.95	100.23	7	27.05
18	55.44	182.02	8	93.34
19	95.04	89.69	6	11.44
20	70.34	80.41	7	35.55
Drivers: 13
id	x	y	end	sensitivity
46	20.68	76.32	6	1.8
47	91.91	12.76	5	1.39
48	151.85	168.51	8	1.31
49	104.35	169.93	5	1.77
50	97.13	106.81	6	1.44
51	2.67	40.17	6	0.92
52	136.33	3.81	5	1.98
53	190.88	17.72	4	0.84
54	13.36	5.46	7	0.68
55	115.76	66.71	6	0.51
56	33.08	140.36	6	0.68
57	164.45	110.23	5	1.45
58	148.44	38.27	4	0.59
Period: 5
Tasks:2
id	x	y	end	c
21	40.25	194.84	8	112.09
22	71.07	0.4	6	103.72
Drivers: 16
id	x	y	end	sensitivity
59	50.65	126.58	7	1.33
60	199.38	24.83	7	1.57
61	54.12	78.83	9	0.83
62	3.25	139.1	8	1.78
63	3.39	171.15	6	1.01
64	161.59	123.05	8	1.22
65	161.29	196.87	9	1.44
66	40.68	142.16	7	0.73
67	153.66	78.39	7	1.36
68	117.31	114.1	5	1.12
69	72.44	3.5	6	1.68
70	106.73	40.67	7	1.18
71	124.11	118.42	7	1.78
72	155.15	80.43	5	1.01
73	77.53	136.7	7	1.24
74	64.62	34.71	8	1.35
Period: 6
Tasks:4
id	x	y	end	c
23	59.77	157.23	9	69.96
24	125.69	78.5	8	33.5
25	55.52	20.89	9	90.76
26	116.3	183.61	10	85.18
Drivers: 16
id	x	y	end	sensitivity
75	184.14	13.6	7	1.98
76	68.36	107.93	6	1.55
77	164.66	73.71	7	1.57
78	58.61	14.29	7	0.7
79	53.93	43.47	10	1.92
80	44.89	112.55	8	1.84
81	135.56	82.52	7	1.97
82	9.48	116.47	8	0.53
83	46.56	20.81	6	1.86
84	77.93	66.15	8	1.67
85	62.57	136.63	7	1.78
86	164.9	81.96	9	0.67
87	101.02	146.13	10	1.55
88	21.01	135.04	7	1.72
89	35.84	145.83	10	0.86
90	178.89	139.07	8	0.88
Period: 7
Tasks:1
id	x	y	end	c
27	180.9	166.72	12	104.86
Drivers: 21
id	x	y	end	sensitivity
91	4.15	19.74	8	0.57
92	141.44	6.79	8	0.91
93	22.52	187.5	7	0.54
94	95.04	187.13	10	1.24
95	176.77	128.29	9	1.97
96	195.36	23.28	11	1.08
97	15.43	150.59	13	1.28
98	166.07	85.46	9	0.75
99	178.91	138.21	10	1.36
100	103.9	90.21	9	0.91
101	83.47	140.41	10	1.28
102	99.74	146.59	10	0.62
103	29.39	184.82	10	1.96
104	78.61	22.26	7	1.91
105	98.83	109.11	8	1.89
106	2.56	159.85	9	1.99
107	31.78	64.71	8	1.75
108	68.98	42.39	10	1.09
109	96.2	68.82	7	1.21
110	56.95	166.95	8	1.22
111	11.87	50.62	9	1.41
Period: 8
Tasks:4
id	x	y	end	c
28	42.48	137.16	10	68.48
29	145.1	199.86	9	109.57
30	145.84	128.51	11	53.98
31	162.17	130.88	17	69.42
Drivers: 16
id	x	y	end	sensitivity
112	128.38	139.85	8	1.87
113	63.44	2.84	11	1.74
114	91.52	118.68	9	1.54
115	84.05	189.66	8	0.78
116	113.94	27.15	8	1.8
117	33.87	66.41	12	0.69
118	56.77	172.09	10	1.64
119	119.38	82.58	9	1.99
120	22.67	187.08	12	0.86
121	94.68	176.93	13	0.68
122	8.86	25.69	9	1.32
123	131	155.45	10	1.06
124	185.13	106.08	11	1.3
125	22.4	180.83	9	1.45
126	145.88	20.52	10	1.51
127	110.24	0.96	9	1.73
Period: 9
Tasks:4
id	x	y	end	c
32	84.91	163.65	13	65.41
33	106.31	61.65	12	38.87
34	1.35	111.84	11	99.36
35	97.35	85.35	13	14.89
Drivers: 15
id	x	y	end	sensitivity
128	182.55	101.36	11	1.3
129	118.14	13.4	12	1.93
130	39.74	193.66	11	1.3
131	174.97	123.55	11	1.61
132	86.29	24.27	11	1.1
133	142.61	176.65	13	1.86
134	74.24	122.6	10	1.48
135	59.94	95.42	13	1.78
136	178.13	132.14	12	1.74
137	0.03	156.32	11	1.25
138	159.13	140	12	0.97
139	49.04	154.8	12	0.68
140	45.88	183.35	11	1.63
141	119.75	80.74	9	0.51
142	10.22	196.36	9	1.53
Period: 10
Tasks:3
id	x	y	end	c
36	144.63	91.78	12	45.38
37	80.9	49.2	12	54.27
38	171.77	126.86	13	76.63
Drivers: 13
id	x	y	end	sensitivity
143	77.21	114.67	12	0.56
144	2.57	178.92	11	0.91
145	133.56	15.61	12	0.72
146	4.73	51.76	12	1.36
147	110.27	186.24	12	1.49
148	130.96	148.25	11	0.95
149	158.19	29.09	13	0.65
150	39.04	160.19	10	1.21
151	72.08	20.52	14	1.93
152	45.06	54.84	13	1.56
153	67.15	166.75	14	1.16
154	35.58	90.44	12	1.08
155	37.72	102.56	13	1.51
Period: 11
Tasks:7
id	x	y	end	c
39	33.99	137.39	15	75.86
40	95.35	125.37	14	25.79
41	84.81	153.53	17	55.64
42	160.05	154.88	13	81.35
43	170.62	60.67	14	80.83
44	81.53	132.41	14	37.3
45	9.24	180.42	15	121.26
Drivers: 16
id	x	y	end	sensitivity
156	34.87	147.05	14	1.62
157	90.17	14.24	17	1.39
158	142.33	73.69	13	1.8
159	148.01	197.31	13	1.41
160	167.39	121.74	14	0.58
161	81.88	40.19	12	1.74
162	168.02	135.49	13	1.93
163	13.97	13.38	13	1.52
164	47.96	168.71	11	0.98
165	113.09	190.67	15	0.83
166	153.35	191.54	13	1.61
167	164.7	117.6	13	1.88
168	175.43	185.02	13	0.82
169	125.23	8.54	14	1.73
170	176.54	114.31	15	1.02
171	123.13	102.32	13	1.21
Period: 12
Tasks:11
id	x	y	end	c
46	2.85	194.35	16	135.43
47	116.36	42.62	13	59.67
48	128.3	87.69	18	30.86
49	180.48	108.81	14	80.96
50	128.85	57.6	14	51.28
51	165.51	39.13	15	89.42
52	111.08	19.59	16	81.17
53	179.69	96.45	15	79.77
54	55.48	120.08	14	48.84
55	33.74	54.55	17	80.35
56	193.28	8.56	15	130.62
Drivers: 15
id	x	y	end	sensitivity
172	131.24	149.99	13	0.63
173	159.94	105.5	13	0.8
174	134	35.26	15	1.31
175	44.49	136.68	12	1.72
176	11.22	180.11	14	1.26
177	22.92	163.16	14	0.91
178	157.86	100.39	15	1.05
179	68.73	35.45	16	0.78
180	32.46	74.93	15	2
181	39.94	82.53	14	1.76
182	167.36	49.62	12	1.93
183	131.29	54.27	18	1.31
184	82.92	34.9	15	1.92
185	128.95	178.97	14	0.61
186	107.6	78.64	15	1.52
Period: 13
Tasks:10
id	x	y	end	c
57	121.38	195.64	14	98
58	127.87	199.35	18	103.19
59	77.91	19.32	14	83.65
60	112.63	105.62	15	13.82
61	128.95	139.36	20	48.86
62	54.72	5.66	15	104.64
63	84.05	61.44	17	41.73
64	100.29	22.14	19	77.86
65	26.13	148.05	14	88.12
66	40.85	152.78	14	79.27
Drivers: 17
id	x	y	end	sensitivity
187	181.7	8.76	17	0.53
188	155.76	189.4	17	1.55
189	15.4	164.35	13	0.68
190	164.81	165.31	16	0.79
191	49.18	58.49	15	1.17
192	118.29	81.37	15	1.28
193	132.71	90.77	16	0.57
194	19.9	124.24	20	0.88
195	5.26	172.41	18	1.13
196	138.57	87.05	14	0.55
197	137.14	168.54	15	0.7
198	27.73	140.61	15	1.91
199	114.7	23.66	16	1.53
200	98.55	94.32	17	1.77
201	124.44	122.85	16	0.69
202	192.71	90.04	14	1.09
203	68.73	190.68	13	1.83
Period: 14
Tasks:4
id	x	y	end	c
67	178.56	9.57	18	119.79
68	159.73	172.56	16	93.98
69	25.52	181.89	18	110.69
70	146.62	58.12	18	62.67
Drivers: 12
id	x	y	end	sensitivity
204	60.12	193.76	17	0.76
205	76.35	116.15	17	1.65
206	100.18	2.15	16	1.75
207	140.25	32.15	18	1.66
208	149.05	113.49	19	0.61
209	2.63	187.73	14	1.25
210	58.65	38.6	16	1.22
211	139.05	76.74	18	1.62
212	44.27	135.22	16	1.63
213	20.09	114.79	16	1.8
214	26.54	124.43	18	1.34
215	79.4	13.57	17	1.3
Period: 15
Tasks:3
id	x	y	end	c
71	178.71	80.86	16	81
72	195.3	85.12	19	96.45
73	11.25	139.54	15	97.16
Drivers: 15
id	x	y	end	sensitivity
216	80.51	188.06	15	1.08
217	12.97	47.07	16	0.73
218	27.91	164.61	16	0.83
219	54.42	199.64	18	1.26
220	86.52	169.81	15	1.23
221	80.53	116.81	19	1.12
222	183.31	38.32	18	1.68
223	137.57	109.99	19	1.88
224	128.94	187.22	16	1.04
225	30.3	43.22	16	1.82
226	179.69	1.37	17	1.99
227	164.84	117.39	18	1.18
228	15.42	94.99	15	0.78
229	23.94	33.28	18	0.57
230	159.39	51.22	16	1.87
Period: 16
Tasks:5
id	x	y	end	c
74	119.16	191.18	19	93.17
75	62.53	39.86	17	70.86
76	191.96	80.52	18	94
77	163.58	152.7	18	82.58
78	178.3	0.71	16	126.45
Drivers: 14
id	x	y	end	sensitivity
231	188.23	51.09	16	0.94
232	170.95	103.43	20	1.03
233	12.07	73.71	19	1.74
234	194.1	99.08	17	1.08
235	72.73	64.41	18	0.57
236	68.57	107.48	20	1.31
237	39.75	6.81	17	1.25
238	187.87	125.65	18	1.05
239	75.5	154.53	16	0.69
240	13.17	125.49	16	1.51
241	174.54	13.27	16	1.82
242	154.73	144.26	20	1.94
243	195.91	71.09	18	1.84
244	17.89	182.12	17	0.96
Period: 17
Tasks:1
id	x	y	end	c
79	109.3	169.9	22	70.52
Drivers: 9
id	x	y	end	sensitivity
245	65.73	187.36	19	1.74
246	125.67	73.94	19	1.73
247	9.98	128.44	19	1.74
248	115.42	145.57	18	0.62
249	126.24	127.48	19	0.77
250	54.69	160.16	17	1.88
251	128.38	126.02	17	1.71
252	24.66	141.18	18	1.94
253	120.74	44.04	17	1.16
Period: 18
Tasks:5
id	x	y	end	c
80	47.11	72.55	23	59.59
81	132.33	54.06	18	56.18
82	108.32	103.23	19	8.92
83	111.92	91.64	20	14.56
84	57.65	84.57	22	45.07
Drivers: 17
id	x	y	end	sensitivity
254	72.88	78.62	18	1.47
255	33.8	44.7	18	1.14
256	129.51	73.25	21	1.95
257	106.96	187.78	21	0.82
258	40.73	53.38	20	1.99
259	96.53	142.18	19	0.78
260	54.6	16.57	20	1.94
261	188.6	125.54	19	1.84
262	6.07	131.29	20	0.92
263	46.48	40.78	19	1.29
264	4.75	106.75	21	1.42
265	58.34	176.67	21	0.8
266	176.63	104.03	18	1.57
267	94.89	82.45	19	0.63
268	85.08	12.32	21	1.51
269	38.85	12.71	18	1.63
270	30.48	80.92	19	0.51
Period: 19
Tasks:6
id	x	y	end	c
85	65.44	32.88	23	75.49
86	9.37	60.09	21	99.03
87	29.08	11.03	23	113.78
88	129.82	26.27	23	79.53
89	67.92	132.54	24	45.69
90	110.11	116.81	23	19.62
Drivers: 15
id	x	y	end	sensitivity
271	30.78	33.1	21	1.38
272	197.04	110.7	20	0.81
273	53.24	165.93	23	1.47
274	156.9	17.57	19	0.85
275	96.97	39.22	19	1.79
276	97.6	115.43	21	1.14
277	159.22	121.92	20	1.34
278	160.62	76.98	21	1.99
279	11.39	8.34	23	0.63
280	37.26	173.9	20	0.93
281	10.57	81.37	21	1.21
282	187.95	0.96	21	0.82
283	186.03	44.18	24	2
284	86.2	190.34	22	0.75
285	147.69	177.08	21	0.62
Period: 20
Tasks:7
id	x	y	end	c
91	49.16	171.09	25	87.4
92	166.77	0.48	23	119.84
93	146.51	33.94	26	80.79
94	168.66	129.25	22	74.63
95	48.45	146.26	21	69.26
96	125.09	25.39	20	78.72
97	12.25	92.91	24	88.04
Drivers: 20
id	x	y	end	sensitivity
286	172.23	47.27	24	0.52
287	78.53	196.94	22	1.45
288	199.35	60.99	23	0.73
289	27.97	146.53	22	1.65
290	50.39	67.11	22	0.98
291	101.89	131.76	25	1.55
292	179.99	186.13	22	0.54
293	8.65	188.75	22	1.89
294	113.35	168.31	21	1.96
295	184.35	46.13	21	1.28
296	127.95	39.93	21	1.3
297	105.69	100.25	21	1.24
298	39.12	92.46	21	1.84
299	133.09	64.69	22	0.69
300	154.05	121.94	21	1.95
301	73.23	70.55	25	1.21
302	172.66	119.2	20	1.9
303	199.15	37.64	20	0.56
304	76.59	0.96	24	1.67
305	194.33	28.52	25	1.47
Period: 21
Tasks:7
id	x	y	end	c
98	67.64	21.68	24	84.74
99	103.89	129.9	27	30.15
100	125.4	143.41	24	50.3
101	144.71	54.09	23	64.08
102	87.66	138.52	28	40.45
103	62.7	163.26	22	73.44
104	88.09	0.52	22	100.19
Drivers: 11
id	x	y	end	sensitivity
306	171.64	89.15	25	0.88
307	20.7	119.14	21	1.2
308	62.47	104.36	21	1.17
309	172.08	45.46	26	1.22
310	46.12	116.22	23	1.3
311	11.76	78.67	25	0.86
312	3.02	171.14	26	1.03
313	159.24	75	22	0.76
314	184.38	84.41	23	1.33
315	168.82	15.05	25	1.66
316	152.32	101.4	23	0.97
Period: 22
Tasks:4
id	x	y	end	c
105	189.72	96.42	27	89.79
106	66.44	21.96	25	84.95
107	194.94	70.47	29	99.43
108	39.74	136	24	70.19
Drivers: 18
id	x	y	end	sensitivity
317	123.88	50.12	26	1.56
318	199.34	65.99	23	1.51
319	20.78	92.08	24	1.35
320	144.52	166.87	24	0.94
321	106.55	63.73	24	0.62
322	90.15	53.12	23	0.82
323	162.29	151.36	24	1.43
324	192.79	167.09	25	1.09
325	13.04	111.63	24	1.46
326	84.13	8.83	26	0.57
327	121.43	172.33	24	0.6
328	121.11	15.79	23	1.58
329	171.64	188.44	24	0.93
330	73.52	10.41	24	0.76
331	20.81	188.82	25	0.86
332	185.62	131.28	25	1.33
333	197.22	72.62	23	1.2
334	111.01	7.7	25	1.06
Period: 23
Tasks:4
id	x	y	end	c
109	45.99	182.4	24	98.52
110	5.9	39.03	26	112.13
111	194.29	79.91	26	96.41
112	121.81	30.88	26	72.48
Drivers: 7
id	x	y	end	sensitivity
335	41.68	53.1	26	1.88
336	165.64	50.65	25	0.83
337	121.34	193.21	26	1.56
338	127.58	80.93	29	1.89
339	103.05	5.03	25	1.14
340	181.71	187.77	26	1.33
341	74.34	193.73	25	1.32
Period: 24
Tasks:2
id	x	y	end	c
113	8.44	177.65	26	120.05
114	52.18	127.98	25	55.4
Drivers: 19
id	x	y	end	sensitivity
342	24.66	157.53	25	1.54
343	127.51	173.59	26	1.16
344	195.78	169.09	26	0.92
345	20.31	40.28	25	0.82
346	91.77	39.64	27	1.08
347	38.12	13.09	27	1.11
348	95.09	163.12	25	1.87
349	78.56	114.4	27	0.88
350	165.66	186.33	24	1.66
351	17.06	12.93	28	1.11
352	152.75	132.23	27	1.7
353	140.18	3.49	26	1.17
354	49.31	6.67	26	1.82
355	19.45	79.77	26	0.72
356	132.04	132.67	28	1.32
357	195.08	87.86	24	0.68
358	172.97	144.66	26	1.42
359	192.54	156.84	24	0.87
360	105.79	118.04	27	0.85
Period: 25
Tasks:4
id	x	y	end	c
115	175.8	4.12	28	122.22
116	111.81	103.19	26	12.23
117	21.84	68.36	28	84.32
118	161.4	23.41	28	98.16
Drivers: 18
id	x	y	end	sensitivity
361	190.75	53.14	27	0.8
362	138.88	0.27	26	1.3
363	124.54	134.82	28	1.25
364	26.47	67.97	30	1.11
365	25.63	65	29	0.95
366	146.2	131.61	25	1.08
367	120.26	35.45	28	1.39
368	38.69	179.95	25	0.52
369	89.77	32.26	28	0.58
370	169.16	181.88	29	1.93
371	96.85	147.35	26	0.84
372	122.99	122.2	25	0.88
373	173.51	56.73	27	0.77
374	41.04	51.23	26	1.91
375	135.38	74.94	26	1.13
376	107.41	18.51	27	1.13
377	167.27	35.53	26	0.52
378	182.24	93	26	1.59
Period: 26
Tasks:8
id	x	y	end	c
119	83.62	41.11	34	61.13
120	2.24	152.47	27	110.95
121	37.47	87.34	27	63.8
122	121.84	74.17	29	33.83
123	73.01	125.66	28	37.24
124	92.65	181.86	33	82.19
125	79.01	80.07	30	28.94
126	133.83	121.26	28	39.96
Drivers: 13
id	x	y	end	sensitivity
379	197.69	194.81	29	1.13
380	153.64	33.9	28	1.59
381	20.04	62.27	27	1.17
382	169.93	176.91	26	1.71
383	105.62	111.75	32	0.67
384	35.87	90.47	26	1.73
385	104.5	45.08	29	1.41
386	150.39	91.7	30	0.81
387	178.32	56.07	28	1.63
388	0.74	186.61	27	1.55
389	84.57	9.15	27	1.7
390	10.56	55.83	29	1.57
391	18.17	103.49	28	0.86
Period: 27
Tasks:6
id	x	y	end	c
127	79.99	169.52	29	72.34
128	196.04	74.48	29	99.37
129	68.92	124.3	28	39.45
130	20.41	186.78	31	117.75
131	102.53	97.24	30	3.74
132	41.6	119.87	30	61.69
Drivers: 16
id	x	y	end	sensitivity
392	84.7	198.24	27	1.49
393	22.85	154.86	29	1.5
394	19.97	183.44	27	1.3
395	110.88	5.03	27	1.72
396	134.28	169.05	27	1.45
397	68.77	193.72	28	1.95
398	58.07	78.16	31	1.94
399	72.17	142.9	29	0.64
400	123.83	11.8	31	1.73
401	157.42	74.91	27	0.55
402	93.69	89.77	28	1.38
403	38.17	5.6	29	0.91
404	72.86	122.17	29	1.62
405	20.23	144.27	28	0.68
406	41.67	134.4	28	1.31
407	77.88	98.55	29	1.59
Period: 28
Tasks:7
id	x	y	end	c
133	21.96	97.43	33	78.08
134	76.8	109.04	32	24.9
135	148.32	106.94	33	48.82
136	159.81	142.87	33	73.59
137	160.96	173.91	31	95.81
138	31.74	144.45	32	81.46
139	169.18	72.29	30	74.52
Drivers: 16
id	x	y	end	sensitivity
408	72.28	182.22	29	1.43
409	168.05	4.34	31	0.75
410	144.99	173.55	29	1.34
411	139.47	117.48	30	1.74
412	106.21	13.51	34	1.01
413	29.15	9.5	28	1.93
414	97.1	3.79	32	0.64
415	154.41	38.63	31	1.79
416	5.75	66.99	29	0.71
417	17.05	67.1	30	1.55
418	66.97	147.07	30	1.92
419	166.93	28.76	32	1.68
420	75.56	94.79	29	0.58
421	40.9	20.48	30	0.8
422	19.07	130.63	30	1.24
423	84	28.73	31	1.33
Period: 29
Tasks:3
id	x	y	end	c
140	195.62	98.78	32	95.63
141	10.15	114.54	30	91.02
142	70.01	107.73	32	30.97
Drivers: 15
id	x	y	end	sensitivity
424	187.44	92.6	30	0.63
425	17.87	70.51	31	1.85
426	76.85	144.21	31	0.58
427	183.97	156.06	30	1.15
428	53.76	10.93	31	0.87
429	122.89	172.7	30	1.71
430	11.66	133.09	32	0.71
431	174.54	170.75	32	1.02
432	105.78	61.01	31	1.99
433	197.59	175.66	32	0.75
434	12.41	40.66	29	0.71
435	140.69	177.13	32	2
436	26	164.69	32	0.7
437	187.36	151.56	30	0.91
438	20.74	21.78	32	1.15
Period: 30
Tasks:4
id	x	y	end	c
143	47.06	24.68	33	92.06
144	21.7	53.22	34	91.21
145	193.6	110.73	35	94.21
146	184.64	168.41	33	108.83
Drivers: 19
id	x	y	end	sensitivity
439	90.71	32.89	33	0.64
440	92.49	196.88	34	1.75
441	18.78	56.67	33	1.68
442	135.14	3.67	32	1.63
443	2.82	93.13	31	0.66
444	177.93	90.77	31	1.32
445	81.83	84.04	31	0.78
446	62.84	46.9	32	1.62
447	84.47	141.58	32	1.83
448	56.8	82.47	37	1.69
449	142.99	33.25	31	0.9
450	63.78	27.82	35	1.13
451	118.43	195.52	32	0.75
452	187.83	94.16	33	1.65
453	100.51	187.72	32	1.37
454	84.1	82.2	32	1.63
455	146.39	83.54	31	1.91
456	184.27	196.63	31	1.21
457	117.64	128.98	32	0.91
Period: 31
Tasks:5
id	x	y	end	c
147	18.38	46.72	36	97.47
148	116.46	140.75	33	43.95
149	184.97	175.55	32	113.7
150	15.72	132.64	33	90.38
151	160.85	169.87	34	92.65
Drivers: 8
id	x	y	end	sensitivity
458	97.92	184.73	33	1.84
459	16.41	189.29	34	1.86
460	91.6	179.6	34	1.13
461	147.86	191.17	33	0.93
462	104.07	187.31	32	1.25
463	79.6	120.53	35	1.47
464	199.38	80.35	34	1.26
465	40.79	179.25	32	0.67
Period: 32
Tasks:4
id	x	y	end	c
152	1.09	181.34	33	128.06
153	189.94	188.68	34	126.31
154	122.55	9.62	35	93.15
155	71.07	82.7	39	33.71
Drivers: 14
id	x	y	end	sensitivity
466	63.35	45.83	35	0.62
467	115.74	67.23	36	1.04
468	178.08	196.48	34	1.12
469	157.98	117.46	35	1.93
470	70.25	181.43	35	1
471	70.28	22.96	33	0.71
472	144.34	133.24	34	0.63
473	105.66	43.8	32	1.43
474	81.18	97.21	33	1.57
475	116.39	118.41	35	0.72
476	49.72	117.7	32	1.9
477	88.05	85.75	34	1.08
478	4.77	65.12	33	1.46
479	4.4	172.53	32	0.89
Period: 33
Tasks:3
id	x	y	end	c
156	154.6	71.19	36	61.73
157	92.77	29.59	35	70.78
158	112.47	130.12	38	32.6
Drivers: 10
id	x	y	end	sensitivity
480	174.93	165.67	34	1.36
481	128.39	84.93	34	0.81
482	40.57	44.24	35	1.09
483	128.25	22.02	36	1.11
484	138.47	1.55	37	1
485	99.26	179.45	36	1.07
486	62.38	197.55	34	0.94
487	199.73	145.84	35	0.93
488	82.17	9.12	36	1.08
489	183.39	146.98	34	1.75
Period: 34
Tasks:4
id	x	y	end	c
159	134.77	130.36	38	46.16
160	56.14	137.69	37	57.83
161	18.6	121.91	41	84.3
162	52.88	160.5	37	76.68
Drivers: 18
id	x	y	end	sensitivity
490	169.29	165.97	36	1.16
491	65.34	32.46	35	1.92
492	194.29	99.16	37	1.23
493	22.53	83.18	35	1.35
494	154.29	133.45	35	1.75
495	84.73	21.81	35	1.95
496	123.4	105.66	35	1.41
497	125.61	152.18	35	0.96
498	28.36	94.25	35	0.82
499	84.87	17.57	37	1.16
500	191.25	122.02	37	0.73
501	184	20.27	35	1.18
502	192.48	193.84	35	0.84
503	108.81	18.88	37	1.42
504	147.25	198.24	35	1.23
505	128.84	73.12	35	1.19
506	166.68	177.33	37	1.91
507	38.31	26.97	36	1.31
Period: 35
Tasks:4
id	x	y	end	c
163	102.9	21.39	36	78.66
164	159.31	43.11	37	82.18
165	179.32	153.98	38	95.95
166	171.48	74.47	39	75.9
Drivers: 14
id	x	y	end	sensitivity
508	56.99	197.58	36	1.35
509	184.82	147.24	36	1.86
510	8.72	167.56	39	1.31
511	68.07	129.54	37	1.46
512	8.32	109.13	36	1
513	111.86	99.2	36	1.59
514	147.96	84.99	36	1.81
515	80.72	152.8	37	1.04
516	54.71	139.2	37	0.88
517	101.68	150.34	37	1.8
518	57.21	105.3	40	1.6
519	108.68	97.38	38	1.45
520	120.31	74.9	38	1.47
521	148.06	16.11	37	1
Period: 36
Tasks:7
id	x	y	end	c
167	156.54	93.94	39	56.86
168	174.83	111.93	41	75.78
169	11.64	136.93	38	95.77
170	119.17	71.22	43	34.58
171	174.88	118.93	37	77.24
172	60.92	9.09	36	98.95
173	41.4	35.33	39	87.27
Drivers: 15
id	x	y	end	sensitivity
522	129.88	156.93	39	1.21
523	100.97	63.56	38	1.8
524	76.47	87.76	38	1.31
525	180.08	58.08	39	1.91
526	137.99	134.26	39	0.77
527	54.42	179.54	36	1.99
528	137.36	113.17	38	0.83
529	178.8	166.32	38	1.3
530	77.32	128.55	36	1.6
531	151.3	146.04	38	1.8
532	4.23	70.21	37	1.23
533	72.2	55.1	37	1.42
534	37.77	198.32	37	1.43
535	7.16	7.42	38	0.8
536	48.82	70.29	37	1.86
Period: 37
Tasks:9
id	x	y	end	c
174	116.36	199.82	37	101.15
175	32.94	104.34	39	67.2
176	85.36	14.92	43	86.33
177	183.68	149.66	38	97.31
178	36.11	123.99	41	68.25
179	172.29	81.15	39	74.71
180	198.62	189.85	38	133.41
181	193.97	192.4	39	131.79
182	181.42	93.94	40	81.65
Drivers: 11
id	x	y	end	sensitivity
537	107.64	47.77	38	0.99
538	187.69	129.92	38	0.8
539	191	147.21	40	1.78
540	174.06	185.04	40	0.76
541	123.84	136.55	39	0.58
542	84.29	41.82	38	1.59
543	119.66	140.17	38	0.92
544	128.92	168.84	37	1.14
545	167.37	182.03	40	0.72
546	84.4	83.42	38	0.81
547	88.45	102.55	39	1.84
Period: 38
Tasks:3
id	x	y	end	c
183	172.69	4.84	43	119.75
184	11.61	28.63	41	113.61
185	9.97	39.23	39	108.62
Drivers: 17
id	x	y	end	sensitivity
548	120.41	165.23	39	1.99
549	75.08	1.4	39	1.4
550	111.91	74.69	39	1.85
551	195.39	127.35	42	1.61
552	38.8	138.38	43	1.06
553	82.98	133.7	39	1.66
554	6.81	72.68	39	1.48
555	46.2	132.68	41	1.09
556	132.35	135.75	43	1.26
557	4.19	172.25	42	1.04
558	9.15	53.81	43	0.78
559	30.28	91	40	1.5
560	112.36	151.35	39	1.65
561	133.39	83.68	39	1.83
562	55.05	179.75	38	0.6
563	59.13	19.81	38	1.08
564	93.28	161.16	39	0.88
Period: 39
Tasks:6
id	x	y	end	c
186	95.48	145.45	41	45.67
187	168.75	29.6	43	98.4
188	123.53	81.37	41	30.01
189	60.99	77.03	40	45.27
190	180.73	127.66	44	85.34
191	41.4	79.32	43	62.14
Drivers: 15
id	x	y	end	sensitivity
565	105.15	194.13	42	1.86
566	82.98	163.08	40	1.11
567	68.48	53.57	41	1.05
568	15.3	93.45	41	1.89
569	53.17	193.84	39	1.74
570	165.9	170.6	39	1.01
571	163.29	92.82	42	1.94
572	151.78	106.71	42	1.37
573	75.87	136.57	40	1.83
574	95.8	14.33	42	0.9
575	3.76	172.16	40	1.66
576	116.41	90.26	40	0.68
577	60.06	98.54	41	1.87
578	167.06	66.52	39	0.57
579	49.64	32.96	42	1.48
Period: 40
Tasks:9
id	x	y	end	c
192	172.49	59.32	43	83.12
193	155.35	186.92	43	103.05
194	178.64	74.99	43	82.52
195	158.58	134.91	41	68.19
196	3.06	125.17	43	100.15
197	164.25	39.96	44	87.94
198	94.65	1.05	44	99.09
199	167.76	117.78	43	70.05
200	28.13	168.16	44	99.05
Drivers: 25
id	x	y	end	sensitivity
580	66.14	165.68	42	0.98
581	38.52	101.24	40	0.86
582	109.66	178.71	40	1.28
583	91.49	65.57	40	1.37
584	125.09	32.75	43	1.77
585	45.59	33.75	43	0.91
586	152.83	34.08	42	1.22
587	48.63	141.79	41	1.9
588	79.75	134.9	43	1.72
589	95.88	148.15	41	1.67
590	48.02	93.82	42	1.75
591	108.96	4.87	45	0.62
592	76.86	149.2	41	0.5
593	124.83	96.06	41	1.91
594	12.37	0.51	41	1.32
595	194.01	151.89	42	1.24
596	177.61	30.93	40	1.04
597	172.05	198.22	42	0.6
598	36.7	118.97	41	0.54
599	73.49	192.72	43	1.1
600	52.5	133.82	40	1.64
601	103.07	192.81	40	1.09
602	71.76	24.66	41	0.54
603	5.36	116.48	42	1.04
604	2.04	56.73	42	1.53
Period: 41
Tasks:12
id	x	y	end	c
201	188.85	16.95	42	121.62
202	72.15	69.44	46	41.35
203	79.66	39.71	42	63.63
204	45.59	63.22	43	65.68
205	189.44	58.35	43	98.66
206	143.43	8.05	43	101.69
207	18.68	154.19	45	97.72
208	191.68	51.14	43	103.89
209	159.95	53.81	46	75.68
210	125.72	141.79	43	49.07
211	77.7	22.06	49	81.07
212	81.69	92.35	43	19.84
Drivers: 8
id	x	y	end	sensitivity
605	57.68	168.53	46	1.96
606	59.9	79.96	44	1.93
607	35.87	193.36	42	1.23
608	73.19	147.96	44	1.55
609	72.85	141.3	43	1.36
610	151.08	14.5	42	0.74
611	136.69	121.97	43	1
612	17.57	139.69	42	1.29
Period: 42
Tasks:5
id	x	y	end	c
213	134.16	135.57	45	49.32
214	2.67	117.28	42	98.85
215	112.93	195.51	43	96.38
216	147.34	158.44	45	75.21
217	2.61	125.03	45	100.56
Drivers: 12
id	x	y	end	sensitivity
613	0.16	34.44	44	1.76
614	146.44	132.03	42	1.45
615	84.16	154.08	42	0.77
616	43.1	44.27	42	1.39
617	35.94	171.03	42	1.13
618	65.05	115.18	45	1.82
619	75.69	58.41	43	1.13
620	152.54	67.85	47	1.95
621	140.02	167.16	42	1.85
622	103.76	114.02	44	0.8
623	85.85	67.86	44	1.34
624	62.91	96.35	44	1.43
Period: 43
Tasks:3
id	x	y	end	c
218	22.25	176.65	46	109.18
219	146.1	171.98	45	85.48
220	143.31	192.51	48	102.15
Drivers: 10
id	x	y	end	sensitivity
625	168.49	160.14	47	1.1
626	20.68	138.9	45	1.45
627	108.01	118.67	44	1.18
628	86.46	31.57	46	1.98
629	138.07	80.11	45	0.76
630	18.75	127.57	44	1.53
631	63.91	169.55	46	1.39
632	168.21	52.67	47	0.98
633	155.47	151.52	45	1.42
634	140.86	114.87	44	0.83
Period: 44
Tasks:3
id	x	y	end	c
221	48.1	151.74	47	73.28
222	34.98	16.12	46	106.13
223	128.73	163.2	48	69.42
Drivers: 15
id	x	y	end	sensitivity
635	182.24	113.63	50	0.67
636	88.42	89.04	48	1.85
637	35.88	154.9	47	0.82
638	180.12	94.44	47	1.91
639	0.31	61.24	46	1.97
640	19.16	10.48	46	1.25
641	11.66	152.42	46	1.72
642	18.1	90.73	44	1.11
643	143.03	43.07	48	1.92
644	32.22	154.26	46	0.56
645	197.55	126.94	47	1.45
646	138.53	123.7	49	1.32
647	181.73	24.33	46	0.55
648	9.19	33.78	49	0.6
649	98.79	51.57	45	1.39
Period: 45
Tasks:4
id	x	y	end	c
224	149.99	49.27	47	71.22
225	138.1	154.04	47	66.12
226	39.03	163.33	46	87.91
227	60.4	193.48	48	101.52
Drivers: 17
id	x	y	end	sensitivity
650	95.86	153.66	46	0.94
651	94.37	191.97	49	0.87
652	48.17	180.82	46	1.32
653	155.11	95.35	45	1.81
654	92.49	68.52	46	0.8
655	47.43	41.7	48	1.58
656	137.88	115.65	46	0.66
657	147.45	148.12	49	1.37
658	56.22	113.86	48	1.4
659	121.72	143.25	47	1.01
660	17.34	54.13	47	1.45
661	166.72	15.54	46	0.76
662	138.99	59.71	47	1.62
663	165.12	104.29	45	1.46
664	180.2	71.47	49	1.28
665	199.33	181.31	50	1.1
666	3.73	126.72	46	0.92
Period: 46
Tasks:8
id	x	y	end	c
228	169.45	88.49	51	70.4
229	157.48	10.15	50	106.66
230	37.45	38.21	47	87.92
231	57.48	60.22	48	58.23
232	187.78	141.17	51	96.96
233	126.79	55.53	49	51.92
234	193.37	22.15	49	121.57
235	128.18	195.52	47	99.59
Drivers: 20
id	x	y	end	sensitivity
667	120.17	35.64	48	0.58
668	14.05	71.19	47	0.75
669	57.3	8.74	46	1
670	90.08	0.32	47	0.59
671	83.87	119.08	46	1.02
672	137.66	53.19	50	1.56
673	126.95	71.9	47	1.26
674	35.66	15.88	47	1.47
675	12.08	110.73	48	0.67
676	51.49	78.5	48	1.61
677	55.32	34.23	48	1.12
678	34.92	71.79	49	2
679	166.42	61.5	48	1.25
680	20.4	41.86	47	1.46
681	83.01	176.8	49	1.7
682	91.35	83.57	49	0.64
683	44.34	136.94	48	0.78
684	93.41	26.53	48	1.19
685	85.77	146.13	47	1.28
686	148.95	191.94	50	1.83
Period: 47
Tasks:4
id	x	y	end	c
236	97.2	159.41	50	59.48
237	63.78	190.25	48	97.25
238	65.28	139.18	51	52.35
239	54.78	169.49	50	82.91
Drivers: 10
id	x	y	end	sensitivity
687	128.39	86.37	49	1.29
688	192.84	92.4	47	1.94
689	167.9	124.35	48	1.12
690	186.44	27.17	50	0.54
691	71.34	173.59	48	1.26
692	182.9	50.34	50	1.5
693	26.05	177.2	51	1.94
694	60.62	134.45	49	0.76
695	165.27	152.3	51	0.95
696	150.07	118.45	51	1.92
Period: 48
Tasks:2
id	x	y	end	c
240	27.67	174.81	52	104.06
241	57.39	146.72	49	63.23
Drivers: 17
id	x	y	end	sensitivity
697	197.85	23.77	52	0.67
698	141.22	150.02	52	1
699	53.74	196.03	49	1.84
700	103.27	159.9	51	1.31
701	157.64	19.3	53	1.64
702	78.9	29.24	50	1.21
703	180.58	192.68	50	0.58
704	131.19	123.6	49	1.79
705	179.59	134.87	49	1.99
706	9.63	83.28	49	1.99
707	13.85	127.27	50	1.58
708	74.59	29.95	49	1.37
709	97.79	66.12	51	1.98
710	9.45	187.38	48	1.72
711	13.68	98.16	49	1.02
712	66.59	49.26	50	1.92
713	66.32	89.27	49	0.55
Period: 49
Tasks:5
id	x	y	end	c
242	6.09	18.67	54	124.23
243	93.81	36.52	52	63.78
244	158.61	77.11	51	62.92
245	97.72	17.77	50	82.26
246	8.1	74.4	52	95.4
Drivers: 10
id	x	y	end	sensitivity
714	86.65	155.01	51	0.92
715	35	198.35	51	0.74
716	91.59	102.25	49	0.68
717	197.34	60.17	50	0.77
718	96.84	97.33	50	1.2
719	157.85	44.11	49	1.08
720	15.95	134.53	51	0.73
721	129.86	133.68	51	0.51
722	63.46	157.46	51	1.44
723	135.77	73.89	49	1.67
Period: 50
Tasks:4
id	x	y	end	c
247	76.87	185.93	52	88.99
248	161.04	125.89	55	66.3
249	0.97	46.05	50	112.77
250	147.6	118.96	53	51.24
Drivers: 14
id	x	y	end	sensitivity
724	83.73	95.51	52	1.08
725	114.51	48.83	53	0.81
726	166.21	29.19	51	0.84
727	30.18	156.84	52	1.6
728	88.06	51	54	1.3
729	138.38	19.39	52	1.58
730	81.38	181.91	52	1.17
731	69.82	47.27	51	0.64
732	77.2	41.93	50	1.85
733	196.89	116.26	51	0.88
734	157.23	18.47	51	1.91
735	157.65	108.08	56	0.57
736	1.68	142.77	51	1.54
737	43.28	158.12	51	0.95
Period: 51
Tasks:7
id	x	y	end	c
251	39.41	10.21	54	108.32
252	122.18	71.93	56	35.78
253	77.01	130.58	56	38.26
254	162.63	12.15	53	107.89
255	49.63	52.76	52	69.06
256	16.15	25.35	54	112.27
257	70.03	185.3	55	90.41
Drivers: 13
id	x	y	end	sensitivity
738	190.73	2.09	52	1.07
739	104.88	149.35	52	0.96
740	100.26	27.15	55	1.25
741	76.68	59.21	54	1.5
742	198.1	84.18	54	0.73
743	179.81	37.73	53	1.32
744	100.84	18.05	51	0.58
745	85.08	181.72	54	1.17
746	46.83	70.87	52	1.61
747	89.64	174.82	51	0.74
748	194.09	196.65	53	1.51
749	144.67	57.14	53	1.98
750	67.32	157.72	51	0.8
Period: 52
Tasks:6
id	x	y	end	c
258	79.84	142.98	56	47.47
259	171.41	109.18	57	72
260	140.4	85.84	54	42.81
261	130.9	184.01	59	89.51
262	193.09	193.62	54	132.02
263	83.27	106.1	58	17.81
Drivers: 14
id	x	y	end	sensitivity
751	176.84	117.85	53	1.13
752	17.47	26.46	54	1.25
753	114.66	88.71	54	1.66
754	33.87	140.55	54	1.8
755	13.71	149.15	53	0.66
756	141.06	31.4	53	1.02
757	110.25	84.55	52	1.64
758	164.49	30.05	54	1.1
759	186.1	30.27	52	0.99
760	139.69	174.93	52	0.72
761	178.46	61.63	54	0.6
762	113.04	24.06	54	1.7
763	2.29	178.11	54	0.76
764	120.11	182.02	55	1.58
Period: 53
Tasks:4
id	x	y	end	c
264	16.94	191.43	56	123.52
265	111.69	42.35	56	58.82
266	133.4	119.99	56	38.93
267	82.51	15.55	55	86.24
Drivers: 11
id	x	y	end	sensitivity
765	147.51	136.31	56	1.01
766	179.69	92.62	54	0.68
767	53.93	174.67	53	1.04
768	188.05	11.83	57	1.18
769	141.05	184.25	55	1.8
770	55.69	139.98	55	0.75
771	131.91	7.72	54	1.83
772	143.8	12.58	55	0.74
773	147.59	110.43	56	0.73
774	59.92	180.37	54	1.25
775	30.8	72.86	53	0.98
Period: 54
Tasks:2
id	x	y	end	c
268	81.4	100.01	61	18.6
269	176.59	153.6	57	93.48
Drivers: 21
id	x	y	end	sensitivity
776	65.91	159.44	56	1.98
777	149.04	114.47	57	0.54
778	78.86	62.6	57	1.18
779	23.64	1.16	59	1.28
780	126.66	50.12	58	1.11
781	98.42	137.96	59	1.27
782	184.96	105.89	54	1.69
783	17.83	16.06	57	0.88
784	165.57	162.78	58	0.92
785	180.53	53.51	57	0.95
786	158.64	73.7	55	1.22
787	24.76	127.62	56	1.86
788	82.93	114.29	55	1.11
789	192.44	76.11	58	1.23
790	152.27	75.08	55	1.7
791	22.01	39.41	58	0.93
792	95.35	54.97	57	1.49
793	37.04	131.96	56	1.64
794	83.15	20.7	54	0.85
795	21.62	79.73	58	1.72
796	69.65	127.53	56	1.47
Period: 55
Tasks:4
id	x	y	end	c
270	84.74	86.99	58	20.05
271	66.63	177.81	59	84.66
272	88.56	172.69	58	73.58
273	160.19	134.34	55	69.3
Drivers: 16
id	x	y	end	sensitivity
797	62.16	52.41	59	1.99
798	90.55	71.7	57	1.12
799	14.82	83.6	56	0.6
800	0.85	89.52	55	1.23
801	128.4	169.55	59	0.83
802	24.77	144.21	57	0.74
803	145.88	193.96	57	0.99
804	34.32	84.89	57	1.35
805	114.23	145.54	57	1.38
806	140.93	170.76	56	1.08
807	196.12	44.34	58	0.93
808	58.15	61.19	55	0.76
809	98.1	148.59	58	0.6
810	143.56	66.99	55	0.77
811	187.64	85.76	56	1.29
812	10.61	94.84	58	1.56
Period: 56
Tasks:5
id	x	y	end	c
274	121.71	21.4	60	81.54
275	90.53	1.94	57	98.52
276	57.33	196.17	58	105.21
277	54.01	160.68	60	76.14
278	106.35	31.07	58	69.22
Drivers: 14
id	x	y	end	sensitivity
813	96.49	132.6	59	1.04
814	137.81	129.71	60	1.7
815	173.39	19.56	57	1.71
816	160.88	120.63	56	1.87
817	55.33	162.77	57	1.23
818	187.36	190.68	58	1.91
819	180.82	197.84	60	1.46
820	14.34	94.67	60	1.33
821	40.08	161.99	60	1.94
822	97.42	6.36	57	1.13
823	178.29	40.57	58	0.89
824	170.58	192.81	57	1.01
825	105.1	61.41	58	1.7
826	21.88	9	58	0.62
Period: 57
Tasks:5
id	x	y	end	c
279	182.76	135.13	62	89.91
280	112.61	19.22	60	81.76
281	74.85	53.71	60	52.68
282	147.62	172.61	59	86.83
283	80.22	115.56	59	25.17
Drivers: 14
id	x	y	end	sensitivity
827	170.59	40.85	58	0.9
828	186.13	171.1	59	0.51
829	86.51	40.03	58	0.67
830	42.24	193.66	59	1.49
831	130.7	49.36	59	1.86
832	133.75	65.59	58	1.97
833	160.93	20.69	58	1.75
834	122.32	150.11	59	1.32
835	71.1	50.34	60	0.86
836	33.7	114.91	58	1.3
837	169.85	66.23	58	0.63
838	39.63	34.47	60	1.89
839	156.34	112.05	57	1.69
840	107.94	31.44	58	0.57
Period: 58
Tasks:4
id	x	y	end	c
284	76.73	37.97	61	66.25
285	5.72	181.89	63	124.88
286	117.1	9.17	59	92.43
287	175.44	82.45	61	77.45
Drivers: 9
id	x	y	end	sensitivity
841	71.5	37.65	62	1.8
842	172.87	46.42	60	1.85
843	120.45	123.59	62	0.81
844	166.76	39.11	59	1.27
845	4.59	43.74	62	1.54
846	184.01	52.44	64	0.53
847	68.94	15.19	59	1.93
848	25.35	171.11	58	0.68
849	77.95	50.96	59	0.52
Period: 59
Tasks:4
id	x	y	end	c
288	67.52	61.33	60	50.5
289	157.19	18.38	64	99.66
290	43.25	157.92	64	81.09
291	5.01	21.05	65	123.52
Drivers: 9
id	x	y	end	sensitivity
850	101.17	1.8	62	1.76
851	12.2	19.43	59	1.53
852	26.3	17.46	62	1.82
853	146.67	105.02	61	0.91
854	16.05	107.86	60	0.67
855	13.7	196.11	60	0.81
856	101.43	97.89	60	0.93
857	190.47	166.86	61	0.73
858	11.14	5.22	61	0.54
Period: 60
Tasks:5
id	x	y	end	c
292	186.16	26.67	64	113.14
293	50.74	21.11	62	93.01
294	198.69	26.28	65	123.18
295	42.81	30.99	65	89.63
296	176.13	24.3	62	107.36
Drivers: 18
id	x	y	end	sensitivity
859	149.92	175.7	64	1.94
860	172.16	199.78	64	0.55
861	171.33	131.16	60	2
862	158.87	85.49	62	0.77
863	176.78	105.19	60	1.11
864	136.08	12.08	61	0.96
865	185.69	48.74	60	1.12
866	183.31	114.95	61	1.4
867	89.6	28.07	65	1.6
868	154.85	195.39	63	0.66
869	44.71	36.16	62	0.98
870	10.6	64.83	62	1.77
871	180.6	83.65	62	1.72
872	163.29	185.21	61	1.88
873	184.7	134.83	61	0.72
874	177.25	168.53	62	1.25
875	136.98	51.94	62	1.63
876	137.1	65.39	62	0.55
Period: 61
Tasks:6
id	x	y	end	c
297	50.09	35.69	62	81.41
298	106.72	119.23	68	20.37
299	136.08	125.26	63	44.04
300	45.73	18.52	68	97.9
301	133.95	129.35	63	44.88
302	33.74	173.38	63	98.87
Drivers: 16
id	x	y	end	sensitivity
877	90.66	150.58	62	1.26
878	5.93	21.45	64	1.7
879	64.16	144.65	62	0.59
880	12.17	15.52	64	1.6
881	129.91	105.4	65	1.44
882	185.07	107.46	63	0.63
883	43.07	145.44	62	1.96
884	192.47	42.44	63	1.16
885	99.69	190.52	63	1.08
886	87.41	156.73	63	1.52
887	103.58	193.85	61	1.73
888	154.94	176.09	62	0.53
889	13.12	79.68	62	1.59
890	42.48	17.98	63	1.64
891	162.61	20.06	62	0.75
892	17.93	29.23	63	1.38
Period: 62
Tasks:4
id	x	y	end	c
303	125.99	11.83	64	91.92
304	115.31	61.14	69	41.77
305	187.16	147.35	64	99.19
306	84.42	69.5	68	34.25
Drivers: 13
id	x	y	end	sensitivity
893	10.74	47.9	66	0.76
894	124.97	140.41	65	0.72
895	4.87	3.48	64	0.51
896	169.49	48.53	66	1.75
897	153	186.83	64	0.69
898	185.35	8.08	65	1.85
899	5.79	1.14	67	1.07
900	91.98	149.17	63	1.87
901	1.17	29.51	65	1.29
902	157.82	3.94	62	0.66
903	193.65	190.41	64	0.59
904	189.98	44.15	62	0.98
905	30.14	17.1	62	1.65
Period: 63
Tasks:4
id	x	y	end	c
307	144.61	102.51	66	44.68
308	138.26	83.71	64	41.58
309	195.79	136.43	64	102.48
310	23.04	24.34	67	107.92
Drivers: 17
id	x	y	end	sensitivity
906	31.29	40.19	66	0.56
907	51.76	180.96	65	0.85
908	60.95	46.64	63	1.69
909	170.1	47.32	63	1.66
910	185.13	79.63	65	0.6
911	113.47	14.44	64	1.22
912	177.47	151.07	66	1.4
913	56.58	40.46	65	1.43
914	7.45	52.24	65	1.42
915	64.98	159.66	67	0.68
916	129.26	27.62	65	1.66
917	160.3	196.41	70	1.18
918	82.57	169.13	64	0.89
919	34.47	118.09	64	1.72
920	112.5	144.22	64	1.42
921	46.07	193.35	67	0.64
922	43.13	62.54	67	1.81
Period: 64
Tasks:7
id	x	y	end	c
311	11.91	163.29	67	108.47
312	194.7	0.16	64	137.61
313	163.62	120.42	66	66.82
314	129.02	150.98	65	58.66
315	77.94	37.29	67	66.48
316	55.09	20.78	70	91.06
317	51.56	94.48	66	48.75
Drivers: 15
id	x	y	end	sensitivity
923	54.71	64.81	65	0.93
924	13.77	80.02	66	1.95
925	103.28	2.88	64	1.15
926	40.17	97.52	66	1.82
927	67.82	0.32	67	1.89
928	25.18	89.14	65	1.83
929	48.13	174.67	66	0.92
930	51.73	132.16	64	0.81
931	18.36	100.65	68	0.63
932	105.07	9.94	64	1.39
933	168.2	13.98	64	1.24
934	106.95	23.78	66	1.73
935	31.31	162.11	67	1.77
936	48.55	154.43	64	1.41
937	46.58	23.09	65	1.26
Period: 65
Tasks:10
id	x	y	end	c
318	140.16	168.58	67	79.47
319	103.46	157.93	69	58.03
320	67.34	180.65	68	87.01
321	165.34	77.47	67	69.12
322	119.13	40.87	70	62.15
323	153.77	125.49	69	59.51
324	115.74	109.32	69	18.29
325	143.63	150.46	66	66.71
326	156.16	7.63	69	108.1
327	123.73	13.74	68	89.46
Drivers: 16
id	x	y	end	sensitivity
938	71.02	121.03	69	1.84
939	141.47	30.13	66	1.94
940	148.86	93.17	66	1.07
941	196.58	116.05	68	1.18
942	2.63	24.67	67	0.79
943	129.86	61.45	65	1.97
944	149.43	7.66	68	1.47
945	9.57	180.97	68	1.05
946	147.7	174.89	65	0.65
947	153.44	132.07	68	1.24
948	104.11	47.57	69	1.6
949	29.32	88.08	66	1.72
950	188.23	40.24	66	0.77
951	99.79	134.03	69	0.97
952	80.85	15.92	68	1.79
953	57.05	194	68	0.8
Period: 66
Tasks:7
id	x	y	end	c
328	151.84	89.8	66	52.83
329	153.95	54.34	72	70.68
330	199.44	83.04	70	100.88
331	160.09	124.31	70	64.82
332	191.1	65.27	67	97.5
333	37.16	25.08	70	97.78
334	8.85	27.96	68	116.18
Drivers: 10
id	x	y	end	sensitivity
954	128.41	77.99	67	0.87
955	136.49	149.56	69	0.59
956	17.33	167.7	67	1.46
957	105.28	4.59	68	1.95
958	13.57	104.12	69	1.16
959	192.81	33.06	66	1.3
960	84.88	151.28	67	1.97
961	111.67	116.63	67	0.94
962	153.84	198.16	66	1.51
963	64.16	99.15	68	0.77
Period: 67
Tasks:5
id	x	y	end	c
335	189.67	29.74	70	113.92
336	140.95	120.92	69	45.98
337	193.55	119.01	68	95.46
338	77.75	176.88	70	80.03
339	97.06	20.8	73	79.25
Drivers: 17
id	x	y	end	sensitivity
964	188.85	94.81	68	0.99
965	69.23	19.05	73	1.39
966	188.92	58.33	69	1.53
967	173.87	5.55	70	0.68
968	105.45	46.05	71	0.53
969	133.24	157.68	69	0.96
970	8.28	16.32	69	0.81
971	179.65	135.56	70	1.61
972	9.84	101.93	70	1.92
973	31.9	109.36	68	1.78
974	4.8	19.61	68	1.07
975	62.11	46.5	68	1.96
976	75.54	135.1	67	1.79
977	75.5	146.84	68	0.84
978	153.98	46.32	68	1.64
979	180.12	190.65	68	1.83
980	61.22	151.78	69	1.91
Period: 68
Tasks:2
id	x	y	end	c
340	49.04	15.27	72	98.87
341	10.36	120.01	68	91.85
Drivers: 13
id	x	y	end	sensitivity
981	162.3	107.64	72	0.66
982	118.56	77.82	71	1.35
983	145.52	113.14	76	1.78
984	10.47	0.97	70	1.19
985	21.65	9.68	68	1.82
986	76.8	127.26	70	1.15
987	53.11	124.07	71	1.82
988	42.03	195.9	70	0.87
989	48.35	124	69	0.93
990	27.18	154.32	71	1.26
991	137.28	197.11	70	1.13
992	144.81	38.9	69	1.1
993	192.05	127.72	69	0.76
Period: 69
Tasks:2
id	x	y	end	c
342	14.56	114.44	72	86.65
343	135.74	22.3	72	85.53
Drivers: 20
id	x	y	end	sensitivity
994	16.53	111.69	70	1.97
995	162.54	90.29	70	1.11
996	5.01	188.65	70	1.05
997	43.3	124.61	72	0.54
998	65.14	86.26	71	0.64
999	129.67	139.1	71	1.36
1000	85.11	30.46	71	0.79
1001	129.08	144.48	74	1.98
1002	187.42	117.97	71	1.63
1003	199.35	93.01	71	0.55
1004	171.34	143.04	70	1.24
1005	154.22	136.48	72	1.57
1006	154.98	16.41	70	1.39
1007	48.41	9.74	70	0.84
1008	61.67	73.46	70	1.42
1009	159.35	140.82	73	0.96
1010	181.88	128.07	71	1.02
1011	146.23	112.71	71	1.93
1012	79.8	138.05	69	1.13
1013	172.97	68.48	69	0.94
Period: 70
Tasks:2
id	x	y	end	c
344	115.18	181.43	74	82.83
345	141.9	81.79	74	45.69
Drivers: 22
id	x	y	end	sensitivity
1014	106.9	173.14	71	1.01
1015	130.71	9.22	75	0.87
1016	16.33	152.64	74	1.42
1017	162.36	178.59	71	1.94
1018	81.42	167.85	73	0.54
1019	20	42.42	72	0.51
1020	186.6	1.75	71	1.1
1021	81.68	8.81	75	1.14
1022	117.77	140.19	73	1.73
1023	41.62	40.78	75	1.96
1024	143.4	146.03	71	1.21
1025	46.03	53.54	73	0.74
1026	50.72	138.26	73	0.65
1027	163.9	198.83	72	1.54
1028	138.13	32.19	71	0.94
1029	161.33	118.41	75	1.29
1030	166.92	71.74	71	1.54
1031	108.22	160.23	74	1.86
1032	135.39	189.26	71	0.61
1033	38.2	45.27	70	0.61
1034	186.22	142.75	72	0.84
1035	98.11	126.67	74	0.77
Period: 71
Tasks:7
id	x	y	end	c
346	135.88	107.86	74	36.73
347	151.03	131.85	76	60.15
348	128.5	4.83	73	99.35
349	32.54	137.37	74	77.12
350	176.81	160.93	73	98.04
351	166.25	17.04	76	106.17
352	104.04	189.21	77	89.3
Drivers: 18
id	x	y	end	sensitivity
1036	196.71	182.88	72	1.41
1037	34.75	24.07	75	0.79
1038	82.25	90.31	72	1.14
1039	77.72	124.58	72	0.81
1040	142.74	105.81	72	1.17
1041	180.45	179.44	74	0.86
1042	56.94	81.24	71	1.22
1043	176.42	3.62	74	1.13
1044	75.77	85.84	74	0.82
1045	138.8	166.57	74	1.7
1046	189.19	109.54	74	1.19
1047	178.15	96.49	77	1.66
1048	154.05	195.77	72	1.9
1049	68.35	2.16	73	0.54
1050	174.83	79.6	75	0.81
1051	49.5	88.33	71	0.58
1052	159.59	150.12	72	1.54
1053	96.27	170.9	73	0.7
Period: 72
Tasks:9
id	x	y	end	c
353	137.89	75.87	74	44.92
354	176.91	73.39	78	81.38
355	58.66	194.93	73	103.54
356	147.48	138.76	76	61.29
357	21.62	51.48	73	92.18
358	192.49	161.96	74	111.33
359	134.32	129.75	74	45.42
360	123.28	95.23	74	23.76
361	176.05	155.48	79	94.14
Drivers: 20
id	x	y	end	sensitivity
1054	53.58	54.32	73	1.42
1055	47.51	161.29	73	1.9
1056	42.31	50.44	78	1.88
1057	75.63	175.75	75	1.06
1058	185.39	98.56	74	1.93
1059	132.19	178.02	74	1.61
1060	12.73	46.46	76	0.71
1061	139.83	101.41	73	1.49
1062	120.96	36.97	76	0.91
1063	97.78	83.94	74	1.72
1064	174.29	187.37	73	1.36
1065	156.91	162.16	72	1.65
1066	126.28	73.29	75	1.22
1067	136.77	128.28	74	1.96
1068	15.85	60.28	74	1.5
1069	103.76	158.36	76	1.96
1070	77.6	163.95	75	0.68
1071	87.63	149.41	72	1.13
1072	191.82	90.06	75	1.64
1073	25.45	54.38	76	1.75
Period: 73
Tasks:3
id	x	y	end	c
362	47.46	65.29	77	62.97
363	155.61	66.12	79	65.12
364	13.81	104.99	73	86.33
Drivers: 13
id	x	y	end	sensitivity
1074	180.42	129.88	74	1.93
1075	1.79	154.38	76	0.9
1076	22.72	23.96	75	1.74
1077	136.04	80.35	73	1.07
1078	148.43	24.02	74	1.08
1079	174.8	189.73	74	1.93
1080	17.53	1.15	76	0.54
1081	89.72	23.7	74	1.53
1082	41.04	22.25	74	0.94
1083	128.32	190.73	77	1.43
1084	51.61	25.57	75	1.12
1085	98.51	0.44	75	1.6
1086	190.77	138.43	75	1.67
Period: 74
Tasks:3
id	x	y	end	c
365	0.42	182.04	76	129.02
366	83.3	143.42	75	46.52
367	42.22	51.39	76	75.51
Drivers: 11
id	x	y	end	sensitivity
1087	122.09	181.74	77	1.02
1088	25.45	39.34	75	0.79
1089	121.9	43.21	75	0.68
1090	116.1	97.28	74	0.68
1091	138.83	21.57	75	1.82
1092	163.73	195.7	74	0.59
1093	17.21	90.25	77	0.91
1094	4.22	56.66	75	1.26
1095	1.2	179.37	75	1.2
1096	92.45	127.69	76	1.33
1097	132.72	141.54	75	1.48
Period: 75
Tasks:7
id	x	y	end	c
368	8.2	18.91	80	122.49
369	102.22	178.62	79	78.65
370	150.16	150.26	75	71.01
371	33.44	45.69	77	85.91
372	103.47	82.13	78	18.2
373	79.33	162.44	78	65.77
374	57.15	93.43	77	43.35
Drivers: 10
id	x	y	end	sensitivity
1098	160.28	177.91	77	1.74
1099	181.57	95.94	78	1.4
1100	96.76	155.95	75	1.38
1101	17.03	99.11	79	0.63
1102	15.39	147.57	76	1.54
1103	145.17	181.52	75	0.61
1104	96.49	147.6	77	0.66
1105	18.25	5.55	78	1.06
1106	89.82	89.21	77	1.2
1107	89.23	195.52	76	1.74
Period: 76
Tasks:3
id	x	y	end	c
375	93.2	117.48	76	18.76
376	198.43	185.57	81	130.43
377	74.7	32.65	80	71.95
Drivers: 14
id	x	y	end	sensitivity
1108	141.84	101.56	79	1.73
1109	31.03	36.18	80	0.6
1110	138.91	168.04	79	1.95
1111	34.79	152.07	79	0.5
1112	18.91	58.04	78	1.27
1113	168.46	182.73	78	0.71
1114	88.6	179.57	79	1.25
1115	155.41	128.81	79	1.86
1116	58.58	59.63	80	0.75
1117	65.92	37.8	77	0.94
1118	147.76	172.68	76	0.88
1119	198.2	115.75	78	1.31
1120	68.92	106.79	78	1.29
1121	14.01	28.91	79	0.56
Period: 77
Tasks:7
id	x	y	end	c
378	25.53	157.9	82	94.33
379	32.04	68.42	81	74.94
380	130.89	132.88	84	45.11
381	56.51	142.85	78	61.05
382	192.77	126.65	80	96.52
383	128.81	131.93	80	43.01
384	164.12	183.71	82	105.45
Drivers: 17
id	x	y	end	sensitivity
1122	109.84	13.65	78	0.9
1123	158.5	102.74	79	1.3
1124	137.01	193.61	80	1.3
1125	56.53	68.44	79	1.88
1126	96.84	22.68	78	1.37
1127	196.86	166.23	84	0.51
1128	48.93	49.17	80	1.04
1129	1.54	153.26	79	0.85
1130	170.23	85.56	82	1.2
1131	41.75	158.07	79	1.95
1132	67.71	197.9	80	0.58
1133	130.48	99.67	79	1.49
1134	107.97	172.93	77	1.05
1135	148.14	8.53	79	1.48
1136	103.44	110.7	79	1.7
1137	198.08	85.41	77	0.68
1138	162.39	67.59	77	1.54
Period: 78
Tasks:1
id	x	y	end	c
385	0.06	63.89	79	106.26
Drivers: 15
id	x	y	end	sensitivity
1139	131.29	189.97	80	0.99
1140	94.18	185	79	0.85
1141	178.82	170.92	81	0.51
1142	171.02	194.66	79	0.58
1143	111.96	54.22	80	1.59
1144	194.69	156.79	80	1.27
1145	51.77	155.07	81	0.86
1146	53.56	47.46	81	1.8
1147	112.02	81.53	83	1.67
1148	120.94	100.83	80	1.26
1149	199.43	173.88	81	1.96
1150	46.73	157.27	78	0.84
1151	122.5	197.83	81	0.7
1152	184.5	121.12	79	0.92
1153	164.34	194.12	80	1.38
Period: 79
Tasks:8
id	x	y	end	c
386	29.59	2.52	82	120.25
387	160.24	134.05	81	69.2
388	18.96	9.15	81	121.74
389	153.83	83.71	81	56.24
390	150.86	176.5	82	91.86
391	195.69	92.72	81	95.97
392	163.9	30.57	83	94.36
393	9.38	0.13	81	134.86
Drivers: 8
id	x	y	end	sensitivity
1154	154.96	126.09	80	0.82
1155	115.59	42.27	80	0.64
1156	2.07	160.77	80	0.71
1157	38.35	24.39	80	0.54
1158	0.69	47.27	82	1.43
1159	125.8	66.18	80	0.98
1160	134.78	153.63	81	1.06
1161	12.37	170.94	82	0.77
Period: 80
Tasks:3
id	x	y	end	c
394	16.34	122.93	84	86.75
395	99.73	91.76	82	8.24
396	136.46	38.44	85	71.55
Drivers: 12
id	x	y	end	sensitivity
1162	76.99	197.95	82	1.1
1163	48.43	158.66	82	0.68
1164	20.01	192.49	86	1.62
1165	188.29	188.84	80	0.56
1166	166.49	153.51	83	0.9
1167	176.59	93.74	80	0.83
1168	158.09	98.46	82	1.01
1169	97.55	186.85	81	0.74
1170	101.28	182.03	82	1.5
1171	9.03	170.38	83	1.04
1172	15.64	77.14	83	0.95
1173	108.03	23.16	82	1.48
Period: 81
Tasks:5
id	x	y	end	c
397	136.8	78.76	85	42.49
398	139.3	147.19	83	61.41
399	195.33	197.72	83	136.52
400	12.5	148.94	82	100.26
401	183.8	64.28	84	91.1
Drivers: 9
id	x	y	end	sensitivity
1174	172.23	13.76	82	1.97
1175	21.11	91.9	82	1.26
1176	28.36	64.19	83	1.97
1177	32.98	79.65	83	1.21
1178	76.74	34.77	87	0.87
1179	186.5	121.81	83	1.12
1180	33.65	73.14	83	1.24
1181	85.89	198.99	83	0.75
1182	123.48	74.05	82	1.81
Period: 82
Tasks:8
id	x	y	end	c
402	40.72	33.36	84	89.19
403	92.17	95.29	84	9.14
404	44.43	151.19	84	75.55
405	50.27	1.74	87	110.13
406	30.61	83.46	82	71.33
407	19.11	4.41	83	125.22
408	31.54	127.79	83	73.89
409	25.58	14.51	87	113.34
Drivers: 10
id	x	y	end	sensitivity
1183	168.23	6.53	83	0.7
1184	181.71	188.9	83	0.59
1185	198.22	195.12	85	1.38
1186	72.87	83.57	86	0.61
1187	75.72	15.25	83	1.47
1188	179.98	189.84	85	1.05
1189	17.67	58.93	82	0.7
1190	155.11	169.76	84	0.52
1191	8.05	163.24	86	0.99
1192	108.36	171.88	83	1.1
Period: 83
Tasks:4
id	x	y	end	c
410	175.88	190.18	87	117.86
411	61.2	30.67	83	79.45
412	159.85	65.26	87	69.2
413	149.12	124.41	84	54.85
Drivers: 15
id	x	y	end	sensitivity
1193	102.49	0.45	84	0.89
1194	1.4	157.13	87	1.2
1195	122.47	49.25	84	0.64
1196	114.1	104.39	86	1.86
1197	12.82	170.02	86	1.28
1198	103.92	106.36	88	1.01
1199	178.66	46.57	86	0.88
1200	170.56	163.91	84	1.77
1201	59.07	175.67	85	1.18
1202	12.87	168.47	85	0.82
1203	1.41	113.97	83	1.22
1204	106.8	89.49	86	1.91
1205	99.35	196.3	85	0.64
1206	103.2	14.64	84	1.77
1207	54.41	10.22	85	1.82
Period: 84
Tasks:5
id	x	y	end	c
414	142.01	170.9	87	82.41
415	140.58	11.52	87	97.34
416	141.12	67.69	86	52.3
417	44.56	15.97	86	100.67
418	187.87	113.09	87	88.84
Drivers: 9
id	x	y	end	sensitivity
1208	13.92	34.73	88	0.67
1209	133.19	84.01	85	1.83
1210	58.81	111.12	84	0.59
1211	170.54	59.99	84	1.82
1212	184.77	152.98	84	1.39
1213	70.53	164.02	84	0.87
1214	190.98	44.12	88	0.74
1215	65.37	162.97	84	1.11
1216	112.84	36.68	87	1.09
Period: 85
Tasks:6
id	x	y	end	c
419	76.93	17.19	89	85.96
420	82.35	40.96	86	61.62
421	26.14	177.41	86	106.99
422	117.28	187.49	87	89.18
423	132.59	86.46	86	35.29
424	151.1	52.74	88	69.6
Drivers: 21
id	x	y	end	sensitivity
1217	198.52	117.63	87	1.66
1218	184.51	40.06	86	1.11
1219	113.44	129.56	85	1.09
1220	155.29	25.08	86	0.76
1221	145.19	82.19	87	1.1
1222	180.79	159.51	87	1.9
1223	65.46	69.24	86	1.48
1224	121.95	113.12	86	1.62
1225	99.62	138.59	86	0.78
1226	52.46	77.87	88	1.48
1227	47.63	2.75	89	1.59
1228	176.55	40.58	88	1.96
1229	176.78	33.78	87	0.85
1230	43.69	4.61	87	1.71
1231	100.28	43.53	87	0.81
1232	20.06	16.13	86	0.98
1233	148.79	185.88	87	0.93
1234	20.69	142.1	85	1.49
1235	198.25	15.11	86	1.03
1236	45.27	39.34	88	1.27
1237	79.59	97.82	88	1.66
Period: 86
Tasks:4
id	x	y	end	c
425	37.46	149.01	91	79.46
426	198.79	98.98	91	98.8
427	133.1	66.88	90	46.82
428	36.69	76.35	95	67.58
Drivers: 10
id	x	y	end	sensitivity
1238	159.34	148.39	88	0.74
1239	77.43	185.35	91	1.64
1240	23.78	148.43	87	1.63
1241	61.13	184.91	89	1.57
1242	94.99	33.37	88	1.22
1243	155.23	45.02	87	1
1244	11.97	166.29	86	1.62
1245	158.79	198.17	87	1.36
1246	55.44	62.58	88	1.61
1247	33.04	160.96	86	0.76
Period: 87
Tasks:6
id	x	y	end	c
429	54.24	98.61	91	45.78
430	76.48	77.21	91	32.75
431	180.71	138.19	89	89.29
432	115.19	179.64	87	81.08
433	102.81	87.1	88	13.2
434	66.65	40.63	88	68.1
Drivers: 18
id	x	y	end	sensitivity
1248	6.66	36.79	88	1.49
1249	94.71	41.23	88	1.37
1250	185.46	126.07	89	1.55
1251	81.25	8.42	87	1.51
1252	160.4	164.54	87	1.62
1253	179.44	87.28	88	0.82
1254	129.62	174.42	89	1.32
1255	62.56	7.7	90	1.9
1256	130.31	85.1	88	1.37
1257	136.92	190.75	90	1.3
1258	123.33	84.06	87	0.69
1259	165.99	29.89	88	1.94
1260	121.66	156.66	91	1.19
1261	21.03	98.8	89	1.93
1262	162.95	26.96	89	1.36
1263	78.05	140.77	88	0.77
1264	110.3	134.97	89	1.48
1265	112.51	42.36	89	1.63
Period: 88
Tasks:9
id	x	y	end	c
435	184.76	172.94	90	111.82
436	103.22	85.63	89	14.73
437	33.29	148.71	95	82.6
438	19.02	169.11	91	106.46
439	161.48	122.69	95	65.53
440	67.3	111.22	90	34.57
441	28.4	128.81	89	77.18
442	40.94	141.15	91	71.98
443	150.74	182.4	92	96.77
Drivers: 13
id	x	y	end	sensitivity
1266	170.45	172.93	91	0.59
1267	199.55	57.94	93	1.7
1268	33.69	19.46	90	1.28
1269	1.1	20.62	89	1.87
1270	101.64	194.8	90	1.51
1271	74.76	96.58	91	1.62
1272	141.18	129.44	90	0.85
1273	196.25	38.34	90	0.74
1274	61.15	10.63	90	0.95
1275	6.25	140.22	90	1.33
1276	8.1	107.82	90	1.14
1277	30.13	77.68	91	1.33
1278	6.53	102.77	89	1.51
Period: 89
Tasks:8
id	x	y	end	c
444	181.04	92.61	91	81.38
445	82.53	118.31	91	25.31
446	106.56	57.32	91	43.18
447	27.64	111.2	91	73.22
448	184.4	199.96	92	130.83
449	41.12	133.83	91	67.91
450	61.65	154.79	92	66.88
451	172.64	174.96	93	104.38
Drivers: 9
id	x	y	end	sensitivity
1279	23.46	75.31	89	0.79
1280	133.82	88.94	89	1.01
1281	183.89	48.97	92	1.61
1282	96.5	111.07	90	1.21
1283	68.22	23.11	92	0.71
1284	86.2	165.85	90	0.69
1285	77.43	117.17	92	1.18
1286	175.02	108.68	89	0.65
1287	45.14	178.97	90	1.81
Period: 90
Tasks:7
id	x	y	end	c
452	91.44	62.41	94	38.55
453	114.7	189.19	92	90.39
454	32.86	155.33	91	87
455	160.77	78.43	92	64.48
456	188.16	155.89	93	104.38
457	21.46	193.13	96	121.83
458	80.74	132.66	94	37.92
Drivers: 11
id	x	y	end	sensitivity
1288	197.52	67.74	92	0.7
1289	12.7	40.27	90	1.95
1290	92.87	182.79	90	1.65
1291	118.43	156.23	91	1.05
1292	21.26	184.36	94	1.43
1293	175.02	184.64	92	1.78
1294	192.31	115.46	92	0.94
1295	82.61	46.07	91	1.37
1296	9.46	1.77	92	0.67
1297	84.53	126.63	96	0.83
1298	170.98	72.54	91	1.93
Period: 91
Tasks:9
id	x	y	end	c
459	118.14	152.09	95	55.16
460	63.98	70.77	96	46.39
461	58.62	37.69	92	74.8
462	31.79	111.34	96	69.15
463	54.84	190.78	92	101.39
464	110.02	150.99	92	51.97
465	153.8	149.51	95	73.11
466	68.74	22.19	97	83.85
467	30.66	55.8	95	82.23
Drivers: 9
id	x	y	end	sensitivity
1299	60.88	79.99	96	1.63
1300	123.54	186.38	93	1.06
1301	3.15	149.81	93	1.11
1302	92.37	94.18	94	1.24
1303	6.67	7.29	92	0.51
1304	190.53	159.74	95	1.77
1305	9.09	162.28	94	1.05
1306	177.06	6.88	93	1.55
1307	142.86	53.8	91	1.54
Period: 92
Tasks:9
id	x	y	end	c
468	141.15	48.94	95	65.58
469	30.27	12.34	95	112.01
470	102.86	7.4	94	92.64
471	2.07	142.34	96	106.69
472	195.14	186.05	95	128.28
473	10.54	180.43	94	120.3
474	110	101.27	94	10.08
475	3.98	7.72	96	133.17
476	156.53	32.11	95	88.34
Drivers: 17
id	x	y	end	sensitivity
1308	13.05	63.46	92	0.68
1309	144.9	118.02	94	1.9
1310	17.35	24.87	93	1.04
1311	12.82	36.01	92	1.77
1312	10.06	73.89	93	1.75
1313	33.81	4.7	93	1.44
1314	51.6	186.69	92	1.21
1315	170.75	97.87	93	0.85
1316	11.22	101.44	95	0.61
1317	164.1	5.07	93	0.82
1318	16.97	119.24	94	1.26
1319	41.88	30.45	96	1.51
1320	56.25	122.07	94	1.23
1321	176.39	85.38	94	0.74
1322	179.71	116.03	95	0.68
1323	69.87	150.04	93	1.9
1324	120.35	164.4	93	1.66
Period: 93
Tasks:4
id	x	y	end	c
477	27.35	45.69	96	90.71
478	18.8	182.09	95	115.47
479	169.16	94.94	94	69.34
480	153.73	154.48	94	76.52
Drivers: 19
id	x	y	end	sensitivity
1325	112.74	149.65	94	1.98
1326	25.43	74.74	95	0.78
1327	115.85	171.91	96	1.75
1328	46.53	154.06	96	1.61
1329	10.66	150.48	93	1.13
1330	14.9	89.23	97	0.51
1331	50.82	177.93	95	1.45
1332	140.2	94.29	95	1.94
1333	82.76	191.27	94	1.25
1334	61.09	88.79	94	0.68
1335	88.07	173.91	98	1.31
1336	137.29	106.33	97	1.36
1337	184.88	22.41	93	1.3
1338	153.87	168.39	98	1.91
1339	38.21	196.61	98	1.34
1340	190.91	70.65	93	1.95
1341	87.61	147.79	95	1.71
1342	91.97	92.89	94	0.78
1343	148.1	137.2	94	0.93
Period: 94
Tasks:7
id	x	y	end	c
481	193.74	174.88	95	119.98
482	128.58	23.41	98	81.75
483	62.43	183.55	98	91.61
484	33.87	106.86	97	66.48
485	167.54	144.47	97	80.87
486	162.86	126.18	97	68.09
487	26.89	25.89	98	104.1
Drivers: 14
id	x	y	end	sensitivity
1344	100.01	18.87	96	0.86
1345	94.42	21.21	99	0.72
1346	50.65	171.74	95	0.53
1347	171.51	196.87	95	1.43
1348	93.09	124.62	95	1.56
1349	167.43	54.74	94	0.81
1350	100.73	57.83	94	0.68
1351	9.33	81.33	96	1.88
1352	20.8	148.94	96	0.81
1353	156.94	7.15	98	1.57
1354	130.41	116.04	96	1.5
1355	148.95	166.47	96	0.89
1356	105.77	33.54	97	1.2
1357	170.56	188.18	96	0.77
Period: 95
Tasks:11
id	x	y	end	c
488	5.67	99.36	98	94.33
489	105.77	9.71	97	90.47
490	152.97	5.13	97	108.66
491	50.68	23.72	100	90.84
492	66.01	58.15	97	53.91
493	112.15	165.01	99	66.14
494	154.67	26.34	96	91.73
495	175.39	88.74	95	76.23
496	24.59	19.64	100	110.2
497	11.08	170.19	99	113.28
498	101.63	79.78	97	20.29
Drivers: 17
id	x	y	end	sensitivity
1358	35.3	184.69	97	1.19
1359	16.2	67.48	96	1.48
1360	138.32	114.29	98	1.69
1361	184.09	67.6	96	0.65
1362	114.96	165.11	96	0.79
1363	35.32	30.15	98	0.79
1364	119.82	168.32	97	0.59
1365	156.14	38.05	98	1.87
1366	148.55	26.18	96	1.88
1367	2.84	168.49	97	1.2
1368	58.1	88.06	95	0.99
1369	68.36	66.29	98	1.21
1370	177.73	88.73	96	1.72
1371	143.35	101.63	95	1.25
1372	185.26	70.22	96	1.35
1373	50.12	179.3	97	0.79
1374	179.85	191.91	96	1.7
Period: 96
Tasks:1
id	x	y	end	c
499	128.58	127.27	98	39.5
Drivers: 12
id	x	y	end	sensitivity
1375	47.35	36.98	101	1.78
1376	22.85	197.51	98	0.87
1377	143.67	175.25	101	0.84
1378	181.69	114.87	98	1.18
1379	92.53	72.07	99	0.82
1380	150.35	80.88	97	1.69
1381	16.14	146.53	100	1.92
1382	36.79	143.51	97	0.63
1383	70.86	127.26	99	1.1
1384	32.21	175.17	96	0.84
1385	176.45	31.73	96	1.35
1386	92.17	8.74	98	1.45
Period: 97
Tasks:4
id	x	y	end	c
500	150.99	141.12	100	65.5
501	195.02	155.78	102	110.18
502	176.04	135.41	101	83.88
503	122.16	155.4	99	59.67
Drivers: 8
id	x	y	end	sensitivity
1387	104.14	74.33	99	1.24
1388	136.17	32.61	98	0.54
1389	149.84	56.61	97	0.6
1390	7.67	87.14	99	1.55
1391	139.47	131.09	98	2
1392	79.32	124.27	101	0.5
1393	74.41	35.17	98	0.99
1394	96.16	139.32	98	1.48
Period: 98
Tasks:5
id	x	y	end	c
504	70.93	181.04	103	86.1
505	45.01	190.75	101	106.11
506	33.28	77.94	100	70.27
507	143.89	71.75	100	52.2
508	177.75	25.5	103	107.68
Drivers: 17
id	x	y	end	sensitivity
1395	180.14	21.59	99	1.59
1396	48.87	106.42	102	0.91
1397	130.01	24.53	99	1.36
1398	79.07	39.66	101	1.19
1399	79.66	3.73	100	1.97
1400	57.92	161.38	102	0.93
1401	21.83	74.03	99	0.66
1402	175.44	29.3	101	0.61
1403	147.43	179.91	102	1.89
1404	50.46	103.54	100	1.16
1405	177.26	22.31	99	0.75
1406	148.08	10.51	100	1.03
1407	26.17	149.91	98	1.86
1408	183.74	124.42	100	1.75
1409	55.22	25.8	101	0.9
1410	94.03	12.06	99	1.32
1411	53.15	164.91	102	1.52
Period: 99
Tasks:5
id	x	y	end	c
509	178.31	22.8	101	109.96
510	14.33	145.24	101	96.88
511	40.72	12.2	102	105.94
512	118.67	91.23	102	20.63
513	164.58	21.78	101	101.43
Drivers: 12
id	x	y	end	sensitivity
1412	44.5	175.87	101	1.6
1413	158	65.31	100	1.84
1414	77.93	197.54	103	1.73
1415	120.92	78.73	102	0.57
1416	171.24	89.4	102	1.04
1417	15.95	83.59	99	1.46
1418	137.92	138.62	99	1.69
1419	194.7	92.36	100	0.83
1420	21.89	167.72	101	1.12
1421	93.51	102.8	102	0.91
1422	88.69	167.52	101	0.83
1423	180.67	147.02	101	1.21
Period: 100
Tasks:4
id	x	y	end	c
514	11.46	152.63	105	103
515	72.38	183.62	102	88.06
516	2.67	199.92	101	139.49
517	13.03	192.72	103	127.13
Drivers: 15
id	x	y	end	sensitivity
1424	115.08	7.83	101	1.22
1425	86.86	62.56	103	1.96
1426	35.26	175.24	104	1.56
1427	128.6	61.55	100	0.62
1428	198.92	60.26	101	1.56
1429	48.37	163.44	102	1.45
1430	141.52	101.01	103	0.57
1431	77.88	127.96	102	1.65
1432	118.57	43.81	102	0.81
1433	96.07	15.66	101	1.07
1434	166.38	136.57	101	0.84
1435	151.58	15.25	101	1.79
1436	31.24	100.78	102	0.84
1437	168.58	33.98	103	0.53
1438	143.85	106.45	104	0.78
