Periods: 100
Task Arrival Rate: 5
Task Average Time: 1
Driver Arrival Rate: 15
Driver Average Time: 2
Period: 1
Tasks:3
id	x	y	end	c
1	193.06	113.84	2	94.08
2	162.51	108.55	3	63.09
3	66.29	39.3	2	69.43
Drivers: 11
id	x	y	end	sensitivity
1	198.31	8.91	3	1.57
2	6.51	27.06	3	1.55
3	62.32	111.25	2	1.82
4	59.43	144.05	3	0.78
5	21.4	185.22	2	0.79
6	73.6	191.43	1	0.9
7	32.8	198.81	3	1.21
8	92.26	135.22	5	0.91
9	121.08	73.45	1	0.6
10	27.56	103.56	3	0.76
11	66.3	53.89	2	0.96
Period: 2
Tasks:4
id	x	y	end	c
4	137.93	189.07	4	96.81
5	101.63	62.38	4	37.66
6	126.77	1.97	5	101.62
7	96.65	26.13	4	73.95
Drivers: 14
id	x	y	end	sensitivity
12	17.11	21.72	6	1.85
13	111.72	75.15	3	0.95
14	75.58	164.55	3	1.42
15	49.09	20.85	2	1.34
16	193.21	45.44	5	1.11
17	67.72	38.14	5	1.16
18	8.17	117.52	5	1.34
19	93.86	105	7	1.03
20	80.49	109.91	4	1.4
21	116.99	167.74	4	1.41
22	101.48	177.81	4	1.09
23	44.99	103.67	5	1.77
24	151.05	159.99	2	1.72
25	170.56	98.87	5	0.58
Period: 3
Tasks:2
id	x	y	end	c
8	39.39	108.42	5	61.19
9	119.11	28.7	3	73.82
Drivers: 11
id	x	y	end	sensitivity
26	176.54	114.13	7	1.81
27	19.4	34.81	3	0.99
28	33.8	4.83	4	1.12
29	177.03	19.5	5	1.67
30	46.99	1.68	7	0.76
31	52.16	3.48	6	1.07
32	180.52	189.09	6	0.9
33	188.21	33.52	5	0.5
34	110.27	72.22	5	0.53
35	179.76	132.55	3	1.47
36	118.43	160.99	7	1.45
Period: 4
Tasks:5
id	x	y	end	c
10	194.63	123.76	7	97.57
11	22.37	183.33	5	113.89
12	74.18	26.51	4	77.89
13	145.15	109.6	5	46.16
14	40.05	90.1	6	60.76
Drivers: 11
id	x	y	end	sensitivity
37	144.5	146.22	4	1.63
38	16.28	187.09	6	1.8
39	125.15	45.21	7	1.47
40	17.65	91.97	4	0.54
41	42.67	138.19	6	1.33
42	19.15	169.81	6	0.67
43	143.53	9.95	4	1.64
44	190.42	153.51	6	0.55
45	194.59	126.75	7	1.8
46	7.65	137.8	7	1.37
47	69.98	158.91	5	1.87
Period: 5
Tasks:4
id	x	y	end	c
15	144.36	186.82	7	97.5
16	3.82	105.51	6	96.34
17	36.37	182.94	8	104.54
18	44.86	46.83	6	76.6
Drivers: 19
id	x	y	end	sensitivity
48	143.46	91.78	9	1.62
49	30.06	13.15	6	0.97
50	78.76	41.1	8	1.75
51	16.26	4.57	7	1.62
52	66.25	65.2	7	0.91
53	70.01	83.88	10	1.99
54	96.38	48.09	9	1.98
55	179.63	91.02	7	0.52
56	6.2	25.87	7	1.52
57	70.56	40.43	7	1.41
58	94.07	180.55	8	1.56
59	1.5	112.8	9	0.71
60	64	128.61	9	0.69
61	21.46	82.58	8	1.92
62	176.48	105.52	6	0.98
63	50.46	83.49	6	0.85
64	43.03	170.82	10	0.55
65	93.3	108.71	7	1.15
66	17.68	135.94	7	1.19
Period: 6
Tasks:4
id	x	y	end	c
19	195.16	152.66	9	108.76
20	57.63	173.51	7	84.85
21	96.59	26.6	7	73.48
22	10.21	124	7	92.94
Drivers: 16
id	x	y	end	sensitivity
67	0.84	165.24	6	0.77
68	4.31	21.18	7	1.15
69	105.99	160.12	8	1.99
70	39.9	143.22	9	1.79
71	102.42	37.43	7	1.31
72	25.68	160.92	9	0.79
73	81.25	181.49	7	1.62
74	189.09	16.19	8	1.4
75	145.75	105.42	8	1.11
76	149.49	188.28	9	1.83
77	19.55	174.1	7	1.44
78	51.13	26.56	7	1.88
79	123.42	109.24	7	1.33
80	14.46	142.37	8	0.67
81	193.08	134.72	9	1.54
82	104.67	78.53	10	1.85
Period: 7
Tasks:6
id	x	y	end	c
23	31.21	87.42	8	69.93
24	86.96	157.82	7	59.27
25	34.07	116.44	9	67.95
26	108.59	0.02	7	100.35
27	160.93	77.83	8	64.84
28	102.91	148.21	7	48.3
Drivers: 14
id	x	y	end	sensitivity
83	128.01	9.78	10	1.3
84	99.36	184.56	10	1.14
85	148.61	8.2	7	1.05
86	110.12	105.12	8	1.55
87	12.52	78.59	8	1.79
88	112.67	15.01	11	1.27
89	110.62	45.05	10	1.96
90	109.77	27.27	8	0.87
91	59.59	94.35	9	0.57
92	21.6	142.1	10	0.96
93	113.02	76.88	9	1.29
94	8.2	18.68	11	1.1
95	39.48	134.1	10	0.65
96	84.89	133.33	10	1.06
Period: 8
Tasks:3
id	x	y	end	c
29	160.63	119.97	10	63.83
30	32.89	115.9	9	68.97
31	2.9	8.35	9	133.52
Drivers: 12
id	x	y	end	sensitivity
97	88.91	14.02	10	1.06
98	136.81	123.75	11	0.74
99	25.27	59.54	13	0.83
100	19.95	192.68	9	1.45
101	187.23	132.46	9	1.93
102	58.81	50.56	12	1.71
103	48.68	140.97	9	1.57
104	188.24	195.99	12	1.21
105	123.51	189.24	12	1.73
106	121.71	73.78	12	1.8
107	75.29	95.28	11	1.06
108	32.72	55.85	9	1.6
Period: 9
Tasks:5
id	x	y	end	c
32	81.06	160.15	9	63.06
33	76.52	143.42	9	49.36
34	53.66	93.95	10	46.73
35	185.08	152.36	9	99.9
36	25.11	148.23	13	89.08
Drivers: 15
id	x	y	end	sensitivity
109	97.94	6.71	9	1.85
110	42.82	103.37	11	1.88
111	35.72	27.44	9	0.88
112	181	189.59	12	0.87
113	145.46	9.4	13	1.41
114	162.96	57.13	10	1.34
115	183.37	57.13	11	1.61
116	195.62	145.7	13	1.09
117	37.53	71.18	9	1.83
118	118.85	64.57	10	1.95
119	145.53	72.33	13	1.62
120	63.72	105.13	12	0.63
121	96.93	109.12	9	0.51
122	104.59	85.48	13	1.6
123	162.04	72.3	13	1.49
Period: 10
Tasks:9
id	x	y	end	c
37	191.6	134.1	13	97.74
38	130.98	32.78	10	74.02
39	188.27	17.09	11	121.1
40	74.99	14.88	12	88.72
41	54.51	37.73	10	77.12
42	163.18	16.86	10	104.42
43	85.5	179.09	10	80.41
44	183.68	91.83	11	84.08
45	100.91	34.73	11	65.28
Drivers: 19
id	x	y	end	sensitivity
124	143.42	191.69	10	0.7
125	35.5	11.51	11	1.24
126	46.54	98.97	14	1.38
127	5.06	143.48	10	1.22
128	197	104.47	10	1.62
129	42.33	92.4	12	1.02
130	82.74	137.3	14	1.15
131	159.85	45.98	13	1.59
132	45.3	105.98	11	1.39
133	13.34	43.29	13	1.58
134	194.41	151.38	11	0.82
135	10.88	20.5	13	0.9
136	195.26	121.99	10	1.24
137	26.03	114.55	10	1.31
138	25.45	11.79	10	0.72
139	0.47	130.68	12	0.87
140	79.16	6.54	11	1.99
141	120.07	190.02	13	1.8
142	75.61	137.32	10	1.53
Period: 11
Tasks:2
id	x	y	end	c
46	138.41	177.31	13	86.33
47	177.13	162.47	11	99.25
Drivers: 12
id	x	y	end	sensitivity
143	55.2	126.66	11	1.72
144	141.11	93.05	14	0.52
145	114.27	122.48	11	1.6
146	50.82	173.1	13	1.18
147	195.34	184.19	14	0.93
148	128.2	172.58	13	1.61
149	45.38	4.61	15	1.42
150	127.62	50.78	12	0.62
151	154.23	92	12	1.36
152	115.12	137.74	11	1.64
153	108.58	26.76	11	0.68
154	178.95	111.52	13	1.56
Period: 12
Tasks:4
id	x	y	end	c
48	96.64	21.48	12	78.59
49	87.52	24.45	12	76.57
50	183.47	110.34	14	84.11
51	33.56	157.01	14	87.55
Drivers: 18
id	x	y	end	sensitivity
155	81.18	4.13	14	0.83
156	150.85	43.84	13	0.83
157	33	65.71	16	1.71
158	175.16	62.97	14	1.4
159	166.31	43.2	14	0.62
160	155.21	99.43	15	1.06
161	2.31	35.52	14	1.31
162	5.61	125.93	13	1.93
163	154.96	185.71	12	0.95
164	53.15	186.97	15	1.13
165	180.42	129.34	12	1.62
166	19.97	189.27	16	0.75
167	185.14	126.96	15	1.7
168	68.79	33.07	14	1.62
169	84.95	84.46	12	0.91
170	70.18	83.77	13	1.03
171	103.05	172.59	14	1.39
172	97.17	170.88	15	0.95
Period: 13
Tasks:4
id	x	y	end	c
52	20.27	84.55	13	81.21
53	142.92	0.09	15	108.74
54	173.31	118.5	15	75.61
55	77.96	32.21	16	71.28
Drivers: 9
id	x	y	end	sensitivity
173	44.9	145.52	14	1.15
174	75.7	146.52	17	0.82
175	79.67	114.32	15	0.83
176	121.18	195.58	15	1.8
177	120.62	106.1	14	0.57
178	142.98	46.2	17	0.99
179	14.66	39.68	14	1.02
180	29.54	64	16	0.94
181	67.97	108.97	15	1.33
Period: 14
Tasks:5
id	x	y	end	c
56	100.66	37.34	15	62.66
57	113.86	97.07	18	14.17
58	21.87	194.38	18	122.52
59	74.88	87.64	14	28
60	72.74	15.42	15	88.86
Drivers: 13
id	x	y	end	sensitivity
182	7.04	10.91	17	1.67
183	22.11	121.98	14	0.64
184	166.15	133.58	16	0.58
185	145.39	174.69	17	1.18
186	44.82	45.33	15	1.45
187	15.42	5.9	18	1.85
188	6.38	135.11	17	1.62
189	83.06	71.74	20	1.86
190	62.22	35.09	16	0.6
191	17.61	42.14	17	0.52
192	94.88	65.18	15	1.91
193	70.02	45.09	15	0.85
194	135.34	13.41	15	1.4
Period: 15
Tasks:2
id	x	y	end	c
61	23.91	44.39	16	94.25
62	90.83	0.17	15	100.25
Drivers: 16
id	x	y	end	sensitivity
195	110.88	83.78	15	0.97
196	171.15	51.38	17	0.56
197	119.86	110.74	15	0.87
198	181.38	117.83	15	1.64
199	67.32	51.75	15	1.24
200	101.82	192.46	18	1.05
201	0.39	38.75	18	0.81
202	144.33	45.81	16	1.1
203	128.25	83.47	17	1.04
204	9.84	119.65	18	0.7
205	184.39	9.46	16	0.96
206	118.01	196.14	20	1.07
207	129.53	64.89	15	0.57
208	24.3	70.79	17	1.16
209	61	25.32	15	1.85
210	37.09	55.12	15	1.2
Period: 16
Tasks:3
id	x	y	end	c
63	119.1	130.8	18	36.24
64	106.25	45.19	16	55.17
65	54.54	7.82	16	102.78
Drivers: 8
id	x	y	end	sensitivity
211	129.72	27.57	17	1.55
212	153.62	34.58	19	1.37
213	38.49	191.7	17	1.02
214	108.79	176.42	21	1.98
215	57.3	65.01	18	1.68
216	90.97	192.81	17	1.51
217	92.24	78.89	18	1.57
218	27.43	47.11	17	1.77
Period: 17
Tasks:6
id	x	y	end	c
66	57.81	24.35	18	86.62
67	33.38	48.98	17	83.91
68	32.96	179.13	17	103.71
69	7.8	107.21	19	92.48
70	32.69	154.51	18	86.61
71	11.19	0.73	18	133.2
Drivers: 15
id	x	y	end	sensitivity
219	59.27	10.61	17	1.26
220	103.92	168.24	17	1.76
221	124.55	173.5	18	0.8
222	1.17	86.58	20	1.01
223	95.44	172.91	21	1.47
224	35.06	122.92	19	1.64
225	120.21	9.29	18	0.74
226	28.43	92.54	17	1.63
227	42.21	71.69	19	1.37
228	132.48	162.7	18	0.54
229	142.92	43.41	19	0.58
230	57.18	135.71	19	1.74
231	42.88	194.93	20	1.04
232	140.38	18.73	19	0.92
233	150.02	149.48	22	0.77
Period: 18
Tasks:6
id	x	y	end	c
72	63.75	99.05	20	36.26
73	5.8	82.04	19	95.9
74	117.23	21.55	18	80.32
75	47.42	46.82	19	74.78
76	2.2	39.15	18	115.18
77	199.01	77.65	20	101.5
Drivers: 16
id	x	y	end	sensitivity
234	165.21	149.24	19	1.95
235	192.25	173.57	20	1.47
236	193.49	66.07	20	1.65
237	61.34	187.91	18	0.81
238	33.49	94.39	19	1.16
239	104.92	138.25	19	1.97
240	198.17	76.82	23	1.66
241	16.44	148.82	19	0.73
242	13.89	149.22	20	1.31
243	125.6	174.42	21	0.55
244	180.82	128.26	19	1.76
245	104.76	144.99	19	0.56
246	140.17	199.03	21	0.98
247	147.61	19.78	20	1.85
248	150	124.21	19	1.15
249	104.41	43.09	20	0.66
Period: 19
Tasks:8
id	x	y	end	c
78	44.73	145.23	20	71.42
79	100.31	186.46	19	86.46
80	144.88	5.84	21	104.31
81	192.08	164.44	21	112.39
82	94.49	124.96	19	25.56
83	28.52	9.48	21	115.34
84	33.79	39.27	19	89.84
85	36.03	170.4	20	95.12
Drivers: 20
id	x	y	end	sensitivity
250	43.6	158.95	19	0.67
251	176.65	176.99	19	1.41
252	183.17	135.81	21	1.44
253	13.4	41.85	23	0.54
254	163.03	197.08	21	1.4
255	76.71	117.55	20	1.11
256	52.99	74.66	22	1.02
257	102.62	41.81	25	1.73
258	160.02	35.41	20	1.09
259	83.36	73.58	22	1.73
260	24.15	34.26	22	1.35
261	131.94	112.45	21	1.18
262	53.43	134.4	19	1.34
263	139.34	48.83	22	1.58
264	80.4	149.97	25	1.87
265	61.12	168.33	20	1.4
266	23.28	105.67	22	0.74
267	173.09	93.29	22	1.78
268	71.54	111.64	19	0.73
269	63.33	147.69	22	0.52
Period: 20
Tasks:6
id	x	y	end	c
86	155.27	134.91	21	65.37
87	150.48	126.48	21	57
88	132.01	194.62	20	99.89
89	77.73	149.41	21	54.2
90	177.45	1.38	22	125.4
91	14.24	171.55	20	111.69
Drivers: 12
id	x	y	end	sensitivity
270	61.15	77.43	20	0.81
271	103.95	178.34	23	1.64
272	197.3	23.67	22	1.14
273	144.4	35.16	22	0.84
274	166.3	97.9	25	1.05
275	34.99	151.27	21	0.91
276	118.15	165.39	21	1.78
277	14.53	138.87	23	1.79
278	72.02	158.09	20	1.49
279	76.19	55.23	21	1.62
280	82.94	64	22	1.68
281	95.68	144.89	20	1.47
Period: 21
Tasks:7
id	x	y	end	c
92	168.28	148.78	22	83.91
93	100.02	188.24	23	88.24
94	18.85	183.55	22	116.47
95	194.51	47.73	22	108
96	181.59	31.63	22	106.45
97	168.27	71.94	22	73.81
98	77.73	176.32	21	79.5
Drivers: 12
id	x	y	end	sensitivity
282	180.97	61.18	25	0.68
283	163.09	16.54	27	1.27
284	154.58	194.12	21	1.46
285	111.63	193.18	22	1.83
286	166.94	24.13	22	1.99
287	26.77	46.14	22	1.42
288	19.08	167.04	25	1.64
289	12.88	48.05	24	1.19
290	31.35	175.39	22	0.69
291	125.39	5.99	23	0.89
292	84.82	94.09	23	1.76
293	44.6	14.18	24	1.62
Period: 22
Tasks:7
id	x	y	end	c
99	114.55	59.05	22	43.46
100	48.12	48.88	22	72.83
101	104.89	106.15	22	7.86
102	152.43	179.64	22	95.35
103	55.07	121.95	24	50.01
104	13.3	108.08	23	87.08
105	101.33	126.22	24	26.25
Drivers: 11
id	x	y	end	sensitivity
294	150.29	6.45	22	0.79
295	68.76	194.94	22	1.48
296	122.04	52.46	26	0.97
297	195.95	15.94	24	0.64
298	40.8	133.58	25	0.89
299	38.37	153.62	23	0.77
300	92.96	125.16	24	1.71
301	16.57	173.31	24	1.57
302	32.62	66.64	22	1.11
303	79.35	173.36	24	1.41
304	165.04	158.15	24	1.3
Period: 23
Tasks:5
id	x	y	end	c
106	74.49	149.3	26	55.51
107	3.31	179.74	26	125.33
108	21.37	26.15	23	107.87
109	90.98	111.84	24	14.88
110	36.78	56.51	23	76.73
Drivers: 15
id	x	y	end	sensitivity
305	100.39	117.91	23	1.73
306	126.07	110.74	25	1.73
307	97.2	117.15	26	1.9
308	23.81	23.26	26	1.32
309	82.76	150.47	23	0.68
310	98.52	120.44	27	0.89
311	189.67	184.13	27	1.51
312	160.41	157.2	24	1.65
313	140.63	114.59	25	1.12
314	76.32	77.8	25	0.68
315	157.95	82.23	27	0.94
316	156.16	158.01	26	0.71
317	74.85	62.79	25	1.31
318	164.21	161.21	23	1.98
319	178.52	38.38	24	1.86
Period: 24
Tasks:3
id	x	y	end	c
111	171.21	43.41	24	90.96
112	68.53	14.36	24	91.24
113	110.94	124.89	24	27.19
Drivers: 14
id	x	y	end	sensitivity
320	198.26	76.18	24	0.95
321	93.82	132.05	29	0.63
322	48.85	10.65	26	1.53
323	87.81	14.14	26	1.45
324	152.96	179.09	27	1.02
325	192.57	10.54	25	1.05
326	1.7	189.87	24	0.69
327	88.76	144.28	26	0.92
328	168.95	152.62	26	1.91
329	92.99	92.62	27	1.81
330	143.31	153.94	25	1.1
331	69.46	152.04	24	1.09
332	153.01	104.78	26	1.44
333	11.91	0.82	25	1.75
Period: 25
Tasks:9
id	x	y	end	c
114	27.34	12.97	26	113.37
115	51	27.66	25	87.37
116	80.97	128.88	25	34.59
117	93.5	6.77	25	93.46
118	113.27	114.56	25	19.7
119	183.33	45.92	27	99.34
120	5	168.6	25	117.18
121	69.54	145.84	27	55.04
122	33.57	133	25	74.18
Drivers: 7
id	x	y	end	sensitivity
334	20.82	193.04	30	0.7
335	77.22	37.43	27	0.86
336	70.97	181.9	27	1.76
337	69.03	154.04	27	1.02
338	112.03	79.33	26	0.86
339	53.39	9.83	26	1.3
340	70.55	169.28	26	1.73
Period: 26
Tasks:9
id	x	y	end	c
123	149.79	152.75	27	72.54
124	173.55	117.89	26	75.69
125	109.58	187.37	27	87.89
126	77.8	75.32	26	33.2
127	94.02	93.62	27	8.74
128	12.21	174.02	26	114.83
129	53.87	188.85	27	100.11
130	170.09	44.3	26	89.53
131	50.18	150.86	27	71.2
Drivers: 11
id	x	y	end	sensitivity
341	95.68	184.93	29	1.4
342	76.86	93.17	27	1.45
343	153.13	9.04	26	1.66
344	5.75	145.64	30	1
345	66.73	199.21	27	1.22
346	29.13	67.37	29	1.71
347	14.16	109.37	29	1.88
348	78.84	90.14	30	1.41
349	47.59	63.17	26	1.13
350	26.56	82.23	31	1.5
351	24.72	122.94	27	1.2
Period: 27
Tasks:7
id	x	y	end	c
132	148.01	109.13	27	48.87
133	149.69	190.44	27	103.19
134	20.81	53.56	28	91.8
135	79.18	6.39	28	95.9
136	102.97	44.34	27	55.74
137	93.43	126.51	27	27.31
138	151.3	126.77	28	57.86
Drivers: 13
id	x	y	end	sensitivity
352	78.16	146.45	28	1.63
353	117.83	154.33	31	0.81
354	21.73	119.75	29	0.95
355	161.69	181.96	27	1.17
356	30.53	61.06	28	1.95
357	90.05	196.26	27	1.11
358	5.49	37.09	30	1.24
359	153.49	0.63	28	0.77
360	110	101.72	32	1.31
361	109.35	65.2	31	1.26
362	55.35	129.62	31	1.18
363	121.55	190.43	31	1.14
364	80.18	66.34	28	1.31
Period: 28
Tasks:6
id	x	y	end	c
139	118.41	49.09	29	54.14
140	26.33	131.23	29	80.02
141	199.02	83	28	100.47
142	171.12	87.75	28	72.17
143	147.87	7.9	29	103.8
144	157.81	117.01	29	60.26
Drivers: 16
id	x	y	end	sensitivity
365	104.24	19.13	31	0.71
366	188.87	86.31	30	1.08
367	103.2	27.21	35	0.56
368	0.86	119.02	34	0.9
369	196.92	48.29	29	1.41
370	37.8	192.51	29	1.01
371	116.96	76.31	28	1.61
372	69.27	17.69	34	1.71
373	181	141.61	29	1.61
374	24.67	37.44	30	1.97
375	15.11	22.92	30	0.54
376	15.23	169.43	31	1.57
377	96.08	104.5	29	1.61
378	15.69	8.01	28	1.77
379	92.17	76.7	30	1.4
380	197.16	36.29	33	1.29
Period: 29
Tasks:3
id	x	y	end	c
145	97.94	122.11	30	22.21
146	165.86	175.67	31	100.32
147	41.72	147.52	30	75.2
Drivers: 14
id	x	y	end	sensitivity
381	91.75	21.51	29	1.33
382	108.38	182.62	32	0.54
383	0.23	198.57	31	0.95
384	137.45	66.64	31	0.77
385	122.45	35.88	30	1.69
386	108.04	94.22	32	1.65
387	146.78	153.82	32	1.76
388	41.79	128.15	32	1.62
389	59.67	179.95	31	1.4
390	119.39	80.98	31	1.33
391	91.13	85.46	31	1.68
392	112.69	33.53	31	1.96
393	0.07	190.22	31	1.28
394	90.88	187.77	30	1.96
Period: 30
Tasks:9
id	x	y	end	c
148	98.78	55.74	33	44.28
149	82.95	182.32	31	84.07
150	158.27	157.7	30	82
151	133.77	11.43	33	94.79
152	91.84	129.85	31	30.95
153	62.26	14.42	30	93.53
154	189.21	129.34	32	93.91
155	186.46	11.97	31	123.39
156	58.81	146.05	31	61.78
Drivers: 15
id	x	y	end	sensitivity
395	185.09	74.85	30	0.87
396	7.47	182.45	33	1.23
397	52.25	185.82	31	0.61
398	110.11	86.33	32	1.52
399	13.94	70.61	34	0.59
400	61.41	42.83	33	1.4
401	53.93	162.49	30	0.58
402	142.4	175.3	30	1.98
403	53.77	129.88	33	1.96
404	135.74	27.58	31	0.77
405	142.12	171.11	30	1.48
406	110.42	34.08	30	0.54
407	90.96	78.42	33	0.69
408	191.54	4.91	32	1.58
409	162.26	115.85	31	1.8
Period: 31
Tasks:4
id	x	y	end	c
157	173.32	71.78	32	78.56
158	6.42	133.08	33	99.25
159	3.39	13.19	31	129.88
160	120.41	88.54	34	23.41
Drivers: 14
id	x	y	end	sensitivity
410	0.12	119.02	34	0.92
411	62.39	1.08	32	1.4
412	3.7	116.97	32	1.99
413	75.14	49.15	32	0.65
414	153.88	23.64	33	1.08
415	29.26	72.51	33	1.17
416	176.02	47.28	35	1.99
417	118.3	48.92	34	1.33
418	41.53	33.56	35	1.04
419	35.67	163.8	35	0.79
420	166.43	187.89	32	1.67
421	139.88	75.27	34	0.76
422	71.33	29.55	31	0.84
423	122.24	3.19	31	0.78
Period: 32
Tasks:6
id	x	y	end	c
161	21.42	171.91	32	106.52
162	146.59	0.76	33	109.63
163	91.48	2.76	32	97.61
164	154.89	90.69	32	55.67
165	174	77.82	33	77.25
166	140.21	27.47	32	82.93
Drivers: 19
id	x	y	end	sensitivity
424	4.07	140.58	36	0.83
425	157.62	90.99	35	1.9
426	51.94	161.4	32	1.94
427	123.42	108.99	36	0.79
428	188.66	181.2	33	1.63
429	49.87	151.67	32	1.96
430	17.63	187.11	35	0.71
431	8.88	4.28	32	1.65
432	143.81	118.65	34	0.98
433	80.73	81.8	36	1.21
434	189.16	114.53	35	0.68
435	6.49	177.37	33	0.93
436	8.08	56.07	33	1.74
437	63.42	97.95	37	1.53
438	141.06	67.55	33	1.01
439	143	164.27	33	1.47
440	82.76	73.2	33	1.73
441	20.2	167.17	34	1.89
442	134.85	63.3	32	0.67
Period: 33
Tasks:7
id	x	y	end	c
167	168.73	178.71	33	104.49
168	102.51	197.33	33	97.36
169	83.34	126.68	33	31.45
170	49.93	149.6	34	70.48
171	59.02	51.5	33	63.49
172	69.58	72.09	35	41.28
173	4.96	114.26	33	96.1
Drivers: 16
id	x	y	end	sensitivity
443	141.53	104.29	34	1.26
444	92.95	122.4	34	0.7
445	88.55	96.08	33	1.34
446	176.64	42.18	35	1.5
447	197.87	79.54	36	0.99
448	60.15	199.16	36	1.1
449	64.46	90.27	36	1.75
450	160.28	69.32	33	1.13
451	136.91	143.93	34	1.4
452	171.89	56.78	36	1.27
453	9.69	8.39	34	0.54
454	188.91	79.48	35	0.76
455	159.99	36.72	33	1.61
456	76.53	53.42	33	1.99
457	62.21	37.93	34	1.88
458	177.29	92.51	33	1.67
Period: 34
Tasks:7
id	x	y	end	c
174	148.12	172.21	36	86.77
175	150.75	143.75	36	67
176	93.28	2.77	35	97.46
177	99.46	161.46	34	61.46
178	41.69	66.98	35	67.01
179	131.49	162.47	34	69.96
180	41.57	6.35	34	110.38
Drivers: 21
id	x	y	end	sensitivity
459	64.68	66.85	35	1.56
460	152.87	106.33	35	1.81
461	198.9	140.12	38	0.9
462	152.25	50.57	36	1.57
463	11.46	87.07	35	1.36
464	52.07	4.2	35	0.76
465	90.15	150.49	36	1.44
466	176.34	187.98	38	0.59
467	159.45	148.27	35	1.05
468	7.82	170.85	36	1.85
469	182.65	117.81	34	0.61
470	123.6	166.86	37	1.58
471	115.35	78.26	39	1.74
472	34.13	159.58	35	1.56
473	37.42	106.09	35	1.59
474	104.63	60.52	38	1.55
475	109.11	193.33	34	1.99
476	22.66	48.91	39	1.31
477	71.99	93.8	35	1.62
478	89.09	9.22	37	1.56
479	116.76	151.14	34	1.49
Period: 35
Tasks:7
id	x	y	end	c
181	179.7	122.98	37	82.95
182	8.95	124.05	35	94.17
183	180.34	138.61	35	89.14
184	54.83	39.92	36	75.17
185	20.97	127.34	35	83.63
186	193.3	51.57	36	105.12
187	164.46	13.36	37	107.99
Drivers: 23
id	x	y	end	sensitivity
480	55.96	20.17	35	0.7
481	154.29	40.71	37	1.93
482	123.26	55.13	38	1.86
483	7.6	61.72	39	0.61
484	16.74	11.78	37	1.67
485	70.47	196.97	36	0.64
486	175.23	188.56	37	1.33
487	37.71	157.61	39	1.12
488	182.34	183.02	36	0.95
489	102.09	180.08	37	1.26
490	45.13	135.81	36	0.73
491	119.12	11.19	37	1.75
492	125.91	146.69	38	1.9
493	39.91	148.27	36	1.78
494	5.21	115.89	37	0.86
495	95.02	131.47	40	1.19
496	54.02	6.05	35	1.32
497	165.77	193.87	35	0.78
498	124.8	173.1	38	0.95
499	95.79	29.14	37	1.92
500	130.86	161.76	38	1.78
501	131.38	190.39	35	0.78
502	23.11	132.77	35	0.85
Period: 36
Tasks:4
id	x	y	end	c
188	163.42	43.93	36	84.65
189	140.93	160.42	36	72.98
190	91.02	24.93	36	75.61
191	170.27	171.88	38	100.52
Drivers: 13
id	x	y	end	sensitivity
503	96.66	178.6	39	0.94
504	16.12	163.63	43	1.75
505	100.33	117.96	38	1.3
506	64.4	116.96	38	1.51
507	9.32	60.69	40	1.55
508	178.65	190.09	37	1.95
509	18.6	26.71	37	1.14
510	150.94	194.04	36	1.59
511	185.72	58.05	39	1.37
512	134.45	67.29	40	0.55
513	127.85	118.55	38	1.91
514	195.22	27.69	37	0.75
515	129.54	132.37	36	0.88
Period: 37
Tasks:5
id	x	y	end	c
192	97.41	196.55	38	96.58
193	70.86	183.39	38	88.33
194	115.39	140.21	37	43.05
195	180.18	58.21	37	90.42
196	34.98	87.63	37	66.19
Drivers: 16
id	x	y	end	sensitivity
516	60.95	79.57	37	1.34
517	13.47	164.74	39	1.63
518	11.3	52.62	39	0.74
519	80.61	17.3	37	1.52
520	190.25	98.84	37	0.61
521	70.16	170.72	38	0.87
522	4.08	82.64	40	1.67
523	40.2	169.28	38	0.75
524	81.61	16.09	41	0.87
525	20.93	137.28	39	0.86
526	50.78	30.92	38	1.88
527	125.53	166.52	38	1.69
528	65.23	123.67	39	1.24
529	175.93	134.14	42	0.77
530	29.13	180.35	37	1.25
531	65.79	108.62	37	1.71
Period: 38
Tasks:7
id	x	y	end	c
197	61.15	115.11	39	41.68
198	79.99	99.2	38	20.03
199	177.22	8.75	38	119.54
200	138.84	145.47	41	59.8
201	54.09	155.86	38	72.31
202	93.57	194.91	40	95.13
203	37.93	48.4	39	80.72
Drivers: 19
id	x	y	end	sensitivity
532	67.02	4.71	42	0.8
533	88.56	0.4	40	0.78
534	170.77	62.76	39	0.62
535	186.31	93.85	40	0.97
536	177.72	25.52	39	1.33
537	98.83	142.61	40	1.03
538	24.12	39.59	41	1.3
539	13.44	117.36	41	1.48
540	0.78	179.16	39	0.53
541	185.57	75.47	40	0.75
542	10.01	119.6	39	0.76
543	122.12	178.1	38	1.94
544	94.19	5.63	41	1.51
545	103.13	131.31	39	1.52
546	21.75	171.47	39	1.8
547	50.81	188.49	42	0.67
548	101.53	77.58	39	1.33
549	43.64	158.45	41	1.45
550	81.2	142.2	41	0.8
Period: 39
Tasks:6
id	x	y	end	c
204	140.77	189.68	39	98.51
205	8.69	24.23	40	118.65
206	107.64	1.83	40	98.47
207	188.49	182.82	40	121.2
208	197.34	169.37	39	119.53
209	79.49	146.23	39	50.58
Drivers: 13
id	x	y	end	sensitivity
551	6.66	157.76	41	1.31
552	61.74	109.94	40	0.61
553	180.12	90.36	41	0.51
554	135.53	57.49	42	1.03
555	124.03	50.75	40	1.36
556	154.34	87.05	39	1.07
557	16.15	164.43	46	1.71
558	103.36	58.94	41	1.65
559	25.9	165.43	41	0.66
560	45.27	98.52	41	1.99
561	187.14	12.86	41	0.8
562	184.36	67.97	41	1.1
563	45.06	142.02	40	1.75
Period: 40
Tasks:3
id	x	y	end	c
210	182.86	108.73	40	83.32
211	70.81	192.47	41	96.97
212	73.57	67.85	41	41.62
Drivers: 18
id	x	y	end	sensitivity
564	54.23	66.14	40	1.06
565	34.22	48.86	43	0.97
566	65.16	131.95	42	1.48
567	8.78	139.36	43	0.55
568	187.36	111.47	41	1.27
569	159.51	23.25	42	1.13
570	126.46	1.65	41	0.87
571	198.72	39.83	43	1.45
572	140.8	142.4	42	0.6
573	41.31	136.34	40	0.9
574	11.61	31.09	40	1.3
575	145.94	191.32	43	1.27
576	156.33	188.62	40	0.89
577	176.08	197.41	41	0.96
578	73.27	60.08	43	1.2
579	142.75	196.15	40	0.64
580	78.46	38.91	42	1.48
581	174.49	180.07	43	1.62
Period: 41
Tasks:6
id	x	y	end	c
213	139.27	168.33	41	78.81
214	36.96	57.13	41	76.24
215	58.78	55.2	43	60.88
216	129.4	89.95	42	31.07
217	164.02	123.74	43	68.28
218	130.31	56.77	42	52.8
Drivers: 15
id	x	y	end	sensitivity
582	57.43	19.41	45	1.65
583	70.35	195.53	44	0.74
584	117.67	94	44	0.98
585	88.59	33.85	45	1.89
586	146.08	37.4	43	1.87
587	20.52	109.44	43	1.5
588	19.53	54.77	43	1.08
589	184.65	152.87	44	1.18
590	104.41	122.71	44	1.58
591	32.35	21.98	42	0.75
592	35.46	90.82	45	0.77
593	77.13	95.12	42	1.88
594	77.71	27.62	43	1.67
595	17.64	96.47	42	0.71
596	61.18	67.99	41	1.21
Period: 42
Tasks:4
id	x	y	end	c
219	114.27	139.23	42	41.74
220	107.57	42.82	43	57.68
221	179.96	125.29	43	83.86
222	58.5	2.51	44	105.96
Drivers: 14
id	x	y	end	sensitivity
597	148.22	77.87	44	0.7
598	179.3	99.36	45	1.34
599	115.32	126.03	42	1.33
600	195.43	88.55	44	0.62
601	115.93	101.9	44	1.18
602	115.86	42.46	46	1.51
603	125.69	155.72	45	1.1
604	66.58	76.95	43	1.57
605	196.85	47.48	46	1.57
606	65.36	69.86	43	0.95
607	123.11	109.11	42	1.35
608	167.32	107.55	45	0.55
609	84.06	169.61	43	1.05
610	73.3	189.69	46	1.58
Period: 43
Tasks:5
id	x	y	end	c
223	67	152.71	44	62.19
224	160.71	109.99	44	61.53
225	168.16	112.65	44	69.32
226	147.11	64.59	47	58.93
227	40.44	189.72	44	107.69
Drivers: 13
id	x	y	end	sensitivity
611	76.3	66.19	45	1.09
612	125.1	102.93	43	1.56
613	189.54	56.44	46	1.96
614	184.96	174.78	47	1.94
615	86.04	94.26	46	1.15
616	83.42	143.61	44	1.25
617	180.63	114.66	46	0.79
618	27.59	110.23	45	0.76
619	195.11	38.59	45	0.92
620	154.03	162.66	45	1.63
621	23.45	154.09	45	1.57
622	113.11	77.97	49	1.88
623	7.66	31.56	44	1.46
Period: 44
Tasks:3
id	x	y	end	c
228	40.91	172.8	44	93.76
229	122.78	178.33	44	81.58
230	189.65	62.73	46	97.09
Drivers: 23
id	x	y	end	sensitivity
624	183.78	187.8	45	1.61
625	37.56	132.77	45	1.54
626	164.14	20.13	45	0.96
627	10.11	93.55	47	1.62
628	143.56	135.97	46	1
629	37.78	172.68	44	1.1
630	137.79	94.63	47	1.17
631	184.87	192.15	47	1.85
632	79.16	144.18	46	1.79
633	179.74	131.36	45	0.57
634	86.61	135.62	45	0.5
635	45.28	122.03	46	0.5
636	14.29	107.25	44	1.09
637	24.29	187.56	45	1.13
638	53.62	76.23	47	0.51
639	6.71	141.01	45	1.04
640	9.65	175.42	44	0.5
641	173.69	32.97	50	0.67
642	158.74	27.89	44	0.88
643	21.07	180.34	45	1.48
644	84.89	179.53	45	1.82
645	186.38	188.55	45	0.91
646	171.25	10.56	44	1.3
Period: 45
Tasks:0
id	x	y	end	c
Drivers: 21
id	x	y	end	sensitivity
647	194.18	193.68	47	1.55
648	136.74	127.82	48	1.84
649	130.36	130.7	48	1.52
650	73.65	169.48	50	1.4
651	199.49	132.91	47	1.16
652	157.29	2.04	48	0.84
653	134.08	187.93	46	1.48
654	48.26	78.43	48	0.68
655	190.14	87.22	45	1.87
656	79.9	64.72	46	1.26
657	32.07	185.21	47	0.84
658	44.66	95.6	45	0.73
659	5.82	139.15	49	1.95
660	117.68	10.36	48	1.78
661	19.46	48.89	46	1.63
662	81.48	137.17	49	1.66
663	114.66	7.84	47	1.61
664	193.34	151.35	47	0.6
665	134.06	191.97	46	1.39
666	112.21	29.04	46	1.68
667	51.4	69.56	46	1.26
Period: 46
Tasks:2
id	x	y	end	c
231	147.45	61.07	47	61.38
232	145.28	6.18	46	104.18
Drivers: 12
id	x	y	end	sensitivity
668	104.7	24.91	47	1.86
669	78.98	33.84	48	1.91
670	198.79	69.03	48	0.89
671	178.23	171.21	48	1.58
672	46.32	188.41	48	1.75
673	74.28	61.62	48	1.52
674	136.83	192.78	47	0.95
675	191.76	124.09	48	0.76
676	136.95	25.67	50	1.2
677	155.43	48.67	48	0.98
678	69.4	111.58	47	1.89
679	84.18	63.14	49	1.79
Period: 47
Tasks:8
id	x	y	end	c
233	159.83	71.43	47	66.3
234	66.91	160.33	47	68.81
235	59.67	95.65	47	40.56
236	16.7	182.59	47	117.3
237	169.61	169.69	48	98.5
238	166.78	191.37	48	113.17
239	122.18	46.49	47	57.92
240	19.97	93.65	48	80.28
Drivers: 11
id	x	y	end	sensitivity
680	161.23	60.46	49	1.27
681	188.31	157.93	47	1.42
682	122.32	127.05	48	1.32
683	143.35	68.82	49	1.39
684	49.21	119.65	48	0.92
685	41.54	101.51	48	1.3
686	4.02	22.67	49	0.64
687	39.12	39.24	47	1.03
688	96.24	19.04	51	0.98
689	28.76	162.85	48	0.63
690	156.9	182.4	48	1.44
Period: 48
Tasks:5
id	x	y	end	c
241	6.79	56.21	49	102.98
242	184.05	76.64	48	87.24
243	65.25	37.39	50	71.61
244	156.27	35.14	51	85.87
245	194.47	76.14	50	97.44
Drivers: 16
id	x	y	end	sensitivity
691	33.79	9.69	51	1.26
692	194.49	42.85	50	1.96
693	123.9	21.54	50	1.97
694	63.73	170.91	50	1.4
695	143.56	164.84	50	0.5
696	105.14	110.84	51	0.86
697	188.21	148.9	48	1.57
698	42	128.37	51	1.61
699	46.08	5.86	49	1.7
700	182.64	154.02	53	1.5
701	106.94	76.23	50	1.21
702	96.25	103.56	48	1.7
703	140.1	134.22	52	0.67
704	125.21	42.5	49	1.61
705	19.97	111.19	50	0.92
706	174.94	22.14	49	1.48
Period: 49
Tasks:8
id	x	y	end	c
246	4.33	9.31	50	131.82
247	178.42	29.03	53	105.77
248	122.91	155.77	50	60.29
249	73.37	157.1	49	63
250	104.45	74.98	50	25.41
251	187.16	193.65	49	127.93
252	61.29	131.72	50	50.05
253	39.28	64.18	49	70.5
Drivers: 15
id	x	y	end	sensitivity
707	6	115.78	52	1.62
708	156.81	149.63	53	1.29
709	161.71	99.52	49	1.33
710	67.91	116.98	50	1.6
711	149.28	158.91	51	1.55
712	104.33	84.28	50	1.74
713	113.61	28.17	53	0.67
714	198.97	114.87	51	1.64
715	4.37	161.07	51	0.94
716	179.95	11.99	52	1.82
717	32.25	118.62	52	0.81
718	180.19	196.09	51	1
719	156.54	51.02	50	1.1
720	54.37	1.99	49	0.92
721	65.64	161.5	52	1.72
Period: 50
Tasks:7
id	x	y	end	c
254	189.41	20.04	50	119.95
255	167.86	172.16	50	99.06
256	94.07	105.6	50	8.16
257	69.6	143.05	52	52.7
258	190.02	78.46	51	92.56
259	66.31	33.06	52	74.94
260	162.37	131.49	50	69.87
Drivers: 14
id	x	y	end	sensitivity
722	183.31	167.69	52	0.65
723	68.7	157.9	51	0.91
724	138.72	174.78	53	0.99
725	131.24	82.33	52	1.93
726	33.12	135.42	53	1.98
727	38.45	139.91	53	1.73
728	52.62	92.66	51	1.5
729	40.35	59.81	50	0.95
730	33.97	88.84	51	1.67
731	149.99	22.53	53	1.14
732	79.47	135.69	53	1.34
733	139.77	41.46	50	1.35
734	112.99	52.35	55	0.59
735	185.86	144.88	54	1.43
Period: 51
Tasks:4
id	x	y	end	c
261	81.03	7.73	51	94.2
262	55.7	23.39	51	88.5
263	79.42	12.9	52	89.5
264	148.9	150.56	51	70.34
Drivers: 15
id	x	y	end	sensitivity
736	175.84	181.62	51	1.52
737	48.16	165.06	53	0.87
738	49.26	49.98	51	0.55
739	152.38	99.14	53	1.93
740	177.76	104.23	51	0.95
741	40.56	167.14	54	0.57
742	36.8	165.78	52	1.32
743	47.49	11.08	53	1.45
744	50.72	137.2	51	2
745	73.28	102.5	54	0.74
746	137.04	5.6	52	1.63
747	5.96	108.29	52	1.77
748	20.93	65.58	52	1.03
749	121.49	9.3	54	0.76
750	179.28	93.23	55	0.94
Period: 52
Tasks:6
id	x	y	end	c
265	152.32	150.99	54	73.06
266	155.2	99.35	54	55.2
267	180.86	9.21	53	121.58
268	73.77	107.63	53	27.32
269	199.35	115.13	53	100.5
270	167.11	76.62	52	71.07
Drivers: 14
id	x	y	end	sensitivity
751	84.71	135.01	53	1.04
752	169.76	15.35	57	0.84
753	6.97	156.04	52	1.7
754	195.77	21.89	55	1.46
755	194.52	19.54	57	0.92
756	92.85	114.82	53	1.01
757	166	50.44	53	1.22
758	36.55	107.61	57	0.89
759	126.04	92.07	54	0.99
760	8.12	135.24	53	0.91
761	196.04	148	52	1.52
762	197.1	95.8	56	0.55
763	78.63	133.32	54	1.2
764	15.72	123.87	55	0.67
Period: 53
Tasks:3
id	x	y	end	c
271	57.69	162.95	53	75.85
272	178.36	71.54	53	83.37
273	68.59	187.94	54	93.38
Drivers: 15
id	x	y	end	sensitivity
765	47.29	99.8	57	1.05
766	175.39	72.2	53	1.7
767	144.84	47.65	56	1.92
768	153.41	182.87	55	0.66
769	82.39	144.32	54	1.06
770	74.09	83.81	54	0.84
771	39.73	12.3	56	1.08
772	182.1	5.28	57	1.25
773	114.62	33.55	58	0.59
774	73.23	91.27	57	0.66
775	46	30.03	54	1.54
776	118.27	63.26	59	1.28
777	81.74	149.16	54	1.61
778	130.19	7.78	56	1.94
779	131.54	51.77	54	0.78
Period: 54
Tasks:2
id	x	y	end	c
274	49.31	8.66	54	104.46
275	30	54.5	55	83.49
Drivers: 19
id	x	y	end	sensitivity
780	83.67	159.72	56	1.07
781	19.48	75.56	58	1.46
782	159.8	114.91	54	1.14
783	10.99	57.15	55	1.58
784	70.41	109.15	55	0.86
785	82.2	76.14	57	1.06
786	167.51	103.15	56	1.63
787	50.5	148.51	58	0.85
788	76.36	160.28	58	1.12
789	96.62	45.84	57	1.78
790	116.13	109.55	57	1.91
791	82.66	155.79	56	0.51
792	65.64	43.96	55	0.96
793	8.84	190.49	55	0.94
794	14.19	149.35	56	0.6
795	15.99	16.87	55	1.12
796	18.75	147.79	55	0.8
797	112.55	127.89	55	1.5
798	146.07	131.08	56	1.33
Period: 55
Tasks:4
id	x	y	end	c
276	171.04	145.48	57	84.35
277	189.55	116.42	55	91.04
278	88.27	80.2	56	23.01
279	136.76	176.97	57	85.3
Drivers: 11
id	x	y	end	sensitivity
799	168.87	143.66	57	1.87
800	122.54	184.81	57	0.53
801	131.01	181.13	57	1.31
802	169.48	170.71	58	1.75
803	48.66	197.86	58	1.93
804	33.92	154.27	55	0.63
805	175.7	87.29	58	1.31
806	66	21.59	55	1.51
807	2.24	64.24	56	1.23
808	73.09	110.99	58	0.93
809	12.84	106.22	57	1.31
Period: 56
Tasks:6
id	x	y	end	c
280	188.77	33.54	57	110.89
281	57.45	167.79	57	80.04
282	199.54	140.54	57	107.48
283	100.87	96.08	56	4.02
284	19.75	25.74	57	109.34
285	85.42	34.65	59	66.96
Drivers: 10
id	x	y	end	sensitivity
810	93.33	50.87	57	1.04
811	145.56	102.48	57	1.47
812	128.67	163.3	58	1.56
813	35.92	50.88	56	1.56
814	135.87	132.25	58	0.93
815	179.22	184.01	56	1.76
816	17.39	157.76	58	0.61
817	131.34	181.41	57	0.57
818	121.17	53.15	57	1.45
819	102.56	166.96	57	1.27
Period: 57
Tasks:10
id	x	y	end	c
286	192.42	54.52	57	103
287	34.91	10.39	59	110.75
288	154.42	50.19	58	73.77
289	18.25	149.63	58	95.64
290	123.29	124.01	59	33.45
291	110.79	54.41	59	46.85
292	198.48	196.89	58	138.15
293	18.57	28.13	57	108.61
294	139.52	145.73	57	60.44
295	128.94	102.13	58	29.02
Drivers: 13
id	x	y	end	sensitivity
820	37.02	41.99	62	1.81
821	140.21	134.89	60	0.83
822	140.32	71.75	60	1.66
823	164	93.34	58	1.26
824	107.02	62.61	62	1.25
825	112.76	199.67	57	1.79
826	143.61	90.12	58	0.62
827	180.73	131.61	59	0.8
828	1.4	2.18	59	1.7
829	160.66	51.85	61	0.74
830	77.32	147.13	59	1.09
831	125.91	145.63	58	1.73
832	51.15	18.2	60	0.68
Period: 58
Tasks:8
id	x	y	end	c
296	148.54	184.04	59	97.05
297	14.36	144.71	59	96.61
298	140.23	27.75	61	82.7
299	125.17	60.6	60	46.75
300	168.33	124.21	59	72.49
301	167.82	186.39	58	109.83
302	10.04	198.5	58	133.4
303	153.87	142.12	58	68.38
Drivers: 15
id	x	y	end	sensitivity
833	160.05	159.79	62	1.58
834	90.1	152.19	59	0.85
835	136.38	28.33	61	1.38
836	29.66	193.4	62	1.52
837	95.21	47.95	59	0.81
838	177.45	86.05	61	1.92
839	162.03	23.27	58	1.74
840	0.17	148.88	58	1.43
841	133.85	188.9	61	1.63
842	36.82	80.78	59	1.55
843	153.87	35.58	62	0.78
844	139.45	116.76	60	1.35
845	65.8	47.67	60	1.96
846	57.24	37.73	59	1.08
847	97.81	181.93	60	0.97
Period: 59
Tasks:11
id	x	y	end	c
304	152.09	122.37	60	56.69
305	108.25	117.27	60	19.14
306	183.95	57.27	60	94.2
307	49.38	102.17	60	50.67
308	30.22	165.35	60	95.6
309	21.05	57.76	64	89.54
310	66.5	185.56	59	91.88
311	179.19	107.19	59	79.52
312	30.41	179.27	59	105.48
313	189.49	0.03	59	134.17
314	79.77	0.76	59	101.28
Drivers: 16
id	x	y	end	sensitivity
848	12.81	108.84	61	0.53
849	18.62	160.74	65	0.82
850	138.01	143.84	60	1.49
851	179.94	199.21	61	1.6
852	182.41	168.2	64	1.5
853	111.2	158.47	62	0.84
854	37	110.3	60	0.68
855	46.26	28.48	61	1.29
856	195.89	70.57	60	1.3
857	5.92	196.62	61	1.31
858	50.83	80.22	62	1.7
859	93.16	95.48	59	1.55
860	174.07	27.74	61	1.82
861	114.68	80.54	61	1.28
862	128.45	190.27	61	0.74
863	96.23	153.81	60	1.86
Period: 60
Tasks:4
id	x	y	end	c
315	72.89	177.49	62	82.1
316	51.88	137.15	61	60.79
317	181.35	41.19	62	100.38
318	182.86	145.24	60	94.41
Drivers: 17
id	x	y	end	sensitivity
864	70.02	141.76	63	0.71
865	138.69	98.23	61	1.72
866	35.93	77.87	64	1.52
867	200	37.23	63	0.8
868	190.73	47.54	62	0.52
869	144.42	186.45	63	1.43
870	88.08	52.41	61	1.54
871	92.77	139.45	66	1.52
872	190.16	127.76	61	0.83
873	96.2	198.29	61	1.76
874	43.59	70.82	62	1.73
875	8.95	191.88	62	1.22
876	53.86	165.47	60	1.16
877	136.78	26.81	63	1.64
878	9.99	133.34	65	1.98
879	101.9	46.14	63	1.64
880	141.87	195.96	62	0.82
Period: 61
Tasks:4
id	x	y	end	c
319	50.65	56.8	62	65.59
320	81.34	148.83	63	52.27
321	24.77	164.31	64	98.97
322	16.04	30.91	62	108.73
Drivers: 10
id	x	y	end	sensitivity
881	20.05	47.06	62	0.83
882	151.8	109.14	66	1.62
883	18.17	187.19	65	1.39
884	108.31	172.93	61	1.35
885	40.46	104.6	61	1.47
886	29.89	138.98	64	1.1
887	179.64	124.17	63	1.13
888	53.35	98.7	66	1.61
889	197.72	93.61	64	1.91
890	85.68	48.38	64	1.24
Period: 62
Tasks:6
id	x	y	end	c
323	135.59	154.35	62	64.97
324	10.31	144.64	62	100.18
325	185.6	165.53	62	107.8
326	94.85	8.71	62	91.44
327	59	48.93	63	65.49
328	36.35	97.4	64	63.7
Drivers: 20
id	x	y	end	sensitivity
891	114.55	3.97	63	0.82
892	189.8	20.18	65	1.58
893	174.77	125.25	63	1.65
894	22.67	136.13	62	1.93
895	42.23	35.35	66	1.7
896	172.49	75.35	64	1.22
897	48.75	47.49	67	1.55
898	9.87	137.94	68	1.3
899	44.21	65.7	64	1.91
900	134.09	10.46	63	0.79
901	145.88	63.21	66	1.71
902	168.49	169.65	65	0.99
903	34.27	44.77	65	1.42
904	165.74	27.24	63	0.55
905	127.52	172.87	63	1.32
906	79.69	92.18	64	1.51
907	185.55	113.33	62	1.32
908	106.27	56.49	64	1.97
909	88.67	140.84	64	0.83
910	96.72	152.78	65	1.34
Period: 63
Tasks:7
id	x	y	end	c
329	99.93	183.37	64	83.37
330	37.93	177.09	64	98.97
331	96.99	62.58	63	37.54
332	22.38	145.39	65	89.92
333	11.68	98.59	64	88.33
334	76.64	136.87	65	43.65
335	153.59	145.35	65	70.2
Drivers: 9
id	x	y	end	sensitivity
911	53.46	55.48	64	1.56
912	113.9	106.34	66	0.66
913	168.09	175.6	67	1.05
914	123.04	170.39	65	1.46
915	186.06	82.51	64	0.97
916	174.04	131.4	64	1.41
917	36.37	2.52	64	1.94
918	102.33	55.88	64	1.72
919	170.72	39.91	67	1.34
Period: 64
Tasks:8
id	x	y	end	c
336	18.86	179.92	65	113.89
337	160.03	116.57	65	62.27
338	77.01	105.43	66	23.62
339	89.25	50.97	65	50.19
340	8.3	117.32	65	93.32
341	156.56	122.1	65	60.72
342	157.58	135.91	65	67.86
343	27.03	106.79	66	73.29
Drivers: 10
id	x	y	end	sensitivity
920	91.35	111.8	66	0.8
921	61.96	175.02	65	1.01
922	182.43	42.88	67	1.96
923	195.19	78.4	66	1.38
924	67.88	54.17	66	1.5
925	19.03	64.85	65	1.27
926	76.52	177.37	64	0.77
927	188.77	104.23	65	0.96
928	175.33	95.89	65	1.96
929	149.74	90.71	65	1.62
Period: 65
Tasks:2
id	x	y	end	c
344	45.79	20.55	65	96.18
345	99.37	43.06	66	56.94
Drivers: 15
id	x	y	end	sensitivity
930	24.85	81.31	66	1.01
931	190.11	174.37	66	1.4
932	177.73	6.58	65	1.59
933	22.59	166.96	69	1.26
934	179.03	26.81	66	1.34
935	53.93	58.2	72	1.93
936	41.8	122.35	67	1.51
937	111.66	110.81	66	1.43
938	146.98	180.58	68	0.73
939	7.06	49.72	66	1.98
940	173.69	30.49	69	1.53
941	83.24	95.56	69	1.99
942	171.38	22.49	66	1.64
943	182.62	25.29	67	1.02
944	93.53	191.46	67	0.59
Period: 66
Tasks:1
id	x	y	end	c
346	125.92	145.51	67	52.37
Drivers: 15
id	x	y	end	sensitivity
945	42.04	45.02	67	1.74
946	109.55	195.16	66	1.98
947	184.19	94.76	70	1.03
948	188.12	105.93	68	0.7
949	45.63	24.14	67	1.1
950	124.73	131.15	68	0.78
951	153.73	37.95	68	1.62
952	194.08	173.95	69	1.96
953	47.4	10.3	68	0.74
954	16.28	135.85	66	1.47
955	144.22	55.07	66	1.74
956	111.32	198.57	66	1.14
957	123.2	15.47	67	1.01
958	117.23	157.58	67	1.45
959	46.29	33.06	71	1.2
Period: 67
Tasks:3
id	x	y	end	c
347	66.69	117.86	69	37.8
348	177.02	182.25	70	112.68
349	153.68	156.41	68	77.87
Drivers: 18
id	x	y	end	sensitivity
960	119.13	32.09	73	1.95
961	99.55	169.86	71	0.58
962	114.9	101.74	68	1.49
963	5.05	6.56	69	1.25
964	161.26	45.9	71	1.72
965	8.84	15.39	69	0.72
966	91.84	11.67	70	0.63
967	71.18	57.92	70	1.34
968	14.65	130.41	68	0.75
969	2.53	98.07	77	0.56
970	52.37	173.72	71	0.86
971	10.94	120.23	70	0.5
972	104.7	33.56	68	1.27
973	104.25	166.02	68	1.63
974	54.89	1.67	68	1.4
975	123.06	59.91	69	0.51
976	180.21	87.66	72	0.84
977	14.91	104.74	69	1.18
Period: 68
Tasks:2
id	x	y	end	c
350	10.66	183.34	69	122.18
351	177.24	40.92	68	97.24
Drivers: 13
id	x	y	end	sensitivity
978	198.32	117.02	69	1.05
979	172.39	193.38	70	0.62
980	191.72	114.98	69	0.67
981	93.31	193.52	72	1.79
982	64.86	67	71	1.17
983	155.3	67.74	69	1.19
984	177.46	106.59	69	1.74
985	47.87	45.34	73	0.62
986	177.81	195.5	69	1.46
987	154.3	134.26	68	0.68
988	136.34	98.03	69	1.06
989	180.13	63.24	71	1.27
990	33.13	80.42	71	1.03
Period: 69
Tasks:4
id	x	y	end	c
352	30.5	73.78	70	74.28
353	10.29	130.61	70	94.79
354	191.71	166.55	69	113.31
355	44.35	121.8	69	59.77
Drivers: 15
id	x	y	end	sensitivity
991	72.71	2.67	69	1.72
992	197.45	147.91	70	1.34
993	173.24	154.87	71	1.81
994	105.1	19.63	70	1.94
995	193.61	141.3	71	0.98
996	132.9	47.5	71	0.54
997	22.15	141.68	72	1.41
998	35.3	39.36	72	0.97
999	64.33	85.17	71	1.25
1000	34.11	26.91	70	1.51
1001	114.82	137.36	72	1.86
1002	6.01	13.76	71	1.72
1003	148.39	44.25	72	0.62
1004	164.92	125.81	74	1.3
1005	58.97	27.03	70	1.17
Period: 70
Tasks:3
id	x	y	end	c
356	120.08	39.83	71	63.43
357	24.69	140.68	70	85.59
358	152.08	176.62	70	92.64
Drivers: 16
id	x	y	end	sensitivity
1006	166.07	56.58	71	1.89
1007	121.04	193.91	71	1.69
1008	16.41	142.42	71	1.39
1009	136.48	62.74	73	0.62
1010	98.38	162.48	71	0.61
1011	116.79	3.66	73	1.94
1012	69.48	151.85	73	0.71
1013	133.39	29.59	71	1.49
1014	18.07	79.4	72	0.74
1015	132.4	153.51	75	0.51
1016	197.82	193.4	72	1.85
1017	141.48	172.79	73	1.54
1018	151.45	32.11	72	1.17
1019	70.68	6.11	74	1.53
1020	124.26	115.73	74	0.67
1021	186.68	189.17	75	1.4
Period: 71
Tasks:5
id	x	y	end	c
359	148.29	88.2	73	49.71
360	136.2	48.38	73	63.05
361	145.5	198.79	73	108.76
362	82.98	58.09	71	45.23
363	184.19	139.04	72	92.8
Drivers: 20
id	x	y	end	sensitivity
1022	139.51	4.64	71	0.76
1023	64.88	73.87	72	0.6
1024	157.06	108.45	72	0.51
1025	116.49	157.71	72	1.27
1026	168.67	194.02	73	1.6
1027	161.16	114.86	72	1.69
1028	175.66	172.94	72	1.07
1029	194.73	184.4	72	1.09
1030	76.56	6.01	72	0.61
1031	50.47	73.88	73	1.04
1032	148.03	70.13	71	1.64
1033	157.38	12.29	73	1.42
1034	105.86	121.65	72	0.61
1035	99.69	162.42	71	1.8
1036	33.08	172.55	72	0.73
1037	13.02	75.83	74	1.9
1038	95.57	16.76	71	1.72
1039	100.82	159.51	71	1.46
1040	30.27	142.95	72	1.9
1041	56.64	190	75	1.81
Period: 72
Tasks:4
id	x	y	end	c
364	105.32	182.18	72	82.35
365	140.42	132.26	73	51.72
366	40.81	87.22	73	60.55
367	161.78	58.43	73	74.46
Drivers: 18
id	x	y	end	sensitivity
1042	156.93	187.02	73	0.94
1043	58.3	48.59	73	1.7
1044	45.28	62	73	0.74
1045	112.79	193.34	72	1.2
1046	121.01	132.06	74	1.43
1047	183.8	73.66	78	0.94
1048	98.68	27.33	75	1.91
1049	160.69	168.3	73	1.92
1050	119.58	98.41	72	0.57
1051	34.63	130.75	73	0.62
1052	54.08	181.99	74	1.95
1053	118.46	119.99	73	1.68
1054	157.73	1.46	74	1.01
1055	115.98	66.29	74	1.14
1056	105.83	108.19	74	0.86
1057	180.81	162.39	73	0.8
1058	50.1	139.83	72	1
1059	187.53	163.5	74	1.8
Period: 73
Tasks:7
id	x	y	end	c
368	150.27	103.26	73	50.38
369	12.28	88.25	74	88.5
370	62.75	158.79	74	69.6
371	35.98	187.53	75	108.44
372	101.88	144.52	73	44.56
373	111.46	117.13	74	20.61
374	33.09	147.53	74	82.07
Drivers: 10
id	x	y	end	sensitivity
1060	128.66	165.19	74	1.53
1061	165.34	120.65	76	1.42
1062	2.62	180.16	73	1.27
1063	72.2	133.08	76	0.93
1064	135.9	153.93	78	0.82
1065	112.1	37.82	76	1.3
1066	185.01	73.27	78	1.64
1067	85.33	20.7	74	1.22
1068	53.83	94.42	73	1.76
1069	199.34	98.6	74	1.87
Period: 74
Tasks:6
id	x	y	end	c
375	112.67	93.07	75	14.44
376	111.38	85.13	74	18.72
377	130.63	184.19	74	89.59
378	180.47	43.81	74	98.15
379	186.49	38.15	75	106.33
380	90.23	7.84	76	92.68
Drivers: 21
id	x	y	end	sensitivity
1070	181.41	75.23	77	0.87
1071	80.23	98.6	76	1.51
1072	151.48	95.57	74	1.49
1073	53.25	95.21	75	1.89
1074	136.41	24.59	78	0.82
1075	178.11	127.52	74	1.84
1076	72.4	197.27	75	1.69
1077	122.44	190.59	75	0.63
1078	136.37	93.45	74	1.1
1079	139.24	115.63	77	1.42
1080	0.21	20.14	76	1.49
1081	148.34	179.35	76	0.97
1082	31.18	154.16	75	1.41
1083	20.12	186.25	74	1.06
1084	68.64	83.99	76	1.69
1085	119.9	45.93	76	0.74
1086	115.66	95.72	77	1.65
1087	50.69	133.84	76	0.88
1088	3.91	152.35	76	1.04
1089	132.66	64.73	74	0.96
1090	116.41	98.61	77	0.59
Period: 75
Tasks:2
id	x	y	end	c
381	138.02	96.08	75	38.22
382	190.61	92.2	77	90.95
Drivers: 18
id	x	y	end	sensitivity
1091	47.04	93.09	78	0.71
1092	61.89	177.47	79	0.63
1093	44.34	33.39	78	0.56
1094	196.35	34.14	75	1.81
1095	27.22	56.61	76	1.58
1096	21.7	135.84	76	1.73
1097	21.69	6.96	76	0.65
1098	158.92	194.66	79	1.51
1099	156.07	188.97	75	1.38
1100	26.65	35.85	76	0.55
1101	105.15	86.4	77	1.24
1102	184.82	193.13	77	1.91
1103	119.99	146.23	78	1.71
1104	132.56	177.63	77	1.54
1105	61.62	88.26	76	0.65
1106	22.24	20.14	77	1.46
1107	17.81	132.87	77	0.52
1108	35.23	19.69	77	0.9
Period: 76
Tasks:5
id	x	y	end	c
383	135.45	138.56	77	52.38
384	169.12	188.35	77	112.18
385	118.65	109.86	76	21.1
386	156.58	74.65	77	62
387	100.66	57.64	76	42.37
Drivers: 16
id	x	y	end	sensitivity
1109	163.21	129.11	77	0.7
1110	77.92	64.59	79	1.47
1111	165.32	71.41	81	1.05
1112	16.83	90.63	79	1.28
1113	88.45	190.44	80	1.04
1114	105.67	129.07	77	0.77
1115	197.95	65.08	77	1.62
1116	12.77	26.28	76	1.82
1117	113.37	160.3	79	0.57
1118	138.13	127.56	81	1.96
1119	6.94	59.82	77	1.33
1120	52.21	115.93	79	1.07
1121	102.56	114.64	78	1
1122	35.4	88.86	78	0.93
1123	178.51	112.75	78	1.67
1124	173.44	68.06	76	1.96
Period: 77
Tasks:4
id	x	y	end	c
388	68.87	139.2	78	50.06
389	20.45	166.53	78	103.7
390	190.07	111.65	77	90.82
391	105.91	46.19	78	54.13
Drivers: 19
id	x	y	end	sensitivity
1125	146.48	141.65	78	0.53
1126	165.02	51.46	78	1.19
1127	110.35	69.04	79	1.43
1128	180.73	40.07	80	1.95
1129	40.04	113.67	78	0.56
1130	161.58	161.99	77	1.41
1131	32.64	50.5	79	0.89
1132	153.75	51.18	79	1.85
1133	199.01	111.02	78	1.77
1134	143.58	128.28	80	1.19
1135	120.08	174.68	80	1.38
1136	117.54	34.96	80	0.63
1137	64.68	31.14	81	1.2
1138	63.95	0.01	80	1.33
1139	171.54	2.1	79	1.9
1140	60.74	74.56	79	1.65
1141	81.57	64.75	80	1.73
1142	164.99	195.76	77	0.91
1143	152	173.19	79	1.04
Period: 78
Tasks:5
id	x	y	end	c
392	153.26	60.4	80	66.37
393	186.92	71.93	78	91.34
394	76.06	26.9	78	76.92
395	22.62	147.32	79	90.7
396	181.99	176.07	78	111.84
Drivers: 11
id	x	y	end	sensitivity
1144	17.83	65.52	81	1.29
1145	174.53	8.4	82	1.88
1146	53.73	135.64	80	0.95
1147	123.5	61.79	82	0.72
1148	154.62	92.97	79	1.52
1149	9.36	146.3	80	1.87
1150	180.59	154.19	84	1.3
1151	11.45	32.04	79	1.12
1152	112.08	140.12	82	1.92
1153	137.15	147.36	82	0.83
1154	148.05	67.92	79	1.61
Period: 79
Tasks:3
id	x	y	end	c
397	121.6	23.02	82	79.95
398	107.2	89.14	80	13.03
399	54.54	187.65	79	98.74
Drivers: 11
id	x	y	end	sensitivity
1155	199.5	176.49	80	0.71
1156	12.39	151.89	82	1.88
1157	33.51	64.82	80	1.51
1158	14.09	53.05	83	0.88
1159	127.73	44.31	80	0.88
1160	116.47	4.37	82	1.97
1161	117.28	66.31	80	1
1162	138.49	31.96	79	0.86
1163	175.79	17.86	80	0.85
1164	10.54	29.9	82	1.47
1165	157.3	151.23	84	1.79
Period: 80
Tasks:3
id	x	y	end	c
400	41.65	129.24	82	65.27
401	65.21	199.74	80	105.63
402	154.12	84.85	82	56.2
Drivers: 15
id	x	y	end	sensitivity
1166	16.17	153.21	81	0.68
1167	138.62	57.94	82	0.82
1168	42.59	126.38	81	1.48
1169	130.19	192.32	81	0.82
1170	130.22	186.86	82	1.35
1171	86.52	32.55	82	1.41
1172	78.2	77.93	83	1.83
1173	37.08	146.24	85	1.94
1174	100.54	180.61	82	0.92
1175	58.45	72.22	84	1.82
1176	21.99	84.63	81	1.45
1177	197.49	88.99	82	0.65
1178	41.24	177.72	81	0.79
1179	185.04	91.03	81	0.78
1180	31.92	21.53	81	1.85
Period: 81
Tasks:6
id	x	y	end	c
403	39.28	7.54	81	110.62
404	199.23	132.38	82	104.38
405	34.43	155.69	82	86.03
406	93.44	165.06	82	65.39
407	106.78	108.31	83	10.72
408	142.32	71.66	83	50.93
Drivers: 20
id	x	y	end	sensitivity
1181	169.05	103.68	82	0.79
1182	131.43	26.96	83	1.89
1183	175.58	41.83	83	1.43
1184	44.02	143.41	82	1.37
1185	106.05	9.67	86	1.07
1186	99.44	49.87	83	1.7
1187	73.7	90.43	84	0.63
1188	168.46	153.46	84	0.85
1189	189.32	52.78	83	1.66
1190	155.44	87.23	84	1.5
1191	58.99	106.11	84	0.94
1192	93.68	189.21	82	0.69
1193	16.92	127.51	83	1.35
1194	90.61	25.42	83	1.84
1195	127.94	175.35	83	1.78
1196	101.71	109.8	82	0.76
1197	194.76	41.4	82	1.86
1198	129.08	195.19	84	0.8
1199	21.83	43.39	83	1.11
1200	115.36	121.54	83	1.01
Period: 82
Tasks:5
id	x	y	end	c
409	121.54	117.27	83	27.61
410	66.65	143.16	82	54.54
411	148.72	63.22	82	61.04
412	23.08	28.06	82	105.32
413	132.5	36.55	82	71.29
Drivers: 12
id	x	y	end	sensitivity
1201	180.28	56.82	83	0.69
1202	159.56	151.73	85	0.73
1203	160.52	192.61	83	1.22
1204	174.43	174.87	84	1.16
1205	144.86	54.09	82	0.83
1206	24.07	118.49	84	0.9
1207	46.97	199.97	82	0.66
1208	198.4	28.74	87	0.6
1209	74.63	7.02	82	1.27
1210	106.82	157.63	85	1.29
1211	80.71	157.89	85	0.53
1212	98.76	72.02	83	1.9
Period: 83
Tasks:6
id	x	y	end	c
414	88.83	84.3	83	19.27
415	158.12	62.7	83	69.06
416	132.9	58.23	86	53.17
417	26.43	77.71	85	76.87
418	60.68	88.82	83	40.88
419	55.97	136.47	83	57.17
Drivers: 13
id	x	y	end	sensitivity
1213	147.18	106.75	87	1.18
1214	0.73	179.53	84	1.51
1215	70.33	122.29	83	0.74
1216	64.02	138.55	85	1.65
1217	75.98	19.39	85	1.93
1218	177.38	87.69	83	1.51
1219	197.27	159.07	83	1.96
1220	135.16	195.48	89	0.76
1221	144.5	199.69	86	0.76
1222	57.37	139.03	84	1.63
1223	163.99	107.8	86	1.67
1224	56.03	141.1	84	0.56
1225	87.22	134.92	83	1.61
Period: 84
Tasks:3
id	x	y	end	c
420	143.87	70.75	84	52.73
421	58.9	89.49	85	42.42
422	141.08	186.82	85	96.05
Drivers: 22
id	x	y	end	sensitivity
1226	20.29	183.98	91	1.84
1227	134.59	111.01	84	1.44
1228	194.74	50.56	86	1.63
1229	148.56	190.5	87	1.71
1230	114.77	104.94	86	0.91
1231	189.31	142.46	90	0.81
1232	98.65	61.65	84	1.62
1233	21.66	179.19	85	0.67
1234	121.7	164.2	85	1.81
1235	150.93	49.11	84	1.67
1236	93.31	152.59	86	1.19
1237	17.69	116.67	85	1.31
1238	107.11	18.17	89	1.31
1239	116.91	104.78	87	1.96
1240	37.06	40.49	86	0.51
1241	37.02	106.27	85	0.73
1242	110.95	81.05	84	1.01
1243	70.19	72.38	87	0.97
1244	107.85	100.46	86	1.03
1245	26.7	168.77	86	1.2
1246	140.52	177.65	88	1.84
1247	44.32	119.58	87	1.21
Period: 85
Tasks:7
id	x	y	end	c
423	2.27	22	85	125.04
424	146.56	95.61	86	46.77
425	78.15	171.59	85	74.85
426	48.01	103.03	87	52.08
427	165.47	30.22	86	95.68
428	160.91	44.83	85	82.18
429	16.45	170.76	86	109.49
Drivers: 14
id	x	y	end	sensitivity
1248	77.32	184.49	87	1.32
1249	5.29	74.9	87	0.61
1250	63.59	125.87	87	1.39
1251	126.83	79.93	89	1.42
1252	151.93	154.67	87	0.66
1253	86.49	10.92	88	1.76
1254	22.5	181.59	87	1.25
1255	74.06	17.85	85	1.19
1256	168.27	171.67	88	1.51
1257	146.78	179.67	87	0.68
1258	137.37	78.89	91	0.9
1259	47.62	180.08	85	1.95
1260	155.1	154.44	89	1.1
1261	27.62	141.9	87	0.62
Period: 86
Tasks:6
id	x	y	end	c
430	14.99	123.77	86	88.27
431	160.19	150.96	87	78.87
432	8.5	130.28	86	96.38
433	23.06	78.26	86	79.95
434	48.32	67.72	86	60.93
435	131.73	158.55	89	66.6
Drivers: 15
id	x	y	end	sensitivity
1262	111.36	195.71	89	1.94
1263	23.68	78.84	86	1.77
1264	87.65	198.92	88	1.79
1265	171.71	78.02	89	0.85
1266	32.84	166.37	86	0.52
1267	168.96	159.54	87	0.84
1268	135.89	47.83	88	1.57
1269	143.84	37.99	89	1.9
1270	138.88	135.21	87	1.69
1271	195.26	131.74	87	0.71
1272	11.43	90.5	87	0.96
1273	195.13	8.68	90	1.26
1274	124.44	101.09	88	0.92
1275	141.45	96.51	88	0.5
1276	101.47	140.35	89	1.21
Period: 87
Tasks:7
id	x	y	end	c
436	165.95	153.78	88	85.1
437	150.24	19.8	90	94.64
438	93.6	68.54	87	32.1
439	138.14	107.43	88	38.86
440	79.03	52.99	87	51.48
441	22.66	102.78	87	77.39
442	35.13	185.5	87	107.32
Drivers: 15
id	x	y	end	sensitivity
1277	60.72	43.46	89	1.76
1278	185.8	192.82	88	1.16
1279	9.62	159.62	88	1.94
1280	28.62	7.77	90	1.62
1281	9.75	92.15	88	1.37
1282	165.1	27.4	90	1.45
1283	6.62	151.39	88	1.95
1284	20.89	182.94	88	1.98
1285	36.86	27.53	88	1.31
1286	166.77	179.56	89	1.4
1287	43.74	52.63	88	1.55
1288	127.06	75.73	90	1.85
1289	1.05	53.88	88	1.56
1290	198.97	151.09	88	0.68
1291	154.5	101.98	89	1.69
Period: 88
Tasks:4
id	x	y	end	c
443	101.13	95.24	89	4.89
444	31.08	85.33	89	70.46
445	120.07	181.4	89	83.84
446	175.89	191.92	88	119.2
Drivers: 12
id	x	y	end	sensitivity
1292	25.54	126.02	89	0.56
1293	18.46	77.67	90	1.7
1294	88.97	44.84	91	1.6
1295	166.21	60.14	89	0.76
1296	190.79	109.9	90	1.17
1297	87.99	80.27	91	0.98
1298	182.56	153.75	88	1.43
1299	139.2	185.05	89	1.72
1300	182.77	15.89	89	1.04
1301	27.32	142.25	90	1.76
1302	40.32	91.3	92	0.86
1303	153.65	119.31	88	1.4
Period: 89
Tasks:2
id	x	y	end	c
447	123.16	71.44	89	36.77
448	26.95	59.79	90	83.39
Drivers: 13
id	x	y	end	sensitivity
1304	186.72	162.78	91	0.69
1305	49.51	127.46	93	1.68
1306	79.93	37.95	90	1.72
1307	38.75	158.39	91	0.92
1308	36.81	134.67	89	1.26
1309	114.41	146.64	91	1.12
1310	24.25	10.11	90	0.84
1311	81.72	137.36	90	0.73
1312	128.25	199.24	91	1.56
1313	13.82	79.45	90	0.54
1314	196.32	91.74	96	1.58
1315	174.64	165.4	91	1.87
1316	144.41	187.22	90	1.48
Period: 90
Tasks:11
id	x	y	end	c
449	100.67	65.76	90	34.25
450	183.67	44.91	93	100.18
451	181.65	37.47	90	102.84
452	156.17	191.46	91	107.33
453	54.63	84.63	90	47.9
454	172.52	24.3	91	104.83
455	66.11	149.71	90	60.16
456	30.53	181.12	92	106.8
457	75.97	19.36	91	84.14
458	79.08	24.82	93	78.04
459	35.98	78.64	90	67.49
Drivers: 14
id	x	y	end	sensitivity
1317	69.35	15.51	92	1.96
1318	71.83	61.22	96	1.54
1319	55.61	180.16	92	1.38
1320	129.6	38.69	94	1.95
1321	50.46	144.05	94	1.63
1322	73.11	50.77	92	0.9
1323	80.64	182.83	93	0.87
1324	102.23	169.17	93	1.27
1325	167.21	21.63	91	0.77
1326	120.65	7.92	92	0.67
1327	61.98	147.74	93	0.88
1328	141.48	112.62	91	1.5
1329	176.29	7.23	94	1.11
1330	166.14	14.28	91	1.04
Period: 91
Tasks:7
id	x	y	end	c
460	27.88	8.97	94	116.14
461	127.24	5.24	92	98.6
462	83.9	24.03	91	77.66
463	75.15	77.11	92	33.79
464	3.6	18.81	91	126.03
465	39.74	176.71	93	97.55
466	85.64	52.72	92	49.41
Drivers: 12
id	x	y	end	sensitivity
1331	173.59	159.83	94	1.89
1332	85.87	92.76	93	1.68
1333	82.93	35.76	93	1.31
1334	115.44	63.23	92	0.67
1335	102.1	147.5	92	0.91
1336	191.57	10.7	93	0.83
1337	185.55	61.8	92	0.71
1338	179.9	103.15	92	0.54
1339	131.7	22.74	92	1.76
1340	105.19	175.07	92	1.01
1341	117.24	105.98	95	1.21
1342	70.37	118.71	91	1.01
Period: 92
Tasks:5
id	x	y	end	c
467	123.05	135.7	93	42.49
468	158.22	6.84	94	109.86
469	45.8	91.99	95	54.79
470	22.2	119.13	94	80.12
471	155.35	124.7	93	60.61
Drivers: 18
id	x	y	end	sensitivity
1343	88.46	196.6	93	1.78
1344	138.2	20.22	93	1.37
1345	173.44	149.62	96	1.76
1346	99.66	55.6	97	1.21
1347	111.98	100.24	95	1.07
1348	137.34	114.75	96	1.4
1349	83.85	76.43	96	0.67
1350	109.71	71.22	93	1.4
1351	116.24	46.23	93	1.4
1352	84.91	51.63	93	1.77
1353	181.83	177.8	94	1.06
1354	16.9	70.97	95	1.58
1355	106.97	147.56	92	1.85
1356	0.77	125.29	95	0.76
1357	129.21	101.71	95	0.74
1358	120.6	13.78	94	1.86
1359	30.51	55.49	92	1.04
1360	90.02	141.02	94	1.07
Period: 93
Tasks:9
id	x	y	end	c
472	21.21	48.18	94	94.3
473	60.02	154.56	95	67.64
474	145.8	18.46	96	93.52
475	167.69	129.19	93	73.72
476	177.3	134.55	93	84.67
477	152.95	53.55	94	70.44
478	29.5	132.13	96	77.48
479	22.91	123.54	96	80.6
480	54.59	95.91	93	45.59
Drivers: 23
id	x	y	end	sensitivity
1361	145.96	112.42	95	1.48
1362	159.48	131.51	94	0.92
1363	39.18	59.88	98	0.64
1364	164.21	88.55	95	1.05
1365	35.32	32.83	96	1.49
1366	126.98	178.15	94	1.21
1367	36.92	80.87	93	1.42
1368	196.9	194.8	94	2
1369	28.7	186.32	94	1.92
1370	159.58	41.16	96	0.94
1371	166.68	34.21	94	1.92
1372	3.7	62.97	93	1.09
1373	99.51	58.6	94	1.54
1374	36.08	44.66	94	0.92
1375	132.69	84.88	93	1.8
1376	48.73	60.2	93	1.75
1377	180.75	42.32	94	1.1
1378	159.46	96.3	95	1.5
1379	2.85	33.06	95	1.96
1380	112	101.57	94	1.05
1381	54.67	193.26	96	1.08
1382	198.02	71.1	94	1.06
1383	177.84	195.85	94	1.75
Period: 94
Tasks:4
id	x	y	end	c
481	55.8	25.44	94	86.68
482	70.93	117.99	95	34.19
483	117.25	110.73	94	20.31
484	107.04	199.63	97	99.88
Drivers: 17
id	x	y	end	sensitivity
1384	86.43	57.98	96	1.86
1385	84.75	68.17	94	0.59
1386	23.38	52.34	96	1.27
1387	163.85	41.58	96	0.53
1388	38	181.48	96	1.22
1389	109.27	83.11	97	1.48
1390	98.16	58.78	94	1.92
1391	95.89	15.69	97	1.23
1392	99.14	110.55	95	1.22
1393	54.39	194.63	97	1.57
1394	158.14	27.87	94	0.75
1395	189.12	170.17	95	0.93
1396	21.1	18.53	94	1.95
1397	90.17	136.5	94	0.53
1398	153.27	170.56	98	1.24
1399	22.85	179.36	96	0.62
1400	9.09	73.73	96	1.17
Period: 95
Tasks:3
id	x	y	end	c
485	108.27	124.1	95	25.48
486	194.18	94.57	95	94.34
487	141.99	106.1	96	42.43
Drivers: 20
id	x	y	end	sensitivity
1401	138.11	186.03	97	1.77
1402	129.47	54.48	95	1.04
1403	138.89	36.93	96	1.88
1404	164.86	34.09	98	1.67
1405	181.17	197.83	96	0.77
1406	132.34	53.41	96	1.71
1407	3.62	118.76	96	1.71
1408	83.19	23.05	97	1.22
1409	168.11	8.7	97	0.72
1410	10.56	1.66	96	1.43
1411	199.35	139.38	98	1.08
1412	64.8	124.07	96	1.1
1413	143.3	100.02	98	1.89
1414	194.08	47.53	96	1.89
1415	51.02	196.72	95	1.3
1416	32.75	93.57	96	1.2
1417	97.29	35.83	97	0.84
1418	72.13	8.2	96	1.64
1419	176.04	14.4	98	1.3
1420	67.8	12.11	96	0.77
Period: 96
Tasks:2
id	x	y	end	c
488	177.77	4.37	98	123.26
489	36.24	29.08	96	95.37
Drivers: 25
id	x	y	end	sensitivity
1421	111.97	76.83	99	1.69
1422	190.95	138.26	99	0.86
1423	148.69	171.93	98	1.06
1424	57.21	71.03	96	1.55
1425	138.12	195.44	97	1.68
1426	112.77	116.49	97	1.6
1427	87.82	156.53	97	1.59
1428	58.99	50.75	97	1.29
1429	115.11	133.09	104	1.76
1430	168.1	146.46	97	1.31
1431	57.51	41.46	97	1.87
1432	72.89	155.58	99	1.03
1433	191.44	140.23	98	0.63
1434	65.97	122.7	100	1.36
1435	101.28	137.85	99	1.24
1436	116.94	32.88	98	0.88
1437	20.08	127.47	98	1.44
1438	136.55	170.12	101	0.83
1439	154.18	50.79	97	0.55
1440	69.65	153.09	97	0.69
1441	54.43	148.04	96	0.85
1442	71.93	167.3	99	0.61
1443	61.74	30.65	97	1.49
1444	165.38	24.78	98	1.41
1445	40.35	139.11	99	1.38
Period: 97
Tasks:0
id	x	y	end	c
Drivers: 12
id	x	y	end	sensitivity
1446	73.58	165.64	98	1.67
1447	190.1	13.41	99	0.64
1448	24.45	127.78	98	1.58
1449	111.33	7.39	97	1.45
1450	167.92	44.39	97	0.96
1451	198.5	84.17	101	0.97
1452	166.49	79.08	97	0.55
1453	34.94	20.32	98	1.36
1454	107.65	4.7	100	0.99
1455	33.38	28.71	102	0.64
1456	171.41	75.25	97	0.88
1457	199.29	83.24	98	1.37
Period: 98
Tasks:5
id	x	y	end	c
490	180.71	107.48	100	81.06
491	3.74	23.06	100	123.23
492	33.77	9.46	99	112.18
493	156.34	102.15	98	56.38
494	148.72	115.15	98	51.02
Drivers: 7
id	x	y	end	sensitivity
1458	177.2	149.39	99	0.64
1459	161.67	174.95	99	1.55
1460	98.55	81.79	101	0.55
1461	52.66	92.63	98	0.62
1462	173.99	42.15	100	1.49
1463	94.77	26.62	101	1.34
1464	183.46	122.84	99	0.67
Period: 99
Tasks:5
id	x	y	end	c
495	180.65	44.44	100	97.94
496	71.32	24.27	100	80.98
497	155.71	125.81	100	61.4
498	59.31	12.96	99	96.08
499	57.8	6.63	99	102.46
Drivers: 23
id	x	y	end	sensitivity
1465	124.67	52.97	101	1.33
1466	98.51	80.49	101	0.91
1467	185.22	113.96	101	1.07
1468	89.78	64.14	101	0.87
1469	59.48	80.05	99	0.71
1470	75.65	125.15	104	1.09
1471	17.75	68.41	103	0.87
1472	164.4	129.53	99	0.62
1473	188.13	6.3	100	1.17
1474	105.2	187.57	101	1.67
1475	157.98	161.63	99	0.73
1476	86.71	174.84	100	1.38
1477	21.72	69.33	99	1.32
1478	190.73	3.82	102	1.15
1479	150.42	115.37	100	1.44
1480	85.75	40.5	102	1.39
1481	81.69	25.01	101	1.47
1482	49.02	83.13	102	0.78
1483	49.01	16.31	99	0.97
1484	174.92	133.81	104	0.71
1485	178.37	2.68	102	0.86
1486	150.17	118.31	102	0.62
1487	27.87	132.16	103	1.38
Period: 100
Tasks:5
id	x	y	end	c
500	77.8	184.33	100	87.2
501	190.56	76.81	101	93.48
502	52.84	76.07	100	52.88
503	61.03	129.96	101	49.16
504	36.17	145.68	101	78.49
Drivers: 12
id	x	y	end	sensitivity
1488	83.74	69.36	102	0.66
1489	89.94	52.37	104	1.19
1490	81.39	176.92	104	0.94
1491	30.24	88.59	102	0.68
1492	178.82	182.06	102	0.98
1493	14.7	62.04	104	1.33
1494	166.82	12.94	101	0.58
1495	59.85	110.66	101	0.8
1496	150.42	34.85	101	0.89
1497	8.41	87.16	101	0.62
1498	172.58	117.76	102	1.87
1499	129.42	63.89	102	0.87
