Periods: 100
Task Arrival Rate: 5
Task Average Time: 1
Driver Arrival Rate: 15
Driver Average Time: 1
Period: 1
Tasks:4
id	x	y	end	c
1	1.29	180.61	2	127.44
2	165.65	44.58	1	85.91
3	82.44	30.64	5	71.55
4	60.67	179.08	1	88.32
Drivers: 7
id	x	y	end	sensitivity
1	54.72	120.32	1	0.87
2	91.46	188.85	3	1.83
3	145.46	133.85	4	0.65
4	123.73	41.91	1	1.75
5	64.76	20.29	4	1.73
6	135.18	185.06	3	1.91
7	93.43	47.72	3	0.78
Period: 2
Tasks:7
id	x	y	end	c
5	133.7	49.91	2	60.37
6	172.98	151.99	2	89.6
7	150.97	86.39	4	52.76
8	82.99	172.77	3	74.73
9	134.61	196.51	4	102.53
10	110.3	49.71	3	51.33
11	107.04	75.61	6	25.39
Drivers: 18
id	x	y	end	sensitivity
8	88.59	55.79	2	1.36
9	122.46	24.42	3	1.91
10	143.76	62.93	2	1.94
11	160.35	119.29	2	1.33
12	146.6	55.58	6	1
13	172.87	36.94	2	1.19
14	50	1.47	2	0.71
15	146.09	31.77	3	0.96
16	175.58	119.39	2	0.58
17	128.89	191.99	6	0.7
18	130.75	185.24	2	1.01
19	105.53	188.64	4	0.68
20	185.73	130.02	5	0.87
21	112.43	39.21	3	1.59
22	79.92	56.12	3	0.87
23	108.23	98.77	2	1.77
24	152.65	161.06	3	0.92
25	122.43	150.69	3	1.78
Period: 3
Tasks:7
id	x	y	end	c
12	10.38	42.62	3	106.42
13	0.55	158.72	5	115.49
14	2.66	13.54	6	130.19
15	2.15	45.03	5	112.23
16	177.49	64.33	5	85.31
17	126.66	55.05	4	52.26
18	167.28	13.16	4	109.85
Drivers: 12
id	x	y	end	sensitivity
26	73.21	11.34	4	2
27	106.9	97.6	3	0.81
28	67.23	5.68	6	0.63
29	125.46	75.56	3	1.85
30	80	85.3	4	1.64
31	99.83	33.63	4	1.48
32	157.09	15.95	7	1.13
33	129.03	42.48	4	1.58
34	139.02	72.26	5	0.66
35	79.92	59.01	3	0.92
36	155.01	137.81	4	0.57
37	161.88	41.11	4	1.36
Period: 4
Tasks:3
id	x	y	end	c
19	174.31	111.6	5	75.21
20	46.3	99.65	6	53.7
21	140.54	160.07	5	72.47
Drivers: 9
id	x	y	end	sensitivity
38	163.22	183.48	4	0.71
39	178.76	53.56	7	1.92
40	197.59	41.86	4	0.63
41	81.26	153.03	4	0.64
42	108.34	117.86	5	1.83
43	113.74	127.6	5	0.7
44	98.32	1.9	4	1.16
45	129.05	135.58	5	0.93
46	117.38	189.21	5	1.66
Period: 5
Tasks:5
id	x	y	end	c
22	127.08	86.59	8	30.22
23	52.09	163.14	6	79.26
24	173.54	167.78	6	100.01
25	111.02	112.68	5	16.8
26	199.11	84.72	7	100.28
Drivers: 12
id	x	y	end	sensitivity
47	25.46	134.43	5	0.58
48	53.64	171.16	5	0.82
49	32.25	164.32	5	0.82
50	51.06	23.14	5	1.22
51	53.7	109.91	5	0.71
52	86.36	7.45	6	1.53
53	121.78	5.8	5	1.69
54	190.99	16.45	5	1.29
55	90.23	108.25	7	1.97
56	70	115.03	6	1.64
57	111.76	157.94	5	1.68
58	157.68	169.23	6	0.63
Period: 6
Tasks:9
id	x	y	end	c
27	72.91	29.87	7	75.18
28	178.84	48.78	6	94.02
29	189.96	36.5	6	110.11
30	7.07	169.02	8	115.76
31	157.79	198.7	6	114.37
32	180.23	82.98	7	82.02
33	186.94	165.43	7	108.81
34	62.48	54.33	6	59.11
35	112.95	38.12	7	63.22
Drivers: 12
id	x	y	end	sensitivity
59	95.68	138.28	6	1.36
60	177.84	164.48	8	0.66
61	16.31	145.02	6	1.92
62	43.62	50.49	7	1.99
63	20.51	153.39	6	1.34
64	161.86	150.84	8	0.76
65	54.43	197.48	6	1.92
66	28.81	96.68	7	1.7
67	130.1	159.24	8	1.73
68	107.57	35.05	7	0.76
69	40.84	159.02	8	1.84
70	38.3	134.56	6	1.12
Period: 7
Tasks:5
id	x	y	end	c
36	8.31	197.04	7	133.51
37	56.54	80.04	8	47.82
38	2.94	114.1	8	98.08
39	94.88	103.18	9	6.03
40	194.88	2.1	8	136.33
Drivers: 16
id	x	y	end	sensitivity
71	70.26	70.16	9	1.47
72	22.51	27.64	7	1.73
73	147.73	62.76	8	1.19
74	117.76	40.99	9	1.33
75	161.12	120.63	9	1.3
76	8.41	87.41	9	1.5
77	39.41	69.79	8	1.65
78	118.13	84.75	7	1.17
79	62.8	152.01	7	1.26
80	186	152.61	8	0.65
81	124.11	85.87	8	0.95
82	97.72	66.69	8	0.85
83	190.27	45.43	7	0.66
84	88.43	103.21	9	1.57
85	21.16	177.68	8	1.08
86	22.88	170.94	8	1.26
Period: 8
Tasks:4
id	x	y	end	c
41	34.84	58.53	10	77.24
42	108.15	157.59	8	58.16
43	101.99	107.19	8	7.46
44	47.32	63.68	8	63.99
Drivers: 12
id	x	y	end	sensitivity
87	153.01	119.83	8	1.93
88	8.63	82.32	9	0.55
89	162.84	103.79	10	1.98
90	131.47	141.28	9	2
91	162.44	6.67	9	1.55
92	65.51	166.61	9	1.93
93	73.65	9.25	9	0.55
94	13.38	141.38	9	1.14
95	137.25	22.64	8	1.4
96	119.68	40.75	10	1.95
97	132.69	114	11	0.66
98	41.51	193.93	10	1.24
Period: 9
Tasks:9
id	x	y	end	c
45	20.35	62.75	10	87.93
46	139.16	19.97	9	89.1
47	17.13	99.39	10	82.87
48	18.83	44.33	10	98.43
49	59.62	158.71	11	71.26
50	64.81	139.23	9	52.7
51	16.26	135.3	10	90.88
52	66.89	125.44	10	41.75
53	123.85	3.92	11	99
Drivers: 17
id	x	y	end	sensitivity
99	7.06	38.26	9	0.73
100	108.54	78.95	10	0.51
101	91.05	58.74	9	0.56
102	196.69	160.07	9	0.59
103	148.58	53.74	10	0.84
104	111.89	37.9	9	0.99
105	28.11	13.37	10	1.01
106	180.59	14.94	9	1.45
107	27.38	137.03	10	1.44
108	19.72	137.94	11	1.68
109	7.18	22.45	9	1.21
110	189.56	90.85	11	1.23
111	145.27	191.97	10	1.04
112	148.03	136.67	10	1.01
113	100.18	69.6	12	1.02
114	150.46	2.89	11	1.59
115	34.85	109.37	9	1.93
Period: 10
Tasks:7
id	x	y	end	c
54	45.52	54.13	12	71.22
55	142.9	182.78	12	93.24
56	63.18	65.59	10	50.4
57	178.88	4.03	13	124.23
58	158.25	32.2	10	89.39
59	133.26	78.15	11	39.8
60	38.26	108.79	12	62.36
Drivers: 13
id	x	y	end	sensitivity
116	6.89	3.8	14	0.76
117	109.03	76.22	11	0.82
118	177.02	161.47	10	1.13
119	140.63	32.08	10	1.09
120	37.06	57.36	13	1.82
121	198.97	138.93	10	1.11
122	117.95	161.21	12	1.83
123	154.92	177.94	10	1.27
124	39.64	35.93	10	1.56
125	120.23	165.09	13	1.49
126	19.47	105.02	10	1.41
127	56.69	24.55	10	0.89
128	134.04	141.35	12	1.1
Period: 11
Tasks:4
id	x	y	end	c
61	92.4	67.27	12	33.6
62	78.73	186.92	14	89.48
63	23.87	115.98	12	77.79
64	194.94	130.36	11	99.68
Drivers: 11
id	x	y	end	sensitivity
129	99.98	7.9	14	1.94
130	175.73	20.19	13	1.49
131	26.42	55.63	15	0.99
132	128.39	164.54	12	1.8
133	130.69	59.93	12	0.8
134	71.68	149.87	12	1.68
135	80.8	181.13	11	0.96
136	36.04	64.02	13	0.76
137	183.3	182.85	12	1.51
138	194.84	157.17	13	1.65
139	61.73	92.99	13	1.55
Period: 12
Tasks:3
id	x	y	end	c
65	63.75	68.54	14	48
66	174.11	142.56	12	85.46
67	185.25	81.65	13	87.2
Drivers: 22
id	x	y	end	sensitivity
140	173.83	192.39	13	0.68
141	164.44	131.54	14	1.54
142	90.15	56.59	12	1.65
143	4.5	119.66	12	1.65
144	196.56	98.35	13	1.35
145	61.16	151.56	13	1.1
146	198.21	122.45	13	0.53
147	77.86	186.1	13	0.53
148	50.14	197.32	12	1.44
149	40.57	15.64	12	1.38
150	148.05	8.3	12	1.09
151	64.41	170.93	14	1.08
152	79.52	128.69	13	0.85
153	174.55	171.39	12	1.88
154	197.63	125.39	14	1.94
155	185.23	53.89	14	1.88
156	140.9	197.59	13	1.52
157	92.2	117.06	12	0.58
158	44.86	36.88	12	0.74
159	157.01	39.01	13	1.88
160	160.06	60.08	15	0.58
161	62.07	21.72	15	1.12
Period: 13
Tasks:4
id	x	y	end	c
68	5.24	171.28	15	118.58
69	115.11	22.78	13	78.68
70	45.62	185.46	15	101.29
71	95.77	185.23	15	85.33
Drivers: 16
id	x	y	end	sensitivity
162	104.45	85.37	14	1.4
163	98.77	199.74	14	0.57
164	95.4	25.46	13	1.11
165	86.4	141.79	15	1.61
166	196.51	11.73	14	0.79
167	124.07	90.43	17	0.55
168	12.9	99.14	14	1.4
169	119.01	35.51	15	0.53
170	8.76	150.85	13	0.96
171	43.61	127.19	13	1.23
172	197.34	103.88	13	2
173	1.28	185.03	15	0.77
174	198.44	179.33	15	0.98
175	18.77	47.17	13	0.82
176	5.55	60.28	13	1.88
177	4.34	122.24	13	0.85
Period: 14
Tasks:7
id	x	y	end	c
72	34.92	105.88	14	65.35
73	27.24	71.54	16	78.13
74	177.76	75.55	14	81.51
75	148.46	41.36	14	76.07
76	92.32	3.27	14	97.03
77	93.75	84.42	15	16.79
78	78.97	20.71	15	82.03
Drivers: 11
id	x	y	end	sensitivity
178	178.23	4.36	14	1.58
179	130.41	91.7	15	2
180	82.91	134.31	16	1.95
181	122.25	134.4	15	1.62
182	142.44	88.72	14	0.96
183	21.78	25.47	15	0.85
184	16.58	111.51	15	1.86
185	58.06	15.3	15	0.89
186	59.96	135.2	15	1.15
187	98.49	184.83	17	1.86
188	170.35	127.24	15	1.39
Period: 15
Tasks:4
id	x	y	end	c
79	141.69	11.64	16	97.7
80	93.73	135	15	35.56
81	72.04	144.26	15	52.35
82	100.57	180.06	16	80.06
Drivers: 20
id	x	y	end	sensitivity
189	153.7	13.68	18	0.69
190	44.96	79.4	15	0.77
191	143.51	20.06	16	1.09
192	132.56	8.54	15	1.55
193	151.54	34.5	16	1.08
194	147.99	172.25	16	0.75
195	39.46	65.62	17	1.33
196	51.26	71.69	17	1.31
197	179.98	3.91	18	0.73
198	196.2	47.23	17	1.52
199	23.38	160.16	15	1.23
200	6.76	132.67	15	0.84
201	74.12	48.73	16	1.28
202	172.94	49.86	15	1.24
203	147.27	145.7	15	1.16
204	148.67	48.53	17	1.51
205	188.29	52.83	17	1.48
206	154.01	50.9	15	0.95
207	103.81	128.73	15	1.95
208	59.18	65.23	15	1.23
Period: 16
Tasks:4
id	x	y	end	c
83	9.31	124.67	19	93.99
84	164.92	119.32	16	67.73
85	90.45	157.85	18	58.63
86	141.46	182.57	16	92.39
Drivers: 18
id	x	y	end	sensitivity
209	41.92	56.81	16	1.57
210	144.92	81.4	17	1.87
211	145.7	195.53	16	0.7
212	44.73	193.84	17	1.17
213	186.05	189.11	20	1.68
214	130.36	190.13	16	0.53
215	37.92	142.04	16	1.35
216	135.2	31.62	16	1.89
217	128.92	11.36	16	1.15
218	120.92	118.15	19	1.55
219	193.5	6.71	17	1.26
220	92.95	147.92	16	1.68
221	150.99	130.89	16	1
222	159.91	187	19	1.54
223	18.22	118.84	17	1.86
224	69.66	95.36	17	0.77
225	158.93	69.32	18	1.68
226	7.6	0.54	16	0.93
Period: 17
Tasks:7
id	x	y	end	c
87	22.15	141.4	19	88.17
88	61.5	124.94	19	45.87
89	46.27	148.78	19	72.57
90	2.03	158.57	17	114.14
91	181.79	97.46	19	81.83
92	30.58	192.6	18	115.73
93	122.45	146.5	18	51.64
Drivers: 18
id	x	y	end	sensitivity
227	171.27	114.14	17	1.22
228	43.5	10.43	17	0.56
229	136.48	18.01	18	1.39
230	20.5	35.36	17	1.87
231	65.59	100.8	17	0.78
232	3.44	94.86	20	1.16
233	37.18	160.52	17	0.64
234	39.24	93.08	17	0.56
235	50.66	86.95	17	1.52
236	188.58	128.94	18	1.45
237	4.18	150.1	17	1.66
238	57.59	82.95	21	1.52
239	103.46	149.8	18	0.9
240	33.36	45.31	19	0.81
241	164.22	83.48	17	0.95
242	34.12	173.17	17	1.85
243	105.03	60.73	18	1.33
244	120.34	174.08	20	1.56
Period: 18
Tasks:8
id	x	y	end	c
94	6.63	14.21	18	126.8
95	173	146.42	19	86.51
96	103.92	95.51	20	5.96
97	123.67	70.07	20	38.16
98	120.85	101.46	22	20.9
99	59.41	132.71	18	52.13
100	52.05	77.8	20	52.84
101	102.25	148.81	19	48.86
Drivers: 11
id	x	y	end	sensitivity
245	139.1	97.59	18	1.95
246	88.07	1.94	20	1.21
247	177.12	189.01	20	1.17
248	125.51	136.02	20	1.81
249	34.49	146.06	21	0.59
250	131.07	83.52	18	1.02
251	188.88	113.33	20	1.32
252	173.39	186.1	19	1.34
253	75.31	184.29	21	0.93
254	187.4	49.12	20	1.69
255	197.41	132.21	19	1.61
Period: 19
Tasks:7
id	x	y	end	c
102	107.24	182.83	21	83.15
103	2.24	91	22	98.17
104	36.5	48.13	20	81.99
105	48.6	66.94	19	61.11
106	187.37	117.23	21	89.05
107	173.08	9.08	20	116.65
108	122.63	148.82	21	53.81
Drivers: 13
id	x	y	end	sensitivity
256	36.12	177.99	19	1.39
257	45.71	141.13	19	0.82
258	106.31	50.79	19	0.56
259	110.82	13.98	19	1.15
260	110.55	99.55	20	0.81
261	46.83	109.55	19	0.79
262	195.69	37.62	19	0.63
263	23.51	155.8	19	1.67
264	143.22	7.13	20	0.57
265	163.68	168.49	20	0.64
266	106.42	193.54	19	0.86
267	157.82	149.57	21	0.96
268	139.03	175.31	19	2
Period: 20
Tasks:5
id	x	y	end	c
109	19	160.49	21	101.09
110	78.92	89.19	21	23.69
111	149.27	118.65	22	52.68
112	128.38	119.11	20	34.21
113	75.48	160.13	20	64.94
Drivers: 14
id	x	y	end	sensitivity
269	112.71	73.21	21	0.86
270	103.42	194.77	23	1.26
271	178.66	173.14	23	0.64
272	4.12	50.93	22	0.52
273	36.58	172.86	20	1.37
274	21.11	125.13	21	1.86
275	67.04	62.47	21	1.99
276	67.24	108.77	22	1.45
277	59.03	180.03	21	0.78
278	112.14	75.72	21	1.96
279	143.67	5.67	22	1.92
280	42.07	161.13	20	1.12
281	171.91	85.78	20	1.66
282	196.81	137.41	22	1.83
Period: 21
Tasks:8
id	x	y	end	c
114	40.6	156.39	22	81.9
115	37.11	50.22	22	80.21
116	110.91	103.31	22	11.4
117	192.19	184.28	22	124.91
118	49.22	84.94	22	52.97
119	97.01	58.58	21	41.53
120	32.63	177.51	23	102.7
121	176.34	106.83	22	76.64
Drivers: 21
id	x	y	end	sensitivity
283	148.43	17.93	22	0.64
284	120.97	106.63	23	1.43
285	9.39	2.83	21	1.13
286	0.29	14.98	22	1.23
287	147.55	195.08	22	1.34
288	170.26	54.41	22	0.73
289	53.45	79.39	21	1.26
290	88.92	72.19	21	1.67
291	133.25	89.33	25	1.11
292	75.36	51.13	22	1.05
293	138.32	171.11	21	1.18
294	55.88	6.79	23	1.31
295	75.44	137.38	22	0.63
296	178.12	199.21	22	1.37
297	112.75	59.43	23	0.6
298	35.14	18.78	21	1.3
299	129.39	128.4	21	1.93
300	31.94	94.28	22	0.87
301	145.7	152.39	22	1.81
302	194.2	108.55	22	1.1
303	195.86	159.09	21	0.61
Period: 22
Tasks:8
id	x	y	end	c
122	111.99	69.54	22	32.73
123	139.81	88.9	24	41.33
124	88.21	6.51	24	94.23
125	187.63	47.63	23	102.09
126	190.61	38.5	23	109.51
127	111.18	190.45	23	91.14
128	97.83	140.47	23	40.53
129	111.72	23.67	22	77.22
Drivers: 9
id	x	y	end	sensitivity
304	67.2	64.4	23	0.82
305	161.09	94.54	23	1.54
306	60.53	51.59	22	1.75
307	86.02	51.08	22	1.39
308	32.99	3.38	22	1.4
309	146.28	1.36	23	0.96
310	110.3	109.04	22	0.62
311	92.47	177.41	22	1.54
312	33.28	23.1	24	1.84
Period: 23
Tasks:4
id	x	y	end	c
130	190.62	26.79	24	116.5
131	76.23	137.38	23	44.3
132	77.49	188.17	25	91
133	29.06	93.57	24	71.23
Drivers: 13
id	x	y	end	sensitivity
313	108.67	6.27	23	1.08
314	101.75	154.03	25	0.66
315	140.67	70.43	27	1.13
316	2.72	139.86	23	1.66
317	175.24	84.71	23	0.76
318	132.55	82.89	23	0.9
319	75.7	28.9	23	0.89
320	74.1	59.85	24	0.79
321	90.9	30.98	23	0.54
322	26.52	17.4	26	1.46
323	8.69	50.16	23	1.4
324	182.19	19.49	24	0.94
325	98.16	121.19	25	1.93
Period: 24
Tasks:0
id	x	y	end	c
Drivers: 14
id	x	y	end	sensitivity
326	168.35	49.6	24	0.63
327	96.54	109.13	26	0.84
328	192.7	79.69	27	1.39
329	172.27	95.73	25	1.29
330	16.5	181.05	25	1.34
331	130.89	74.08	25	1.54
332	27.57	14.24	25	1.52
333	51.4	112.42	25	1.97
334	151.47	182.4	24	1.55
335	111.56	144.96	25	1.85
336	102.22	160.8	25	0.76
337	76.45	100.84	26	0.7
338	64.91	45.13	27	0.75
339	0.08	167.92	24	1.28
Period: 25
Tasks:5
id	x	y	end	c
134	163.17	86.4	27	64.62
135	103.23	151.66	25	51.76
136	129.24	154.36	26	61.73
137	5.96	74.41	27	97.46
138	6.46	10.31	25	129.59
Drivers: 19
id	x	y	end	sensitivity
340	151.15	105.54	26	1.26
341	104.37	124.23	27	1.27
342	135.54	69.39	25	1.53
343	37.37	57.88	25	0.64
344	51.37	26.17	26	0.89
345	178.29	38.36	26	0.92
346	155.68	44.28	25	0.92
347	139.86	43.29	26	0.83
348	27.68	160.23	27	0.65
349	181.36	171.54	25	1.35
350	6.9	124	27	0.66
351	198.77	59.64	27	1.47
352	177.89	154.91	25	1.63
353	198.7	6.36	26	0.89
354	181.6	191.6	28	1.16
355	121.23	47.19	26	0.96
356	8.87	55.23	26	0.69
357	154.6	3.49	27	1.98
358	182.57	13.98	25	1.37
Period: 26
Tasks:7
id	x	y	end	c
139	144.94	84	28	47.7
140	59.64	66.93	27	52.18
141	48.42	143.66	27	67.58
142	68.66	196.37	26	101.34
143	19.96	5.35	28	123.96
144	94.44	84.01	27	16.93
145	122.39	38.31	27	65.63
Drivers: 19
id	x	y	end	sensitivity
359	141.12	178.32	28	0.98
360	28.92	1.68	27	0.57
361	96.62	47.81	26	1.74
362	31.17	41	26	1.47
363	61.91	171.01	29	1.07
364	187.76	3.57	26	1.98
365	123.34	43.18	27	0.75
366	102.78	51.85	31	0.51
367	171.85	38.92	27	1.42
368	134.04	23.66	27	0.93
369	51.4	89.89	26	0.85
370	33.13	179.74	27	1.92
371	146.72	154.95	26	1.41
372	20.43	166.39	26	0.78
373	155.89	25.73	28	1.57
374	183.14	195.41	26	0.95
375	32.79	136.85	27	1.04
376	192.03	199.99	32	1.2
377	37.61	79.19	26	1.35
Period: 27
Tasks:4
id	x	y	end	c
146	110.41	9.48	27	91.12
147	9.58	91.78	28	90.79
148	174.57	24.16	27	106.36
149	31.79	105.65	28	68.44
Drivers: 20
id	x	y	end	sensitivity
378	122.27	81.83	28	1.6
379	60.19	101.08	28	0.91
380	168.08	58.99	27	1.09
381	122.76	140.63	28	0.75
382	48.17	67.7	27	1
383	85.21	108.23	27	1.26
384	62.15	97.34	28	1.24
385	122.22	127.28	28	1.38
386	21.5	16.13	27	1.25
387	185.02	8.51	29	1.56
388	111.9	145.45	28	0.66
389	189.84	167.56	29	0.76
390	136.31	195.04	27	0.67
391	62.36	140.99	27	0.65
392	171.58	158.68	27	1.74
393	21.78	12.53	27	1.62
394	37.25	66.89	27	1.29
395	37.31	83.53	28	1.37
396	10.29	127.91	29	1.21
397	157.63	128.73	28	1.61
Period: 28
Tasks:1
id	x	y	end	c
150	160.32	123.19	28	64.62
Drivers: 23
id	x	y	end	sensitivity
398	195.48	38.9	29	1.28
399	148.57	116.08	28	1.78
400	111.31	115.3	29	1.12
401	116.74	160.88	29	0.89
402	107.21	32.13	28	1.21
403	12.2	0.01	30	1.19
404	88.49	18.97	30	1.19
405	23.01	131.26	29	1.41
406	111.56	169.75	29	0.7
407	33.69	109.44	31	1.73
408	180.85	189.05	29	0.82
409	162.71	67.01	29	1.11
410	2.43	136.14	28	0.87
411	9.51	101.68	29	1.49
412	68.7	177.71	28	1.64
413	5.63	54.74	29	1.52
414	20.29	43.18	30	1.72
415	133.17	144.29	29	1.63
416	188.63	117.32	32	0.94
417	79.1	186.12	29	0.79
418	76.37	5.79	30	1.23
419	109.79	11.64	28	0.92
420	14.27	164.15	29	1.95
Period: 29
Tasks:3
id	x	y	end	c
151	80.08	143.41	29	47.76
152	184.49	76.59	30	87.67
153	125.53	172.7	29	77.05
Drivers: 11
id	x	y	end	sensitivity
421	144.77	132.26	29	1.02
422	62.49	129.33	29	0.98
423	92.2	67.44	29	1.41
424	15.33	153.19	30	1.68
425	79.11	59.06	31	1.99
426	22.28	178.32	30	1.84
427	88.3	99.71	29	1.8
428	156.39	7.62	29	1.66
429	15.4	38.45	29	1.05
430	129.47	122.79	30	1.65
431	64.08	23.98	30	0.9
Period: 30
Tasks:6
id	x	y	end	c
154	180.96	89.91	30	81.59
155	39.78	160.44	30	85.32
156	142.29	182.32	31	92.55
157	17.97	26.06	31	110.44
158	125.82	5.25	32	98.21
159	138.08	76.51	30	44.74
Drivers: 9
id	x	y	end	sensitivity
432	124.81	89.41	30	0.89
433	95.22	194.26	32	0.7
434	45.31	144.35	31	1.64
435	184.56	123.8	30	1.92
436	60.43	111.62	32	1.3
437	86.39	34.44	30	0.67
438	130.76	90.28	31	1.09
439	0.38	84.46	31	0.88
440	62.25	190.87	34	0.75
Period: 31
Tasks:4
id	x	y	end	c
160	14.58	9.88	33	124.17
161	101.28	175.55	31	75.56
162	104.02	110.48	31	11.22
163	83.1	44.75	32	57.78
Drivers: 19
id	x	y	end	sensitivity
441	64.8	7.07	31	0.93
442	115.91	51.11	32	0.51
443	104.05	154.74	32	1.86
444	185.19	76.22	32	1.72
445	130.67	2.89	31	1.81
446	77.18	156.73	31	1.8
447	67.79	147.97	31	0.74
448	153.37	160.84	32	0.9
449	111.51	115.52	31	1.77
450	112.79	82.93	32	1.83
451	160.65	173.98	31	1.6
452	50.7	136.19	31	1.11
453	189.01	23.74	31	1.1
454	128.81	177.3	32	1.63
455	23.7	67.91	32	1.92
456	179.44	139.47	32	1.39
457	53.38	91.83	32	1.87
458	142.48	9.64	33	0.89
459	17.01	125.64	31	1.24
Period: 32
Tasks:6
id	x	y	end	c
164	194.63	27.89	33	118.97
165	102.36	88.58	33	11.66
166	51.21	28.64	32	86.44
167	144.25	150.26	32	66.96
168	60.51	190.03	33	98.31
169	3.81	171.78	34	120.02
Drivers: 21
id	x	y	end	sensitivity
460	51.81	66.1	33	1.21
461	74.8	17.37	33	0.86
462	126.45	191.6	33	1.38
463	65.34	97.05	32	0.56
464	152.98	85.12	33	0.76
465	92.03	57.23	34	0.57
466	175.19	192.97	34	1.56
467	105.05	149.89	32	1.87
468	4.08	25.31	32	1.53
469	13.72	149.5	33	1.22
470	86.65	190.84	35	1.24
471	123.52	110.21	34	0.81
472	102.12	59.48	32	1.36
473	81.32	132.91	34	1.04
474	183.3	127.86	34	1.62
475	165.71	124.16	33	1.69
476	40.26	114.79	34	1.85
477	151.89	23.83	33	1.27
478	120	35.16	32	1.68
479	48.02	54.98	32	0.55
480	4.38	100.18	33	0.67
Period: 33
Tasks:4
id	x	y	end	c
170	150.27	147.51	33	69.17
171	151.42	135.58	34	62.53
172	33.72	198.14	34	118.43
173	9.69	84.01	34	91.71
Drivers: 18
id	x	y	end	sensitivity
481	69.81	70.99	34	1.38
482	36.75	112	34	0.79
483	155.55	187.48	33	0.72
484	99.57	113.38	34	0.67
485	126.89	68.39	33	1.67
486	94.4	129.54	35	1.79
487	187.06	174.64	34	1.42
488	15.82	144.85	33	1.95
489	193	144.69	33	1.13
490	192.39	141.18	34	1.58
491	77.39	103.07	34	0.62
492	129.19	100.96	36	1.72
493	125.1	64.02	33	0.7
494	115.92	79.16	34	1.69
495	33.12	23.68	36	0.72
496	141.5	99.03	33	0.52
497	81.59	63.31	34	1.5
498	114.09	16.4	33	1.42
Period: 34
Tasks:6
id	x	y	end	c
174	137.13	52.1	34	60.61
175	121.45	108.01	37	22.9
176	169.79	66.64	36	77.35
177	61.33	153.36	35	65.9
178	121.89	137.36	34	43.3
179	197.43	194.19	34	135.52
Drivers: 12
id	x	y	end	sensitivity
499	87.02	181.67	34	1.28
500	190.44	151.1	34	1.39
501	45.73	89.17	34	1.48
502	80.84	47.12	35	1.72
503	192.73	67.23	35	0.84
504	120.22	67.03	35	1.25
505	26.24	71.9	34	0.66
506	184.02	94.17	36	1.82
507	138.85	82.58	36	1.03
508	113.62	35.34	35	1.21
509	22.28	120.52	37	0.65
510	14.62	106.72	34	1.11
Period: 35
Tasks:6
id	x	y	end	c
180	164.27	129.32	36	70.64
181	80.32	23.67	36	78.83
182	48.22	26.97	35	89.52
183	59.83	143.44	35	59.17
184	141.63	46.77	38	67.58
185	12.51	164.66	36	108.79
Drivers: 18
id	x	y	end	sensitivity
511	23.42	126.82	38	2
512	152.27	27.57	35	1.64
513	75.56	20.19	35	1.72
514	69.63	40.88	37	1.94
515	155.88	3.26	35	1.38
516	14.84	32.75	35	1.13
517	175.35	136.82	36	1.71
518	101.9	97.82	35	0.8
519	197.85	44.6	37	1.69
520	150.15	71.74	36	0.54
521	169.56	6.15	36	1.28
522	64.12	174.67	35	0.76
523	169.32	69.82	35	1.54
524	177.01	38.86	35	0.73
525	35.28	60.91	38	0.53
526	29.25	157.8	35	1.71
527	129.8	59.45	36	1.83
528	163.86	193.82	37	1.28
Period: 36
Tasks:4
id	x	y	end	c
186	142.58	65.02	38	55.11
187	34.06	4.07	36	116.41
188	194.07	108.35	38	94.44
189	148.14	144.79	37	65.75
Drivers: 16
id	x	y	end	sensitivity
529	162.23	111.76	37	0.7
530	146.19	1.09	39	1.74
531	41.74	55.77	38	1.15
532	132.38	101.25	36	1.71
533	66.98	115.16	37	1.53
534	23.7	166.6	38	0.72
535	170.8	196.29	37	1.67
536	66.82	191.11	37	1.17
537	189.3	130.01	36	0.75
538	32.89	74.55	37	1
539	176.77	91.57	37	1.65
540	71.89	20.5	38	1.6
541	154.62	156.26	36	1.63
542	62.13	80	37	1.5
543	114.66	13.91	38	0.84
544	123.35	52.8	37	1.16
Period: 37
Tasks:4
id	x	y	end	c
190	90.43	111.29	38	14.8
191	19.04	15.16	37	117.27
192	104.16	199.96	38	100.05
193	68.54	13.14	39	92.38
Drivers: 12
id	x	y	end	sensitivity
545	20.12	151.77	37	1.85
546	135.02	30.2	39	1.84
547	155.66	90.74	38	1.26
548	134.9	63.9	38	1.25
549	78.15	162.55	37	1.08
550	68.48	73.08	38	0.88
551	18.4	137.38	37	1.87
552	196.71	45.44	39	1.36
553	36.36	21.23	38	1.85
554	36.94	1.01	39	0.68
555	127.63	166.65	37	1.55
556	53.29	43	40	1.66
Period: 38
Tasks:7
id	x	y	end	c
194	102.7	154.84	40	54.91
195	139.47	75.53	39	46.44
196	44.2	3.38	42	111.58
197	194.61	187.63	38	128.96
198	107.98	178.97	40	79.37
199	128.18	156.78	39	63.39
200	131.64	122.73	39	38.96
Drivers: 12
id	x	y	end	sensitivity
557	141.69	139.98	38	0.62
558	179.35	30.32	38	0.98
559	189.71	52.58	39	1.71
560	173.26	71.77	39	0.57
561	187.99	89.63	38	1.03
562	76.07	96.64	38	1.61
563	169.37	149.34	39	1.2
564	171.83	117.87	38	1.6
565	143.85	111.13	38	1.3
566	72.45	124.08	38	1.13
567	112.18	28.17	41	0.84
568	198.65	196.96	38	1.02
Period: 39
Tasks:2
id	x	y	end	c
201	10.51	133.81	42	95.66
202	101.68	127.22	39	27.27
Drivers: 10
id	x	y	end	sensitivity
569	96.4	3.84	43	0.91
570	69.51	26.12	39	0.54
571	181.29	43.62	40	1.88
572	100.43	80.87	39	0.85
573	186.02	15.77	41	1.5
574	135.61	150.28	42	0.56
575	14.12	39.42	40	1.57
576	120.88	92.58	39	0.67
577	128.68	81.8	40	0.69
578	193.59	85.21	40	0.84
Period: 40
Tasks:3
id	x	y	end	c
203	0.54	81.04	41	101.25
204	100.34	77.18	40	22.82
205	75.33	146.6	41	52.73
Drivers: 9
id	x	y	end	sensitivity
579	103.35	134.4	40	1.39
580	101	180.46	42	1.42
581	75.04	36.34	43	1.12
582	36.64	66.8	41	1.75
583	23.05	49.61	42	0.88
584	56.27	151.23	40	0.78
585	167.22	36.24	40	0.75
586	103.58	174.12	40	1.85
587	157.84	94.05	40	1.4
Period: 41
Tasks:5
id	x	y	end	c
206	156.41	198.2	41	113.25
207	150.34	66.81	43	60.3
208	131.37	53.42	41	56.16
209	109.15	89.26	41	14.11
210	9.74	50.75	41	102.82
Drivers: 15
id	x	y	end	sensitivity
588	67.32	15.04	42	1.79
589	193.43	23.15	41	0.51
590	74.95	32.21	42	1.86
591	37.8	82.06	43	1.59
592	86.47	193.18	41	1.21
593	44.63	132.2	42	1.13
594	95.05	135.61	43	0.58
595	8.93	92.19	43	0.95
596	111.83	69.7	43	0.71
597	63.19	72.61	41	1.79
598	122.14	190.43	44	0.68
599	188.14	88.01	41	1.69
600	175.85	174.89	41	1.61
601	183.19	32.09	41	1.65
602	124.82	79.32	41	1.82
Period: 42
Tasks:5
id	x	y	end	c
211	31.21	147.18	42	83.41
212	116.99	166.17	42	68.32
213	129.36	39.35	44	67.38
214	140.53	113.7	42	42.78
215	86.29	111.07	42	17.62
Drivers: 12
id	x	y	end	sensitivity
603	16.72	105.67	43	1.3
604	152.7	121.81	43	1.76
605	125.36	66.66	43	0.55
606	4.95	46.34	43	1.61
607	196.03	53.33	42	0.9
608	171.04	52.25	45	0.95
609	71.9	159.57	44	1.42
610	109.78	129.54	42	0.65
611	177.05	146.81	44	1.82
612	6.71	81.44	43	1.13
613	136.97	33.14	43	1.82
614	174.21	135.62	43	1.49
Period: 43
Tasks:2
id	x	y	end	c
216	90.46	187.83	43	88.35
217	76.06	51.21	43	54.35
Drivers: 7
id	x	y	end	sensitivity
615	44.18	168.95	43	1.21
616	54.47	147.76	45	0.84
617	70.27	160.57	44	1.27
618	180.86	117.95	44	1.93
619	182.03	164.18	43	1.41
620	101.43	121.04	46	1.15
621	18.05	18.04	44	1.21
Period: 44
Tasks:7
id	x	y	end	c
218	95.94	198.75	45	98.83
219	50.1	120.01	44	53.76
220	20.08	99.18	45	79.92
221	99.64	120.08	45	20.08
222	147.19	165.37	44	80.62
223	92.16	60	45	40.76
224	90.42	85.07	44	17.74
Drivers: 12
id	x	y	end	sensitivity
622	31.8	187.7	45	0.62
623	111.17	87.88	45	1.77
624	54.87	69.04	44	1.81
625	69.04	184.37	45	1.94
626	20.91	198.13	44	1.69
627	148.82	8.98	44	0.71
628	183.66	170.31	44	1.16
629	106.84	40.65	45	1.07
630	167.74	107.6	46	1.14
631	87.57	121.16	45	0.85
632	60.77	32.73	47	0.68
633	2.72	161.66	47	0.84
Period: 45
Tasks:3
id	x	y	end	c
225	115.94	39.57	46	62.5
226	66.82	14.99	46	91.26
227	51.72	63.48	46	60.54
Drivers: 7
id	x	y	end	sensitivity
634	168.53	55.3	46	1.95
635	68.77	78.82	45	0.6
636	149.92	151.81	47	0.52
637	103.38	186.35	46	1.8
638	101.08	54.9	47	1.75
639	152.44	195.83	46	1.67
640	11.03	193.65	46	1.28
Period: 46
Tasks:7
id	x	y	end	c
228	22.81	175.05	49	107.66
229	118.09	132.01	47	36.77
230	168.44	145.94	46	82.43
231	170.26	173.78	48	101.88
232	163.18	33.03	49	92.07
233	13.34	17.27	48	119.81
234	14.07	21.75	48	116.22
Drivers: 19
id	x	y	end	sensitivity
641	28.24	98.39	47	1.92
642	143.11	112.03	47	0.85
643	88.75	89.3	47	1.54
644	40.09	94.64	46	0.98
645	5.22	144.28	50	0.53
646	23.77	68.49	46	0.52
647	141.99	65.31	47	1.31
648	107.55	33.29	46	1.28
649	25.41	2.01	47	0.83
650	145.91	137.29	46	1.17
651	166.19	108.32	48	0.74
652	171.94	45.99	47	0.75
653	76.59	10.18	48	0.83
654	174.07	87.96	47	0.52
655	161.29	63.73	48	0.7
656	34.52	75.2	48	1.15
657	30.04	98.41	47	0.92
658	134.14	41.61	49	1
659	0.06	17.3	47	0.83
Period: 47
Tasks:4
id	x	y	end	c
235	34.45	132.84	49	73.32
236	46.29	129.81	48	61.43
237	63.25	9.57	47	97.61
238	105.63	116.48	47	17.42
Drivers: 25
id	x	y	end	sensitivity
660	113.04	184.89	47	0.79
661	96.1	139.24	48	1.14
662	160.14	105.32	49	0.82
663	109.88	143.08	48	0.58
664	195.21	102.49	48	1.35
665	3.62	167.41	49	0.54
666	120.2	64.36	47	1.13
667	59.64	156.18	47	1.2
668	106.59	39.36	47	0.83
669	178.34	113.93	47	1.06
670	71.52	12.99	49	0.64
671	60.88	63.2	47	1.51
672	159.26	42.44	48	1.98
673	168.12	132.74	48	1.97
674	197.99	68.52	48	1.31
675	118.75	149.22	48	0.71
676	127.73	3.82	50	1.49
677	54.68	153.7	49	2
678	11.4	23.99	48	1.09
679	121.64	189.61	48	1.28
680	198.59	142.63	48	0.66
681	196.45	75.77	48	1.91
682	50.02	96.38	48	0.92
683	48.98	199.54	47	0.55
684	31.45	123.32	49	1.1
Period: 48
Tasks:4
id	x	y	end	c
239	53.11	106.58	49	47.35
240	114.12	61.59	48	40.92
241	145.28	154.56	48	70.9
242	161.03	191.23	50	109.76
Drivers: 11
id	x	y	end	sensitivity
685	20.39	100.95	49	1.42
686	17.53	35.43	48	1.05
687	90.74	61.99	49	1.58
688	4.87	123.47	48	1.45
689	178.24	169.77	49	0.61
690	183.15	111.93	49	1.96
691	184.5	165.46	49	0.5
692	174.69	170.99	50	1.33
693	142.27	2.42	48	1.52
694	111.85	79.19	49	1.39
695	37.69	195.65	48	0.65
Period: 49
Tasks:5
id	x	y	end	c
243	159.34	99.14	49	59.35
244	156.1	126.4	50	62
245	76.15	153.97	52	59
246	190.51	15.05	50	124.13
247	71.03	122.47	51	36.66
Drivers: 12
id	x	y	end	sensitivity
696	150.03	153.99	50	0.55
697	134.41	125.09	49	1.39
698	142.4	89.47	49	1.8
699	141.47	113.1	49	1.61
700	176.67	131.43	49	0.96
701	138.04	21.41	49	0.93
702	184.01	185.56	49	1.39
703	59.72	175.99	49	1.78
704	156.44	61.17	50	1.24
705	109.35	105.06	49	1.65
706	182.75	106.96	49	0.73
707	85.08	69.17	50	1.46
Period: 50
Tasks:8
id	x	y	end	c
248	118.31	177.64	52	79.77
249	30.96	152.2	53	86.55
250	75.92	72.46	53	36.58
251	37.27	99.53	50	62.73
252	94.27	44.06	50	56.23
253	150.44	19.79	50	94.75
254	161.74	102.19	52	61.78
255	186.64	2.23	52	130.63
Drivers: 18
id	x	y	end	sensitivity
708	24.46	96.02	52	1.85
709	194.18	53.38	51	0.97
710	188.25	10.19	50	0.71
711	111.81	95.99	50	0.97
712	70.99	21.7	52	1.11
713	88.87	49.65	50	1.31
714	73.94	11.59	50	1.28
715	130.35	18.27	50	1.99
716	60.39	178.72	54	0.98
717	113.04	196.14	52	1.76
718	49.12	193.6	51	1.17
719	40.05	175.91	52	1.6
720	93.31	193.81	51	1.51
721	65.34	0.5	51	1.95
722	104.6	29.9	51	0.98
723	7.17	88.64	52	1.47
724	14.96	19.36	50	0.77
725	69.1	131.58	50	1.66
Period: 51
Tasks:7
id	x	y	end	c
256	1.06	90.98	51	99.35
257	98.15	111.41	52	11.56
258	77.03	198.47	51	101.11
259	115.66	196.04	52	97.31
260	137.74	132.54	51	49.83
261	2.96	26.67	52	121.63
262	149.54	188.59	54	101.5
Drivers: 17
id	x	y	end	sensitivity
726	97.37	33.08	53	0.5
727	140.49	76.84	51	0.84
728	76.88	11.67	52	1.37
729	8.32	67.91	53	1.18
730	159.84	23.74	52	1.08
731	177.96	138.26	54	1.21
732	199.15	154.12	51	1.46
733	160.43	142.33	52	1.67
734	103.85	73.97	51	1.09
735	0.33	32.15	53	0.76
736	185.55	29.89	52	0.65
737	180.68	83.8	54	1
738	45.39	96.95	51	1.76
739	83.94	108.11	51	0.8
740	166.25	7.98	52	1.75
741	90.06	184.65	53	1.72
742	120.62	46.33	52	1.48
Period: 52
Tasks:6
id	x	y	end	c
263	93.44	139.01	54	39.56
264	147.65	36.32	53	79.53
265	79.82	27.23	52	75.52
266	192.03	59.95	52	100.37
267	52.16	146.02	52	66.38
268	192.44	149.73	52	104.97
Drivers: 14
id	x	y	end	sensitivity
743	72.68	101.53	52	1.65
744	120.6	171.61	53	0.79
745	149.08	74.11	52	1.32
746	119.75	137.72	55	1.69
747	109.02	157.83	53	1.49
748	166.75	74.21	53	1.29
749	130.28	110.12	52	1.71
750	53.24	140.62	55	1.11
751	5.38	149.32	55	1.58
752	130.55	71	52	1.01
753	98.71	176.92	52	1.59
754	85.47	71.21	52	1.83
755	88.43	63.09	53	1.42
756	153.9	126.62	54	0.72
Period: 53
Tasks:8
id	x	y	end	c
269	153.28	115.46	55	55.48
270	31.48	18.64	53	106.37
271	86.57	60.48	54	41.74
272	96	186.76	53	86.85
273	76.82	92.12	53	24.48
274	3.27	82.7	53	98.26
275	135.75	132.38	54	48.23
276	89.16	175.79	53	76.56
Drivers: 15
id	x	y	end	sensitivity
757	55.2	193.8	53	1.65
758	150.05	133.99	53	1.63
759	28.15	91.5	53	1.85
760	65.93	198.52	53	1.5
761	44.99	69.04	53	1.67
762	29.93	149.14	55	0.73
763	54.06	115.87	53	1.26
764	163.12	82.24	55	1.78
765	161.4	6.04	54	1.23
766	39.4	150.78	53	1
767	103.53	182.65	54	1.48
768	39.93	176.42	53	1.8
769	151.18	81.94	54	1.14
770	173.61	111.11	55	1.06
771	87.42	132.8	54	1.06
Period: 54
Tasks:10
id	x	y	end	c
277	112.58	76.11	57	27
278	103.03	194.03	54	94.08
279	36.05	29.24	54	95.38
280	34.76	98.84	55	65.25
281	70.37	5.76	56	98.79
282	95.89	63.3	54	36.93
283	62.58	140.61	55	55.22
284	194.53	137.68	54	101.76
285	169.14	64.57	54	77.69
286	4.14	60.82	57	103.56
Drivers: 17
id	x	y	end	sensitivity
772	34.31	126.84	54	1.18
773	43.18	58.45	55	1.26
774	124.06	87.85	54	1.78
775	22.87	37.63	54	1.21
776	134.17	102.32	57	0.59
777	180.83	46.04	57	1.27
778	32.99	93.64	55	1.86
779	184.23	165.07	58	1.26
780	130.49	117.93	54	0.56
781	66.49	89.84	54	1.48
782	173.06	180.59	56	1.03
783	104	11.54	55	0.57
784	184.26	6.62	55	1.6
785	150.61	175.05	56	1.56
786	54.23	178.65	55	1.1
787	39.99	186.21	54	1.84
788	114.74	195.39	56	0.81
Period: 55
Tasks:2
id	x	y	end	c
287	164.97	36.3	55	90.99
288	138.37	42.49	55	69.14
Drivers: 20
id	x	y	end	sensitivity
789	135.67	140.31	57	0.92
790	6.82	143.36	55	1.48
791	193.46	191.33	56	1.75
792	26.49	38.45	57	1.43
793	174.23	178.86	57	1.15
794	175.13	89.3	57	0.74
795	179.56	21.09	57	1.63
796	16.84	0.51	57	1.44
797	84.63	51.86	55	1.79
798	11.92	163.27	55	0.57
799	87.72	66.83	55	1.51
800	47.42	113.15	56	1.15
801	6.01	43.84	57	0.65
802	184.44	167.13	56	0.8
803	73.21	107.53	56	1.01
804	178.17	149.06	57	1.45
805	73.14	78.17	57	1.23
806	11.41	125.19	57	1
807	146.94	76.78	55	1.06
808	164.68	49.16	55	1.65
Period: 56
Tasks:3
id	x	y	end	c
289	141.7	117.36	58	45.17
290	56.97	175.03	56	86.49
291	96.59	32.8	56	67.29
Drivers: 16
id	x	y	end	sensitivity
809	18.91	169.38	56	0.67
810	126.38	58.23	57	1.76
811	89	164.59	56	0.86
812	91.07	90.48	57	0.7
813	70.92	139.45	58	0.91
814	112.44	115.39	56	1.57
815	56.11	8	56	1.63
816	71.79	124.97	57	1.63
817	44.99	22.36	58	1.25
818	4.23	136.26	58	1.16
819	193.49	48.34	58	1.18
820	82.9	31.3	57	1.33
821	127.64	69.49	56	1.02
822	53.75	162.76	60	1.24
823	122.4	66.08	56	1.97
824	153.17	121.43	56	0.55
Period: 57
Tasks:6
id	x	y	end	c
292	27.9	114.71	58	73.59
293	80.42	6.03	57	95.99
294	46.46	171.64	58	89.44
295	179.3	32.41	57	104.2
296	41.83	95.83	59	58.32
297	26.32	49.52	58	89.31
Drivers: 18
id	x	y	end	sensitivity
825	41.15	157.53	57	1.52
826	178.77	34.76	57	1.42
827	71.46	150.69	57	0.76
828	127.03	136.56	60	1.22
829	139.51	133.18	58	0.73
830	42.02	50.09	58	0.71
831	25.65	150.25	58	0.8
832	92.59	120.29	57	1.95
833	141.19	190.44	58	1.65
834	9.61	6.46	57	1.97
835	165.09	151.22	59	1.95
836	40.87	99.47	58	0.55
837	148.95	197.86	57	0.51
838	98.42	101.13	57	0.53
839	160.74	130.14	57	1.01
840	60.49	83.37	57	1.81
841	177.79	29.63	57	1.09
842	2.74	142.28	58	0.82
Period: 58
Tasks:6
id	x	y	end	c
298	19.13	19.73	60	113.94
299	91.02	97.32	60	9.37
300	127.75	97.92	58	27.83
301	194.23	25.49	58	120.13
302	101.12	43.84	58	56.17
303	40.2	1.67	60	115.09
Drivers: 20
id	x	y	end	sensitivity
843	15.42	62.05	58	1.02
844	28.66	160.19	63	1.34
845	122.2	60.68	58	0.66
846	172.15	33.89	59	1.04
847	55	19.89	60	1.81
848	24.09	16.1	59	0.72
849	67.44	35.2	60	1.31
850	46.43	55.74	58	1.83
851	147.8	157.17	62	1.47
852	153.85	77.27	58	1.29
853	110.17	111.52	62	0.56
854	153.29	163.29	59	1.65
855	11.73	149.49	60	1.58
856	135.3	75.01	60	1.97
857	92.75	71.62	58	0.57
858	93.81	156.51	60	1.36
859	152.04	192.85	60	0.7
860	2.36	157.34	58	1
861	89.76	5.94	58	2
862	128.29	82.13	59	1.51
Period: 59
Tasks:5
id	x	y	end	c
304	110.98	178.46	61	79.22
305	23.43	104.96	59	76.73
306	44.42	47.76	59	76.28
307	193.32	87.75	59	94.12
308	17.88	192.44	61	123.65
Drivers: 14
id	x	y	end	sensitivity
863	102.53	0.35	60	0.65
864	162.61	29.82	59	1.82
865	20.69	61.92	60	0.8
866	61.76	190.41	59	0.69
867	55.97	86.84	59	1.2
868	5.49	22.89	59	1.04
869	18.46	72.58	60	1.19
870	12.73	79.65	61	0.73
871	153.18	76.48	61	1.16
872	43.26	108.04	59	1.49
873	93.28	154.95	60	1.7
874	75.13	13.48	60	0.64
875	145.92	58.19	60	1.25
876	183.36	48.44	62	1.1
Period: 60
Tasks:5
id	x	y	end	c
309	85.4	160.7	61	62.43
310	111.96	2.62	61	98.11
311	103.33	182.49	61	82.56
312	93.25	86.55	60	15.05
313	147.82	74.62	61	54.14
Drivers: 17
id	x	y	end	sensitivity
877	62.6	73.02	64	1.1
878	105.01	186.01	61	1.3
879	116.79	57.15	61	0.97
880	25.26	92.24	60	0.77
881	172.17	55.2	60	1.48
882	90.34	187.23	60	0.8
883	58.46	82.56	61	1.6
884	151.8	159.54	61	1.13
885	167.55	168.07	60	1.48
886	61.85	61.41	62	1.21
887	187.23	193.32	61	1.1
888	116.36	45.28	61	1.87
889	147.11	51.52	62	1.3
890	56.34	131.68	60	1.55
891	76.56	124.87	62	1.45
892	24.79	90.48	61	1.77
893	111.54	16.19	62	1.49
Period: 61
Tasks:7
id	x	y	end	c
314	31.77	106.72	63	68.56
315	56.85	194.42	64	103.81
316	106.52	137.04	62	37.61
317	106.11	102.94	63	6.78
318	30.89	14.74	61	109.75
319	74.54	110.56	64	27.56
320	96.93	68.7	61	31.45
Drivers: 19
id	x	y	end	sensitivity
894	88.15	113.01	62	0.77
895	121.45	46.86	62	1.57
896	110.69	102.4	62	1.64
897	64.96	82.88	62	1.66
898	57.13	73.94	62	0.57
899	124.35	56.43	61	1.37
900	185.81	86.76	61	1.19
901	46.02	113.88	62	1.75
902	110.33	137.4	62	0.5
903	52.83	192.47	62	1.95
904	176.03	86.55	61	1.95
905	17.13	98.25	62	1.27
906	45.12	149.93	62	1.85
907	68.03	24.29	62	1.5
908	87.89	127.18	64	0.97
909	82.56	23.87	63	1.39
910	83.91	82.75	62	1.39
911	108.85	90.09	61	0.99
912	67.14	33.84	62	0.63
Period: 62
Tasks:9
id	x	y	end	c
321	9.98	166.68	65	112.03
322	105.72	184.68	62	84.87
323	79.94	25.28	64	77.37
324	170.86	102.36	63	70.9
325	13.88	65.45	62	92.79
326	66.33	199.17	65	104.73
327	5.46	162.88	62	113.54
328	40.13	114.91	63	61.7
329	147.27	166.9	63	81.91
Drivers: 14
id	x	y	end	sensitivity
913	67.09	15.68	62	1.34
914	32.15	126.75	62	0.77
915	114.93	81.95	62	1.61
916	177.48	137.45	64	0.63
917	120.29	24.93	62	0.95
918	87.38	94.47	64	0.8
919	125.38	72.11	62	1.26
920	182.27	166.6	62	1.23
921	42.2	12.25	62	1.14
922	134.29	86.81	64	0.81
923	89.31	123.72	64	1.55
924	112.71	187.32	64	1.15
925	108.06	150.41	63	1.35
926	19.14	177.02	63	1.07
Period: 63
Tasks:2
id	x	y	end	c
330	30.41	181.05	63	106.83
331	108.52	107.06	63	11.06
Drivers: 9
id	x	y	end	sensitivity
927	184.54	166.77	64	1.54
928	62.47	181.68	64	1.22
929	48.8	98.15	64	1.27
930	175.95	166.97	63	1.34
931	156.42	191.28	65	1.74
932	95.75	21.18	66	1.34
933	180.47	104.49	63	1.93
934	193.06	191.52	65	0.71
935	159.58	5.36	63	1.42
Period: 64
Tasks:6
id	x	y	end	c
332	158	136.91	66	68.75
333	165.18	117.1	65	67.39
334	71.5	125.23	65	38.06
335	133.16	189.58	65	95.52
336	27.68	40.73	65	93.5
337	16.13	192.9	65	125.16
Drivers: 19
id	x	y	end	sensitivity
936	115.54	54.02	64	1.69
937	181.6	18.12	64	0.73
938	142.69	149.65	64	1.38
939	72.84	5.17	64	1.89
940	119.65	5.96	66	1.48
941	199.52	150.05	65	1.05
942	166.02	32.69	64	1.76
943	126.7	65.53	65	1.31
944	125.59	51.18	64	1.06
945	193.16	66.63	65	0.76
946	199.12	65.17	64	0.65
947	98.43	147.89	64	0.87
948	89.76	122.52	64	0.59
949	43.19	21.03	67	1.4
950	127.73	153.12	65	1.69
951	73.18	34.63	65	1.03
952	26.71	187.44	65	1.5
953	153.75	36.92	67	0.72
954	16.94	120.24	65	1.44
Period: 65
Tasks:4
id	x	y	end	c
338	66.08	133.7	67	47.81
339	61.21	190.05	67	98.05
340	77.69	141.62	65	47.22
341	176.89	78.5	65	79.84
Drivers: 15
id	x	y	end	sensitivity
955	19.7	9.6	66	1.27
956	114.41	75.05	65	1.68
957	63.26	20.28	68	1.1
958	176.45	122.1	68	1.4
959	32.17	30.9	65	1.67
960	199.3	43.05	65	2
961	127.01	155.72	67	1.08
962	119.2	2.9	65	1.95
963	68.02	63.92	65	0.69
964	116.28	32.4	65	1.92
965	147.75	196.66	68	1.89
966	71.76	189.38	66	1.42
967	86.85	10.64	67	0.79
968	150.81	143.26	68	1.54
969	56.95	19.24	65	1.49
Period: 66
Tasks:4
id	x	y	end	c
342	167.71	97.12	67	67.77
343	183.45	134.29	66	90.22
344	0.77	30.88	68	120.93
345	127.78	4.51	66	99.45
Drivers: 18
id	x	y	end	sensitivity
970	87.65	120.84	66	1.17
971	63.5	151.58	67	1.74
972	52.03	95.17	67	1.78
973	131.81	165.77	66	1.15
974	57.11	120.67	67	1.86
975	131.92	7.86	67	0.76
976	15.17	170.58	68	1.42
977	98.67	127.52	66	1.36
978	129.2	97.27	66	0.66
979	37.74	56.43	66	0.99
980	162.26	70.13	67	1.63
981	55.95	84.54	66	1.18
982	56.64	24.89	69	1.02
983	156.12	43.99	67	1.93
984	74.66	110.65	67	1.08
985	97.57	168.14	66	2
986	52.97	159.45	66	1.89
987	34.2	31.25	69	1.77
Period: 67
Tasks:2
id	x	y	end	c
346	92.49	144.37	71	45
347	16.48	106.54	67	83.78
Drivers: 7
id	x	y	end	sensitivity
988	136.88	148.8	69	0.54
989	130.37	28.04	68	0.63
990	112.06	115.44	69	1.53
991	46.92	198.76	69	1.98
992	177.83	135.44	67	0.65
993	190.89	86.16	69	1.05
994	45.85	17.92	68	0.72
Period: 68
Tasks:7
id	x	y	end	c
348	5.24	59.2	69	103.17
349	82.67	150.29	69	53.19
350	62.79	155.91	70	67.16
351	46.46	76.14	71	58.62
352	142.66	29.23	71	82.63
353	185.66	131.91	69	91.41
354	158.53	91.86	68	59.09
Drivers: 13
id	x	y	end	sensitivity
995	84.03	95.06	72	1.86
996	134.44	95.21	72	0.99
997	194.13	106.92	70	0.98
998	186.69	146.56	70	0.85
999	97.71	41.71	68	1.69
1000	164.92	121.36	68	1.45
1001	68.29	64.47	68	1.39
1002	135.8	11.94	70	1.98
1003	91.49	15.61	69	0.82
1004	131.8	42.87	69	1.19
1005	111.74	81.91	70	1.92
1006	9.02	192.8	68	1.34
1007	169.32	19.28	70	0.59
Period: 69
Tasks:12
id	x	y	end	c
355	192.29	12.52	71	127.16
356	76.33	102.39	71	23.79
357	147.5	50.69	71	68.47
358	101.31	185.52	72	85.53
359	28.39	84.29	73	73.31
360	68.38	92.74	69	32.44
361	18.66	159.47	69	100.76
362	96.66	168.27	72	68.35
363	135.91	136.45	70	51.17
364	77.18	140.55	72	46.53
365	78.88	75.74	70	32.17
366	104.12	62.71	69	37.52
Drivers: 24
id	x	y	end	sensitivity
1008	58.27	151.05	70	1.31
1009	168.65	47.29	71	1.75
1010	154.31	146.07	70	1.34
1011	103.03	162.68	72	1.03
1012	112.98	170.01	70	1.65
1013	33.95	171.23	69	1.02
1014	178.27	171.53	69	1.56
1015	108.35	36.57	69	1.66
1016	60.7	174.24	71	0.76
1017	26.01	186.81	69	1.65
1018	193.59	165.29	71	1.17
1019	109.7	124.36	69	0.9
1020	27.72	12.88	69	1.19
1021	122.65	96.49	73	0.64
1022	102.49	162.85	72	1.53
1023	106.26	70.53	70	1.76
1024	10.53	171.77	69	1.46
1025	169.1	12.53	71	1.71
1026	54.83	152.78	71	1.83
1027	31.18	106.66	70	0.55
1028	67.94	141.57	70	1.1
1029	7.39	156.12	70	1.03
1030	109.55	122.52	70	1.78
1031	162.65	38.87	70	1.52
Period: 70
Tasks:4
id	x	y	end	c
367	63.22	113.85	74	39.3
368	183.04	127.78	70	87.56
369	89.65	145.8	71	46.95
370	119.16	194.16	71	96.09
Drivers: 9
id	x	y	end	sensitivity
1032	96.2	179.78	70	1.37
1033	104.05	35.49	71	1.82
1034	53.4	124.05	70	0.68
1035	91.43	60	71	1.9
1036	172.24	61.24	71	0.91
1037	14.95	146.35	72	0.67
1038	9.32	139.47	71	1.77
1039	123.66	146.21	70	0.68
1040	6.5	151.66	72	0.73
Period: 71
Tasks:8
id	x	y	end	c
371	37.98	190.32	71	109.56
372	35.83	6.34	72	113.53
373	195.43	7.51	71	132.9
374	118.23	94.19	73	19.13
375	42.92	188.93	72	105.67
376	116.18	77.96	72	27.34
377	64.51	87.86	74	37.51
378	155.62	77.04	71	60.17
Drivers: 15
id	x	y	end	sensitivity
1041	61.75	140.35	71	1.5
1042	148.23	140.93	72	0.57
1043	15.95	141.55	74	1.33
1044	155.28	190.63	73	0.94
1045	144.89	127.7	71	1.53
1046	71.32	120.44	72	1.12
1047	60.91	179.91	73	1.16
1048	187.92	184.75	73	1.16
1049	153.79	97.6	72	1.73
1050	196.6	103.17	72	1.36
1051	98.19	82.6	71	1.94
1052	102.45	12.33	71	1.7
1053	189.08	45.31	71	1.52
1054	1.89	148.78	72	0.6
1055	60.43	157.94	71	1.16
Period: 72
Tasks:4
id	x	y	end	c
379	75.44	168.57	74	72.84
380	80.72	33.09	74	69.63
381	14.04	43.77	73	102.72
382	119.61	173.27	72	75.85
Drivers: 22
id	x	y	end	sensitivity
1056	181.01	64.64	74	1.66
1057	36.65	82.12	73	0.8
1058	188.92	106.7	74	1.36
1059	60.29	120.94	74	1.85
1060	100.74	199.61	73	1.26
1061	197.39	111.88	73	1.01
1062	8.78	74.36	73	1.36
1063	20.66	13.94	73	0.63
1064	14.89	85.88	74	0.71
1065	106.25	89.33	72	1.01
1066	58.41	178.74	72	1.76
1067	88.47	198.86	72	1.11
1068	66.97	165.21	72	1.58
1069	20.05	162.21	72	0.59
1070	32.55	154.08	72	0.65
1071	47.94	46.35	73	1.41
1072	65.54	141.32	74	0.66
1073	0.13	166.41	74	0.74
1074	132.47	61.05	75	1.2
1075	160.37	70.61	73	0.57
1076	68.15	85.53	74	1.3
1077	105.45	96.22	73	1.89
Period: 73
Tasks:3
id	x	y	end	c
383	108.96	64.98	76	36.15
384	152.48	139.76	74	65.84
385	107.93	147.53	73	48.19
Drivers: 15
id	x	y	end	sensitivity
1078	168.48	167.01	73	1.57
1079	181.83	129.95	73	1.91
1080	63.84	187.67	73	1.83
1081	158.86	74.05	73	1.28
1082	143.89	99.49	73	0.83
1083	12.56	197.43	73	1.51
1084	149.83	96.72	74	1.38
1085	81.03	50.84	74	1.03
1086	55.21	141.03	74	1.99
1087	55.39	81.91	73	1.8
1088	5.67	14.39	73	1.56
1089	30.99	18.35	75	0.57
1090	27.17	71.91	74	1.47
1091	174.24	68.63	73	1.55
1092	152.85	36.39	75	1.92
Period: 74
Tasks:8
id	x	y	end	c
386	68.01	17.5	75	88.49
387	191.68	164.81	74	112.27
388	179.34	161.63	74	100.46
389	8.72	34.6	74	112.29
390	91.3	100.99	75	8.76
391	63.96	158.32	75	68.56
392	3.9	26.74	76	120.84
393	149.94	68.15	75	59.23
Drivers: 18
id	x	y	end	sensitivity
1093	64.71	181.36	74	1.88
1094	75.22	18.01	74	1.22
1095	28.32	181.31	74	1.25
1096	96.08	24.13	76	0.95
1097	178.37	122.06	76	0.72
1098	124.85	109.42	76	1.76
1099	73.03	192.96	74	1.8
1100	12.22	167.2	74	1.15
1101	140.33	2.76	76	0.85
1102	80.38	153.65	75	1.95
1103	103.69	12.06	77	1.31
1104	12.12	54.31	75	0.64
1105	18.86	142.66	75	0.6
1106	112.33	106.62	74	0.51
1107	81.15	103.82	76	1.96
1108	108.55	112.11	75	1.29
1109	74.36	182.98	75	0.96
1110	176.44	123.15	74	0.81
Period: 75
Tasks:7
id	x	y	end	c
394	174.46	17.74	76	110.95
395	46.11	107.79	75	54.45
396	143.05	119.74	77	47.36
397	122.72	135.75	75	42.36
398	114.15	8.48	76	92.61
399	26.17	151.56	75	90.05
400	108.19	151.19	75	51.84
Drivers: 21
id	x	y	end	sensitivity
1111	135.01	66.58	75	1.16
1112	109.42	84.71	75	1.92
1113	156.37	180.04	76	1.59
1114	104.55	93.64	76	0.5
1115	2.8	115.94	75	1.27
1116	20.78	0.46	75	1.71
1117	153.52	141.68	76	1.22
1118	104.37	106.63	76	1.11
1119	125.36	178.72	77	1.07
1120	140	28.55	77	1.26
1121	48.99	90.78	75	0.59
1122	192.81	45.75	77	1.49
1123	152.27	12.52	76	0.86
1124	33.02	107.69	77	1.39
1125	113.07	70.43	76	1.38
1126	26.23	83.2	76	1.78
1127	159.29	151.08	78	1.52
1128	118.55	13.09	77	1.73
1129	190.93	31.62	75	1.43
1130	40.39	92.35	75	1
1131	149.63	197.62	77	1.67
Period: 76
Tasks:5
id	x	y	end	c
401	102.17	142.46	80	42.52
402	136.14	107.01	76	36.81
403	1.02	60.42	76	106.6
404	182.33	28.69	78	108.92
405	164.23	121.74	76	67.81
Drivers: 11
id	x	y	end	sensitivity
1132	97.31	121.87	76	1.63
1133	154.68	167	78	1.49
1134	29.53	35.09	78	1.72
1135	110.51	17.09	77	1.92
1136	196.31	49.84	76	0.77
1137	23.45	97.86	77	0.71
1138	34.77	69.75	79	1.49
1139	80.58	65.02	77	1.62
1140	75.6	84.26	77	1.32
1141	53.34	120.73	77	1.56
1142	152.57	94.09	77	0.66
Period: 77
Tasks:3
id	x	y	end	c
406	24.05	0.87	77	124.88
407	33.58	124.74	77	70.88
408	34.9	127.4	79	70.63
Drivers: 19
id	x	y	end	sensitivity
1143	159.1	123.19	77	1.53
1144	100.08	75.59	77	0.98
1145	112.52	102.46	78	1.08
1146	68.95	115.02	77	1.06
1147	169.77	49.91	79	0.65
1148	1.52	111.28	77	1.14
1149	105.73	179.81	78	1.34
1150	117.01	38.33	77	1.64
1151	142.98	64.57	78	1
1152	92.98	161.19	77	1.22
1153	9.7	143.6	78	1.43
1154	193.02	174.56	78	0.79
1155	2.05	160.89	77	1.65
1156	115.09	133.84	77	1.86
1157	16.48	6.86	77	1
1158	161.89	117.53	77	1.97
1159	20.19	23.35	78	0.71
1160	163.39	113.01	80	1.07
1161	197.81	196.89	79	0.54
Period: 78
Tasks:6
id	x	y	end	c
409	62.32	102.76	78	37.78
410	39.94	37.2	78	86.9
411	77.86	59.57	78	46.1
412	36.7	101.46	79	63.32
413	39.98	124.32	78	64.76
414	68.46	29.04	78	77.65
Drivers: 17
id	x	y	end	sensitivity
1162	179.82	144.72	78	1.96
1163	93.22	77.88	79	1.37
1164	70.29	78.27	78	0.69
1165	105.38	113.99	78	1.48
1166	75.79	21.06	80	1.15
1167	54.17	173.94	80	0.99
1168	25.55	90.54	79	1.81
1169	54.42	173.74	80	1.5
1170	48.86	22.2	78	1.46
1171	177.19	76.21	78	1.22
1172	26.08	183.95	78	1.13
1173	30.66	176.33	81	1.68
1174	12.76	4.24	79	1.69
1175	36.93	12	79	0.79
1176	71.81	90.7	81	1.17
1177	121.73	76.97	78	0.84
1178	89.94	185.72	79	1.84
Period: 79
Tasks:7
id	x	y	end	c
415	48.06	23.66	79	92.33
416	164.12	26.72	80	97.37
417	83.87	13.71	82	87.78
418	67.46	125.59	81	41.4
419	63.74	19.16	82	88.6
420	192.51	51.62	81	104.4
421	111.45	100.8	79	11.48
Drivers: 16
id	x	y	end	sensitivity
1179	122.42	83.37	80	0.86
1180	84.67	118.09	80	1.95
1181	51.35	90.11	79	0.69
1182	59.42	88.15	80	1.26
1183	44.89	4.13	81	1.56
1184	65.17	44.89	79	1.92
1185	51.02	123.59	79	1.23
1186	79.78	93.86	80	1.75
1187	198.19	94.96	80	1.2
1188	84.3	63.34	80	0.54
1189	156.5	19.45	80	0.81
1190	193.95	14.85	79	0.76
1191	45.71	109.76	79	0.59
1192	37.43	125.18	81	1.51
1193	82.15	186.52	79	1.78
1194	161.17	123.8	79	1.41
Period: 80
Tasks:4
id	x	y	end	c
422	145.02	80.8	81	48.94
423	102.55	125.99	81	26.11
424	143.42	28.37	82	83.76
425	143.19	136.01	80	56.23
Drivers: 10
id	x	y	end	sensitivity
1195	149.72	1.89	81	1.22
1196	90.79	175.12	81	1.45
1197	136.28	87.35	80	0.73
1198	98.81	95.25	80	1.68
1199	119.81	138.37	81	1.26
1200	54.74	179.39	80	0.95
1201	116.86	130.8	80	1.4
1202	105.16	86.62	80	1.79
1203	9.58	15.92	81	0.8
1204	12.43	1.92	82	1.97
Period: 81
Tasks:2
id	x	y	end	c
426	26.1	55.24	82	86.4
427	189.35	1.02	85	133.34
Drivers: 15
id	x	y	end	sensitivity
1205	132.51	104.55	81	1.3
1206	90.32	95.63	81	0.84
1207	9.61	109.92	82	1.42
1208	115.89	102.65	83	1.22
1209	63.01	61.13	81	0.82
1210	69.18	190.88	82	1.47
1211	76.16	167.92	82	1.02
1212	77.08	166.59	84	1.3
1213	46.71	197.72	81	1.24
1214	70.76	183.84	84	0.68
1215	70.43	28.24	82	1.11
1216	25.27	40.36	82	0.57
1217	179.2	120.91	82	1.69
1218	154.3	167.62	81	1.93
1219	134.13	143.69	84	1.91
Period: 82
Tasks:8
id	x	y	end	c
428	190.16	94.01	83	90.36
429	104.15	134.6	83	34.85
430	19.48	115.96	82	82.09
431	191.77	88.87	83	92.44
432	198.24	16.42	82	128.98
433	65.38	88.21	85	36.57
434	34.66	122.96	82	69.26
435	100.57	185.65	84	85.65
Drivers: 9
id	x	y	end	sensitivity
1220	87.44	80.75	82	1.04
1221	188.94	126.72	82	1.66
1222	51.18	170.42	84	1.62
1223	141.52	11.11	82	1.11
1224	187.18	118.72	84	1.36
1225	102.24	56.55	83	1.29
1226	175.63	145.31	82	1.62
1227	108.27	181.05	82	1.3
1228	159.99	35.96	83	0.97
Period: 83
Tasks:5
id	x	y	end	c
436	22.9	195	85	122.35
437	70.2	26.02	85	79.76
438	99.95	104.18	84	4.18
439	57.84	185.21	83	95.07
440	104.15	73	84	27.32
Drivers: 11
id	x	y	end	sensitivity
1229	126.8	189.49	85	1.74
1230	139.42	12.16	83	1.67
1231	156.8	24.4	83	0.52
1232	18.84	21.4	84	1.28
1233	87.08	47.12	83	0.73
1234	115.59	130.97	84	1.54
1235	62.92	128.66	85	0.8
1236	177.37	175.19	84	1.78
1237	111.81	147.8	83	0.91
1238	165.18	15.15	83	1.99
1239	48.84	122.03	83	1.09
Period: 84
Tasks:6
id	x	y	end	c
441	138.14	104.42	85	38.4
442	155.02	112.07	85	56.33
443	70.4	192.57	87	97.19
444	160.13	23.77	87	97.09
445	197.72	156.31	85	112.78
446	193.75	137.69	86	101.04
Drivers: 9
id	x	y	end	sensitivity
1240	177.42	184.03	84	1.94
1241	175.22	21.15	85	0.99
1242	17.51	157.96	84	1.93
1243	111.06	28.71	85	1.77
1244	62.47	16.78	84	1.93
1245	172.7	191.74	85	0.65
1246	56.35	67.67	84	0.7
1247	88.63	87.04	86	1.87
1248	137.61	169.84	85	0.74
Period: 85
Tasks:7
id	x	y	end	c
447	98.75	23.29	86	76.72
448	132.35	43.65	87	64.98
449	46.58	55.6	85	69.46
450	41.81	65.12	86	67.84
451	165.77	17.68	87	105.37
452	189.36	32.31	86	112.1
453	173.58	11.6	85	115.02
Drivers: 20
id	x	y	end	sensitivity
1249	89.76	102.06	87	1.67
1250	109.24	170.12	86	1.17
1251	147.05	199.47	86	1.34
1252	114.33	68.32	89	1.2
1253	82.08	48.35	86	1.97
1254	3.15	30.52	86	1.9
1255	157.92	122.13	87	1.87
1256	194.19	152.18	87	1.08
1257	143.7	81.07	86	0.8
1258	197.51	29.2	85	1.08
1259	50.43	195.03	85	1.37
1260	30.14	83.78	86	1.04
1261	92.43	116.64	87	1.86
1262	51.76	1.3	85	1.59
1263	97.97	189.29	85	0.71
1264	11.13	130.03	87	1.09
1265	171.23	190.1	85	1.07
1266	122.75	40.36	86	1.84
1267	116.79	61.08	85	1.47
1268	159.65	169.32	86	1.84
Period: 86
Tasks:6
id	x	y	end	c
454	101.24	24.83	87	75.18
455	125.61	12.48	87	91.19
456	88.93	140.75	87	42.23
457	27.74	15.47	88	111.21
458	134.9	175.97	87	83.6
459	151.39	187.47	86	101.45
Drivers: 18
id	x	y	end	sensitivity
1269	30.05	142.39	89	0.79
1270	90.56	188.03	87	0.69
1271	153.97	133.11	87	0.99
1272	183.22	138.75	86	0.96
1273	77.81	59.65	87	1.23
1274	42.2	91.21	89	0.53
1275	85.12	79.68	86	0.73
1276	195.88	139.39	88	0.86
1277	21.79	105.43	86	1.07
1278	93.02	154.89	87	1.34
1279	91.96	26.56	87	0.82
1280	174.47	100.23	86	0.95
1281	168.01	135.53	86	1.2
1282	105.8	135.63	86	1.19
1283	185.86	157.44	87	0.75
1284	90.28	90.69	87	1.53
1285	171.13	57.01	86	1.31
1286	152.85	167.55	87	2
Period: 87
Tasks:4
id	x	y	end	c
460	144.23	106.87	88	44.76
461	8.8	85.43	89	92.36
462	152.72	132.6	87	61.99
463	123.29	193.2	89	96.07
Drivers: 13
id	x	y	end	sensitivity
1287	67.49	158.91	88	0.69
1288	6.19	69.98	88	1.7
1289	95.54	192.39	90	1.45
1290	75.4	40	88	0.88
1291	123.43	95.51	87	1.25
1292	37.07	89.17	88	0.92
1293	24.4	191.88	88	1.3
1294	182.41	182.86	87	0.74
1295	132.32	153.43	87	0.65
1296	22.04	26.77	88	1.58
1297	89.95	87.42	87	1.16
1298	92.88	95	88	0.63
1299	35.9	155.71	87	1.59
Period: 88
Tasks:6
id	x	y	end	c
464	78.64	80.93	89	28.63
465	138.22	29.13	88	80.52
466	133.61	70.5	89	44.72
467	18.09	17.09	89	116.55
468	71.27	89.03	88	30.75
469	158.91	159.51	90	83.74
Drivers: 13
id	x	y	end	sensitivity
1300	119.93	70.29	89	0.92
1301	74.98	174.76	90	0.96
1302	43.95	182.34	88	1.99
1303	110.51	68.38	88	1.29
1304	172.16	14.47	89	0.61
1305	88.32	174.5	88	0.67
1306	185.51	140.3	90	1.79
1307	76.35	78.5	88	1.51
1308	51.87	49.92	88	0.86
1309	95.87	144.57	89	0.7
1310	80.26	62.04	89	1.63
1311	194.33	65.22	89	0.57
1312	29.92	5.52	91	1.93
Period: 89
Tasks:5
id	x	y	end	c
470	167.26	12.52	91	110.35
471	184.98	7.04	89	125.95
472	116.97	65.46	91	38.48
473	96.66	8.3	90	91.76
474	83.9	115.53	89	22.37
Drivers: 18
id	x	y	end	sensitivity
1313	131.27	134.28	89	1.87
1314	71.99	16.28	91	1.73
1315	22.28	169.5	91	1.33
1316	161.17	163.42	91	1.43
1317	94.47	195.57	89	1
1318	199.69	9.66	90	1.52
1319	54.98	114.18	90	0.85
1320	186.26	12.03	90	1.89
1321	141.22	101.2	89	0.8
1322	117.35	84.93	90	0.94
1323	60.41	49.94	90	0.67
1324	75.67	28.28	89	1.16
1325	169.08	10.52	89	1.43
1326	62.38	24.05	90	0.66
1327	149.46	0.65	90	1.82
1328	22.84	195.87	90	1.89
1329	30.9	72.38	92	0.97
1330	83.21	16.57	91	1.22
Period: 90
Tasks:1
id	x	y	end	c
475	135.08	115.17	91	38.22
Drivers: 14
id	x	y	end	sensitivity
1331	48.68	142.08	91	1.06
1332	31.57	162.04	91	0.82
1333	160.96	50.37	90	1.66
1334	175.98	132.56	90	1.92
1335	10.58	134.15	90	1.65
1336	131.09	197.63	90	1.74
1337	155.83	35.78	90	0.68
1338	47.52	10.03	90	0.97
1339	130.48	144.42	90	1.72
1340	132.85	182.85	92	1.5
1341	172.52	124.44	91	1.92
1342	121.65	179.58	90	1.5
1343	46.07	83.46	92	1.61
1344	174.62	193.94	90	1.99
Period: 91
Tasks:11
id	x	y	end	c
476	183.23	195.65	91	126.79
477	189.41	158.94	91	107.09
478	55.82	33.16	91	80.12
479	181.2	68.81	95	86.98
480	128.04	110.36	91	29.89
481	149.89	59.4	92	64.32
482	9.69	56.32	91	100.32
483	79.48	134.96	93	40.54
484	15.55	192.87	93	125.53
485	88.46	111.94	91	16.61
486	162.93	156.38	92	84.49
Drivers: 13
id	x	y	end	sensitivity
1345	44.5	36.2	93	0.96
1346	128.01	108.28	92	1.24
1347	166.74	48.91	94	0.79
1348	63.89	74.02	93	1.23
1349	39.35	83.56	91	1.14
1350	12	182.05	91	0.79
1351	83.85	64.83	91	0.7
1352	28.9	128.4	91	1.32
1353	7.69	52.48	92	1.43
1354	142.74	58.9	93	0.69
1355	128.9	141.5	93	0.52
1356	172.9	130.26	93	1.19
1357	108.43	41.04	91	1.15
Period: 92
Tasks:5
id	x	y	end	c
487	81.43	16.75	92	85.3
488	51.31	169.71	92	85.03
489	110.9	140.64	92	42.08
490	13.48	24.84	93	114.61
491	118.66	46.44	94	56.72
Drivers: 13
id	x	y	end	sensitivity
1358	120.25	100.9	93	0.69
1359	133.38	181.35	93	1.51
1360	99.73	74.4	92	1.48
1361	174.29	135.05	93	0.63
1362	115.12	145.52	93	1.14
1363	21.32	29.23	93	1.63
1364	8.76	89.59	94	1.27
1365	131.91	182.39	93	1.29
1366	53.91	190.59	93	1.41
1367	59.1	125.06	94	1.99
1368	53.55	2.34	93	1.06
1369	180.9	20.74	93	1.71
1370	83.55	189.97	95	1.52
Period: 93
Tasks:3
id	x	y	end	c
492	15.73	79.85	95	86.65
493	78.73	61.98	93	43.57
494	6.99	183.76	93	125.17
Drivers: 15
id	x	y	end	sensitivity
1371	186.92	137.47	94	1.06
1372	142.37	45.86	94	1.83
1373	181.77	7.76	94	0.59
1374	115.4	120.53	93	1.45
1375	140.06	147.77	94	1.39
1376	126.87	162.94	95	1.29
1377	38.67	38.79	94	1.59
1378	116.34	112.99	93	0.56
1379	91.65	85.48	93	0.85
1380	199.27	179.34	93	0.93
1381	124.49	144.58	94	1.94
1382	50.67	33.91	96	1.57
1383	123.23	92.44	93	1.01
1384	110.2	42.29	95	0.98
1385	199.14	18.52	94	1.84
Period: 94
Tasks:2
id	x	y	end	c
495	53.52	161.31	95	76.94
496	9.58	42.21	95	107.31
Drivers: 11
id	x	y	end	sensitivity
1386	52.31	26.95	95	1.94
1387	153.5	173.16	94	1.38
1388	125.09	156.94	94	2
1389	91.02	138	94	1.23
1390	189.55	77.85	95	1.85
1391	48.45	130.48	95	0.68
1392	177.84	150.21	96	0.95
1393	116.36	5.71	95	0.83
1394	111.81	43.14	95	0.93
1395	137.4	77.72	94	1.32
1396	38.8	136.66	95	1.79
Period: 95
Tasks:2
id	x	y	end	c
497	175.19	74.99	95	79.24
498	98.92	53.51	96	46.5
Drivers: 6
id	x	y	end	sensitivity
1397	162.8	75.77	96	0.87
1398	108.37	39.24	95	0.75
1399	194.72	13.72	97	1.44
1400	124.82	31.19	97	1.27
1401	104.95	55.35	96	1.77
1402	30.55	183.08	95	0.58
Period: 96
Tasks:6
id	x	y	end	c
499	115.08	196.88	97	98.05
500	82.46	172.09	98	74.19
501	97.73	102.42	98	3.32
502	140.59	58.18	96	58.28
503	116.57	9.59	96	91.92
504	41.6	93.96	100	58.71
Drivers: 18
id	x	y	end	sensitivity
1403	81.8	173.59	97	1.93
1404	44.4	79.16	96	0.82
1405	130.51	12.18	97	1.05
1406	57.75	28.93	97	1.89
1407	72.68	82.63	97	1.85
1408	160.91	124.66	98	0.66
1409	153.85	145.99	97	1.22
1410	11.45	115.14	96	1.31
1411	191.79	172.24	100	1.44
1412	42.99	132.51	97	0.98
1413	75.93	23.88	96	1.6
1414	121.92	61.01	97	1.57
1415	61.93	189.18	99	1.72
1416	108.16	189.22	99	1.58
1417	118.52	179.7	96	0.75
1418	153.34	89.35	96	0.85
1419	131.41	119.58	97	1.88
1420	41.2	57.1	97	0.96
Period: 97
Tasks:9
id	x	y	end	c
505	84.32	8.82	97	92.52
506	71.52	14.8	98	89.83
507	81.14	85.16	97	24
508	2.97	7.41	97	134.12
509	182.28	18.04	97	116.14
510	52.09	108.5	98	48.66
511	168.75	141.92	98	80.52
512	58.44	150.2	98	65.17
513	99.7	70.87	99	29.13
Drivers: 13
id	x	y	end	sensitivity
1421	172.77	12.63	98	1.59
1422	12.25	13.17	97	1.28
1423	190.63	193.32	97	0.84
1424	163.23	192.72	98	1.36
1425	187.04	133.37	100	1.95
1426	17.84	0.42	97	0.68
1427	97.81	30.39	98	1.34
1428	153.18	147.35	98	1.39
1429	46.33	45.38	99	0.94
1430	114.07	189.56	99	1.91
1431	8.47	97.05	99	1.29
1432	178.23	77.03	99	1.72
1433	45.85	189.49	97	1.48
Period: 98
Tasks:7
id	x	y	end	c
514	154.82	43.83	98	78.49
515	94.94	82.12	99	18.58
516	64.66	157.33	99	67.35
517	194.66	120.02	99	96.75
518	62.12	84.09	99	41.09
519	99.74	0.86	99	99.14
520	102.55	76.74	101	23.4
Drivers: 17
id	x	y	end	sensitivity
1434	159.1	142.72	98	1.25
1435	14.38	82.94	98	0.55
1436	75.54	65.36	99	1.65
1437	40.5	150.99	98	1.18
1438	29.34	1.3	100	0.68
1439	97.25	153.97	99	1.8
1440	177.41	87.11	99	0.74
1441	172.86	97.73	98	1.46
1442	81.59	12.2	98	1.55
1443	31.98	81.43	100	0.99
1444	23.12	51.47	101	1.31
1445	168.21	89.57	98	1.66
1446	43.67	148.53	98	0.88
1447	177.32	0.17	99	1.88
1448	194.46	34.29	99	1.52
1449	35.69	153.32	99	0.54
1450	9.34	138.18	101	1.63
Period: 99
Tasks:1
id	x	y	end	c
521	93.25	170.6	100	70.92
Drivers: 13
id	x	y	end	sensitivity
1451	44.95	32.18	100	1.53
1452	57.3	75.71	102	1.25
1453	129.33	40.43	100	1.34
1454	72.31	125.64	100	1.73
1455	48.53	168.29	100	1.41
1456	122.81	85.1	102	2
1457	127.66	122.29	100	1.16
1458	66.85	197.48	99	1.53
1459	105.74	64.4	99	1.16
1460	101.83	5.08	101	1.75
1461	140.78	81.8	101	1.95
1462	112.93	105.66	100	1.65
1463	138.89	97.27	102	1.04
Period: 100
Tasks:4
id	x	y	end	c
522	39.44	190.39	101	108.8
523	80.42	119.41	102	27.57
524	143.51	118.28	101	47.19
525	132.8	151.26	101	60.86
Drivers: 14
id	x	y	end	sensitivity
1464	142.48	197.77	100	1.94
1465	132.66	87.96	101	1.95
1466	113.07	184.49	100	1.91
1467	28.79	144.88	100	0.81
1468	26.71	149.19	102	0.67
1469	25.99	136.18	102	1.29
1470	6.84	139.08	102	0.73
1471	90.41	21.2	101	1.88
1472	123.92	28.01	101	1.09
1473	155.49	140.6	100	1.27
1474	138.98	84.6	101	1.2
1475	141.81	35.4	100	1.07
1476	29.1	197.65	100	1.88
1477	132.76	184.81	100	0.54
