Periods: 100
Task Arrival Rate: 5
Task Average Time: 2
Driver Arrival Rate: 10
Driver Average Time: 2
Period: 1
Tasks:3
id	x	y	end	c
1	175.33	125.28	2	79.46
2	100.37	52.38	1	47.62
3	198.9	75	6	102.01
Drivers: 8
id	x	y	end	sensitivity
1	60.34	17.14	5	1.52
2	168.9	162.92	2	1.98
3	69.95	58.14	3	1.92
4	81.57	122.64	3	1.56
5	191.51	145.46	2	1.97
6	24.49	131.54	1	1.46
7	175.03	152.48	3	1.17
8	101.46	110.06	2	1.98
Period: 2
Tasks:1
id	x	y	end	c
4	2.18	120.42	4	99.93
Drivers: 13
id	x	y	end	sensitivity
9	145.31	184.56	3	1.27
10	71.47	99.96	3	1.3
11	182.08	11.22	3	0.67
12	81.11	41.21	5	0.65
13	77.65	8.88	3	1.96
14	131.76	102	3	0.64
15	146.11	161.84	3	1.33
16	60.31	140.27	4	0.57
17	171.98	133.53	2	0.92
18	118.57	52.38	4	1.75
19	199.4	126.2	3	0.74
20	116.2	186.83	4	1.38
21	101.04	177.59	4	1.03
Period: 3
Tasks:7
id	x	y	end	c
5	26.65	37.58	4	96.31
6	57.68	118.1	3	46.03
7	151.05	167.97	3	85.01
8	96.24	123.11	7	23.41
9	161.6	148.17	5	78.2
10	162.7	131.25	6	70.06
11	22.61	23.56	3	108.78
Drivers: 6
id	x	y	end	sensitivity
22	186.42	17.76	7	0.83
23	24.61	22.09	6	1.07
24	48.03	196.37	5	1.59
25	107.56	66.78	5	1.84
26	68.01	192.17	6	0.6
27	81.76	88.69	5	1.42
Period: 4
Tasks:8
id	x	y	end	c
12	31.56	80.69	5	71.11
13	107.17	147.44	6	47.98
14	57.25	97.67	6	42.81
15	159.85	42.36	6	83.09
16	89.23	67.84	5	33.92
17	145.8	87.72	5	47.42
18	80.11	96.1	5	20.27
19	120.81	25.21	6	77.63
Drivers: 15
id	x	y	end	sensitivity
28	70.61	172.41	5	1.16
29	22.87	167.43	5	0.57
30	100.87	0.96	6	1.88
31	121.62	184.75	6	1.49
32	81.37	10.7	4	0.54
33	0.32	85.77	5	1.38
34	196.48	48.19	5	1.72
35	19.9	176	5	0.68
36	67.98	127.78	7	1.52
37	86.25	107.7	6	1.11
38	124.97	190.15	7	1.77
39	74.49	163.14	7	1.62
40	121.99	146.13	6	0.57
41	34.86	28.61	8	1.16
42	133.52	166.82	8	1.28
Period: 5
Tasks:0
id	x	y	end	c
Drivers: 16
id	x	y	end	sensitivity
43	11.3	19.6	8	0.89
44	39.24	129.05	7	1.86
45	112.58	41.61	7	1.63
46	9.51	34.28	8	1.63
47	114.23	22.6	8	0.72
48	44.15	130	9	1.66
49	178.05	28.33	11	1.03
50	74.18	102.19	10	1.38
51	180.95	16.21	12	0.66
52	57.11	40.87	9	1.07
53	166.21	191.48	9	1.48
54	195.19	115.72	7	0.85
55	16.66	22.05	5	1.35
56	47.87	110.16	6	1.53
57	34.3	170.34	6	1.01
58	124.08	7.47	9	0.95
Period: 6
Tasks:2
id	x	y	end	c
20	40.46	197.2	9	113.99
21	99.35	163.48	6	63.48
Drivers: 11
id	x	y	end	sensitivity
59	11.4	195.69	7	1.81
60	162.77	48.04	10	0.94
61	80.23	92.36	7	0.73
62	79.6	131.81	9	1.63
63	34.71	166.36	8	0.83
64	78.23	135.06	9	1.31
65	44.91	110.11	7	1.41
66	173.98	170.4	8	0.99
67	39.05	145.1	7	1.03
68	97.59	98.52	8	0.97
69	173.43	23.88	10	0.54
Period: 7
Tasks:6
id	x	y	end	c
22	79.5	22.9	8	79.78
23	0.84	176.42	9	125.19
24	25.06	21.19	7	108.75
25	155.54	7.22	8	108.13
26	10.58	165.36	9	110.76
27	50.01	198.55	8	110.5
Drivers: 7
id	x	y	end	sensitivity
70	27.22	109.64	8	1.68
71	165.9	64.98	8	1.68
72	103.26	31.64	10	1.51
73	193.92	170.95	10	1.02
74	85.18	176.24	9	1.71
75	6.23	182.47	10	0.78
76	27.89	123.24	10	0.64
Period: 8
Tasks:2
id	x	y	end	c
28	75.91	54.06	11	51.87
29	45.22	117.87	11	57.62
Drivers: 12
id	x	y	end	sensitivity
77	115.75	143.2	9	1.33
78	52.82	132.24	10	1.59
79	42.85	133.54	10	1.56
80	53.7	164.02	11	1.45
81	175.53	155.61	11	1.03
82	109.84	199.29	11	0.77
83	150.24	164.84	9	1.93
84	175.24	34.61	10	0.74
85	184.7	193.42	11	1.07
86	197.84	159.67	12	0.9
87	0.92	155.15	11	1.57
88	197.3	45.26	9	1.95
Period: 9
Tasks:7
id	x	y	end	c
30	10.48	69.71	10	94.51
31	70.27	75.84	12	38.31
32	65.14	1.09	13	104.87
33	46.55	188.09	10	103.04
34	108.77	84.76	11	17.58
35	3.75	15.07	11	128.36
36	85.92	62.01	11	40.52
Drivers: 4
id	x	y	end	sensitivity
89	133.63	172.37	13	1.42
90	198.75	31.83	10	1.56
91	3.97	95.69	12	1.41
92	117.98	158.85	9	1.56
Period: 10
Tasks:5
id	x	y	end	c
37	4.74	100.73	13	95.26
38	162.65	136.96	14	72.74
39	27.94	125.56	11	76.46
40	85.73	43.1	12	58.66
41	80.28	170.71	10	73.41
Drivers: 14
id	x	y	end	sensitivity
93	184.11	45.54	11	1.33
94	55.22	15.51	12	0.54
95	164.7	44.27	13	1.84
96	50.26	1.9	11	0.89
97	71.8	4.22	10	1.84
98	181.57	177.73	14	1.97
99	101.16	172.75	12	1.67
100	81.25	122.8	11	1.18
101	67.36	96.02	12	0.69
102	140.53	131.38	12	0.66
103	183.15	18.69	12	1.89
104	73.51	172.87	12	1.86
105	60.24	105.51	14	1.66
106	51.48	190.2	14	1.93
Period: 11
Tasks:2
id	x	y	end	c
42	138.95	23.14	12	86.17
43	138.41	29.55	12	80.24
Drivers: 15
id	x	y	end	sensitivity
107	27.09	131.33	14	1.83
108	91.65	189.84	15	1.15
109	87.2	35.56	15	1.05
110	98.94	131.77	13	1.48
111	49.02	39.78	12	1.81
112	32.97	136.28	12	1.59
113	95.43	94.98	14	1.43
114	121.31	79.23	16	1.72
115	81.21	91.39	13	0.52
116	116.65	175.59	15	1.48
117	38.15	107.65	11	0.78
118	174.59	142.96	16	0.58
119	96.98	37.26	12	1.03
120	144.95	30.85	11	0.55
121	107.54	161.72	12	1.89
Period: 12
Tasks:5
id	x	y	end	c
44	189.94	77.44	14	92.73
45	25.94	188.53	15	115.42
46	156.42	168.63	13	88.84
47	57.64	57.49	12	60.01
48	130.24	20.04	15	85.49
Drivers: 12
id	x	y	end	sensitivity
122	155.88	81.95	15	1.82
123	199.24	120.18	13	0.54
124	33.95	116.21	14	0.93
125	31.75	178.36	13	1.07
126	87.85	74.99	12	1.2
127	149.15	127.61	12	1.74
128	93.38	190.18	15	0.74
129	48.69	55.51	12	1.86
130	162.57	177.87	15	1.01
131	172.69	142.69	15	0.52
132	38.15	18.44	12	1.63
133	22.95	71.36	12	1.49
Period: 13
Tasks:4
id	x	y	end	c
49	17.95	151.2	15	96.71
50	33.36	165.7	19	93.58
51	74.86	39.86	13	65.18
52	63	0.47	19	106.18
Drivers: 10
id	x	y	end	sensitivity
134	195.06	109.99	15	0.79
135	102.99	32.34	13	0.96
136	5.74	82.82	14	0.54
137	3.02	12.96	14	1.22
138	97.62	181.51	14	0.71
139	145.87	153.67	15	1.46
140	0.34	192.02	13	0.81
141	112.28	94.63	14	1.33
142	139.2	19.57	13	1.36
143	126.55	8.55	15	0.63
Period: 14
Tasks:6
id	x	y	end	c
53	118.63	1.21	14	100.53
54	19.02	98.16	18	81
55	37.79	9.01	17	110.22
56	147.41	144.46	18	65
57	122.38	79.61	18	30.28
58	197.32	110.67	16	97.9
Drivers: 8
id	x	y	end	sensitivity
144	88.79	161.74	17	1.58
145	151.41	147.83	16	1.29
146	27.37	67.05	16	1.97
147	169.25	10.39	18	1.04
148	35.2	174.25	16	0.81
149	34.68	104.81	15	1.72
150	2.32	132.08	16	1.57
151	23.29	86.34	16	0.62
Period: 15
Tasks:8
id	x	y	end	c
59	32.35	24.64	20	101.27
60	129.13	28.26	16	77.43
61	3.2	52.64	16	107.76
62	96.73	198.58	16	98.63
63	196.77	21.37	19	124.69
64	117.5	69.52	16	35.15
65	112.04	32.89	17	68.18
66	162.54	57.89	15	75.4
Drivers: 8
id	x	y	end	sensitivity
152	147.96	109.79	18	0.72
153	63.05	136.61	16	1.22
154	160.88	137.33	16	1.24
155	170.48	131	18	1.19
156	97.62	61.57	16	0.62
157	18.71	121.14	17	1
158	122.71	134.8	18	1.68
159	29.81	103.17	16	1.3
Period: 16
Tasks:4
id	x	y	end	c
67	170.36	61.25	16	80.32
68	40.34	172.78	18	94.11
69	0.27	140.99	18	107.83
70	190.59	197.83	17	133.33
Drivers: 7
id	x	y	end	sensitivity
160	47.45	160.4	20	1.83
161	191.19	163.1	19	1.46
162	70.24	50.28	17	0.71
163	33.76	159.26	19	0.67
164	125.74	114.39	16	1.77
165	76.91	77.94	18	0.7
166	1.82	36.62	19	1.02
Period: 17
Tasks:6
id	x	y	end	c
71	66.91	23.18	18	83.64
72	117.88	152.55	21	55.51
73	120.37	151.08	20	54.99
74	172.82	38.25	20	95.48
75	95.06	58.46	18	41.83
76	97.82	54.98	20	45.07
Drivers: 12
id	x	y	end	sensitivity
167	102.86	108.91	18	1.99
168	70.48	100.45	20	1.95
169	128.34	110.75	19	1.3
170	189.34	173.67	19	1.16
171	15.18	187.51	18	1.02
172	108.38	175.34	20	0.87
173	77.91	36.76	19	1.31
174	31.39	126.46	18	0.56
175	159.32	199.92	19	1.93
176	110.37	7.82	20	0.98
177	138.88	137.12	17	1.51
178	0.56	68.41	18	1.11
Period: 18
Tasks:4
id	x	y	end	c
77	12.88	98.97	19	87.13
78	83.86	154.96	20	57.28
79	182.62	72.07	19	87.21
80	46.94	100.07	19	53.06
Drivers: 15
id	x	y	end	sensitivity
179	166.65	103.78	20	1.25
180	56.32	153.39	20	1.83
181	35.98	62.67	21	1.09
182	145.78	122.34	21	1.74
183	131.47	53.66	19	1.4
184	163.86	131.28	23	0.97
185	15.64	85.62	19	1.06
186	109.89	70.34	21	1.88
187	186.65	157.44	22	0.62
188	36.45	123.24	22	1.76
189	44.5	42.39	21	0.54
190	90.48	158.82	20	1.75
191	157.07	90.35	20	1.93
192	158.09	120.79	19	1.08
193	168.31	32.16	20	0.5
Period: 19
Tasks:11
id	x	y	end	c
81	154.96	60.72	20	67.55
82	22.94	138.97	23	86.35
83	181.37	167.68	20	105.84
84	32.85	19.66	19	104.71
85	77.9	48.62	21	55.93
86	41.78	50.73	21	76.27
87	121.6	126.43	20	34.13
88	62.14	94.46	20	38.26
89	165.03	76.31	22	69.21
90	9.13	0.48	21	134.76
91	194.14	36.93	19	113.31
Drivers: 13
id	x	y	end	sensitivity
194	146.11	53.22	20	1.99
195	14.56	118.06	20	0.63
196	25.45	198.69	21	1.95
197	9.37	124.14	26	1.3
198	191.67	48.42	21	1.96
199	121.52	177.25	20	0.8
200	155.67	80.86	19	1.17
201	105.03	122.28	22	1.31
202	63.72	198.08	21	0.72
203	19.94	164.72	21	1.44
204	114.97	71.53	20	1.92
205	92.56	53.48	22	0.86
206	38.57	139.66	22	1.86
Period: 20
Tasks:6
id	x	y	end	c
92	28.81	67.08	23	78.43
93	146.85	84.51	22	49.34
94	163.67	36.47	22	89.94
95	145.9	185.83	20	97.33
96	90.2	116.39	22	19.1
97	4.34	58.64	21	104.22
Drivers: 9
id	x	y	end	sensitivity
207	112.27	167.51	26	1.39
208	136.49	28.49	20	1.79
209	39.39	83.51	21	0.74
210	100.66	115.9	22	1.1
211	82.96	87.12	21	1.96
212	33.64	169.07	23	0.73
213	4.67	194.71	21	0.77
214	32.67	159.68	20	1.06
215	88.31	48.21	22	1.29
Period: 21
Tasks:2
id	x	y	end	c
98	159.9	49.98	23	78.04
99	129.49	0.51	22	103.77
Drivers: 10
id	x	y	end	sensitivity
216	99.01	127.51	23	1.5
217	50.49	151.74	25	0.96
218	180.83	113.27	23	1.63
219	84.32	37.92	22	1.14
220	93.26	112.54	22	1.28
221	26.15	65.6	23	1.77
222	14.91	169.92	23	0.63
223	126.91	168.54	22	1.4
224	112.31	144.92	21	1.11
225	25.57	190.9	24	1.3
Period: 22
Tasks:5
id	x	y	end	c
100	45.05	42.14	25	79.8
101	117.72	76.87	26	29.14
102	199.83	177.45	25	126.35
103	146.73	44.84	26	72.29
104	145.24	177.6	24	89.82
Drivers: 5
id	x	y	end	sensitivity
226	73.99	148.02	26	1.8
227	114.37	198.28	25	2
228	105.56	164.12	22	0.61
229	130.19	17.03	23	1.2
230	94.79	83.13	22	1.82
Period: 23
Tasks:3
id	x	y	end	c
105	44.66	189.42	23	105.16
106	52.66	13.28	25	98.8
107	65.54	134.71	32	48.91
Drivers: 6
id	x	y	end	sensitivity
231	4.97	175.48	23	1.78
232	50.82	91.12	25	1.46
233	6.46	63.83	26	1.29
234	150.02	95.7	24	0.78
235	18.71	199.4	25	1.79
236	97.06	146.1	24	1.97
Period: 24
Tasks:3
id	x	y	end	c
108	189.66	22.46	27	118.54
109	71.98	107.03	28	28.89
110	100.16	129.48	27	29.48
Drivers: 11
id	x	y	end	sensitivity
237	120.43	65.23	26	1.28
238	55.58	129.44	25	0.82
239	65.88	83.31	28	0.5
240	104.44	6.46	24	1.23
241	185.94	2.89	25	1.83
242	154.55	192.2	25	1.43
243	162.21	88.58	27	1.07
244	115.51	35.8	26	1.64
245	152.4	43.97	24	1.98
246	198.93	37.69	25	1.53
247	186.37	190.23	26	1.44
Period: 25
Tasks:5
id	x	y	end	c
111	7.95	167.18	29	113.96
112	110.86	117.86	26	20.9
113	131.07	12.72	26	92.65
114	182.89	103.04	27	82.95
115	60.31	163.39	27	74.79
Drivers: 12
id	x	y	end	sensitivity
248	49.13	137.07	26	1.01
249	112.04	44.61	28	0.56
250	29.86	117.26	26	0.86
251	30.73	182.58	28	0.98
252	180.11	166.75	25	1.31
253	80.63	9.38	27	1.97
254	65.8	176.75	25	0.6
255	117.51	158.89	26	1.53
256	139.61	99.46	27	0.94
257	1.32	167.17	27	0.73
258	158.77	114.87	26	0.8
259	136.93	35.44	26	1.09
Period: 26
Tasks:7
id	x	y	end	c
116	171.58	77.97	29	74.89
117	145.5	144.19	27	63.43
118	16.79	150.66	29	97.42
119	192.95	27.23	26	118.05
120	9.1	180.5	29	121.42
121	109.54	92.64	28	12.05
122	111.94	150.74	29	52.13
Drivers: 7
id	x	y	end	sensitivity
260	126.46	169.94	26	0.55
261	185.1	101.13	26	1.47
262	36.78	33.71	26	0.66
263	110.26	153.63	27	0.95
264	74.91	135.86	27	1.63
265	111.42	13.39	29	0.66
266	36.61	72.12	27	1.28
Period: 27
Tasks:6
id	x	y	end	c
123	199.68	175.7	30	125.17
124	175.2	12.26	30	115.56
125	56.49	6.93	28	102.74
126	65	135.83	32	50.09
127	103.21	98.92	29	3.39
128	176.9	74.58	29	80.99
Drivers: 10
id	x	y	end	sensitivity
267	112.22	18.89	29	1.6
268	58.82	141.63	27	1.27
269	21.09	28.07	31	0.74
270	185.67	58.81	29	1.53
271	147.33	152.16	28	1.8
272	142	69.51	27	0.98
273	102.58	53.02	31	2
274	114.86	123.96	30	0.86
275	89.92	103.8	28	1.39
276	132.42	169.87	28	1.68
Period: 28
Tasks:4
id	x	y	end	c
129	80.19	184.68	33	86.97
130	152.79	84.71	31	54.96
131	71.07	104.86	29	29.34
132	159.65	186.69	31	105.23
Drivers: 12
id	x	y	end	sensitivity
277	24.18	11.05	29	1.39
278	188.13	95.77	32	1.64
279	40.49	105.39	32	1.33
280	87.59	114.69	31	1.48
281	154.4	77.22	30	1.8
282	200	187.67	30	0.51
283	78.06	89.1	31	1.77
284	153.9	111.72	32	1.11
285	178.49	56.71	29	0.73
286	77.68	5.41	32	1.11
287	162.02	11.58	29	1.91
288	117.45	149.01	29	1.05
Period: 29
Tasks:9
id	x	y	end	c
133	89.03	188.03	31	88.71
134	46.32	138.21	33	65.89
135	105.08	127.73	34	28.19
136	47.28	21.27	32	94.75
137	135.96	4.47	31	102.07
138	34.35	56.9	30	78.53
139	38.99	135.62	29	70.65
140	72.69	103.42	30	27.52
141	186.78	113.01	30	87.75
Drivers: 6
id	x	y	end	sensitivity
289	5.44	144.13	30	1.93
290	28.47	52.13	32	0.64
291	195.33	156.82	31	1.1
292	13.73	73.67	33	1.08
293	34.63	123.82	35	1.16
294	142.63	24.62	32	0.61
Period: 30
Tasks:6
id	x	y	end	c
142	109.85	79.99	35	22.3
143	197.18	183.16	30	127.9
144	108.04	130.09	33	31.15
145	7.11	130.3	35	97.71
146	110.19	13.23	31	87.37
147	28	25.5	30	103.61
Drivers: 11
id	x	y	end	sensitivity
295	20.46	187.51	33	1.35
296	86.45	58.82	33	0.97
297	128.03	40.03	30	0.66
298	54.99	52.32	31	0.81
299	51.05	174.3	31	1.8
300	147.97	95.62	31	0.74
301	70.39	83.84	33	0.71
302	168.71	108.56	36	1.97
303	68.05	129.03	33	0.55
304	20.66	83.64	31	0.52
305	79.1	198.87	31	1.9
Period: 31
Tasks:1
id	x	y	end	c
148	173.01	83.13	34	74.93
Drivers: 11
id	x	y	end	sensitivity
306	121.58	143.46	32	0.83
307	47.7	66.88	34	1.94
308	92.29	96.02	33	1.94
309	161.56	105.42	35	1.46
310	55.11	105.51	31	1.01
311	138.79	127.9	32	1.22
312	137.52	99.31	31	0.64
313	152.47	136.34	33	1.71
314	40	50.51	32	1.06
315	169.34	59.6	34	1.29
316	22.36	94.33	32	1.82
Period: 32
Tasks:4
id	x	y	end	c
149	118.41	194.28	33	96.06
150	182.33	191.11	36	122.8
151	133.69	117.25	36	37.85
152	115.25	2.54	34	98.65
Drivers: 7
id	x	y	end	sensitivity
317	28.94	107.04	33	0.8
318	149.41	104.32	35	1.74
319	94.73	25.87	33	0.59
320	107.78	96.29	33	1.68
321	192.54	137.48	33	1.22
322	65.95	113.37	34	1.04
323	8.75	82.7	33	1.4
Period: 33
Tasks:10
id	x	y	end	c
153	108.07	101.35	35	8.18
154	112.68	55.23	34	46.53
155	199.6	5.81	34	137.08
156	172.08	81.32	37	74.46
157	133.28	12.98	33	93.17
158	144.76	70.31	36	53.71
159	61.22	157.4	35	69.27
160	144	81.32	38	47.8
161	152.35	151.6	38	73.51
162	82.25	7.31	35	94.37
Drivers: 6
id	x	y	end	sensitivity
324	160.53	104.62	34	1.9
325	118.69	114.6	34	0.53
326	148.14	181.51	35	1.03
327	108.23	67.21	33	0.83
328	181.55	85.24	36	0.8
329	163.28	185.9	33	1.44
Period: 34
Tasks:5
id	x	y	end	c
163	98.93	120.05	39	20.08
164	30.26	56.67	35	82.1
165	53.11	40.77	39	75.54
166	66.47	132.15	36	46.45
167	87.19	29.72	37	71.44
Drivers: 17
id	x	y	end	sensitivity
330	41.86	180.43	36	1.12
331	2.33	101.21	36	1.24
332	52.27	113.61	36	1.1
333	188.15	21.27	38	0.65
334	83.42	181.96	37	1
335	3.89	59.04	35	1.63
336	187.61	192.85	34	0.54
337	161.07	117.94	38	1.91
338	171.85	133.68	34	1.76
339	176.64	6.68	35	0.5
340	141.87	132.79	35	1.74
341	127.01	46.73	37	0.85
342	167.64	19.54	38	1.13
343	86.29	40.02	35	0.68
344	90.93	186.1	34	1.36
345	185.86	25.96	38	1.32
346	191.02	60.1	34	1.19
Period: 35
Tasks:4
id	x	y	end	c
168	93.45	145.45	36	45.92
169	196.28	17.94	39	126.51
170	31.94	150.77	38	84.91
171	107.59	41.48	36	59.01
Drivers: 9
id	x	y	end	sensitivity
347	30.89	114.89	38	1.46
348	127.41	16.86	35	0.54
349	107.69	173.69	36	0.75
350	65.77	178.81	39	0.72
351	23.03	92.03	38	0.86
352	66.3	196.35	36	1.03
353	65.47	105.91	37	1.79
354	89.93	79.74	36	1.54
355	92.76	51.07	37	1.41
Period: 36
Tasks:4
id	x	y	end	c
172	120.1	84.39	37	25.45
173	94.9	185.72	39	85.87
174	111.05	33.7	41	67.21
175	121.51	199.06	42	101.37
Drivers: 10
id	x	y	end	sensitivity
356	161.38	123.91	39	1.09
357	27.15	95.91	36	1.5
358	176.43	22.12	37	1.07
359	7.84	19.67	37	1.91
360	46.26	84.76	38	0.69
361	139.73	99.19	37	1.83
362	62.54	32.06	36	1.08
363	62.64	131.02	39	0.51
364	114.53	199.52	38	1.71
365	68.01	65.98	41	1.99
Period: 37
Tasks:5
id	x	y	end	c
176	106.98	170.92	38	71.26
177	86.82	158.12	38	59.6
178	105.16	163.09	37	63.3
179	19.72	178.97	38	112.61
180	136.76	63.93	38	51.5
Drivers: 14
id	x	y	end	sensitivity
366	173.96	197.07	38	0.66
367	80.27	13.54	38	0.86
368	190.74	96.81	37	1.91
369	56.92	92.39	42	0.56
370	152.9	134.62	39	1.05
371	94	27.45	38	1.43
372	125.19	127.16	40	0.96
373	74.73	198.5	39	1.59
374	55.43	75.09	38	0.89
375	186.3	36.27	38	1.94
376	32.98	181.81	41	1.89
377	57.24	162.39	39	1.49
378	180.35	163.3	40	1.76
379	4.05	139.02	39	1.76
Period: 38
Tasks:7
id	x	y	end	c
181	114.81	64.26	40	38.69
182	47.44	160.85	40	80.41
183	69.84	123.43	39	38.19
184	56.53	125.75	41	50.52
185	34.76	157.24	38	86.79
186	78.32	110.61	39	24.14
187	153.11	90.73	41	53.91
Drivers: 9
id	x	y	end	sensitivity
380	160.38	180.39	43	0.77
381	144.88	77.52	41	1.66
382	188.11	127.71	39	0.74
383	119.1	154.51	42	1.54
384	95.34	29.6	40	1.82
385	11.16	70.36	41	1.13
386	70.66	164.67	40	1.62
387	48.69	4.98	39	1.58
388	29.3	70.07	40	0.64
Period: 39
Tasks:3
id	x	y	end	c
188	66.86	145.78	39	56.52
189	161.37	54.91	41	76.15
190	138.98	46.06	39	66.55
Drivers: 10
id	x	y	end	sensitivity
389	157.73	17.02	41	1.75
390	194.55	124.68	42	1.19
391	155.75	186.05	40	1.01
392	183.87	72.49	41	1.97
393	97.86	19.83	42	1.93
394	50.14	64.43	40	0.95
395	154.57	62.11	41	0.65
396	115.46	83.76	40	1.13
397	133.94	8.71	44	0.68
398	12.3	46.01	45	1.02
Period: 40
Tasks:10
id	x	y	end	c
191	89.26	121.19	41	23.76
192	130.14	12.75	40	92.31
193	171.74	24.06	45	104.47
194	32.52	146.96	45	82.21
195	49.34	117.46	43	53.58
196	127.48	61.26	43	47.5
197	19.89	122.49	42	83.21
198	70.05	178.21	41	83.75
199	40.51	12.4	40	105.89
200	130.47	105.23	41	30.92
Drivers: 5
id	x	y	end	sensitivity
399	20.52	18.82	44	1.3
400	164.13	25.84	40	0.84
401	151.13	74.2	40	1.27
402	177.72	31.29	43	1.17
403	82.87	129.37	44	1.29
Period: 41
Tasks:2
id	x	y	end	c
201	75.02	18.63	41	85.12
202	80.59	48.76	45	54.79
Drivers: 10
id	x	y	end	sensitivity
404	51.35	8.93	44	1.86
405	192.15	52.27	44	1.55
406	160.86	192.59	43	0.59
407	55.38	145.54	43	0.52
408	76.77	147.4	41	1.87
409	34.93	43.93	43	1.18
410	96.46	1.89	42	0.63
411	57.82	131.3	42	0.52
412	164.77	9.85	44	0.64
413	37.12	32.41	44	1.95
Period: 42
Tasks:5
id	x	y	end	c
203	129.3	133.8	46	44.73
204	197.6	160.58	42	114.87
205	142.93	184.87	42	95.11
206	63.63	40.65	44	69.61
207	113.31	187.87	43	88.87
Drivers: 4
id	x	y	end	sensitivity
414	108.05	6.5	47	1.55
415	140.61	177.85	43	0.81
416	104.35	126.31	44	1.91
417	177.72	56.22	44	1.94
Period: 43
Tasks:4
id	x	y	end	c
208	112.39	178.3	43	79.27
209	136.92	187.46	47	94.93
210	89.86	133.13	46	34.65
211	164.63	65.4	46	73.31
Drivers: 14
id	x	y	end	sensitivity
418	76.89	26.89	44	1.3
419	50.48	178.59	45	0.6
420	154.5	34.27	44	0.81
421	152.37	188.45	45	1.93
422	125.6	122.96	44	0.86
423	22	104.75	44	0.79
424	9.05	87.44	49	1.05
425	22.55	41.7	45	1.57
426	32.51	118.45	46	1.05
427	187.22	33.16	45	1.96
428	109.79	76.62	45	0.5
429	128.76	69.56	44	0.86
430	177	191.99	45	1.07
431	198.46	139.3	44	1.38
Period: 44
Tasks:4
id	x	y	end	c
212	197.09	46.46	46	110.87
213	6.86	25.12	45	119.51
214	94.21	102.51	48	6.31
215	90.29	54.82	45	46.21
Drivers: 8
id	x	y	end	sensitivity
432	90.6	45.43	44	1.76
433	145.19	176.8	44	1.37
434	157.83	75.25	47	0.9
435	12.59	81.83	46	0.55
436	158.9	27.78	49	1.2
437	133.93	139.31	48	1.4
438	148.31	61.73	46	1.53
439	57.31	15.33	45	1.79
Period: 45
Tasks:4
id	x	y	end	c
216	122.38	109.84	47	24.45
217	43.48	106.71	47	56.92
218	33.34	154.91	45	86.36
219	68.27	156.95	47	65.19
Drivers: 8
id	x	y	end	sensitivity
440	182.86	183.57	47	1.4
441	149.24	171.36	48	1.47
442	154.18	49.5	48	1.92
443	42.22	52.73	45	1.8
444	128.98	69.79	46	1.24
445	81.79	21.32	46	1.63
446	40.91	136.98	46	1.84
447	57.13	124.31	45	1.4
Period: 46
Tasks:2
id	x	y	end	c
220	104.07	29.26	48	70.86
221	157.24	15.85	50	101.77
Drivers: 7
id	x	y	end	sensitivity
448	44.04	160.68	46	0.72
449	27.59	157.68	49	1.97
450	195.23	158.99	50	0.57
451	190.76	151.06	46	1.5
452	121.35	185.26	48	1.53
453	31.85	99.2	48	1.8
454	169.14	197.99	50	1
Period: 47
Tasks:3
id	x	y	end	c
222	99.82	37.04	52	62.96
223	91.81	105.18	48	9.69
224	94.44	65.46	51	34.98
Drivers: 10
id	x	y	end	sensitivity
455	198.38	3.83	48	1.13
456	191.78	75.78	49	1
457	19.14	181.64	48	0.81
458	178.77	172.66	47	1.87
459	163.62	82.38	50	1.7
460	87.98	158.11	48	0.86
461	55.44	130.54	50	0.87
462	110.21	191.93	49	0.75
463	96.37	188.89	48	1.43
464	139.22	151	49	1.33
Period: 48
Tasks:5
id	x	y	end	c
225	22.42	21.66	51	110.25
226	30.89	87.48	51	70.23
227	172.73	172.53	50	102.71
228	105.9	173.83	50	74.07
229	5.04	77.24	50	97.65
Drivers: 7
id	x	y	end	sensitivity
465	56.25	4.92	51	0.63
466	158.09	188.61	50	1.03
467	182.41	183.45	49	0.64
468	1.64	85.76	48	1.77
469	40.93	56.7	50	1.14
470	136.24	62.57	49	1.31
471	123.81	37.71	50	1.71
Period: 49
Tasks:7
id	x	y	end	c
230	92.54	95.56	52	8.68
231	35.55	38	51	89.43
232	18.89	72.34	49	85.7
233	188.32	41.91	50	105.71
234	53.26	8.06	50	103.14
235	175.62	78.56	51	78.6
236	51.58	127.21	51	55.54
Drivers: 4
id	x	y	end	sensitivity
472	84.23	68.26	51	0.73
473	139.6	17.45	51	0.55
474	80.12	167.04	49	1.99
475	134.66	49.31	51	0.97
Period: 50
Tasks:3
id	x	y	end	c
237	110.79	151.24	53	52.36
238	28.25	100.61	53	71.75
239	23.61	29.24	52	104.13
Drivers: 12
id	x	y	end	sensitivity
476	113.72	31.96	53	1.1
477	78.69	77.22	51	1.76
478	115.14	143.23	53	1.11
479	15.95	40.38	53	0.71
480	32	40.48	51	1.06
481	172.52	53.59	51	0.57
482	123.93	135.53	51	1.96
483	114.37	161.19	55	0.81
484	76.8	138.2	52	0.86
485	23.66	101.35	53	0.58
486	93.3	172.46	53	0.76
487	19.03	189.72	52	0.88
Period: 51
Tasks:6
id	x	y	end	c
240	142.77	33.61	54	78.97
241	45.17	52.82	53	72.33
242	13.12	128.6	52	91.47
243	108.35	81.11	57	20.65
244	156.59	105.77	54	56.88
245	96.12	94.66	52	6.6
Drivers: 14
id	x	y	end	sensitivity
488	184	16.23	51	0.73
489	25.05	157.68	55	1.08
490	69.9	171.89	56	1.41
491	172.28	181.34	52	1.19
492	147.04	117.56	54	0.75
493	90.19	171.89	53	0.96
494	92.07	115.1	52	1.56
495	181.33	120.75	52	0.79
496	76.46	135.72	51	1.13
497	29.28	84.73	51	1.61
498	156.74	153.22	53	1.36
499	8.45	31.9	54	0.83
500	3.56	177.23	52	1.82
501	161.17	194.98	52	1.16
Period: 52
Tasks:3
id	x	y	end	c
246	167.32	9.38	53	112.89
247	24.04	52.12	56	89.79
248	92.55	47.69	55	52.84
Drivers: 9
id	x	y	end	sensitivity
502	64.56	138.77	53	1.52
503	191.72	153.89	54	1.91
504	114.17	60.57	56	0.55
505	109.55	23.64	56	1.53
506	191.8	65.88	54	0.87
507	38.57	25.43	54	1.09
508	48.08	145.95	54	1.69
509	9.86	117.45	56	0.63
510	139.59	113.42	56	0.77
Period: 53
Tasks:6
id	x	y	end	c
249	40.55	191.23	54	108.89
250	107.66	19.77	55	80.59
251	136.78	54.22	55	58.72
252	182.33	50.93	58	95.84
253	124.15	68.94	54	39.34
254	107.12	48.38	58	52.11
Drivers: 8
id	x	y	end	sensitivity
511	148.82	15.86	55	1.69
512	191.21	70.76	56	1.36
513	69.46	177.86	53	1.46
514	157.57	187.25	56	1.11
515	7.81	95.93	58	1.39
516	174.9	120.99	54	1.96
517	36.16	47.24	56	0.91
518	29.03	42.61	55	1.21
Period: 54
Tasks:6
id	x	y	end	c
255	190.31	15.71	58	123.53
256	49.78	183.96	56	97.83
257	62.35	184.71	54	92.7
258	47.47	97.6	56	52.58
259	95.96	132.85	56	33.1
260	139.33	71.44	58	48.61
Drivers: 5
id	x	y	end	sensitivity
519	69.67	122.77	56	1.6
520	180.2	81.31	56	0.91
521	89.79	160.04	54	0.7
522	158.04	146.56	57	1.29
523	64.66	88.14	60	0.7
Period: 55
Tasks:8
id	x	y	end	c
261	115.36	155.97	55	58.04
262	63.07	29.2	55	79.85
263	136.81	42.13	56	68.59
264	195.73	193.72	57	133.97
265	9.36	38.76	56	109.39
266	182.63	107.26	56	82.95
267	0.7	18.63	58	128.38
268	59.02	68.22	58	51.86
Drivers: 13
id	x	y	end	sensitivity
524	84.56	38.83	57	0.77
525	19.44	106.1	57	1.82
526	17.77	134.59	59	1.26
527	169.07	15.5	57	1.07
528	108.85	92.69	57	0.64
529	26.58	132.58	55	1.17
530	142.16	136.59	60	1.93
531	33.68	162.12	60	0.91
532	25.39	32.19	58	0.65
533	144.89	178.74	57	1.61
534	28.78	159.04	57	1.89
535	105.02	13.36	57	1.44
536	37.99	106.61	57	1.11
Period: 56
Tasks:3
id	x	y	end	c
269	0.83	92.57	58	99.45
270	167.75	2.05	57	119.1
271	27.6	160.48	56	94.34
Drivers: 7
id	x	y	end	sensitivity
537	134.54	6.11	59	1.44
538	171.8	57.68	57	0.51
539	15.26	175.93	58	0.9
540	91.66	12.14	60	0.7
541	129.65	82.29	56	0.97
542	160.13	25.72	56	1.32
543	123.64	78.24	56	1.47
Period: 57
Tasks:7
id	x	y	end	c
272	7.8	42.35	62	108.74
273	50.05	70.32	60	58.1
274	150.81	11.61	58	101.95
275	147.45	46.19	57	71.74
276	165.06	153.09	60	83.97
277	120.46	134.09	58	39.76
278	173	74.45	57	77.34
Drivers: 17
id	x	y	end	sensitivity
544	109.47	76.2	60	0.86
545	64.29	150.33	60	1.26
546	156.75	188.13	59	0.94
547	16.71	12.63	59	1.38
548	171.08	185.33	60	0.76
549	102.09	53.35	58	1.99
550	78.46	8.17	60	0.88
551	174.88	83.93	58	1.2
552	45.11	13.95	60	1.93
553	191.37	134.1	59	0.57
554	153.14	71.94	59	1.25
555	59.48	7.85	60	0.63
556	74.74	169.45	60	1.9
557	6.25	111.21	60	1.29
558	19.16	141.54	59	1.18
559	198.48	43.98	59	1.96
560	174.82	24.86	59	1.43
Period: 58
Tasks:5
id	x	y	end	c
279	176.97	159.58	59	97.34
280	146.7	187.29	61	99
281	18.06	55.48	58	93.25
282	147.45	135.22	59	59.09
283	58.65	192.9	60	101.69
Drivers: 6
id	x	y	end	sensitivity
561	19.85	191.35	61	0.64
562	64.35	174.85	60	0.6
563	173.65	157.96	59	0.77
564	30.23	33.39	58	1.23
565	112.63	88.4	61	1.64
566	154.59	156.9	62	1
Period: 59
Tasks:3
id	x	y	end	c
284	151.86	103.74	62	51.99
285	97.36	78.05	59	22.11
286	148.39	170.21	59	85.27
Drivers: 9
id	x	y	end	sensitivity
567	75.81	41.46	61	1.73
568	8.33	160.95	62	1.59
569	75.71	7.79	61	1.14
570	95.52	139.67	62	1.56
571	18.86	0.44	63	1.88
572	120.18	137.21	63	1.14
573	51.66	61.33	62	1.81
574	160.42	74.21	64	1.22
575	80.96	38.96	64	1.43
Period: 60
Tasks:9
id	x	y	end	c
287	139.42	23.07	63	86.44
288	84.75	156.27	64	58.3
289	107.86	95.54	61	9.04
290	15.12	150.21	62	98.62
291	111.51	180.4	64	81.22
292	153.55	115.33	60	55.7
293	33.82	65	60	74.87
294	53.02	72.59	62	54.39
295	45.47	60.08	63	67.58
Drivers: 12
id	x	y	end	sensitivity
576	30.12	145.6	64	0.9
577	85.74	83.08	62	0.56
578	47.83	22.8	61	0.6
579	189.77	138.6	63	0.98
580	51.16	66.37	63	1.54
581	120.74	155.76	62	0.62
582	180	115.02	63	1.66
583	120.53	22.74	62	0.52
584	49.99	143.17	61	1.64
585	155.9	126.33	60	0.53
586	128.38	17.57	62	1.52
587	23.43	13.64	64	0.73
Period: 61
Tasks:7
id	x	y	end	c
296	105.09	94.89	63	7.21
297	72.06	123.51	63	36.52
298	5.27	185.21	61	127.41
299	50.99	10.19	61	102.31
300	80.51	162.43	64	65.4
301	6.47	140.63	62	101.97
302	43.99	56.67	65	70.81
Drivers: 8
id	x	y	end	sensitivity
588	27.44	65.06	62	1.01
589	41.72	4.06	65	1.86
590	42.65	70.78	61	1.86
591	194.86	121.62	63	1.19
592	64.57	57.05	63	1.83
593	55.22	140.05	64	1
594	52.27	52	62	0.99
595	122.64	70.33	63	0.67
Period: 62
Tasks:5
id	x	y	end	c
303	32.6	128.85	66	73.31
304	181.29	128.97	63	86.3
305	114.15	126.29	63	29.86
306	53.44	1.92	62	108.57
307	50.04	34.1	62	82.7
Drivers: 13
id	x	y	end	sensitivity
596	109.51	194.14	64	0.83
597	125.87	78.24	65	1.73
598	97.96	180.84	64	1.47
599	24.71	1.14	63	1.04
600	121.24	97.61	66	1.21
601	158.9	132.29	64	1.37
602	156.41	125.38	66	1.99
603	162.27	153.26	64	1.47
604	185.8	103.02	63	0.58
605	47.36	164.45	65	1.01
606	115.31	92.77	63	0.64
607	82.27	48.77	64	0.59
608	103.76	159.34	65	1.01
Period: 63
Tasks:3
id	x	y	end	c
308	165.82	162.07	67	90.47
309	163.56	93.59	65	63.88
310	38.59	176.57	67	98.15
Drivers: 13
id	x	y	end	sensitivity
609	65.95	129.66	68	1.5
610	54.81	60.84	64	1.39
611	191.23	165.22	64	1.36
612	56.16	77.23	64	1.73
613	136.15	88.36	68	1.08
614	116.43	37.47	66	1.58
615	152.61	118.04	65	1.91
616	34.5	169.96	63	1.64
617	185.64	82.24	63	1.31
618	141.45	142.58	65	1.78
619	141.59	199.69	64	1.34
620	53.97	55.76	65	1.18
621	7.09	116.16	65	0.77
Period: 64
Tasks:12
id	x	y	end	c
311	10.29	112.53	65	90.58
312	192.65	104.45	65	92.76
313	163.56	104.2	64	63.7
314	116.37	43.22	65	59.09
315	172.09	173.89	68	103.23
316	183.04	128.66	69	87.85
317	180.48	143.07	66	91.28
318	91.94	29.18	65	71.28
319	183.41	151.77	69	98.17
320	93.41	79.18	64	21.84
321	173.84	88.53	67	74.73
322	138.17	177.99	65	86.83
Drivers: 14
id	x	y	end	sensitivity
622	8.86	5.87	66	1.09
623	150.74	123.55	68	0.62
624	87.54	114.62	65	1.25
625	33.75	84.95	64	1.43
626	104.88	176.53	66	0.73
627	186.82	133.96	65	0.68
628	112.06	17.39	64	0.82
629	10.99	68.87	66	1.79
630	53.3	106.6	68	0.54
631	91.46	105.89	66	0.64
632	145.74	5.64	69	1.22
633	43.24	1.93	66	1.98
634	47.04	157.3	67	1.49
635	154.46	57.79	66	1.06
Period: 65
Tasks:5
id	x	y	end	c
323	163.86	168.34	67	93.53
324	81.27	78.78	69	28.3
325	108.21	150.67	68	51.33
326	77.75	27.93	66	75.43
327	166.9	54.41	69	80.96
Drivers: 10
id	x	y	end	sensitivity
636	98.87	154.36	66	1.41
637	193.5	121.35	66	0.78
638	116.27	82.58	66	1.89
639	116.44	198.99	65	1.46
640	84.57	100.05	65	1.84
641	52.41	183.25	65	1.38
642	74.21	192.07	66	1.66
643	26.34	9.49	65	1.31
644	118.92	100.19	70	1.46
645	14.23	152.94	65	1.83
Period: 66
Tasks:3
id	x	y	end	c
328	65.42	99.85	69	34.58
329	155.17	64.5	68	65.6
330	88.94	33.56	69	67.35
Drivers: 7
id	x	y	end	sensitivity
646	132.16	93.11	67	1.25
647	189.16	164.31	68	1.91
648	42.1	52.99	69	1.37
649	195.97	114.39	66	1.77
650	188.2	68.36	67	1.25
651	101.15	53.95	67	1.63
652	156.49	153.97	67	1.6
Period: 67
Tasks:5
id	x	y	end	c
331	99.77	155.51	69	55.51
332	94.57	167.95	67	68.17
333	23.42	78.27	67	79.6
334	20.65	192.42	67	121.81
335	95.06	140.01	68	40.31
Drivers: 13
id	x	y	end	sensitivity
653	127.65	90.69	68	1.05
654	68.48	182.01	70	1.38
655	11.72	22.88	69	1.57
656	73.98	45.71	68	1.15
657	106.08	37.02	71	1.87
658	70.86	152.43	68	1.57
659	118.62	11.21	69	0.67
660	185.97	54.14	71	2
661	12.94	112.23	70	1.67
662	124.44	152.91	67	0.63
663	189.38	27.94	71	0.65
664	64.47	100.11	70	1.44
665	113.1	34.39	69	1.3
Period: 68
Tasks:8
id	x	y	end	c
336	128.8	184.42	70	89.2
337	119.66	82.95	70	26.02
338	18.07	175.09	68	111.14
339	111.82	192.87	70	93.62
340	68.01	35.2	68	72.27
341	96.55	69.07	69	31.12
342	144.15	183.34	68	94.31
343	184.82	45.4	74	100.87
Drivers: 13
id	x	y	end	sensitivity
666	106.34	59.29	72	0.52
667	196.38	123.99	68	0.71
668	119.3	90.98	69	1.54
669	37.4	33.33	69	0.55
670	172.77	56.61	71	0.7
671	20.21	59.46	70	0.61
672	53.05	191.07	72	0.91
673	127.06	30.76	73	0.59
674	135.23	33.24	69	0.73
675	186.3	60.4	70	1.73
676	155.78	5.43	71	1.57
677	50.74	11.62	71	1.52
678	153.27	104.99	70	0.95
Period: 69
Tasks:5
id	x	y	end	c
344	81.38	9.38	71	92.51
345	97.15	132.22	70	32.35
346	108.61	167.08	71	67.63
347	84.3	156.93	70	59.06
348	2.06	74.21	72	101.28
Drivers: 11
id	x	y	end	sensitivity
679	172.85	8.12	71	1.49
680	163.16	157.16	70	1.44
681	36.06	147.48	69	1.59
682	196.73	175.73	70	2
683	173.68	114.27	70	0.8
684	120.07	33.98	75	1.36
685	197.97	63.77	73	1.12
686	148.82	177.66	70	1.02
687	109.56	130.25	72	1.19
688	127.06	31.83	70	1.52
689	121.2	20.72	70	0.81
Period: 70
Tasks:6
id	x	y	end	c
349	173.52	163.4	71	97.08
350	82.54	175.71	71	77.7
351	170.21	91.16	74	70.76
352	121.98	111.97	71	25.03
353	121.04	124.52	74	32.31
354	161.24	69.79	72	68.29
Drivers: 9
id	x	y	end	sensitivity
690	8.42	17.18	75	1.37
691	145.92	33.65	70	1.08
692	165.16	29.5	71	1.21
693	12.8	152.47	73	1.2
694	19.35	102.64	71	0.78
695	113.87	181.75	72	1.58
696	150.83	2.51	71	1.95
697	100.29	139.8	72	1.21
698	83.47	158.52	71	1.25
Period: 71
Tasks:2
id	x	y	end	c
355	167.93	86.48	73	69.26
356	186.9	128.4	73	91.42
Drivers: 14
id	x	y	end	sensitivity
699	97.67	34.17	72	1.66
700	28.93	40.47	73	1.57
701	144.46	27.19	73	0.68
702	157.68	84.05	72	1.57
703	104.82	53.74	74	0.93
704	85.73	161.25	73	1.66
705	131.98	142.25	73	1.25
706	63.67	32.05	71	1.57
707	155.17	127.22	71	0.62
708	76.2	20.44	72	1.4
709	186.16	80.11	74	1.63
710	67.52	72.26	73	0.6
711	93.15	168.88	74	0.73
712	67.23	54.21	71	1.02
Period: 72
Tasks:10
id	x	y	end	c
357	84.33	127.42	73	31.58
358	132.67	153.1	73	62.35
359	117.58	181.91	75	83.78
360	199.13	155.24	78	113.48
361	63.38	194.49	76	101.34
362	110.1	121.67	74	23.91
363	76.59	43.82	76	60.86
364	186.29	170.21	75	111.24
365	140.41	134.7	75	53.26
366	54.36	22.24	74	90.16
Drivers: 8
id	x	y	end	sensitivity
713	129.76	25.4	74	1.38
714	181.16	77.69	75	0.67
715	166.61	69.76	73	1.9
716	73.39	7.61	78	1.56
717	167.47	138.29	75	1.09
718	151.08	45.28	76	1.32
719	3.09	178.63	74	0.63
720	160.7	101.65	74	1.6
Period: 73
Tasks:1
id	x	y	end	c
367	174.69	170.6	76	102.78
Drivers: 15
id	x	y	end	sensitivity
721	104.06	62.92	75	1.69
722	170.92	189.55	73	0.57
723	111.02	98.62	75	1.01
724	142.23	174.2	74	0.93
725	175.13	91.13	73	1.59
726	69.2	147.35	74	0.75
727	25.81	198.75	73	1.72
728	121.2	50.94	75	1.26
729	62.61	74.62	77	0.66
730	109.25	19.96	73	1.74
731	197.16	94.89	74	0.56
732	110.73	36.93	75	1.08
733	154.74	95.94	74	1.9
734	123.64	57.43	77	1.41
735	7.23	190.52	74	1.88
Period: 74
Tasks:2
id	x	y	end	c
368	129.95	99.5	76	29.95
369	4.48	29.12	76	118.95
Drivers: 14
id	x	y	end	sensitivity
736	85.52	71.62	79	0.75
737	16.83	22.28	78	0.95
738	153.36	163.47	76	1.06
739	82.48	134.17	74	1.99
740	170.16	155.48	76	0.54
741	193.74	188.55	79	0.79
742	68.28	7.3	74	1.33
743	112.98	1.59	77	1.84
744	64.56	11.27	74	0.76
745	80.24	63.77	78	1.8
746	170.67	143.63	74	0.76
747	120.37	11.32	74	1.44
748	137.1	15.89	75	1.81
749	91.81	42.15	77	1.7
Period: 75
Tasks:3
id	x	y	end	c
370	139.99	83.62	81	43.21
371	47.15	71.57	77	60.01
372	136.77	139.75	77	54.15
Drivers: 4
id	x	y	end	sensitivity
750	105.41	124.38	77	0.91
751	81.51	130.46	75	1.93
752	62.66	116.4	79	1.23
753	169.64	84.59	77	1.1
Period: 76
Tasks:12
id	x	y	end	c
373	101.98	182.61	77	82.63
374	167.88	17.17	77	107.09
375	197.8	39.45	77	115.03
376	46.67	170.41	78	88.33
377	41.28	67.94	76	66.9
378	86.07	41.35	79	60.28
379	193.52	48.39	76	106.82
380	86.93	72.03	77	30.87
381	56.32	177.75	76	89.18
382	123.1	111.99	76	26.03
383	97.62	161.35	77	61.4
384	117.76	55.54	79	47.88
Drivers: 7
id	x	y	end	sensitivity
754	168.71	22.56	76	1.48
755	170.33	193.67	81	1.13
756	8.73	103.56	78	1.67
757	113.06	97.75	78	0.95
758	190.14	99.04	76	1.69
759	135.04	125.51	76	0.85
760	118.56	65.42	79	1.47
Period: 77
Tasks:6
id	x	y	end	c
385	35.22	124.41	79	69.23
386	179.35	75.69	79	82.99
387	156.31	125.45	78	61.79
388	105.29	78.13	77	22.5
389	157.01	60.19	79	69.53
390	153.17	46.41	77	75.49
Drivers: 17
id	x	y	end	sensitivity
761	99.73	165.26	78	0.69
762	170.16	48.61	80	1.91
763	109.47	191.69	79	1.99
764	144.39	42.11	81	0.74
765	104.66	166.81	78	0.74
766	77.79	151.08	81	1.6
767	116.13	62.44	78	0.88
768	31.14	42.63	80	0.62
769	139.73	95.1	78	1.01
770	28.16	120.55	80	1.01
771	35.52	36.3	79	1.38
772	65.21	167.47	78	1.72
773	30.7	176.66	77	0.59
774	174.62	76.17	78	1.43
775	148.11	105.08	80	0.86
776	190.99	103.61	81	1.49
777	91.36	48.94	80	0.73
Period: 78
Tasks:3
id	x	y	end	c
391	138.58	184.05	78	92.48
392	165.31	1.07	83	118.54
393	13.41	176.23	80	115.36
Drivers: 6
id	x	y	end	sensitivity
778	69.55	88.03	78	1.19
779	37.53	161.13	79	1.25
780	199.46	73.81	80	1.26
781	158.6	170.42	81	1.7
782	147.98	101.28	80	1.25
783	6.32	80.68	79	0.61
Period: 79
Tasks:7
id	x	y	end	c
394	118.5	172.68	84	75
395	169.34	68.09	80	76.33
396	68.19	186.12	82	91.81
397	89.41	65.13	81	36.44
398	164.44	102.25	81	64.48
399	99.69	70.43	81	29.57
400	31.33	14.93	82	109.33
Drivers: 16
id	x	y	end	sensitivity
784	172.06	196.54	80	1.96
785	116.67	96.69	80	1.71
786	166.61	78.34	83	0.62
787	170.58	32.74	79	1.64
788	185.57	73.59	82	1.17
789	124.28	63.26	80	1.95
790	46.56	127.2	80	1.56
791	20.68	155.29	79	0.97
792	180.64	9.17	81	0.81
793	5.31	170.61	79	1.65
794	174.05	196.42	81	0.73
795	67.12	59.41	80	1.94
796	134.74	195.33	79	0.59
797	58.26	25.82	81	1.49
798	193.82	63.89	82	1.88
799	53.59	76.85	82	1.98
Period: 80
Tasks:5
id	x	y	end	c
401	158.47	83.84	81	60.66
402	107.24	128.67	87	29.57
403	138.57	192.8	83	100.5
404	172.88	194.19	83	119.09
405	89.2	64.11	82	37.48
Drivers: 10
id	x	y	end	sensitivity
800	142.53	133.32	84	1
801	119.29	162.36	82	1.88
802	118.5	65.96	80	1.27
803	47.89	129.82	82	0.93
804	104.94	52.33	82	1.59
805	43.14	126.96	82	0.71
806	148.87	153.91	81	1.09
807	128.83	48.17	82	1.58
808	192.74	174.88	82	1.42
809	6.12	167.21	81	1.08
Period: 81
Tasks:4
id	x	y	end	c
406	29.12	128.39	85	76.35
407	9.41	130.95	83	95.73
408	36.81	150.17	82	80.68
409	196.93	9.33	84	132.73
Drivers: 6
id	x	y	end	sensitivity
810	6.15	87.2	82	1.8
811	133.68	170.82	84	1
812	79.94	33.86	82	1.2
813	1.95	154.12	83	1.72
814	137.38	85.97	82	0.93
815	199.93	30.2	83	0.96
Period: 82
Tasks:4
id	x	y	end	c
410	164.85	176.07	82	99.96
411	42.3	2.08	83	113.66
412	42.91	63.76	82	67.62
413	177.94	162.9	85	100.16
Drivers: 8
id	x	y	end	sensitivity
816	103.61	84.84	83	1.95
817	167.77	73.57	83	0.91
818	56.89	163.1	83	0.82
819	112.65	134.88	83	1.91
820	69.55	183.3	85	0.78
821	0.02	52.79	82	0.53
822	25.87	17.01	86	1.83
823	61.13	91.88	84	1.2
Period: 83
Tasks:7
id	x	y	end	c
414	76.52	7.74	85	95.2
415	81.88	118.44	85	25.85
416	144.11	83.45	83	47.11
417	99.74	187.65	84	87.65
418	159.44	196.28	85	113.15
419	197.68	147.29	91	108.53
420	174.24	99.88	85	74.24
Drivers: 9
id	x	y	end	sensitivity
824	86.88	37.7	84	1.06
825	26	113.98	84	1.42
826	147.36	85.96	91	0.9
827	182.52	12.16	86	0.91
828	45.84	10.82	84	0.96
829	189.93	84.14	83	1.76
830	51.54	50.72	85	1.7
831	93.83	19.02	85	1.43
832	80.32	175.71	85	1.57
Period: 84
Tasks:5
id	x	y	end	c
421	78.02	38.01	86	65.77
422	195.22	136.39	85	101.94
423	90.39	8.31	87	92.19
424	119.21	158.16	87	61.25
425	142.31	44.28	88	69.96
Drivers: 7
id	x	y	end	sensitivity
833	26.72	165.33	85	0.71
834	21.78	41.43	85	1.05
835	169.73	14.02	86	0.63
836	166.54	185.65	88	1.56
837	50.06	153.9	85	1.3
838	123.15	195.93	85	0.95
839	18.73	1.45	86	1.05
Period: 85
Tasks:10
id	x	y	end	c
426	60.09	11.53	87	97.06
427	24.42	158.8	89	95.76
428	85.63	137.11	86	39.8
429	94.76	102.88	88	5.98
430	108.83	107.75	87	11.75
431	147.9	37.11	86	79.05
432	81.16	153.52	85	56.74
433	83.01	164.6	88	66.8
434	67.61	146.91	90	57.01
435	70.8	170.56	87	76.36
Drivers: 12
id	x	y	end	sensitivity
840	74.74	38.09	86	0.9
841	192.92	156.91	85	0.53
842	90.82	182.64	88	1.13
843	65.73	94.98	85	1.01
844	123.79	32.66	86	1.12
845	20.56	136.07	86	0.97
846	37.16	169.62	86	0.67
847	75.12	53.88	89	1.38
848	197.02	124.16	86	0.56
849	4.94	85.13	88	1.04
850	21.12	152.3	85	1.1
851	35.49	142.23	87	1.54
Period: 86
Tasks:8
id	x	y	end	c
436	76.73	74.96	90	34.18
437	128.24	48.78	87	58.49
438	141.44	168.44	88	80.01
439	87.12	93.53	89	14.41
440	38.56	81.16	88	64.26
441	119.36	176.57	89	78.98
442	194.1	185.9	89	127.41
443	64.82	74.24	89	43.6
Drivers: 15
id	x	y	end	sensitivity
852	62.97	5.2	88	0.86
853	7.94	97.57	86	1.65
854	108.54	169.51	89	1.52
855	101.22	190.12	87	1.82
856	15.37	71.62	89	0.66
857	103.58	80.79	87	0.66
858	47.15	98.98	89	0.96
859	65.55	166.81	89	1.54
860	142.63	117.36	87	0.75
861	164.6	126.19	86	1.1
862	88.19	20.66	86	0.93
863	127.83	0.38	88	0.61
864	147.93	12.86	89	1.97
865	41.98	27.79	87	0.74
866	88.76	191.08	89	1.37
Period: 87
Tasks:3
id	x	y	end	c
444	83.26	66.1	87	37.81
445	196.91	174.68	90	122.35
446	46.52	134.22	89	63.49
Drivers: 3
id	x	y	end	sensitivity
867	119.75	59.6	90	1.74
868	0.1	7.93	88	1.51
869	74.28	139.32	89	1.87
Period: 88
Tasks:7
id	x	y	end	c
447	10.71	63.59	91	96.43
448	77.97	98.93	88	22.06
449	120.39	55.59	88	48.87
450	54.7	123.88	88	51.21
451	98.12	30.34	90	69.69
452	42.31	152.1	92	77.73
453	19.14	8.86	89	121.84
Drivers: 9
id	x	y	end	sensitivity
870	194	37.11	91	1.58
871	139.19	78.55	91	0.66
872	14.08	28.48	91	1.15
873	82.95	23.24	88	1.56
874	180.5	100.94	88	1.2
875	174.29	88.97	91	1.26
876	167.42	168.79	92	1.49
877	28.89	150.78	88	0.64
878	40.74	131.84	90	0.64
Period: 89
Tasks:3
id	x	y	end	c
454	62.37	57.16	92	57.02
455	80.57	46.63	92	56.8
456	55.47	167.84	90	81.15
Drivers: 6
id	x	y	end	sensitivity
879	155.45	186.44	90	1.58
880	27.92	168.49	91	1.15
881	188.17	71.33	95	1.87
882	163.49	7.51	90	0.7
883	190.32	133.83	89	1.59
884	148.44	174.73	90	0.59
Period: 90
Tasks:7
id	x	y	end	c
457	182.96	132.6	92	89.14
458	112.84	38.53	91	62.8
459	106.84	32.21	93	68.13
460	179.63	79.89	91	82.13
461	123.49	141.86	90	48
462	178.44	20.16	93	111.93
463	157.39	85.25	91	59.26
Drivers: 8
id	x	y	end	sensitivity
885	51.87	28.95	91	1.87
886	44.01	198.12	92	0.95
887	69.71	129.87	90	1.38
888	104.96	94.96	92	1.77
889	192.97	139.22	93	1.18
890	66.09	102.53	90	1.81
891	185.62	78.42	92	1.71
892	120.06	113.48	92	1.79
Period: 91
Tasks:6
id	x	y	end	c
464	160.19	145.97	91	75.74
465	85.69	54.96	92	47.26
466	1.54	134.59	93	104.36
467	174.68	14.8	93	113.3
468	28.95	14.9	94	110.86
469	34.33	104.54	93	65.83
Drivers: 12
id	x	y	end	sensitivity
893	104.34	189.71	91	1.93
894	2.45	151.59	94	0.57
895	188.62	143.11	95	0.75
896	161.76	155.68	93	1.82
897	22.9	82.75	92	1.78
898	118.03	80.96	91	0.55
899	158.65	49.94	92	1.1
900	7.78	2.71	92	1.44
901	71.18	32.49	95	1.03
902	5.74	119.02	93	1.6
903	9.26	106.4	93	0.63
904	146.84	10.46	92	1.62
Period: 92
Tasks:3
id	x	y	end	c
470	1.4	160.05	96	115.45
471	82.84	120.52	94	26.75
472	113.82	82.6	93	22.22
Drivers: 6
id	x	y	end	sensitivity
905	155.64	157.09	94	1.87
906	132.18	199.31	92	1.68
907	88.94	9.54	92	1.64
908	113.79	176.69	95	1.61
909	65.08	80.82	94	0.54
910	151.32	114.19	93	0.5
Period: 93
Tasks:6
id	x	y	end	c
473	188.64	58.09	96	98.05
474	141.93	46.96	95	67.61
475	66.25	156.75	94	66.03
476	186.21	138.95	94	94.6
477	58.56	185.89	94	95.36
478	131.86	154.33	95	62.98
Drivers: 12
id	x	y	end	sensitivity
911	54.8	171.41	95	0.52
912	28.06	62.96	94	1.93
913	41.67	14.8	95	1.51
914	41.48	21.17	97	1.04
915	10.68	75.34	93	1.83
916	174.72	31	93	1.36
917	179.61	129.84	96	1.88
918	22.63	165.81	96	1.86
919	17.14	171.75	94	1.12
920	160.51	79.27	96	1.37
921	145.4	88.7	95	1.87
922	60.97	35.7	95	1.63
Period: 94
Tasks:7
id	x	y	end	c
479	95.85	1.29	96	98.8
480	192.01	149.91	94	104.67
481	145.56	23.36	97	89.16
482	115.29	94.7	98	16.18
483	25.09	185.98	94	114.04
484	5.27	16.5	95	126.28
485	186.02	40.13	96	104.8
Drivers: 11
id	x	y	end	sensitivity
923	80.21	28.23	98	1.61
924	111.62	54.67	94	0.55
925	118.7	181.72	99	0.76
926	42.04	63.62	98	1.71
927	111.23	70.77	99	0.87
928	26.58	28.02	94	1.82
929	12.36	51.37	94	1.18
930	196.18	14.7	95	0.64
931	53.49	188.13	96	0.9
932	141.09	193.21	96	0.87
933	190.94	81.6	94	0.8
Period: 95
Tasks:5
id	x	y	end	c
486	181.68	25.65	97	110.45
487	6.24	173.51	97	119.14
488	192.89	174.91	100	119.33
489	74.75	51.75	97	54.46
490	191.52	196.38	96	132.91
Drivers: 15
id	x	y	end	sensitivity
934	122.97	171	96	1.14
935	104.28	11.45	95	0.82
936	0.9	117.92	97	1.52
937	111.51	137.42	97	0.57
938	171.06	26.59	96	0.54
939	164.23	123.82	95	1.46
940	57.31	33.11	97	0.56
941	181.46	32	95	1.95
942	136.89	137.28	97	0.91
943	97.57	8.11	96	0.76
944	197.32	149.89	97	0.68
945	19.35	144.87	100	1.42
946	195.56	178.06	98	0.71
947	178.07	190.29	98	0.86
948	135.91	31.11	95	1.61
Period: 96
Tasks:3
id	x	y	end	c
491	41.99	150.28	99	76.77
492	11.85	27.16	98	114.35
493	22.25	131.79	96	84
Drivers: 9
id	x	y	end	sensitivity
949	73.59	52.02	98	1.85
950	43.8	153.81	98	0.75
951	20.85	38.35	100	0.55
952	71.8	13.05	97	1.94
953	30.8	184.16	100	0.56
954	79.1	43.92	97	1.93
955	21	6.14	98	1.66
956	60.83	29.53	97	1.91
957	92.67	150.19	99	1.27
Period: 97
Tasks:5
id	x	y	end	c
494	17.96	142.86	97	92.56
495	144.32	10.58	98	99.8
496	70.99	7.96	100	96.5
497	176.53	195.16	99	122.12
498	124.35	183.02	99	86.52
Drivers: 12
id	x	y	end	sensitivity
958	62.85	180.34	99	1.25
959	193.18	34.31	97	0.55
960	139.65	184.53	100	1.17
961	126.67	143.98	97	1.73
962	79.14	34.69	98	1.76
963	179.53	189.79	100	0.67
964	110.23	113.28	99	0.72
965	73.87	116.02	98	0.73
966	40.61	120.51	99	1.08
967	140.71	32.55	98	0.56
968	111.13	67.86	98	1.4
969	158.18	14.4	101	1.92
Period: 98
Tasks:3
id	x	y	end	c
499	175.65	1.39	98	124.29
500	168.38	7.88	99	114.73
501	52.35	155.16	101	72.89
Drivers: 9
id	x	y	end	sensitivity
970	21.65	27.91	101	0.69
971	89.76	32.58	99	1.08
972	197.01	170.03	100	0.72
973	4.41	116.81	100	0.67
974	102.6	107.34	101	0.89
975	182.91	39.12	98	0.71
976	0.97	108.35	100	1.87
977	91.45	95.79	101	2
978	97.01	68.18	100	1.81
Period: 99
Tasks:4
id	x	y	end	c
502	103.16	115.72	101	16.03
503	23.42	0.3	100	125.72
504	88.74	27.14	100	73.72
505	133.03	168.2	101	75.78
Drivers: 9
id	x	y	end	sensitivity
979	139.64	188.73	100	1.45
980	104.15	53.03	103	0.59
981	72.74	53.39	102	1.9
982	166.85	45.64	102	0.53
983	177.6	109.88	103	1.12
984	7.76	128.37	100	0.61
985	196.39	0.29	102	0.85
986	185.15	19.03	101	1.55
987	1.24	92.73	101	0.63
Period: 100
Tasks:3
id	x	y	end	c
506	89.37	193.27	104	93.87
507	69.27	193.98	102	98.88
508	83.56	62.47	101	40.97
Drivers: 11
id	x	y	end	sensitivity
988	149.7	48.38	102	0.51
989	83.43	56.94	104	1.8
990	33.19	135.03	101	0.71
991	84.72	190.66	101	1.92
992	104.18	94.97	104	0.75
993	68.65	92.26	104	0.64
994	152.17	46.51	101	1.54
995	197.95	132.87	101	1.81
996	126.32	197.11	103	1.57
997	151.72	52.3	105	1.83
998	63.22	97.81	102	0.66
