Periods: 100
Task Arrival Rate: 5
Task Average Time: 3
Driver Arrival Rate: 15
Driver Average Time: 3
Period: 1
Tasks:8
id	x	y	end	c
1	33.74	97.44	4	66.31
2	56.67	175.23	3	86.82
3	157.35	123.48	6	61.97
4	179.17	45.23	6	96.27
5	27.62	19.75	3	108.07
6	132.94	49.26	4	60.49
7	24.38	182.12	3	111.63
8	150.91	169.82	3	86.41
Drivers: 12
id	x	y	end	sensitivity
1	134.3	64.96	3	0.85
2	62.59	6.25	4	1.14
3	8.39	156.69	6	0.92
4	183.43	145.71	4	1.41
5	118.66	134.41	8	1.17
6	2.83	68.74	4	1.31
7	99.86	184.07	3	1.5
8	135.22	95.96	7	1.22
9	88.2	36.95	4	0.76
10	126.57	62.08	4	1.59
11	171.76	176.91	3	1.35
12	144.88	176.21	2	1.65
Period: 2
Tasks:3
id	x	y	end	c
9	55.95	174.27	6	86.35
10	137.69	104.75	3	37.99
11	121.97	173.95	2	77.14
Drivers: 12
id	x	y	end	sensitivity
13	72.38	139.32	6	1.24
14	158.55	96.3	5	0.52
15	170.67	139.36	4	1.42
16	62.69	152.46	3	1.84
17	190.47	85.41	8	1.84
18	107.43	105.43	6	1.46
19	7.78	167.36	5	1.35
20	198	129.1	7	1.13
21	70.48	150.7	6	1.56
22	101.34	91.34	6	1.64
23	5.88	176.04	3	1.97
24	140.4	95.71	9	1.59
Period: 3
Tasks:0
id	x	y	end	c
Drivers: 17
id	x	y	end	sensitivity
25	190.39	121.44	5	0.92
26	172.31	72.73	7	1.94
27	147.17	113.29	7	0.97
28	151.65	111.84	5	1.36
29	153.83	83.12	6	0.77
30	93.86	106.77	6	0.89
31	6.18	27.58	7	0.72
32	65.27	93.16	4	0.67
33	127.85	94.44	8	1.28
34	159.34	142.55	6	1.41
35	101.76	55.57	7	1.03
36	182.45	88.53	4	1.17
37	107.6	157.34	7	1.21
38	66.42	153.87	5	1.87
39	108.6	93.65	6	1.27
40	138.87	33.65	7	1.95
41	109.78	194.79	7	1.92
Period: 4
Tasks:3
id	x	y	end	c
12	91.93	195.13	7	95.47
13	132.43	38.14	10	69.85
14	102.51	89.83	8	10.48
Drivers: 17
id	x	y	end	sensitivity
42	177.91	176.34	4	0.89
43	157.6	22.29	9	1.36
44	69.65	48.88	9	0.6
45	199.51	8.61	7	1.34
46	94.12	185.1	6	0.94
47	108.41	187.74	11	1.75
48	83.16	138.1	7	1.34
49	84.77	14.28	8	0.87
50	46.31	2.71	6	0.88
51	4.68	14.77	8	1.42
52	68.39	46.36	5	0.77
53	30.03	47.52	5	1.86
54	0.54	121.22	5	1.91
55	42.02	111.48	6	1.34
56	178.55	49.19	4	0.73
57	70.25	35.51	6	1.16
58	27.2	27.53	7	0.68
Period: 5
Tasks:6
id	x	y	end	c
15	133.16	43.51	9	65.5
16	181.52	136.71	8	89.4
17	125.72	59.23	11	48.2
18	190.8	179.71	9	120.82
19	175.99	133.33	8	82.98
20	196.93	158.03	11	112.97
Drivers: 14
id	x	y	end	sensitivity
59	83.44	185.04	11	0.68
60	54.73	85.03	5	1.8
61	104.6	7.72	11	1.31
62	50.68	134.75	7	1.39
63	77.54	11.93	7	1.86
64	137.25	47.84	6	1.86
65	185.06	187.24	8	1.57
66	166.23	121.37	9	1.33
67	2.95	39.36	7	1.46
68	44.94	68.46	7	1.45
69	195.07	53.11	8	0.76
70	168.89	128.35	8	1.67
71	135	199.01	8	0.8
72	159.81	44.09	8	0.86
Period: 6
Tasks:9
id	x	y	end	c
21	31.23	103.74	9	68.87
22	11.27	159.11	10	106.62
23	86.25	52.61	11	49.34
24	38.57	186.72	10	106.27
25	176.36	89.56	10	77.07
26	43.72	119.48	7	59.56
27	84.63	128.89	11	32.72
28	186.48	55.7	7	97.17
29	194.17	79.11	7	96.46
Drivers: 15
id	x	y	end	sensitivity
73	163.02	71.03	7	0.94
74	166.14	50.66	9	1.03
75	159.23	49.14	8	0.81
76	63.07	17.97	9	1.94
77	58.42	49.38	7	1.45
78	161.1	155.29	9	0.57
79	22.55	188.95	7	1.73
80	134.88	183.86	8	1.85
81	57.52	168.05	10	0.54
82	163.92	58.03	6	1.65
83	79.06	13.6	7	1.28
84	51.15	5.53	8	1.04
85	121.77	190.55	6	1.96
86	65.68	84.5	10	1.27
87	74.99	150.12	7	0.63
Period: 7
Tasks:8
id	x	y	end	c
30	30.37	20.21	10	105.9
31	71.85	166.81	7	72.5
32	168.16	6	9	116.11
33	89.8	124.25	9	26.31
34	114.16	178.28	12	79.55
35	16.85	121.3	9	85.83
36	13.58	183.61	13	120.25
37	161.92	174.79	9	97.1
Drivers: 18
id	x	y	end	sensitivity
88	41.64	142.26	9	0.88
89	123.71	26.61	10	0.87
90	116.76	104.28	14	1.96
91	137.55	92.86	11	1.15
92	19.57	62.64	10	1.31
93	113.33	9.78	10	1.2
94	13.82	114.09	7	0.76
95	64.32	145.58	8	0.51
96	175.75	22.01	10	1.33
97	105.28	9.4	10	0.62
98	39.22	1.72	10	0.98
99	154.86	32.34	10	1.02
100	28.57	165.08	7	1.73
101	11.93	72.09	9	1.69
102	148.81	155.01	11	0.59
103	123.18	158	8	1.03
104	109.28	157.81	12	1.82
105	63.64	92.66	13	1.26
Period: 8
Tasks:5
id	x	y	end	c
38	1.03	112.4	11	99.74
39	113.29	183.3	12	84.35
40	151.68	48.89	9	72.68
41	93.78	164.38	12	64.68
42	46.93	33.94	12	84.74
Drivers: 15
id	x	y	end	sensitivity
106	51.34	13.99	10	0.57
107	114.79	130.4	11	1.25
108	27.56	154.01	12	1.91
109	157.33	11.4	11	0.96
110	69.25	5.08	12	1.66
111	101.57	134.52	10	1.56
112	66.24	172.21	13	1.65
113	156.75	169.61	13	1.99
114	75.37	10.96	11	0.78
115	175.21	81.42	11	1.24
116	63.98	18.48	10	1.72
117	192.51	21.18	13	1.98
118	188.47	147.84	12	1.14
119	4.52	140.73	15	0.64
120	192.54	65.64	10	1.28
Period: 9
Tasks:7
id	x	y	end	c
43	69.43	77.49	13	37.96
44	113.23	74.16	13	29.03
45	198.69	20.3	14	126.85
46	149.54	57.03	11	65.58
47	194.36	139.1	11	102.14
48	1.8	156.75	13	113.42
49	16.6	116.5	12	85.02
Drivers: 17
id	x	y	end	sensitivity
121	126.1	150.98	11	1.99
122	190.7	116.94	12	1.12
123	183.32	69.9	11	1.64
124	20.46	115.99	14	1.39
125	68.28	40.77	11	0.62
126	81.26	42.2	10	1.07
127	23.07	27.58	15	1.95
128	16.64	98.66	12	0.96
129	128.34	24.09	11	1.14
130	112.42	130.24	16	0.91
131	173.74	146.74	11	1.14
132	162.39	7.61	10	0.78
133	139.07	17.08	13	0.92
134	86.94	8.6	12	0.97
135	29.34	94.61	13	0.6
136	27.31	17.88	12	1.16
137	150.36	198.78	14	1.79
Period: 10
Tasks:5
id	x	y	end	c
50	164.85	176.45	13	100.25
51	96.24	160.22	15	60.34
52	60.49	157.36	11	69.65
53	114.09	3.26	15	97.76
54	70.94	30.53	11	75.3
Drivers: 15
id	x	y	end	sensitivity
138	156.47	11.23	15	1.43
139	108.38	141.45	11	1.65
140	148.35	52.04	14	1.23
141	152.11	83.56	16	1.9
142	143.29	174.89	11	1.18
143	0.53	93.34	11	1
144	13.39	100.85	11	1.84
145	183.92	183.41	16	1.63
146	6.14	85.46	15	0.74
147	141.05	134.62	13	0.83
148	96.06	87.59	15	1.08
149	36.16	158.9	14	1.28
150	87.09	71.19	11	1.69
151	144.75	152.32	13	1.23
152	65.29	165.84	10	0.86
Period: 11
Tasks:5
id	x	y	end	c
55	169.06	175.34	13	102.2
56	112.98	179.28	14	80.34
57	173.58	62.08	12	82.78
58	36.25	90.52	12	64.45
59	69.26	56.68	13	53.12
Drivers: 21
id	x	y	end	sensitivity
153	65.52	33.98	16	0.59
154	85.34	2.74	11	1.13
155	162.85	180.91	13	1.74
156	110.57	33.41	12	1.55
157	113.98	38.24	14	1.62
158	57.26	145.16	14	1.18
159	10.03	67.58	13	1.27
160	97.36	49.77	14	1.19
161	129.16	176.28	14	0.52
162	113.42	11.45	13	1.19
163	172.36	143.63	17	0.88
164	40.4	15.88	13	0.61
165	135.65	133.22	13	2
166	160.45	123.41	13	1.39
167	55.51	10.11	16	1.49
168	65.29	59.04	12	0.76
169	39.61	186.63	15	1.64
170	164.74	13.93	12	1.3
171	186.01	186.02	13	1.1
172	53.87	92.89	16	1.26
173	141.52	61.71	14	0.87
Period: 12
Tasks:4
id	x	y	end	c
60	174.04	28.83	13	102.7
61	18.02	32.8	12	106
62	27.94	111.07	15	72.91
63	37.44	172.98	16	96.12
Drivers: 8
id	x	y	end	sensitivity
174	42.14	181.35	17	1.38
175	18.68	70.96	14	1.78
176	46.72	123.48	14	1.83
177	53.17	71.04	17	1.27
178	176.06	131.61	18	1.19
179	8.91	195.67	16	1.84
180	149.75	45.71	13	0.61
181	170.12	85.96	19	1.15
Period: 13
Tasks:3
id	x	y	end	c
64	106.22	86.25	16	15.09
65	156.89	27.87	16	91.87
66	43.6	100.98	15	56.41
Drivers: 17
id	x	y	end	sensitivity
182	156.04	84.48	15	0.95
183	84.8	134.69	17	1.93
184	179.08	186.4	15	1.97
185	160.32	176.1	16	0.88
186	90.39	137.41	14	1.56
187	59.32	17.27	18	1.93
188	97.57	82.81	16	1.78
189	126.46	105.7	15	0.62
190	16.84	47.48	14	1.88
191	77.95	30.35	15	1.29
192	64.97	83.46	16	1.54
193	6.37	59.3	14	1.92
194	133.45	40.14	16	0.72
195	16.9	104.44	17	1.74
196	42.85	159.55	17	0.93
197	50.77	91.38	18	1.79
198	42.32	181.6	13	1.71
Period: 14
Tasks:5
id	x	y	end	c
67	143.48	126.49	18	50.91
68	94.18	20.16	22	80.05
69	197.53	31.23	15	119.34
70	16.35	159.57	20	102.69
71	42.36	164.76	17	86.7
Drivers: 18
id	x	y	end	sensitivity
199	87.32	94.88	15	1.71
200	141.84	187.55	18	1.52
201	152.97	162.38	16	1.79
202	48.07	151.59	16	0.71
203	41.76	56.99	18	1
204	148.81	177.24	17	1.31
205	55.86	10.9	18	1.71
206	190.56	155.06	17	0.52
207	170.45	163.36	18	1
208	132.85	21.32	20	1
209	68.34	197.43	15	1.73
210	98.7	5.4	22	1.9
211	148.85	53.6	14	0.81
212	3.06	117.15	16	1.42
213	53.07	169.6	16	0.7
214	120.04	161.22	19	1.98
215	81.15	44.29	17	0.58
216	38.87	140.08	20	1.68
Period: 15
Tasks:4
id	x	y	end	c
72	146.58	41.53	20	74.76
73	61.96	73.42	21	46.41
74	83.43	126.82	19	31.53
75	64.16	30.89	17	77.85
Drivers: 10
id	x	y	end	sensitivity
217	65.06	151.72	19	1.52
218	8.94	102.5	19	1.31
219	99.1	24.38	20	0.81
220	43.32	143.42	19	1.57
221	96.51	67.4	17	1.76
222	12.28	4.56	18	1.61
223	14.38	173.46	15	1.36
224	70.35	43.97	16	1.4
225	59.8	172.9	19	0.91
226	66.07	78.31	19	1.54
Period: 16
Tasks:6
id	x	y	end	c
76	34.75	139.28	18	76.16
77	153.99	154.44	22	76.67
78	88.94	14.59	17	86.12
79	173.57	75.45	20	77.56
80	192.26	26.4	20	118.02
81	179.9	24.26	17	110.09
Drivers: 19
id	x	y	end	sensitivity
227	47.71	141.6	17	0.58
228	151.14	149.76	19	1.49
229	14.88	13.17	17	1.3
230	77.11	126.03	22	1.33
231	6.02	111.51	16	0.61
232	169.64	101.37	17	1.44
233	17.73	152.99	21	1.77
234	35.91	95.07	20	1.9
235	198.24	31.59	17	1.98
236	30.47	48.94	21	0.69
237	89.18	42.33	20	1.59
238	192.22	79.96	18	1.01
239	92.46	69.16	20	1.41
240	63.27	98.17	18	0.78
241	123.78	134.09	17	1.09
242	3.67	69.37	18	1.13
243	26.36	125.98	18	1.29
244	83.48	122.08	21	0.9
245	12.87	195.99	19	1.07
Period: 17
Tasks:7
id	x	y	end	c
82	184.2	19.51	21	116.48
83	33.64	184.71	21	107.61
84	56.25	20.45	19	90.79
85	64.29	102.81	23	35.82
86	186.95	2.78	23	130.43
87	110.34	162.13	21	62.98
88	157.43	110.31	19	58.35
Drivers: 15
id	x	y	end	sensitivity
246	193.81	16.38	21	1.24
247	20.2	30	20	0.76
248	153.26	184.52	18	1.2
249	166.35	86.86	22	1.91
250	153.63	46.68	19	0.61
251	133.79	7.88	21	1.98
252	32.61	166.32	24	0.81
253	58	75.55	20	0.57
254	44.56	48.09	23	0.61
255	46.54	65.5	24	0.78
256	108.3	157.19	22	0.61
257	147.05	149.98	19	0.66
258	182.22	23.87	21	1.53
259	92.49	110.32	23	1.03
260	5.72	55.6	19	0.96
Period: 18
Tasks:5
id	x	y	end	c
89	97.52	5.6	21	94.43
90	90.63	80.94	21	21.24
91	199.75	38.69	19	117.09
92	31.16	11.03	20	112.49
93	10.37	191.15	20	127.84
Drivers: 14
id	x	y	end	sensitivity
261	156.24	140	21	1.94
262	186.44	59.39	23	1.27
263	140.21	152.45	20	1.32
264	99.15	75.06	18	1.18
265	173.48	118.68	25	0.55
266	82.24	17.82	22	1.7
267	61.46	180.78	20	1.98
268	178.58	139.73	22	1.07
269	82.25	146.7	18	1.85
270	42.94	114.74	21	1.21
271	117.51	33.74	22	0.81
272	184.41	14.38	24	1.03
273	143.65	64.58	19	1.64
274	18.88	41.53	20	0.86
Period: 19
Tasks:7
id	x	y	end	c
94	117.98	182.78	21	84.71
95	95.89	132.98	20	33.24
96	153.99	75.64	20	59.23
97	67.18	196.5	22	101.93
98	150.29	167.77	22	84.39
99	64.28	88.66	25	37.48
100	176.11	106.85	23	76.42
Drivers: 13
id	x	y	end	sensitivity
275	75.42	132.61	22	0.89
276	151.86	147.59	20	1.11
277	97.23	20.54	19	1.55
278	161.55	12.68	24	1.85
279	32.55	144.17	24	0.94
280	61.74	148.16	22	1.1
281	155.19	68.1	23	1.88
282	64.22	10.5	23	0.94
283	178.25	122.56	21	0.63
284	110.48	91.7	20	1.17
285	13.17	112.5	22	1.26
286	77.94	190.51	20	0.89
287	2.73	187.65	21	0.72
Period: 20
Tasks:6
id	x	y	end	c
101	192.28	130.1	23	97.06
102	109.12	2.06	24	98.36
103	51.25	42.91	21	75.07
104	166.26	170.8	24	96.97
105	104.17	165.79	26	65.92
106	197.32	54.19	21	107.56
Drivers: 17
id	x	y	end	sensitivity
288	73.53	165.2	25	0.61
289	85.01	188.42	27	0.55
290	110.78	146.87	24	0.82
291	167.36	22.77	21	1.01
292	13.1	197.81	23	1
293	144.61	69.27	27	1.95
294	60.75	57.61	22	1.72
295	199.94	9.65	21	1.63
296	105.85	197.28	24	1.16
297	144.65	122.76	25	1.03
298	177.28	31.22	26	1.08
299	180.11	93.72	22	1.49
300	121.24	152.82	27	1.41
301	17.01	103.25	25	1.67
302	163.09	197.52	23	1.75
303	142.98	96.98	21	1.98
304	23.22	186.59	27	1
Period: 21
Tasks:6
id	x	y	end	c
107	32.2	100.13	26	67.8
108	72.09	155.68	25	62.28
109	185.55	81.09	26	87.62
110	162.91	131.31	24	70.27
111	168.99	118.11	26	71.33
112	54.97	175.78	25	88.15
Drivers: 11
id	x	y	end	sensitivity
305	120.69	10.37	25	0.52
306	138.47	8.82	22	1.44
307	100.44	175.78	24	1.96
308	128.7	62.03	24	0.98
309	174.1	131.97	22	0.84
310	59.21	0.74	23	1.33
311	27.98	113.48	23	1.01
312	41.72	27.03	23	1.83
313	16.46	10.97	22	0.93
314	51.64	125.1	23	0.81
315	101.61	90.36	23	1.66
Period: 22
Tasks:5
id	x	y	end	c
113	136.53	32.71	25	76.57
114	53.36	39.93	25	76.05
115	10.75	73.26	24	93.17
116	125.36	184.96	22	88.66
117	197.9	46.02	26	111.8
Drivers: 18
id	x	y	end	sensitivity
316	194.83	181.75	23	1.04
317	31.39	31.55	25	1.33
318	4.36	56.07	23	0.64
319	157.8	123.92	22	0.95
320	177.01	81.57	25	1.02
321	30.55	139.56	24	0.68
322	111.6	33.82	26	1.53
323	111.77	146.88	25	0.72
324	20.21	106.06	25	1.34
325	89.21	120.84	24	1.61
326	37.88	150.53	23	1.36
327	74.23	166.51	23	1.83
328	137.77	122.05	26	1.71
329	153.15	122.37	24	1.12
330	192.36	159.88	28	1.33
331	197.33	74.26	23	0.64
332	173.97	79.47	26	1.78
333	74.7	142.83	23	0.78
Period: 23
Tasks:12
id	x	y	end	c
118	142.22	151.72	28	66.76
119	176.83	168.53	26	102.95
120	160.11	83.58	25	62.31
121	118.8	97.08	25	19.03
122	186.5	60.04	27	95.28
123	108.55	142.26	24	43.12
124	81.36	110.3	25	21.3
125	174.56	27.45	27	104.03
126	81.74	6.76	24	95.01
127	96.95	6.68	27	93.37
128	87.42	59.34	27	42.56
129	11.66	8.46	27	127.21
Drivers: 10
id	x	y	end	sensitivity
334	77.13	191.91	29	0.96
335	183.6	76.52	29	0.78
336	70.84	26.38	25	0.92
337	4.43	154.8	23	1.26
338	119.52	22.76	26	1.47
339	95.61	21.41	24	0.52
340	177.04	81.21	25	0.53
341	80.55	181.25	24	1.92
342	11.04	178.4	26	0.61
343	33.26	66.27	24	1.03
Period: 24
Tasks:3
id	x	y	end	c
130	119.78	55.5	28	48.7
131	181.5	27.39	31	109.15
132	127.31	8.39	25	95.59
Drivers: 15
id	x	y	end	sensitivity
344	31.01	197.62	28	1.52
345	93.17	103	24	1.95
346	157.26	131.66	28	1.47
347	32.21	108.69	27	1.3
348	0.37	80.05	26	1.49
349	86.91	120.1	26	0.99
350	106.95	150.47	28	0.7
351	112.07	9.73	29	1.92
352	102.44	182.76	29	0.72
353	45.15	130.58	24	1.17
354	99.66	135.28	25	1.07
355	163.96	11.76	27	1.99
356	175.01	171.19	29	0.5
357	151.66	116.09	27	1.31
358	41.98	4.13	29	1.88
Period: 25
Tasks:5
id	x	y	end	c
133	76.51	82.34	28	29.39
134	104.03	123.37	27	23.71
135	151.95	93.1	28	52.41
136	110.55	161.71	29	62.61
137	169.22	55.72	28	82.17
Drivers: 12
id	x	y	end	sensitivity
359	146.47	43.65	27	0.75
360	138.02	188.29	28	1.47
361	111.95	86.35	25	0.93
362	199.5	30.94	27	1.16
363	44.23	150.77	30	0.51
364	160.61	89.67	27	1.06
365	12.74	12.41	27	1.09
366	63.8	183.64	27	0.8
367	43.29	59.75	30	0.59
368	61.68	19.52	29	1.86
369	149.91	104.26	27	1.9
370	168.48	168	31	1.15
Period: 26
Tasks:2
id	x	y	end	c
138	33.37	154.89	30	86.33
139	102.04	185.57	29	85.59
Drivers: 26
id	x	y	end	sensitivity
371	1.21	96.86	29	1.59
372	60.73	108.86	27	1.27
373	122.71	198.32	27	1.16
374	40.66	80.65	32	1.21
375	151.14	159.65	29	1.2
376	44.49	125.67	29	0.56
377	31.95	196.14	29	1.21
378	149.7	149.85	33	0.86
379	40.02	55.83	30	1.4
380	45.12	44.85	26	0.6
381	77.21	5.29	34	0.7
382	17.11	162.86	30	1.7
383	186.73	56.9	27	1.77
384	71.9	178.26	30	1.79
385	49.99	27.62	28	0.64
386	34.84	58.97	28	0.92
387	132.87	128.18	28	0.67
388	18.21	45.96	27	1.23
389	59.13	166.35	32	1.82
390	39.17	62.77	28	1.58
391	132.5	76.69	26	0.72
392	175.17	110.35	28	0.69
393	185.98	14.49	29	1.14
394	184.16	60.57	30	1.44
395	40.34	135.7	30	1.36
396	1.02	127.65	29	1.32
Period: 27
Tasks:6
id	x	y	end	c
140	7.65	12.16	32	127.45
141	44.35	33.22	34	86.93
142	133.47	160.02	33	68.72
143	11.42	54.28	27	99.68
144	124.24	80	32	31.43
145	100.25	14.64	29	85.36
Drivers: 14
id	x	y	end	sensitivity
397	6.16	107.36	30	0.81
398	36.43	33.79	30	1.27
399	57.52	112.19	30	0.99
400	140.22	145.22	30	1.59
401	174.35	27.94	31	0.52
402	9.48	143.09	31	1.26
403	41.71	190.87	28	0.64
404	59.77	190.84	28	1.34
405	181.98	51.76	30	0.91
406	150.77	85.06	30	1.25
407	106.45	92.45	30	1.2
408	151.95	76.58	28	1.02
409	92.72	65.03	30	0.53
410	133.27	101.12	30	1.05
Period: 28
Tasks:2
id	x	y	end	c
146	166.84	47.09	31	85.25
147	125.59	126.31	30	36.7
Drivers: 13
id	x	y	end	sensitivity
411	110.2	121.09	29	0.8
412	84.88	132.47	30	1.77
413	189.53	31.76	32	1.86
414	196.05	148.04	31	0.84
415	9.19	120.62	31	1.01
416	4.06	28.86	29	1.7
417	89.34	168.67	31	1.08
418	171.81	71.39	37	1.19
419	173.89	29.4	28	0.95
420	120.69	82.66	33	0.58
421	74.44	131.08	33	1.23
422	6.14	167.61	31	0.95
423	10.27	57.57	34	1.68
Period: 29
Tasks:8
id	x	y	end	c
148	184.4	24.78	30	113.05
149	184.88	67.56	33	90.87
150	3.69	49.98	32	108.52
151	79.21	153.76	32	57.64
152	8.72	66.09	31	97.38
153	42.03	164.62	32	86.81
154	121.52	55.34	29	49.57
155	70.34	157.22	32	64.45
Drivers: 13
id	x	y	end	sensitivity
424	128.34	178.92	32	0.57
425	10.56	46.71	32	0.55
426	191.35	171.64	33	0.88
427	27.82	73.59	32	0.72
428	163.75	197	32	1.25
429	185.78	5.3	31	0.87
430	53.21	126.09	29	1.92
431	31.74	66.67	31	0.7
432	145.84	50.51	32	1.38
433	89.55	198	33	1.57
434	32.43	147.51	32	0.91
435	14.51	59.26	32	0.58
436	163.67	146.19	32	0.86
Period: 30
Tasks:10
id	x	y	end	c
156	190.8	136.15	34	97.73
157	99.39	121.75	34	21.76
158	23.7	72.84	37	80.99
159	88.69	146.58	32	47.93
160	27.31	76.45	31	76.41
161	140.77	17.78	33	91.77
162	156.69	34.05	30	86.97
163	52.84	106.43	34	47.6
164	74.22	79.23	32	33.11
165	24.95	13.6	32	114.44
Drivers: 12
id	x	y	end	sensitivity
437	120.24	104.13	33	1.38
438	117.03	157.84	37	0.76
439	4.79	159.54	34	1.39
440	157.24	7.79	32	1.97
441	15.46	92.16	33	1.59
442	169.6	57.91	32	1.47
443	70.9	111.81	33	1.85
444	198.04	8.77	34	1.13
445	135.93	64.56	32	0.6
446	163.94	118.54	36	1.31
447	84.7	87.45	33	0.69
448	33.17	99.13	35	0.66
Period: 31
Tasks:1
id	x	y	end	c
166	102.14	52.56	32	47.49
Drivers: 12
id	x	y	end	sensitivity
449	43.12	123.44	35	1.96
450	159.59	1.06	32	1.22
451	164.52	138.23	36	1.19
452	61.04	111.06	36	1.13
453	137.45	180.26	36	1.87
454	159.49	122.64	33	1
455	161.11	195.64	35	1.75
456	81.48	195.14	33	1.75
457	125.84	116.12	32	1.13
458	107.25	9.34	34	1.5
459	62.25	0.39	39	1.97
460	130.5	153.96	33	1.14
Period: 32
Tasks:3
id	x	y	end	c
167	197.7	49.63	35	109.92
168	52.32	7.92	35	103.69
169	159.72	21.28	35	98.81
Drivers: 15
id	x	y	end	sensitivity
461	114.31	162.49	36	1.36
462	89.36	136.89	36	1.88
463	126.87	95.17	37	1.69
464	126.59	159.35	34	0.55
465	83.61	72.8	39	1.94
466	12.16	75.76	34	1.23
467	195.83	59.76	34	1.47
468	125.67	115.77	39	1.3
469	169.36	122.47	36	0.58
470	82.4	40.31	35	1.58
471	90.3	198.09	37	1.65
472	178.23	125.22	38	1.85
473	149.87	70.57	36	0.99
474	198.86	115.27	33	1.83
475	77.14	102.38	33	1.88
Period: 33
Tasks:7
id	x	y	end	c
170	47.16	186.91	37	101.71
171	65.43	91.68	37	35.56
172	191.71	80.4	33	93.78
173	3.73	36.99	39	115.06
174	175.51	148.81	34	89.91
175	196.5	21.6	38	124.33
176	95.84	190.11	37	90.21
Drivers: 12
id	x	y	end	sensitivity
476	106.72	172.29	38	0.79
477	187.22	36.33	34	1.33
478	198.23	75.06	35	0.9
479	72.67	37.01	34	0.97
480	37.17	29.05	36	0.78
481	141.66	77.1	35	1.92
482	27.5	120.02	37	1.27
483	120.84	146.28	37	0.56
484	83.15	72.07	38	1.8
485	112.56	14.11	38	1.28
486	42.37	12.99	36	1.09
487	137.8	177.15	35	1.93
Period: 34
Tasks:11
id	x	y	end	c
177	41.88	185.61	37	103.47
178	178.9	36.13	35	101.51
179	77.23	191.98	34	94.76
180	47.91	48.99	36	72.91
181	197.24	185.77	38	129.66
182	144.56	142.42	36	61.52
183	80.98	184.93	37	87.03
184	132.47	156.24	37	64.94
185	191.37	67.24	37	97.07
186	67.55	98.1	35	32.51
187	30.85	144.72	35	82.35
Drivers: 17
id	x	y	end	sensitivity
488	84.61	149.47	39	1.69
489	190.52	81.03	38	0.94
490	90.1	168.52	34	0.8
491	141.46	161.17	39	1.2
492	135.7	109.4	36	0.63
493	80	78.28	37	1.77
494	21.15	173.69	39	1.54
495	83.7	20.71	34	0.73
496	165.6	110.02	35	0.5
497	179.42	40.73	35	0.67
498	156.37	72.6	35	1.9
499	120.98	89.4	42	1.23
500	104.64	119.05	41	1.92
501	56.09	120.69	36	0.67
502	73.19	21.65	37	1.01
503	78.1	51.75	36	1.1
504	90.03	163.24	38	1.06
Period: 35
Tasks:4
id	x	y	end	c
188	74.26	0.57	37	102.71
189	65.43	176.95	39	84.36
190	78.29	64.39	36	41.71
191	58.49	31.68	36	79.94
Drivers: 19
id	x	y	end	sensitivity
505	5.31	66.76	38	0.56
506	21.47	61.19	37	1.81
507	161.2	73.03	38	1.67
508	163.31	76.87	39	1.14
509	15.5	88.22	38	0.87
510	59.53	154.79	39	1.98
511	134.03	49.15	37	1.47
512	35.31	178.86	37	0.96
513	148.51	81.98	37	0.66
514	174.83	105.17	38	1.56
515	141.77	3.35	41	1.03
516	108.47	197.05	46	1.58
517	199.22	112.14	38	1.14
518	121.12	165.71	35	0.53
519	88.79	170.16	38	0.55
520	45.12	23.91	40	0.92
521	0.05	89.39	37	0.9
522	10.82	39.52	36	1.77
523	17.13	7.23	36	1.63
Period: 36
Tasks:4
id	x	y	end	c
192	41.76	45.67	40	79.65
193	83.1	59.19	37	44.17
194	75.73	128.35	39	37.32
195	4.11	33.44	39	116.73
Drivers: 8
id	x	y	end	sensitivity
524	97.86	144.32	44	0.89
525	136.14	196.07	38	1.48
526	187.58	73.47	41	1.41
527	60.77	136.82	37	1.8
528	17.35	141.3	39	0.89
529	44.07	96.61	38	1.33
530	23.27	1.32	39	1.55
531	20.35	54.18	38	0.59
Period: 37
Tasks:6
id	x	y	end	c
196	116.76	86.09	40	21.78
197	27.91	153.55	40	89.8
198	160.67	35.87	37	88.28
199	10.71	177.9	39	118.5
200	62.16	154.09	41	66.01
201	159.11	82.27	41	61.71
Drivers: 14
id	x	y	end	sensitivity
532	26.36	155.48	39	0.99
533	54.09	142.71	39	1.09
534	83.47	161.82	42	0.71
535	125.57	95.19	41	0.94
536	33.61	58.05	37	1.57
537	135.92	37.14	41	1.48
538	7.81	159.79	40	1.12
539	184.22	124.05	41	1.21
540	153.65	197.85	39	0.83
541	45.75	19.56	41	1.34
542	183.69	73.5	40	1.49
543	134.1	120.51	41	1.84
544	157.53	33.4	39	0.94
545	47.34	72.26	38	1.83
Period: 38
Tasks:5
id	x	y	end	c
202	7.52	75.63	40	95.64
203	196.4	170.44	39	119.39
204	7.34	175.1	41	119.27
205	106.42	20.78	41	79.48
206	46.02	22.95	42	94.08
Drivers: 14
id	x	y	end	sensitivity
546	185.12	118.41	40	1.86
547	97.33	142.66	40	0.55
548	98.67	180.31	42	0.52
549	56.74	34.16	43	1.3
550	150.69	86.16	40	1
551	100.37	46.99	40	1.07
552	194.12	20.69	44	1.1
553	77.33	160.54	42	1.61
554	117.38	25.67	42	0.83
555	78.79	104.4	45	1.93
556	111.44	56.93	41	1.1
557	156.34	49.52	42	1.7
558	83.96	16.85	41	0.98
559	128.17	65.74	42	0.9
Period: 39
Tasks:1
id	x	y	end	c
207	171.23	154.75	40	89.84
Drivers: 15
id	x	y	end	sensitivity
560	42.59	84.43	44	1.33
561	80.13	134.09	42	1.06
562	146.8	56.31	41	1.31
563	14.92	197	43	1.86
564	12.56	131.5	44	1.2
565	164.28	84.63	43	0.96
566	98.48	77.35	40	1.87
567	72.96	144.19	40	0.6
568	143.16	91.52	40	0.96
569	87.76	199.67	40	0.58
570	31.75	28	43	1.2
571	143.61	113.14	44	1.42
572	59.51	49.42	41	1.65
573	40.62	105.34	42	0.71
574	127.56	190.24	45	0.78
Period: 40
Tasks:10
id	x	y	end	c
208	104.32	56.14	44	44.07
209	165.95	102.38	40	65.99
210	32.91	155.86	40	87.3
211	175.6	69.7	44	81.45
212	65.07	4.53	43	101.66
213	146.06	27.69	43	85.73
214	86.97	185.93	40	86.91
215	95.25	81.87	43	18.74
216	58.93	90.51	43	42.15
217	11.8	133.38	45	94.31
Drivers: 19
id	x	y	end	sensitivity
575	130.55	58.95	42	1.01
576	88.38	15.47	45	0.8
577	167.14	185.27	42	1.55
578	74.89	46.09	41	0.85
579	87.95	31.48	40	0.83
580	175.46	13.31	45	0.73
581	1.34	105.38	42	1.81
582	162.55	111.87	41	1.81
583	178.25	10.92	44	0.76
584	27.37	88.86	43	1.82
585	156.32	42.33	44	0.96
586	74.23	153.12	41	1.8
587	70.08	29.75	42	0.85
588	169.76	199.31	45	1.31
589	110.37	162.71	43	1.45
590	123.22	186.35	44	1.43
591	57.62	22.79	44	0.99
592	74.5	174.23	46	1.74
593	87.41	136.51	42	0.99
Period: 41
Tasks:7
id	x	y	end	c
218	123.78	35.85	43	68.42
219	195.39	23.54	44	122.25
220	27.35	69.01	43	78.98
221	81.81	22.41	44	79.69
222	16.36	155.8	44	100.54
223	99.44	4.26	43	95.74
224	125.09	161.53	45	66.45
Drivers: 14
id	x	y	end	sensitivity
594	116.14	167.4	44	1.09
595	63.95	197.03	45	0.85
596	129.41	177.33	43	0.81
597	186.44	169.56	45	0.85
598	165.66	176.08	41	1.23
599	78.03	62.22	42	1.04
600	58.84	77.06	43	1.23
601	127.33	53.47	42	1.74
602	103.92	119.31	42	0.68
603	77.05	72.34	44	0.95
604	123.56	41.11	43	1.86
605	81.25	2.87	44	1.84
606	8.94	56.01	44	0.75
607	101.46	98.74	43	1.42
Period: 42
Tasks:7
id	x	y	end	c
225	23.05	164.61	48	100.48
226	108.39	80.91	44	20.85
227	16.51	130.26	42	88.8
228	48.08	12.25	45	101.96
229	99.6	121.86	46	21.86
230	96.82	88.45	43	11.98
231	4.5	61.91	43	102.82
Drivers: 14
id	x	y	end	sensitivity
608	24.77	58.34	45	0.62
609	7.74	5.22	42	1.37
610	60.83	188.32	44	1.69
611	17.31	131.57	46	0.63
612	191.08	171.35	46	1.02
613	187.53	78.85	43	1.9
614	185.85	179.38	46	1.3
615	144.75	5.4	44	1.54
616	35.26	133.56	48	1.98
617	178	144.51	50	0.53
618	8.55	110	45	1.79
619	64.43	63.95	44	1.88
620	156.71	107.5	44	1.86
621	22.73	71.92	48	0.66
Period: 43
Tasks:4
id	x	y	end	c
232	141.05	86.34	48	43.26
233	116.06	115.71	47	22.47
234	12.77	117.02	45	88.87
235	174.57	49.79	45	89.9
Drivers: 17
id	x	y	end	sensitivity
622	181.79	35.17	46	1.72
623	111.42	173.95	47	0.55
624	65.91	38.55	45	1.73
625	80.77	13.9	46	0.8
626	187.44	48.02	46	1.58
627	116	60.05	47	1.11
628	122.14	145.08	47	0.72
629	10.09	152.67	47	1.4
630	75.48	198.3	44	0.88
631	146.06	122.22	44	1.61
632	107.66	58.42	44	1.41
633	54.16	128.28	46	1.17
634	174.35	109.01	48	1.78
635	91.14	168.4	46	1.8
636	82.8	36.2	45	1.95
637	188.52	82.36	44	1.36
638	54.57	83.56	45	1.61
Period: 44
Tasks:3
id	x	y	end	c
236	20.31	118.14	46	81.73
237	13.52	166.89	48	109.33
238	69.35	13.77	45	91.52
Drivers: 24
id	x	y	end	sensitivity
639	39.6	174.39	49	1.62
640	86.59	153.27	46	0.61
641	106.16	14.13	47	1.87
642	155.66	171.65	45	1.13
643	42.34	28	50	1.83
644	122.81	189.21	49	1.38
645	159.62	15.61	47	0.85
646	166.15	165.24	49	1.4
647	1.05	84.92	51	0.88
648	59.17	72.08	47	1.53
649	16.62	116.01	44	0.69
650	75.05	90.91	48	0.88
651	160.64	175.06	46	1.51
652	189.05	86.51	45	1.71
653	183.26	72.76	47	1.98
654	26.31	32.69	45	0.96
655	24.14	198.56	47	1.78
656	151.11	132.66	49	1.29
657	143.44	79.32	47	0.57
658	33.91	23.56	47	1.6
659	174.95	132.39	49	0.76
660	182.38	41.92	47	1.99
661	126.02	11.05	47	0.98
662	198.28	33.54	47	1.83
Period: 45
Tasks:5
id	x	y	end	c
239	108.9	186.73	48	87.19
240	129.69	172.33	46	78.19
241	129.07	45.45	49	61.81
242	128.91	116.92	48	33.5
243	132.88	60.8	45	51.16
Drivers: 10
id	x	y	end	sensitivity
663	8.38	198.25	47	0.9
664	90.57	133.36	45	0.55
665	13.67	151.93	47	1.94
666	143.7	38.08	50	0.55
667	43.26	75.35	49	0.53
668	124.53	172.11	48	1.24
669	33.89	12.86	45	1.05
670	51.94	55.25	45	0.73
671	129.98	150.19	47	1.08
672	7.57	99	49	1.37
Period: 46
Tasks:3
id	x	y	end	c
244	107	156.25	48	56.68
245	26.23	131.41	47	80.18
246	17.55	4.77	49	125.96
Drivers: 15
id	x	y	end	sensitivity
673	58.13	43.08	48	1.47
674	45.96	176.58	47	1.67
675	167.76	21.77	50	1.55
676	177.12	174.08	50	1.65
677	197.61	76.07	46	0.62
678	56.43	119.06	49	1.17
679	104.12	123.52	50	1.1
680	67.68	46.84	49	0.8
681	165.04	145.2	49	1.01
682	22.85	187.46	48	1.26
683	102.88	158.43	52	1.08
684	25.31	181.71	52	1.03
685	94.02	184.46	49	1.22
686	144.47	23.44	48	1.97
687	114.58	78.86	48	1.38
Period: 47
Tasks:6
id	x	y	end	c
247	64.66	82.76	54	39.32
248	99.11	96.94	53	3.19
249	19.33	76.75	50	83.95
250	135.46	124.9	50	43.33
251	90.73	152.66	49	53.47
252	132	6.76	48	98.58
Drivers: 11
id	x	y	end	sensitivity
688	31.24	110.77	49	1.1
689	3.2	71.82	49	1.06
690	23.35	57.14	52	1.94
691	112.32	55.01	49	1.24
692	99.02	187.03	49	0.79
693	120.26	168.83	50	1.63
694	53.06	130.77	55	1.98
695	157.67	67.03	51	1.36
696	2.95	190.07	47	1
697	29.26	36.2	53	1.1
698	52.22	19.42	52	1.82
Period: 48
Tasks:2
id	x	y	end	c
253	31.72	112.45	51	69.41
254	111.41	164.06	54	65.07
Drivers: 6
id	x	y	end	sensitivity
699	4.16	15.14	51	0.93
700	34.71	63.25	50	1.63
701	81.27	22.48	50	1.41
702	140.32	63.14	49	1.33
703	181.27	124.52	51	1.66
704	31.19	46.96	53	1.71
Period: 49
Tasks:2
id	x	y	end	c
255	100.7	142.49	52	42.5
256	2.33	130.52	51	102.33
Drivers: 11
id	x	y	end	sensitivity
705	26.28	187.04	53	1.82
706	119.35	140.79	50	0.64
707	39.96	1.86	51	1.33
708	43.56	13.32	55	1.69
709	146.35	165.06	51	1.12
710	49.57	107.11	51	1.16
711	103.24	50.38	55	1.55
712	149.82	104.08	52	1.25
713	105.68	93.4	54	1.17
714	60.98	132.66	51	0.74
715	127.36	95.6	53	1.24
Period: 50
Tasks:5
id	x	y	end	c
257	44.99	163.15	54	83.75
258	121.16	53.32	51	51.25
259	52.33	88.97	51	48.93
260	158.62	28.09	54	92.78
261	110.88	98.98	53	10.93
Drivers: 17
id	x	y	end	sensitivity
716	51.99	39.65	54	1.81
717	93.12	65.33	51	0.71
718	86.91	131.3	53	1.51
719	19.28	116.16	56	0.89
720	185.23	0.14	53	1.44
721	134.14	111.54	52	0.59
722	138.59	154.23	53	1.53
723	132.13	52.77	51	1.75
724	37.55	155.76	54	0.93
725	10.04	64.48	57	1.67
726	116.13	103.66	55	1.33
727	63.91	65.67	55	0.63
728	184.07	51.17	52	1.38
729	16.72	25.93	52	1.62
730	63.6	96.33	51	1.05
731	120.34	27.75	57	1.97
732	176.88	30.5	51	1.26
Period: 51
Tasks:3
id	x	y	end	c
262	160.57	103.25	52	60.66
263	21.92	129.04	54	83.31
264	187.56	79.67	53	89.89
Drivers: 13
id	x	y	end	sensitivity
733	152.78	128.38	58	0.77
734	59.92	119.78	52	0.57
735	99.29	63.82	53	0.74
736	60.78	165.39	54	1.31
737	167.41	93.95	55	1.73
738	79.43	55.56	53	0.65
739	94.71	76.93	55	1.72
740	138.35	160.89	52	1.32
741	150.19	166.36	55	0.94
742	85.17	52.96	53	0.56
743	178.89	166.43	54	0.87
744	118.35	88.15	52	0.82
745	192.88	13.39	52	0.85
Period: 52
Tasks:2
id	x	y	end	c
265	70.14	122.44	58	37.35
266	47.71	128.5	53	59.55
Drivers: 18
id	x	y	end	sensitivity
746	108.74	157.11	52	1.13
747	120.04	161.26	55	1.75
748	190.38	128.76	55	1.43
749	107.55	133.73	56	1.85
750	124.1	107.68	53	1.4
751	33.65	10.3	55	1.83
752	1.49	92.56	55	1.77
753	22.83	59.93	55	1.61
754	65.97	102.51	56	1.74
755	7.09	151.02	56	1.25
756	179.76	182.19	52	0.73
757	145.58	156.3	54	0.9
758	45.03	187.01	54	0.82
759	43.42	198.68	55	0.82
760	28.41	120.7	54	0.87
761	144.29	98.66	55	1.95
762	35.44	87.35	58	1.77
763	96	46.89	59	0.58
Period: 53
Tasks:2
id	x	y	end	c
267	157.94	111.7	57	59.11
268	27.48	89.71	56	73.25
Drivers: 16
id	x	y	end	sensitivity
764	124.7	146.57	55	0.72
765	91.67	94.38	56	1.51
766	26.5	198.11	53	0.59
767	45.64	44.75	56	1.29
768	28.78	61.32	56	1.11
769	84.26	54.59	57	1.92
770	122.57	184.24	56	0.94
771	45.05	176.15	53	0.99
772	78.68	98.55	58	1.69
773	9.49	179.13	55	1.94
774	30.58	130.12	56	0.64
775	141.24	146.66	57	0.97
776	41.99	87.51	56	0.84
777	138.31	136.81	55	1.16
778	83.51	143.79	57	0.58
779	199.01	101.8	56	1.54
Period: 54
Tasks:7
id	x	y	end	c
269	23.23	149.25	58	91.21
270	61.64	50.89	55	62.32
271	155.81	78.81	57	59.7
272	126.48	160.98	57	66.48
273	84.83	151.66	56	53.84
274	160.15	159.74	55	84.78
275	199.76	70.13	56	104.14
Drivers: 19
id	x	y	end	sensitivity
780	76.89	125.88	57	0.62
781	0.24	176.64	57	0.96
782	1.48	75.86	59	0.85
783	103.04	48.3	56	0.77
784	124.54	1.69	57	1.52
785	53.58	175.22	57	0.62
786	126.22	167.29	58	0.79
787	194.32	14.46	59	0.59
788	73.87	85.34	54	0.58
789	156.84	170.72	58	1.95
790	116.53	105.84	54	1.07
791	104.52	78.56	57	1.17
792	178.79	163.13	59	1.82
793	26.42	80.71	55	1.01
794	94.52	67.23	57	1.54
795	196.19	38.52	57	1.52
796	102.81	83.48	56	1.01
797	195.8	145.58	57	0.56
798	28.49	160.17	57	1.26
Period: 55
Tasks:6
id	x	y	end	c
276	67.04	140.98	57	52.59
277	137.36	15.03	59	92.82
278	138.43	117.92	58	42.4
279	151.25	73.74	59	57.59
280	25.57	48.45	59	90.54
281	180.21	53.24	62	92.84
Drivers: 18
id	x	y	end	sensitivity
799	110.01	83.61	59	1.45
800	168.45	66.32	58	1.27
801	89.66	159.41	64	1.66
802	153.85	22.39	57	0.53
803	142.34	2.61	58	1.69
804	175.2	1.33	56	0.89
805	110.95	39.14	56	0.66
806	187.6	140.48	58	0.65
807	23.99	197.78	57	0.57
808	79.3	198.09	57	2
809	157.27	31.45	59	0.74
810	91.78	136.22	57	0.85
811	62.71	7.25	58	1.36
812	133.88	73.75	61	0.95
813	181.62	190.99	59	1.45
814	84.2	188.68	55	0.64
815	68.27	115.26	57	1.47
816	172.31	40.14	59	0.91
Period: 56
Tasks:7
id	x	y	end	c
282	109.52	43.65	64	57.15
283	5.41	175.88	59	121.26
284	51.03	161.84	57	78.88
285	58.02	95.24	58	42.25
286	95.98	12.04	59	88.05
287	129.44	190.54	61	95.21
288	144.93	195.53	61	105.57
Drivers: 14
id	x	y	end	sensitivity
817	64.59	13.73	57	0.58
818	82.88	145.85	61	1.87
819	25.95	139.68	60	1.35
820	49.52	119.44	58	0.64
821	88.73	185.45	57	1.05
822	46.29	167.97	56	1.51
823	100.14	2.09	58	1
824	39.88	6.59	59	0.86
825	35.28	166.71	57	0.74
826	140.42	59.63	60	0.65
827	13.52	185.16	60	1.4
828	177.99	54.22	58	1.3
829	99.87	120.58	57	1.32
830	154.44	104.84	56	1.72
Period: 57
Tasks:3
id	x	y	end	c
289	25.66	67.93	62	80.96
290	92.67	98.01	60	7.6
291	85.59	169.84	61	71.31
Drivers: 17
id	x	y	end	sensitivity
831	141.93	82.79	58	1.45
832	135.67	117.25	62	1.39
833	84.28	143.56	59	1.62
834	75.25	161.41	62	1.3
835	55.23	181.28	58	0.88
836	188.9	179.34	61	1.01
837	108.12	55.2	60	0.54
838	12	85.73	59	1.44
839	188.98	97.74	61	0.64
840	128.74	99.85	59	1.42
841	5.64	152.06	59	1.61
842	72.21	186.52	60	1
843	57.69	142.85	61	1.04
844	161.88	155.83	59	1.8
845	158.18	45.36	64	0.9
846	16.45	118.44	62	1.6
847	153.64	93.37	60	1.85
Period: 58
Tasks:5
id	x	y	end	c
292	9.81	163.27	61	110.17
293	8.65	75.2	61	94.66
294	59.33	11.82	64	97.11
295	131.86	42.27	59	65.94
296	16.42	177.29	63	113.84
Drivers: 18
id	x	y	end	sensitivity
848	196.86	23.2	61	0.78
849	121.8	84.33	60	1.17
850	99.4	191.38	59	0.68
851	189.49	126.93	61	1.95
852	123.66	186.69	61	0.64
853	134.79	52.69	61	0.52
854	83.75	83.45	59	1.92
855	47.75	102.61	62	1.78
856	196.59	113.2	59	1.68
857	72.63	123.01	60	1.35
858	163.29	169.38	62	1.8
859	2.88	86.02	61	1.11
860	135.24	174.27	61	0.74
861	144.6	74.36	62	1.12
862	146.65	109.96	60	1.42
863	182.47	34.2	63	0.62
864	17.92	0.21	60	1.57
865	26.63	39.65	63	1.04
Period: 59
Tasks:0
id	x	y	end	c
Drivers: 12
id	x	y	end	sensitivity
866	13.63	107.21	62	1.3
867	48.43	21.3	61	1.69
868	61.05	131.91	60	1.6
869	66.16	5.02	59	0.64
870	4.82	57.93	62	1.01
871	177.56	99.5	66	1.14
872	129.6	130.77	61	1.22
873	115.42	62.13	63	0.64
874	18.72	31.32	63	0.88
875	165.46	103.6	61	1.34
876	96.9	152.52	62	1.59
877	90.98	99.85	64	1.3
Period: 60
Tasks:6
id	x	y	end	c
297	50.56	38.62	62	78.82
298	89.41	9.27	60	91.35
299	104.79	89.12	64	11.89
300	102.41	23.49	62	76.55
301	128.46	189.24	63	93.67
302	59.38	34.5	62	77.07
Drivers: 10
id	x	y	end	sensitivity
878	117.24	191.45	64	0.58
879	78.55	158.46	63	0.74
880	25.1	21.51	62	1.86
881	194.6	103.55	63	0.59
882	11.16	124.82	63	1.4
883	154.79	29.44	64	1.3
884	163.61	17.04	65	1.89
885	157.78	139.06	61	1.85
886	184.85	5.33	64	1.66
887	15.97	175.84	62	1.59
Period: 61
Tasks:6
id	x	y	end	c
303	36.99	102.12	63	63.05
304	180.65	188.49	61	119.73
305	182.53	112.92	67	83.54
306	48.25	168.33	68	85.71
307	26.14	84.54	65	75.46
308	37.86	150.41	65	80.02
Drivers: 11
id	x	y	end	sensitivity
888	44.24	79.43	65	1.92
889	184.11	123.04	62	1.64
890	93.78	57.43	66	0.58
891	15.72	78.92	66	1.87
892	7.13	38.88	67	1.54
893	137.59	195.82	65	1.52
894	160.88	145.95	63	1.95
895	157.82	25.99	63	1.67
896	182.19	160.71	65	1.17
897	159.81	38.46	61	0.87
898	197.51	76.5	65	1.02
Period: 62
Tasks:3
id	x	y	end	c
309	188.96	29.78	65	113.33
310	190.04	38.31	66	109.15
311	78.33	155.07	69	59.18
Drivers: 16
id	x	y	end	sensitivity
899	28.55	159.46	62	1.31
900	160.28	54.21	66	1.45
901	124.31	112.53	65	1.01
902	17.51	17.63	67	1.75
903	80.88	159.44	66	1.97
904	97.2	144.81	67	1.59
905	183.73	178.7	69	1.52
906	138.48	178.72	66	1.83
907	146.29	62.28	63	1.55
908	175.35	150.92	68	1.52
909	75.45	27.05	66	0.69
910	137.31	114.22	64	0.65
911	196.38	115.96	62	0.72
912	112.53	59.2	66	0.54
913	92.75	31.08	67	0.86
914	194.86	73.59	65	1.39
Period: 63
Tasks:2
id	x	y	end	c
312	144.29	187.59	68	98.15
313	135.06	76.53	63	42.19
Drivers: 9
id	x	y	end	sensitivity
915	113.26	166.86	65	1.21
916	171.03	141.86	66	1.05
917	44.31	127.76	68	1.3
918	168.36	158.95	68	1.24
919	56.55	182.65	65	0.61
920	53.48	41.25	63	1.71
921	74.96	142.23	68	1.9
922	27.85	32.88	63	1.37
923	190.49	12.02	67	1.52
Period: 64
Tasks:6
id	x	y	end	c
314	102.26	167.45	66	67.49
315	6.03	83.13	65	95.47
316	89.48	123.98	67	26.19
317	152.51	152.08	66	73.96
318	134.38	145.76	66	57.24
319	168.82	87.22	66	70
Drivers: 19
id	x	y	end	sensitivity
924	5.27	171.3	67	1.74
925	191.98	6.87	70	1.93
926	82.19	97.81	65	0.62
927	170.58	23.28	67	0.82
928	5.73	18.13	68	1.41
929	64.5	177.15	65	1.1
930	161.86	87.55	67	1.25
931	40.57	75.21	66	1.35
932	65.08	24.28	69	1.89
933	159.16	67.98	71	0.75
934	165.33	190.16	66	1.19
935	97.37	4.6	68	1.5
936	32.75	16.72	67	0.76
937	93.79	157.79	69	0.51
938	177.35	116.24	66	1.18
939	45.21	186.23	68	1.07
940	138.28	118.37	69	0.71
941	111.45	196.16	66	1
942	199.42	167.21	64	1.03
Period: 65
Tasks:7
id	x	y	end	c
320	134.76	155.93	70	65.85
321	92.69	156.6	66	57.07
322	89.06	17.78	71	82.94
323	1	92.94	66	99.25
324	21.43	33.77	65	102.76
325	158.9	130.83	70	66.48
326	65.43	102.56	69	34.66
Drivers: 18
id	x	y	end	sensitivity
943	126.94	141.28	67	1.36
944	176.21	79.36	71	1.18
945	89.51	11.89	69	1.72
946	31.5	42.05	67	0.83
947	196.41	119.99	66	1.71
948	162.98	0.05	69	1.92
949	28.77	180.67	66	1.78
950	53.96	56.54	67	0.78
951	136.83	176.4	69	1.4
952	1.36	192.57	67	1.33
953	180.72	163.57	66	0.96
954	83.96	48.86	68	1.56
955	115.93	64.11	71	1.86
956	83.45	7.35	66	1.94
957	162.04	156.2	65	0.84
958	186.01	156.36	67	1.43
959	139.96	188.3	66	0.93
960	184.52	101.88	67	1.22
Period: 66
Tasks:4
id	x	y	end	c
327	79.92	24.3	72	78.32
328	82.08	112.18	66	21.67
329	119.35	86.1	74	23.83
330	122.57	38.28	66	65.72
Drivers: 16
id	x	y	end	sensitivity
961	134.72	11.14	68	1.31
962	158.58	161.79	67	0.55
963	55.06	160.58	72	1.21
964	192.72	158.33	70	1.33
965	60.34	124.48	72	1.69
966	32.04	150.9	66	1.59
967	16.46	94.29	72	0.93
968	95.21	29.1	68	1.55
969	50.32	109.31	72	1.04
970	17.47	94.78	68	0.66
971	135.86	194.87	71	1.69
972	85.89	111.25	68	0.89
973	43.76	132.39	69	1.22
974	174.37	53.65	67	1.75
975	160.34	39.51	70	1.43
976	6.42	199.37	71	1.42
Period: 67
Tasks:1
id	x	y	end	c
331	76.7	142.56	71	48.52
Drivers: 20
id	x	y	end	sensitivity
977	146.08	66.51	67	1.78
978	55.75	36.8	69	1.75
979	46.57	187.58	73	0.84
980	111.88	135.83	70	1.07
981	10.51	127.91	70	1.89
982	113.65	73.39	71	1.03
983	105.66	193.19	70	1.02
984	147.43	155.49	69	1.08
985	13.62	143.38	69	1.56
986	8.36	128.99	71	0.54
987	198.06	86.98	70	1.74
988	56.46	90.5	69	0.7
989	112.34	98.42	73	0.56
990	172.91	61.63	70	0.8
991	163.14	58.99	72	1.16
992	137.43	124.34	69	0.63
993	36.3	127.63	70	1.72
994	157.07	154.91	73	0.69
995	85.44	8.45	67	0.56
996	49.72	20.03	72	1.17
Period: 68
Tasks:4
id	x	y	end	c
332	75.51	130.09	72	38.8
333	136.86	194.69	68	101.61
334	101.23	139.33	73	39.35
335	187.86	79.25	69	90.28
Drivers: 14
id	x	y	end	sensitivity
997	91.25	33.47	71	1.62
998	79.45	79.1	68	0.68
999	6	25.39	73	1.09
1000	134	143.75	74	1.9
1001	122.71	90.43	73	1.31
1002	127.25	72.82	72	1.61
1003	73.1	148.99	70	1.07
1004	74.09	12.65	73	0.54
1005	138.29	183.8	70	1.39
1006	176.16	62.45	70	0.54
1007	177.35	121.66	73	0.54
1008	133.32	49.15	71	1.19
1009	124.32	89.93	70	1.1
1010	96.69	23.27	72	1.77
Period: 69
Tasks:8
id	x	y	end	c
336	100.04	107.44	70	7.44
337	132.9	190.63	71	96.42
338	67.82	139.65	74	51.07
339	41	179.27	72	98.82
340	60.23	167.04	72	77.95
341	29.49	121.09	72	73.6
342	175.83	47.96	71	91.97
343	80.71	176.21	70	78.61
Drivers: 11
id	x	y	end	sensitivity
1011	162.22	58.56	79	1.53
1012	173.42	186.82	71	1.23
1013	170.98	148.45	72	0.92
1014	42.73	161.26	76	1.38
1015	72.78	63.87	74	2
1016	101.92	77.58	72	1.28
1017	66.59	146.52	72	0.9
1018	81.59	187.71	70	0.73
1019	106.06	174.23	70	1.98
1020	44	182.89	69	0.96
1021	100.2	125.84	76	1.88
Period: 70
Tasks:3
id	x	y	end	c
344	190.88	127.55	71	94.96
345	54.36	118.82	75	49.37
346	196.58	127.19	74	100.33
Drivers: 14
id	x	y	end	sensitivity
1022	127.45	70.26	73	0.72
1023	98.6	112.76	70	0.74
1024	67.52	195.14	73	1.45
1025	99.84	174.16	74	1.08
1026	136.13	22.38	74	0.51
1027	58.38	36.56	73	1.62
1028	188.79	94.17	72	1.26
1029	73.07	100.77	72	1.23
1030	79.48	183.51	75	0.6
1031	118.03	37.2	71	1.11
1032	165.6	127.09	71	1.83
1033	154.55	124.66	73	1.16
1034	48.44	118.16	77	1.91
1035	42.65	190.57	78	1.65
Period: 71
Tasks:7
id	x	y	end	c
347	54.76	190.77	72	101.42
348	16.01	110.9	71	84.69
349	105.36	154.97	76	55.23
350	113.19	34.62	71	66.7
351	52.09	102.03	77	47.95
352	128.98	17.85	73	87.11
353	137.33	86.9	77	39.56
Drivers: 13
id	x	y	end	sensitivity
1036	199.35	184.21	75	1.09
1037	74.88	115.77	74	0.69
1038	68.08	144.63	74	0.63
1039	73.94	141.53	73	1.3
1040	183.23	94.2	74	0.61
1041	169.74	170.76	73	1.28
1042	167.04	101.4	72	1.04
1043	129.51	11.29	76	0.54
1044	49.21	132.89	72	1.86
1045	42.77	72.98	76	1.43
1046	161.51	99.78	72	1.66
1047	167.16	10.71	76	1.6
1048	138.17	23.09	75	1.19
Period: 72
Tasks:2
id	x	y	end	c
354	141.54	109.29	73	42.57
355	123.16	40.08	74	64.24
Drivers: 18
id	x	y	end	sensitivity
1049	70.24	153.61	76	1.18
1050	42.71	188.5	74	1.74
1051	129.44	117.36	72	1.89
1052	69.8	1.09	74	1.55
1053	198.62	164.75	77	1.94
1054	10.03	125.17	77	1.08
1055	55.34	71.91	74	1.08
1056	104.92	48.95	75	1.12
1057	35.19	191.67	76	1.35
1058	52.85	11.98	77	0.91
1059	186.15	183.39	77	1.32
1060	131.47	118.07	77	0.68
1061	101.63	171.5	78	1.41
1062	50.11	6.28	77	0.89
1063	11.55	127.93	74	1.5
1064	133.58	151.13	73	0.51
1065	91.87	171.12	75	1.11
1066	120.25	39.99	74	1.48
Period: 73
Tasks:4
id	x	y	end	c
356	148.8	79.84	79	52.8
357	136.09	49.32	74	62.22
358	193.56	151.2	75	106.65
359	149.48	115.63	77	51.89
Drivers: 20
id	x	y	end	sensitivity
1067	140.39	10.39	80	1.3
1068	168.63	183.5	76	1.63
1069	31.78	94.19	77	1.13
1070	71.37	171.1	76	1.56
1071	145.77	15.56	76	0.51
1072	166.89	122.53	79	1.83
1073	2.29	37.59	77	1.58
1074	168.14	191.15	77	0.63
1075	87.67	171.1	78	1
1076	80	1.5	74	0.91
1077	38.03	26.17	76	0.7
1078	132.41	113.09	75	0.71
1079	101.9	35.94	75	0.79
1080	68.94	43.57	74	1.52
1081	144.56	133.7	76	0.58
1082	158.41	71.12	77	1.1
1083	184.48	166.45	79	1.97
1084	141.74	11.23	78	1.86
1085	18.8	8.88	75	1.27
1086	128.77	44.27	73	0.72
Period: 74
Tasks:4
id	x	y	end	c
360	55.93	95.79	80	44.27
361	158.74	165.69	78	88.12
362	15.24	55.3	77	95.82
363	126.68	89.7	76	28.6
Drivers: 19
id	x	y	end	sensitivity
1087	76.31	152.07	76	1.99
1088	50.1	192.85	80	1.48
1089	49.07	199.13	78	1.45
1090	124.03	22.36	76	0.77
1091	51.33	41.2	74	0.51
1092	167.5	78.89	78	1.02
1093	156.46	81.1	74	1.67
1094	106.78	166.35	76	1.89
1095	172.03	25.9	78	1.68
1096	20.32	117.89	76	2
1097	74.7	18.99	76	0.85
1098	71.2	166.24	81	1.74
1099	80.86	47.68	79	0.81
1100	177.51	146.84	77	1.43
1101	136.66	181.08	77	1.51
1102	162.04	95.02	75	1.42
1103	118.54	27.51	74	1.31
1104	192.71	163.34	76	1.3
1105	182.78	48.77	74	1.17
Period: 75
Tasks:4
id	x	y	end	c
364	50.11	66.82	80	59.92
365	4.1	160.69	76	113.49
366	172.3	48.29	80	88.89
367	135.86	176.73	78	84.7
Drivers: 13
id	x	y	end	sensitivity
1106	7.96	182.6	78	0.58
1107	46.93	146.56	75	1.86
1108	187.87	12.7	76	1.94
1109	69.51	140.94	79	1.9
1110	30.92	142.28	75	0.9
1111	193.5	84.37	78	0.84
1112	57.13	183.54	75	1.05
1113	165.78	93.74	78	0.81
1114	92.12	164.13	79	1.53
1115	151.27	115.12	78	1.84
1116	23.55	149.95	78	0.94
1117	73.73	176.33	78	1.69
1118	40.07	50.99	80	1.53
Period: 76
Tasks:2
id	x	y	end	c
368	61.67	57.48	80	57.25
369	111.07	55.28	81	46.07
Drivers: 17
id	x	y	end	sensitivity
1119	123.55	78.28	82	0.85
1120	128.92	125.83	81	0.61
1121	116.08	126.56	85	1.72
1122	120.22	145.42	79	0.64
1123	145.28	100.51	77	1.76
1124	163.84	11.33	80	1.14
1125	23.72	52.13	83	0.58
1126	2.55	199.19	78	1.24
1127	176.24	194.83	78	1.42
1128	26.16	172.03	80	0.96
1129	141.47	73.38	81	1.01
1130	21.4	20.35	80	0.6
1131	4.7	179.11	83	1.31
1132	179.44	2.04	77	1.88
1133	82.7	159.4	77	1.5
1134	147.45	70.48	76	1.91
1135	70.85	111.37	77	0.51
Period: 77
Tasks:2
id	x	y	end	c
370	91.49	26.88	78	73.61
371	105.77	141.1	80	41.5
Drivers: 13
id	x	y	end	sensitivity
1136	50.62	28.95	82	1.68
1137	105.33	144.31	79	1.68
1138	36.23	120.28	82	1.43
1139	186.62	110.43	81	1.42
1140	116.38	6.76	80	1.76
1141	141.83	18.94	78	1.14
1142	156.21	115.97	78	1.08
1143	191.15	196.74	80	1.83
1144	72.06	160.48	79	0.65
1145	25.82	146	80	1.15
1146	33.36	23.34	78	1.95
1147	108.66	71.47	78	1.16
1148	60.57	143.21	84	1.56
Period: 78
Tasks:4
id	x	y	end	c
372	22.66	60.61	80	86.79
373	184.02	81.64	84	86
374	193.01	123.14	79	95.85
375	174.71	163.76	83	98.22
Drivers: 11
id	x	y	end	sensitivity
1149	59.07	119.9	80	1.16
1150	15.45	186.73	83	0.92
1151	180.08	182.89	80	0.6
1152	164.62	178.97	79	0.62
1153	197.99	196.54	85	1.15
1154	169.82	93.03	79	1.19
1155	101.72	74.59	80	0.77
1156	7.14	97.24	83	1.98
1157	181.7	56.57	78	1.4
1158	167.74	192.79	82	1.46
1159	174.11	85.31	80	1
Period: 79
Tasks:3
id	x	y	end	c
376	199.5	76.52	80	102.23
377	134.32	76.14	81	41.8
378	5.6	86.98	82	95.29
Drivers: 19
id	x	y	end	sensitivity
1160	194.42	194.06	81	0.7
1161	183.01	83.9	81	1.52
1162	102.91	196.45	83	0.53
1163	145.52	92.11	81	0.79
1164	130.82	149.08	81	1.56
1165	37.79	91.26	81	1.51
1166	36.88	5.18	79	1.46
1167	174.37	95.01	81	1.22
1168	174.37	73.42	81	1.36
1169	122.25	4.75	87	1.26
1170	161.88	109.21	80	1.84
1171	158.6	5.96	83	0.97
1172	151.29	25.67	82	1.38
1173	145.67	32.86	83	0.77
1174	71.11	0.13	83	1.04
1175	70.49	105.74	85	1.49
1176	47.74	74.65	79	0.7
1177	12.3	164.93	81	1.94
1178	92.38	111.66	82	0.66
Period: 80
Tasks:6
id	x	y	end	c
379	109.57	95.08	81	10.76
380	45.12	163.12	83	83.64
381	109.27	148.54	83	49.42
382	194.91	175.56	80	121.31
383	100.29	1.28	80	98.72
384	33.32	198.72	85	119.13
Drivers: 18
id	x	y	end	sensitivity
1179	65.41	85.92	81	1.33
1180	65.03	121.65	83	0.5
1181	166.35	196.27	83	1.34
1182	97.48	191.06	85	1.63
1183	141.8	24.79	83	1.55
1184	0.26	162.97	84	1.6
1185	43.16	63.64	81	0.65
1186	138.2	63.24	82	1.44
1187	2.89	181.38	81	1.36
1188	168.12	143.33	81	1.69
1189	161.09	45.9	83	0.57
1190	163.17	64.67	82	1.91
1191	10.31	72.26	84	0.81
1192	58.25	106.94	82	0.75
1193	70.63	79.11	86	1
1194	41.87	183.07	83	1.55
1195	127.98	171.24	83	1.38
1196	179.95	13.67	81	0.97
Period: 81
Tasks:6
id	x	y	end	c
385	25.03	147.33	84	88.66
386	124.53	92.77	84	25.57
387	188.62	161	83	107.58
388	36.57	156.71	85	85.08
389	65.69	28.03	82	79.73
390	150.91	6.64	87	106.34
Drivers: 13
id	x	y	end	sensitivity
1197	177.92	42.21	85	1.96
1198	37.4	89.96	83	1.83
1199	124.81	151.06	83	1.14
1200	59.55	68.64	82	1.01
1201	95.48	7.77	83	1.06
1202	135.94	76.35	84	1.85
1203	22.8	199.18	85	1.89
1204	31.98	101.25	82	1.91
1205	5.16	133.02	85	0.76
1206	5.33	86.28	84	1.77
1207	37.11	30.71	84	1.12
1208	57.82	152.04	85	0.6
1209	197.13	49.65	83	1.06
Period: 82
Tasks:6
id	x	y	end	c
391	177.75	43.92	84	95.86
392	111.08	115.06	85	18.7
393	100.35	71.96	83	28.04
394	104.75	172.73	83	72.88
395	167.26	172.54	85	98.92
396	101.55	112.78	86	12.87
Drivers: 13
id	x	y	end	sensitivity
1210	23.68	121.71	85	0.87
1211	99.04	125.65	85	0.97
1212	21.4	141.84	84	1.12
1213	74.44	123.02	88	1.6
1214	173.94	42.62	84	1.13
1215	77.95	98.61	86	1.53
1216	150.39	73.89	85	1.09
1217	82.62	66.06	87	1.58
1218	117.62	74.03	86	0.95
1219	182.22	25.66	88	0.56
1220	111.83	126.51	90	1.71
1221	105.01	11.66	86	0.87
1222	63.25	105.43	86	1.92
Period: 83
Tasks:6
id	x	y	end	c
397	71.18	122.99	83	36.87
398	0.34	0.76	86	140.64
399	6	135.87	84	100.61
400	121.69	34.67	84	68.84
401	47.09	62.43	89	64.89
402	137.74	54.19	89	59.35
Drivers: 20
id	x	y	end	sensitivity
1223	164.35	17.08	87	0.55
1224	78.18	147.94	84	0.79
1225	188.02	189.4	88	1.91
1226	30.29	113.44	84	1.07
1227	87.41	99.47	84	1.08
1228	43.11	100.48	84	0.59
1229	67.18	39.73	91	1.01
1230	178.06	33.13	86	0.65
1231	194.14	46.6	88	1.33
1232	113.65	160.98	84	0.73
1233	183.11	156.81	88	0.9
1234	185.65	167.84	86	1.9
1235	18.62	147.23	85	1.05
1236	15.15	186.54	87	0.62
1237	52.16	62.28	86	0.98
1238	91.7	70.79	84	1.97
1239	102.29	41.55	87	1.69
1240	146.27	98.21	83	1.84
1241	20.71	77.39	84	1.53
1242	28.73	129.94	85	1.29
Period: 84
Tasks:4
id	x	y	end	c
403	160.57	20.98	87	99.56
404	112.14	11.91	85	88.92
405	125.04	102.82	86	25.2
406	86.43	115.18	87	20.36
Drivers: 13
id	x	y	end	sensitivity
1243	40.77	37.93	90	1.97
1244	100.31	113.86	91	1.13
1245	170.98	57.56	88	0.97
1246	86.57	187.86	87	1.45
1247	53.23	143.96	87	0.51
1248	11.89	2.13	88	1.81
1249	193.88	28.77	87	1.39
1250	111.7	146.27	87	0.78
1251	169.15	23.75	84	1.18
1252	105.8	113.06	87	0.62
1253	57.05	175.13	88	1.48
1254	165.82	196.13	88	1.54
1255	132.26	36.4	85	0.65
Period: 85
Tasks:8
id	x	y	end	c
407	140.64	11.49	87	97.39
408	136.03	30.62	87	78.18
409	197.71	11.16	92	132.06
410	56.39	139.54	85	58.87
411	21.44	28.5	91	106.23
412	53.42	170.87	86	84.81
413	183.94	156.15	89	100.99
414	119.9	145.49	88	49.65
Drivers: 16
id	x	y	end	sensitivity
1256	158.75	50.25	90	1.89
1257	180.55	166.86	86	0.86
1258	161.19	75.38	88	1.93
1259	29.88	33.69	87	0.59
1260	58.41	0.06	85	1.32
1261	47.91	130.6	91	0.51
1262	165.78	81.06	87	0.51
1263	35.57	181.92	90	1.01
1264	90.56	171.49	86	0.71
1265	74.02	111.79	89	1.97
1266	109.97	108.38	88	1.34
1267	79.18	42.74	89	1.78
1268	54.22	95.25	89	0.98
1269	117.78	72.52	90	1.6
1270	144.04	174.49	92	0.67
1271	98.17	154.23	87	0.76
Period: 86
Tasks:7
id	x	y	end	c
415	177.25	115.2	90	78.73
416	78.86	14.37	87	88.2
417	16.2	112.95	88	84.79
418	140.86	132.8	89	52.4
419	167.54	26.9	88	99.53
420	23.55	162.74	87	98.9
421	174.99	86.79	91	76.14
Drivers: 14
id	x	y	end	sensitivity
1272	30.12	158.41	88	1.7
1273	166.03	196.56	90	1.28
1274	126.88	38.38	87	1.82
1275	108.78	110.01	88	1.44
1276	94.01	44.13	88	1.44
1277	41.64	105	89	1.54
1278	100.89	155.88	89	0.88
1279	108.87	160.47	88	1.09
1280	21.43	107.38	90	1.83
1281	184.58	58.14	87	0.88
1282	151.23	5.67	86	1.85
1283	10.89	155.23	88	1.45
1284	130.69	148.03	90	1.39
1285	120.64	105.57	88	1.16
Period: 87
Tasks:7
id	x	y	end	c
422	53.77	11.92	91	99.48
423	168.51	113.25	92	69.78
424	69.44	144.83	89	54.26
425	13.58	168.7	91	110.4
426	187.96	85.92	89	89.08
427	167.41	164.13	90	93.04
428	54.13	74.38	92	52.54
Drivers: 19
id	x	y	end	sensitivity
1286	43.5	180.22	92	0.97
1287	172.43	93.26	87	0.74
1288	31.49	0.07	90	0.61
1289	50.81	162.87	88	0.77
1290	173.4	148.41	89	0.64
1291	60.52	186.58	91	1.79
1292	87.7	14.25	89	0.51
1293	129.61	85.43	89	1.45
1294	113.08	91.6	92	1.82
1295	176.19	184.25	90	1.55
1296	69.27	154.99	92	1.24
1297	46.98	102.52	88	1.42
1298	67.6	5.07	91	1.36
1299	13.02	196.4	89	0.55
1300	24.47	160.42	92	1.12
1301	61.61	71.14	89	1.12
1302	92.66	81.12	89	0.67
1303	6.33	9.5	90	1.37
1304	47.5	154.12	88	0.75
Period: 88
Tasks:2
id	x	y	end	c
429	58.07	47.6	92	67.11
430	109.46	197.21	92	97.67
Drivers: 19
id	x	y	end	sensitivity
1305	192.89	174.89	91	1.85
1306	51.56	15.97	92	1.94
1307	119	110.44	92	1.64
1308	174.5	30.37	90	1.53
1309	154.57	194.69	90	1.94
1310	59.92	41.43	91	0.6
1311	118.24	111.19	89	0.7
1312	124.94	25.25	89	0.63
1313	61.8	3.92	88	1.99
1314	66.09	81.72	89	1.05
1315	174.37	134.55	94	1.51
1316	163.11	194.32	95	1.86
1317	4.25	48.13	88	1.22
1318	103.38	193.94	91	1.66
1319	2.57	52.31	90	1.47
1320	165.41	157.47	93	0.75
1321	36.7	190.82	90	1.97
1322	144.95	28.79	94	1.66
1323	137.25	194.03	94	0.94
Period: 89
Tasks:5
id	x	y	end	c
431	151.97	128.78	93	59.41
432	79.85	42.35	93	61.07
433	70.58	172.24	94	78
434	137.75	57.79	91	56.63
435	125	153.49	89	59.04
Drivers: 12
id	x	y	end	sensitivity
1324	150.52	7.11	94	1.65
1325	198.47	46.62	92	0.91
1326	63.96	81.56	94	1.27
1327	102.17	163.51	91	1.54
1328	63.61	186.49	90	0.5
1329	191.02	23.19	91	1.21
1330	95.3	161.06	89	1.08
1331	96.32	122.96	93	1.13
1332	170.61	111.96	94	0.94
1333	151.46	173.92	94	0.96
1334	108.99	127.36	92	0.76
1335	180.24	24.16	90	1.09
Period: 90
Tasks:8
id	x	y	end	c
436	94.56	119.86	96	20.59
437	57.55	167.08	91	79.38
438	72.79	11.85	92	92.25
439	38.76	84.14	91	63.26
440	159.23	39.83	92	84.43
441	78.17	160.47	92	64.29
442	145.44	193.52	91	103.97
443	171.22	140.96	91	82.16
Drivers: 15
id	x	y	end	sensitivity
1336	66.95	92.42	93	0.61
1337	36.96	183.2	94	1.79
1338	91.78	19.09	94	1.59
1339	115.57	184.35	94	0.93
1340	165.4	101.99	94	0.57
1341	113.61	7.95	94	0.89
1342	61.46	70.36	94	1.63
1343	157.37	96.84	93	0.83
1344	125.22	51.73	92	1.36
1345	33.91	93.23	93	1.05
1346	57.09	184.42	93	1.33
1347	79.52	46.01	90	0.65
1348	144.52	178.04	92	0.75
1349	32.78	148.97	96	0.81
1350	50.43	1.34	94	0.99
Period: 91
Tasks:4
id	x	y	end	c
444	110.57	59.67	95	41.69
445	23.01	142.43	93	87.91
446	197.89	184.41	97	129.26
447	129.11	192.12	93	96.61
Drivers: 21
id	x	y	end	sensitivity
1351	119.08	142.43	92	0.88
1352	34.04	8.27	96	0.84
1353	162.7	193.63	95	1.59
1354	82.33	97.17	97	0.91
1355	136.6	123.84	95	0.76
1356	197.32	93.58	96	1.79
1357	187.55	195.86	95	0.61
1358	122.38	153.59	96	1.91
1359	87.22	35.47	92	1.92
1360	96.52	164.44	94	1.3
1361	124.64	188.82	91	1.73
1362	108.7	180.47	94	1.71
1363	118.9	78.91	95	1.79
1364	169.86	55.52	94	1.88
1365	16.91	62.75	94	0.69
1366	138.84	68.84	96	0.56
1367	78.01	139.26	93	0.87
1368	92.13	158.24	96	1.82
1369	133.04	105.44	93	1.64
1370	138.48	57.54	93	0.64
1371	112.11	154.28	93	1.39
Period: 92
Tasks:6
id	x	y	end	c
448	87.57	11.16	94	89.71
449	85.59	50.6	94	51.46
450	100.89	40.7	95	59.31
451	196.56	123.09	95	99.28
452	163.15	51.24	97	79.78
453	83.32	89.4	95	19.76
Drivers: 18
id	x	y	end	sensitivity
1372	161.53	140.86	93	0.79
1373	141.22	37.75	93	1.7
1374	9.21	66.6	96	1.54
1375	148.96	53.12	96	1.81
1376	145	47.09	94	0.74
1377	74.78	144.96	98	0.79
1378	138.6	67.42	93	0.5
1379	31.84	185.23	95	1.07
1380	44.81	36.71	98	1.87
1381	195.49	121.61	96	1.46
1382	132.56	14.29	94	1.84
1383	38.84	4.21	93	1.82
1384	82.07	171.01	100	1.56
1385	23.47	174.25	97	1.03
1386	20.46	53.44	99	1.73
1387	168.64	94.61	96	0.8
1388	66.89	10.2	95	1.92
1389	136.2	100.07	96	1.81
Period: 93
Tasks:2
id	x	y	end	c
454	94.38	111.73	96	13.01
455	32.83	140.16	98	78.26
Drivers: 11
id	x	y	end	sensitivity
1390	44.76	82.93	97	1.11
1391	87.14	108.4	96	1.72
1392	76.66	197.13	95	0.84
1393	90.29	7.34	97	1.94
1394	126.02	55.43	98	2
1395	155.73	147.69	94	1.88
1396	84.7	51.03	96	0.54
1397	156.27	174.27	95	1.07
1398	142.93	25.41	97	1.36
1399	113.04	118.83	95	0.62
1400	135.1	55.74	97	1.09
Period: 94
Tasks:3
id	x	y	end	c
456	92.27	141.17	96	41.89
457	90.38	170.44	98	71.09
458	109.19	71.63	98	29.82
Drivers: 13
id	x	y	end	sensitivity
1401	108.67	120.27	97	0.61
1402	34.93	53.29	102	1.54
1403	96.02	53.75	96	0.62
1404	50.34	137.82	95	1.23
1405	134.8	144.4	97	1.06
1406	115.26	14.83	98	1.86
1407	24.71	53.07	97	1.7
1408	95.27	32.01	96	1.35
1409	136.16	167.98	96	0.77
1410	89.54	72.26	97	0.85
1411	78.88	151.84	102	1.5
1412	54.19	116.27	97	1.88
1413	177.7	87.89	99	1.48
Period: 95
Tasks:7
id	x	y	end	c
459	194.11	7.81	95	131.74
460	92.12	149.04	99	49.67
461	24.13	75.11	101	79.85
462	197.85	133.54	97	103.44
463	59.72	199.67	97	107.5
464	170.54	65.19	97	78.66
465	159.06	197.8	95	114.25
Drivers: 23
id	x	y	end	sensitivity
1414	73.98	121.51	97	1.91
1415	129.28	83.05	98	1.09
1416	25.55	143.84	95	0.62
1417	91.25	163.82	96	1.87
1418	96.84	146.1	98	1.26
1419	189.31	138.25	99	1.03
1420	123.07	124.12	102	1.42
1421	124.84	174.14	99	0.73
1422	135.68	75.15	96	0.81
1423	140.27	85.7	97	0.52
1424	32.95	84.81	96	0.65
1425	20.05	184.9	100	0.75
1426	82.76	70.21	98	1.55
1427	137.48	51.89	96	1.99
1428	76.88	64.08	100	1.21
1429	124.17	178.02	98	0.77
1430	98.83	58.99	96	1.57
1431	13.33	76.08	103	1.66
1432	186.6	177.36	96	0.91
1433	64.05	118.28	99	1.36
1434	23.86	130.5	97	1.45
1435	144.01	188.79	97	1.58
1436	14.04	133.6	96	1.59
Period: 96
Tasks:7
id	x	y	end	c
466	162.35	38.1	100	87.86
467	105.93	13.92	97	86.28
468	82.08	112.45	99	21.82
469	13.97	170.19	98	111.03
470	129.6	172.32	96	78.14
471	141.34	62.09	100	56.09
472	184.86	116.49	99	86.45
Drivers: 15
id	x	y	end	sensitivity
1437	26.21	12.35	97	1.33
1438	25.1	168.65	98	0.9
1439	171.1	90.18	101	1.14
1440	83.73	108.6	100	1.34
1441	35.51	104	98	0.96
1442	73.56	141.61	97	1.67
1443	62.14	128.77	99	0.92
1444	156.06	74.83	98	0.66
1445	117.1	22.39	99	0.85
1446	10.3	53.42	100	1.93
1447	131.19	108.35	99	1.48
1448	39.17	21.92	97	0.68
1449	64.04	142.5	96	1.37
1450	56.25	94.37	99	1.76
1451	28.68	36.77	98	1.34
Period: 97
Tasks:3
id	x	y	end	c
473	38.02	103.86	98	62.1
474	143.38	158.83	99	73.09
475	140.17	83.17	100	43.55
Drivers: 20
id	x	y	end	sensitivity
1452	192.86	114.91	100	1.84
1453	158.9	139.57	99	1.8
1454	18.76	77.54	99	1.66
1455	30	110.91	98	1.04
1456	102.25	178.07	100	0.71
1457	18.96	70.12	98	1.41
1458	80.08	108.77	102	1.51
1459	59.36	75.8	100	1.3
1460	60.92	91.03	99	1.13
1461	170	124.07	104	0.86
1462	105.81	182.56	101	1.74
1463	137.86	183.12	99	0.75
1464	132.2	47.3	103	1.72
1465	110.39	168.67	98	1.68
1466	3.11	13.27	99	1.15
1467	125.01	125.81	100	1.75
1468	90.94	143.71	100	1.45
1469	85.48	91.19	100	0.89
1470	46.39	174.66	101	1.44
1471	45.76	172.72	102	1.83
Period: 98
Tasks:10
id	x	y	end	c
476	199.06	79.57	100	101.14
477	16.29	6.88	100	125.21
478	14.39	190.33	101	124.45
479	5.03	126.12	101	98.5
480	188.36	141.46	102	97.6
481	89.23	35.5	103	65.39
482	181.79	111.22	100	82.56
483	94.94	196.51	101	96.64
484	11.36	189.45	101	125.93
485	39.74	94.46	100	60.51
Drivers: 18
id	x	y	end	sensitivity
1472	51.21	28.99	99	0.87
1473	24.07	132.01	100	0.63
1474	36.03	174.71	100	1.56
1475	144.98	60.09	100	1.34
1476	7.91	6.95	105	1.27
1477	33.48	142.66	103	1.55
1478	101.96	76.55	100	0.85
1479	73.96	112.85	103	0.68
1480	36.23	160.07	108	1.15
1481	4.87	40.41	103	1.03
1482	118.4	107.65	101	1.86
1483	98.38	7.61	100	0.91
1484	80.98	75.45	99	1.03
1485	195.6	153.53	100	1.15
1486	91.93	147.26	103	0.69
1487	178.05	142.19	99	1.52
1488	190.97	38.5	102	1.58
1489	52.49	136.54	99	0.52
Period: 99
Tasks:6
id	x	y	end	c
486	9.74	45.55	100	105.41
487	0.68	16.73	100	129.61
488	84.14	81.7	102	24.22
489	101.75	195.19	101	95.21
490	180.27	84.63	102	81.73
491	21.02	52.46	106	92.18
Drivers: 14
id	x	y	end	sensitivity
1490	112.93	21.77	103	0.98
1491	71.85	156.14	100	1.62
1492	106.7	35.35	101	1.79
1493	152.44	182.2	107	1.06
1494	128.23	67.7	99	1.01
1495	169.26	149.27	103	1.29
1496	104.28	48.08	103	1.06
1497	68.12	85.03	101	1.55
1498	56.91	0.1	102	1
1499	65.66	32.47	102	1.86
1500	142.61	71.45	101	1.56
1501	72.11	100.74	101	1.18
1502	154.03	58.01	105	1.13
1503	41.29	16	102	1.18
Period: 100
Tasks:4
id	x	y	end	c
492	82.61	109.6	108	19.86
493	43.29	56.07	102	71.73
494	60.56	116.86	102	42.89
495	29.72	104.09	102	70.4
Drivers: 22
id	x	y	end	sensitivity
1504	151.74	57.07	103	0.55
1505	108.66	75.67	102	1.04
1506	40.79	185.41	107	0.9
1507	17.14	49.33	102	1.25
1508	3.18	164.87	101	1.77
1509	198.75	52.88	103	0.93
1510	56.08	19.48	102	1.69
1511	176.06	71.24	101	0.8
1512	169.85	29.23	102	1.05
1513	115.8	68.76	102	0.71
1514	145.55	32.23	106	0.56
1515	110.06	34.55	103	0.65
1516	193.92	140.18	103	1.52
1517	118.2	142.14	102	0.78
1518	24.33	114.99	101	1.24
1519	102.93	122.25	107	1.68
1520	121.23	108.89	103	1.06
1521	93.76	130.55	103	0.8
1522	57.27	185.73	104	1.77
1523	57.82	94	103	1.92
1524	34.19	65.68	104	0.58
1525	36.86	18.27	104	1.96
