Periods: 100
Task Arrival Rate: 5
Task Average Time: 3
Driver Arrival Rate: 15
Driver Average Time: 2
Period: 1
Tasks:2
id	x	y	end	c
1	180.06	147.6	3	93.14
2	28.89	27.92	4	101.25
Drivers: 22
id	x	y	end	sensitivity
1	190.38	56.08	1	1.74
2	80.37	60.56	4	0.75
3	76.62	128.26	3	0.79
4	152.83	151.27	4	0.9
5	58	14.09	2	1.14
6	168.96	36.9	4	1.33
7	111.09	81.58	4	1.61
8	88.4	0.44	1	1.45
9	100.81	126.43	5	1.57
10	170.72	73.08	1	0.95
11	149.99	98.77	6	1.93
12	16.61	13.55	4	0.62
13	148.41	169.58	4	1.9
14	55.11	190.48	2	0.79
15	79.04	177.52	2	0.82
16	76.78	126.39	2	0.79
17	73.21	198.68	3	1.46
18	64.03	117.84	5	1.41
19	173.19	104.49	3	1.18
20	115.99	188.42	4	1.69
21	69.31	75.14	1	0.71
22	95.75	14.24	3	1.73
Period: 2
Tasks:3
id	x	y	end	c
3	121.38	5.98	5	96.42
4	155.01	16.97	5	99.6
5	161.52	69.94	7	68.47
Drivers: 15
id	x	y	end	sensitivity
23	189.39	165.9	4	1.48
24	186.62	13.48	6	1.03
25	3.96	166.12	5	1.91
26	155.68	140.68	4	1.24
27	24.56	20.98	5	1.45
28	86.47	179.07	3	1.95
29	73.19	141.49	3	1.18
30	110.25	48.39	2	0.68
31	198.3	67.86	4	1.88
32	69.47	91.12	2	1.9
33	73.04	132.52	3	1.91
34	6.19	109.99	3	1.79
35	3.34	174.81	2	0.73
36	31.42	157.08	2	0.52
37	88.31	120.4	3	1.9
Period: 3
Tasks:2
id	x	y	end	c
6	196.66	175.56	3	122.69
7	31.37	105.91	3	68.88
Drivers: 20
id	x	y	end	sensitivity
38	13.63	155.14	6	1.63
39	34.8	2.25	7	1.81
40	44.97	198.79	8	1.53
41	121.67	193.39	4	0.92
42	93.58	161.97	5	0.75
43	168.26	102.14	4	1.02
44	129.61	109.92	4	1.29
45	30.19	122.56	4	0.55
46	111.46	167.18	6	1.45
47	79.18	41.15	4	1.69
48	86.97	70.31	6	0.94
49	146.06	39.44	4	1
50	60.13	6.33	7	0.98
51	142.04	186.65	4	0.98
52	78.77	37.42	6	1.13
53	181.62	147.99	5	1.46
54	16.41	99.64	4	0.88
55	119.35	123.39	5	0.5
56	121.32	82.71	3	0.58
57	73.36	7.84	4	1.12
Period: 4
Tasks:5
id	x	y	end	c
8	129.77	179.75	6	85.13
9	152.72	17.09	7	98.25
10	164.91	186.89	7	108.46
11	194.25	163.03	6	113.38
12	183.61	114.46	6	84.85
Drivers: 24
id	x	y	end	sensitivity
58	84.66	114.84	5	1.63
59	44.65	139.33	4	0.75
60	71.19	28.1	8	1.53
61	69.6	86.71	6	0.58
62	126.96	138.82	4	0.78
63	20.11	182.28	5	1.69
64	10.38	115.19	6	0.67
65	152.45	107	7	1.81
66	54.37	33.4	5	0.8
67	164.22	56.7	5	1.61
68	30.82	188.39	6	0.79
69	77.27	80.41	7	1.25
70	90.25	36.79	4	1.79
71	55.52	142.48	7	0.57
72	77.51	9.65	5	1.65
73	165.25	63.36	5	0.94
74	139.69	198.7	8	1.78
75	167.69	196.13	5	1.77
76	91.85	54.13	8	1.25
77	167.52	58.66	6	1.82
78	149.28	68.11	7	1.87
79	16.85	171.66	10	1.62
80	158.91	103.81	8	0.85
81	18.34	167.26	6	1.17
Period: 5
Tasks:7
id	x	y	end	c
13	45.16	163.88	7	84.19
14	199.91	180.78	9	128.48
15	150.29	38.95	7	79.1
16	113.18	189.14	9	90.11
17	137.17	98.96	13	37.18
18	190.11	120.82	6	92.48
19	147.36	133.49	6	58
Drivers: 7
id	x	y	end	sensitivity
82	23.59	58.6	7	0.83
83	165.92	126.33	6	1.6
84	0.58	96.44	7	1.32
85	24.65	98.55	8	1.22
86	166.61	110.72	7	0.52
87	137.25	43.23	6	0.97
88	63.07	165.02	5	1.8
Period: 6
Tasks:7
id	x	y	end	c
20	134.74	161.57	10	70.69
21	16.83	68.98	10	88.77
22	156.11	171.53	8	90.91
23	38.33	26.14	11	96.22
24	42.56	90.34	10	58.25
25	62.02	155.79	10	67.49
26	46.55	55.45	8	69.58
Drivers: 15
id	x	y	end	sensitivity
89	174.93	49.72	6	1.43
90	88.27	77.26	9	1.57
91	17.42	78.67	9	1.44
92	105.36	188.68	7	1.11
93	163.2	75.38	8	1.64
94	84.22	35.24	8	1.62
95	129.44	185.42	7	0.96
96	35.6	150.27	10	0.84
97	18.79	24.75	9	1.94
98	16.54	90.96	7	0.56
99	102.1	182.34	9	1.23
100	195.35	152.57	7	0.82
101	156.09	7.31	8	1.88
102	158.49	149.05	8	1.14
103	94.27	29.47	8	1.96
Period: 7
Tasks:5
id	x	y	end	c
27	149.91	199.66	8	111.46
28	114.47	114.32	8	20.36
29	88.05	168.27	8	69.31
30	118.53	48.14	9	55.07
31	126.75	188.95	11	92.89
Drivers: 17
id	x	y	end	sensitivity
104	79.75	89.66	9	0.96
105	159.18	149.8	11	1.48
106	184.02	4.41	7	1.12
107	53.78	66.7	9	1.94
108	125.09	24.03	9	1.29
109	120.24	77.11	8	1.08
110	11.89	58.26	8	1.15
111	21.94	69.2	8	0.51
112	178.36	79.36	7	0.7
113	23.29	185.52	8	0.86
114	150.23	135.24	8	1.75
115	54.5	25.03	10	1.88
116	181.98	77.15	8	1.16
117	27.94	20.87	8	0.94
118	152.82	137.13	11	0.78
119	141.35	149.24	11	1.86
120	160.47	40.01	9	0.72
Period: 8
Tasks:3
id	x	y	end	c
32	137.32	42.58	11	68.48
33	41.86	114.77	12	59.99
34	57	128.97	11	51.85
Drivers: 15
id	x	y	end	sensitivity
121	54.68	178.29	12	1.1
122	158.01	80.88	10	1.6
123	18.27	192.67	12	1.78
124	192.88	101.04	10	1.25
125	131.83	101.72	11	1.72
126	147.12	120.12	9	1.12
127	142.71	76.62	11	1.03
128	49.08	155.64	9	1.23
129	0.4	45.61	11	1.79
130	75.33	2.26	8	0.59
131	43.77	123.33	11	1.65
132	197.98	194.43	9	1.87
133	123.7	47.34	9	2
134	76.22	85.63	9	1.05
135	54.58	146.1	9	1.13
Period: 9
Tasks:6
id	x	y	end	c
35	198.99	21.65	13	126.24
36	62.7	25.67	10	83.16
37	14.51	137.64	12	93.41
38	154.22	137.91	16	66.16
39	7.9	121.91	11	94.67
40	126.39	157.33	11	63.11
Drivers: 24
id	x	y	end	sensitivity
136	169.48	42.64	13	0.84
137	152.73	48.8	10	1.24
138	141.82	0.15	10	0.7
139	177.17	81.2	9	1.69
140	55.88	42.16	10	1.06
141	92.13	52.57	12	1.79
142	195.07	107.08	9	1.79
143	60.72	52.07	12	1.82
144	28.1	158.72	11	0.63
145	166.08	158.07	11	0.61
146	72.12	119.96	11	0.75
147	195.63	36.03	10	0.93
148	126.72	98.39	11	0.77
149	160.5	175.73	10	0.6
150	7.05	94.88	11	1.91
151	65.59	6.36	9	0.52
152	6.76	68.5	12	0.88
153	11.51	149.59	11	1.64
154	122.41	0.32	10	1.7
155	156.47	155.95	9	0.86
156	152.4	18.25	12	1.8
157	63.62	182.9	11	1.71
158	106.23	67.02	12	1.75
159	174.01	18.67	10	1.13
Period: 10
Tasks:4
id	x	y	end	c
41	131.17	74.82	12	40.07
42	65.67	110.44	13	35.88
43	2.11	48.06	14	110.82
44	43.95	85.85	13	57.81
Drivers: 20
id	x	y	end	sensitivity
160	155.03	20.98	14	1.2
161	47.05	69.75	12	0.75
162	150.9	155.71	13	1.38
163	107.74	27.81	14	0.95
164	37.96	166.14	12	1.51
165	28.34	18.98	12	1.33
166	46.68	161.43	11	0.92
167	74.7	37.32	10	0.59
168	119.19	1.42	12	1.37
169	146.07	98.82	14	1.51
170	125.87	171.1	12	0.77
171	73.86	185.43	13	0.51
172	9.08	87.61	13	1.39
173	36.04	120.14	12	1.18
174	86.85	17.83	11	0.77
175	3.2	11.44	14	1.46
176	155.69	34.48	11	1.68
177	10.78	51.87	12	1.39
178	116.42	33.87	13	0.86
179	102.94	161.44	14	1.09
Period: 11
Tasks:2
id	x	y	end	c
45	112.02	103.26	12	12.45
46	101.35	120.72	15	20.76
Drivers: 15
id	x	y	end	sensitivity
180	108.16	91.3	18	1.98
181	135.9	77.34	12	1.25
182	85.13	9.74	14	1.77
183	67.32	16.84	13	1.41
184	93.99	42.02	16	1.93
185	14.25	165.96	15	1.86
186	193.41	127.98	11	0.62
187	135.29	184.72	15	1.65
188	65.11	17.92	12	1.45
189	53.25	171.78	13	1.27
190	129.46	110.14	12	0.93
191	140.41	32.78	14	1.35
192	71.93	12.1	15	1.08
193	135.35	40.58	11	1.72
194	71.63	189.55	16	0.73
Period: 12
Tasks:6
id	x	y	end	c
47	82.76	55.03	17	48.16
48	67.26	161.4	14	69.58
49	149.25	69.99	15	57.67
50	187.7	163.03	14	108
51	90.69	149.06	15	49.94
52	19.12	125.06	19	84.67
Drivers: 19
id	x	y	end	sensitivity
195	51.6	154.81	13	1.03
196	59.75	61.13	13	1.36
197	124.99	58.24	15	2
198	24	148.57	15	1.63
199	130.58	24.39	12	1.47
200	136.42	66.77	16	1.84
201	96.9	89.18	14	1.96
202	81.05	117.54	13	1.07
203	27.82	112.25	15	1.8
204	74.28	82.19	14	0.89
205	170.69	141.37	14	0.69
206	191.24	176.14	12	1.92
207	124.86	62.78	13	0.51
208	31.84	124.14	14	1.22
209	74.85	82.97	14	0.61
210	94.89	63.12	15	0.83
211	8.54	56.82	13	1.34
212	93.93	31	15	1.82
213	167.32	18.38	14	1.89
Period: 13
Tasks:5
id	x	y	end	c
53	69.49	62.82	15	48.1
54	83.53	161.55	17	63.72
55	171.04	96.92	15	71.11
56	48.59	47.75	18	73.3
57	100.17	154.5	17	54.5
Drivers: 11
id	x	y	end	sensitivity
214	87.86	38.1	16	0.53
215	90.96	175.39	14	1.01
216	32.88	159.62	15	0.87
217	33.98	59.52	14	0.66
218	144.97	48.57	16	0.61
219	137.59	197.58	14	1.68
220	146.93	159.99	14	1.22
221	24.76	33.98	16	1.92
222	78.51	110.84	15	1.66
223	37.25	85.66	16	1.22
224	146.22	76.36	19	1.19
Period: 14
Tasks:1
id	x	y	end	c
58	131.33	116.28	16	35.31
Drivers: 10
id	x	y	end	sensitivity
225	167.35	175.58	16	1.38
226	13.91	100.82	14	1.02
227	62.6	187.67	17	1.9
228	77.17	139.59	18	1.16
229	60.8	92.91	18	1.58
230	158.32	35.52	16	1.35
231	59.48	47.7	14	0.62
232	133.94	14.21	16	0.81
233	103.15	184.8	15	0.87
234	53.51	110.09	16	0.58
Period: 15
Tasks:5
id	x	y	end	c
59	51.36	143.14	18	65.01
60	26.63	40.68	15	94.35
61	87.15	128.8	21	31.54
62	166.31	113.9	21	67.75
63	92.48	58.29	18	42.38
Drivers: 18
id	x	y	end	sensitivity
235	96.24	191.53	16	1.5
236	17.94	0.76	16	1.34
237	34.4	148.79	15	0.72
238	145.05	28.77	18	1.58
239	91.44	38.34	17	1.08
240	63.79	127.5	17	1.53
241	119.38	59.01	21	1.15
242	30.12	189.06	24	1.64
243	171.22	82.3	17	1.58
244	64.83	19.89	19	0.89
245	152.94	99.61	17	1.27
246	159.65	101.61	16	0.66
247	186.99	54.82	16	1.98
248	10.77	147.95	16	0.55
249	20.14	177.85	18	1.68
250	89.76	190.85	18	0.96
251	79.04	101.65	15	1.14
252	85.11	196.12	16	1.39
Period: 16
Tasks:7
id	x	y	end	c
64	14.46	142.45	17	95.49
65	139.03	182.58	18	91.34
66	142	83.55	19	45.11
67	90.83	53.84	20	47.06
68	40.87	14.04	19	104.33
69	15.17	125.41	21	88.55
70	138.36	124.82	24	45.69
Drivers: 22
id	x	y	end	sensitivity
253	188.16	127.05	17	1.61
254	39.2	59.07	17	1.61
255	151.08	27.44	19	0.84
256	181.17	38.35	18	1.13
257	47.43	21.04	18	1.05
258	71.42	113.14	17	1.13
259	120.11	25.66	16	1.93
260	2.29	87.17	21	1.9
261	2.25	143.13	21	1.11
262	88.77	77.43	17	0.56
263	146.55	155.48	18	1.41
264	28.57	168.4	18	1.5
265	79.35	149.17	18	1.75
266	101.82	95.76	17	1.8
267	105.29	123.36	19	0.79
268	21.73	8.18	16	1.57
269	106.93	175.61	18	1.87
270	18.99	185.39	17	1.44
271	116.03	154.44	19	1.05
272	49.16	133.36	18	0.61
273	109.2	181.64	21	1.81
274	93.77	111.58	18	1.69
Period: 17
Tasks:4
id	x	y	end	c
71	54.68	92.21	20	45.98
72	17.61	128.5	17	87.18
73	171.96	185.38	19	111.66
74	70.21	28.63	20	77.34
Drivers: 23
id	x	y	end	sensitivity
275	146.32	29.83	22	1.59
276	29.15	97.06	20	0.78
277	152.86	19.75	18	1.36
278	174.43	137.92	18	1.63
279	21.34	72.71	18	0.88
280	87.32	14.16	21	1.28
281	76.04	198.47	21	1.78
282	74.03	182.24	18	0.81
283	46.12	112.55	19	1.45
284	39.06	194.76	18	0.66
285	51.03	121.97	18	0.68
286	53.89	138.51	18	1.34
287	73.08	26.65	18	1.8
288	165.09	171.11	17	0.75
289	156.17	108.59	18	1.75
290	155.7	79.28	18	1.67
291	68.02	187.46	17	0.94
292	121.75	145.93	20	1.06
293	125.34	58.4	21	1.04
294	115.72	122.08	20	0.84
295	70.8	188.14	20	1.47
296	9.96	0.71	20	0.62
297	87	37.12	19	1.18
Period: 18
Tasks:4
id	x	y	end	c
75	78.33	84.46	19	26.67
76	35.07	148.08	18	80.79
77	190.95	29.54	20	115.05
78	87.45	158.58	19	59.91
Drivers: 13
id	x	y	end	sensitivity
298	172.75	149.97	19	0.96
299	34.03	151.95	22	1.56
300	79.12	36.75	20	0.66
301	135.47	162.94	20	1.33
302	175.6	133.49	19	1.93
303	55.41	190.25	18	1.9
304	171.13	66.47	20	1.84
305	141.86	123.84	20	0.87
306	161.3	107.73	18	1.03
307	74.43	192.2	18	0.94
308	109.36	55.25	21	0.74
309	84.39	50.38	19	0.83
310	6.58	12.72	20	1.4
Period: 19
Tasks:5
id	x	y	end	c
79	85.67	199.63	23	100.66
80	66.76	87.05	23	35.67
81	15.75	173.71	22	111.94
82	161.29	135.92	23	71.04
83	88.04	67.78	21	34.37
Drivers: 9
id	x	y	end	sensitivity
311	182.35	60.73	23	1.17
312	184.4	177.97	21	0.85
313	116.83	83.18	22	0.88
314	17.36	6.96	20	1.66
315	16.04	154.8	24	1.84
316	45.49	43.86	20	0.97
317	10.89	114.27	22	0.94
318	114.89	158.94	20	1.45
319	54.39	113.08	19	1.36
Period: 20
Tasks:7
id	x	y	end	c
84	166	87.09	24	67.25
85	194.72	77.03	22	97.47
86	118.09	67.6	23	37.11
87	110.64	89.38	21	15.03
88	133.33	179.92	23	86.59
89	67.45	4.08	24	101.29
90	48.15	165.56	22	83.59
Drivers: 8
id	x	y	end	sensitivity
320	140.79	153.3	22	1.64
321	5.6	120.11	24	0.83
322	154.41	44.08	21	1.15
323	53.92	62.3	21	0.82
324	197.01	22.43	21	1.64
325	25.05	94.26	21	0.76
326	74.99	147.94	24	1.9
327	139.14	81.69	26	1.92
Period: 21
Tasks:9
id	x	y	end	c
91	47.9	94.11	23	52.43
92	87.07	116.62	23	21.06
93	90.09	126.04	28	27.86
94	123.47	194.81	25	97.67
95	70.62	168.86	22	74.87
96	187.73	164.29	22	108.76
97	20.27	24.84	25	109.57
98	52.31	27.51	22	86.77
99	105.01	80.88	26	19.77
Drivers: 14
id	x	y	end	sensitivity
328	108.46	113.06	24	0.53
329	9.93	136.01	24	0.86
330	112.01	91.19	22	0.83
331	58.68	56.11	25	0.79
332	110.46	112.85	21	0.92
333	100.6	179.35	22	0.79
334	90.06	16.95	23	1.35
335	77.08	116.55	22	1.59
336	72.52	131.44	25	1.05
337	96.32	87.94	21	1.25
338	113.75	43.78	24	0.78
339	11.65	19.84	23	0.87
340	40.56	86.55	27	1.39
341	70.1	8.12	23	1.13
Period: 22
Tasks:6
id	x	y	end	c
100	43.36	138.26	25	68.35
101	126.12	197.78	27	101.21
102	187.79	183.43	25	121.11
103	8.31	141.86	25	100.79
104	63.93	56.15	29	56.78
105	36.82	76.12	26	67.54
Drivers: 14
id	x	y	end	sensitivity
342	19.59	22.32	26	0.98
343	90.53	149.27	23	0.89
344	95.45	108.54	22	1.51
345	132.59	172.21	24	1.04
346	93.83	89.92	22	1.52
347	137.29	20.51	24	1.29
348	198.9	187.97	24	0.55
349	29.36	80.55	24	0.82
350	145.12	86.4	25	1.17
351	157.73	75.54	25	1.21
352	74.13	0.7	25	0.62
353	37.36	1.17	23	1.28
354	140.66	192.03	22	1.19
355	176.92	39.92	25	1.94
Period: 23
Tasks:4
id	x	y	end	c
106	36.24	197.99	25	116.91
107	197.41	110.14	24	97.94
108	24.04	2.65	28	123.48
109	10.63	36.11	24	109.86
Drivers: 15
id	x	y	end	sensitivity
356	7.54	187.49	24	1.63
357	175.84	74.95	24	0.85
358	127.31	127.18	24	0.87
359	14.75	72.82	27	1.36
360	185.29	36.76	26	0.85
361	122.36	57.13	27	1.74
362	32.03	47.35	24	0.63
363	87.53	51.63	24	1.83
364	85.41	98.8	26	1.26
365	192.33	91.27	23	1.72
366	151.43	26.61	24	0.77
367	196.94	28.76	25	0.56
368	165.92	140.92	27	0.6
369	72.68	156.29	28	1.67
370	80.39	129.67	24	1.05
Period: 24
Tasks:4
id	x	y	end	c
110	173.99	38.18	26	96.42
111	126.9	51.39	25	55.56
112	84.71	87.38	27	19.83
113	41.7	24.88	25	95.09
Drivers: 14
id	x	y	end	sensitivity
371	103.85	34.71	24	1.23
372	63.37	83.92	26	1.76
373	25.14	140.82	27	1.22
374	44.78	98.01	25	0.57
375	168.79	25.79	27	0.97
376	190.47	151.92	25	0.55
377	31.1	179.39	25	0.63
378	171.64	142.93	26	0.6
379	199.03	88.26	27	1.8
380	96.33	45.26	24	1.42
381	14.04	128.04	25	0.51
382	153.86	180.04	24	0.88
383	44.54	37.34	29	1.14
384	166.26	175.35	25	1.85
Period: 25
Tasks:4
id	x	y	end	c
114	173.86	36.1	29	97.67
115	19.55	183.99	26	116.3
116	69.09	94.54	26	31.39
117	86.63	33.61	28	67.72
Drivers: 10
id	x	y	end	sensitivity
385	191.38	43.21	25	0.61
386	95.67	69.99	27	1.31
387	39.93	189.4	29	1.7
388	134.07	4.2	28	1.59
389	54.44	151.12	27	1.26
390	49.67	124.31	27	1.96
391	10.4	135.44	26	1.96
392	166.77	174.27	26	0.79
393	0.23	90.71	26	1.29
394	65.46	128.92	28	1.83
Period: 26
Tasks:5
id	x	y	end	c
118	196.73	3.32	30	136.76
119	145.43	4.79	28	105.49
120	148.25	83.08	28	51.13
121	10.92	78.94	29	91.54
122	192.2	173.97	28	118.2
Drivers: 19
id	x	y	end	sensitivity
395	46.47	182	29	1.3
396	150.51	83.02	28	1.9
397	64.35	127.76	29	1.93
398	32.09	29.37	30	1.62
399	116.08	13.52	29	0.5
400	57.61	136.82	29	1.4
401	27.7	60.76	28	0.98
402	65.88	181.25	29	1.44
403	36.32	131.6	27	1.44
404	40.03	145.13	27	1.2
405	138.63	132.37	27	1.47
406	3.6	109.52	28	1.64
407	16.93	178.91	30	1.04
408	162.77	190.79	29	1.16
409	143.05	0.58	28	0.52
410	0.77	117.79	28	1
411	51.02	15.17	30	1.71
412	46.42	28.62	26	1.96
413	51.83	188.65	26	0.89
Period: 27
Tasks:5
id	x	y	end	c
123	181.24	39.37	29	101.37
124	64.65	158.54	31	68.39
125	173.56	91.63	30	74.03
126	19.32	184.72	31	116.99
127	33.91	40.3	29	89.06
Drivers: 14
id	x	y	end	sensitivity
414	145.37	128.92	28	1.56
415	165.95	172	30	1.4
416	119.19	85.14	30	1.46
417	151.76	65.52	30	1.06
418	49.75	181.99	32	1.23
419	0.05	186.91	29	1.37
420	52.16	161.57	29	1.17
421	18.43	116.42	28	1.56
422	177.65	54.44	28	0.85
423	156.72	14.5	29	0.88
424	150.92	125.81	29	0.94
425	183.14	74.68	30	1.54
426	47.33	111.26	30	0.92
427	79.72	10.7	32	0.99
Period: 28
Tasks:3
id	x	y	end	c
128	192.66	70.35	29	97.29
129	135	98.15	33	35.05
130	165.45	69.78	28	72.09
Drivers: 22
id	x	y	end	sensitivity
428	22.18	199.09	28	0.68
429	134.32	33.88	30	1.89
430	87.34	72.25	31	1.45
431	44.51	158.62	30	1.58
432	106.38	96.55	28	1.65
433	12.9	179.69	29	1.55
434	131.92	52.84	29	0.74
435	12.98	80.17	29	0.59
436	32.99	71.94	31	1.98
437	183.93	171.29	29	1.65
438	157.44	104.22	29	0.68
439	168.63	148.1	29	0.63
440	21.62	180.09	29	0.58
441	196.82	164.85	30	0.59
442	89.97	113.84	29	1.59
443	124.15	128.18	31	1.52
444	27.09	132.23	30	0.88
445	31.63	114.15	29	1.83
446	162.76	61.57	33	1.14
447	63.84	170.42	29	1.78
448	14.72	193.75	29	0.93
449	171.93	116.08	32	1.45
Period: 29
Tasks:4
id	x	y	end	c
131	4.52	99.74	33	95.48
132	111.9	33.4	31	67.65
133	160.41	135.12	31	69.88
134	82.83	148.02	29	51
Drivers: 15
id	x	y	end	sensitivity
450	181.88	31.39	29	0.61
451	131.38	197.97	30	0.98
452	104.51	39.02	33	0.73
453	47.44	33.79	30	0.58
454	154.39	129.64	31	1.46
455	78.67	79.52	32	1.72
456	157.18	135.06	30	0.78
457	131.11	64.07	32	1.5
458	181.02	2.56	34	0.78
459	167.03	173.78	33	1.24
460	151.25	197.49	33	1.58
461	15.4	6.55	30	1.34
462	171.58	153.2	32	1.7
463	57.35	71.42	30	1.42
464	174.28	149.55	32	1.53
Period: 30
Tasks:6
id	x	y	end	c
135	117.37	65.44	34	38.68
136	142.21	109.32	32	43.23
137	123.28	193.45	31	96.31
138	180.13	43.56	32	98.01
139	43.26	25.18	35	93.9
140	162.44	49.38	32	80.38
Drivers: 12
id	x	y	end	sensitivity
465	172.99	187.74	31	1.03
466	20.32	136.51	31	1.11
467	110.15	36.4	34	1.78
468	118.84	38.48	34	1.44
469	34.25	116.38	32	1.28
470	54.1	139.43	31	1.9
471	75.79	7.65	32	1.94
472	136.64	168.21	31	1.98
473	187.98	141.07	30	0.98
474	138.65	62.66	33	0.96
475	80.4	21.02	33	1.89
476	98.33	23.22	33	1.43
Period: 31
Tasks:2
id	x	y	end	c
141	124.12	117.39	35	29.74
142	23.64	64.12	31	84.37
Drivers: 8
id	x	y	end	sensitivity
477	21.59	27.9	31	0.53
478	40.16	3.66	34	2
479	38.6	106.36	32	1.2
480	128.2	127.98	32	1.3
481	71.07	176.95	34	0.93
482	166.77	162.25	32	0.52
483	178.49	97.48	33	1.7
484	95.01	43.94	31	1.48
Period: 32
Tasks:4
id	x	y	end	c
143	199.95	38.3	37	117.46
144	121.61	162.14	37	65.79
145	37.57	145.39	36	77.19
146	153.25	120.73	36	57.14
Drivers: 20
id	x	y	end	sensitivity
485	96.57	64.88	34	1.64
486	143.37	39.26	33	1.9
487	27.37	120.02	34	1.31
488	153.41	87.68	32	0.87
489	43.89	44.22	34	1.8
490	181.83	95.74	35	0.71
491	186.82	24.99	33	1.83
492	171.92	110.57	34	0.96
493	117.86	107.39	32	0.6
494	43.97	50.4	34	1.27
495	139.97	25.07	33	1.6
496	108.98	52.24	33	0.64
497	163.45	107.45	36	1.69
498	157.63	99.33	37	1.84
499	179.29	197.2	36	1.9
500	173.47	39.38	33	1.38
501	107.96	154.94	33	1.71
502	126.48	44.94	33	1.32
503	22.9	183.52	34	1.59
504	145.36	195.45	32	1.54
Period: 33
Tasks:7
id	x	y	end	c
147	89.76	149.02	36	50.08
148	64.5	105.46	35	35.92
149	79.57	122.28	37	30.23
150	67.15	21.64	33	84.97
151	192.27	79.07	36	94.61
152	147.37	190.37	37	102.03
153	180.88	100.05	35	80.88
Drivers: 19
id	x	y	end	sensitivity
505	46.92	188.19	35	1.4
506	145.22	53.18	37	1.19
507	58.72	61.57	36	0.62
508	151.85	179.01	34	1.16
509	144.58	81.6	33	0.69
510	129.49	12.21	36	1.34
511	175.83	22.24	35	1.95
512	25.03	120.22	33	1.23
513	53.75	173.32	35	1.17
514	182.13	41.49	35	1.51
515	192.66	75.31	36	1.9
516	73.31	144.76	35	1.09
517	66.58	18.96	36	1.78
518	65.89	131.42	35	1.57
519	174.83	186.11	35	1.62
520	64.98	109.44	36	1
521	15.66	90.12	36	0.96
522	95	124.64	36	0.88
523	184.88	125.66	38	0.92
Period: 34
Tasks:5
id	x	y	end	c
154	177.41	177.66	38	109.65
155	30.23	40.34	39	91.8
156	99.43	49.99	36	50.01
157	123.16	43.95	38	60.65
158	103.16	133.33	38	33.48
Drivers: 11
id	x	y	end	sensitivity
524	35.82	160.26	37	1.34
525	20.89	189.51	35	1.11
526	37.93	58.67	37	1.2
527	59.69	6.82	35	0.77
528	198.95	96.08	35	1.13
529	47.53	192.28	35	0.54
530	49.52	43.12	35	1.27
531	123.42	83.97	35	1.34
532	111.52	191.66	36	1
533	131.92	189.26	36	1.61
534	122.61	23.71	35	1.55
Period: 35
Tasks:7
id	x	y	end	c
159	194.04	130.29	35	98.8
160	9.51	69.15	36	95.6
161	135.95	120.98	37	41.62
162	27.41	80.41	37	75.19
163	175.89	107.2	36	76.23
164	74.48	104.22	36	25.87
165	1.4	188.04	40	132.19
Drivers: 18
id	x	y	end	sensitivity
535	56.78	22.35	41	1.11
536	52.33	146.68	38	1.9
537	156.65	134.28	41	1.53
538	95.58	38.93	38	1.96
539	41.01	9.35	38	1.46
540	8.99	199.13	39	1.09
541	141.04	43.63	39	1.71
542	18.05	156.83	36	0.58
543	24.87	127.87	37	0.91
544	173.31	97.69	37	0.73
545	52	139.32	39	1.58
546	26.36	191.05	38	1.97
547	155.17	165.85	35	0.94
548	8.95	137.42	35	0.87
549	4.52	5.57	35	1.37
550	197.37	59.28	37	1.49
551	125.73	175.3	35	1.02
552	135.12	167.92	39	1.88
Period: 36
Tasks:2
id	x	y	end	c
166	167.5	173.97	40	100.14
167	41.47	67.6	39	66.9
Drivers: 15
id	x	y	end	sensitivity
553	57.72	195.48	36	0.93
554	44.13	6.04	38	1.98
555	61.05	186.2	38	0.52
556	93.49	4.88	40	0.54
557	90.52	199.85	38	1.81
558	96.73	94.24	37	1.39
559	46.7	17.71	36	2
560	25.59	168.9	37	1.94
561	149.29	163.74	39	1.09
562	51.45	189.16	38	0.69
563	55.85	13.33	38	1
564	193.51	114.35	37	1.08
565	161.69	60.15	39	1.02
566	91.23	10.26	38	0.58
567	15.49	165.3	36	0.57
Period: 37
Tasks:3
id	x	y	end	c
168	7.24	9.78	45	129.4
169	56.42	137.54	40	57.52
170	87.47	102.81	41	12.84
Drivers: 21
id	x	y	end	sensitivity
568	63.35	16.77	38	1.79
569	64.62	25.64	37	0.59
570	85.35	69.76	37	1.25
571	50.17	4.54	37	1.29
572	5.17	125.05	43	1.15
573	62.38	67.41	38	1.27
574	8.61	44.12	39	1.87
575	75.93	66.96	37	1.5
576	151.68	81.94	38	1.99
577	177.42	130.69	38	0.95
578	51.26	198.88	38	0.55
579	108.1	54.87	40	1.04
580	143.17	89.7	39	0.56
581	178.02	77.09	39	1.41
582	125.85	47.73	40	1.77
583	154.95	138.53	39	1.2
584	107.78	115.46	38	1.84
585	109.51	44.97	40	1.79
586	159.13	28.91	40	1.1
587	31.42	3.24	41	1.69
588	172.45	138.08	39	1.27
Period: 38
Tasks:1
id	x	y	end	c
171	101.86	115.06	41	15.17
Drivers: 13
id	x	y	end	sensitivity
589	133.22	90.69	40	1.42
590	38.81	29.99	40	1.11
591	30.96	153.92	42	1.24
592	158.64	196.15	42	1.09
593	76.35	191.84	40	1.41
594	120.1	124.3	39	1.06
595	154.59	133.77	39	1.08
596	176.48	137.06	41	1.29
597	78.23	10.28	40	1.72
598	84.08	137.1	40	0.93
599	123.69	177.71	44	0.76
600	39.21	110.12	40	1.47
601	140.09	155.99	40	0.97
Period: 39
Tasks:8
id	x	y	end	c
172	43.11	182.95	43	100.58
173	158.84	107.12	40	59.27
174	132.88	72.03	42	43.17
175	54.21	142.43	45	62.43
176	172.11	128.68	41	77.6
177	46.2	153.05	42	75.56
178	138.86	149.09	43	62.61
179	139.27	15.43	40	93.24
Drivers: 18
id	x	y	end	sensitivity
602	16.18	55.81	40	1.71
603	22.31	60.49	41	1.22
604	191.78	29.38	42	0.65
605	128.34	14.3	40	0.85
606	73.02	122.22	41	1.05
607	6.21	25.27	41	1.16
608	79.81	71.83	39	1
609	120.96	51.84	40	1.63
610	78.64	129.33	39	0.56
611	15.9	62.1	41	1.23
612	86.39	83.68	39	0.85
613	148.81	190.43	42	0.67
614	46.19	73.63	40	0.52
615	157.2	9.75	39	1.41
616	29.35	32.04	42	0.52
617	19.04	25.47	42	0.61
618	14.91	127.68	43	0.59
619	25.01	65.46	39	1.81
Period: 40
Tasks:6
id	x	y	end	c
180	28.51	5.6	43	118.42
181	39.05	196.18	44	113.87
182	182.08	154.23	43	98.38
183	42.52	196.63	44	112.43
184	31	62.83	43	78.37
185	157.37	104.44	43	57.54
Drivers: 10
id	x	y	end	sensitivity
620	160.55	182.96	41	1.7
621	97.12	73.6	42	1.1
622	158.91	113.75	43	0.86
623	183.03	92.47	41	1.57
624	71.91	148.47	41	1.07
625	65.85	61.94	42	1.87
626	26.42	42.41	41	0.85
627	27.34	175.92	40	1.01
628	108.58	159.02	42	1.34
629	182.91	26.27	41	1.84
Period: 41
Tasks:6
id	x	y	end	c
186	149.34	144.3	44	66.31
187	68.53	60.47	43	50.53
188	122.12	83.05	43	27.87
189	153.61	193.59	44	107.86
190	97.79	112.17	44	12.37
191	6.29	168.76	43	116.23
Drivers: 13
id	x	y	end	sensitivity
630	36.95	5.24	43	1.06
631	187.58	137.11	44	1.66
632	37.68	45.42	44	0.52
633	131.99	156.86	46	0.57
634	29.32	171.77	44	1.7
635	17.07	112.36	42	1.12
636	46.27	19.53	46	1.88
637	60.34	119.28	45	1.85
638	98.1	123.48	44	0.57
639	16.64	191.46	43	0.83
640	125.22	160.72	43	0.5
641	62.66	177.92	43	1.06
642	129.26	50.48	45	1.87
Period: 42
Tasks:6
id	x	y	end	c
192	45.01	126.78	42	61.16
193	23.79	67.01	45	83.04
194	83.05	64.04	46	39.75
195	132.19	157.79	45	66.15
196	117.22	39.06	43	63.33
197	123.61	101.03	45	23.63
Drivers: 24
id	x	y	end	sensitivity
643	21.77	146.94	45	1.9
644	22.71	196	44	1.09
645	35.56	166.44	43	0.68
646	41.34	16.47	45	1.62
647	86.16	139.44	44	1.79
648	125.56	157.65	45	1.78
649	48.56	7.18	44	0.77
650	126.3	161.5	44	1.95
651	126.8	41.66	46	1.97
652	39.86	131.82	43	0.72
653	156.26	20.19	43	0.99
654	54.62	165.24	42	0.77
655	187.25	146.22	42	1.06
656	161.49	53.25	45	1.06
657	107.82	65.95	42	0.61
658	153.6	186.4	43	1.23
659	16.33	33.84	43	0.71
660	190.8	42.75	44	1.27
661	21.82	93.53	43	0.83
662	53.76	172.97	46	1.33
663	97.74	12.28	47	1.73
664	144.53	22.62	46	0.52
665	112.28	3.73	45	0.72
666	165.18	19.43	43	0.83
Period: 43
Tasks:5
id	x	y	end	c
198	124.17	197.96	48	100.9
199	64.29	62.62	44	51.7
200	72.27	185.13	45	89.53
201	97.94	162.71	44	62.74
202	172.22	3.45	44	120.57
Drivers: 18
id	x	y	end	sensitivity
667	44.42	80.22	45	1.21
668	138.55	114.17	44	1.68
669	196.3	39.37	45	1.13
670	34.72	152.21	45	1.22
671	141.14	6.34	45	1.09
672	198.21	73.54	45	1.84
673	181.9	13.42	45	0.76
674	145.31	147.32	46	1.57
675	53.11	93.43	43	0.79
676	170.97	196.91	46	1.97
677	32.14	0.32	45	0.83
678	114.83	98.94	43	1.47
679	179.11	13.32	47	2
680	98.2	116.98	46	1.97
681	175.09	172.27	45	1.32
682	67.6	29.18	44	1.94
683	185.53	57.99	47	1.65
684	0.61	126.51	45	1.33
Period: 44
Tasks:12
id	x	y	end	c
203	7.45	4.91	47	132.69
204	96.86	100.81	47	3.24
205	163.39	40.87	48	86.69
206	14.87	190.56	44	124.29
207	158.81	123.37	45	63.28
208	81.4	166.31	46	68.87
209	85.08	94.18	49	16.01
210	13.91	115.7	49	87.51
211	177.51	109.75	48	78.12
212	31.37	174	44	100.93
213	63.61	5.32	46	101.43
214	45.89	66.39	49	63.7
Drivers: 10
id	x	y	end	sensitivity
685	126.07	143.19	45	1.74
686	161.42	151.08	49	1.09
687	17.63	105.72	47	0.71
688	57.95	99.18	45	1.59
689	175.32	58.87	48	1.75
690	141.66	124.55	44	1.01
691	22.46	79.78	45	1.14
692	26.05	167.52	44	1.66
693	136.34	72.62	45	1.58
694	33.15	147.5	49	1.24
Period: 45
Tasks:5
id	x	y	end	c
215	197.62	5.35	46	135.97
216	76.46	174.83	49	78.45
217	173.67	54.08	48	86.81
218	185.52	63.53	47	92.97
219	161.39	9.05	52	109.73
Drivers: 7
id	x	y	end	sensitivity
695	23.93	145.83	46	1.2
696	11.7	1.75	48	1.21
697	127.62	83.89	47	1.87
698	134.99	144.23	51	1.91
699	79.3	157.9	46	0.91
700	68.68	164.19	46	1.85
701	166.93	158.73	46	0.64
Period: 46
Tasks:8
id	x	y	end	c
220	163.53	175.21	51	98.45
221	186.68	91.4	48	87.11
222	69.03	111.63	50	33.08
223	161.24	136.59	49	71.34
224	23.62	38.1	50	98.31
225	84.59	84.16	46	22.1
226	145.63	190.07	53	100.97
227	135.18	59.28	47	53.81
Drivers: 22
id	x	y	end	sensitivity
702	51.37	117.89	47	0.91
703	52.46	105.07	48	1.22
704	11.31	129.05	47	0.83
705	108.98	137.06	50	0.54
706	38.19	66.16	48	0.5
707	139.19	126.71	51	1.92
708	127.19	99.31	47	1.5
709	130.56	119.25	48	1.04
710	98.12	184.33	48	1.62
711	102.57	36.63	48	1.49
712	163.56	108.14	47	0.69
713	115.91	125.21	48	1.84
714	129.12	68.89	47	1.56
715	61.89	56.39	47	0.72
716	196.63	50.85	48	0.63
717	43.39	35.07	47	1.34
718	13.57	17.01	47	1.22
719	8.12	162.88	49	1.72
720	173.6	29.19	47	1.94
721	129.88	34.89	47	1.66
722	38.26	114.18	47	1.82
723	72.61	160.28	46	1.6
Period: 47
Tasks:5
id	x	y	end	c
228	194.99	28.93	49	118.63
229	43.44	87.63	49	57.9
230	190.01	60.22	50	98.41
231	108.54	100.59	48	8.56
232	84.77	119.58	50	24.81
Drivers: 19
id	x	y	end	sensitivity
724	42.26	163.76	50	1.65
725	111.7	107.25	48	1.79
726	185.94	134.71	48	0.78
727	85.35	46.39	49	1.45
728	84.76	118.91	49	1.8
729	154.99	25.83	49	0.73
730	43.51	94.49	51	0.61
731	31.33	33.54	50	1.25
732	114.16	120.93	51	1.65
733	15.09	41.28	49	1.12
734	119.08	57.28	49	1.77
735	85.66	192.79	47	1.71
736	171.46	23.05	48	1.69
737	95.79	180.62	50	1.38
738	134.77	50.91	47	1.85
739	100.56	112.51	47	0.63
740	97.59	123.43	49	0.59
741	82.95	67.38	48	0.73
742	117.94	22.46	50	1.61
Period: 48
Tasks:4
id	x	y	end	c
233	189.01	92.47	48	89.33
234	187.66	0.94	53	132.28
235	7.27	32.48	49	114.71
236	187.1	129.43	49	91.94
Drivers: 10
id	x	y	end	sensitivity
743	97.99	92.02	50	1.09
744	161.09	187.67	50	1.53
745	45.28	112.77	48	1.18
746	59.52	112.6	51	0.69
747	183.42	138.91	48	1.02
748	1.61	111.78	49	0.63
749	132.18	19.88	50	1.18
750	193.8	153.31	50	1.83
751	16.57	18.41	50	0.83
752	128.05	83.42	49	0.65
Period: 49
Tasks:5
id	x	y	end	c
237	137.74	146.49	52	59.88
238	20.48	38.31	52	100.64
239	26.1	177.81	54	107.31
240	123.67	11.59	51	91.52
241	137.72	85.51	53	40.41
Drivers: 19
id	x	y	end	sensitivity
753	98.07	39.6	49	1.17
754	30.84	120.9	51	0.75
755	45.34	96.03	50	1.15
756	151.57	143.53	52	1.31
757	160.85	42.23	49	1.05
758	126.03	84.73	52	0.66
759	117.29	117.2	53	0.66
760	65.34	126.43	49	1.38
761	171.54	191.27	55	1.55
762	43.57	156.01	50	1.2
763	187.91	28.84	50	1.34
764	79.4	128.97	50	1.57
765	110.63	51.51	49	1.01
766	121.26	191.62	51	1.82
767	141.35	15.03	51	1.02
768	45.65	192.82	49	1.81
769	130.01	113.43	51	0.97
770	187.76	146.52	50	0.64
771	90.37	103.87	50	0.71
Period: 50
Tasks:6
id	x	y	end	c
242	81.93	113.49	53	22.55
243	94.92	55.66	53	44.63
244	94.41	123.41	53	24.07
245	138.84	171.75	52	81.59
246	107.7	128.24	55	29.27
247	25.21	10.35	56	116.75
Drivers: 13
id	x	y	end	sensitivity
772	111.13	124.78	51	0.85
773	68.41	112.14	51	1.96
774	143.6	190.91	56	0.63
775	51.56	154.46	51	1.89
776	94.28	110.01	51	1.48
777	80.98	92.16	52	0.72
778	141.58	199.85	51	1.61
779	58.84	102.67	50	1.53
780	98.42	52.6	52	0.53
781	175.08	57.6	52	0.5
782	58.29	58.38	51	0.51
783	89.6	180.14	50	0.53
784	70.63	54.98	54	1.18
Period: 51
Tasks:7
id	x	y	end	c
248	47.76	10.33	54	103.78
249	96.59	16.7	54	83.37
250	37.5	34.26	54	90.71
251	79.47	108.84	52	22.35
252	178.65	144.77	56	90.5
253	138.93	56.1	54	58.67
254	160.67	83.93	54	62.76
Drivers: 11
id	x	y	end	sensitivity
785	105.92	187.39	51	0.67
786	73.2	84.85	54	1.93
787	166.85	159.81	52	1.78
788	188.98	199.09	53	1.15
789	183.76	64.26	53	1.37
790	94.5	12.12	52	1.6
791	3.26	75.65	53	1.89
792	14.94	166.37	54	0.73
793	160.86	109.43	55	1.92
794	17.58	156.09	53	1.03
795	44	150.6	52	0.93
Period: 52
Tasks:3
id	x	y	end	c
255	136.63	124.11	53	43.85
256	74.08	68.47	54	40.82
257	68.98	21.94	56	84
Drivers: 12
id	x	y	end	sensitivity
796	162.63	187.46	54	0.98
797	81.82	17.19	56	1.94
798	82.27	178.74	54	0.78
799	164.43	67.18	57	1.34
800	64.54	138.06	55	1.3
801	81.46	4.28	54	1.86
802	98.5	188.41	53	1.93
803	174.49	2.04	56	0.63
804	43.88	91.61	54	0.97
805	141.51	143.72	55	1.63
806	70.7	183.99	52	1.77
807	116.11	165.14	54	0.8
Period: 53
Tasks:6
id	x	y	end	c
258	45.07	163.81	56	84.2
259	123.97	74.12	56	35.28
260	67.61	167.88	56	75.21
261	139.9	106.46	61	40.42
262	44.59	104.67	54	55.61
263	125.13	31.45	56	73.01
Drivers: 22
id	x	y	end	sensitivity
808	65.44	141.37	54	1.13
809	100.04	4.97	55	1.58
810	77.21	5.55	56	1.26
811	69.09	25.47	53	1.39
812	4.75	178.46	53	0.92
813	20.61	57.05	57	1.6
814	3.31	85.35	54	1.43
815	87.3	151.71	54	1
816	102.17	190.21	55	1.87
817	36.47	117.63	56	1.16
818	71.14	77.13	53	0.73
819	141.91	57.6	56	1.97
820	57.86	163.91	54	1.66
821	100.78	80.94	54	1.6
822	125.36	133.04	53	0.58
823	38.78	156.46	56	1.2
824	37.6	6.85	55	0.74
825	104.67	102.22	57	1.65
826	175.91	186.2	58	1.68
827	86.59	169.46	54	1.84
828	50.57	149.06	55	0.69
829	149.92	103.19	56	1.1
Period: 54
Tasks:4
id	x	y	end	c
264	100.01	158.38	55	58.38
265	136.36	186.37	57	93.71
266	36.47	142.42	60	76.39
267	172.01	164.82	57	96.89
Drivers: 20
id	x	y	end	sensitivity
830	4.66	115.25	58	1.62
831	168.46	189.65	55	1.59
832	34.4	87.3	58	0.67
833	75.34	83.12	55	0.52
834	1.11	8.67	58	1.06
835	78.18	165.9	54	1.47
836	109.45	80.44	56	0.88
837	108.36	72.86	54	0.99
838	76.1	169.57	55	1.7
839	131.29	177.27	57	0.94
840	68.67	163.35	55	1.16
841	125.35	134.06	58	0.97
842	199.84	29.51	56	1.32
843	107.21	95.05	57	1.49
844	48.33	108.31	56	0.79
845	132.92	8.02	58	0.79
846	133.55	31.74	57	1.79
847	27.7	78.21	57	0.57
848	43.42	19.51	56	1.67
849	19.15	37.87	58	1.82
Period: 55
Tasks:10
id	x	y	end	c
268	87.74	33.57	59	67.55
269	124.07	161.77	56	66.29
270	76.11	108.25	60	25.27
271	178.85	138.44	57	87.72
272	191.13	168.56	61	114.04
273	178.36	170.98	57	105.73
274	138.78	182.01	56	90.72
275	31.82	113.22	58	69.45
276	111.82	83.45	57	20.34
277	171.51	26.8	59	102.33
Drivers: 14
id	x	y	end	sensitivity
850	77.71	194.93	56	1.4
851	195.4	13.68	56	1.27
852	42.67	94.89	55	1.25
853	63.6	85.73	56	1.64
854	48.12	24.68	57	0.92
855	164.96	117	59	0.93
856	117.61	183.34	56	1.93
857	26.17	142.44	57	1.43
858	65.16	188.5	58	1.95
859	166.83	192.79	60	1.1
860	66.72	73.13	58	0.79
861	51.79	166.71	60	1.88
862	122.51	95.62	57	1.58
863	77.74	84.6	55	1.56
Period: 56
Tasks:8
id	x	y	end	c
278	194.59	17.32	59	125.63
279	113.03	46.08	64	55.47
280	145.66	167.84	60	81.77
281	196.86	115.11	59	98.03
282	131.97	57.55	59	53.14
283	73.4	143.77	59	51.22
284	163.42	156.5	60	84.94
285	66.01	166.06	59	74.29
Drivers: 18
id	x	y	end	sensitivity
864	139.55	33.08	58	1.89
865	23.95	179.39	62	0.51
866	190.23	141.9	58	1
867	33.94	9.74	57	0.98
868	78.35	54.69	56	1.03
869	24.84	88.76	60	0.77
870	44.46	194.23	60	1.46
871	193.18	135.79	58	1.52
872	141.38	135.16	57	0.86
873	22.53	33.73	58	1.39
874	111.26	66.15	58	1.97
875	114.19	118.11	61	0.97
876	1.4	173.59	60	1.86
877	103.68	63	57	1.01
878	71.6	66.16	57	1.51
879	105.69	136.43	60	0.61
880	110.54	78.52	59	0.53
881	188.25	153.61	57	0.6
Period: 57
Tasks:4
id	x	y	end	c
286	175.06	94.92	61	75.23
287	98.3	168.19	59	68.21
288	90.2	188.19	62	88.73
289	199.78	96.83	60	99.83
Drivers: 13
id	x	y	end	sensitivity
882	1.85	57.98	59	1.5
883	69.56	101.81	58	1.58
884	177.49	93.56	57	0.7
885	88.28	137.31	57	1.49
886	95.98	190.14	59	1.8
887	182.62	16.8	59	1.94
888	93.64	62.01	59	0.79
889	43.63	173.72	61	1.72
890	137.3	5.16	57	1.79
891	76.11	130.43	60	1.03
892	176.54	104.36	61	0.78
893	192.48	199.28	61	0.61
894	136.02	177.51	59	0.75
Period: 58
Tasks:3
id	x	y	end	c
290	147.65	144.44	61	65.16
291	167.71	145.47	60	81.56
292	84.38	54.74	62	47.88
Drivers: 17
id	x	y	end	sensitivity
895	95.99	99.18	58	0.72
896	96.46	48.2	60	0.87
897	8.61	130.34	59	1.21
898	177.65	176.72	60	0.82
899	10.79	146.44	59	1.86
900	50.53	173.62	61	1.17
901	101.71	196.07	62	1.92
902	49.44	102.29	59	1.53
903	146.88	141.08	59	0.62
904	16.74	112.37	59	1.48
905	60.92	75.88	59	0.53
906	134.58	56.07	59	1.01
907	180.37	7.16	62	1.14
908	42.58	35.85	60	1.51
909	134.36	47.97	58	1.11
910	140.89	166.13	59	1.85
911	144.11	38.23	61	1.19
Period: 59
Tasks:3
id	x	y	end	c
293	27.42	58.09	60	83.81
294	141.7	189.38	63	98.63
295	158.97	172.91	63	93.77
Drivers: 13
id	x	y	end	sensitivity
912	199.34	75.25	60	0.99
913	190.5	122.2	62	1.91
914	192.16	54.36	59	0.81
915	115.51	136.59	63	0.91
916	181.99	131.15	62	1.95
917	109.79	88.52	61	1.25
918	68.54	158.41	60	0.84
919	182.89	106.69	63	1.67
920	109.67	174.15	61	1.88
921	167.95	87.45	60	1.03
922	179.06	152.69	66	1.83
923	93.49	38.76	60	0.95
924	179.22	38.39	61	0.79
Period: 60
Tasks:2
id	x	y	end	c
296	95.47	3.22	63	96.89
297	8.25	119.98	63	93.9
Drivers: 13
id	x	y	end	sensitivity
925	192.86	6.64	64	0.73
926	186.68	152.91	62	1.6
927	179.33	57.32	61	1.47
928	127.32	162.54	62	1.12
929	118.26	125.91	61	1.23
930	181.97	105.09	62	1.75
931	29.54	2.84	60	0.97
932	163.04	66.56	60	0.84
933	161.58	119.52	61	1.42
934	186.72	12.89	62	1.67
935	58.85	6.25	61	1.47
936	48.43	153.97	64	1.94
937	186.35	173.61	64	1.16
Period: 61
Tasks:5
id	x	y	end	c
298	12.61	144.94	66	98.27
299	39.72	177.78	67	98.4
300	140.78	56.98	62	59.28
301	23.29	71.56	65	81.81
302	107.45	184	64	84.33
Drivers: 6
id	x	y	end	sensitivity
938	91.5	181.46	64	1.68
939	88.68	1.14	65	1.62
940	168.09	113.35	65	1.67
941	93.58	194.67	62	1.24
942	117.21	92.2	64	1.32
943	108.42	89.34	63	0.56
Period: 62
Tasks:5
id	x	y	end	c
303	88.36	150.46	67	51.79
304	63.24	16.75	64	91
305	168.53	162.9	63	93.02
306	107.77	147.14	63	47.78
307	65.26	31.06	68	77.2
Drivers: 15
id	x	y	end	sensitivity
944	197.31	51.74	65	1.07
945	117.63	157.02	65	0.89
946	167.87	2.75	65	1.53
947	140.79	144.68	65	1.51
948	68.82	3.01	63	0.51
949	24.21	188.07	62	0.92
950	47.5	80.85	65	0.86
951	13.47	130.4	64	1.09
952	93.83	58.69	63	1.86
953	48.41	146.9	64	1.51
954	198.07	128.56	63	1.93
955	110.89	141.5	63	1.05
956	30.19	52.12	64	0.96
957	143.35	33.37	65	1.41
958	12.31	39.51	65	0.94
Period: 63
Tasks:8
id	x	y	end	c
308	136.43	12.76	66	94.54
309	108.97	121.11	65	22.94
310	93.74	26.24	66	74.03
311	28.41	112.77	67	72.72
312	35.62	156.63	65	85.74
313	66.86	176.06	64	82.97
314	39.18	16.26	64	103.5
315	78.11	43.72	67	60.39
Drivers: 18
id	x	y	end	sensitivity
959	61.57	181.89	66	1.18
960	175.03	42.62	65	1.21
961	14.27	147.85	70	1.6
962	199.98	182.06	66	0.7
963	136.3	13.88	64	0.82
964	101.49	166.23	64	1.75
965	81.61	60.63	64	1.38
966	147.05	117.63	65	1.35
967	64.65	59.42	67	0.54
968	19.87	39.31	64	0.63
969	110.16	161.1	65	0.95
970	198.3	17.85	63	1.66
971	170.57	128.5	66	0.8
972	88.12	56.69	64	1.07
973	42.41	53.55	65	1.14
974	124.71	165.47	66	1.86
975	46.35	123.83	63	0.52
976	77.04	37.82	68	1.32
Period: 64
Tasks:3
id	x	y	end	c
316	175.54	170.69	65	103.46
317	18.47	86.18	65	82.69
318	181.5	31.58	65	106.41
Drivers: 8
id	x	y	end	sensitivity
977	36.96	120.48	67	0.99
978	60.89	42.2	70	0.52
979	6.2	150.71	68	1.62
980	161.7	27.77	66	1.67
981	168.93	119.26	65	0.8
982	173.1	193.01	67	0.52
983	74.58	130.86	64	1.54
984	121.16	77.58	66	1.9
Period: 65
Tasks:8
id	x	y	end	c
319	97.82	170.78	65	70.81
320	122.63	151.25	68	56.02
321	43.87	148.77	67	74.36
322	25.12	109.95	67	75.54
323	103	41.84	67	58.24
324	37.41	133.78	65	71.12
325	82.99	195.72	72	97.22
326	118.64	97.77	70	18.77
Drivers: 13
id	x	y	end	sensitivity
985	67.31	110.85	65	1.27
986	142.31	88.47	68	0.97
987	44.82	40.81	66	1.05
988	78.1	12.93	70	1.42
989	117.26	65.6	68	1.61
990	141.3	171.05	65	1.89
991	127.08	113.64	67	1.99
992	17.64	148.9	65	1.63
993	15.28	88.52	68	1.61
994	87.04	8.9	67	1.32
995	149.05	95.57	67	1.31
996	142.46	64.44	65	0.88
997	22.68	193.18	65	0.89
Period: 66
Tasks:4
id	x	y	end	c
327	162.52	19.73	69	101.74
328	183.59	66.5	67	90.05
329	0.15	94.29	67	100.01
330	161.07	45.13	68	82.1
Drivers: 17
id	x	y	end	sensitivity
998	71.89	168.04	66	1.49
999	41.8	46.3	70	1.52
1000	12.61	157.64	67	0.63
1001	157.99	152.31	68	0.54
1002	174.56	52.46	69	1.9
1003	184.83	13.32	69	1.23
1004	61.74	118.05	69	1.27
1005	113.95	64.96	67	0.68
1006	130.69	194.8	68	1.35
1007	55.31	46.76	68	1.58
1008	114.99	14.38	66	1.31
1009	171.89	184.55	71	1.42
1010	183.05	192.34	67	1.32
1011	93.92	147.84	67	0.75
1012	9.49	11.03	68	0.89
1013	191.36	69.81	66	0.93
1014	135.79	192.87	68	1.62
Period: 67
Tasks:6
id	x	y	end	c
331	158.36	9.88	75	107.37
332	191.66	169.51	74	115.04
333	52.83	112.4	73	48.77
334	75.04	90.83	76	26.59
335	192.82	139.45	70	100.86
336	45.35	183.82	70	100.06
Drivers: 12
id	x	y	end	sensitivity
1015	65.39	26.7	67	1.78
1016	151.76	180.2	67	1.52
1017	182.38	59.48	72	1.97
1018	184.02	154.89	67	1.09
1019	20.25	55.63	70	1.56
1020	145.99	147.48	69	1.18
1021	50.72	168.99	71	1.3
1022	119.29	49.74	68	1.14
1023	154.08	42.32	69	0.82
1024	16.86	175.14	69	1.27
1025	60.68	114.18	67	0.51
1026	14.01	24.69	69	1.36
Period: 68
Tasks:5
id	x	y	end	c
337	118.02	154.45	70	57.35
338	88.84	111	69	15.67
339	59.97	64.42	71	53.56
340	79.42	51.96	71	52.26
341	186.66	179.5	74	117.6
Drivers: 11
id	x	y	end	sensitivity
1027	145.31	23.96	69	1.49
1028	29.56	48.31	68	1.17
1029	136.09	32.44	73	1.94
1030	183.99	31.83	69	0.59
1031	97.82	123.68	70	1.83
1032	139.93	40.18	71	0.85
1033	137.62	120.29	71	1.11
1034	65.19	42.2	72	1
1035	77.89	91.69	70	1.82
1036	121.61	168.88	73	1.27
1037	174.71	132.91	69	1.75
Period: 69
Tasks:2
id	x	y	end	c
342	171.2	180.92	73	107.78
343	150.73	14.52	71	99.4
Drivers: 17
id	x	y	end	sensitivity
1038	194.14	193.99	72	1.42
1039	99.57	63.35	72	1.86
1040	1.99	164.25	70	0.62
1041	170.97	185.58	70	1.83
1042	190.25	122.16	71	1.34
1043	77.98	115.26	69	1.06
1044	131.95	182.18	74	1.74
1045	104.31	55.13	71	1.5
1046	180.64	166.55	71	1.2
1047	194.8	97.23	69	1.36
1048	125.3	33.17	72	1.8
1049	82.49	159.86	72	0.88
1050	54.96	3.99	71	1.72
1051	89.36	7.75	72	0.65
1052	108.88	29.81	71	1.4
1053	83.02	38.8	70	0.71
1054	139.29	143.27	73	1.34
Period: 70
Tasks:2
id	x	y	end	c
344	174.87	66.91	76	81.86
345	151.66	140.98	71	65.94
Drivers: 17
id	x	y	end	sensitivity
1055	171.96	113.74	71	1.07
1056	44.44	56.44	71	1.92
1057	36.44	186.03	75	1.1
1058	36.86	149.79	76	1.87
1059	149.79	108.54	74	1.4
1060	69.16	128.44	74	1.93
1061	156.86	85.42	72	0.76
1062	14.04	147.74	72	0.66
1063	189.66	60.29	72	0.69
1064	43.26	82.56	75	0.58
1065	34.8	195.54	73	1.15
1066	68.14	28.02	71	0.86
1067	63.04	75.12	72	1.74
1068	113.95	50.09	70	1.99
1069	165.94	135.29	70	1.25
1070	14.01	123.75	71	0.55
1071	136.98	133.71	71	1.5
Period: 71
Tasks:4
id	x	y	end	c
346	190.09	196.6	76	132.09
347	146.96	139.21	73	61.18
348	186.56	67.36	79	92.51
349	75.28	92.02	75	25.98
Drivers: 18
id	x	y	end	sensitivity
1072	85.38	122.01	73	1.31
1073	69.05	73.28	73	1.63
1074	17.75	175.79	71	1.55
1075	173.5	114.24	71	1.31
1076	130.34	89.04	73	0.54
1077	191.11	174.66	72	1.28
1078	145.8	78.82	74	1.75
1079	125.96	106.49	73	0.66
1080	56.16	123.94	73	1.66
1081	127.62	75.86	71	0.95
1082	165.66	144.42	72	0.76
1083	146.73	96.41	73	0.94
1084	94.85	197.9	76	0.96
1085	167.61	66.35	72	1.68
1086	156.85	78.54	74	1.06
1087	116.25	167.34	73	1.11
1088	192.81	132.23	71	1.17
1089	180.11	28.81	74	1.58
Period: 72
Tasks:2
id	x	y	end	c
350	77	146.29	80	51.69
351	12.4	26.29	77	114.49
Drivers: 11
id	x	y	end	sensitivity
1090	192.52	179.33	75	1.99
1091	12.9	161.28	76	0.94
1092	7.94	33.54	75	1.79
1093	106.73	131.49	73	0.54
1094	65.61	94.49	78	0.62
1095	191.49	67.23	74	1.4
1096	179.63	112.47	73	0.74
1097	34.99	19.2	76	1.5
1098	11.55	158.86	74	0.61
1099	81.77	32.02	74	1.17
1100	45.16	152.15	74	1.38
Period: 73
Tasks:7
id	x	y	end	c
352	196.44	156.41	75	111.73
353	73.01	57.16	74	50.63
354	75.31	164.19	76	68.77
355	59.34	177.55	75	87.56
356	21.5	145.23	75	90.6
357	130.85	163.14	76	70.27
358	54.09	123.86	78	51.74
Drivers: 16
id	x	y	end	sensitivity
1101	18.34	184.79	74	1.22
1102	7.42	186	75	0.96
1103	45.21	22.25	73	1.07
1104	165.8	44.04	74	1.2
1105	161.66	149.35	77	1.35
1106	92.28	113.29	78	1.11
1107	48.81	159.27	77	1.72
1108	52.95	165.95	74	1.83
1109	187.57	162.49	74	1.33
1110	42.22	116.01	75	1.22
1111	134.45	160.07	74	1.16
1112	111.09	36.73	74	1.62
1113	24.26	85.85	74	1.12
1114	198.84	180.19	75	0.67
1115	197.95	14.59	74	1.86
1116	82.52	59.77	75	0.77
Period: 74
Tasks:5
id	x	y	end	c
359	143.27	186.19	78	96.44
360	151.75	183.87	77	98.55
361	16.16	38.55	78	103.95
362	18.7	141.73	75	91.38
363	108.8	6.79	77	93.62
Drivers: 15
id	x	y	end	sensitivity
1117	138.46	152.79	74	1.19
1118	108.72	4.45	76	1.58
1119	139.13	42.3	75	1.74
1120	98.4	12.27	74	1.16
1121	22.93	157.87	77	1.04
1122	25.73	36.4	77	1.87
1123	92.19	11.72	75	1.95
1124	141.21	74.88	75	1.55
1125	123.59	14.76	75	0.74
1126	191.14	160.12	75	0.93
1127	43.25	89.51	76	1.12
1128	6.26	92.82	74	0.56
1129	15.83	107.24	76	0.66
1130	9.18	95.41	76	1.87
1131	81.99	191.33	79	0.82
Period: 75
Tasks:7
id	x	y	end	c
364	65.53	19.9	76	87.2
365	151.92	135.67	80	62.99
366	185.73	17.42	79	119.03
367	152.09	32.1	78	85.58
368	158.18	87.42	77	59.52
369	100.32	116.68	80	16.68
370	182.36	195.38	77	126.02
Drivers: 11
id	x	y	end	sensitivity
1132	134.46	147.81	78	1.87
1133	199.96	149	81	0.99
1134	63.01	124.5	78	0.86
1135	113.35	27.71	79	0.72
1136	144.41	90.07	76	1.55
1137	106.36	174.95	77	1.52
1138	76.44	121.05	78	1.42
1139	124.62	11.65	75	0.68
1140	168.09	74.86	78	1.4
1141	14.11	190.8	77	1.26
1142	192.54	150.63	78	0.58
Period: 76
Tasks:4
id	x	y	end	c
371	1.81	41.48	77	114.31
372	96.06	7.72	80	92.36
373	170.41	120.61	82	73.36
374	76.34	23.59	81	79.99
Drivers: 12
id	x	y	end	sensitivity
1143	15.37	172.5	79	0.63
1144	118.03	96.13	79	1.1
1145	126.72	23.74	76	1.33
1146	187.92	64.15	77	1.03
1147	188.45	189.49	77	0.98
1148	10.23	83.35	78	1.92
1149	164.2	176.31	77	1.02
1150	149.02	144.06	78	1.57
1151	13.75	155.61	77	1.59
1152	74.91	180.4	80	0.86
1153	45.72	63.98	80	1.01
1154	12.76	78	77	0.94
Period: 77
Tasks:8
id	x	y	end	c
375	173.12	17.33	81	110.37
376	97.4	126.3	79	26.43
377	118.47	37.16	80	65.5
378	83.4	109.88	84	19.32
379	72.26	18.65	80	85.95
380	180.05	65.68	81	87.1
381	70.24	197.83	79	102.26
382	114.37	85.18	83	20.64
Drivers: 14
id	x	y	end	sensitivity
1155	52.77	114.27	77	1.5
1156	135.96	34.64	78	1.27
1157	134.43	187.86	81	1.81
1158	147.41	63.37	79	1.57
1159	106.84	140.83	78	1.78
1160	4.79	124.06	80	0.91
1161	115.48	112.5	80	0.85
1162	163.86	6.48	79	1.28
1163	52.53	100.23	78	0.6
1164	120.89	192.08	79	0.6
1165	172.87	95.03	80	1.39
1166	166.81	102.35	79	1.81
1167	26.41	81.73	80	1.71
1168	5.04	63.15	81	1.31
Period: 78
Tasks:5
id	x	y	end	c
383	91.66	197.16	82	97.52
384	62.29	73.68	79	45.99
385	68.84	191.4	80	96.57
386	55.17	4.45	78	105.54
387	165.52	60.92	82	76.29
Drivers: 15
id	x	y	end	sensitivity
1169	155.05	89.06	80	1.12
1170	128.34	19.16	82	1.44
1171	17.62	128.03	80	1.8
1172	19.37	69.23	80	1.68
1173	128.51	74.41	80	0.63
1174	19.85	1.49	81	0.7
1175	191.51	32.11	80	1.56
1176	198.13	81.88	84	1.61
1177	138.57	129.09	79	0.93
1178	19.26	85.83	81	0.69
1179	45.76	63	78	1.3
1180	169.94	184.41	80	1.93
1181	21.2	145.96	79	0.64
1182	187.9	165.67	80	1.4
1183	44.71	155.12	79	0.69
Period: 79
Tasks:9
id	x	y	end	c
388	156.81	121.08	83	60.59
389	138.77	29.17	83	80.75
390	36.09	100.52	83	63.91
391	113.63	83.35	80	21.52
392	136.51	60.89	81	53.5
393	124.38	140.72	81	47.46
394	91.95	78.76	80	22.71
395	105.66	43.32	82	56.96
396	73.29	84.23	82	31.02
Drivers: 8
id	x	y	end	sensitivity
1184	37.86	9.23	84	0.56
1185	99.38	93.98	80	1.71
1186	10.76	78.61	80	0.87
1187	107.47	9.57	79	1.24
1188	94.66	9.57	80	1.02
1189	171.44	172.68	79	0.7
1190	157.09	89.35	82	0.76
1191	30.61	128.18	80	1.84
Period: 80
Tasks:4
id	x	y	end	c
397	84.68	100.01	83	15.32
398	168.61	147.87	83	83.66
399	86.95	36.57	84	64.76
400	100.55	81.39	81	18.62
Drivers: 16
id	x	y	end	sensitivity
1192	139.29	97.32	84	0.51
1193	148.19	154.46	80	1
1194	123.32	81.13	83	1.28
1195	109.39	108.17	82	1.94
1196	115.05	156.59	82	1.7
1197	59.76	20.78	80	1.36
1198	147.4	196.66	84	0.54
1199	70.92	109.58	82	0.72
1200	85.12	73.65	84	1.73
1201	66.74	156.17	83	1.01
1202	11.41	106.18	81	1.48
1203	152.23	90.75	80	1.53
1204	65.62	145.52	83	0.72
1205	198	187.64	84	0.82
1206	160.62	186.4	84	1.27
1207	194.67	103.86	81	0.8
Period: 81
Tasks:8
id	x	y	end	c
401	180.61	151.6	85	95.71
402	76.73	119	85	30.04
403	151.61	184.13	85	98.7
404	67.93	173.45	83	80.15
405	90.56	129.01	86	30.51
406	25.48	57.74	85	85.67
407	68.31	117.46	82	36.18
408	120.51	174.99	86	77.74
Drivers: 11
id	x	y	end	sensitivity
1208	94.77	67.06	82	1.29
1209	111	6.65	81	1.87
1210	98.75	113.99	84	1.55
1211	105.23	76.32	82	0.54
1212	14.3	187.04	82	0.8
1213	187.48	113.32	83	1.05
1214	150.86	142.92	83	1.05
1215	158.41	171.4	84	1.27
1216	15.75	162.72	81	1.86
1217	52.55	108.18	84	1.34
1218	64.83	122.76	83	1.56
Period: 82
Tasks:2
id	x	y	end	c
409	19.82	107.57	87	80.54
410	56.97	73.12	84	50.74
Drivers: 12
id	x	y	end	sensitivity
1219	123.09	102.1	86	0.94
1220	46.59	78.44	84	0.81
1221	121.33	12.38	84	1.78
1222	113.7	111.07	84	1.89
1223	141.42	81.91	84	1.44
1224	164.03	187.52	83	0.92
1225	156.65	115.87	83	1.31
1226	5.65	17.53	83	1.14
1227	132.9	129.88	83	0.62
1228	43.2	60.05	82	1.67
1229	65.98	114.29	83	1.68
1230	47.05	159.88	83	1.25
Period: 83
Tasks:3
id	x	y	end	c
411	13.16	60.41	85	95.44
412	5.64	27.62	84	118.92
413	104.35	128.46	84	28.79
Drivers: 21
id	x	y	end	sensitivity
1231	84.59	116.6	83	1.76
1232	79.8	195.06	84	0.95
1233	60.91	194.83	86	0.58
1234	46.41	135.98	85	1.66
1235	130.26	66.48	84	1.63
1236	76.92	187.64	86	1.59
1237	156	89.02	85	0.79
1238	178.62	186.97	86	0.72
1239	170.91	66.98	86	1.91
1240	64	91.53	83	1.44
1241	138.9	179.62	86	0.64
1242	61.13	55.91	85	0.67
1243	20.1	124.89	85	1.16
1244	120.52	32.77	85	1.1
1245	192.57	92.23	87	1.59
1246	39.22	60.97	83	1.51
1247	191.14	3.29	84	1.24
1248	126.72	123.89	87	1.26
1249	61.62	177.84	85	1.44
1250	166.96	46.32	87	0.59
1251	44.82	145.58	83	1.04
Period: 84
Tasks:7
id	x	y	end	c
414	192.53	99.18	88	92.53
415	76.05	143.91	88	50.02
416	96.01	75.92	85	24.41
417	82.77	136.71	86	40.55
418	73.64	171.25	85	75.97
419	101.9	149.02	86	49.06
420	96.69	188.2	88	88.26
Drivers: 12
id	x	y	end	sensitivity
1252	150.9	8.72	84	1.81
1253	134.1	124.88	88	0.89
1254	126.9	175.78	86	0.62
1255	48.5	182.65	86	1.16
1256	98.7	135.63	85	1.79
1257	57.64	150.33	85	0.67
1258	194.22	43.82	86	1.39
1259	112.95	34.89	85	0.78
1260	198.96	19.34	84	0.69
1261	74.74	86.6	86	1.71
1262	77.3	92.28	84	1.88
1263	106.42	101.62	86	0.79
Period: 85
Tasks:9
id	x	y	end	c
421	160.88	110.43	88	61.77
422	135.68	152.14	87	63.18
423	186.37	91.32	88	86.81
424	111.77	138.65	86	40.4
425	156.02	116.38	87	58.37
426	177.42	46.17	89	94.29
427	157.34	108.82	87	58.01
428	112.17	64.32	86	37.7
429	170.74	184.14	87	109.93
Drivers: 17
id	x	y	end	sensitivity
1264	74.78	66.3	87	1.08
1265	105.58	187.67	88	0.6
1266	7.35	185.51	86	1.24
1267	160.3	170.86	86	1.74
1268	14.99	41.46	86	1.05
1269	181.31	80.86	86	0.55
1270	91.13	30.27	88	1.61
1271	136.21	51.92	90	1.39
1272	177.07	74.01	86	1.57
1273	125.13	172.96	87	1.39
1274	168.44	149.26	88	0.6
1275	198.28	199.43	86	0.62
1276	163.21	111.1	89	0.91
1277	106.13	187.72	87	1.18
1278	77.98	80.37	87	1.21
1279	198.64	89.36	88	0.78
1280	145.43	92.91	87	1.42
Period: 86
Tasks:2
id	x	y	end	c
430	194.4	52.21	89	105.81
431	180.62	28.55	87	107.73
Drivers: 16
id	x	y	end	sensitivity
1281	135.41	115.21	87	0.76
1282	49.62	111.37	87	0.65
1283	115.73	56.3	88	0.65
1284	29.98	52.61	88	1.55
1285	171.45	193.05	88	1.64
1286	24.68	6.21	89	1.04
1287	141.48	191.38	88	0.96
1288	123.68	50.85	89	0.55
1289	116.29	97.4	87	1.52
1290	59.37	123.58	88	0.53
1291	79.28	133.72	87	1.53
1292	148.56	61.63	89	0.57
1293	168.76	152.76	91	1.1
1294	102.64	182.54	86	1.63
1295	7.89	112.78	89	1.48
1296	33.22	153.13	90	0.65
Period: 87
Tasks:5
id	x	y	end	c
432	101.63	31.83	92	68.19
433	62.3	130.53	87	48.51
434	160.28	170.14	89	92.48
435	32.1	129.1	93	73.87
436	152.02	33.38	88	84.52
Drivers: 9
id	x	y	end	sensitivity
1297	131.51	85.99	88	0.82
1298	23.4	31.11	88	1.85
1299	38.48	92.15	90	1.73
1300	6.61	116.23	89	1.39
1301	4.37	146.69	89	0.64
1302	172.54	23.98	89	0.72
1303	153.23	7.3	89	1.22
1304	158.46	114.62	88	0.64
1305	91.9	115.28	91	1.83
Period: 88
Tasks:6
id	x	y	end	c
437	12.6	127.56	93	91.64
438	160.79	51.82	90	77.57
439	185	3.88	91	128.31
440	122.53	125.33	90	33.9
441	11.67	31.08	91	112.04
442	169.08	97.28	95	69.13
Drivers: 11
id	x	y	end	sensitivity
1306	196.04	184.72	89	0.79
1307	10.8	19.12	88	0.68
1308	159.04	157.38	90	0.74
1309	139.51	110.08	94	1.76
1310	181.25	128.33	90	1.35
1311	188.07	195.9	89	0.66
1312	131.75	2.62	89	1.86
1313	116.31	102.44	90	1.07
1314	115.56	46.09	88	1.22
1315	65.72	73.76	90	0.74
1316	68.08	69.7	89	1.9
Period: 89
Tasks:4
id	x	y	end	c
443	130.42	119.83	90	36.31
444	30.61	105.06	92	69.57
445	128.52	21.16	90	83.84
446	35.18	60.49	91	75.91
Drivers: 16
id	x	y	end	sensitivity
1317	96.03	184.46	93	1.93
1318	74.1	74.41	90	0.95
1319	118.02	61.25	89	0.82
1320	80.58	114.78	94	1.44
1321	79.8	65.59	89	1.7
1322	132.89	158.11	92	1.96
1323	64.4	84.7	91	1.07
1324	69.21	59.08	95	1.49
1325	110.19	10.17	91	1.42
1326	97.85	58.28	90	1.71
1327	165.57	193.38	91	0.57
1328	121.6	21.55	92	0.56
1329	23.37	142.87	89	1.09
1330	181.03	3.34	93	0.96
1331	83.94	15.98	91	1.09
1332	147.87	21.28	89	0.97
Period: 90
Tasks:4
id	x	y	end	c
447	148.3	89.39	92	49.45
448	189.43	147.65	95	101.33
449	59	103.2	91	41.12
450	150.72	111.71	92	52.05
Drivers: 20
id	x	y	end	sensitivity
1333	125.6	56.59	95	0.53
1334	199.71	55.57	90	0.5
1335	155.07	81.95	92	0.76
1336	15.64	93.6	93	0.68
1337	118.11	86.63	91	0.89
1338	44.37	130.67	91	1.57
1339	24.48	91.25	90	0.59
1340	40.53	58.16	91	1.68
1341	193.19	152.32	93	1.36
1342	129.6	5.51	91	1.07
1343	51.35	134.71	91	1.54
1344	10.07	137.66	93	0.54
1345	75.28	183.82	94	1.62
1346	128.37	108.89	93	1.3
1347	4.25	167.23	92	0.9
1348	178.25	42.87	91	1.83
1349	24.53	195.33	94	0.99
1350	169.1	162.64	92	1.75
1351	186.83	139.41	93	1.11
1352	132.78	161.07	90	1.04
Period: 91
Tasks:5
id	x	y	end	c
451	185.08	15.48	95	119.93
452	102.13	95.68	94	4.82
453	7.34	168.09	92	114.99
454	154.17	19.7	97	96.86
455	44.72	154.51	96	77.64
Drivers: 10
id	x	y	end	sensitivity
1353	150.32	4.72	95	1.64
1354	33.22	28.48	93	0.85
1355	16.32	108.38	94	1.05
1356	181.45	31.92	92	1.41
1357	151.54	174.11	95	1.36
1358	85.18	44.53	91	1.93
1359	141.79	58.46	92	1.26
1360	181.07	151.88	93	0.5
1361	75.08	182.95	93	1.59
1362	89.77	110.09	92	0.53
Period: 92
Tasks:4
id	x	y	end	c
456	144.58	146.83	95	64.66
457	64.85	190.84	94	97.4
458	87.68	47.04	97	54.37
459	134.03	128.97	95	44.69
Drivers: 12
id	x	y	end	sensitivity
1363	15.02	109.69	95	1.35
1364	2.97	104.59	93	1.33
1365	28.82	176.88	94	1.58
1366	131.22	58.89	92	0.54
1367	24.53	159.3	94	1.75
1368	0.86	42.51	95	1.87
1369	18.45	155.47	93	0.8
1370	59.2	107.53	94	1.53
1371	194.78	188.53	92	0.78
1372	82.79	7.06	94	0.56
1373	138.22	199.2	95	1.21
1374	117.56	155.58	93	1.76
Period: 93
Tasks:9
id	x	y	end	c
460	7.4	106.25	96	92.81
461	18.5	199.71	98	128.78
462	172.65	175.55	95	104.81
463	30.54	8.49	94	114.89
464	68.02	43.21	95	65.18
465	59.82	159.07	94	71.44
466	190.94	11.74	96	126.73
467	170.35	20.95	97	105.82
468	86.22	135.94	97	38.49
Drivers: 17
id	x	y	end	sensitivity
1375	152.41	150.1	94	0.6
1376	150.12	38.72	95	1.72
1377	98.64	158.96	96	1.42
1378	105.81	28.37	93	1.65
1379	17.25	121.61	95	0.82
1380	43.37	9.14	94	1.16
1381	13.4	101.46	95	0.95
1382	51.71	37.91	95	1.4
1383	102.02	31.04	94	0.55
1384	194.07	113.15	96	1.09
1385	199.7	3.84	93	1.1
1386	103.86	148.2	94	1.42
1387	60.27	196.94	95	1.05
1388	30.09	175.72	95	1.81
1389	53.32	143.6	95	1.05
1390	130.57	148.92	95	1.82
1391	192.36	37.45	95	0.58
Period: 94
Tasks:3
id	x	y	end	c
469	155.77	118.56	96	58.78
470	151.17	167.65	97	84.82
471	186.83	24.86	98	114.83
Drivers: 21
id	x	y	end	sensitivity
1392	41.02	177.61	98	1.81
1393	29.12	137.03	97	1.25
1394	118.73	123.37	97	1.12
1395	192.85	161.6	97	1.1
1396	12.09	166.23	94	0.88
1397	21.59	173.68	94	0.85
1398	75.42	160.1	94	1.02
1399	36.53	9.33	95	1.88
1400	167.47	166.11	97	0.74
1401	8.4	16.22	96	0.56
1402	114.45	99.81	96	1.9
1403	13.85	92.93	96	1.56
1404	28.47	78.36	97	1.44
1405	78.26	1.83	97	1.37
1406	0.5	133.99	96	1.7
1407	16.32	70.41	98	0.66
1408	5.8	117.52	97	0.85
1409	126.19	92.11	95	0.89
1410	22.62	163.5	97	1.57
1411	36.67	142.34	95	1.75
1412	31.08	164.08	99	1.1
Period: 95
Tasks:8
id	x	y	end	c
472	94.81	199.8	99	99.93
473	130.77	88.14	99	32.98
474	120.85	77.25	98	30.86
475	181.3	109.03	99	81.8
476	10.31	122.89	99	92.56
477	158.48	161.11	97	84.58
478	71.07	8.39	101	96.07
479	197.85	189.11	98	132.35
Drivers: 8
id	x	y	end	sensitivity
1413	49.48	37.37	99	1.5
1414	164.76	20.89	96	1.12
1415	140.41	65.05	98	1.84
1416	119.54	179.9	96	1.75
1417	178.75	115.68	96	1.9
1418	114.63	130.5	96	0.81
1419	159.52	55.26	97	1.19
1420	30.15	54.15	96	0.88
Period: 96
Tasks:7
id	x	y	end	c
480	21.59	10.07	99	119.31
481	86.79	34.19	103	67.12
482	61.52	15.05	97	93.26
483	161.29	191.6	98	110.21
484	69.12	102.07	100	30.95
485	157.21	38.04	98	84.33
486	55.89	155.78	97	71.11
Drivers: 15
id	x	y	end	sensitivity
1421	137.03	0.35	98	0.55
1422	178.53	172	99	1.7
1423	118.31	135.55	99	1.06
1424	22.28	135.22	99	0.99
1425	150.43	179.49	96	1.29
1426	30.43	32.81	97	1.04
1427	153.54	160.98	96	1.56
1428	34.96	97.77	97	1.29
1429	167.28	151.66	96	0.79
1430	147.71	92.81	99	0.82
1431	83.89	112.53	99	0.66
1432	46.57	81.9	97	0.64
1433	120.16	134.4	96	0.71
1434	43.12	15.96	98	1.98
1435	94.46	176.53	100	0.86
Period: 97
Tasks:8
id	x	y	end	c
487	33.08	33.05	102	94.66
488	172.17	114.39	99	73.59
489	14.46	95.16	102	85.68
490	128.82	100.27	103	28.82
491	27.27	166.43	101	98.5
492	25.99	125.42	100	78.25
493	26.19	15.96	101	111.85
494	68.61	149.36	101	58.5
Drivers: 14
id	x	y	end	sensitivity
1436	175.08	34.8	97	0.85
1437	54.28	195.94	98	1.59
1438	74.53	1.51	100	0.96
1439	194.28	105.82	103	1.73
1440	55.55	34.15	98	1.31
1441	59.02	160.7	98	1.76
1442	23.67	30.33	98	1.55
1443	1.66	74.49	103	1.23
1444	54.57	88.16	97	1.86
1445	77.36	176.91	98	1.93
1446	71.45	180.03	98	1.89
1447	155.81	50.96	97	0.75
1448	120.27	25.23	98	1.34
1449	7.36	121.58	100	0.86
Period: 98
Tasks:3
id	x	y	end	c
495	103.29	45.41	100	54.69
496	85.35	72.4	101	31.25
497	23.14	114.38	98	78.19
Drivers: 12
id	x	y	end	sensitivity
1450	16.84	186.98	100	1.97
1451	72.26	140.36	99	0.59
1452	65.36	46.44	99	1.28
1453	126.09	63.13	101	1.61
1454	89.35	37.26	100	1.68
1455	19.08	151.19	98	1.88
1456	159.43	22.91	98	0.98
1457	124.98	161.26	100	1.82
1458	117.73	106.18	100	0.52
1459	120.12	49.24	99	0.73
1460	155.9	132.5	98	1.27
1461	197.97	141.28	99	1.42
Period: 99
Tasks:6
id	x	y	end	c
498	41.32	95.26	105	58.87
499	70.43	15.11	99	89.89
500	136.01	198.95	103	105.3
501	65.74	149.56	101	60.25
502	138.55	171.83	103	81.52
503	102	147.33	101	47.37
Drivers: 14
id	x	y	end	sensitivity
1462	54.06	53.24	100	1.29
1463	153.52	122.63	101	0.78
1464	110.31	140.09	99	1.51
1465	53.91	174.38	102	0.8
1466	88.29	89.22	102	0.64
1467	129.43	192.47	104	1.6
1468	123.48	106.98	100	0.54
1469	182.6	32.91	101	0.5
1470	175.23	70.41	101	1.31
1471	24.97	163.46	99	1.74
1472	133	52.9	103	0.97
1473	11.55	175.12	105	0.98
1474	58.87	0.91	101	0.78
1475	157.74	6.39	101	1.12
Period: 100
Tasks:4
id	x	y	end	c
504	80.45	119.95	102	27.93
505	88.33	93.16	102	13.53
506	188.49	37.65	101	108.25
507	60.83	99.5	103	39.17
Drivers: 15
id	x	y	end	sensitivity
1476	120.85	53.38	101	1.14
1477	144.21	94.94	104	0.81
1478	183.19	9.14	104	1.14
1479	139.04	123.59	102	1.64
1480	69.19	12.59	102	1.13
1481	181.75	143.73	100	1
1482	130.37	53.07	102	0.78
1483	95.9	37.91	102	0.61
1484	7.58	109.81	105	1.33
1485	44.55	99.77	103	1.75
1486	78.53	59.99	105	1.56
1487	179.11	139.07	104	1.79
1488	114.03	192.95	103	0.88
1489	148.19	63.01	102	1.25
1490	165.62	171.03	102	1.46
