Periods: 100
Task Arrival Rate: 10
Task Average Time: 1
Driver Arrival Rate: 5
Driver Average Time: 3
Period: 1
Tasks:7
id	x	y	end	c
1	190.49	76.32	3	93.54
2	129.38	178.91	1	84.2
3	167.73	162.55	1	92.19
4	79.92	57.88	1	46.66
5	178.26	131.7	3	84.44
6	3.64	78.8	1	98.66
7	100.38	34.57	1	65.43
Drivers: 3
id	x	y	end	sensitivity
1	104.32	177.79	3	1
2	113.74	106.66	4	1.84
3	102.47	94.91	3	0.96
Period: 2
Tasks:5
id	x	y	end	c
8	134.79	129.35	2	45.52
9	156.35	21.13	2	96.93
10	31.74	109.02	4	68.85
11	60.81	164.45	2	75.43
12	191.5	23.74	3	119.11
Drivers: 5
id	x	y	end	sensitivity
4	198.86	0.84	4	1.07
5	107.92	173.69	8	0.85
6	138.86	1.26	6	1.05
7	139.02	72.18	7	1.42
8	6.08	28.96	7	1.63
Period: 3
Tasks:8
id	x	y	end	c
13	70.08	104.25	4	30.22
14	95.85	47.01	4	53.15
15	117.45	194.47	4	96.07
16	172.29	144.73	3	85.01
17	146.15	179.18	4	91.65
18	94.46	47.49	5	52.8
19	61.53	99.66	4	38.47
20	60.74	97.41	4	39.35
Drivers: 6
id	x	y	end	sensitivity
9	109.32	104.8	6	1.6
10	132.51	65.33	8	1.73
11	28.45	65.69	8	1.03
12	9.02	190.86	7	0.97
13	27.86	109.78	7	1.4
14	138.99	9.27	4	0.65
Period: 4
Tasks:9
id	x	y	end	c
21	99.88	61.65	4	38.35
22	170.09	195.01	4	118.07
23	22.6	45.04	5	94.93
24	60.44	110.17	5	40.85
25	140.12	159.2	5	71.51
26	163.64	36.22	5	90.1
27	128.32	78.13	4	35.78
28	57.74	149.08	4	64.77
29	102.79	18.41	5	81.64
Drivers: 1
id	x	y	end	sensitivity
15	13.7	32.98	7	1.13
Period: 5
Tasks:5
id	x	y	end	c
30	24.51	191.85	7	118.89
31	44.21	51.32	6	74.04
32	161.5	175.61	6	97.46
33	182.16	168.22	8	106.79
34	17.93	85.85	6	83.28
Drivers: 4
id	x	y	end	sensitivity
16	173.46	140.33	7	1.5
17	102.38	19.5	8	1.87
18	142.06	106.98	7	1.12
19	104.49	130.48	9	0.7
Period: 6
Tasks:8
id	x	y	end	c
35	146.26	90.28	6	47.27
36	162.03	61.19	9	73.17
37	183.18	61.41	7	91.7
38	69.69	196.92	6	101.55
39	74.36	136.87	8	44.91
40	167.32	44.69	7	87.13
41	189.59	192.58	7	128.83
42	163.21	98.78	6	63.22
Drivers: 2
id	x	y	end	sensitivity
20	72.51	40.43	6	0.53
21	45.76	67.68	10	1.68
Period: 7
Tasks:11
id	x	y	end	c
43	84.1	27.33	7	74.39
44	87.42	185.87	8	86.79
45	30.05	179.04	7	105.55
46	164.68	85.53	8	66.28
47	184.69	93.44	11	84.94
48	135.67	73.9	9	44.2
49	184.97	123.01	9	88.03
50	37.83	145.12	9	76.82
51	2.03	187.11	7	131.1
52	171.33	168.11	8	98.63
53	120.37	128.01	9	34.63
Drivers: 4
id	x	y	end	sensitivity
22	120.05	25.57	12	1.39
23	156.08	142.74	13	1.91
24	144.26	27.66	9	1.84
25	4.72	127.3	10	1.14
Period: 8
Tasks:7
id	x	y	end	c
54	122.71	41.53	10	62.73
55	39.41	191.92	10	110.09
56	144.98	86.81	9	46.87
57	50.1	138.69	9	63.14
58	44.53	150.9	10	75.28
59	138.1	175.29	10	84.38
60	148.13	174.24	9	88.48
Drivers: 4
id	x	y	end	sensitivity
26	126.25	172.25	10	0.52
27	136.9	152.69	11	1.05
28	71.12	144.92	9	1.05
29	85.07	23.04	12	1.65
Period: 9
Tasks:13
id	x	y	end	c
61	11.3	10.61	11	125.93
62	93.95	137.3	9	37.79
63	92.13	3.58	9	96.74
64	170.11	144.97	9	83.29
65	73.39	67.27	9	42.18
66	58.08	46.54	9	67.94
67	143.69	165.66	11	78.87
68	57.58	197.03	9	105.9
69	88.56	94.28	11	12.79
70	144.3	123.39	12	50.1
71	67.42	112.47	11	34.88
72	155.14	148.7	10	73.57
73	99.95	83.03	10	16.97
Drivers: 6
id	x	y	end	sensitivity
30	187.8	73.54	11	1.03
31	52.04	142.56	11	0.85
32	68.91	2.95	14	0.54
33	109.87	90.94	11	1
34	154.35	151.77	14	1.64
35	30.28	29.98	14	1.05
Period: 10
Tasks:13
id	x	y	end	c
74	25.26	147.77	12	88.7
75	35.01	64.91	10	73.86
76	18.7	126.02	11	85.36
77	88.57	143.61	10	45.08
78	127.11	15.29	11	88.94
79	56.65	188.91	13	98.92
80	134.53	14.29	11	92.4
81	47.57	34.77	12	83.69
82	33.5	137.6	15	76.39
83	153.51	103.66	10	53.64
84	198.82	170.77	10	121.55
85	92.16	163.21	10	63.69
86	116.42	115.81	12	22.79
Drivers: 2
id	x	y	end	sensitivity
36	100.41	25.81	13	1.75
37	17.07	160.96	18	1.97
Period: 11
Tasks:14
id	x	y	end	c
87	172.17	31.09	15	99.79
88	8.27	77.45	11	94.46
89	161.62	101.5	11	61.64
90	66.46	169.9	13	77.53
91	177.58	196.73	15	124
92	58.5	171.87	12	82.99
93	35.17	80.65	11	67.66
94	55.31	76.55	11	50.47
95	72.04	7.13	13	96.99
96	128.32	193.73	13	97.91
97	75.46	168.28	12	72.56
98	24.41	133.97	11	82.87
99	157.02	12.77	11	104.21
100	46.37	148.14	14	72.07
Drivers: 6
id	x	y	end	sensitivity
38	1.93	46.74	17	0.8
39	152.68	146.19	15	1.22
40	111.3	183.01	15	1.03
41	126.4	112.26	14	1.12
42	140.42	134.25	12	1.65
43	149.3	163.59	13	1.77
Period: 12
Tasks:7
id	x	y	end	c
101	32.09	138.62	13	78.12
102	108.15	95.54	13	9.29
103	39.49	138.34	12	71.63
104	94.28	133.45	12	33.94
105	197.81	196.84	13	137.64
106	143.41	91.87	12	44.16
107	34.79	82.93	13	67.41
Drivers: 12
id	x	y	end	sensitivity
44	96	175.69	16	1.62
45	185.32	44.76	15	0.78
46	107.1	36.2	15	0.6
47	18.77	122.64	18	1.99
48	13.73	164.67	13	0.58
49	19.46	135.14	17	1.47
50	139.16	192.36	14	1.81
51	99.59	14.14	14	1.51
52	166.92	68.32	16	1.98
53	120.47	80.04	12	1.61
54	10.95	25.36	13	1.91
55	128.96	107.26	16	0.65
Period: 13
Tasks:10
id	x	y	end	c
108	184.32	53.3	14	96.39
109	31.21	120.26	14	71.71
110	123.87	63.06	17	43.98
111	54.39	158.46	14	74.15
112	118.03	16.52	14	85.4
113	157.33	162.81	13	85.04
114	36.41	176.95	18	99.82
115	15.18	91.47	13	85.25
116	63.78	105.53	13	36.64
117	59.74	191.72	13	100.17
Drivers: 8
id	x	y	end	sensitivity
56	127.07	80.56	16	1.55
57	125.61	88.61	16	0.99
58	46.42	84.6	15	0.62
59	29.56	105.73	15	0.99
60	85.74	94.81	13	1.29
61	189.14	1.23	18	0.75
62	106.26	15.06	15	1.34
63	197.97	141.01	16	1.96
Period: 14
Tasks:9
id	x	y	end	c
118	2.53	131.3	15	102.37
119	138.98	197.12	14	104.65
120	53.82	0.52	14	109.68
121	6.35	32.39	14	115.51
122	49.72	12.32	14	101.07
123	138.28	185.63	15	93.8
124	181.64	21.55	16	113.22
125	196.19	31.28	16	118.22
126	92.56	33.03	16	67.38
Drivers: 5
id	x	y	end	sensitivity
64	57.09	196.91	20	1.54
65	18.38	148.71	18	0.85
66	186.47	194.82	16	0.81
67	35	27.27	16	0.54
68	28.52	30.8	19	1.68
Period: 15
Tasks:8
id	x	y	end	c
127	30.99	179.9	17	105.58
128	191	64.46	16	97.69
129	45.91	54.05	17	70.97
130	28.36	67.92	15	78.49
131	170.58	186.12	16	111.35
132	91.84	135.68	16	36.6
133	103.97	101.01	16	4.1
134	97.21	35.09	15	64.97
Drivers: 4
id	x	y	end	sensitivity
69	12.69	173.15	17	0.76
70	102.61	15.29	16	1.45
71	138.29	12.24	18	1.32
72	176.81	180.97	18	1.17
Period: 16
Tasks:10
id	x	y	end	c
135	8.79	50.24	18	103.9
136	168.95	29.22	17	98.81
137	171.3	44.62	16	90.28
138	121.93	139.3	16	45
139	132.96	194.37	16	99.96
140	198.48	51.13	20	109.94
141	28.49	16.59	16	109.87
142	2.19	61.69	16	105.05
143	21.99	14.63	18	115.64
144	157.85	41.91	18	81.98
Drivers: 7
id	x	y	end	sensitivity
73	49.09	63.88	18	1.88
74	178.35	36.02	21	1.74
75	118.54	63.17	17	1.09
76	137.24	107.05	20	1.14
77	124.02	146.11	17	0.7
78	88.96	130.67	24	1.38
79	142.96	139.14	17	0.71
Period: 17
Tasks:10
id	x	y	end	c
145	162.7	134.62	17	71.62
146	132.69	109.03	18	33.91
147	128.56	96.38	17	28.79
148	126.32	44.77	17	61.18
149	100.47	78.03	17	21.98
150	100.97	149.47	18	49.48
151	62.11	182.93	19	91.18
152	48.82	29.52	18	87.1
153	177.17	20.76	19	110.61
154	135.04	12.52	18	94.24
Drivers: 3
id	x	y	end	sensitivity
80	0.83	126.66	26	0.69
81	87.66	111.58	18	1.36
82	76.09	195.37	18	1.15
Period: 18
Tasks:11
id	x	y	end	c
155	139.22	184.39	23	93.06
156	190.62	28.02	18	115.73
157	120.14	76.72	18	30.78
158	160.66	179.19	19	99.75
159	37.3	129.82	20	69.43
160	181.93	48.45	20	96.8
161	60.9	125.46	18	46.66
162	98.23	128.35	18	28.41
163	80.61	60.27	20	44.21
164	14.82	162.98	19	105.93
165	157.14	114.4	21	58.93
Drivers: 5
id	x	y	end	sensitivity
83	185.39	85.86	18	1.47
84	87.17	160.57	24	1.15
85	13.32	34.65	23	1.47
86	76.5	16.47	20	0.97
87	118.67	144.17	20	1.49
Period: 19
Tasks:7
id	x	y	end	c
166	41.01	30.92	21	90.84
167	45.35	105.43	20	54.92
168	120.01	164.5	20	67.53
169	153.69	159.36	20	80.04
170	184.36	62.88	20	92.17
171	21.67	103.94	20	78.43
172	146.4	77.9	19	51.39
Drivers: 5
id	x	y	end	sensitivity
88	158.77	169.29	21	0.5
89	117.24	89.24	21	1.97
90	37.67	11.05	22	1.42
91	73.61	64.15	21	1.69
92	130.32	52	20	0.87
Period: 20
Tasks:9
id	x	y	end	c
173	57.92	83.57	21	45.17
174	93.91	71.22	20	29.42
175	40.81	69.9	20	66.4
176	196.27	122.83	22	98.94
177	179.29	98.83	22	79.3
178	66.63	54.85	22	56.14
179	159.76	33.05	22	89.74
180	99.74	158	22	58
181	196.09	144.69	21	105.97
Drivers: 5
id	x	y	end	sensitivity
93	26.15	139.43	22	1.02
94	74.54	197.77	21	1.38
95	69.73	197.3	26	1.08
96	24.17	195.11	24	1.86
97	194.82	41.21	22	0.6
Period: 21
Tasks:13
id	x	y	end	c
182	175.24	49.2	23	90.78
183	162.49	131.69	22	70.07
184	12.93	170.89	23	112.28
185	1.9	39.03	22	115.5
186	94.18	195.35	23	95.53
187	110.05	191.32	22	91.87
188	53.28	147.2	21	66.41
189	72.61	113.86	22	30.7
190	99.75	38.37	21	61.63
191	151.92	55.97	24	68.08
192	53.34	35.04	22	79.98
193	195.39	11.34	21	130.23
194	120.43	89.62	21	22.92
Drivers: 8
id	x	y	end	sensitivity
98	0.77	95.05	23	1.52
99	58.65	61.51	21	0.58
100	14.7	117.27	24	1.56
101	163.37	14.9	26	1.83
102	55.69	141.06	25	1.61
103	21.56	190.67	24	1.55
104	70.97	197.39	23	1.64
105	162.7	104.15	24	1.83
Period: 22
Tasks:14
id	x	y	end	c
195	110.74	160.14	24	61.09
196	121.44	70.4	23	36.55
197	166.91	85.11	22	68.55
198	36.49	47.88	25	82.16
199	150.71	14.56	24	99.36
200	93.6	68.62	23	32.03
201	192.68	80.08	22	94.8
202	113.53	32.08	22	69.25
203	125.48	30.76	24	73.78
204	41.74	130.81	24	65.91
205	66.88	74.34	22	41.9
206	40.07	95.83	22	60.07
207	174.67	124.99	22	78.74
208	18.99	34.38	22	104.25
Drivers: 6
id	x	y	end	sensitivity
106	52.07	119.69	24	1.38
107	126.22	32.31	26	0.72
108	81.16	173.11	26	0.74
109	77.69	77.36	24	1.98
110	153.22	192.54	26	0.8
111	121.61	33.62	25	0.78
Period: 23
Tasks:12
id	x	y	end	c
209	2.17	160.14	23	114.84
210	107.17	38.4	26	62.02
211	85.35	173.18	23	74.63
212	190.02	133.32	24	95.99
213	46.79	171.85	26	89.41
214	132.43	39.09	24	69.01
215	121.82	43.48	25	60.59
216	0.89	39.56	24	116.09
217	32.48	40.59	24	89.94
218	21.68	119.71	23	80.76
219	107.1	145.72	25	46.27
220	173.3	82.51	25	75.36
Drivers: 4
id	x	y	end	sensitivity
112	86.79	164	26	1.06
113	114.99	54.61	30	1.39
114	107.66	186.04	25	0.56
115	141.25	156.66	25	0.89
Period: 24
Tasks:10
id	x	y	end	c
221	10.39	179.61	26	119.87
222	169.63	141.28	26	80.95
223	121.31	107.37	26	22.55
224	172.92	66.93	25	80.07
225	37.66	188.27	26	108.06
226	184.75	4	25	128.06
227	104.68	185.47	24	85.6
228	163.93	166.7	26	92.39
229	63.95	183.19	28	90.67
230	54.05	160.19	25	75.72
Drivers: 3
id	x	y	end	sensitivity
116	76.03	39.2	27	0.72
117	7.86	38.02	28	1.99
118	89.41	58.74	26	1.11
Period: 25
Tasks:11
id	x	y	end	c
231	118.1	78.33	28	28.23
232	57.69	47.83	26	67.17
233	81.34	85.52	28	23.62
234	145.17	190.6	27	101.24
235	9.98	111.16	27	90.71
236	118.28	174.58	26	76.79
237	73.68	166.57	27	71.58
238	119.49	113.46	27	23.69
239	90.03	37.7	26	63.09
240	0.37	8.09	26	135.55
241	63.14	179.25	26	87.4
Drivers: 6
id	x	y	end	sensitivity
119	164.35	93.45	27	1.58
120	125.52	8.99	30	0.68
121	153.65	151.94	25	0.57
122	56.11	146.2	29	1.34
123	16.95	88.22	30	0.67
124	27.85	112.74	27	0.54
Period: 26
Tasks:13
id	x	y	end	c
242	21.43	179.46	29	111.75
243	177.11	60.85	28	86.48
244	50.89	157.6	26	75.69
245	190.14	171.57	26	115.1
246	156.14	108.06	28	56.72
247	112.69	165.5	26	66.72
248	82.94	191.72	26	93.29
249	39.13	39.04	27	86.15
250	90.69	122.58	26	24.42
251	104.33	134.33	27	34.6
252	46.32	164.67	27	84.05
253	114.78	57.58	27	44.92
254	99.56	178.74	27	78.74
Drivers: 9
id	x	y	end	sensitivity
125	27.72	34.79	31	1.62
126	168.94	82.78	30	1.88
127	3.52	47.21	26	0.82
128	117.32	34.34	32	1.67
129	39.22	138.65	30	0.96
130	131.3	127.27	32	1.04
131	120.14	83.38	27	0.62
132	106.67	15.88	28	0.83
133	21.5	99.41	28	1.56
Period: 27
Tasks:12
id	x	y	end	c
255	147.94	13.75	28	98.68
256	1.55	123.14	30	101.13
257	172.56	198.7	29	122.5
258	68.09	64.42	28	47.79
259	21.54	60.92	29	87.65
260	39.95	24.2	27	96.7
261	27.58	71.93	27	77.67
262	95.63	157.56	28	57.73
263	183.96	11.65	27	121.88
264	79.99	138.71	28	43.58
265	166.85	198.16	28	118.76
266	92.05	16.71	29	83.67
Drivers: 3
id	x	y	end	sensitivity
134	59.08	114.66	27	0.57
135	42.3	144.78	29	0.73
136	4.55	144.55	31	1.94
Period: 28
Tasks:5
id	x	y	end	c
267	56.92	80.96	29	47.1
268	73.5	145.2	30	52.4
269	19.46	162.43	29	101.9
270	92.76	33.86	31	66.54
271	26.03	107.3	28	74.33
Drivers: 6
id	x	y	end	sensitivity
137	5.56	122.74	33	1.1
138	114.84	150.25	35	1.85
139	143.94	193.95	31	1.24
140	133.3	191.97	31	1.3
141	80.52	168.81	30	1.37
142	3.71	154.73	31	1.15
Period: 29
Tasks:7
id	x	y	end	c
272	17.35	15.63	30	118.11
273	190.11	151.02	30	103.55
274	60.66	57.57	32	57.86
275	97.07	80.61	29	19.61
276	3.45	147.97	30	107.81
277	73.23	97.17	30	26.92
278	16.93	28.53	29	109.58
Drivers: 6
id	x	y	end	sensitivity
143	57.74	68.71	31	1.1
144	4.29	153.39	34	0.68
145	164.35	61.52	30	0.58
146	92.75	60.78	31	1.8
147	139.45	154.49	30	0.79
148	6.6	199.2	33	1.69
Period: 30
Tasks:9
id	x	y	end	c
279	140.07	191.75	31	100.12
280	155.04	16.43	31	100.07
281	65.37	82.79	32	38.67
282	185.01	63.26	30	92.61
283	59.88	57.12	31	58.72
284	3.07	97	31	96.98
285	114.1	48.71	31	53.19
286	108.42	30.7	30	69.81
287	155.67	32.38	33	87.59
Drivers: 5
id	x	y	end	sensitivity
149	58.84	121.36	33	0.81
150	104.91	130.26	34	1.26
151	196.56	65.73	34	1.85
152	167.33	102.39	35	1.29
153	155.04	36.43	34	0.65
Period: 31
Tasks:8
id	x	y	end	c
288	42.92	176.58	31	95.51
289	83.82	162.71	32	64.76
290	193.68	74.64	32	97.05
291	49.01	28.95	33	87.45
292	97.63	86.24	33	13.96
293	159.49	80.05	33	62.75
294	32.64	72.29	31	72.84
295	180.4	116.44	31	82.06
Drivers: 6
id	x	y	end	sensitivity
154	4.97	19.62	41	1.87
155	0.87	31.3	35	1.09
156	147.56	161.78	33	1.95
157	194.43	8.67	36	1.37
158	135.92	151.87	33	0.73
159	107.44	187.89	31	0.67
Period: 32
Tasks:11
id	x	y	end	c
296	161.71	37.57	33	87.78
297	128.04	97.34	32	28.17
298	46.62	67.31	33	62.59
299	117.45	187.11	33	88.84
300	137.02	96.8	35	37.16
301	182.58	194.07	33	125.17
302	146.53	163.54	34	78.76
303	148.99	73.03	32	55.92
304	13.63	110.5	33	87.01
305	142.33	138.77	33	57.4
306	97.84	125.19	32	25.28
Drivers: 7
id	x	y	end	sensitivity
160	55.78	73.54	36	1.09
161	20.41	186.26	37	1.49
162	11.54	73.76	35	1.89
163	52.05	41.91	35	1.51
164	75.65	132.7	37	1.21
165	184.86	191.87	36	0.96
166	177.33	127.98	32	1.14
Period: 33
Tasks:9
id	x	y	end	c
307	57.42	47.7	33	67.44
308	175.34	147.8	34	89.22
309	97.49	51.48	33	48.58
310	35.29	147.82	34	80.46
311	35.91	27.03	33	97.12
312	138.06	178.41	35	87.16
313	28.37	119.75	34	74.3
314	18.33	45.79	35	98.02
315	165.49	85.22	33	67.14
Drivers: 3
id	x	y	end	sensitivity
167	134.36	147.99	35	1.74
168	123.5	86.42	40	0.92
169	1.49	166.56	38	1.31
Period: 34
Tasks:15
id	x	y	end	c
316	167.62	103.67	35	67.72
317	176.98	25.39	34	107.2
318	195.3	130.26	34	99.99
319	0.27	157.34	35	115.04
320	10.29	90.39	35	90.22
321	188.04	182.9	36	120.93
322	39.31	44.54	35	82.21
323	26.88	2.45	35	121.91
324	67.26	12.62	34	93.31
325	80.27	87.37	35	23.43
326	160.45	113.99	35	62.05
327	169.2	175.23	34	102.22
328	164.68	77.18	36	68.59
329	63.29	71.8	35	46.29
330	110.33	72.05	36	29.8
Drivers: 2
id	x	y	end	sensitivity
170	135.74	175.63	38	1.65
171	189.13	120.08	34	1.46
Period: 35
Tasks:8
id	x	y	end	c
331	71.82	120.69	36	34.96
332	89.93	88.66	36	15.17
333	127.1	168.45	36	73.62
334	84.71	37.59	35	64.26
335	119.37	4.83	36	97.12
336	50.72	112.99	37	50.96
337	67.25	171.92	35	79.03
338	85.37	102.81	36	14.9
Drivers: 7
id	x	y	end	sensitivity
172	156.35	5.09	37	1.62
173	191.67	150.15	38	0.82
174	45.05	47.93	40	0.7
175	6.26	8.04	38	1.91
176	78.56	148.65	38	0.63
177	69.36	16.15	36	0.62
178	51.35	74.41	37	1.03
Period: 36
Tasks:11
id	x	y	end	c
339	111.31	193.07	37	93.75
340	195.21	26.56	36	120.24
341	91.77	91.38	38	11.92
342	35.76	198.71	36	117.77
343	197.96	113.87	37	98.94
344	114.38	135.19	38	38.01
345	130.99	17.7	38	87.94
346	0.21	42.39	36	115.23
347	125.22	129.69	36	38.96
348	111.38	23.08	37	77.76
349	195.96	140.94	36	104.33
Drivers: 3
id	x	y	end	sensitivity
179	110.51	157.15	38	1.84
180	189.41	44.03	40	1.81
181	169.94	165.17	38	0.67
Period: 37
Tasks:10
id	x	y	end	c
350	178.45	67.25	38	85.01
351	28.29	15.88	37	110.54
352	137.09	129.08	37	47.13
353	9.89	159.65	37	108.06
354	77.51	129.64	39	37.21
355	70.67	122.9	37	37.21
356	2.38	97.18	38	97.66
357	180.56	7.22	40	122.87
358	179.16	188.39	38	118.66
359	80.58	190.06	39	92.13
Drivers: 4
id	x	y	end	sensitivity
182	49.02	181.08	40	1.45
183	30.57	14.39	43	1.83
184	161.92	29.32	39	0.78
185	176.49	13.96	39	1.32
Period: 38
Tasks:10
id	x	y	end	c
360	194.86	155.69	39	110
361	162.04	168.8	38	92.64
362	172.2	129.21	38	77.88
363	123.15	128.92	39	37.04
364	67.67	146.7	38	56.8
365	196.26	162.39	39	114.71
366	171.6	118.95	39	74.07
367	149.8	23.58	40	91.21
368	9.33	176.4	39	118.57
369	88.96	32.8	39	68.1
Drivers: 5
id	x	y	end	sensitivity
186	9.36	57.74	40	1.31
187	79.86	193	41	0.98
188	82.29	39.35	42	1.5
189	91.77	104.4	41	1.98
190	123.89	20.97	41	1.53
Period: 39
Tasks:10
id	x	y	end	c
370	179.01	59.05	40	88.99
371	57.98	186.53	39	96.19
372	41.04	6.1	40	110.88
373	115.34	95.24	39	16.06
374	156.33	199.02	41	113.92
375	129.23	111.78	41	31.51
376	77.66	86.17	40	26.27
377	99.17	51.1	40	48.91
378	151.48	99.33	42	51.48
379	168.99	100.24	39	68.99
Drivers: 3
id	x	y	end	sensitivity
191	147.5	168.43	43	1.52
192	74.75	52.38	43	1.89
193	28.49	53.08	43	1.03
Period: 40
Tasks:9
id	x	y	end	c
380	168.97	13.39	40	110.72
381	155.55	37.26	42	83.8
382	89.68	61.63	40	39.73
383	186.02	63.59	41	93.41
384	148.55	185.6	41	98.41
385	104.18	9.31	40	90.79
386	104.52	125.93	40	26.32
387	135.63	129.45	40	46.23
388	15.46	149.88	43	98.16
Drivers: 3
id	x	y	end	sensitivity
194	93.37	106.98	40	0.88
195	117.26	31.93	43	1.95
196	165.74	126.23	42	1.95
Period: 41
Tasks:13
id	x	y	end	c
389	151.44	120.13	42	55.24
390	140.21	83.66	42	43.4
391	52.14	10.67	41	101.34
392	138.15	188.88	41	96.72
393	112.14	170.17	41	71.21
394	55.46	73.42	41	51.87
395	110.55	199.76	43	100.32
396	73.18	129.54	42	39.9
397	60.57	49.9	41	63.76
398	152.63	196.1	41	109.57
399	173.85	146.52	42	87.28
400	166.5	128.77	43	72.46
401	24.02	27.34	43	105.13
Drivers: 2
id	x	y	end	sensitivity
197	128.73	45.21	46	1.7
198	153.36	66.22	44	1.91
Period: 42
Tasks:7
id	x	y	end	c
402	152.21	135.19	43	62.96
403	17.72	104.78	44	82.42
404	29.13	22.11	42	105.31
405	152.52	64.97	45	63.13
406	58.5	95.29	42	41.77
407	118.95	14.02	46	88.04
408	41.51	173.28	44	93.76
Drivers: 3
id	x	y	end	sensitivity
199	189.38	160.34	45	1.84
200	176.98	189.85	45	0.61
201	83.64	149.26	44	1.72
Period: 43
Tasks:5
id	x	y	end	c
409	5.89	163.75	43	113.67
410	144.11	32.14	43	80.94
411	72.66	14.09	43	90.16
412	194.35	191.85	45	131.68
413	18.81	123.55	44	84.54
Drivers: 5
id	x	y	end	sensitivity
202	172.06	167.93	48	0.82
203	79.82	160.49	45	1.26
204	126.98	75.84	45	0.73
205	125.67	107.99	45	1.73
206	170.84	10.83	46	1.59
Period: 44
Tasks:9
id	x	y	end	c
414	165.94	130.03	44	72.46
415	92.52	174.97	45	75.34
416	117.8	8.05	44	93.66
417	199.11	142.21	46	107.72
418	36.12	195.6	44	114.98
419	166.82	46.12	44	85.84
420	12.21	139.09	46	96.1
421	33.7	164.04	45	92.18
422	167.25	54.08	46	81.43
Drivers: 8
id	x	y	end	sensitivity
207	191.32	61.26	46	1.59
208	172.4	100.55	47	0.65
209	54.91	53.69	49	1.22
210	88.55	144.81	48	0.84
211	59.4	56.76	48	0.9
212	185.01	26.81	45	1.47
213	85.08	163.09	45	1.01
214	99.56	146.75	45	1.26
Period: 45
Tasks:9
id	x	y	end	c
423	0.38	164.57	46	118.72
424	155.52	70.61	46	62.82
425	115.38	69.99	46	33.72
426	55.31	126.04	46	51.72
427	92.95	22.77	45	77.55
428	30.64	47.15	46	87.2
429	108.79	16.6	45	83.86
430	182.27	54.26	46	94.13
431	79.24	93.54	45	21.74
Drivers: 5
id	x	y	end	sensitivity
215	10.56	102.73	48	0.56
216	196.82	72.63	50	1.52
217	143.18	137.2	48	1.77
218	5.94	105.23	52	0.64
219	199.63	23.89	45	1.35
Period: 46
Tasks:17
id	x	y	end	c
432	160.02	177.34	47	97.9
433	95.49	152.14	46	52.33
434	89.51	55.08	47	46.13
435	193.3	16.45	48	125.24
436	115.7	188.8	48	90.18
437	112.66	160.2	47	61.52
438	160.62	85.11	47	62.42
439	161.63	53.38	47	77.28
440	14.7	35.91	46	106.69
441	192.79	88.14	48	93.54
442	119.14	163.34	46	66.17
443	114.14	17.54	47	83.66
444	30.04	199.27	46	121.45
445	59.23	26.92	47	83.68
446	52.79	116.98	49	50.17
447	28.88	156.97	47	91.12
448	53.11	48.98	46	69.29
Drivers: 8
id	x	y	end	sensitivity
220	40.79	165.37	50	1.48
221	11.93	134.29	50	1.96
222	17.16	3.89	51	1.86
223	101.58	11.99	46	1
224	137.2	186.01	48	1.3
225	6.89	110.59	47	1.92
226	20.86	152.14	51	0.61
227	29.94	82.61	52	0.62
Period: 47
Tasks:8
id	x	y	end	c
449	30.28	10.28	51	113.62
450	79.54	46.17	49	57.59
451	93.65	92.08	49	10.15
452	165.43	147.46	47	80.83
453	198.39	188.79	49	132.53
454	0.8	5.45	48	137.04
455	139.14	78.02	47	44.89
456	90.74	191.06	48	91.53
Drivers: 11
id	x	y	end	sensitivity
228	192.04	191.8	49	1.55
229	142.15	152	48	1.45
230	64.48	75.39	49	0.82
231	114.09	196.37	52	1.68
232	63	6.91	49	1.97
233	140.18	7.02	48	0.56
234	104.52	181.31	47	0.69
235	194.24	51.8	50	1.41
236	162.76	35.8	52	1.19
237	63.02	194.94	53	1.25
238	146.53	31.95	49	1.86
Period: 48
Tasks:12
id	x	y	end	c
457	29.13	121.69	48	74.11
458	3.87	94.01	49	96.32
459	110.54	145.06	48	46.28
460	67.7	102.87	49	32.43
461	94.78	181.7	48	81.87
462	86.68	155.04	48	56.63
463	157.68	54.97	49	73.18
464	167.9	118.16	49	70.29
465	97.66	97.38	48	3.51
466	69.71	96.67	50	30.47
467	143.54	146.86	48	63.97
468	0.56	146.64	49	109.83
Drivers: 3
id	x	y	end	sensitivity
239	111.36	24.96	51	1.55
240	18.63	29.46	53	0.81
241	87.03	194.36	56	0.95
Period: 49
Tasks:9
id	x	y	end	c
469	10.33	56.05	50	99.86
470	198.05	6.85	50	135.24
471	24.58	30.44	50	102.6
472	180.25	82.75	49	82.08
473	87.04	2.53	49	98.33
474	193.28	56.79	50	102.8
475	194.95	84.41	49	96.22
476	102.5	22.81	49	77.23
477	179.31	0.64	51	127.13
Drivers: 4
id	x	y	end	sensitivity
242	141.87	5.14	54	0.74
243	189.28	6.3	50	1.31
244	97.57	163.86	50	1.23
245	78.83	72.01	53	0.86
Period: 50
Tasks:12
id	x	y	end	c
478	37.59	44.43	52	83.56
479	138.69	13.94	52	94.36
480	81.93	38.18	50	64.41
481	31.43	97.57	50	68.61
482	125.04	83.24	50	30.13
483	34.61	167.75	50	94.16
484	191.07	89.65	51	91.66
485	105.15	73.96	50	26.54
486	41.88	35.42	51	86.88
487	199.34	48.52	50	111.89
488	103.39	130.77	50	30.96
489	120.92	52.51	51	51.89
Drivers: 3
id	x	y	end	sensitivity
246	104.08	28.25	51	0.98
247	76.04	193.25	53	1.44
248	54.78	49.2	52	1.71
Period: 51
Tasks:10
id	x	y	end	c
490	131.34	175	53	81.28
491	103.22	105.1	51	6.03
492	11.56	139.54	51	96.88
493	27.14	37.26	52	96.15
494	121.38	191.32	52	93.79
495	50.3	22.95	51	91.69
496	133.74	54.11	51	56.96
497	65.77	78.27	51	40.54
498	127.61	4	51	99.89
499	119.8	93.38	53	20.88
Drivers: 6
id	x	y	end	sensitivity
249	46.31	64.09	53	1.91
250	107.44	130.99	55	1.68
251	53.6	199.82	56	1.92
252	114.21	194.84	52	0.52
253	79.5	65.44	56	0.55
254	105.31	53.11	54	1.81
Period: 52
Tasks:17
id	x	y	end	c
500	166.22	73.39	54	71.37
501	58.58	27.35	52	83.63
502	34.89	100.22	55	65.11
503	130.66	77.72	53	37.9
504	157.39	83.78	53	59.64
505	128.37	8.63	52	95.67
506	17.13	16.7	54	117.5
507	114.72	115.06	52	21.06
508	29.45	199.92	56	122.32
509	139.35	194.16	53	102.05
510	122.95	34.04	52	69.84
511	117.11	59.67	53	43.81
512	90.63	78	52	23.91
513	44.99	173.89	52	92.12
514	128.77	86.86	53	31.63
515	37.97	111.94	52	63.17
516	98.74	135.92	52	35.94
Drivers: 4
id	x	y	end	sensitivity
255	43.6	44.27	53	0.82
256	120.48	39.38	56	1.14
257	118.13	124.88	54	1.15
258	53.69	77.78	55	0.6
Period: 53
Tasks:6
id	x	y	end	c
517	33.68	51.41	53	82.22
518	148.94	74.36	54	55.25
519	46.05	164.42	53	84.03
520	139.56	118.61	53	43.72
521	75.95	196.16	53	99.12
522	182.8	32.28	54	106.97
Drivers: 4
id	x	y	end	sensitivity
259	181.58	104.19	55	1.23
260	25.29	70.2	59	1.55
261	82.04	192.72	57	1.85
262	30.07	32.82	60	1.57
Period: 54
Tasks:10
id	x	y	end	c
523	134	159.44	55	68.48
524	59.02	123.61	56	47.29
525	69.09	190.78	54	95.9
526	126.37	114.28	55	29.99
527	180.74	99.71	55	80.74
528	186.92	132.19	54	92.69
529	66.99	175.76	54	82.64
530	152.29	61.28	54	65.07
531	5.18	42.59	55	110.85
532	106.92	199.48	54	99.72
Drivers: 3
id	x	y	end	sensitivity
263	153.2	138.75	59	0.7
264	164.91	153.02	55	0.8
265	114.65	154.43	56	1.3
Period: 55
Tasks:11
id	x	y	end	c
533	116.83	2.64	56	98.8
534	90.38	47.46	56	53.41
535	101.92	116.12	55	16.23
536	98.17	170.11	56	70.13
537	66.6	93.81	56	33.97
538	42.07	191.52	56	108.31
539	132.35	29.64	57	77.44
540	108.45	72.72	55	28.56
541	172.84	130.15	55	78.83
542	33.1	94.05	56	67.16
543	194.47	166.34	57	115.44
Drivers: 8
id	x	y	end	sensitivity
266	1.81	144.97	58	1.55
267	62.95	156.98	57	1.49
268	57.93	61	59	1.32
269	115.99	56.1	61	1.43
270	70.75	95.6	57	1.23
271	152.39	55.45	56	1.97
272	5.11	80.29	58	1.58
273	188.44	197.67	59	1.46
Period: 56
Tasks:8
id	x	y	end	c
544	68.13	66.51	57	46.23
545	134.05	167.43	57	75.54
546	28	143.31	56	84.02
547	63.04	166.11	57	75.74
548	76.04	163.95	58	68.29
549	157.32	31.4	58	89.4
550	123.84	164.8	56	69.05
551	105.74	118.01	58	18.9
Drivers: 4
id	x	y	end	sensitivity
274	129.81	96.27	61	1.56
275	172.71	23.67	62	0.77
276	32.07	193.28	58	0.89
277	139.71	18.5	58	1.49
Period: 57
Tasks:10
id	x	y	end	c
552	146.34	58.59	57	62.15
553	55.74	31.28	59	81.74
554	122.53	33.86	58	69.87
555	41.36	46.1	60	79.65
556	160.3	183.87	57	103.3
557	165.69	83.33	58	67.77
558	158.56	56.02	57	73.24
559	198.61	76.96	57	101.27
560	178.46	158.77	58	98.03
561	96.33	157.99	57	58.11
Drivers: 7
id	x	y	end	sensitivity
278	27.42	120.94	59	1.26
279	116.87	170.95	61	1.66
280	184.37	23.11	60	0.83
281	106.18	76.55	61	0.7
282	50.3	71.4	59	1.88
283	52.08	78.9	59	1.98
284	169.17	11.44	62	1.52
Period: 58
Tasks:10
id	x	y	end	c
562	52.9	23.27	58	90.03
563	158.19	7.75	59	109.07
564	165.47	98.69	58	65.48
565	40.42	85.9	58	61.23
566	98.5	170.01	59	70.03
567	77.74	44.67	60	59.64
568	79.21	2.41	58	99.78
569	2.75	70.88	59	101.52
570	97.38	23.57	58	76.47
571	122.7	10.6	59	92.24
Drivers: 7
id	x	y	end	sensitivity
285	123.46	116.92	59	0.7
286	156.44	67.81	61	1.97
287	68.53	171.04	61	1.05
288	128.42	60.24	60	1.59
289	172.89	6.02	64	1.27
290	170.47	178.84	59	1.9
291	190.07	6.23	59	0.72
Period: 59
Tasks:10
id	x	y	end	c
572	199.42	65.21	60	105.33
573	31.15	84.42	60	70.59
574	137.73	136.75	59	52.67
575	10.84	48.98	59	102.73
576	179.81	49.23	60	94.59
577	71.57	186.75	60	91.29
578	125.73	61.76	59	46.09
579	9	107.9	59	91.34
580	50.73	167.83	61	83.84
581	82.76	4.77	60	96.78
Drivers: 4
id	x	y	end	sensitivity
292	85.53	196.15	63	1.09
293	88.19	100.14	61	1.23
294	132.91	144.69	62	1.07
295	135.22	27.07	63	0.58
Period: 60
Tasks:12
id	x	y	end	c
582	165.05	94.07	61	65.32
583	158.97	0.92	62	115.3
584	34.36	122.54	60	69.4
585	127.77	186.26	61	90.62
586	51.31	62.03	61	61.74
587	197.19	166.78	61	117.92
588	186.52	76.55	62	89.64
589	155.8	84.91	61	57.8
590	75.25	59.26	60	47.67
591	106.12	71.76	63	28.9
592	156.81	125.25	62	62.17
593	54.57	40.67	61	74.73
Drivers: 2
id	x	y	end	sensitivity
296	98.07	171.48	62	1.65
297	6.76	100.4	62	1.95
Period: 61
Tasks:9
id	x	y	end	c
594	116.05	62.8	61	40.51
595	54.01	95.85	62	46.18
596	89.69	59.44	61	41.85
597	113.19	13.16	63	87.84
598	191.06	38.18	61	110.06
599	154.22	28.2	62	89.97
600	6.73	167.82	62	115.32
601	140.71	57.18	62	59.08
602	35.51	175.05	62	98.95
Drivers: 8
id	x	y	end	sensitivity
298	55.16	20.86	63	1.55
299	158.15	65.8	65	1.92
300	51.39	10.41	63	2
301	10.83	85.83	62	0.89
302	37.52	58.46	69	1.34
303	53.75	153.9	63	1.44
304	196.45	46.77	65	1.57
305	139.04	181.83	63	1.27
Period: 62
Tasks:5
id	x	y	end	c
603	34.88	134.62	62	73.75
604	119.55	186.42	62	88.6
605	186.54	129.45	63	91.41
606	183.03	183.99	64	118.1
607	18.14	172.83	65	109.57
Drivers: 5
id	x	y	end	sensitivity
306	6.78	188.31	62	0.96
307	78.31	158.04	65	1.9
308	70.04	49.58	67	1.41
309	89.82	58.94	66	1.62
310	100.92	101.68	68	1.5
Period: 63
Tasks:11
id	x	y	end	c
608	132.43	22.88	63	83.66
609	144.37	117.57	64	47.72
610	36.47	152.86	66	82.65
611	150.84	5.26	63	107.52
612	33.81	43.64	64	86.93
613	174.09	21.61	63	107.86
614	19.74	174.43	64	109.46
615	176.65	178.62	64	109.8
616	175.12	65.05	63	82.85
617	172.52	167.88	64	99.33
618	14.55	181.17	64	117.86
Drivers: 6
id	x	y	end	sensitivity
311	127.7	198.33	67	1.45
312	132.55	48.04	65	1.12
313	156.91	52.46	63	0.77
314	137.08	149.33	66	1.68
315	76.4	197.52	68	0.66
316	35.9	193.45	65	1.31
Period: 64
Tasks:8
id	x	y	end	c
619	64.54	3.17	65	103.12
620	178.09	151.1	65	93.32
621	127.52	192.07	64	96.09
622	37.74	8.49	65	110.68
623	59.19	60.81	64	56.58
624	0.27	177.52	66	126.31
625	33.07	150.32	65	83.74
626	74.99	188.99	64	92.44
Drivers: 4
id	x	y	end	sensitivity
317	55.49	24.01	66	1.3
318	91.81	136.79	66	1.81
319	67.61	66.15	64	1.8
320	126.81	12.3	67	1.37
Period: 65
Tasks:11
id	x	y	end	c
627	33.01	83.82	65	68.92
628	146.86	5.4	66	105.57
629	23.05	124.43	67	80.73
630	121.59	169.88	67	73.14
631	5.56	41.95	66	110.85
632	102.88	11.94	66	88.11
633	96.27	56.58	66	43.58
634	140.75	111.46	65	42.33
635	52.93	157.59	65	74.38
636	199.48	13.04	66	132.13
637	182.75	192.05	67	123.78
Drivers: 7
id	x	y	end	sensitivity
321	8.11	9.61	69	1.39
322	161.78	142.1	69	1.98
323	156.86	161.36	69	0.73
324	103.84	13.67	68	1.06
325	134.77	189.32	68	1.85
326	37.35	82.27	67	1.98
327	86.78	28.22	69	1.09
Period: 66
Tasks:10
id	x	y	end	c
638	180.27	152.01	67	95.65
639	41.87	163.78	66	86.3
640	192.04	56.12	68	101.96
641	152.36	147.94	68	70.99
642	175.2	37.57	69	97.74
643	93.16	96.66	66	7.61
644	155.63	130.81	66	63.59
645	107.58	174.63	66	75.01
646	56.11	58.12	66	60.67
647	172.42	52.12	67	86.82
Drivers: 2
id	x	y	end	sensitivity
328	180.23	51.79	70	0.76
329	190.82	5.71	68	0.66
Period: 67
Tasks:12
id	x	y	end	c
648	85.73	46.89	68	54.99
649	185.8	17.03	67	119.36
650	152.87	119.36	69	56.3
651	41.25	189.78	69	107.29
652	60.17	148.96	68	63.12
653	37.49	53.66	68	77.81
654	3.35	155.97	67	111.69
655	159.33	66.41	67	68.18
656	104.54	142.65	69	42.89
657	6.41	133.26	68	99.32
658	187.01	190.93	68	125.85
659	37.79	129.91	67	69.03
Drivers: 3
id	x	y	end	sensitivity
330	61.85	20.73	68	1.66
331	190.89	119.62	73	1.08
332	128.14	194.24	67	1.67
Period: 68
Tasks:8
id	x	y	end	c
660	120.59	123.44	70	31.2
661	64.44	46.81	69	63.98
662	18.27	175.78	68	111.46
663	16.36	147.28	68	96.08
664	54.19	43.96	70	72.38
665	97.7	156.07	68	56.12
666	183.36	151.56	71	98.02
667	98.16	8.05	68	91.97
Drivers: 6
id	x	y	end	sensitivity
333	193.14	160.35	69	1.32
334	97.09	188.58	71	1.97
335	127.3	189.48	74	1.7
336	65.97	47.31	70	0.85
337	125.34	162.06	72	1.22
338	188.1	136.6	70	0.9
Period: 69
Tasks:12
id	x	y	end	c
668	153.26	40.45	69	79.89
669	84.92	29.75	69	71.85
670	11.93	54.93	71	98.93
671	139.05	27	70	82.79
672	194.73	27.22	72	119.46
673	95.22	168	71	68.17
674	150.92	32.56	69	84.5
675	70.79	143.44	69	52.35
676	45.04	109.45	69	55.77
677	64.13	46.22	71	64.64
678	141.05	18.94	72	90.86
679	132.32	139.81	69	51.28
Drivers: 3
id	x	y	end	sensitivity
339	149.9	49.58	70	1.49
340	181.16	143.17	75	0.62
341	85.02	20.6	74	1.44
Period: 70
Tasks:7
id	x	y	end	c
680	113.74	127.51	71	30.75
681	170.81	99.39	73	70.81
682	75.85	71.38	71	37.45
683	185.42	198	70	130
684	121.02	184.58	71	87.15
685	166.33	78.63	70	69.69
686	82.85	42.57	71	59.94
Drivers: 8
id	x	y	end	sensitivity
342	95.52	55.24	70	1.18
343	131.59	50.06	73	1.95
344	180.71	28.93	74	1
345	130.75	135.68	73	0.84
346	155.44	162.7	73	1.81
347	81.28	115.35	74	1.28
348	145.48	139.97	72	1.5
349	78.73	170.2	72	1.78
Period: 71
Tasks:16
id	x	y	end	c
687	185.6	20.02	72	117.15
688	161.3	58.91	71	73.8
689	16.26	62.88	71	91.6
690	148.06	15.13	72	97.53
691	30.33	98.71	73	69.68
692	87.4	194.82	71	95.65
693	86.47	191.41	72	92.41
694	93.23	176.77	72	77.07
695	198.13	90.48	71	98.59
696	190.73	185.38	71	124.59
697	173.03	78.49	72	76.13
698	153.4	15.58	72	99.89
699	63.09	24.66	73	83.9
700	158.83	140.77	71	71.58
701	194.43	54.01	72	105.03
702	169.61	89.36	71	70.42
Drivers: 2
id	x	y	end	sensitivity
350	61.8	76.12	72	1.94
351	163.54	114.19	75	1.49
Period: 72
Tasks:13
id	x	y	end	c
703	199.46	129.07	73	103.62
704	115.84	121.11	72	26.39
705	94.59	46.05	73	54.22
706	14.63	40.74	73	103.92
707	148.03	6.28	72	105.31
708	114.79	156.15	73	58.07
709	17.55	192.05	72	123.58
710	159.49	33.85	72	88.97
711	15.66	157.32	75	101.97
712	195.11	27.23	74	119.76
713	37.3	197.98	72	116.32
714	135.27	109.68	72	36.57
715	43.93	163.36	74	84.61
Drivers: 11
id	x	y	end	sensitivity
352	61.79	122.57	75	0.75
353	132.02	81.33	75	1.28
354	158.16	47.14	77	1.22
355	68.24	0.45	72	1.25
356	179.54	72.3	75	1.07
357	187.8	45.39	74	0.74
358	72.37	31.34	74	1.46
359	36.32	62.15	74	0.82
360	78.83	113.39	78	1.73
361	148.6	66.55	78	1.4
362	187.52	112.06	73	0.55
Period: 73
Tasks:14
id	x	y	end	c
716	128.79	129.12	74	40.95
717	17.95	151.39	75	96.81
718	70	45.23	74	62.45
719	19.88	165.68	75	103.6
720	80.37	191.8	73	93.88
721	0.28	68.36	75	104.62
722	40.85	46.5	75	79.76
723	76.92	115.73	76	27.93
724	110.79	10.55	74	90.1
725	43.19	7.96	74	108.16
726	5.89	32.09	75	116.05
727	59.34	130.63	73	50.91
728	117.54	191.54	75	93.21
729	80.79	119.11	74	27.1
Drivers: 5
id	x	y	end	sensitivity
363	146	69	79	1.49
364	195.55	54.96	77	0.94
365	118.55	164.12	75	1.95
366	45.74	183.98	73	1.72
367	68.28	176.06	73	1.65
Period: 74
Tasks:7
id	x	y	end	c
730	98.33	124.6	76	24.66
731	142.84	83.55	75	45.89
732	110.7	85.44	75	18.07
733	39.78	166.24	76	89.52
734	178.74	154.31	75	95.65
735	17.66	192.37	74	123.74
736	24.69	63.57	75	83.66
Drivers: 7
id	x	y	end	sensitivity
368	54.82	75.1	77	1.96
369	91.81	10.55	78	1.75
370	38.51	97.3	77	0.82
371	179.08	25.71	77	1.22
372	171.67	97.45	76	0.51
373	113.07	178.6	78	1.4
374	166.83	10.53	77	0.95
Period: 75
Tasks:11
id	x	y	end	c
737	139.82	18.33	76	90.86
738	139.48	23.25	75	86.31
739	19.76	162.99	76	102.01
740	168.19	65.22	78	76.55
741	78.21	183.86	78	86.64
742	40.13	134.69	77	69.19
743	40.2	199.6	76	116.17
744	89.36	145.79	75	47.01
745	46.44	94.09	76	53.89
746	128.21	92.21	79	29.27
747	115.53	12.8	76	88.57
Drivers: 1
id	x	y	end	sensitivity
375	51.74	156.5	77	1.38
Period: 76
Tasks:11
id	x	y	end	c
748	132.58	138.76	77	50.63
749	147.8	63.28	77	60.28
750	140.7	121.87	77	46.2
751	63.79	13.82	81	93.48
752	61.51	154.35	78	66.6
753	18.85	42.56	76	99.42
754	116.63	103.64	77	17.02
755	57.06	101.11	78	42.95
756	82.04	108.63	77	19.93
757	104.19	131.46	77	31.74
758	112.77	37.87	77	63.43
Drivers: 3
id	x	y	end	sensitivity
376	82.57	174.97	78	1.49
377	112.66	191.77	79	1.82
378	136.97	26.4	79	1.37
Period: 77
Tasks:3
id	x	y	end	c
759	111.45	62.76	79	38.96
760	19.63	0.29	78	128.07
761	115.79	77.34	78	27.62
Drivers: 2
id	x	y	end	sensitivity
379	164.51	89.2	78	0.64
380	150.42	99.18	83	1.3
Period: 78
Tasks:11
id	x	y	end	c
762	67.26	55.36	79	55.36
763	106.61	190.44	78	90.68
764	46.39	42.89	78	78.33
765	164.22	81.69	80	66.78
766	5.75	54.15	78	104.81
767	155.85	178.84	79	96.62
768	26.09	106.33	79	74.18
769	161.95	53.58	78	77.41
770	150.29	122.52	79	55.1
771	135.61	1.69	78	104.56
772	0.51	162.66	78	117.58
Drivers: 6
id	x	y	end	sensitivity
381	64.51	104.14	79	0.61
382	127.93	33.5	79	0.95
383	12.42	35.35	80	0.56
384	80.84	195.84	84	1.75
385	1.22	21.76	79	0.86
386	169.81	103.67	80	1.65
Period: 79
Tasks:11
id	x	y	end	c
773	37.08	54.72	79	77.52
774	55.99	175.14	80	87.08
775	125.54	152.37	80	58.27
776	144.99	50.55	81	66.85
777	117.98	66.08	81	38.39
778	157.7	137.34	80	68.73
779	189.11	26.11	79	115.76
780	0.66	123.61	79	102.11
781	61.81	11.19	79	96.67
782	121.69	124.82	79	32.96
783	17.58	141.89	79	92.45
Drivers: 3
id	x	y	end	sensitivity
387	115.48	180.18	79	1.01
388	60.41	104.51	81	0.62
389	71.15	120.85	84	1.01
Period: 80
Tasks:14
id	x	y	end	c
784	121.91	117.65	80	28.13
785	75.87	47.06	80	58.18
786	183.95	101.32	80	83.96
787	41.36	20.94	81	98.43
788	22.63	50.45	82	91.88
789	91.46	15.67	82	84.76
790	179.77	98.02	80	79.79
791	41.15	130.6	80	66.33
792	43.82	86.16	83	57.86
793	72.71	170.75	80	75.83
794	72.47	177.36	82	82.11
795	91.03	198.98	81	99.39
796	133.09	4.71	81	100.87
797	62.29	90.56	81	38.87
Drivers: 5
id	x	y	end	sensitivity
390	16.4	43.13	85	2
391	122.85	164.95	83	0.91
392	4.57	175.76	80	1.96
393	177.87	168.76	85	1.34
394	159.58	181.93	82	1.49
Period: 81
Tasks:13
id	x	y	end	c
798	166.31	153.33	82	85.09
799	6.3	99.88	82	93.7
800	49.48	150.81	83	71.65
801	80.65	151.05	82	54.59
802	17.98	63.66	82	89.71
803	174.16	140.04	82	84.28
804	145.63	181.99	83	93.83
805	154.64	42.23	84	79.52
806	8.15	8.8	84	129.44
807	26.44	80.16	84	76.19
808	151.45	166.67	82	84.21
809	0.58	41.43	82	115.39
810	157.84	65.98	82	67.1
Drivers: 7
id	x	y	end	sensitivity
395	70.63	72.33	85	1.86
396	20.37	196.22	86	1.1
397	65.53	159.64	82	1.8
398	198.53	192.27	85	0.7
399	172.37	74.78	86	1.34
400	136.37	57.96	84	0.61
401	144.75	195.47	86	0.71
Period: 82
Tasks:10
id	x	y	end	c
811	58.78	31.19	84	80.21
812	22.32	144.04	84	89.3
813	109.26	154.39	83	55.17
814	148.75	106.53	82	49.19
815	20.11	82.63	86	81.76
816	7.41	179.56	82	122.08
817	127.75	50.15	83	57.05
818	52.94	189.94	86	101.51
819	73.56	8.34	84	95.4
820	76.08	170.3	83	74.26
Drivers: 2
id	x	y	end	sensitivity
402	88.13	112.92	84	1.95
403	10.46	112.19	86	0.97
Period: 83
Tasks:9
id	x	y	end	c
821	62.71	61.39	83	53.68
822	5.01	154.74	85	109.63
823	165.74	109.91	84	66.48
824	183.83	55.6	84	94.86
825	121.78	144	83	49.1
826	169.1	98.61	86	69.11
827	39.01	65.67	85	69.99
828	47.9	124.92	84	57.75
829	172.76	20.32	83	107.9
Drivers: 2
id	x	y	end	sensitivity
404	178.65	136.33	85	1.14
405	148.01	49.06	86	1.4
Period: 84
Tasks:11
id	x	y	end	c
830	163.73	53.33	84	78.99
831	111.82	13.78	84	87.03
832	125.46	47.97	87	57.93
833	168.76	28.49	85	99.2
834	5.63	13.65	85	127.91
835	40.18	28.51	86	93.22
836	54.74	109.49	84	46.24
837	85.88	165.01	84	66.53
838	21.6	29.92	84	105.16
839	156.54	59.58	84	69.5
840	105.77	40.39	84	59.89
Drivers: 10
id	x	y	end	sensitivity
406	83.24	124.92	86	1.89
407	129.86	104.7	86	0.72
408	72.41	8.3	87	1.25
409	80.4	197.54	86	0.93
410	173.18	0.88	86	1.06
411	60.56	199.83	86	0.71
412	159.21	188.66	86	1.03
413	59.43	131.54	89	0.97
414	22.34	84.57	87	1.08
415	194.73	189.6	88	1.82
Period: 85
Tasks:9
id	x	y	end	c
841	154.46	111.4	85	55.64
842	30.12	39.37	86	92.52
843	195.96	70.9	85	100.28
844	150.29	87.48	85	51.83
845	146.26	160.49	85	76.15
846	16.96	49.35	86	97.27
847	105.73	196.9	86	97.07
848	127.47	6.78	87	97.18
849	38.71	111.85	85	62.43
Drivers: 3
id	x	y	end	sensitivity
416	194.34	117.4	89	0.57
417	142	133.71	87	1.83
418	70.82	60.21	89	1.8
Period: 86
Tasks:11
id	x	y	end	c
850	51.98	113.16	86	49.79
851	107.65	79.11	87	22.25
852	180.15	150.77	89	94.88
853	162.96	74.55	89	67.91
854	111.16	27.99	87	72.87
855	63.23	102.46	86	36.85
856	195.19	119.3	88	97.13
857	187.55	87.89	89	88.38
858	46.53	123.53	86	58.42
859	10.93	154	86	104.16
860	72.76	160.45	86	66.3
Drivers: 3
id	x	y	end	sensitivity
419	138.49	157.12	88	0.63
420	24.36	101.69	90	1.62
421	28.87	131.41	88	1.15
Period: 87
Tasks:13
id	x	y	end	c
861	49.65	142.7	88	66.02
862	192.16	80.12	87	94.28
863	188.63	16.34	88	121.88
864	134.73	195.17	88	101.31
865	168.76	170.29	87	98.33
866	141.56	171.51	88	82.71
867	122	158.58	88	62.57
868	53.4	171.85	88	85.64
869	166.86	168.32	89	95.59
870	197.81	32.36	87	118.92
871	72.39	89.05	90	29.7
872	169.45	50.91	89	85.05
873	81.15	40.05	87	62.84
Drivers: 7
id	x	y	end	sensitivity
422	66.12	118.1	88	0.85
423	198.19	35.27	89	1.61
424	170.73	97.99	92	0.63
425	195.5	9.53	89	1.57
426	104.1	57.38	89	1.67
427	160.62	40.93	91	1.94
428	180.58	26.75	88	1.59
Period: 88
Tasks:10
id	x	y	end	c
874	194.51	170.44	88	117.87
875	39.35	34.37	88	89.36
876	49.03	168.83	88	85.65
877	129.52	39.47	88	67.34
878	105.79	136.58	88	37.04
879	185.27	76.14	91	88.55
880	104.93	147.5	88	47.76
881	43.73	87.72	90	57.59
882	15.03	160.06	90	104.05
883	7.15	24.55	90	119.64
Drivers: 5
id	x	y	end	sensitivity
429	132.74	105.03	88	0.61
430	43.64	134.39	90	0.5
431	141.16	197.15	91	1.14
432	12.68	143.97	92	0.74
433	147.45	69.87	89	1.4
Period: 89
Tasks:13
id	x	y	end	c
884	41.93	180.07	89	98.91
885	77.6	2.44	90	100.1
886	199.41	74.8	91	102.55
887	166.95	81.18	90	69.54
888	122.5	55.82	90	49.58
889	63.84	88.96	90	37.81
890	151.32	79.63	89	55.21
891	71.8	173.18	92	78.43
892	147.18	62.99	90	59.96
893	94.82	182.53	91	82.69
894	170.93	108.1	91	71.39
895	5.57	102.56	89	94.46
896	8.99	142.08	91	100.27
Drivers: 8
id	x	y	end	sensitivity
434	17.8	5.09	89	0.51
435	193.41	20.56	91	1.67
436	105.43	60.9	91	1.21
437	195.05	4.4	92	0.51
438	141.95	182.1	91	0.99
439	151.28	118.77	94	1.87
440	37.71	168.25	94	1.45
441	68.01	196.47	89	0.86
Period: 90
Tasks:11
id	x	y	end	c
897	130.21	108.97	90	31.51
898	163.06	14.34	92	106.37
899	19.01	77.59	91	84.03
900	127.55	27.32	93	77.73
901	191.89	67.27	91	97.54
902	20.46	117.29	90	81.4
903	122.28	11.67	91	91.1
904	22.93	32.37	91	102.54
905	178.38	15.47	90	115.28
906	42.98	11.77	91	105.05
907	146.65	109.76	90	47.66
Drivers: 3
id	x	y	end	sensitivity
442	25.66	168.16	95	1.97
443	97.21	136.19	93	1.13
444	14.55	47.7	93	1.19
Period: 91
Tasks:8
id	x	y	end	c
908	191.59	60.57	92	99.72
909	140.75	76.22	91	47.18
910	108.04	3.09	92	97.24
911	16.5	184.36	91	118.7
912	169.91	172.6	94	100.79
913	114.54	15.39	93	85.85
914	131.84	133.85	91	46.47
915	70.04	102.79	92	30.09
Drivers: 4
id	x	y	end	sensitivity
445	36.84	128.08	93	1.43
446	127.59	148.67	93	0.77
447	64.22	54.85	93	1.8
448	153.69	9.44	91	1.7
Period: 92
Tasks:13
id	x	y	end	c
916	90.19	190.04	94	90.57
917	31.52	137.34	92	78
918	87.11	19.17	93	81.85
919	114.09	98.6	92	14.16
920	187.68	160.4	94	106.47
921	79.46	195.78	93	97.96
922	107.45	0.36	95	99.92
923	187.27	50.31	93	100.42
924	87.22	25.59	93	75.5
925	46.75	53.51	93	70.69
926	163.82	61.01	92	74.79
927	161.48	95.51	93	61.64
928	198.35	172.5	94	122.18
Drivers: 4
id	x	y	end	sensitivity
449	126.25	35.06	92	1.08
450	22.36	129.25	93	0.74
451	137.42	13.91	96	1.01
452	38.06	169.56	97	1.23
Period: 93
Tasks:10
id	x	y	end	c
929	161.39	167.7	93	91.39
930	136.28	104.43	93	36.55
931	35.12	41.02	94	87.68
932	39.63	94.58	96	60.61
933	28.9	161.37	94	93.92
934	175.57	66.62	95	82.61
935	19.9	131.37	93	86.02
936	8.48	55.51	95	101.76
937	106.37	7.9	93	92.32
938	126.39	100.24	93	26.39
Drivers: 8
id	x	y	end	sensitivity
453	162.31	91.14	96	1.74
454	16.34	184.83	97	1.33
455	160.07	13.6	94	1.97
456	151.81	17.74	96	0.93
457	16.17	12.05	96	0.6
458	193.68	110.96	97	0.51
459	54.39	100.16	93	1.76
460	173.4	132.04	95	0.61
Period: 94
Tasks:11
id	x	y	end	c
939	19.22	25.31	95	110.02
940	6.23	47.22	95	107.6
941	180.98	173.85	94	109.6
942	8.99	85.2	94	92.21
943	49.86	48.38	95	71.96
944	28.34	36.65	94	95.65
945	122.63	126.12	97	34.56
946	182.27	90.22	97	82.85
947	12.99	180.87	94	118.79
948	56.36	194.28	96	103.89
949	2.02	85.67	94	99.02
Drivers: 5
id	x	y	end	sensitivity
461	176.86	163.41	96	1.91
462	119.67	170.13	99	1.97
463	16.3	120.84	97	1.95
464	9.14	8.54	95	1.53
465	149.59	49.61	95	0.71
Period: 95
Tasks:9
id	x	y	end	c
950	145.21	176.43	96	88.8
951	123.77	122.28	97	32.58
952	114.33	0.01	96	101.01
953	5.51	56.79	96	103.9
954	44.45	153.07	95	76.83
955	28.61	16.24	97	110.06
956	6.97	52.82	97	104.31
957	84.69	171.53	95	73.15
958	127.34	175.27	95	80.08
Drivers: 2
id	x	y	end	sensitivity
466	13.23	11.05	97	0.7
467	145	179.18	98	0.68
Period: 96
Tasks:10
id	x	y	end	c
959	70.79	136.19	96	46.51
960	2.88	132.96	96	102.56
961	115.18	33.75	97	67.97
962	138.41	101.59	96	38.44
963	138.09	119.59	96	42.83
964	43.87	164.19	98	85.27
965	8.83	98.69	96	91.18
966	108.8	188.76	96	89.2
967	137.99	190.11	97	97.79
968	178.1	166.66	96	102.68
Drivers: 3
id	x	y	end	sensitivity
468	150.58	152.83	100	1.33
469	83.78	199.9	98	1.67
470	104.92	135.01	98	1.26
Period: 97
Tasks:10
id	x	y	end	c
969	106.17	5.24	98	94.96
970	179.25	141.3	97	89.37
971	171.7	71.38	99	77.2
972	54.92	28.69	97	84.36
973	42.8	116.54	98	59.54
974	105.73	57.15	98	43.23
975	15.13	193.54	98	126.3
976	126.77	198.51	99	102.08
977	107.1	15.9	98	84.4
978	104.4	150.54	98	50.73
Drivers: 4
id	x	y	end	sensitivity
471	147.98	127.63	100	0.96
472	86.34	71.09	100	1.1
473	124.25	139.37	101	1.19
474	122.84	43.33	100	0.89
Period: 98
Tasks:4
id	x	y	end	c
979	182.46	172.52	100	109.81
980	150.67	180.89	98	95.45
981	114.16	92.29	99	16.12
982	66.31	141.05	99	53.1
Drivers: 3
id	x	y	end	sensitivity
475	78.37	159.97	102	1.17
476	98.43	170.82	101	1.04
477	150.52	64.13	102	0.57
Period: 99
Tasks:15
id	x	y	end	c
983	52.48	184.45	101	96.9
984	124.34	75.09	99	34.83
985	91.18	71.57	101	29.77
986	116.57	6.07	99	95.38
987	127.17	124.88	101	36.84
988	199.46	111.25	99	100.09
989	145.1	16.15	101	95.21
990	36.28	148.26	102	79.93
991	35.01	29.36	99	95.99
992	35.99	166.16	100	92.06
993	128.12	61.5	100	47.68
994	32.91	152.9	100	85.44
995	194.7	175.82	99	121.31
996	36.77	86.63	100	64.63
997	35.17	183.7	99	105.87
Drivers: 7
id	x	y	end	sensitivity
478	49.36	101.05	100	1.88
479	29.69	12.26	101	1.35
480	170.72	163.41	101	0.74
481	103.33	109.98	100	0.58
482	124.34	57.54	104	0.69
483	62.43	17.62	100	0.87
484	80.98	199.28	101	1.37
Period: 100
Tasks:4
id	x	y	end	c
998	158.67	90.39	100	59.45
999	21.26	29.89	101	105.43
1000	190.94	69.04	102	96.07
1001	44.38	55.67	103	71.12
Drivers: 6
id	x	y	end	sensitivity
485	47.81	81.93	102	1.29
486	188.54	36.33	103	0.59
487	15.22	81.38	102	0.76
488	188.11	127.14	102	1.23
489	123.67	72.92	106	1.09
490	53.97	13.13	103	0.66
