Periods: 100
Task Arrival Rate: 10
Task Average Time: 2
Driver Arrival Rate: 10
Driver Average Time: 1
Period: 1
Tasks:10
id	x	y	end	c
1	29.89	190.77	4	114.69
2	83.36	182.66	3	84.32
3	62.8	0.34	4	106.38
4	139.57	127.87	5	48.4
5	179.16	91.19	5	79.65
6	26.62	152.42	4	90.18
7	165.27	81.08	2	67.96
8	158.86	160.6	3	84.48
9	165.25	99.77	4	65.25
10	29.94	174.1	5	101.98
Drivers: 8
id	x	y	end	sensitivity
1	75.42	48.58	2	1.87
2	68.24	96.66	1	1.23
3	144.01	99.72	3	0.6
4	126.15	56.24	2	1.78
5	15.24	63.84	4	1.28
6	0.34	166.02	4	1.91
7	148.9	134.98	5	0.69
8	15.08	186.86	1	1.59
Period: 2
Tasks:19
id	x	y	end	c
11	126.22	198.3	3	101.74
12	109.23	105.43	6	10.71
13	73.61	53.43	7	53.53
14	73.66	177.52	3	81.87
15	140.17	81.39	7	44.27
16	55.77	24.38	2	87.61
17	179.15	106.18	4	79.39
18	94.11	95.5	4	7.41
19	61.86	80.4	4	42.88
20	57.53	110.53	4	43.76
21	32.55	101.48	4	67.47
22	199.36	95.2	3	99.48
23	12.8	35.17	5	108.66
24	41.93	95.83	5	58.22
25	166.1	9.25	4	112.27
26	39.35	164.07	3	88.22
27	199.61	152.2	7	112.46
28	154.03	170.16	4	88.55
29	180.37	181.94	5	114.78
Drivers: 16
id	x	y	end	sensitivity
9	102.74	91.24	2	1.99
10	15.88	54.89	2	0.77
11	139.81	161.67	3	0.95
12	63.69	183.58	2	1.62
13	92.37	35.81	3	2
14	197.21	141.36	2	0.94
15	168.14	12.97	2	0.91
16	61.85	182.46	3	1.93
17	108.5	125.87	3	1.57
18	141.51	163.06	4	1.24
19	101.49	74.23	3	0.78
20	133.75	81.29	3	1.1
21	99.67	28.78	3	1.43
22	190.55	176.19	4	1.03
23	22.42	90.33	3	1
24	134.07	33.08	5	0.86
Period: 3
Tasks:9
id	x	y	end	c
30	142.72	64.47	4	55.56
31	118.58	50.18	6	53.17
32	93.42	171.55	5	71.85
33	98.92	60.43	4	39.58
34	55.37	115.46	5	47.23
35	143.83	13.22	5	97.22
36	178.29	191.19	6	120.19
37	23.31	151.82	4	92.56
38	23.52	30.76	6	103.17
Drivers: 13
id	x	y	end	sensitivity
25	7.31	175.5	3	0.77
26	145.24	195.16	3	1.15
27	62.91	51.89	3	0.5
28	80.12	164.02	3	0.63
29	31.02	25.24	3	1.96
30	18.9	74.17	3	1.86
31	102.63	93.18	5	0.73
32	86.75	16.75	5	1.88
33	170.68	53.75	3	1.49
34	108.06	59.04	5	1.27
35	176.86	63.18	4	1.67
36	33.27	8.02	3	1.04
37	95.3	24.26	3	1.57
Period: 4
Tasks:7
id	x	y	end	c
39	11.78	61.26	4	96.35
40	117.66	181.9	8	83.78
41	111.77	173.24	5	74.18
42	35.1	42.15	6	86.94
43	126.81	143.43	5	51.04
44	19.47	40.36	4	100.21
45	11.48	37.76	8	108.21
Drivers: 7
id	x	y	end	sensitivity
38	102.66	19.21	6	1.49
39	172.66	27.64	5	0.54
40	37.49	172.28	5	0.65
41	65.46	183.15	6	1.22
42	145.57	89.61	6	0.55
43	94.83	16.56	4	0.77
44	169.77	115.23	4	1.56
Period: 5
Tasks:9
id	x	y	end	c
46	57.1	176.12	8	87.38
47	83.68	33.08	8	68.88
48	30.15	45.65	7	88.5
49	185.98	65.81	8	92.53
50	29.19	179.76	6	106.66
51	73.53	171.25	8	76.01
52	15.72	82.13	8	86.15
53	22.79	50.83	5	91.54
54	145.03	119.91	5	49.24
Drivers: 8
id	x	y	end	sensitivity
45	25.02	155.88	6	0.88
46	109.93	142.26	7	1.51
47	158.37	122.67	5	1.23
48	67.96	76.8	6	1.55
49	34.62	102.13	7	1.05
50	189.85	179.13	5	1.3
51	176.45	100.36	7	1.47
52	143.95	199.4	6	1.29
Period: 6
Tasks:5
id	x	y	end	c
55	81.1	184.39	10	86.48
56	97.29	169.09	9	69.14
57	77.61	31.87	8	71.71
58	94.9	197.85	7	97.98
59	174.02	44.04	10	92.79
Drivers: 11
id	x	y	end	sensitivity
53	168.84	90.4	6	0.82
54	122.49	144.72	8	1.49
55	77.65	64.15	7	0.84
56	63.54	21.76	8	1.79
57	97.6	83.09	6	0.63
58	148.91	76.57	6	1.69
59	186.34	169.81	8	0.75
60	83.42	61.28	7	0.98
61	57.36	197.05	7	1.92
62	31.48	23.37	7	0.93
63	190.36	97.24	6	0.8
Period: 7
Tasks:5
id	x	y	end	c
60	179.88	91.22	9	80.36
61	180.09	77.31	9	83.24
62	7.74	59.62	9	100.71
63	173.24	101.58	11	73.26
64	85.93	38.61	9	62.98
Drivers: 16
id	x	y	end	sensitivity
64	78.44	145.91	10	1.33
65	151.11	38.12	7	1.16
66	179.35	35.15	13	1.91
67	12.73	24.38	8	0.58
68	26.29	31.21	8	1.02
69	145.74	69.56	7	0.63
70	33.22	146.67	9	1.36
71	71.88	152.97	9	1.18
72	10.08	55.16	7	1.01
73	35.08	17.96	9	1.1
74	169.04	7.66	10	1.58
75	113.22	105.06	8	0.67
76	155.14	46.25	10	1.49
77	37.7	28.53	9	1.92
78	124.94	128.63	9	1.43
79	17.07	153.83	8	1.69
Period: 8
Tasks:8
id	x	y	end	c
65	185.56	109.07	11	86.04
66	2.86	75	11	100.31
67	96.52	91.53	12	9.16
68	93.46	6.17	9	94.06
69	191.51	173.38	11	117.3
70	114.99	185.66	13	86.96
71	84.95	162.86	9	64.64
72	146.32	67.92	9	56.34
Drivers: 6
id	x	y	end	sensitivity
80	158.9	179.77	10	1.78
81	148.13	108.53	8	1.71
82	186.25	33.35	8	1.31
83	66.3	2.38	9	1.27
84	177.32	59.2	10	1.07
85	5.68	102.84	8	1.53
Period: 9
Tasks:13
id	x	y	end	c
73	41.28	37.24	12	85.95
74	176.82	10.02	13	118.31
75	126.61	155.54	15	61.59
76	128.06	76.48	9	36.61
77	48.28	21.5	12	94.01
78	141.22	199.52	10	107.72
79	142.23	58.33	11	59.33
80	0.43	108.43	12	99.93
81	139.61	180.17	11	89.42
82	26.18	116.34	10	75.61
83	164.85	15.44	11	106.56
84	187.2	117.9	10	89.02
85	41.1	100.26	13	58.9
Drivers: 12
id	x	y	end	sensitivity
86	36.46	161.41	11	1.36
87	69.39	56.31	9	1.91
88	148.31	19.1	9	1.04
89	52.43	58.54	9	0.88
90	146.85	132.16	9	1.45
91	129.74	120.4	10	1.53
92	144.79	131.56	9	1.8
93	0.53	156.18	10	0.81
94	31.23	5.79	10	1.38
95	128.83	95.45	10	0.79
96	125.65	103.86	10	1.24
97	91.39	31.46	9	0.54
Period: 10
Tasks:12
id	x	y	end	c
86	47.17	29.98	12	87.71
87	122.44	90.05	11	24.55
88	100.05	148.94	13	48.94
89	152.45	41.63	11	78.47
90	169.34	187.22	10	111.42
91	158.38	132.13	12	66.64
92	159.53	127.91	11	65.75
93	77.24	91.31	14	24.36
94	79.83	84.15	12	25.65
95	73.27	176.5	14	81.04
96	148.29	193.78	11	105.48
97	78.56	123.26	10	31.63
Drivers: 10
id	x	y	end	sensitivity
98	131.3	150.96	11	1.61
99	144.08	52.03	10	1.85
100	128.85	171.88	11	0.62
101	22.38	171.26	12	0.85
102	92.24	104.71	10	0.71
103	82.89	124.23	10	0.67
104	29.51	81.53	10	1.19
105	152.88	59.95	10	1.21
106	144.22	24.62	11	1.61
107	14.82	198.14	12	1.61
Period: 11
Tasks:8
id	x	y	end	c
98	65.52	6.7	12	99.47
99	9.11	161.41	11	109.69
100	135.26	141.75	13	54.65
101	101.84	155.16	13	55.19
102	136.86	91.5	11	37.83
103	183.06	85.67	12	84.29
104	193.78	91.7	12	94.15
105	162.61	5.99	14	112.95
Drivers: 13
id	x	y	end	sensitivity
108	110.49	135.88	11	0.57
109	14.93	155.24	11	0.94
110	62.93	75.73	11	0.68
111	149.96	118.35	12	0.96
112	169.57	74.55	12	2
113	100.65	101.69	11	1.59
114	114.04	117	13	0.93
115	93.62	45.73	12	1.49
116	107.6	87.03	13	1.12
117	9.18	126.16	11	1.81
118	181.92	61.29	14	0.74
119	104.26	179.64	12	0.83
120	64.5	150.94	12	1.86
Period: 12
Tasks:8
id	x	y	end	c
106	168.13	74.23	13	72.84
107	181.87	141.28	13	91.69
108	118.45	122.71	14	29.26
109	95.16	81.13	13	19.48
110	171.43	151.26	14	87.92
111	73.64	153.78	13	59.89
112	2.86	26.11	14	122.05
113	154.2	77.89	13	58.54
Drivers: 7
id	x	y	end	sensitivity
121	177.42	50.88	12	0.95
122	175.69	85.45	13	1.64
123	152.2	193.34	16	1.38
124	97.28	31.26	12	1.79
125	153.71	61.8	13	1.07
126	120.64	160.26	14	1.51
127	166.69	63.31	14	0.79
Period: 13
Tasks:6
id	x	y	end	c
114	106.91	39.53	14	60.86
115	39.19	186.29	16	105.56
116	122.37	114.7	13	26.77
117	65.17	89.4	15	36.41
118	154.17	185.44	15	101.17
119	178.51	196.2	17	124.17
Drivers: 10
id	x	y	end	sensitivity
128	66.36	164.48	15	0.6
129	34.78	196.1	13	1.51
130	46.97	38.38	13	1.58
131	23.8	76.94	14	1.2
132	52.64	44.97	14	1.94
133	89.86	119.86	13	0.74
134	23.56	118.47	16	1.59
135	198.14	89.39	13	1.19
136	45.34	56.81	14	1.5
137	153.86	107.27	15	1.93
Period: 14
Tasks:10
id	x	y	end	c
120	86.73	102.38	15	13.48
121	143.49	162.49	16	76.13
122	23.46	20.54	14	110.33
123	54.47	150.74	16	68.17
124	82.01	40.94	19	61.74
125	105.18	79.85	16	20.81
126	44.73	128.49	18	62.18
127	54.98	160.37	16	75.31
128	75.99	26.7	15	77.13
129	170.62	174.08	20	102.35
Drivers: 17
id	x	y	end	sensitivity
138	82.58	61.62	18	0.58
139	118.64	50	16	1.76
140	161.83	62.76	15	1.05
141	184.54	118.94	18	1.76
142	126.47	108.79	15	0.53
143	99.3	51.27	15	0.97
144	75.93	4.86	15	0.67
145	2.53	147.99	15	1.6
146	163.45	35.47	14	1.33
147	180.75	97.69	14	1.94
148	50.95	87.61	14	1.43
149	173.67	77.97	15	1.92
150	16.77	19.34	16	1.32
151	129.34	189.59	16	1.35
152	68.32	72.46	16	1.64
153	175.86	198.46	15	0.93
154	15.87	55.91	16	1.46
Period: 15
Tasks:12
id	x	y	end	c
130	148.95	63.4	18	61.12
131	196.77	155	19	111.31
132	85.46	184.48	18	85.72
133	164.81	174.44	18	98.7
134	97.49	183.86	19	83.9
135	105.72	8.76	18	91.42
136	52.32	152.97	18	71.27
137	73.42	98.95	18	26.6
138	147.84	81.3	15	51.36
139	71.83	27.99	18	77.32
140	30.58	8.17	17	115.12
141	53.77	102.67	16	46.31
Drivers: 9
id	x	y	end	sensitivity
155	199.41	39.2	15	1.91
156	11.45	83.06	16	1.9
157	134.62	143.27	15	1.31
158	143.17	85.94	16	0.79
159	167.12	90.3	17	1.94
160	81.5	185.97	15	1.79
161	152.07	137.59	16	1.08
162	96.69	43.98	17	1.33
163	52.14	174.85	16	1.36
Period: 16
Tasks:7
id	x	y	end	c
142	37.5	14.83	20	105.64
143	138.6	67.81	18	50.26
144	10.51	118.48	18	91.38
145	164.94	65.26	19	73.65
146	190.13	39.8	19	108.39
147	18.67	198.84	20	128
148	51.93	167.11	16	82.55
Drivers: 10
id	x	y	end	sensitivity
164	55.63	173.59	16	1.03
165	29.8	12.84	16	1.5
166	49.32	58.63	16	0.68
167	35.55	171.42	17	1.46
168	79.55	47.06	18	1
169	119.13	24.82	16	1.66
170	186.45	45.04	17	1.99
171	159.01	108.57	17	0.91
172	175.65	179.02	16	1.8
173	41.44	117.72	17	1.48
Period: 17
Tasks:12
id	x	y	end	c
149	52.09	49.19	19	69.84
150	121.1	131.75	24	38.12
151	115.66	2.81	21	98.44
152	181.18	78.34	19	84.02
153	8.71	11.48	18	127.16
154	0.47	119.04	18	101.33
155	198.42	102.47	18	98.45
156	10.46	118.95	19	91.52
157	68.34	173.62	17	80.14
158	32.87	74.49	17	71.81
159	162.74	155.23	20	83.59
160	199.99	183.84	21	130.49
Drivers: 3
id	x	y	end	sensitivity
174	118.94	140.17	18	1.03
175	144.56	169.53	18	1
176	14.28	92.68	17	1.72
Period: 18
Tasks:12
id	x	y	end	c
161	156.98	21.44	19	97.05
162	43.2	55.27	19	72.3
163	149.83	66.7	21	59.93
164	101.44	137.42	22	37.45
165	124.95	45.22	21	60.19
166	143.41	27.23	18	84.73
167	113.04	99.21	20	13.06
168	24.79	131.26	21	81.45
169	43	100.46	19	57
170	195.77	188	18	130.06
171	12.69	145.02	22	98.23
172	186.06	171.33	20	111.78
Drivers: 5
id	x	y	end	sensitivity
177	11.19	58.71	19	1.07
178	65.71	128.08	19	0.79
179	164.27	119.7	19	1.66
180	26.25	197.39	18	0.51
181	166.23	71.22	18	0.66
Period: 19
Tasks:12
id	x	y	end	c
173	32.98	89.53	19	67.83
174	5.66	76.55	21	97.21
175	80.38	189.29	22	91.42
176	39.8	46.24	20	80.71
177	190.91	102.46	21	90.94
178	80.02	89.33	21	22.65
179	103.28	155.17	20	55.27
180	9.87	174.7	21	117.06
181	62.45	29.46	20	79.91
182	169.58	145.63	20	83.21
183	41.78	49.43	20	77.12
184	6.12	117.55	21	95.51
Drivers: 12
id	x	y	end	sensitivity
182	45.82	190.69	19	1.91
183	59.2	108.56	22	0.76
184	69.99	11.58	19	1.27
185	57.3	145.03	19	0.99
186	112.51	94.03	20	1.26
187	118.64	51.04	20	1.31
188	119.24	123.21	21	1.89
189	13.18	172.82	19	0.99
190	7.01	30.49	21	0.61
191	196.5	184.25	22	1.06
192	51.61	44.47	20	1.76
193	94.23	197.81	21	1.23
Period: 20
Tasks:7
id	x	y	end	c
185	8.86	102.37	21	91.17
186	128.74	60.97	20	48.47
187	1.16	68.02	22	103.88
188	73.56	187.44	23	91.35
189	191.76	65.3	22	98.1
190	60.33	168.16	23	78.86
191	41.02	54.88	22	74.26
Drivers: 12
id	x	y	end	sensitivity
194	108.67	66.85	20	0.73
195	65.06	64.3	20	1.76
196	123.92	117.63	24	1.09
197	183.5	13.66	20	1.29
198	136.13	97.78	20	1.83
199	148.2	22.43	21	1.92
200	28.24	163.67	21	0.72
201	40.86	49.09	20	1.02
202	115.47	56.81	22	0.91
203	36.09	93.66	22	1.11
204	66.39	32.78	22	1.45
205	64.41	112.81	20	1.36
Period: 21
Tasks:10
id	x	y	end	c
192	52.24	183.96	25	96.59
193	141	130.66	23	51.2
194	140.17	135.32	23	53.49
195	127.74	100.17	24	27.74
196	13.81	56.09	23	96.73
197	169.23	126.33	21	74.07
198	16	104.31	23	84.11
199	80.92	21.87	23	80.43
200	193.98	124.65	22	97.16
201	56.69	131.53	24	53.57
Drivers: 12
id	x	y	end	sensitivity
206	140.9	59.5	22	1.27
207	120.34	113.22	21	1.22
208	114.36	142.1	23	1.16
209	55.25	9.24	25	0.5
210	16.18	11.96	23	0.99
211	74.26	192.09	22	1.14
212	111.56	86.24	22	1.34
213	25.84	149.05	24	1.5
214	7.95	71.59	21	1.3
215	196.14	117.83	22	1.64
216	36.23	59.01	24	1.83
217	62.53	157.61	22	1.93
Period: 22
Tasks:12
id	x	y	end	c
202	155.4	87.91	24	56.7
203	181.96	69.39	23	87.49
204	14.91	86.99	22	86.08
205	33.94	72.72	24	71.47
206	109.32	116.47	23	18.92
207	41.32	144.72	23	73.78
208	103.42	102.59	24	4.29
209	107.55	163.66	23	64.11
210	172.42	25.1	24	104.19
211	61.25	192.13	23	99.95
212	117.96	159.59	24	62.24
213	56.1	117.11	22	47.12
Drivers: 9
id	x	y	end	sensitivity
218	127.81	199.33	23	1.45
219	162.52	52.1	24	1.36
220	46.94	140.96	23	1.02
221	28.72	113.46	24	1.9
222	126.49	63.1	24	0.58
223	109.66	161.95	22	1.24
224	159.42	154.25	22	1.51
225	62.44	140.12	25	1.07
226	167.59	58.49	22	1.85
Period: 23
Tasks:15
id	x	y	end	c
214	52.69	145.61	26	65.72
215	174.07	108.82	26	74.59
216	107	166.32	26	66.69
217	176.71	161.87	24	98.55
218	189.26	162.54	24	108.99
219	29.29	69.73	24	76.92
220	72.8	37.88	25	67.81
221	66.08	32.04	28	75.95
222	115.44	144.24	24	46.86
223	138.18	145.39	25	59.31
224	5.47	101.4	23	94.54
225	194.43	128.01	24	98.5
226	53.25	67.36	24	57.02
227	145.37	74.49	25	52.05
228	54.67	71.77	23	53.4
Drivers: 9
id	x	y	end	sensitivity
227	147.41	53.05	24	0.83
228	76.89	181.74	24	1.91
229	39.39	143.84	23	1.54
230	188.55	123.69	27	1.82
231	97.66	194.3	26	0.82
232	190.49	18.36	26	0.81
233	94.21	21.87	23	1.75
234	98.28	54.91	25	0.51
235	97.02	130.24	25	1.57
Period: 24
Tasks:17
id	x	y	end	c
229	26.6	8.49	26	117.31
230	161.49	3.82	25	114.16
231	14.21	132.18	28	91.63
232	129.98	193.49	26	98.18
233	176.71	159.53	26	97.1
234	26.55	99.91	25	73.45
235	76.88	108.53	25	24.64
236	178.99	26.64	25	107.8
237	15.32	173.69	30	112.25
238	121.81	156.38	25	60.45
239	15.98	63.22	24	91.72
240	152.47	38.83	25	80.59
241	119.94	186.73	27	88.99
242	195.86	152.93	25	109.5
243	74.66	63.08	26	44.78
244	89.81	74.06	27	27.87
245	117.52	28.77	25	73.35
Drivers: 7
id	x	y	end	sensitivity
236	61.74	26.44	25	1.22
237	41.14	101.59	24	1.86
238	162.59	197.43	24	0.58
239	5.77	79.35	25	0.73
240	18.72	155.12	25	1.06
241	76.77	183.78	25	1.18
242	175.12	57.32	25	1.29
Period: 25
Tasks:10
id	x	y	end	c
246	78.12	18.36	29	84.52
247	127.01	39.5	26	66.26
248	139.35	125.53	26	46.91
249	94.29	164.66	28	64.91
250	145.93	151.62	29	69.1
251	73.02	95.48	26	27.36
252	71.28	95.39	27	29.09
253	111.59	21.07	30	79.78
254	33.13	111.87	26	67.92
255	124.85	195.16	27	98.35
Drivers: 15
id	x	y	end	sensitivity
243	13.96	193.36	25	1.41
244	185.42	159.39	27	1.1
245	153.94	165.83	25	1.5
246	78.73	118.67	25	1.13
247	151.65	6.11	26	0.91
248	93.08	34.62	26	1.4
249	197.34	192.86	26	0.86
250	141.89	57.33	26	0.75
251	199.59	161.73	25	1.22
252	47.4	141.62	26	1.73
253	19.76	94.74	26	1.45
254	144.3	48.45	26	1.13
255	127.22	99.6	28	1.94
256	147.47	64.38	26	1.81
257	160.57	184.45	27	1.88
Period: 26
Tasks:6
id	x	y	end	c
256	149.37	104.01	31	49.53
257	51.01	80.83	27	52.61
258	49.33	95.75	28	50.85
259	194.16	11.69	27	129.09
260	128.29	62.51	28	46.97
261	108.58	87.34	26	15.29
Drivers: 5
id	x	y	end	sensitivity
258	174.05	142.51	27	1.54
259	32.03	127.13	27	1.5
260	174.03	185.74	28	1.08
261	54.53	1.15	28	1.01
262	0.8	19.08	27	0.72
Period: 27
Tasks:7
id	x	y	end	c
262	143.97	63.26	28	57.3
263	177.05	168.9	31	103.36
264	93.32	29.75	31	70.57
265	89.35	140.86	28	42.23
266	116.02	190.26	27	91.67
267	76.65	100.61	28	23.36
268	135.38	49.2	28	61.91
Drivers: 8
id	x	y	end	sensitivity
263	91.68	36.75	28	1.77
264	68.36	123.85	27	1.05
265	164.38	74.92	29	1.04
266	93.88	129.12	29	1.18
267	170.64	77.92	27	0.81
268	113.03	65.5	28	0.75
269	9.95	155.65	27	1
270	140.63	7.7	27	0.58
Period: 28
Tasks:9
id	x	y	end	c
269	20.39	115.06	31	81.02
270	198.18	171.34	29	121.36
271	56.62	18.38	30	92.43
272	177.12	76.22	33	80.7
273	35.14	74.56	30	69.67
274	43.67	29.78	30	90.02
275	177.94	98.03	30	77.96
276	4.15	130.13	28	100.47
277	121.83	123.73	30	32.24
Drivers: 9
id	x	y	end	sensitivity
271	196.93	6.53	28	0.5
272	162.42	88.3	28	0.69
273	154.94	56.83	29	1.57
274	129.13	158.42	28	1.82
275	136.48	168.47	29	1.37
276	186.07	74.97	30	1.35
277	124.46	22.19	30	0.64
278	27.66	12.52	28	1.54
279	147.7	16.15	28	0.72
Period: 29
Tasks:4
id	x	y	end	c
278	5.3	75.09	31	97.92
279	50.32	129.82	31	57.94
280	132.86	189.2	30	95.06
281	35.77	31.67	33	93.78
Drivers: 13
id	x	y	end	sensitivity
280	121.89	67.49	29	0.98
281	21.92	142.47	30	1.82
282	112.75	70.86	29	0.76
283	26.24	172.46	30	0.77
284	17.74	57.43	30	0.97
285	184.34	166.61	31	0.65
286	199.65	15.46	31	0.72
287	127.97	156.45	29	0.75
288	116.55	91.12	31	1.23
289	143.58	17.66	29	1.41
290	93.18	30.84	30	0.95
291	77.83	89.89	32	0.9
292	5.04	50.38	30	1.16
Period: 30
Tasks:6
id	x	y	end	c
282	107.58	108.42	32	11.33
283	82.13	30.1	31	72.15
284	122.93	129.9	31	37.68
285	113.77	56.09	33	46.02
286	57.29	57.05	31	60.57
287	40.47	160.82	30	85.11
Drivers: 13
id	x	y	end	sensitivity
293	53.39	80.71	30	1.45
294	5.02	37.6	30	1.95
295	139.1	192.45	32	1.64
296	38.83	83.37	32	0.75
297	150.81	63.99	31	1.69
298	58.44	53.75	30	1.73
299	140.91	136.96	32	1.73
300	38	28.52	31	0.99
301	82.85	37.41	31	2
302	96.02	64.87	31	1.68
303	65.24	62.36	32	1.14
304	38.43	162.9	31	1.83
305	142.31	194.76	32	1.42
Period: 31
Tasks:10
id	x	y	end	c
288	65.51	178.67	33	85.9
289	47.72	88.93	33	53.44
290	138.54	72.22	32	47.51
291	194.41	91.57	35	94.79
292	145.3	18.5	32	93.24
293	185.36	66.23	34	91.8
294	177.7	70.79	32	83.01
295	169.3	4.33	36	118.13
296	142.5	37.09	35	75.92
297	18.12	63.49	32	89.65
Drivers: 13
id	x	y	end	sensitivity
306	99.38	13.25	31	1.7
307	135.63	16.04	31	0.56
308	111.58	9.64	31	1.1
309	41.15	117.7	31	1.1
310	18.02	112.93	31	1.67
311	19.98	181.78	33	1.27
312	131.04	109.1	31	1.28
313	190.99	19.16	33	0.98
314	96.85	143.29	32	1.78
315	177.25	153.63	31	0.75
316	114.98	147.33	31	1.43
317	35.48	93.84	32	1.83
318	119.31	101.56	32	1.92
Period: 32
Tasks:16
id	x	y	end	c
298	173.48	143.75	34	85.52
299	85.41	114.85	32	20.82
300	179.82	110.6	35	80.52
301	121.75	190.62	33	93.19
302	34.61	9.94	35	111.3
303	29.48	42.87	33	90.76
304	102.71	76.56	36	23.6
305	44.67	26.29	33	92.17
306	189.38	154.74	33	104.81
307	189.45	81.23	37	91.4
308	168.13	163.8	34	93.34
309	93.04	6.45	33	93.81
310	0.56	165.15	33	118.88
311	6.87	17.14	32	124.66
312	44.86	36.51	35	84.09
313	178.76	67.51	34	85.2
Drivers: 13
id	x	y	end	sensitivity
319	154.88	31.84	35	1.2
320	43.26	13.89	33	1.31
321	54.23	26.09	35	1.68
322	175.73	157.06	34	1.38
323	183.28	10.41	34	1.32
324	173.51	11.76	32	1.78
325	157.49	144.97	32	1.42
326	192.82	37.52	32	0.66
327	126.52	174.42	33	1.59
328	21.1	199.52	33	1.12
329	51.14	89.47	32	1.99
330	177.82	9.95	34	0.82
331	25.01	149.5	33	0.97
Period: 33
Tasks:7
id	x	y	end	c
314	78.17	63.39	34	42.62
315	143.49	57.39	36	60.89
316	90.01	67.81	33	33.7
317	48.33	133.05	36	61.34
318	26.98	7.59	34	117.78
319	35.67	194.31	34	114.16
320	162.66	137.71	36	73.13
Drivers: 6
id	x	y	end	sensitivity
332	131.34	183.31	33	1.99
333	143.83	120.15	34	1.71
334	24.71	138.63	34	1.79
335	122.49	11	37	1.64
336	186.55	36.14	34	0.93
337	76.19	118.36	34	1.34
Period: 34
Tasks:12
id	x	y	end	c
321	11.46	34.91	34	109.89
322	140.66	89.47	37	42
323	72.32	88.98	36	29.79
324	155.02	108.08	35	55.61
325	44.7	50.84	37	73.99
326	170.33	33.57	34	96.74
327	72.5	123.58	35	36.23
328	141.1	193.39	35	102.03
329	150.08	51.43	35	69.76
330	105.27	80.16	37	20.53
331	11.44	189.52	35	125.92
332	105.26	47.8	40	52.46
Drivers: 8
id	x	y	end	sensitivity
338	193.52	33.01	34	1.92
339	171.52	6.58	36	1.02
340	67.51	135.99	36	1.92
341	86.26	129.71	36	1.55
342	80.57	133.17	35	1.28
343	171.44	109.38	34	1.88
344	197.89	159.99	36	1.2
345	63.17	151.81	35	1.46
Period: 35
Tasks:5
id	x	y	end	c
333	103.58	3.35	35	96.72
334	111.99	169.73	36	70.75
335	192.73	194.84	36	132.64
336	39.24	143.23	35	74.57
337	192.43	121.16	36	94.82
Drivers: 15
id	x	y	end	sensitivity
346	95.12	113.26	36	1.23
347	185.56	20.09	37	0.97
348	28.44	57.34	38	1.53
349	91.66	6.96	36	1.29
350	198.45	165.44	36	0.81
351	22.51	144.03	37	1.15
352	19.76	147.31	35	0.63
353	107.17	160.83	37	0.99
354	113.64	106.21	36	1.46
355	59.38	5.21	39	1.83
356	93.68	191.87	35	0.57
357	174.56	47.84	38	0.52
358	67.45	161.72	35	1.96
359	84.02	171.7	37	1.36
360	130.91	70.44	38	0.52
Period: 36
Tasks:6
id	x	y	end	c
338	102.38	15.54	38	84.49
339	155.71	149.01	38	74.2
340	143.21	31.16	40	81.28
341	125.46	152.12	37	58.01
342	47.98	31.07	39	86.36
343	73.66	183.92	38	87.96
Drivers: 9
id	x	y	end	sensitivity
361	52.9	83.57	36	1.83
362	15.02	81.1	37	1.78
363	86.7	172.87	37	1.42
364	0.93	197.17	36	1.3
365	111.81	80.78	39	1.38
366	131.23	198.58	37	1.56
367	170.85	135.66	38	1.94
368	198.26	25.93	36	0.85
369	102.87	111.61	36	1.18
Period: 37
Tasks:10
id	x	y	end	c
344	195.2	36.63	38	114.36
345	142.5	56.29	42	60.97
346	131.37	146.36	37	55.98
347	189.37	77.64	38	92.12
348	149.03	117.61	38	52.1
349	127.78	76.45	42	36.42
350	11.07	9.45	38	126.92
351	107.51	119.11	40	20.53
352	46.77	112.83	41	54.75
353	35.27	77.79	40	68.43
Drivers: 14
id	x	y	end	sensitivity
370	137.2	157.82	37	1.06
371	121.04	83.85	37	0.96
372	192.21	191.35	38	1.31
373	115.67	49.38	37	1.61
374	171.78	5.81	37	1.6
375	81.86	16.46	37	1.47
376	40.8	153.29	37	0.76
377	110.31	39.7	37	1.26
378	102.13	123.48	37	0.88
379	11.81	15.07	37	0.95
380	163.11	55.61	37	0.78
381	152.5	68.17	38	1.02
382	174.19	58.05	37	1.38
383	84.15	191.3	37	1.32
Period: 38
Tasks:8
id	x	y	end	c
354	140.08	99.37	39	40.08
355	48.21	67.08	39	61.37
356	117.46	41.47	40	61.08
357	193.83	59.74	42	102.1
358	63.52	28.14	41	80.59
359	102.55	176.11	44	76.15
360	193.03	133.68	43	98.94
361	84.87	62.73	39	40.22
Drivers: 3
id	x	y	end	sensitivity
384	11.92	0.14	39	1.97
385	85.38	22.57	39	1.49
386	69.44	55.83	38	1.2
Period: 39
Tasks:12
id	x	y	end	c
362	48.6	149.12	40	71.1
363	133.06	3.67	40	101.85
364	199.55	187.69	39	132.66
365	150.42	147.21	41	69.07
366	151.46	74.14	40	57.59
367	89.13	157.4	39	58.42
368	81.54	25.52	40	76.73
369	25.86	175.89	41	106.09
370	37.24	145.62	43	77.59
371	41.89	162.57	39	85.39
372	102.08	175.49	39	75.52
373	121.22	156.98	43	60.8
Drivers: 8
id	x	y	end	sensitivity
387	119	51.2	40	1.73
388	56.05	1.94	39	1.51
389	131.98	74.73	40	0.7
390	130.02	132.51	39	1.02
391	13.63	29.61	40	1.79
392	145.87	48.68	40	1.78
393	34.18	9.65	39	1.46
394	136.21	29.37	41	1.28
Period: 40
Tasks:5
id	x	y	end	c
374	149.82	106.01	42	50.18
375	60.08	70.82	43	49.45
376	197.09	142.29	41	105.9
377	195.25	163.42	44	114.43
378	69.67	36.08	40	70.75
Drivers: 10
id	x	y	end	sensitivity
395	90.69	144.72	43	1.38
396	97.34	126.02	41	0.82
397	45.05	105.4	40	1.02
398	188.6	160.19	42	0.54
399	188.66	46.09	42	1.64
400	41.6	134.06	40	1.81
401	53.89	63.14	40	1.3
402	157.44	71.97	43	1.82
403	33.3	160.18	41	1.87
404	17.91	1.02	41	0.67
Period: 41
Tasks:6
id	x	y	end	c
379	49.66	52.18	45	69.43
380	30.67	155.55	42	88.84
381	25.71	180.53	42	109.56
382	12.78	31.48	42	110.92
383	119.27	17.09	42	85.12
384	134.22	72.87	46	43.67
Drivers: 9
id	x	y	end	sensitivity
405	57.65	46.55	43	1.05
406	45.49	11.26	42	1.42
407	99.56	179.5	41	0.63
408	162.28	105.37	41	1.6
409	17.02	154.74	42	1.7
410	22.51	118.65	43	1.19
411	149.95	104.32	43	0.61
412	122.95	42.21	41	1.13
413	161.65	29.63	41	1.56
Period: 42
Tasks:7
id	x	y	end	c
385	70.09	153.83	44	61.58
386	123.56	102.03	48	23.65
387	87.91	119.52	43	22.96
388	161.09	31.98	43	91.43
389	142.44	111.96	45	44.09
390	184.67	118.03	45	86.57
391	127.23	151.29	43	58.07
Drivers: 8
id	x	y	end	sensitivity
414	14.06	87.85	44	1.73
415	31.72	167.79	43	1.78
416	90.16	155.66	42	1.07
417	140.29	66.89	43	2
418	142.01	176.41	42	0.58
419	162.72	111.05	45	0.72
420	80.29	127.99	44	0.95
421	65.09	110.04	43	1.91
Period: 43
Tasks:11
id	x	y	end	c
392	192.14	37.47	46	111.35
393	27.86	149.93	47	87.73
394	68.93	5.78	45	99.21
395	123.54	151.86	46	56.95
396	7.65	30.03	45	115.86
397	107.17	190.54	46	90.82
398	102.43	53.27	44	46.79
399	133.14	127.79	46	43.25
400	70.2	145.64	45	54.51
401	186.43	184.42	43	120.82
402	111.56	38.4	45	62.68
Drivers: 8
id	x	y	end	sensitivity
422	5.28	39.26	44	0.83
423	127.34	67.98	44	0.89
424	185.23	115.42	43	1.35
425	194.21	120.72	44	1.15
426	194.01	33.58	43	1.56
427	159.59	81.84	43	1.35
428	183.67	108.91	43	1.59
429	78.6	73.77	46	0.65
Period: 44
Tasks:10
id	x	y	end	c
403	129	72.79	46	39.77
404	145.04	47.71	47	69.01
405	123.9	175.51	48	79.2
406	180.17	196.56	46	125.5
407	115.57	129.8	45	33.62
408	71.82	196.46	44	100.49
409	122.81	157.88	46	62.21
410	196.78	61.87	46	104.02
411	101.48	178.75	48	78.76
412	0.1	145.91	46	109.94
Drivers: 10
id	x	y	end	sensitivity
430	107.79	99.09	45	1.55
431	50.01	150.69	44	1.33
432	192.69	106.67	44	1.81
433	42.38	62.66	46	1.94
434	52.6	175.93	45	1.58
435	60.9	57.34	45	1.03
436	63.41	11.73	47	0.59
437	143.63	164.18	45	0.57
438	37.6	19.25	44	1.39
439	104	143.51	45	1.28
Period: 45
Tasks:10
id	x	y	end	c
413	75.44	189.76	46	93.06
414	115.28	153.62	45	55.75
415	145.36	86.55	51	47.31
416	122.61	142.38	46	48.03
417	176.25	95.64	48	76.37
418	179.04	24.53	48	109.28
419	155.43	142.87	49	70.07
420	22.17	175.87	45	108.69
421	159.83	96.87	45	59.91
422	69.79	124.22	47	38.72
Drivers: 10
id	x	y	end	sensitivity
440	171.62	128.83	47	1.38
441	26.41	193	46	1.51
442	87.99	104.71	47	1.4
443	0.43	162.09	45	1.64
444	187.18	8.45	46	1.67
445	69.46	103.7	45	0.51
446	26.44	26.86	45	1.23
447	135.33	86.61	45	1.46
448	151.33	144.49	48	1.16
449	0.65	124.08	48	1.9
Period: 46
Tasks:6
id	x	y	end	c
423	81.33	39.98	50	62.86
424	154.21	156.2	48	78.08
425	83.94	117.75	47	23.94
426	81.09	41.42	47	61.56
427	190.21	65.02	46	96.75
428	80.18	100.89	48	19.84
Drivers: 9
id	x	y	end	sensitivity
450	154.55	193.49	49	0.7
451	190.58	196.4	46	1.29
452	198.24	110.9	47	1.7
453	65.86	57.27	46	1.4
454	187.9	27.97	47	1.18
455	14.07	143.4	47	1.54
456	78.99	98.36	47	1.43
457	104.77	57.61	47	1.12
458	151.01	143.88	46	1.31
Period: 47
Tasks:6
id	x	y	end	c
429	127.33	165.93	48	71.37
430	91.1	154.09	49	54.82
431	177.2	96.16	47	77.3
432	195.79	90.01	47	96.31
433	3.2	94.14	48	96.98
434	184.83	137.32	49	92.68
Drivers: 7
id	x	y	end	sensitivity
459	120.67	134.37	48	0.85
460	35.26	50.49	47	1.7
461	33.8	42.69	50	0.58
462	142.9	151.34	47	1.88
463	73.76	90.99	49	0.88
464	165.07	195.7	49	1.66
465	141.46	132.84	48	0.74
Period: 48
Tasks:12
id	x	y	end	c
435	145.34	98	50	45.38
436	143.95	197.16	49	106.64
437	104.22	58.69	50	41.52
438	141.33	112.64	49	43.22
439	80.11	143.42	48	47.76
440	142.32	26.14	50	85.13
441	160.62	83.96	49	62.71
442	3.74	126.53	49	99.85
443	136.79	159.91	52	70.3
444	60.82	132.1	50	50.65
445	98.44	55.89	49	44.14
446	168.95	123.86	49	72.96
Drivers: 6
id	x	y	end	sensitivity
466	129.68	116.65	48	1.69
467	170.95	179.96	48	1.84
468	183.62	59.79	48	1.92
469	11.34	178.22	49	1.23
470	45.6	197.12	48	1.34
471	189.29	159.02	50	0.75
Period: 49
Tasks:18
id	x	y	end	c
447	23.15	45.4	51	94.27
448	2.37	54.73	49	107.62
449	160.39	22.54	49	98.22
450	67.38	147.4	51	57.54
451	195.21	22.38	51	122.84
452	37.73	11.13	49	108.51
453	165.44	47.36	51	83.98
454	6.25	158.11	49	110.3
455	29.04	115	50	72.53
456	121.98	182.08	50	84.97
457	142.61	140.29	51	58.64
458	180.93	77.9	52	83.89
459	20.85	69.93	49	84.67
460	198.82	81.14	49	100.6
461	145.95	81.16	51	49.66
462	14.17	6.26	50	127.1
463	13.34	179.32	50	117.48
464	29.52	116.44	53	72.37
Drivers: 10
id	x	y	end	sensitivity
472	25.91	40.14	50	0.59
473	151.18	123.26	50	1.3
474	108.1	99.63	50	1.56
475	127.02	63.85	50	0.87
476	33.66	118.34	49	0.97
477	108.91	137.41	50	0.73
478	137.32	134.31	50	1.32
479	121.33	146.47	50	1.55
480	68.15	71.49	50	1.34
481	166.79	101.73	49	1.47
Period: 50
Tasks:13
id	x	y	end	c
465	112.32	162.66	52	63.86
466	113.78	66.21	51	36.49
467	165.59	78.11	52	69.15
468	75.67	132.42	53	40.53
469	42.11	185.37	51	103.15
470	100.6	88.07	55	11.95
471	77.92	98.43	50	22.14
472	39.41	61.86	52	71.59
473	4.35	103.67	50	95.72
474	40.62	1.57	53	114.95
475	128.03	1.14	55	102.76
476	163.61	178.18	51	100.79
477	2.17	65.05	52	103.89
Drivers: 7
id	x	y	end	sensitivity
482	149.92	27.83	51	1.93
483	97.38	115.32	51	0.62
484	77.4	152.32	53	1.6
485	12.15	189.74	51	1.58
486	126.32	171.67	51	1.55
487	170.61	182.95	50	1.25
488	29.62	27.6	51	1.43
Period: 51
Tasks:10
id	x	y	end	c
478	11.19	145.06	53	99.59
479	154.94	124.22	54	60.04
480	54.69	16.39	53	95.1
481	27.38	132.27	53	79.47
482	61.06	134.59	56	52.08
483	1.05	70.19	53	103.34
484	21.68	3.18	54	124.53
485	66.35	3.73	55	101.98
486	13.92	156.1	52	102.75
487	108.33	119.95	53	21.62
Drivers: 12
id	x	y	end	sensitivity
489	143.78	176.96	51	0.56
490	42.74	135.51	51	1.69
491	19.17	147	52	1.08
492	28.37	82.95	52	1.72
493	123.33	87.59	51	0.97
494	42.26	43.27	53	1.37
495	65.78	32.44	51	1.16
496	33.62	17.11	53	0.76
497	175.28	28.77	51	0.92
498	168.61	130.8	51	0.83
499	191.19	77.07	54	0.61
500	143.38	111.99	52	1.08
Period: 52
Tasks:18
id	x	y	end	c
488	164.03	197.56	56	116.7
489	182.1	67.26	54	88.39
490	185.08	30.76	56	109.69
491	160.87	146.22	55	76.43
492	137.12	95.03	53	37.45
493	3.54	167.81	56	117.91
494	108.35	187.59	54	87.99
495	101.04	77.36	55	22.66
496	137.36	176.01	53	84.7
497	108.24	125.87	52	27.15
498	154.9	127.89	54	61.58
499	9.39	1.89	52	133.55
500	131.05	51.92	55	57.23
501	111.67	69.1	56	33.03
502	94.92	84.93	52	15.9
503	144.41	15.98	53	95.03
504	106.4	194.08	54	94.3
505	130.15	199.51	52	103.98
Drivers: 19
id	x	y	end	sensitivity
501	86.97	175.45	54	1.67
502	125.95	168.05	54	0.58
503	38.8	67.64	53	0.54
504	145.07	199.45	52	0.54
505	190.24	101.96	53	1.35
506	72.78	5	52	1.16
507	68.28	106.11	53	1.52
508	130.18	41.69	53	0.92
509	196.24	81.29	54	1.76
510	27.52	5.49	52	1.06
511	75.61	185.29	52	1.59
512	126.25	166.79	53	1.62
513	191.4	83.7	53	0.7
514	128.74	60.13	52	1.91
515	86.1	168.09	53	1.98
516	172.03	100.24	52	1.3
517	117.36	110.78	53	1.29
518	15.67	150.1	52	0.83
519	181.74	127.33	53	1.54
Period: 53
Tasks:10
id	x	y	end	c
506	144.76	94.07	54	45.15
507	0.72	125.27	53	102.45
508	29.88	23.07	56	104.09
509	162.22	188.31	55	108.03
510	118.9	144.48	55	48.33
511	154.28	147.55	53	72.16
512	122.53	54.21	53	51.03
513	40.58	117.34	53	61.9
514	119.96	67.83	55	37.86
515	184.32	137.29	58	92.2
Drivers: 6
id	x	y	end	sensitivity
520	154.61	114.07	54	1.77
521	161.08	146.67	53	1.83
522	115.02	24.51	53	1.25
523	54.66	135.32	54	1.72
524	101.29	12.85	53	0.93
525	1.32	128.18	54	1.37
Period: 54
Tasks:10
id	x	y	end	c
516	147.51	8.52	59	103.08
517	85.72	71.91	58	31.51
518	116.11	14.82	55	86.69
519	24	135.61	56	83.93
520	94.45	72.84	56	27.72
521	17.11	137.65	54	91.04
522	96.98	167.6	55	67.67
523	17.93	33.22	56	105.81
524	129.8	154.51	56	62.12
525	108.84	11.03	55	89.41
Drivers: 14
id	x	y	end	sensitivity
526	21.53	198.68	57	0.91
527	22.45	140.58	57	1.86
528	109.15	145.61	54	0.61
529	150.92	135.8	55	1.59
530	113.71	145.43	55	0.91
531	122.05	87.44	54	1.16
532	71.79	155.25	54	0.56
533	128.69	193.08	55	1.72
534	72.84	152.64	57	1.87
535	87.96	198.25	55	1.87
536	152.83	5.14	56	1.62
537	65.17	4.22	55	1.03
538	28.92	170.17	55	1.49
539	134.9	114.86	54	1.16
Period: 55
Tasks:7
id	x	y	end	c
526	10.71	33.21	59	111.51
527	155.44	169.43	56	88.85
528	4.22	81.05	56	97.64
529	56.64	68.15	56	53.8
530	124.54	40.96	59	63.94
531	145.81	119.03	60	49.61
532	182.08	102.17	55	82.11
Drivers: 10
id	x	y	end	sensitivity
540	22.77	93.89	56	0.71
541	39.44	72.86	55	0.83
542	96.47	194.28	55	1.59
543	133.46	115.13	56	1.21
544	167.44	25.88	55	1.39
545	141.84	100.35	55	1.61
546	8.03	136.8	55	0.66
547	16.42	100.16	56	1.29
548	107.65	134.66	55	1.99
549	125.92	153.84	58	1.91
Period: 56
Tasks:8
id	x	y	end	c
533	144.89	137.09	59	58.23
534	49.26	199.79	58	111.95
535	137.26	48.8	57	63.32
536	107.81	20.98	58	79.41
537	60.41	196.56	57	104.36
538	80.89	198.38	60	100.22
539	77.57	60.96	57	45.02
540	134.75	179.3	58	86.58
Drivers: 16
id	x	y	end	sensitivity
550	148.85	25.35	57	1.63
551	195.47	94.84	57	1.55
552	27.86	116	57	1.22
553	78.12	166.98	58	1.33
554	77.33	106.85	57	1.79
555	152.17	87.02	56	1.29
556	20.62	82.89	58	0.58
557	72.88	125.66	58	1.88
558	41.28	192.62	58	1.89
559	8.48	41.76	57	1.13
560	140.35	164.45	58	0.57
561	186.94	104.68	56	1.83
562	179.69	63.62	57	1.92
563	81.33	67.27	57	0.83
564	184.36	182.23	58	1.58
565	75.11	190.17	56	1.39
Period: 57
Tasks:5
id	x	y	end	c
541	21.74	70.13	60	83.77
542	147.82	135	58	59.26
543	41.7	110.05	58	59.16
544	65.86	24.75	58	82.63
545	86.35	100.86	61	13.68
Drivers: 10
id	x	y	end	sensitivity
566	118.22	159.71	57	1.85
567	73.29	95.99	59	1.19
568	140.63	17.29	57	1.57
569	181.41	138.69	57	1.71
570	23.21	163.55	61	1.14
571	15.4	13.23	59	1.23
572	4.1	136.8	58	1.47
573	83.25	21.1	57	1.33
574	55.76	155.54	59	0.84
575	5.12	59.68	57	1.03
Period: 58
Tasks:10
id	x	y	end	c
546	48.79	87.2	60	52.79
547	62.83	11.2	62	96.27
548	105.27	9.3	60	90.85
549	31.99	191.48	62	113.99
550	183.54	164.8	61	105.73
551	91.74	175.17	58	75.62
552	156.92	0.99	60	114.21
553	145.98	53.25	61	65.57
554	85.22	43.03	61	58.86
555	48.21	64.47	61	62.81
Drivers: 11
id	x	y	end	sensitivity
576	16.05	158.37	60	0.81
577	100.17	81.64	60	0.51
578	113.87	47.41	59	1.09
579	130.78	58.66	59	1.48
580	62.74	73.92	60	0.67
581	194.71	146.46	59	1.68
582	181.77	20.41	58	0.94
583	7.29	165.45	58	0.57
584	72.87	129.63	60	1.99
585	95.77	70.79	59	1.2
586	196.04	76	58	1.72
Period: 59
Tasks:14
id	x	y	end	c
556	29.56	180.67	62	107.1
557	129.02	96.63	60	29.22
558	40.7	107.93	61	59.83
559	181.51	30.38	63	107.2
560	24.67	90.15	59	75.97
561	131.78	149.32	60	58.67
562	78.93	82.44	64	27.43
563	64.36	161.47	62	71.05
564	100.39	78.42	60	21.58
565	51.48	158.35	61	75.89
566	66.43	37.61	59	70.85
567	2.58	42.69	61	113.03
568	161.13	193.24	60	111.49
569	159.66	63.54	60	69.92
Drivers: 13
id	x	y	end	sensitivity
587	192.7	0.35	59	1.86
588	52.84	138.26	61	1.25
589	40.06	120.76	61	1.5
590	76.1	112.3	60	1.49
591	21.05	45.87	60	1.97
592	80.4	165.57	59	1.97
593	58.39	11.49	60	1.56
594	21.27	151.34	59	1.22
595	84.13	34.02	60	0.82
596	182.01	40.93	59	1.72
597	119.82	3.94	60	1.24
598	33.05	0.82	61	1.36
599	166.29	63.04	61	1.2
Period: 60
Tasks:12
id	x	y	end	c
570	27.6	168.36	64	99.57
571	101.76	70.17	61	29.88
572	194.95	116.36	63	96.35
573	61.29	78.22	61	44.42
574	146.35	139.49	64	60.89
575	160.71	142.06	61	73.86
576	124.47	44.26	62	60.87
577	19.71	92.62	62	80.63
578	169.95	51.61	60	85.06
579	14.71	98.62	64	85.3
580	106.22	120.45	63	21.38
581	165.54	116.58	61	67.6
Drivers: 3
id	x	y	end	sensitivity
600	95.75	70.76	62	1.87
601	4.89	36.65	61	1.23
602	6.62	92.23	61	1.74
Period: 61
Tasks:8
id	x	y	end	c
582	92.56	4.83	68	95.46
583	85.93	167.7	65	69.15
584	180.67	84.05	62	82.23
585	197.74	12.25	61	131.35
586	137.85	148.73	61	61.7
587	76.65	72.22	63	36.29
588	76.5	22.31	62	81.17
589	135.79	184.24	63	91.53
Drivers: 7
id	x	y	end	sensitivity
603	41.25	132.31	61	1.93
604	69.68	177.62	63	1.8
605	161.89	78.63	63	1.67
606	78.97	162.06	62	1.78
607	44.33	133.04	61	1.96
608	162.65	85.26	62	1.44
609	163.04	105.21	61	1.43
Period: 62
Tasks:13
id	x	y	end	c
590	119.37	44.13	64	59.13
591	37.39	148.99	63	79.5
592	49.96	86.01	64	51.96
593	43.79	114.17	63	57.97
594	10.3	199.93	64	134.28
595	66.45	144.36	63	55.62
596	90.67	9.67	65	90.81
597	65.02	9.49	65	97.03
598	6.34	36.54	62	113.13
599	195.79	133.23	63	101.39
600	151.3	87.16	64	52.88
601	69.86	168.95	63	75.25
602	140.22	95.33	64	40.49
Drivers: 10
id	x	y	end	sensitivity
610	171.91	164.33	63	1.73
611	131.66	63.5	62	1.98
612	115.07	195.5	63	1.75
613	124.99	120.38	62	1.39
614	62.76	30.58	64	0.84
615	29.44	150.88	62	1.48
616	98.33	150.74	63	1.56
617	59.43	115.52	65	1.45
618	13.8	7.43	62	1.51
619	63.07	109.64	64	1.9
Period: 63
Tasks:15
id	x	y	end	c
603	133.39	92.61	63	34.2
604	31.13	76.86	66	72.65
605	97.78	63.35	67	36.72
606	167.32	0.34	68	120.27
607	20.83	39.1	63	99.88
608	110.48	119.94	68	22.53
609	8.15	99.91	66	91.85
610	7.8	44.38	65	107.68
611	20.89	92	66	79.51
612	121.99	77.39	63	31.54
613	81.43	62.74	65	41.63
614	85.71	4.82	65	96.25
615	94.37	183.67	64	83.86
616	134.21	154.03	65	63.95
617	174.58	159.11	65	95.16
Drivers: 9
id	x	y	end	sensitivity
620	39.86	68.65	64	1.87
621	157.79	50.02	64	1.47
622	182.17	74.92	65	1.98
623	10.65	150.7	63	1.41
624	144.59	97.84	64	1.42
625	181.22	154.14	65	1.39
626	199.56	133.97	65	0.52
627	64.89	198.71	63	0.88
628	116.78	9.26	64	0.73
Period: 64
Tasks:10
id	x	y	end	c
618	16.66	32.15	67	107.47
619	101.9	92.74	64	7.5
620	115.83	45.91	66	56.36
621	79.05	103.92	67	21.31
622	33.77	142.27	69	78.57
623	195.51	177.15	67	122.78
624	16.69	141.28	67	92.98
625	134.05	71.48	64	44.42
626	93.33	42.83	66	57.56
627	152.78	2.5	67	110.87
Drivers: 15
id	x	y	end	sensitivity
629	187.74	148.1	64	1.37
630	190.06	185.5	68	1.78
631	181.52	82.07	64	1.34
632	102.03	140.65	68	0.59
633	72.53	6.59	64	0.51
634	126.94	154.87	64	1.05
635	177.21	114.89	68	0.58
636	174.6	35	64	1.61
637	16.25	52.17	66	0.83
638	189.75	131.49	65	1.94
639	141.26	82.8	65	1.52
640	59.92	50.41	66	1
641	107.38	66.74	65	1.3
642	23.04	150.42	64	1.98
643	187.97	188.9	67	1.28
Period: 65
Tasks:7
id	x	y	end	c
628	128.52	158.78	66	65.33
629	92.63	147.09	66	47.66
630	33.86	172.4	69	98.06
631	157.91	57.68	66	71.73
632	34.05	3.85	66	116.59
633	18.65	197.57	69	127.03
634	3.93	42.89	66	111.76
Drivers: 12
id	x	y	end	sensitivity
644	159.25	59.52	65	1.7
645	151.39	187.8	65	1.57
646	84.94	64.73	67	0.56
647	45.45	171.4	66	0.86
648	99.36	94.48	66	0.56
649	148.46	163.25	67	1.95
650	70.17	160.07	65	0.66
651	25.11	81.05	67	1.46
652	129.3	46.76	65	1.43
653	156.67	174.11	67	1.13
654	182.15	167.19	67	0.93
655	13.58	62.38	66	1.89
Period: 66
Tasks:11
id	x	y	end	c
635	95.45	41.42	67	58.76
636	27.77	58.56	68	83.27
637	1.75	68.64	68	103.13
638	156.68	6.5	68	109.34
639	132.26	189.03	74	94.69
640	110.88	87.57	68	16.52
641	78.56	108.02	68	22.89
642	16.85	37.01	67	104.32
643	77.23	140.07	68	46.09
644	33.88	167.22	68	94.29
645	191.61	72.36	67	95.69
Drivers: 12
id	x	y	end	sensitivity
656	180.88	183.81	67	1.73
657	160.03	108.69	67	1.39
658	139.55	170.76	70	1.25
659	165.13	21.16	67	0.93
660	8.48	65.9	68	1.88
661	193.66	72.82	66	0.75
662	66.15	106.61	66	0.73
663	125.5	80.34	67	1.15
664	80.1	68.29	68	1.68
665	197.16	87.84	68	1.22
666	56.44	18.45	66	0.76
667	75.97	26.3	66	1.55
Period: 67
Tasks:8
id	x	y	end	c
646	157.32	192.53	69	108.85
647	81.01	24.24	68	78.1
648	19.78	7.08	70	122.76
649	64.81	90.99	68	36.33
650	43.58	151	68	76.05
651	123.23	59.66	67	46.55
652	26.7	26.94	70	103.49
653	72.43	23.97	69	80.87
Drivers: 12
id	x	y	end	sensitivity
668	109.19	54.44	70	1.97
669	170.09	80.41	68	1.89
670	56.15	149.89	68	1.96
671	115.93	197.99	67	0.96
672	63.65	53.35	67	0.7
673	167.95	86.87	68	1.84
674	171.28	168.45	69	1.62
675	89.87	169.88	67	1.56
676	93.89	125.68	68	1.79
677	163.2	45.8	67	1.99
678	49.32	172.21	68	1.03
679	161.06	154.7	68	0.68
Period: 68
Tasks:7
id	x	y	end	c
654	22.82	188.73	71	117.6
655	15.67	178.65	69	115.31
656	112.97	87.82	69	17.79
657	107.25	175.13	69	75.48
658	87.97	114.02	68	18.47
659	129.78	147.97	72	56.46
660	199.07	46.95	71	112.38
Drivers: 12
id	x	y	end	sensitivity
680	57.39	188.44	68	1.95
681	100.8	195.09	68	1.89
682	27.46	22.81	69	1.59
683	108.29	87.42	68	1.39
684	103.37	42.21	68	1.8
685	86.4	18.66	72	0.62
686	17.24	9.36	69	0.61
687	7.27	86.53	69	0.88
688	182.7	8.86	70	1.14
689	0.07	135.48	69	1.27
690	41.22	40.5	69	0.55
691	179.87	53.74	68	0.77
Period: 69
Tasks:11
id	x	y	end	c
661	55.99	37.14	74	76.73
662	42.63	39.88	70	83.1
663	89.4	110.2	70	14.71
664	86.14	174.8	71	76.07
665	102.57	169.69	71	69.74
666	123.71	47.37	70	57.72
667	21.87	99.59	71	78.13
668	111.2	192.69	73	93.36
669	29.4	16.49	72	109.35
670	185.79	181.13	71	118.08
671	72.49	52.67	71	54.74
Drivers: 7
id	x	y	end	sensitivity
692	137.88	107.04	69	1.47
693	81.35	182.15	69	0.54
694	91.56	166.92	69	1.92
695	142.96	12.86	69	1.95
696	134.24	92.83	70	1.45
697	76.41	167.98	71	1.76
698	56.29	147.98	69	0.82
Period: 70
Tasks:11
id	x	y	end	c
672	65.53	119.92	71	39.81
673	45.34	192.77	72	107.68
674	4.92	127.96	70	99.11
675	149.16	123.87	70	54.65
676	23.72	91.29	71	76.78
677	143.51	152.14	71	67.91
678	119.59	192.91	74	94.95
679	41.96	118.73	72	60.99
680	103.09	94.48	71	6.33
681	62.53	132.07	71	49.32
682	10.12	161.59	75	108.96
Drivers: 10
id	x	y	end	sensitivity
699	122.25	170.51	71	1.34
700	192.74	194.98	72	1.81
701	185.23	123.45	70	1.22
702	57.24	141.79	70	1.64
703	175.79	57.17	71	0.95
704	37.4	2.23	71	1.09
705	18.49	91.79	70	1.11
706	197.81	90.5	70	0.8
707	81.86	15.19	70	0.96
708	74.15	78.41	70	1.48
Period: 71
Tasks:14
id	x	y	end	c
683	98.21	194.72	73	94.74
684	45.09	47.74	74	75.8
685	127.02	187.1	73	91.19
686	146.92	193.35	73	104.48
687	129.15	103.14	76	29.32
688	95.49	7.71	71	92.4
689	60.07	196.43	72	104.37
690	58.47	195.9	73	104.51
691	87.91	6.54	74	94.24
692	129.26	106.74	72	30.03
693	104.54	83.9	74	16.73
694	158.67	33.91	71	88.37
695	33.43	70.9	72	72.65
696	139.74	75.98	73	46.44
Drivers: 11
id	x	y	end	sensitivity
709	41.07	65.2	71	1.01
710	7.02	41.42	73	0.81
711	77.4	92.94	72	0.89
712	100.05	190.86	72	1.04
713	118.47	7.89	71	0.79
714	113.05	40.43	73	1.69
715	45.08	140.07	71	0.86
716	154.42	2.33	71	0.51
717	105.73	5.86	71	1.14
718	76.91	110.44	72	1.17
719	94.71	115.73	71	1.81
Period: 72
Tasks:10
id	x	y	end	c
697	100.31	87.29	74	12.71
698	28.14	170.2	72	100.46
699	185.92	100.98	73	85.93
700	74.72	43.76	76	61.66
701	149.96	157.29	73	76.01
702	87.02	149.5	73	51.17
703	123.08	80.96	75	29.92
704	46.73	192.2	74	106.48
705	162.92	1.9	76	116.54
706	135.26	136.56	73	50.79
Drivers: 8
id	x	y	end	sensitivity
720	91.61	138.87	73	0.99
721	130.11	6.05	74	1.63
722	167.86	131.55	72	1.84
723	9.07	77.17	72	1
724	138.32	88.17	73	1.11
725	179.67	158.87	73	0.92
726	68.96	154.63	74	1.28
727	161.69	126.23	72	0.85
Period: 73
Tasks:10
id	x	y	end	c
707	178.4	112.92	74	79.46
708	156.03	180.56	75	98.13
709	59.72	160.94	75	73.05
710	130.66	186.74	76	92
711	155.04	113.82	76	56.75
712	37.79	56.63	75	75.84
713	60.74	85.98	74	41.69
714	179.57	130.24	74	85.12
715	140.21	4.39	77	103.72
716	98.17	91.23	74	8.96
Drivers: 12
id	x	y	end	sensitivity
728	64.93	14.66	74	1.67
729	75.16	105.43	76	1.01
730	171.88	58.06	73	0.57
731	127.55	45.8	74	1.2
732	39.92	87.26	73	0.73
733	38.94	141.4	74	1.37
734	43.84	152.01	76	1.47
735	161.9	109.64	75	0.6
736	185.24	41.09	73	1.55
737	133.01	42.27	74	1.53
738	98.88	109.06	73	0.74
739	8.55	141.3	73	1.89
Period: 74
Tasks:7
id	x	y	end	c
717	169.24	84.19	78	71.02
718	160.05	41.92	76	83.54
719	121.71	42.89	76	61.1
720	83.34	123.1	77	28.48
721	56.58	128.55	77	51.97
722	145.49	4.06	76	106.18
723	76.24	85.23	77	27.98
Drivers: 8
id	x	y	end	sensitivity
740	54.05	94.05	75	0.54
741	61.64	180.85	74	1.4
742	44.01	177.77	76	1.21
743	45.48	20.71	74	1.41
744	126.94	188.57	74	0.97
745	124.78	30.26	74	1.94
746	11.48	43.13	74	1.26
747	65.79	108.5	74	1.05
Period: 75
Tasks:10
id	x	y	end	c
724	141.49	54.67	77	61.45
725	119.47	79.44	76	28.32
726	164.54	72.85	84	70.02
727	33.43	31.95	77	95.2
728	174.45	121.01	77	77.36
729	27.07	149.14	77	87.94
730	193.93	35.87	79	113.73
731	176.04	53.56	78	89.1
732	81.74	183.59	76	85.56
733	96.4	195.48	76	95.55
Drivers: 6
id	x	y	end	sensitivity
748	158.51	182.28	77	1.97
749	19.27	148.54	77	0.92
750	22.98	13.69	77	1.5
751	78.51	3.57	76	0.51
752	182.46	90.66	77	1.94
753	102.05	119.77	76	1.55
Period: 76
Tasks:9
id	x	y	end	c
734	92.16	48.01	80	52.58
735	33.32	37.65	78	91.29
736	25.04	123.27	80	78.49
737	18.11	53.98	76	93.94
738	81.78	191.35	79	93.15
739	95.02	197.17	78	97.3
740	149.27	106.66	80	49.72
741	156.49	2.08	77	113.05
742	159.73	99.43	79	59.73
Drivers: 19
id	x	y	end	sensitivity
754	2.32	110.41	78	1.79
755	168.23	193.19	78	0.52
756	5.35	118.2	77	1.37
757	81.05	87.27	77	1.48
758	70.78	87	79	0.67
759	52.14	4.18	77	1.19
760	164.64	164.98	76	0.65
761	125.38	96.11	76	1.43
762	47.16	1.26	76	1.72
763	152.33	56.58	77	1.02
764	94.24	22.82	76	1.07
765	84.38	102.44	77	1.35
766	157.97	11.22	76	0.78
767	38.39	154.89	78	1.04
768	68.5	137.98	78	0.6
769	142.06	79.88	78	0.76
770	8.02	147.98	78	1.47
771	186.85	87.56	78	1.26
772	49.08	93.92	77	0.67
Period: 77
Tasks:11
id	x	y	end	c
743	97.94	90.7	78	9.53
744	173.43	182.9	79	110.74
745	177.11	147.34	79	90.48
746	189.16	26.34	81	115.65
747	88.33	195.11	78	95.82
748	6.1	42.41	78	110.15
749	114.81	20.68	81	80.69
750	95.51	81.26	81	19.27
751	23.8	121.76	78	79.25
752	159.51	186.34	79	104.86
753	20.32	0.2	80	127.71
Drivers: 9
id	x	y	end	sensitivity
773	152.91	142.42	77	1.42
774	119.96	161.63	78	1.58
775	188.49	139.21	78	1.89
776	126.44	102.56	79	1.63
777	86.98	101.24	79	1.11
778	84.03	147.04	77	1.5
779	93.86	54.62	78	1.44
780	162.17	28.39	78	1.59
781	55.23	189.37	77	0.89
Period: 78
Tasks:7
id	x	y	end	c
754	151.92	155.77	83	76.2
755	190.42	154.43	83	105.54
756	35.12	114.28	81	66.43
757	69.45	196.08	81	100.82
758	4.38	35.14	80	115.54
759	140.19	117.9	79	44
760	194.9	29.68	79	118.11
Drivers: 17
id	x	y	end	sensitivity
782	26	182.36	80	0.58
783	104.67	64.22	79	1.8
784	103.14	96.16	82	1.53
785	71.81	150.31	79	1.05
786	46.35	29.22	81	1.91
787	52.93	15.3	78	0.87
788	130.51	180.14	80	1.24
789	94.18	83.89	78	1.79
790	164.31	195	79	1.56
791	181.22	25.81	80	1.06
792	161.68	32.94	78	1.27
793	148.74	191.19	80	1.99
794	140.44	61.49	78	1.3
795	180.89	62.79	79	0.87
796	107.19	128.94	78	1.15
797	127.32	54.37	78	1.08
798	168.01	18.81	79	1.52
Period: 79
Tasks:13
id	x	y	end	c
761	175.06	79.65	83	77.77
762	1.28	197.21	79	138.55
763	17.44	110.19	80	83.19
764	128.43	69.32	82	41.83
765	93.24	139.39	81	39.97
766	142.02	169.92	85	81.58
767	46.5	75.18	82	58.98
768	134.99	109.76	82	36.33
769	100.41	167.96	83	67.96
770	76.68	114.78	79	27.61
771	45.7	120.18	79	57.93
772	123.14	73.97	79	34.83
773	53.86	14.42	80	97.23
Drivers: 10
id	x	y	end	sensitivity
799	131.98	54.72	81	0.58
800	168.08	94.59	79	1.28
801	127.82	52.71	80	0.58
802	87.3	104.69	80	1.39
803	46.51	74.08	80	1.79
804	139.23	180.98	80	0.56
805	7.51	99.17	83	0.63
806	110.06	96.59	79	0.71
807	4.71	24.34	79	1.36
808	4.46	96.7	79	1.29
Period: 80
Tasks:9
id	x	y	end	c
774	59.82	31.91	81	79.06
775	77.98	88.49	81	24.85
776	107.77	179.64	80	80.02
777	71.91	121.99	82	35.67
778	31.03	181.37	82	106.67
779	20.56	184.22	82	115.77
780	181.59	70.19	83	86.87
781	103.01	55.52	82	44.58
782	108.63	163.83	84	64.41
Drivers: 9
id	x	y	end	sensitivity
809	57.64	160.98	82	0.65
810	52.53	93.07	80	1.65
811	85.31	85.51	80	0.8
812	9.5	196.75	80	1.05
813	176.1	47.54	81	1.69
814	126.05	32.84	81	1.22
815	141.55	111.3	80	0.96
816	147.89	65.92	80	1.7
817	152.64	4.92	83	1.35
Period: 81
Tasks:10
id	x	y	end	c
783	19.91	18.65	83	114.16
784	163.97	6.44	83	113.34
785	41.47	60.88	82	70.4
786	48.71	6.03	84	107.06
787	26.61	25.96	83	104.25
788	161.28	60.21	83	73.06
789	8.3	32.31	84	113.98
790	29.6	82.54	83	72.53
791	182.49	138.79	84	91.16
792	176.62	159.73	84	97.15
Drivers: 11
id	x	y	end	sensitivity
818	99.77	181.81	82	1.31
819	147.62	107.2	82	1.68
820	112.67	63.98	84	0.6
821	78.62	126.86	83	1.76
822	51.26	10.57	83	1.24
823	93.08	117.12	84	1.49
824	125.3	21.12	82	1.13
825	81.16	20.77	81	1.23
826	110.62	31.43	82	0.64
827	54.23	131.91	81	0.69
828	196.94	76.72	83	0.61
Period: 82
Tasks:9
id	x	y	end	c
793	8.15	108.82	82	92.27
794	19.19	45.98	86	97.2
795	191.53	148.89	83	103.77
796	18.95	104.83	85	81.19
797	113.83	46.71	83	55.06
798	196.27	196.05	82	135.99
799	23.77	9.81	84	118.09
800	1.7	92.22	86	98.61
801	144.72	198.76	85	108.41
Drivers: 9
id	x	y	end	sensitivity
829	150.51	107	83	0.97
830	100.53	20.59	82	1.35
831	149.91	81.33	82	1.59
832	122.02	24.84	83	0.8
833	180.89	68.34	84	0.56
834	2.25	6.62	83	1.85
835	34.61	8.46	84	1.6
836	194.64	163.55	82	0.98
837	175.44	132.59	82	1.57
Period: 83
Tasks:6
id	x	y	end	c
802	189.09	88.2	85	89.87
803	108.95	64.85	84	36.27
804	6.49	180.8	83	123.58
805	102.75	190.21	86	90.25
806	176.89	32.09	84	102.59
807	48.62	160.01	84	79
Drivers: 7
id	x	y	end	sensitivity
838	13.24	21.84	85	0.57
839	24.63	121.85	83	1.61
840	147.03	53.75	83	0.53
841	105.19	39.75	83	1.24
842	172.91	103.71	83	0.89
843	169.38	180.24	84	0.53
844	177.4	147.59	84	1.71
Period: 84
Tasks:14
id	x	y	end	c
808	150.11	139.12	87	63.57
809	22.21	190.5	86	119.34
810	87.85	175.48	87	76.45
811	63.49	87	85	38.76
812	37.77	195.44	85	113.94
813	82.7	160.67	84	63.09
814	171.45	62.57	85	80.66
815	18.88	115.41	84	82.57
816	185.76	43.27	88	102.83
817	118.27	174.76	88	76.96
818	79.08	62.5	87	42.94
819	172.78	104.24	84	72.9
820	158.41	6.24	86	110.47
821	112.79	161.8	89	63.11
Drivers: 16
id	x	y	end	sensitivity
845	198.54	116.55	85	1.57
846	161.02	113.23	84	0.77
847	79.14	195.67	86	0.75
848	153.8	190.61	84	1.94
849	135.97	141.82	86	1.18
850	185.51	19.49	84	1.03
851	117.46	121.69	85	1
852	16.8	114.54	85	0.91
853	111.35	129.45	85	1.43
854	164.57	154.18	84	0.93
855	4.84	105.25	86	1.82
856	147.75	115.57	85	1.55
857	42.34	191.99	85	1.23
858	190.11	34.56	85	1.6
859	171.12	34.95	85	0.68
860	77.17	78.33	88	1.86
Period: 85
Tasks:10
id	x	y	end	c
822	67.03	190.66	89	96.47
823	105.35	82.11	87	18.67
824	82.69	147.71	86	50.75
825	157.37	70.47	87	64.52
826	132.8	1.32	85	103.99
827	154.34	107.94	88	54.92
828	48.99	156.41	86	76.05
829	94.53	192.49	88	92.65
830	69.38	1.83	88	102.83
831	40.51	69.82	85	66.71
Drivers: 11
id	x	y	end	sensitivity
861	75.82	147.62	86	1.47
862	67.19	30.55	88	1.4
863	122.43	185.36	86	1.79
864	62.65	14.9	85	0.51
865	192.03	0.09	85	0.77
866	22.68	69.77	86	1.68
867	151.48	103.1	85	0.65
868	63.35	38.99	87	1.08
869	80.97	69.46	86	1.51
870	102.7	167.36	87	1.69
871	80.77	117.95	87	0.57
Period: 86
Tasks:9
id	x	y	end	c
832	28.68	145.03	86	84.35
833	31.18	113.89	90	70.21
834	95.78	113.75	87	14.38
835	180.92	132.29	88	87.12
836	67.18	133.23	88	46.71
837	20.27	162.15	89	101.09
838	2.01	157.84	86	113.79
839	198.86	86.59	88	99.77
840	128.62	174.96	88	80.24
Drivers: 14
id	x	y	end	sensitivity
872	148.11	18.04	88	0.83
873	138.39	153.46	86	0.93
874	38.58	133.41	87	1.3
875	160.33	172.63	86	1.31
876	162.28	150.69	86	1.61
877	78.38	131.99	89	1.44
878	124.52	48.3	86	1.41
879	151.26	115.77	86	0.65
880	196.64	158.93	86	1.5
881	93.19	98.72	87	1.37
882	181.03	96.12	88	1.99
883	146.4	161.59	87	1.6
884	19.91	27.89	86	1.1
885	143.02	66.7	88	1.74
Period: 87
Tasks:6
id	x	y	end	c
841	48.48	149.96	89	71.77
842	103.24	184.47	90	84.53
843	100.86	38.81	89	61.2
844	76.66	172.71	89	76.36
845	115.41	126.65	88	30.78
846	183.09	153.18	89	98.65
Drivers: 7
id	x	y	end	sensitivity
886	121.96	44.31	87	0.97
887	117.09	127.69	90	1.43
888	119.49	45.92	88	0.64
889	148.85	158.52	87	1.07
890	65.64	18.15	90	0.88
891	137.48	126.65	87	1.72
892	136.27	113.43	89	1.65
Period: 88
Tasks:6
id	x	y	end	c
847	125.03	199.34	89	102.44
848	173.08	152.01	89	89.7
849	21.54	76.66	90	81.86
850	88.51	45.28	89	55.91
851	42.83	38.48	89	83.98
852	28.66	43.31	92	91.12
Drivers: 10
id	x	y	end	sensitivity
893	190.41	30.42	88	0.92
894	48.37	109.81	89	0.57
895	176.02	81.71	88	0.96
896	138.79	45.63	88	0.9
897	42.24	27.83	89	0.95
898	127.8	175.71	89	1.7
899	98.47	33.72	88	0.54
900	70.52	21.46	91	1.95
901	185.22	43.38	89	1.63
902	174.23	124.89	92	1.26
Period: 89
Tasks:15
id	x	y	end	c
853	39.91	6.4	90	111.23
854	95.89	72.22	89	28.08
855	159.94	75.12	90	64.9
856	14.8	19.84	92	116.98
857	111.78	82.22	92	21.33
858	150.5	190.66	89	103.78
859	36.31	46.33	91	83.29
860	101.67	9.87	93	90.15
861	32.93	58.07	92	79.1
862	128.45	99.23	90	28.46
863	192.41	0.24	90	135.98
864	17.78	195.47	90	125.99
865	172.05	175.67	89	104.49
866	1.57	48.53	89	111.07
867	122.21	105.39	91	22.85
Drivers: 7
id	x	y	end	sensitivity
903	158.86	6.04	89	1.13
904	130.55	128.86	91	1.35
905	167.19	90.49	89	0.73
906	133.06	198.6	90	0.77
907	138.55	134.3	89	0.97
908	71.1	53.12	89	1.07
909	66.98	72.95	89	1.68
Period: 90
Tasks:14
id	x	y	end	c
868	158.51	143.81	93	73.09
869	0.36	16.63	90	129.92
870	116.41	191.63	93	93.09
871	155.72	195.22	90	110.32
872	11.87	64.59	92	94.98
873	90.9	51.92	92	48.93
874	72.65	136.29	91	45.44
875	197.35	3.69	91	136.94
876	158.64	49.84	93	77.17
877	185.34	43.14	94	102.55
878	183.38	185.63	90	119.52
879	151.87	9.47	95	104.34
880	172.88	44.26	91	91.75
881	91.98	91.4	90	11.76
Drivers: 13
id	x	y	end	sensitivity
910	124.52	192.28	90	1.02
911	84.85	80.7	91	1.92
912	122.49	106.57	91	1.79
913	119.2	24.18	90	0.55
914	149.27	35.24	94	1.44
915	108.53	191.29	91	0.79
916	167.77	195.3	92	0.75
917	144.54	61.2	90	1.65
918	137.64	22.88	92	1.86
919	182.97	36.35	90	0.89
920	17.09	88.82	92	1.22
921	56.28	16.8	91	1.83
922	33.67	183.24	90	0.94
Period: 91
Tasks:9
id	x	y	end	c
882	146.42	30.64	92	83.46
883	3.12	42.82	93	112.5
884	60.34	110.25	92	40.96
885	145.8	175.8	94	88.56
886	120.68	143.55	93	48.21
887	189.94	16.08	92	123.01
888	5.57	144.38	94	104.34
889	109.34	117.61	93	19.93
890	2.23	10.23	95	132.73
Drivers: 8
id	x	y	end	sensitivity
923	103.34	72.8	92	1.08
924	157.94	15.68	93	0.66
925	33.74	117.55	94	1.34
926	84.22	102.37	91	0.8
927	165.73	163.04	92	0.83
928	45.89	109.96	91	0.96
929	94.07	8	95	1.34
930	128.14	165.03	94	1.37
Period: 92
Tasks:10
id	x	y	end	c
891	156.78	86.94	94	58.26
892	0.68	45.97	93	113.07
893	33.42	87.83	95	67.68
894	17.25	91.57	93	83.18
895	89.87	117.68	94	20.38
896	170.38	98.35	93	70.4
897	188.74	14.12	95	123.49
898	140.99	63.52	95	54.87
899	66.47	27.76	92	79.64
900	17.01	147.94	94	95.84
Drivers: 11
id	x	y	end	sensitivity
931	148.86	53.01	93	0.54
932	44.66	69.51	93	1.22
933	147.77	106.44	93	1.75
934	13.43	9.99	92	1
935	129.34	148.55	93	1.84
936	186.75	1.95	93	0.86
937	186.04	77.96	97	0.67
938	143.33	138.72	92	0.7
939	89.71	27.12	92	1.33
940	173.68	131.59	94	0.83
941	69.93	35.68	96	1.86
Period: 93
Tasks:16
id	x	y	end	c
901	158.99	35.95	96	87.08
902	158.16	174.9	94	94.83
903	182.47	72.69	94	86.87
904	119.22	157.83	93	60.94
905	97.72	174.17	94	74.21
906	20.42	8.09	94	121.57
907	43.59	52.18	97	73.95
908	80.51	53.69	95	50.24
909	68.42	0.92	96	103.99
910	96.73	76.64	94	23.59
911	4.25	173.75	96	120.86
912	150.06	125.55	93	56.2
913	100.86	67.79	96	32.22
914	43.26	68.87	94	64.72
915	56.83	71.83	95	51.55
916	187.22	16.42	97	120.8
Drivers: 7
id	x	y	end	sensitivity
942	164.9	139.59	93	0.95
943	27.97	196.84	93	1.96
944	6.07	129.86	94	0.57
945	109.98	4.89	96	1.7
946	63.92	185.23	93	1.88
947	100.85	155.09	95	1.97
948	157.15	148.4	94	1.46
Period: 94
Tasks:8
id	x	y	end	c
917	72.18	93.56	98	28.56
918	54.12	134.59	99	57.46
919	88.53	187.67	96	88.42
920	153.58	175.23	94	92.36
921	166.12	10.87	96	110.98
922	46.16	71.97	98	60.7
923	183.22	23.65	98	112.94
924	141.52	106.11	96	41.97
Drivers: 13
id	x	y	end	sensitivity
949	155.27	55.45	94	0.84
950	60.68	104.47	97	1.99
951	90.24	5.17	96	1.45
952	182.39	163.66	96	0.65
953	190.91	23.38	94	0.55
954	172.72	194.79	95	0.62
955	137.03	116.83	94	1.14
956	125.17	195.58	96	0.88
957	191.27	15.73	94	1.76
958	153.83	142.7	95	0.67
959	174.24	63.55	96	1.42
960	111.2	134.31	94	0.86
961	52.33	112.42	97	1.67
Period: 95
Tasks:3
id	x	y	end	c
925	162.15	2.25	96	115.83
926	57.43	17.93	97	92.45
927	162.98	34.42	97	90.92
Drivers: 12
id	x	y	end	sensitivity
962	49.42	186.11	98	1.83
963	78.21	12.31	97	1.3
964	63.97	34.35	96	0.63
965	56.98	87.39	98	0.67
966	77.46	103.35	97	1.41
967	81.66	27.65	96	1.8
968	105.97	174.26	96	0.76
969	3.82	134.04	96	1.27
970	30.74	122.85	97	1.41
971	9.74	42.48	95	0.77
972	114.23	24.65	95	1.29
973	166.81	169.06	95	1.18
Period: 96
Tasks:11
id	x	y	end	c
928	164.93	78.1	97	68.52
929	162.6	51.32	98	79.3
930	197.59	128.18	100	101.58
931	105.93	122.32	100	23.09
932	188.29	24.27	97	116.32
933	70.36	10.8	97	94
934	144.69	163.16	100	77.37
935	140.74	18.5	97	91.12
936	47.57	46.04	99	75.24
937	149.96	82.13	99	53.06
938	192.75	104.32	98	92.85
Drivers: 7
id	x	y	end	sensitivity
974	20.94	81.65	97	1.31
975	48.01	166.76	96	1.48
976	132.38	5.7	101	1.99
977	59.45	182.47	96	1.56
978	120.14	97.43	98	0.8
979	90.26	90.72	101	1.49
980	111.95	154.27	96	1.2
Period: 97
Tasks:8
id	x	y	end	c
939	172.01	16.79	100	110.04
940	39.81	13.85	98	105.09
941	36.66	112.02	101	64.47
942	138.03	86.48	100	40.36
943	173.19	118.5	99	75.49
944	165.23	35.08	101	92.03
945	107.08	155.42	100	55.87
946	136.08	19.9	98	87.85
Drivers: 14
id	x	y	end	sensitivity
981	197.53	35.03	97	1.67
982	111.57	63.74	99	0.68
983	18.26	90.2	98	1.43
984	106.27	63.65	97	1.49
985	87.54	88.42	97	1.25
986	180.67	8.96	97	1.29
987	8.88	25.56	99	1.29
988	60.46	64.78	98	1.41
989	107.99	72.9	97	1.12
990	149.8	199.58	99	0.56
991	0.37	46.73	97	0.96
992	6.7	174.39	99	1.52
993	2.72	0.48	101	1.65
994	158.88	191.5	98	0.99
Period: 98
Tasks:12
id	x	y	end	c
947	50.01	80.41	99	53.69
948	79.94	178.16	99	80.69
949	162.89	38.63	100	87.87
950	198.01	132.5	101	103.26
951	143.8	42.12	98	72.58
952	78.46	62.92	99	42.88
953	117.3	189.7	100	91.35
954	36.7	136.72	99	73.18
955	151.26	159.07	98	78.21
956	154.13	75.74	100	59.32
957	135.59	51.67	101	60.02
958	96.93	131.99	100	32.14
Drivers: 10
id	x	y	end	sensitivity
995	120.64	77.18	98	1.81
996	179.11	159.04	99	1.81
997	141.91	8.36	98	0.67
998	52.6	14.37	99	1.82
999	88.39	110.77	99	1.79
1000	6.42	101.44	98	0.6
1001	60.41	170.87	98	1.48
1002	44.28	112.8	99	0.81
1003	101.29	70.49	98	0.85
1004	166.38	75.32	98	1.98
Period: 99
Tasks:9
id	x	y	end	c
959	174	85.61	100	75.39
960	128.94	154.12	102	61.37
961	124.32	79.4	103	31.87
962	52.71	128.25	100	55.09
963	164.19	63.68	101	73.75
964	138.3	87.66	102	40.24
965	167.36	73.37	102	72.43
966	23.88	185.83	101	114.72
967	87.31	3.65	102	97.18
Drivers: 18
id	x	y	end	sensitivity
1005	111.25	155.86	100	1.01
1006	106.19	175.17	99	0.86
1007	22.19	171.18	99	1.89
1008	48.39	199.64	99	0.97
1009	48.83	167.19	99	1.73
1010	68.95	36.89	99	1.56
1011	71.79	66.68	101	1.65
1012	151.01	49.67	100	0.91
1013	35.7	29.53	99	0.54
1014	75.81	193.44	100	0.77
1015	44.46	73.24	99	1.03
1016	18.93	75.36	99	0.76
1017	69.83	161.99	101	1.73
1018	32.87	119.58	100	0.5
1019	178.26	159.63	99	1.29
1020	158.55	137.99	99	1.8
1021	143.91	177.61	101	0.9
1022	157.59	78.99	100	0.58
Period: 100
Tasks:7
id	x	y	end	c
968	34.85	46.45	101	84.33
969	94.08	72.38	102	28.25
970	91.03	158.99	100	59.67
971	29.7	32.82	100	97.24
972	31.08	64.29	102	77.62
973	175.67	91.62	106	76.13
974	131.83	72.96	102	41.76
Drivers: 8
id	x	y	end	sensitivity
1023	84.98	29.1	102	1.52
1024	27.86	198.3	103	1.82
1025	179.61	168.88	100	1.3
1026	19.97	170.61	103	0.81
1027	29.02	94.54	100	1.34
1028	139.83	3.75	100	1.68
1029	154.38	115.6	101	1.13
1030	28.74	101.26	100	1.46
