Periods: 100
Task Arrival Rate: 10
Task Average Time: 2
Driver Arrival Rate: 5
Driver Average Time: 3
Period: 1
Tasks:7
id	x	y	end	c
1	117.31	157.76	3	60.3
2	60.48	146.87	3	61.31
3	44.34	173.97	6	92.57
4	127.27	94.68	3	27.78
5	23.79	124.14	3	79.94
6	28.49	44.43	2	90.56
7	85.43	36.83	3	64.83
Drivers: 5
id	x	y	end	sensitivity
1	197.97	101.74	4	1.69
2	91.59	197.06	4	0.67
3	135.6	58.22	6	1.4
4	69.71	52.26	3	1.48
5	75.66	123.24	5	2
Period: 2
Tasks:11
id	x	y	end	c
8	161.83	171.45	2	94.49
9	107.62	167.8	5	68.23
10	157.75	93.35	4	58.13
11	87.78	92.45	2	14.36
12	146.59	135.7	2	58.7
13	145.25	175.79	3	88.27
14	170.75	78.8	3	73.86
15	188.61	1.5	4	132.49
16	107.58	162.04	4	62.5
17	189.37	12.53	6	125.05
18	138.57	11.78	4	96.28
Drivers: 6
id	x	y	end	sensitivity
6	77.79	8.85	4	1.98
7	4.18	139.97	5	1.23
8	177.16	142.59	5	1.21
9	110.4	3.42	4	1.15
10	121.55	0.37	5	1.43
11	90.22	25.99	6	1.32
Period: 3
Tasks:8
id	x	y	end	c
19	152.71	153.41	3	75.04
20	74.89	13.43	4	90.14
21	44.03	82.95	6	58.51
22	103.66	138.59	6	38.76
23	37.31	173.18	3	96.36
24	4.12	140.23	7	103.98
25	126.97	15.24	7	88.95
26	11.94	158.83	7	105.9
Drivers: 4
id	x	y	end	sensitivity
12	102.43	100.26	5	1.05
13	43.01	12.43	6	1.58
14	106.77	16.22	6	1.07
15	168.56	175.61	7	1.45
Period: 4
Tasks:8
id	x	y	end	c
27	81.24	152.53	6	55.78
28	193.22	170.43	6	116.83
29	68.02	168.9	7	75.96
30	140.63	33.28	6	78.12
31	19.36	84.5	6	82.12
32	36.1	149.36	5	80.74
33	61.26	46.77	5	65.83
34	38.56	12.55	7	106.88
Drivers: 1
id	x	y	end	sensitivity
16	73.46	90.29	7	0.94
Period: 5
Tasks:10
id	x	y	end	c
35	23.99	33.97	6	100.69
36	95.79	188.4	7	88.5
37	100.12	25.17	5	74.83
38	105.68	102.05	6	6.04
39	175.24	20.97	5	109.12
40	170.73	158.88	6	92.03
41	29.45	98.86	7	70.56
42	15.35	51.43	7	97.59
43	184.72	66.87	8	90.97
44	98.03	71.82	7	28.25
Drivers: 8
id	x	y	end	sensitivity
17	181.36	88.05	7	1.13
18	31.99	1.96	9	0.79
19	100.88	147.93	6	0.7
20	192.99	110.17	10	0.74
21	182.88	151.66	10	1.48
22	1.01	120.99	11	0.86
23	58.99	112.4	6	1.59
24	33.99	155.77	8	1.7
Period: 6
Tasks:9
id	x	y	end	c
45	73.22	190.59	8	94.47
46	194.49	18.55	6	124.75
47	123.09	115.39	7	27.75
48	111.29	96.84	8	11.72
49	10.14	77.17	11	92.71
50	145.66	54.04	9	64.79
51	178.17	151.94	9	93.85
52	54.13	112.18	6	47.46
53	125.91	117.9	7	31.49
Drivers: 3
id	x	y	end	sensitivity
25	80.37	72.58	10	1.35
26	59.1	80.27	9	1.74
27	155.47	45.65	13	1.81
Period: 7
Tasks:12
id	x	y	end	c
54	190.32	4.17	11	131.69
55	133.36	139.97	9	52.06
56	136.69	93.42	8	37.28
57	26.77	162.11	9	96.02
58	160.3	176.65	9	97.53
59	63.95	94.26	11	36.5
60	197.85	195.96	8	137.05
61	150.81	83.5	8	53.42
62	151.71	85.37	8	53.74
63	123.54	154.75	10	59.6
64	155.87	192.91	8	108.41
65	99.53	111.49	9	11.5
Drivers: 6
id	x	y	end	sensitivity
28	32.04	190.6	11	1.85
29	132.57	121.73	10	1.2
30	124.74	175.8	10	1.2
31	184.02	108.77	10	0.6
32	92.69	77.55	10	1.04
33	153.88	191.61	12	1.6
Period: 8
Tasks:9
id	x	y	end	c
66	148.22	15.45	12	97.33
67	100.39	99.64	11	0.53
68	78.06	82.28	9	28.2
69	2.35	70.78	14	101.93
70	30.71	75.15	9	73.61
71	181.99	154.72	11	98.57
72	29.86	27	11	101.24
73	12.94	154.35	11	102.63
74	41.36	132.23	8	66.91
Drivers: 2
id	x	y	end	sensitivity
34	17.68	22.82	13	0.93
35	20.97	86.92	11	0.88
Period: 9
Tasks:15
id	x	y	end	c
75	97.29	93.9	10	6.67
76	81.46	172.75	10	75.08
77	93.58	94.74	11	8.3
78	0.33	40.97	12	115.84
79	178.32	135.24	11	85.88
80	121.93	103.58	13	22.22
81	12.47	33.21	13	110.1
82	185.96	27.75	10	112.29
83	36.66	154.09	10	83.29
84	92.53	111.42	10	13.65
85	17.97	154.57	12	98.52
86	181.65	141.52	12	91.6
87	98.07	138.11	9	38.16
88	163.37	122.86	11	67.37
89	102.14	79.54	12	20.57
Drivers: 4
id	x	y	end	sensitivity
36	175.42	35.38	11	1.66
37	166.72	141.23	14	1.52
38	181.83	128.76	14	1.25
39	116.55	112.54	12	1.31
Period: 10
Tasks:13
id	x	y	end	c
90	44.6	143.02	10	70.14
91	66.99	116.48	15	36.9
92	71.95	34.5	13	71.25
93	41.23	29.3	13	91.94
94	19.54	25.62	12	109.57
95	144.78	158.43	10	73.62
96	33.36	71.89	13	72.33
97	147.58	32.92	11	82.24
98	180.02	179.9	13	113.08
99	136.82	116.85	13	40.49
100	82.5	158.29	13	60.86
101	106.36	146.6	10	47.03
102	85.43	88.89	14	18.32
Drivers: 8
id	x	y	end	sensitivity
40	32.47	156.31	15	1.34
41	74.85	137.67	12	0.86
42	52.33	69.93	14	1.01
43	50.45	14.72	14	1.78
44	136.18	126.29	14	1.83
45	120.71	55.7	12	0.53
46	151.19	183.92	14	1.66
47	114.52	82.04	12	1.71
Period: 11
Tasks:4
id	x	y	end	c
103	160.46	35.67	12	88.28
104	145.84	53.54	11	65.27
105	147.25	102.25	12	47.3
106	145.97	91.54	16	46.74
Drivers: 4
id	x	y	end	sensitivity
48	79.21	180.61	15	0.94
49	15.78	68.82	14	1.21
50	193.35	112.45	17	1.74
51	17.29	193.67	13	1.79
Period: 12
Tasks:16
id	x	y	end	c
107	119.47	18.05	15	84.23
108	27.27	66.71	13	79.99
109	158.13	48.19	12	77.87
110	131.65	169.77	12	76.61
111	69.5	84.28	14	34.31
112	110.22	3.04	16	97.5
113	147.95	61.93	13	61.23
114	45.72	66.02	13	64.04
115	105.85	191.42	14	91.61
116	69.94	154.1	12	61.89
117	175.95	186.85	12	115.37
118	112.22	128.64	13	31.14
119	167.04	9.57	15	112.57
120	115.61	140.28	12	43.2
121	95.3	122.12	13	22.61
122	138.64	43.65	12	68.33
Drivers: 2
id	x	y	end	sensitivity
52	130.67	52.85	16	0.86
53	57.69	137.51	18	1.26
Period: 13
Tasks:10
id	x	y	end	c
123	89.86	148.39	14	49.44
124	71.88	75.09	15	37.57
125	154.87	136.05	15	65.65
126	83.43	161.97	13	64.15
127	193.27	52.75	14	104.56
128	84.75	62.65	18	40.34
129	71.17	34.59	14	71.48
130	24.53	77.35	16	78.8
131	111.59	146.94	16	48.35
132	159.45	12.99	14	105.38
Drivers: 7
id	x	y	end	sensitivity
54	120.44	121.89	16	1.63
55	115.18	78	16	0.8
56	15.1	137.22	15	1.61
57	29.4	105.69	17	1.06
58	67.31	69.61	14	0.92
59	113.7	52.27	15	0.97
60	174.56	86.18	15	1.25
Period: 14
Tasks:14
id	x	y	end	c
133	90.67	166.98	15	67.63
134	17.48	113.8	17	83.67
135	51.15	106.17	14	49.24
136	189.8	154.54	15	105.06
137	122.05	5.64	16	96.9
138	49.26	117.63	18	53.72
139	66.94	27.26	16	79.9
140	93.06	165.13	15	65.5
141	13.17	33.49	14	109.38
142	124.26	126.76	14	36.12
143	28.55	133.84	17	79.06
144	71.2	16.21	15	88.6
145	32.04	4.2	15	117.46
146	96.8	169.59	17	69.66
Drivers: 8
id	x	y	end	sensitivity
61	102.25	171.1	17	0.69
62	22.39	170.16	18	1.25
63	44.43	7.68	19	1.77
64	78.36	196.44	15	1.93
65	83.03	71.43	18	1.92
66	26.67	61.32	17	1.8
67	182.22	86.32	15	1.45
68	180.59	104.42	15	0.56
Period: 15
Tasks:9
id	x	y	end	c
147	3.53	71.52	19	100.59
148	147.34	122.23	18	52.3
149	47.87	157.69	18	77.75
150	88.32	149.94	18	51.29
151	156.48	150.01	16	75.44
152	39.58	165.91	19	89.41
153	10.63	93.03	16	89.64
154	44.66	43.2	19	79.3
155	127.97	41.79	18	64.58
Drivers: 11
id	x	y	end	sensitivity
69	52.14	48.54	20	1.29
70	73.54	107.57	21	0.9
71	175.51	59.69	20	0.58
72	46	93.6	20	1.28
73	190.52	92.51	18	0.57
74	186.97	175.98	16	2
75	65.23	136.06	19	1.35
76	51.76	144.92	19	0.9
77	194.58	88.09	19	0.52
78	4.86	58.88	19	0.77
79	103.97	141.72	17	1.78
Period: 16
Tasks:8
id	x	y	end	c
156	101.13	55.02	18	44.99
157	96.82	125.7	17	25.9
158	141.84	188.76	16	98.13
159	154.22	191.5	17	106.36
160	85.73	151.59	17	53.53
161	160.78	45.94	18	81.34
162	81.03	116.92	17	25.42
163	184.86	11.47	17	122.63
Drivers: 6
id	x	y	end	sensitivity
80	17.48	197.4	19	1.58
81	153.68	23.03	19	1.52
82	58.84	193.54	20	1.15
83	4.68	82.87	19	1.02
84	157.13	185.39	19	1.72
85	56.71	163.1	21	0.93
Period: 17
Tasks:11
id	x	y	end	c
164	60.75	95.78	19	39.48
165	166.14	121.49	18	69.54
166	73.27	187.85	20	91.83
167	16.24	193.03	19	125.18
168	70.1	60.95	21	49.18
169	103.96	169.56	23	69.67
170	46.38	20.74	20	95.69
171	135.17	184.46	19	91.49
172	182.79	49.16	19	97.15
173	194.18	67.75	21	99.55
174	112.25	150.92	19	52.37
Drivers: 2
id	x	y	end	sensitivity
86	50.69	188.17	19	1.87
87	13.47	37.56	23	1.6
Period: 18
Tasks:13
id	x	y	end	c
175	47.97	161.21	20	80.34
176	135.37	46.59	19	64.06
177	56.53	169.82	22	82.25
178	167.56	178.35	20	103.46
179	7.25	74.24	18	96.26
180	19.85	28.31	20	107.53
181	197.2	102.77	19	97.24
182	15.17	47.43	21	99.8
183	29.52	124.18	19	74.51
184	87.54	117.3	20	21.32
185	173.13	86.09	25	74.44
186	38.71	25.95	18	96.12
187	121.67	133.95	18	40.28
Drivers: 6
id	x	y	end	sensitivity
88	159.13	153.23	19	0.87
89	37.93	152.57	19	0.54
90	5.4	192.07	21	0.58
91	70.87	147.56	19	1.21
92	102.08	117.89	21	1.53
93	118.36	47.68	20	1.14
Period: 19
Tasks:11
id	x	y	end	c
188	29.28	17.12	21	108.95
189	4.52	35.7	19	115.11
190	191.03	106.86	20	91.29
191	176.39	99.44	21	76.39
192	11.68	29.71	20	112.88
193	22.89	139.99	23	86.86
194	65.47	2.25	22	103.67
195	178.74	54.51	19	90.94
196	146.57	136.65	21	59.26
197	57.6	145	21	61.83
198	89.04	86.59	23	17.32
Drivers: 6
id	x	y	end	sensitivity
94	73.28	3.12	24	1.61
95	32.69	94.17	19	1.05
96	94.93	144.53	24	0.87
97	175.27	153.64	19	1.83
98	111.3	156.09	21	0.92
99	58.09	61.51	24	1.77
Period: 20
Tasks:6
id	x	y	end	c
199	82.85	193.38	21	94.94
200	199.08	49.7	24	111.12
201	163.83	187.03	20	107.93
202	74.18	157.73	21	63.24
203	87.22	33.95	22	67.28
204	129.68	16.81	22	88.33
Drivers: 6
id	x	y	end	sensitivity
100	2.92	47.91	21	1.36
101	166.97	162.1	22	1.67
102	14.4	51.08	22	1.46
103	31.5	1.4	26	0.54
104	104.05	11.02	24	1.05
105	36.29	115.69	25	1.84
Period: 21
Tasks:10
id	x	y	end	c
205	155.21	35.21	27	85.12
206	183.25	32.48	23	107.19
207	85.32	87.17	24	19.5
208	166.21	189.6	23	111.41
209	138.35	195.25	22	102.68
210	39.48	129.93	22	67.52
211	196.95	189.76	22	132.12
212	85.68	145.66	22	47.85
213	65.7	179.74	23	86.8
214	35.34	107.33	21	65.07
Drivers: 7
id	x	y	end	sensitivity
106	1.92	70.39	24	1.64
107	76	140.31	22	1.47
108	98.32	22.78	23	0.95
109	61	33.34	24	0.72
110	70.83	69.16	23	1.94
111	169.33	4.96	23	1.78
112	104.66	172.6	27	1.38
Period: 22
Tasks:12
id	x	y	end	c
215	133.67	144.07	24	55.46
216	31.62	154.47	22	87.42
217	80.7	26.39	26	76.1
218	16.84	9.01	23	123.27
219	117.26	180.94	24	82.76
220	74.31	158.65	24	64.03
221	38.35	83.21	24	63.9
222	121.38	94.85	23	21.99
223	104.91	176.96	23	77.12
224	188.36	187.57	25	124.4
225	198.62	184.3	24	129.74
226	74.18	20.23	23	83.84
Drivers: 6
id	x	y	end	sensitivity
113	112.41	132.97	25	1.9
114	101.39	43.53	24	1.14
115	169.48	24.66	26	1.3
116	135.51	153.89	26	1.08
117	123.46	140.47	25	1.79
118	141.52	157.48	23	1.43
Period: 23
Tasks:7
id	x	y	end	c
227	142.81	20.14	25	90.61
228	181.22	148.17	24	94.43
229	68.81	68.85	24	44.08
230	130.78	33.16	24	73.59
231	91.54	59.7	24	41.18
232	80.52	60.31	26	44.21
233	130.35	127.63	25	41.04
Drivers: 8
id	x	y	end	sensitivity
119	8.27	47.06	28	1.23
120	188.83	90.03	26	1.74
121	117.4	40.05	24	1
122	82.95	87.49	25	1.86
123	31.39	144.29	25	1.67
124	83.35	48.1	27	1.28
125	175.12	88.31	25	0.53
126	77.31	187.25	29	1.38
Period: 24
Tasks:7
id	x	y	end	c
234	181.65	73.26	25	85.92
235	84.04	77.03	28	27.97
236	160.82	128.15	25	67.02
237	129.01	160.34	24	66.95
238	9.59	186.27	25	124.97
239	187.55	65.18	25	94.22
240	178.24	22.51	24	110.12
Drivers: 6
id	x	y	end	sensitivity
127	168.87	153.24	24	1.04
128	134.17	94.34	24	0.66
129	100.13	104.84	27	1.76
130	97.09	76.43	27	0.62
131	72.86	148.72	26	0.67
132	171.4	118.64	24	0.54
Period: 25
Tasks:9
id	x	y	end	c
241	188.15	139.69	26	96.67
242	108.62	109.61	35	12.91
243	38.85	155.51	28	82.59
244	132.89	174.94	26	81.84
245	144.74	178.03	26	89.95
246	83.6	163.28	26	65.37
247	105.44	37.1	29	63.13
248	162.17	144.44	28	76.42
249	177.14	11.6	27	117.32
Drivers: 6
id	x	y	end	sensitivity
133	65.04	17.47	31	1.73
134	96.8	49.52	28	1.6
135	57.46	89.08	29	1.64
136	99.98	141.38	27	0.88
137	162.73	85.06	29	1.07
138	7.1	90.45	26	0.93
Period: 26
Tasks:10
id	x	y	end	c
250	190.58	115.04	28	91.82
251	162.16	19.82	26	101.45
252	167.17	100.02	27	67.17
253	122.1	44.03	26	60.18
254	155.31	58.39	27	69.21
255	117.82	39.66	29	62.92
256	2.43	113.43	30	98.49
257	97.2	68.45	29	31.67
258	62.68	162.92	28	73.16
259	179.4	151.72	27	94.76
Drivers: 5
id	x	y	end	sensitivity
139	119.58	44.83	28	0.85
140	112.71	98.63	30	0.53
141	38.02	81.07	29	0.58
142	179.6	4.61	29	1.31
143	5.64	34.94	30	0.72
Period: 27
Tasks:12
id	x	y	end	c
260	163.21	190.33	31	110.25
261	13.33	98.89	28	86.68
262	135.13	91.84	28	36.07
263	140.26	46.76	27	66.75
264	69.82	17.68	31	87.68
265	61.99	166.58	28	76.67
266	196.06	133.38	31	101.69
267	130.12	33.36	28	73.13
268	90.92	124.65	27	26.27
269	189.68	99.29	28	89.68
270	169.84	71.15	28	75.56
271	98.59	147.31	27	47.33
Drivers: 5
id	x	y	end	sensitivity
144	39.48	55.36	28	0.52
145	31.32	100.32	33	1.99
146	143.71	53	32	1.43
147	148.94	50.01	33	0.52
148	163.4	199.93	28	1.2
Period: 28
Tasks:11
id	x	y	end	c
272	143.89	72.26	30	51.92
273	35.61	124.77	29	68.99
274	91.97	115.49	29	17.45
275	186.16	112.44	30	87.05
276	110.26	12.85	29	87.75
277	100.74	159	32	59
278	135.53	109.34	31	36.74
279	89.22	51.76	28	49.43
280	85.2	9.13	30	92.07
281	112.25	125.31	30	28.12
282	86.03	192.15	31	93.2
Drivers: 5
id	x	y	end	sensitivity
149	165.95	44.76	31	1.43
150	151.25	43.63	32	1.33
151	9.57	162.56	29	1.44
152	166.07	20.73	30	1.74
153	176.66	14.34	32	0.9
Period: 29
Tasks:12
id	x	y	end	c
283	138.93	24.56	30	84.89
284	135.77	64.48	29	50.41
285	12.69	73.59	30	91.22
286	93.64	25.45	32	74.82
287	88.38	77.55	36	25.28
288	176.42	103.01	30	76.48
289	166.72	85.26	32	68.33
290	72.13	107.36	29	28.83
291	146.08	35.58	29	79.2
292	119.73	187.36	31	89.56
293	86.91	112.87	30	18.36
294	105.25	14.57	31	85.59
Drivers: 5
id	x	y	end	sensitivity
154	157.7	102.88	35	0.81
155	95.16	46.06	32	1.64
156	157.31	179.9	33	0.58
157	184.56	102.42	35	1.33
158	9.28	19.89	32	1.4
Period: 30
Tasks:13
id	x	y	end	c
295	44.98	79.05	33	58.87
296	122.2	134.37	34	40.92
297	47.96	158.01	32	77.93
298	56.31	132.79	30	54.63
299	172.96	118.66	31	75.31
300	134.47	36.33	35	72.4
301	9.76	48.76	31	103.77
302	156.57	167.16	32	87.81
303	5.71	91.21	32	94.7
304	95.02	194.27	31	94.4
305	60.38	136.62	30	53.95
306	17.64	177.7	32	113.23
307	17.72	40.55	32	101.51
Drivers: 4
id	x	y	end	sensitivity
159	175.24	6.36	34	1.65
160	98.87	96.21	33	1.65
161	114.91	146.5	33	1.32
162	95.56	74.33	36	1.86
Period: 31
Tasks:12
id	x	y	end	c
308	172.96	88.13	32	73.92
309	195.32	134.32	35	101.31
310	81.97	172.73	31	74.93
311	117.15	54.58	33	48.55
312	193.79	2.57	33	135.24
313	85.26	40.56	32	61.24
314	68.57	190.03	31	95.36
315	102.33	14.16	32	85.87
316	42.62	3.4	33	112.36
317	192.69	40.95	33	109.9
318	139.19	170.53	32	80.69
319	45.38	58.33	33	68.7
Drivers: 9
id	x	y	end	sensitivity
163	140.53	101.24	35	1.75
164	109.39	124.19	35	1.44
165	155.18	128.84	34	0.83
166	23.48	65.77	34	0.82
167	68.93	130.26	36	1.58
168	115.96	166.92	35	1.61
169	98.05	70.61	32	1.77
170	147.5	84.82	35	1.03
171	11.94	194.32	35	0.77
Period: 32
Tasks:7
id	x	y	end	c
320	36.51	141.87	38	76.05
321	176.8	172.41	33	105.55
322	172.84	3.43	32	120.96
323	191.32	183.23	34	123.56
324	6.7	172.95	32	118.43
325	110.23	176.39	34	77.07
326	148.1	12.21	33	100.1
Drivers: 3
id	x	y	end	sensitivity
172	13.13	8.26	34	1.24
173	117.82	27.04	36	1.16
174	30.73	89.94	35	1.81
Period: 33
Tasks:11
id	x	y	end	c
327	120.17	157.37	35	60.81
328	53.22	115.39	37	49.25
329	48.95	11.78	36	101.93
330	114.68	10.93	36	90.27
331	158.2	81.3	33	61.13
332	142.58	100.44	36	42.58
333	185.24	173.49	38	112.55
334	192.69	61.27	36	100.46
335	125.56	32.56	34	72.12
336	105.21	58.17	34	42.15
337	51.31	128.16	36	56.25
Drivers: 1
id	x	y	end	sensitivity
175	160.97	69.44	35	1.1
Period: 34
Tasks:13
id	x	y	end	c
338	41.19	188.39	37	106.17
339	90.41	169.27	36	69.93
340	23.77	52.82	38	89.65
341	139.24	64.94	34	52.62
342	120.41	59.59	34	45.27
343	199.14	89.74	34	99.67
344	101.91	154.28	38	54.31
345	56.74	128.19	36	51.63
346	150.98	119.2	37	54.48
347	54.62	34.16	37	79.96
348	154.33	158.4	35	79.76
349	106.05	52.76	37	47.63
350	32.07	148.82	35	83.65
Drivers: 7
id	x	y	end	sensitivity
176	75.87	194.79	35	0.82
177	164.85	156.95	38	1.6
178	5.46	85.61	35	1.34
179	170.63	37.77	35	1.94
180	36.63	139.24	42	1.89
181	112.86	110.69	35	1.85
182	41.5	61.74	36	1.72
Period: 35
Tasks:8
id	x	y	end	c
351	41.26	119.85	38	62
352	88.62	181.94	37	82.73
353	179.2	93.62	39	79.46
354	132.21	182.49	38	88.56
355	75.98	36.71	36	67.69
356	175.06	61.12	36	84.53
357	198.03	168.87	38	119.8
358	97.45	190.72	38	90.76
Drivers: 7
id	x	y	end	sensitivity
183	10.42	96.09	40	0.56
184	63.81	11.32	36	0.6
185	48.11	20.82	38	1.28
186	19.37	16.42	38	1.86
187	24.28	109.43	36	1.87
188	59.88	129.1	41	0.52
189	20.66	92.96	37	1.41
Period: 36
Tasks:14
id	x	y	end	c
359	62.5	132.14	36	49.39
360	176.63	107.62	39	77.01
361	192.04	101.87	39	92.06
362	37.41	6.28	38	112.7
363	78.63	78.08	40	30.61
364	110.26	81.56	40	21.1
365	66.45	164.29	38	72.52
366	166.2	124.46	36	70.57
367	173.55	111.99	38	74.52
368	193.52	4.47	39	133.69
369	90.38	132.81	40	34.19
370	66.77	122.59	41	40.18
371	30.46	29.28	37	99.18
372	110.57	173.33	37	74.09
Drivers: 7
id	x	y	end	sensitivity
190	182.73	122.69	39	1.89
191	199.42	46.43	41	0.84
192	91.64	181.68	41	1.04
193	47.73	93.28	39	0.76
194	143.54	86.32	38	1.84
195	9.48	100.94	38	1.79
196	24.95	102.96	40	0.71
Period: 37
Tasks:10
id	x	y	end	c
373	65.43	58.31	38	54.16
374	50.74	8.76	38	103.69
375	83.68	8.96	40	92.49
376	45.92	113.08	38	55.64
377	150.92	140.59	38	65.12
378	57.43	49.15	39	66.32
379	24.31	66.14	43	82.92
380	115.24	118.73	40	24.15
381	55.17	77.66	39	50.09
382	88.23	19.98	37	80.88
Drivers: 3
id	x	y	end	sensitivity
197	151.66	174.63	41	1
198	120.96	140.43	41	1.53
199	55.83	128.77	38	1.43
Period: 38
Tasks:10
id	x	y	end	c
383	196.31	69.63	38	100.98
384	38.81	164.05	39	88.58
385	2.22	87.05	42	98.63
386	162.66	98.9	41	62.67
387	105.09	143.01	42	43.31
388	116.66	78.08	40	27.53
389	54.47	104.68	42	45.77
390	26.28	67.66	39	80.5
391	44.28	93.2	39	56.13
392	69.69	72.78	41	40.74
Drivers: 7
id	x	y	end	sensitivity
200	162.08	169.25	40	1.3
201	125.64	70.05	43	1.66
202	137.21	32.55	44	0.76
203	145.42	110.63	43	1.1
204	37.94	145.74	41	1.14
205	188.03	132.95	42	0.85
206	42.11	85.24	40	1.27
Period: 39
Tasks:14
id	x	y	end	c
393	181.05	175.1	40	110.49
394	198.28	121.34	40	100.57
395	188.58	190.45	40	126.6
396	158.05	56.46	40	72.56
397	108.16	194.23	44	94.58
398	18.89	157.93	39	99.67
399	132.78	127.7	44	42.92
400	169.79	92.17	43	70.23
401	37.61	30.43	42	93.45
402	116.61	123.04	39	28.4
403	80.38	156.89	42	60.18
404	109.84	122.6	41	24.65
405	101.73	77.98	41	22.09
406	167.48	19.74	40	104.86
Drivers: 6
id	x	y	end	sensitivity
207	35.43	48.28	42	1.55
208	93.49	55.32	44	1.43
209	25.07	182.66	41	1.31
210	70.12	1.86	43	0.84
211	85.78	97.82	43	1.51
212	187.35	149.44	39	1.34
Period: 40
Tasks:9
id	x	y	end	c
407	136.69	199.87	44	106.4
408	98.38	134.46	45	34.5
409	193.9	46.11	40	108.27
410	9.33	1.39	41	133.96
411	114.78	106.49	43	16.14
412	99.95	65.74	43	34.26
413	173.34	6.13	41	119.12
414	14.18	99.38	41	85.82
415	6.03	46.1	41	108.33
Drivers: 3
id	x	y	end	sensitivity
213	66.3	124.57	42	1.98
214	76.38	147.81	42	0.86
215	173.3	162.11	45	0.73
Period: 41
Tasks:8
id	x	y	end	c
416	192.99	90.44	45	93.48
417	185.31	75.91	43	88.65
418	170.31	69.27	43	76.73
419	7.66	92.21	43	92.67
420	124.13	92.85	44	25.17
421	97.72	192.92	46	92.95
422	74.44	98.25	44	25.62
423	32.41	171.84	44	98.64
Drivers: 5
id	x	y	end	sensitivity
216	174.1	48.61	45	1.67
217	111.69	43.51	46	0.55
218	112.93	7.41	45	0.85
219	27.81	67.37	43	1.23
220	141.18	81.46	48	0.62
Period: 42
Tasks:10
id	x	y	end	c
424	86.98	119.61	45	23.54
425	21.35	53.81	44	91.21
426	191.15	12.14	45	126.6
427	16.47	78.93	45	86.15
428	184.86	82.11	44	86.73
429	32.6	75.25	43	71.8
430	11.86	31.77	43	111.46
431	196.14	119.89	45	98.18
432	197.87	22.07	42	125.11
433	138.57	194.6	44	102.16
Drivers: 4
id	x	y	end	sensitivity
221	75.23	168.79	45	0.99
222	77	23.88	45	1.35
223	155.11	0.06	47	1.51
224	75.52	75.98	44	0.85
Period: 43
Tasks:12
id	x	y	end	c
434	28.03	141.33	45	82.99
435	169.55	114.63	44	71.07
436	161.35	52.86	46	77.37
437	13.92	174	44	113.52
438	158.37	71.4	48	65
439	33.97	114.88	46	67.69
440	150.37	36.48	45	81.07
441	187.21	192.93	46	127.44
442	178.58	14.24	45	116.32
443	141.6	66.62	45	53.34
444	1.09	26.53	45	123.21
445	177.96	134.15	47	85.11
Drivers: 5
id	x	y	end	sensitivity
225	40.08	169.97	47	0.9
226	84.15	143.8	46	1.59
227	117.38	67.24	45	1.87
228	193.62	180.2	45	0.95
229	169.09	51.14	45	1.55
Period: 44
Tasks:10
id	x	y	end	c
446	46.34	3.52	44	110.4
447	44.16	123.26	47	60.49
448	3.06	48.28	44	109.87
449	106.76	110.89	48	12.82
450	13	141.98	44	96.6
451	115.08	25.96	49	75.56
452	65.98	105.09	44	34.4
453	73.32	191.43	46	95.24
454	128.22	11.48	47	92.91
455	116.67	148.43	45	51.22
Drivers: 4
id	x	y	end	sensitivity
230	81.44	6.08	47	0.77
231	83.75	125.31	48	1.19
232	47.55	120.71	46	0.6
233	67.8	120.01	48	1.1
Period: 45
Tasks:8
id	x	y	end	c
456	144.34	197.54	47	107.15
457	197.58	38.01	46	115.61
458	135.18	46.45	45	64.07
459	30.82	118.04	48	71.49
460	173.41	125.61	49	77.75
461	29.52	197.49	47	120.3
462	44.69	21.2	49	96.27
463	163.27	128.89	45	69.55
Drivers: 3
id	x	y	end	sensitivity
234	90.29	20.92	47	1.66
235	76.37	15.14	49	1.48
236	40.79	72.6	48	0.62
Period: 46
Tasks:14
id	x	y	end	c
464	180.27	157.84	48	98.94
465	145.38	35.48	49	78.88
466	21.44	103.61	48	78.64
467	159.92	190.02	47	108.14
468	62.76	119.15	47	41.88
469	78.9	35.95	47	67.44
470	172.29	111.85	47	73.25
471	141.69	82.27	49	45.3
472	55.3	0.24	49	109.32
473	127.31	196.87	47	100.65
474	71.17	84.53	49	32.72
475	74.95	86.76	48	28.33
476	43.54	85.33	48	58.33
477	13.01	132.77	48	92.96
Drivers: 5
id	x	y	end	sensitivity
237	113.57	178.77	51	1.18
238	49.01	158.51	50	0.74
239	151.53	23.63	52	1.17
240	152.05	139.26	47	1.83
241	181.09	3.37	47	1.87
Period: 47
Tasks:7
id	x	y	end	c
478	87	13.49	49	87.48
479	107.28	60.25	50	40.41
480	107.11	24.01	48	76.32
481	69.23	17.66	50	87.9
482	33.61	30.42	51	96.17
483	31.75	188.05	48	111.4
484	8.62	13.54	49	125.8
Drivers: 6
id	x	y	end	sensitivity
242	177.57	105.37	53	1.68
243	18.86	42.39	51	0.73
244	70.26	84.9	48	1.58
245	131.29	95.81	49	1.83
246	10.49	50.11	52	1.26
247	51.3	20.47	48	1.6
Period: 48
Tasks:9
id	x	y	end	c
485	103.09	42.27	50	57.81
486	133.09	97.73	51	33.17
487	75.44	101.09	49	24.58
488	77.86	66.57	49	40.1
489	71.82	25.31	50	79.83
490	81.99	103.39	50	18.33
491	198.62	153.66	49	112.27
492	164.88	28.57	52	96.5
493	195.68	152.51	50	109.14
Drivers: 5
id	x	y	end	sensitivity
248	113.72	114.57	50	1.28
249	156.2	89.81	51	0.64
250	93.41	193.23	51	0.67
251	65.9	46.43	53	1.19
252	75.78	76.44	50	1.13
Period: 49
Tasks:10
id	x	y	end	c
494	100.54	39.55	51	60.45
495	98.99	82.23	50	17.8
496	145.48	4.09	53	106.15
497	80.47	128.82	52	34.81
498	5.31	186.26	53	128.09
499	175.91	70.24	49	81.54
500	143.42	90.43	50	44.46
501	25.25	88.3	51	75.66
502	81.89	152.41	49	55.45
503	96.69	192.87	51	92.93
Drivers: 3
id	x	y	end	sensitivity
253	173.22	0.22	55	1.31
254	9.4	177.85	51	1.1
255	21.35	78.85	50	1.79
Period: 50
Tasks:8
id	x	y	end	c
504	161.46	33.84	51	90.3
505	137.53	170.74	52	80.08
506	87.98	48.17	51	53.21
507	187.77	135.34	50	94.62
508	143.36	143.26	55	61.25
509	123.18	37.41	50	66.74
510	0.92	89	52	99.69
511	84.87	198.73	55	99.88
Drivers: 1
id	x	y	end	sensitivity
256	7.43	19.43	52	1.72
Period: 51
Tasks:15
id	x	y	end	c
512	95.34	167.9	53	68.06
513	136.78	90.19	54	38.07
514	114.52	38.36	54	63.33
515	195.4	54.52	52	105.69
516	172.4	88.95	55	73.24
517	138.26	20.63	53	88.11
518	146.74	181.32	51	93.8
519	69.89	45.26	52	62.47
520	183.86	196.99	52	128.22
521	164.83	124.38	52	69.26
522	153.09	182.27	52	97.91
523	112.02	89.37	52	16.05
524	106.64	185.86	53	86.12
525	156.89	110.81	53	57.91
526	150.09	91.38	53	50.83
Drivers: 8
id	x	y	end	sensitivity
257	75.05	111.43	55	1.24
258	126.51	173.98	51	0.98
259	154.78	170.06	52	0.56
260	47.8	185.42	54	0.62
261	142.93	29.81	56	1.15
262	164.34	23.21	53	1.9
263	59.65	56.82	51	1.66
264	35.39	19.38	53	0.55
Period: 52
Tasks:15
id	x	y	end	c
527	157.09	191.78	52	108.09
528	125.25	23.18	52	80.86
529	51.12	196.7	53	108.35
530	150.82	11.74	53	101.85
531	86.19	97.52	55	14.03
532	147.24	1.91	53	108.87
533	79.85	181.74	53	84.19
534	105.95	128.26	55	28.88
535	52.53	112.87	53	49.18
536	0.47	122.47	54	102.03
537	145.83	120.58	52	50.24
538	107.16	129.11	56	29.98
539	78.18	97.96	53	21.92
540	6.23	188.96	55	129.25
541	162.77	124.77	52	67.48
Drivers: 9
id	x	y	end	sensitivity
265	145.52	94.82	58	0.51
266	109.36	190.84	56	1.6
267	72.6	120.71	53	1.79
268	82.89	31.01	53	0.82
269	83.52	78.1	55	0.8
270	107.7	75.13	55	0.55
271	105.96	67.9	56	1.56
272	11.92	63.15	57	1.64
273	65.53	178.05	53	1.43
Period: 53
Tasks:11
id	x	y	end	c
542	139.87	118.14	55	43.8
543	181.46	58.36	53	91.49
544	96.18	160.52	54	60.64
545	24.58	197.1	55	122.95
546	61.68	21.47	56	87.38
547	112.83	183.39	56	84.37
548	151.28	153.72	56	74.27
549	122.68	7.76	59	94.99
550	90.75	84.66	54	17.91
551	109.94	78.09	55	24.06
552	8.57	145.44	54	102.1
Drivers: 8
id	x	y	end	sensitivity
274	125.83	4.07	55	0.75
275	2.38	185.93	56	0.72
276	40.45	18.53	58	1.76
277	77.26	188.38	55	1.39
278	196.18	152.45	55	1.32
279	106.9	118.18	54	1.65
280	48.26	82.08	56	1.94
281	178.9	192.73	56	0.54
Period: 54
Tasks:9
id	x	y	end	c
553	54.52	84.63	55	48.01
554	153.58	12.09	58	102.95
555	37.3	51.18	55	79.46
556	88.77	82.36	57	20.91
557	6.18	15.28	60	126.41
558	113.57	29.06	57	72.23
559	172.49	21.86	55	106.59
560	135.77	182.6	54	90.01
561	136.5	68.16	55	48.44
Drivers: 6
id	x	y	end	sensitivity
282	103.38	184.24	59	1.6
283	41.4	100.41	56	1.84
284	121.6	196.32	57	1.66
285	169.83	162.18	58	1.53
286	4.7	171.1	55	1.81
287	72.59	34.59	56	1.97
Period: 55
Tasks:14
id	x	y	end	c
562	162.86	7.57	58	111.78
563	41.31	134.63	55	68.15
564	16.89	186.94	57	120.27
565	33.16	73.1	55	72.05
566	157.01	4.84	56	110.93
567	28.07	177.58	55	105.79
568	55.02	161.57	55	76.25
569	42.53	65.56	56	67
570	190.48	15.48	57	123.82
571	62.53	44.08	61	67.31
572	99.27	58.54	57	41.47
573	86.59	151.97	56	53.67
574	193.28	178.19	57	121.72
575	101.16	116.55	58	16.59
Drivers: 3
id	x	y	end	sensitivity
288	7.56	139.84	58	0.73
289	70.57	168.11	59	1.85
290	2.94	158.55	61	1.61
Period: 56
Tasks:7
id	x	y	end	c
576	197.77	78.75	60	100.05
577	38.97	194.75	60	112.7
578	119.47	67.15	56	38.19
579	116.24	131.57	56	35.5
580	157.08	58.11	58	70.8
581	4.76	73.2	59	98.94
582	31.82	86.46	56	69.51
Drivers: 6
id	x	y	end	sensitivity
291	166.24	31.57	59	0.57
292	109.21	127.03	56	1.07
293	1.79	75.42	60	1.6
294	101.55	58.59	60	0.53
295	178.39	123.35	59	1.69
296	37.93	137.01	59	1
Period: 57
Tasks:5
id	x	y	end	c
583	54.87	170.27	59	83.51
584	2.36	3.33	58	137.4
585	30.11	65	59	78.16
586	186.74	87.22	59	87.68
587	192.54	66.49	59	98.42
Drivers: 5
id	x	y	end	sensitivity
297	26.15	89.67	62	0.56
298	131.87	86.09	63	1.14
299	123.28	162.01	61	0.6
300	30.67	83.58	60	1.15
301	38.76	50.45	59	1.26
Period: 58
Tasks:8
id	x	y	end	c
588	94.78	143.78	59	44.09
589	134.11	195.52	61	101.43
590	110.2	26.54	60	74.16
591	121.8	4.78	61	97.68
592	112.64	160.36	61	61.67
593	121.04	174.88	58	77.78
594	129.77	87.92	61	32.13
595	158	14.5	59	103.32
Drivers: 10
id	x	y	end	sensitivity
302	193.27	66.15	60	1.41
303	175.75	178.64	61	1.94
304	95.76	89.57	59	1.87
305	37.33	55.33	64	1.17
306	97.5	120.17	59	1.99
307	111.18	15.81	61	0.96
308	36.86	135.25	63	1.66
309	42.47	173.71	59	1.48
310	186.55	138.52	62	1.37
311	170.48	192.95	60	0.8
Period: 59
Tasks:6
id	x	y	end	c
596	89.9	62.46	59	38.87
597	183.43	38.82	63	103.46
598	30.11	191.31	64	114.99
599	96.15	167.1	66	67.21
600	92.1	11	60	89.35
601	74.17	100.91	61	25.85
Drivers: 0
id	x	y	end	sensitivity
Period: 60
Tasks:11
id	x	y	end	c
602	163.27	180.58	63	102.45
603	44.16	163.63	60	84.66
604	144.02	164.22	60	77.86
605	107.65	117.83	63	19.4
606	65.55	59.75	63	52.98
607	144.08	67.8	61	54.59
608	28.87	125.67	62	75.62
609	105.26	192.91	61	93.06
610	188.24	198.93	62	132.56
611	69.22	58.35	60	51.79
612	133.99	114.04	61	36.78
Drivers: 8
id	x	y	end	sensitivity
312	67.97	145.69	63	0.9
313	161.18	11.11	61	0.78
314	59.02	39.3	61	1.79
315	32.64	76.01	62	1.59
316	70.53	168.45	65	1.94
317	92.75	118	65	1.26
318	193.64	121.1	63	0.53
319	46.44	196.13	63	1.54
Period: 61
Tasks:18
id	x	y	end	c
613	21.66	7.76	63	121.02
614	44.25	105.18	63	55.99
615	46.4	14.49	62	100.92
616	190.5	79.73	62	92.74
617	169.84	149.25	63	85.46
618	109.91	84.49	65	18.41
619	13.82	127.91	62	90.59
620	69.51	96.51	62	30.69
621	151.8	160.53	63	79.67
622	20.04	54.67	68	91.92
623	159.46	197.61	64	114.29
624	178.21	15.68	64	115.01
625	144.74	178.19	62	90.09
626	10.17	1.43	62	133.36
627	26.64	40.04	62	94.75
628	19.63	32.18	63	105.16
629	141.49	139.27	64	57.13
630	23.05	31.9	63	102.76
Drivers: 2
id	x	y	end	sensitivity
320	82.08	39.84	64	1.19
321	15.9	171.35	66	1.74
Period: 62
Tasks:11
id	x	y	end	c
631	91.55	8.85	63	91.54
632	43.48	169.23	65	89.37
633	23.94	31.39	62	102.43
634	165.01	159.92	64	88.41
635	150.53	130.12	66	58.83
636	180.99	153.02	62	96.8
637	195.69	44.32	63	110.71
638	116.1	3.24	63	98.09
639	111.5	162.12	62	63.18
640	141.2	92.02	63	41.97
641	160.47	5.76	64	111.97
Drivers: 6
id	x	y	end	sensitivity
322	103.58	156.68	63	1.72
323	195.83	136.22	64	1.54
324	198.91	84.78	64	1.91
325	21.71	188.92	67	0.56
326	66.05	55.24	63	1.24
327	33.24	122.8	63	1.92
Period: 63
Tasks:10
id	x	y	end	c
642	189.66	90.33	64	90.18
643	162.98	119.17	65	65.83
644	62.74	42.36	64	68.63
645	47.63	164.28	64	82.91
646	8.57	60.82	64	99.47
647	148.99	81.45	65	52.38
648	56.6	91.31	67	44.26
649	3.2	186.95	69	130.12
650	156.3	30.12	64	89.74
651	74.21	183.01	65	86.92
Drivers: 4
id	x	y	end	sensitivity
328	60.63	32.6	67	1.4
329	194.8	0.24	67	1.18
330	47.69	100.76	66	0.94
331	189.05	144.21	67	1.2
Period: 64
Tasks:7
id	x	y	end	c
652	114.65	143.63	66	46.02
653	4.66	168.65	66	117.48
654	146.29	16.47	68	95.5
655	42.39	28.76	66	91.62
656	110.3	7.28	66	93.29
657	134.28	136.02	64	49.72
658	185.99	2.96	65	129.66
Drivers: 5
id	x	y	end	sensitivity
332	88.77	2.9	68	1.15
333	159.14	198.87	66	1.86
334	41.05	186.93	66	1.59
335	88.97	1.82	69	0.61
336	120.6	2.47	72	0.76
Period: 65
Tasks:6
id	x	y	end	c
659	173.94	195.64	66	120.89
660	27.15	64.75	69	80.93
661	195.66	34.47	67	115.95
662	91.55	176.67	68	77.13
663	179.66	70.91	67	84.81
664	188.46	44.93	66	104.2
Drivers: 4
id	x	y	end	sensitivity
337	125.01	171.42	67	0.68
338	181.44	10.28	66	0.54
339	77.58	183.04	71	0.99
340	170.32	136.95	72	0.52
Period: 66
Tasks:9
id	x	y	end	c
665	135.44	66.65	70	48.66
666	59.77	52.46	67	62.28
667	16.54	4.29	70	126.99
668	140.97	66.96	69	52.63
669	112.63	171.86	70	72.96
670	19.98	38.03	68	101.21
671	159.94	176.71	66	97.35
672	42.54	36.65	68	85.53
673	35.37	127.63	66	70.29
Drivers: 6
id	x	y	end	sensitivity
341	144.92	108.59	69	1.3
342	174.85	96.32	69	0.98
343	38.62	178.87	69	0.81
344	72.87	87.2	69	1.87
345	150.74	50.97	69	1.2
346	179.24	14.86	67	0.85
Period: 67
Tasks:7
id	x	y	end	c
674	45.68	190.1	67	105.21
675	117.15	160.42	70	62.81
676	14.02	133.82	70	92.39
677	85.74	175.32	68	76.66
678	141.41	148.91	68	64.09
679	159.71	187.13	70	105.63
680	143.86	98.27	70	43.89
Drivers: 2
id	x	y	end	sensitivity
347	41.98	108.84	71	1.52
348	28.21	63.55	68	1.15
Period: 68
Tasks:7
id	x	y	end	c
681	58.95	58.04	69	58.7
682	152.62	140.87	71	66.63
683	126.17	132.1	69	41.42
684	194.81	8.51	69	131.75
685	28.88	92.76	69	71.49
686	153.49	181.27	69	97.29
687	165.06	36.82	71	90.69
Drivers: 4
id	x	y	end	sensitivity
349	0.2	15.16	74	1.21
350	82.41	79.86	70	1.69
351	150.98	132.57	71	1.01
352	153.76	112.67	73	1.9
Period: 69
Tasks:12
id	x	y	end	c
688	12.37	47.55	69	102.13
689	47.25	135.54	72	63.61
690	115.6	67.41	69	36.13
691	127.4	1.75	70	102
692	25.48	149.96	70	89.72
693	37.59	98.43	69	62.43
694	82.75	198.7	70	100.2
695	101.9	33.69	71	66.34
696	94.23	180.7	70	80.91
697	92.91	69.41	73	31.4
698	43.19	185.36	71	102.54
699	161.19	65.4	70	70.29
Drivers: 5
id	x	y	end	sensitivity
353	135.27	112.9	74	1.5
354	92.48	12.32	73	0.51
355	120.11	90.61	72	1.18
356	22.82	118.43	72	1.97
357	140.58	16.7	73	0.89
Period: 70
Tasks:10
id	x	y	end	c
700	168.9	145.01	75	82.3
701	15.03	160.87	71	104.52
702	134.54	17.81	71	89.15
703	88.27	76.02	71	26.7
704	62.36	26.07	72	82.96
705	17.06	57.71	71	93.1
706	191.49	48.94	72	104.77
707	176.17	48.91	73	91.72
708	122.81	44.61	72	59.9
709	9.76	83.58	73	91.72
Drivers: 8
id	x	y	end	sensitivity
358	56.28	77.66	72	1.14
359	75.08	194.86	76	1.67
360	44.23	142.07	71	1.05
361	175.09	67.96	72	0.69
362	89.7	137.72	71	0.71
363	21.02	12.86	72	1.89
364	76.64	32.65	71	0.83
365	108.97	64.97	73	1.87
Period: 71
Tasks:5
id	x	y	end	c
710	80.49	186.8	72	88.97
711	22.79	30.12	74	104.14
712	52.85	37.12	73	78.59
713	116.14	27.07	71	74.69
714	99.99	102.47	72	2.47
Drivers: 6
id	x	y	end	sensitivity
366	10.88	195.96	72	0.97
367	178.82	14.87	73	1.58
368	68.33	117.07	75	0.95
369	145.02	81.76	74	1.98
370	27.76	148.06	74	1.23
371	28.48	138.3	74	1.83
Period: 72
Tasks:13
id	x	y	end	c
715	168.36	3.21	72	118.5
716	117.3	191.6	74	93.22
717	124.96	23.61	74	80.36
718	6.35	48.02	72	107.11
719	36.39	4.54	76	114.71
720	62.38	123.72	73	44.47
721	39.59	32.5	74	90.58
722	40.58	169.02	75	91.07
723	25.93	158.3	77	94.26
724	101.42	145.44	73	45.46
725	105.02	89.37	74	11.76
726	172.65	181.95	73	109.52
727	139.55	49.72	73	63.97
Drivers: 3
id	x	y	end	sensitivity
372	175.02	66.64	75	1.73
373	63	88.13	74	0.86
374	185.94	8.16	76	0.94
Period: 73
Tasks:8
id	x	y	end	c
728	73.24	95.72	75	27.1
729	99.65	59.32	78	40.68
730	166.2	42.52	74	87.67
731	107.06	79.71	77	21.48
732	46.01	34.53	78	84.86
733	58.04	117.12	76	45.32
734	81.18	97.2	75	19.03
735	154.41	56.05	73	69.94
Drivers: 3
id	x	y	end	sensitivity
375	160.92	35.5	78	0.85
376	43.22	124.31	76	0.79
377	186.63	16.37	75	1.49
Period: 74
Tasks:15
id	x	y	end	c
736	100.57	37.4	75	62.6
737	21.54	37.69	79	100.19
738	71.39	48.45	80	58.96
739	82.15	4.11	76	97.54
740	28.17	94.11	78	72.07
741	29.42	165.32	79	96.17
742	29.75	75.08	75	74.54
743	5.89	108.02	75	94.45
744	101.73	25.87	75	74.15
745	132.5	127.85	77	42.8
746	88	5.03	74	95.73
747	182.77	136.51	77	90.46
748	7.62	11.53	76	127.91
749	157.18	72.56	78	63.42
750	2.86	44.08	76	112.09
Drivers: 1
id	x	y	end	sensitivity
378	33.5	112.62	78	1.45
Period: 75
Tasks:7
id	x	y	end	c
751	44.79	189.02	77	104.75
752	87.38	137.22	76	39.3
753	28.88	191.16	77	115.62
754	61.91	68.7	76	49.3
755	115.73	64.92	78	38.45
756	64.64	35.77	80	73.32
757	55.06	81.41	77	48.63
Drivers: 3
id	x	y	end	sensitivity
379	68.08	116.36	76	0.83
380	52.01	94.2	78	1.34
381	116.81	81.94	81	1.64
Period: 76
Tasks:9
id	x	y	end	c
758	157.8	186	77	103.62
759	136.37	132.79	76	48.97
760	168.74	110.44	77	69.53
761	71.34	103.21	79	28.84
762	157.26	108.5	77	57.89
763	161.38	48.36	79	80.21
764	120.88	153.15	78	57.1
765	10.21	31.78	78	112.77
766	167.74	94.3	79	67.98
Drivers: 3
id	x	y	end	sensitivity
382	99.67	12.07	83	1.88
383	51.36	187.3	79	1.72
384	115.88	177.15	78	1.86
Period: 77
Tasks:11
id	x	y	end	c
767	101.13	58.03	79	41.99
768	76.46	129.55	79	37.78
769	9.11	26.54	78	116.86
770	75.84	122.62	80	33.1
771	112.47	145.57	80	47.25
772	12.49	98.57	77	87.52
773	25.41	134.41	80	82.14
774	162.66	165.25	79	90.46
775	189.48	2.89	79	132.05
776	90	101.89	79	10.18
777	124.38	37.79	77	66.82
Drivers: 8
id	x	y	end	sensitivity
385	188.76	129.97	81	0.54
386	111.78	156.75	82	1.92
387	191.34	67.19	82	1.57
388	151.44	103.66	79	0.96
389	98.2	186.28	80	0.99
390	96	21.75	79	0.62
391	30.94	95.61	82	1.14
392	3.73	4.99	81	1.33
Period: 78
Tasks:7
id	x	y	end	c
778	156.18	32.84	78	87.56
779	160.19	63.79	80	70.24
780	166.61	193.92	79	115.14
781	116	28.59	79	73.18
782	167.96	73.08	79	73.1
783	139.29	184.25	79	92.96
784	145.39	31.82	78	81.91
Drivers: 4
id	x	y	end	sensitivity
393	92.04	14.43	81	1.48
394	71.78	31.91	81	0.95
395	140.72	15.25	81	1.72
396	20.49	72.27	78	1.29
Period: 79
Tasks:16
id	x	y	end	c
785	30.62	89.39	80	70.19
786	170.44	51.27	80	85.65
787	150.59	146.47	81	68.69
788	129.27	42.25	80	64.74
789	23.27	35.67	82	100.13
790	60.29	115.08	82	42.48
791	15.04	3	81	128.95
792	96.21	39.11	82	61.01
793	43.54	73.42	80	62.4
794	114.54	115.86	80	21.52
795	9.73	37.7	81	109.68
796	104.65	89.36	79	11.61
797	33.75	41.57	80	88.34
798	43.9	184.67	88	101.57
799	27.85	159.22	79	93.34
800	160.04	159.56	81	84.57
Drivers: 5
id	x	y	end	sensitivity
397	24.12	176.02	84	1.32
398	84.4	131.89	82	1.79
399	144.28	162.24	81	0.69
400	139.06	31.45	81	1.9
401	167.53	182.32	82	1.19
Period: 80
Tasks:7
id	x	y	end	c
801	198.98	21.3	81	126.45
802	150.8	188.95	81	102.43
803	13.61	26.61	82	113.35
804	134.45	17.27	83	89.62
805	131.47	6.7	81	98.46
806	95.02	124.54	82	25.04
807	192.29	32.69	82	114.23
Drivers: 3
id	x	y	end	sensitivity
402	62.87	26.27	87	1.89
403	146.51	146.11	83	0.9
404	90.03	192.98	87	0.98
Period: 81
Tasks:0
id	x	y	end	c
Drivers: 7
id	x	y	end	sensitivity
405	79.47	100.57	82	1.6
406	7.94	84.48	83	0.55
407	172.12	12.96	83	0.84
408	138.68	132.32	83	0.6
409	152.83	3.06	84	1.17
410	3.2	125.41	84	0.62
411	144.39	192.82	87	1.97
Period: 82
Tasks:9
id	x	y	end	c
808	112.06	99.9	85	12.06
809	171.39	5.69	84	118.28
810	27.98	173.84	85	103.15
811	108.17	39.85	85	60.7
812	106.71	127.72	83	28.52
813	177.54	81.71	82	79.67
814	167.99	79.93	84	70.89
815	136.57	180.12	85	88.07
816	39.92	193.13	85	110.83
Drivers: 5
id	x	y	end	sensitivity
412	143.16	92.15	83	1.64
413	71.11	91.69	88	0.92
414	154.78	2.28	85	1.07
415	108.29	184.34	86	1.08
416	97.69	58.81	87	1.79
Period: 83
Tasks:9
id	x	y	end	c
817	181.63	139.1	83	90.51
818	25.8	115.33	83	75.77
819	164.65	160.74	84	88.71
820	69.99	33.81	83	72.68
821	6.2	51.47	84	105.61
822	8.4	179.56	83	121.33
823	173.67	27.6	83	103.29
824	166.36	35.38	83	92.63
825	77.7	187.2	85	90.01
Drivers: 2
id	x	y	end	sensitivity
417	140.93	161.52	88	1.82
418	175.25	62.33	86	1.75
Period: 84
Tasks:10
id	x	y	end	c
826	108.81	124.02	84	25.58
827	158.14	175.3	88	95.13
828	115.2	108.17	85	17.26
829	149.47	172.33	87	87.63
830	29.87	109.55	86	70.78
831	1.13	183.77	86	129.59
832	58.14	22.03	88	88.5
833	119.17	175	85	77.41
834	197.95	134.27	85	103.77
835	119.52	1.56	85	100.36
Drivers: 2
id	x	y	end	sensitivity
419	1.26	181.32	88	1.7
420	189.66	94.17	86	0.95
Period: 85
Tasks:15
id	x	y	end	c
836	5.6	94.89	88	94.54
837	128.18	41.8	87	64.66
838	188.46	86.47	87	89.49
839	26.98	110.25	87	73.74
840	154.8	193.46	88	108.34
841	173.54	126.21	85	78.07
842	38.53	33.95	86	90.23
843	193.8	114.01	85	94.84
844	58.75	85.65	85	43.67
845	134.89	146.13	89	57.84
846	150.96	112.92	90	52.57
847	76.69	5.17	87	97.65
848	13.06	44.53	89	103.13
849	59.04	174.59	87	85.1
850	71.56	134.15	86	44.44
Drivers: 7
id	x	y	end	sensitivity
421	164.5	197.53	90	1.82
422	34.62	199.29	86	0.62
423	135.74	54.06	86	0.77
424	50.79	80.3	86	1.45
425	166.24	62.42	89	1.94
426	59.39	58.54	91	1.68
427	125.6	100.95	89	0.74
Period: 86
Tasks:13
id	x	y	end	c
851	79.76	116.58	87	26.16
852	2.07	174.11	88	122.81
853	152.44	37.73	87	81.41
854	185.12	155.72	87	101.74
855	93.28	146.15	89	46.64
856	98.08	5.36	89	94.66
857	73.55	5.88	90	97.77
858	124.05	188.41	88	91.62
859	131.98	66.57	89	46.26
860	150.42	129.36	90	58.35
861	56.82	181.27	88	92.03
862	180.4	7.44	89	122.6
863	34.95	29.26	87	96.1
Drivers: 1
id	x	y	end	sensitivity
428	135.72	159.1	86	1.08
Period: 87
Tasks:12
id	x	y	end	c
864	148.55	70.01	89	57.07
865	45.22	120.17	88	58.38
866	130.15	8.87	88	95.99
867	35.11	147.21	89	80.25
868	148.23	81.23	89	51.75
869	3.41	69.07	90	101.42
870	37.93	47.87	89	81.06
871	58.23	146.79	87	62.72
872	90.9	56.78	89	44.17
873	125.46	45.51	88	60.14
874	117.01	193.02	93	94.56
875	194.64	85.46	90	95.75
Drivers: 2
id	x	y	end	sensitivity
429	76.81	81.62	90	1.98
430	19.48	100.53	89	0.86
Period: 88
Tasks:6
id	x	y	end	c
876	28.17	160.1	90	93.66
877	93.49	124.12	90	24.98
878	113.36	120.39	88	24.38
879	78.3	109.81	90	23.81
880	183.42	10.27	91	122.52
881	63.14	114.32	90	39.54
Drivers: 5
id	x	y	end	sensitivity
431	44.14	69.44	89	1.45
432	90.99	113.95	91	0.79
433	58.12	3	89	1.26
434	183.19	59.91	90	1.46
435	175.92	173.38	92	1.17
Period: 89
Tasks:6
id	x	y	end	c
882	123.76	143.05	94	49.17
883	144.68	83	92	47.8
884	67.83	43.35	92	65.15
885	126.46	174.48	91	79.04
886	165.64	30.08	91	95.9
887	83.91	184.92	89	86.43
Drivers: 5
id	x	y	end	sensitivity
436	141.34	28.06	91	0.79
437	121.11	24.03	94	1.83
438	1.84	7.94	94	1.36
439	167.14	21.55	93	1.6
440	116.52	109.66	92	1.99
Period: 90
Tasks:8
id	x	y	end	c
888	175.3	174.32	91	105.8
889	186.5	49.28	92	100.27
890	29.02	164.81	92	96.12
891	96.07	28.34	90	71.77
892	7.63	38.7	95	110.86
893	187.22	140.83	90	96.3
894	175.91	90.22	92	76.54
895	180.85	111.32	92	81.64
Drivers: 5
id	x	y	end	sensitivity
441	4.58	65.13	92	0.93
442	57.71	107.61	94	1.76
443	196.64	120.41	92	0.78
444	179.09	93.69	94	0.98
445	102.22	63.44	93	1.09
Period: 91
Tasks:12
id	x	y	end	c
896	48.01	61.84	93	64.49
897	99.1	164.25	92	64.26
898	63.12	68.46	95	48.53
899	69.02	11.51	92	93.76
900	97.09	23.73	93	76.33
901	60.3	105.79	94	40.12
902	166.99	91.84	91	67.49
903	74.88	136.64	92	44.42
904	162.43	144.16	92	76.47
905	53.78	75.67	92	52.23
906	118.92	40.53	93	62.41
907	164.08	40.4	91	87.51
Drivers: 5
id	x	y	end	sensitivity
446	44.11	128.59	94	1.26
447	53.67	123.37	93	0.53
448	57.05	83.61	92	1.02
449	149.78	60.84	93	0.8
450	10.09	94.43	93	1.87
Period: 92
Tasks:9
id	x	y	end	c
908	10.52	17.36	92	121.8
909	23.33	156.84	92	95.44
910	101.75	38.81	94	61.22
911	174.08	26.92	93	104.06
912	174.25	42.45	94	93.94
913	13.04	115.03	93	88.25
914	8.45	174.9	94	118.29
915	170.6	102	93	70.63
916	34.57	149.81	92	82.23
Drivers: 3
id	x	y	end	sensitivity
451	143.47	151.69	94	1.1
452	132.92	13.91	95	0.82
453	139.78	40.11	93	0.66
Period: 93
Tasks:9
id	x	y	end	c
917	179.95	91.16	97	80.44
918	74.94	34.22	93	70.39
919	177.03	24.66	93	107.75
920	128.09	126.27	97	38.46
921	162.78	74.87	93	67.62
922	172.72	38.39	94	95.31
923	88.67	153.86	94	55.04
924	47.47	111.13	98	53.7
925	64.32	24.63	96	83.39
Drivers: 7
id	x	y	end	sensitivity
454	50.33	65.72	95	1.33
455	185.43	18.24	99	1
456	90.75	13.06	96	0.63
457	185.37	68.78	93	0.5
458	131.92	195.83	97	1.23
459	93.93	154.11	96	1.53
460	132.49	109.37	95	0.9
Period: 94
Tasks:6
id	x	y	end	c
926	118.45	12.49	95	89.43
927	138.52	82.22	95	42.43
928	16.03	173.71	94	111.73
929	53.85	77.3	96	51.43
930	63	160.49	95	70.91
931	187.52	174.55	96	114.97
Drivers: 1
id	x	y	end	sensitivity
461	5.7	175.53	96	1.14
Period: 95
Tasks:9
id	x	y	end	c
932	132	80.81	97	37.31
933	176.29	63.93	98	84.39
934	18.03	21.46	97	113.52
935	48.02	128.74	97	59.4
936	30.32	120.86	95	72.74
937	99.68	91.3	95	8.71
938	167.03	12.08	98	110.56
939	184.04	19.3	98	116.51
940	186.81	170.73	97	111.98
Drivers: 2
id	x	y	end	sensitivity
462	163.79	129.25	101	1.87
463	20.6	175.47	95	1.69
Period: 96
Tasks:13
id	x	y	end	c
941	145.31	155.94	96	71.99
942	158.47	20.73	98	98.5
943	35.06	141.4	101	77.01
944	94.77	176.14	100	76.32
945	191.81	144.41	97	101.99
946	35.97	37.29	96	89.62
947	105.71	51.44	97	48.89
948	2.75	163.19	98	115.98
949	142.65	109.34	98	43.66
950	119.76	56.71	101	47.59
951	30.67	12.99	97	111.25
952	136.25	39.09	97	70.88
953	108.17	143.51	97	44.27
Drivers: 8
id	x	y	end	sensitivity
464	116.28	19.21	98	0.63
465	131.92	141.44	101	0.62
466	181.82	27.54	101	1.04
467	141.41	157.2	98	1.69
468	106.77	27.62	99	0.6
469	32.19	45.21	99	1.73
470	176.47	18.68	99	1.21
471	23.67	139.72	97	1.97
Period: 97
Tasks:7
id	x	y	end	c
954	144.19	105.7	99	44.56
955	53.19	64.71	98	58.62
956	75.81	32.55	100	71.66
957	117.66	195.49	98	97.11
958	60.17	63.84	99	53.8
959	175.18	23.09	102	107.55
960	0.4	5.91	101	137.01
Drivers: 3
id	x	y	end	sensitivity
472	33.59	19.42	103	1.29
473	185.01	0.95	98	1.47
474	167.13	129.81	100	1.27
Period: 98
Tasks:6
id	x	y	end	c
961	99.42	34.09	98	65.91
962	123.42	196.82	98	99.61
963	151.93	91.93	101	52.55
964	38.63	96.49	100	61.47
965	110.09	108.58	99	13.24
966	12.56	128.62	101	92
Drivers: 8
id	x	y	end	sensitivity
475	184.47	161.84	101	1.74
476	152.67	197.26	100	1.05
477	22.63	23.69	100	1.83
478	0.11	197.37	98	0.91
479	189.4	39.16	100	1.27
480	106.95	10.52	98	0.77
481	160.24	153.5	101	1.12
482	90.33	108.59	104	0.88
Period: 99
Tasks:9
id	x	y	end	c
967	8.65	161.03	99	109.86
968	145.88	199.49	99	109.56
969	86.85	175.2	99	76.34
970	149.45	145.41	101	67.14
971	49.29	144.36	102	67.37
972	65.49	136.74	100	50.41
973	90.72	119	100	21.15
974	158.29	7.19	102	109.6
975	94.59	36.84	101	63.39
Drivers: 7
id	x	y	end	sensitivity
483	92.49	61.9	100	1.98
484	75.63	13.93	104	0.91
485	175.12	141.7	100	1.63
486	121.32	90.73	101	1.69
487	5.34	4.67	99	1.51
488	22.49	143.67	99	0.73
489	88.96	129.21	103	1.89
Period: 100
Tasks:12
id	x	y	end	c
976	87.05	62.06	102	40.09
977	39.3	3.39	101	114.1
978	142.48	71.58	103	51.11
979	80.49	12.94	101	89.22
980	133.11	19.29	105	87.24
981	132.3	99.86	103	32.3
982	3.55	65.34	103	102.49
983	63.57	5.51	106	101.27
984	107.85	194.11	101	94.44
985	50.73	88.14	103	50.68
986	38.66	13.95	103	105.67
987	107.7	49.32	101	51.26
Drivers: 5
id	x	y	end	sensitivity
490	55.04	105.96	101	1.73
491	49.17	166.58	105	0.74
492	75.54	193.85	101	1.88
493	107.12	25.05	105	1.76
494	111.15	188.88	102	1.74
