Periods: 100
Task Arrival Rate: 10
Task Average Time: 3
Driver Arrival Rate: 10
Driver Average Time: 1
Period: 1
Tasks:8
id	x	y	end	c
1	140.78	0.62	2	107.42
2	38.59	103.78	7	61.53
3	84.58	29.99	1	71.69
4	28.03	91.51	7	72.47
5	68.4	43.21	1	64.99
6	69.53	25.82	6	80.19
7	121.35	123.74	3	31.93
8	116.61	39.99	7	62.27
Drivers: 8
id	x	y	end	sensitivity
1	36.42	29.4	2	1.08
2	51.51	54.8	2	1.92
3	139.13	199.49	3	0.68
4	115.48	60.55	2	0.52
5	105.55	29.58	2	0.97
6	101.8	133.7	1	0.94
7	12.78	33.37	1	1.35
8	198.4	128.81	2	1.11
Period: 2
Tasks:12
id	x	y	end	c
9	165.77	170.04	6	96.08
10	6.24	180.37	4	123.49
11	196.08	88.16	5	96.81
12	149.2	115.12	5	51.47
13	13.24	139.09	7	95.16
14	55.53	5.53	4	104.41
15	28.21	116.45	6	73.65
16	91.45	174.99	5	75.48
17	103.16	54.34	6	45.77
18	85.32	186.33	10	87.57
19	53.89	149.02	4	67.3
20	176.06	88.57	4	76.91
Drivers: 4
id	x	y	end	sensitivity
9	56.27	191.11	2	0.54
10	131.83	197.11	4	1.18
11	86.34	103.79	2	1.28
12	112.9	199.5	2	1.65
Period: 3
Tasks:5
id	x	y	end	c
21	37.36	146.13	8	77.79
22	48.38	7.33	6	106.08
23	94.39	39.4	7	60.86
24	100.92	105.31	7	5.39
25	189.3	39.19	3	108.04
Drivers: 8
id	x	y	end	sensitivity
13	64.62	116.44	4	1.65
14	189.7	161.62	3	1.33
15	189.83	0.67	6	1.58
16	145.72	16.97	4	1.08
17	34.53	2.86	5	1.02
18	5.52	68.71	4	1.12
19	51.27	74.26	3	1.99
20	100.38	69.86	5	0.7
Period: 4
Tasks:13
id	x	y	end	c
26	178.75	131.6	7	84.85
27	7.41	38.85	7	110.96
28	95.94	187.63	5	87.72
29	93.73	155.72	4	56.07
30	43.1	174.84	8	94.01
31	102.83	157.64	5	57.71
32	184.66	82.56	5	86.44
33	12.35	59.59	5	96.52
34	18.62	75.44	7	85.01
35	105.01	152.19	8	52.43
36	114.99	45.17	6	56.84
37	5.41	8.9	7	131.33
38	122.17	149.72	8	54.44
Drivers: 9
id	x	y	end	sensitivity
21	198.6	104.22	5	0.57
22	65.7	125.09	4	1.66
23	163.01	96.51	4	1.89
24	195.6	179.77	5	1.89
25	163.64	93.87	5	0.96
26	198.04	149.42	7	1.37
27	113.48	18.66	5	0.91
28	21.57	43.33	4	1.98
29	62.78	195.49	5	1.95
Period: 5
Tasks:10
id	x	y	end	c
39	102.43	11.6	8	88.43
40	78.41	188.51	8	91.11
41	58.46	78.29	7	46.87
42	55.9	75.21	8	50.59
43	26.57	116.2	8	75.2
44	3.63	168.38	7	118.17
45	43.2	123.37	5	61.42
46	10.67	97.99	8	89.35
47	98.95	93.69	6	6.4
48	87.84	151.09	6	52.52
Drivers: 5
id	x	y	end	sensitivity
30	83.32	101.14	5	1.1
31	166.43	81.45	5	1.62
32	75.52	102.87	5	1.99
33	27.59	176.14	5	1.96
34	37.71	6.66	6	1.95
Period: 6
Tasks:7
id	x	y	end	c
49	60.66	169.29	8	79.68
50	108.41	42.84	10	57.78
51	159.03	153.44	10	79.63
52	55.67	199.36	11	108.8
53	22.76	116.17	11	78.91
54	164.26	134.11	8	72.75
55	34.64	13.24	11	108.62
Drivers: 6
id	x	y	end	sensitivity
35	30.41	194.65	8	0.79
36	78.75	73.71	7	0.89
37	178.99	78.1	8	1.63
38	160.13	126.88	7	1.53
39	52.38	167.74	7	1.77
40	188.79	182.84	6	1.11
Period: 7
Tasks:12
id	x	y	end	c
56	126.46	10.5	9	93.33
57	191.69	94.08	10	91.88
58	52.72	14.8	9	97.44
59	118.96	109.2	10	21.07
60	194.2	53.85	10	104.9
61	192.74	15.44	9	125.5
62	4.86	1.12	8	137.22
63	78.18	123.56	13	32.11
64	81.49	70.36	8	34.94
65	67.29	163.37	10	71.31
66	33.59	33.47	13	94
67	52.91	7.44	8	103.85
Drivers: 10
id	x	y	end	sensitivity
41	195.29	58.13	7	1.92
42	66.78	131.78	8	1.07
43	51.63	124.27	7	1.2
44	31.97	45.95	8	0.85
45	194.7	162.49	7	1.33
46	95.12	13.67	7	0.94
47	109.41	101.13	8	1.38
48	178.22	87.71	8	1.48
49	196.09	14.05	7	1.27
50	188.92	168.85	8	1.8
Period: 8
Tasks:11
id	x	y	end	c
68	27.21	145.48	12	85.83
69	23.47	47.16	9	93
70	158.36	52.4	9	75.31
71	185.44	41.33	14	103.64
72	192.69	45.57	11	107.49
73	128.79	113.98	10	32
74	18.74	30.75	10	106.76
75	2.27	172.21	11	121.51
76	135.83	2.38	9	103.99
77	68.38	51.52	9	57.88
78	121.17	42.9	9	60.9
Drivers: 7
id	x	y	end	sensitivity
51	183.54	142.79	10	0.59
52	140.05	64.05	11	0.86
53	147.05	66.59	10	1.01
54	38.4	198.3	9	0.77
55	189.57	116.1	8	1.5
56	88.4	87.43	8	0.96
57	25.63	38.63	10	1.69
Period: 9
Tasks:8
id	x	y	end	c
79	40.47	185.02	10	103.79
80	96.13	58.77	12	41.41
81	149.59	168.39	12	84.48
82	21.47	21.32	13	111.16
83	28.26	194.69	14	118.8
84	43.92	111.42	13	57.23
85	150.26	141.12	12	64.94
86	95.76	11.49	14	88.61
Drivers: 14
id	x	y	end	sensitivity
58	3.41	143.77	9	0.63
59	65.13	42	12	1.72
60	136.41	102.47	13	0.51
61	84.31	57.08	9	0.82
62	190.38	50.32	9	1.74
63	112.03	191.06	10	0.86
64	80.92	166.45	10	0.76
65	30.48	85.99	9	1.88
66	55.69	77.71	10	1.51
67	44.49	115.74	9	0.93
68	134.64	106.68	9	0.66
69	89.63	76.25	10	0.84
70	28.55	123.16	9	1.42
71	184.1	145.21	10	1.84
Period: 10
Tasks:8
id	x	y	end	c
87	137.95	159.46	12	70.54
88	2.84	73.36	13	100.75
89	55.97	48.07	10	68.08
90	154.44	21.54	14	95.5
91	149.67	55.66	11	66.58
92	84.01	66.4	12	37.21
93	139.37	102.94	10	39.48
94	16.65	153.66	15	99.13
Drivers: 3
id	x	y	end	sensitivity
72	48.67	135.57	13	1.98
73	47.16	78.16	11	1.25
74	5.81	98.76	11	1.92
Period: 11
Tasks:9
id	x	y	end	c
95	82.1	192.01	15	93.73
96	48.16	22.09	13	93.58
97	67.34	119.44	12	38.01
98	67.45	24.21	15	82.48
99	181.51	114.61	18	82.81
100	8.86	108.87	11	91.57
101	113.97	141.68	16	43.96
102	37.69	105.3	12	62.53
103	188.51	148.48	13	100.92
Drivers: 10
id	x	y	end	sensitivity
75	19.92	67.49	12	0.54
76	60.19	170.69	11	0.81
77	111.23	129.21	13	0.9
78	190.89	152.51	11	0.75
79	45	74.02	12	0.53
80	79	166.59	12	1.12
81	63.06	6.31	11	1.48
82	49.97	126.35	12	1.85
83	35.83	25.4	13	1.73
84	168.25	197.81	11	0.78
Period: 12
Tasks:7
id	x	y	end	c
104	22.64	146.97	14	90.5
105	32.94	75.02	17	71.56
106	102.02	32.55	17	67.48
107	129.79	23.09	16	82.48
108	23.14	129.26	16	82.24
109	141	71.05	16	50.19
110	168.48	93.94	14	68.75
Drivers: 16
id	x	y	end	sensitivity
85	190.73	45.99	13	1.61
86	199.04	123.92	13	0.65
87	31.23	194.01	16	0.68
88	25.56	142.72	14	0.5
89	62.15	107.36	13	0.69
90	90.92	145.76	13	1.28
91	46.61	168.49	13	1.08
92	153.81	108.35	12	1
93	49.78	105.74	12	0.89
94	27.1	6.99	13	1.75
95	13.88	79.12	14	1.35
96	68.75	96.88	14	1.96
97	19.86	164.08	14	1.6
98	6.9	169.89	12	1.15
99	113.41	81.31	12	0.7
100	71.95	75.09	14	0.68
Period: 13
Tasks:9
id	x	y	end	c
111	75.26	149.92	13	55.71
112	70.34	130.39	15	42.46
113	79.51	174.55	18	77.31
114	135.11	157.97	16	67.77
115	77.23	111.09	17	25.33
116	124.03	60.83	16	45.95
117	131.63	104.59	15	31.96
118	142.73	122.37	14	48.23
119	2.81	6.91	15	134.58
Drivers: 7
id	x	y	end	sensitivity
101	67.49	137.86	16	1.95
102	52.47	87.77	17	0.71
103	196.37	192.98	14	1.02
104	117.39	62.72	15	1.23
105	45.62	34.66	16	1.99
106	172.64	138.77	13	1.95
107	26.51	129.04	13	1.4
Period: 14
Tasks:6
id	x	y	end	c
120	32.91	27.5	20	98.78
121	92.04	129.35	17	30.41
122	22.61	198.9	18	125.58
123	2.95	78.14	15	99.48
124	111.85	79.4	21	23.77
125	14.56	33.84	20	108.06
Drivers: 10
id	x	y	end	sensitivity
108	138.27	85.09	18	1.98
109	37.74	71.59	15	1.86
110	182.92	47.37	14	1.67
111	142.42	99.25	16	0.86
112	33.24	6.19	18	1.11
113	152.39	55.78	14	1.4
114	45.25	156.81	14	0.75
115	197.65	15.75	14	0.58
116	108.33	177.32	14	1.41
117	119.18	26.97	14	1.44
Period: 15
Tasks:12
id	x	y	end	c
126	44.74	173.49	18	91.95
127	48.63	80.72	18	54.87
128	198	197.16	19	138
129	177.98	85.08	20	79.39
130	173.48	144.49	19	85.9
131	59.89	128.86	16	49.41
132	129.54	189.31	17	94.07
133	164.7	37.12	16	90.22
134	116.77	121.39	16	27.18
135	170.9	20.67	21	106.4
136	48.43	24.13	16	91.74
137	166.73	87.97	19	67.81
Drivers: 15
id	x	y	end	sensitivity
118	143.48	122.24	15	0.54
119	151.93	152.22	16	1.67
120	87.02	137.27	15	0.79
121	91.79	93.54	17	1.99
122	32.85	37.37	16	1.97
123	45.61	114.17	15	1.27
124	50.28	29.51	17	1.91
125	5.55	198.22	15	1.33
126	181.55	36.43	17	1.1
127	50.1	114.33	16	1.22
128	9.89	114.14	16	1.52
129	141.39	77.75	16	1.84
130	49.64	152.16	17	1.26
131	141.85	58.15	15	1.24
132	8.39	36.97	15	1.66
Period: 16
Tasks:8
id	x	y	end	c
138	11.28	113.9	20	89.8
139	74.55	48.85	16	57.13
140	76.88	181.29	19	84.51
141	88.74	179.92	17	80.71
142	19.45	114.1	19	81.77
143	20.51	147.56	20	92.63
144	22.09	69.3	20	83.74
145	118.39	191.31	18	93.14
Drivers: 8
id	x	y	end	sensitivity
133	24.23	13.83	17	1.5
134	42.27	121.68	16	0.58
135	177.29	193.51	16	0.52
136	136.84	135.6	18	1.14
137	4.08	110.16	17	1.74
138	133.28	3.42	19	1.58
139	6.22	8.38	17	1.52
140	175.43	40.37	16	1.61
Period: 17
Tasks:7
id	x	y	end	c
146	186.04	193.02	18	126.71
147	96.9	78.97	19	21.26
148	165.96	18.4	18	104.93
149	80.24	41.18	20	62.05
150	32.74	125.5	22	71.93
151	173	89.35	20	73.77
152	17.65	129.74	21	87.56
Drivers: 9
id	x	y	end	sensitivity
141	117.06	21.13	18	0.58
142	160.46	78.33	20	0.73
143	167.98	50.64	17	0.58
144	46.91	195.79	17	1.58
145	195.77	79.39	18	0.97
146	132.8	96.83	17	1.36
147	141.45	65.84	17	0.79
148	123.17	79.57	17	1.58
149	43.63	9.47	17	0.61
Period: 18
Tasks:10
id	x	y	end	c
153	133.57	58.38	22	53.47
154	15.08	96.44	19	84.99
155	127.27	83.11	21	32.08
156	47.29	93.95	21	53.06
157	15.19	107.18	20	85.11
158	10.77	180.6	22	120.24
159	22.37	119.99	23	80.16
160	69.32	151.3	22	59.77
161	197.68	20.42	23	125.99
162	93.93	52.65	20	47.74
Drivers: 13
id	x	y	end	sensitivity
150	26.49	161.8	22	1.27
151	12.25	118.1	19	1.61
152	181.04	138.29	19	0.8
153	117.03	93.14	20	0.56
154	86.25	183.38	21	1.81
155	181.64	61.46	19	1.59
156	116.75	81.82	18	1.86
157	91.32	125.22	18	0.61
158	23.79	76.9	19	1.79
159	43.57	193.91	19	0.55
160	1.33	149.74	18	1.26
161	76.35	125.59	20	0.71
162	41.22	194.56	18	1.32
Period: 19
Tasks:8
id	x	y	end	c
163	45.92	125.2	23	59.66
164	57.45	149.65	23	65.39
165	146.99	79.37	20	51.32
166	173.7	106.15	21	73.96
167	152.22	1.34	20	111.63
168	178.8	118.86	20	81.03
169	181.41	170.91	23	107.96
170	163.14	89.81	23	63.96
Drivers: 9
id	x	y	end	sensitivity
163	34.97	29.39	20	1.08
164	96.22	119.02	19	1.98
165	186.59	67.17	20	0.8
166	40.64	163	20	0.62
167	70.47	64.1	21	1.26
168	113.77	100.88	20	0.96
169	198.67	106.59	20	1.65
170	57.77	79.05	21	1.39
171	24.09	4.77	23	1.75
Period: 20
Tasks:6
id	x	y	end	c
171	160.96	144.91	24	75.72
172	66.07	30.41	21	77.42
173	12.04	79.6	21	90.29
174	74.79	50.67	20	55.4
175	79.37	71.62	24	35.09
176	143.64	132.14	23	54.2
Drivers: 10
id	x	y	end	sensitivity
172	134.12	82.24	20	0.73
173	80	31.9	24	1.97
174	167.79	91.72	24	1.72
175	157.38	49.11	20	0.98
176	145.2	36.35	22	1.24
177	196.84	56.33	20	0.52
178	106.29	7.45	20	1.59
179	69.25	165.24	20	1.27
180	137.68	53.59	20	1.77
181	192.15	198.28	21	1.54
Period: 21
Tasks:10
id	x	y	end	c
177	161.76	103.11	26	61.84
178	85.13	89.15	24	18.41
179	170.39	4.17	22	118.9
180	129.4	18.38	24	86.75
181	21.02	191.35	22	120.76
182	45.09	145.38	23	71.24
183	95.16	13.54	25	86.6
184	6.08	6.22	24	132.72
185	189.01	112.06	24	89.82
186	14.66	160.78	25	104.77
Drivers: 5
id	x	y	end	sensitivity
182	75.53	26.67	21	1.17
183	21.8	93.51	22	1.91
184	33.13	123.33	23	0.79
185	55.23	147.92	22	0.58
186	21.64	172.61	22	1.58
Period: 22
Tasks:10
id	x	y	end	c
187	187.1	101.28	24	87.11
188	8.66	36.14	25	111.45
189	126.03	80.17	26	32.72
190	39.9	47.1	23	80.07
191	146.7	52.15	27	66.86
192	19.52	23.2	27	111.24
193	65.47	127.58	25	44.19
194	80.92	84.45	26	24.61
195	4.75	198.65	23	137.13
196	194.63	161.15	28	112.67
Drivers: 6
id	x	y	end	sensitivity
187	40.36	47.13	23	0.57
188	156.99	75.08	22	0.99
189	189.23	119.89	24	1.53
190	166.65	5.12	23	1.58
191	110.02	107.06	23	0.99
192	0.29	10.84	23	1.67
Period: 23
Tasks:12
id	x	y	end	c
197	106.53	66.09	29	34.53
198	195.98	105.63	30	96.14
199	186.34	152.8	26	101.2
200	20.35	81.81	24	81.7
201	89.05	40.26	25	60.74
202	170.2	193.35	24	116.8
203	56.38	2.4	27	106.9
204	0.62	79.16	26	101.54
205	126.97	135.31	27	44.43
206	105.37	179.89	26	80.07
207	92.38	96.4	28	8.43
208	60.55	159.91	26	71.73
Drivers: 7
id	x	y	end	sensitivity
193	165	100.99	23	0.61
194	25.18	148.61	25	1.24
195	138.06	114.85	26	1.6
196	166.03	57.87	23	1.63
197	107.49	195.32	24	0.76
198	191.97	199.53	26	0.69
199	16.11	142.47	23	1.66
Period: 24
Tasks:11
id	x	y	end	c
209	34.04	123.68	26	70.08
210	67.24	151.36	26	60.92
211	72.79	72.97	26	38.35
212	188.68	44.74	27	104.49
213	13.86	122.42	29	89.01
214	23.54	121.34	31	79.38
215	155.72	17.72	26	99.37
216	63.19	168.61	29	77.86
217	9.51	183.68	26	123.25
218	55.14	65.28	25	56.73
219	79.57	109.36	29	22.47
Drivers: 7
id	x	y	end	sensitivity
200	44.2	88.61	25	1.36
201	27.92	78.65	24	1.47
202	155.29	44.1	24	1.85
203	11.31	59.66	26	0.66
204	16.46	29.5	25	1.97
205	148.86	20.26	25	1.84
206	7.96	127.31	25	0.72
Period: 25
Tasks:12
id	x	y	end	c
220	94.13	189.88	28	90.07
221	123.95	76.59	28	33.49
222	10.8	57.82	30	98.67
223	14.52	87.08	31	86.45
224	170.67	40.04	26	92.68
225	73.9	158.16	28	63.75
226	9.81	106.37	28	90.41
227	6.76	8.05	28	130.95
228	12.18	56.32	29	98.08
229	190.98	34.15	26	112.31
230	108.62	45.32	26	55.36
231	168.82	10.49	28	112.91
Drivers: 7
id	x	y	end	sensitivity
207	15.44	188.8	26	0.61
208	149.48	150.77	25	1.03
209	1.16	164.55	25	0.73
210	28.74	132.48	27	1.25
211	79.27	198.93	26	1.58
212	135.79	59.16	26	0.53
213	74.73	174.24	25	0.71
Period: 26
Tasks:15
id	x	y	end	c
232	187.55	69.83	30	92.6
233	192.54	164.67	31	112.9
234	188.2	110.62	30	88.84
235	45.14	151.79	27	75.44
236	115.36	25.44	28	76.13
237	6.42	191.49	28	130.87
238	59.39	72.98	29	48.78
239	122.81	165.74	30	69.58
240	24.72	29.62	27	103.06
241	42.93	29.39	27	90.79
242	41.3	141.34	28	71.8
243	111.99	1.08	29	99.64
244	192.91	159.9	31	110.55
245	185.16	86.19	32	86.27
246	83.28	111.99	29	20.57
Drivers: 8
id	x	y	end	sensitivity
214	140.65	26.76	26	0.65
215	165.51	14.91	27	1.22
216	199.46	78.56	28	1.87
217	44.5	173.9	26	0.94
218	57.89	159.26	27	0.9
219	150.42	65.62	26	1.08
220	146.09	149.08	31	1.39
221	62.47	149.75	26	1.67
Period: 27
Tasks:4
id	x	y	end	c
247	164.83	115.3	32	66.61
248	47.86	198.26	29	111.24
249	12.91	44.63	34	103.2
250	134.24	52.38	28	58.65
Drivers: 9
id	x	y	end	sensitivity
222	6.81	87.08	27	0.63
223	61.22	75.1	30	1
224	63.07	146.27	29	1.47
225	3.44	197.58	28	1.04
226	181.61	131.78	28	1.07
227	183.59	18.76	27	1.29
228	129.23	50.21	27	1.71
229	31.48	142.21	30	0.73
230	4.52	61.99	31	1.56
Period: 28
Tasks:13
id	x	y	end	c
251	137.1	185.48	29	93.18
252	98.41	51.98	30	48.05
253	67.53	0.99	31	104.2
254	33.28	182.23	35	105.89
255	5.92	40.67	29	111.23
256	183.93	80.8	29	86.1
257	37.54	69.4	31	69.55
258	153.92	159.47	30	80.27
259	173.67	115.35	29	75.25
260	24.7	185.06	32	113.6
261	102.12	168.48	32	68.51
262	188.11	108.43	30	88.51
263	119.51	45.82	28	57.59
Drivers: 9
id	x	y	end	sensitivity
231	132.96	18.23	30	1.81
232	22.49	185.15	29	1.53
233	148.17	37.84	28	1.57
234	21.17	4.87	31	0.57
235	22.2	189.69	29	1.28
236	33.99	120.79	28	1.27
237	167.19	146.54	28	1.58
238	18.58	31.17	29	1.76
239	173.27	118.72	28	1.97
Period: 29
Tasks:11
id	x	y	end	c
264	6.64	114.28	33	94.45
265	68.95	61.28	32	49.63
266	136.77	84.68	33	39.83
267	60.52	95.93	32	39.69
268	75.74	132.78	32	40.78
269	56.26	87.25	32	45.56
270	68.85	13.74	30	91.71
271	93.55	9.88	31	90.35
272	173.21	107.15	32	73.56
273	117.31	105.88	32	18.28
274	117.91	122.14	30	28.48
Drivers: 11
id	x	y	end	sensitivity
240	140.94	86.99	31	1.97
241	41.34	158.96	30	1.34
242	35.61	185.82	31	0.8
243	138.52	177.01	32	1.4
244	2.6	45.57	32	0.8
245	190.54	76.72	29	1.37
246	96.25	110.93	34	0.64
247	123.23	103.03	29	0.68
248	16.51	150.77	29	1.51
249	24.99	180.8	31	0.61
250	100.84	78.49	30	0.7
Period: 30
Tasks:8
id	x	y	end	c
275	179.39	174	36	108.53
276	86.87	74.43	32	28.74
277	136.28	7.9	33	98.99
278	144.91	62.06	33	58.79
279	88.03	37.43	32	63.7
280	186.91	125.77	34	90.65
281	9.1	122.62	33	93.67
282	136.63	173.21	32	81.86
Drivers: 10
id	x	y	end	sensitivity
251	155.37	17.12	30	0.96
252	170.49	117.42	32	1.61
253	63.83	52.99	32	0.72
254	114.07	193.15	30	1.76
255	145.53	190.35	30	0.95
256	77.13	27.85	31	1.5
257	190.91	13.41	30	1.44
258	19.48	49.53	31	1.64
259	122.56	91.21	30	0.67
260	111.7	38.25	33	1.66
Period: 31
Tasks:9
id	x	y	end	c
283	15.61	101.77	34	84.41
284	174.46	107.17	33	74.8
285	165.61	42.33	33	87.35
286	188.39	147.02	34	100.12
287	99.49	142	33	42
288	190.66	28.3	34	115.59
289	2.11	24.51	34	123.62
290	12.56	93.71	36	87.67
291	116.51	143.88	33	46.88
Drivers: 4
id	x	y	end	sensitivity
261	44.87	64.9	32	1.98
262	131.37	188.65	32	0.85
263	88	38.99	33	0.92
264	152.48	168.64	34	1.74
Period: 32
Tasks:9
id	x	y	end	c
292	27.21	129.23	36	78.44
293	150.63	163.32	34	81.07
294	138.28	79.37	36	43.49
295	28.44	118.74	35	73.97
296	43.46	128.3	39	63.23
297	104.89	102.17	32	5.35
298	137.24	83.87	35	40.58
299	158.15	86.93	32	59.6
300	113.6	190.54	36	91.56
Drivers: 9
id	x	y	end	sensitivity
265	162.94	82.98	33	1.1
266	197.65	41.17	32	0.54
267	151	127.9	33	1.66
268	67.84	50.64	32	0.67
269	119.16	41.43	33	1.54
270	140.56	156.64	33	0.56
271	172.73	118.01	34	1.3
272	51.08	186.54	34	1.51
273	67.27	122.68	32	1.25
Period: 33
Tasks:12
id	x	y	end	c
301	24.65	196.76	38	122.64
302	109.72	47.79	36	53.11
303	139.52	169.17	35	79.66
304	88.92	38.26	35	62.73
305	126.62	85.61	36	30.26
306	164.33	96.63	36	64.42
307	148.94	35.02	34	81.35
308	193.75	83.39	35	95.21
309	194.93	102.11	33	94.95
310	50.39	142.62	35	65.4
311	47.44	45.23	39	75.91
312	178.03	159.97	36	98.41
Drivers: 9
id	x	y	end	sensitivity
274	151.51	19.58	33	1.39
275	59.49	83.81	33	1.87
276	134.09	111.55	33	1.02
277	85.69	156.54	36	0.71
278	119.74	196.31	35	0.68
279	18.5	147.68	37	1.04
280	156.34	6.4	33	0.77
281	125.44	87.49	33	0.64
282	34.62	94.42	34	0.96
Period: 34
Tasks:10
id	x	y	end	c
313	129.74	38.97	37	67.89
314	12.48	159.34	35	105.74
315	197.03	143.57	36	106.36
316	60.02	106.49	38	40.5
317	17.3	180.49	36	115.4
318	158.83	30.78	37	90.84
319	106.22	36.28	39	64.02
320	116.25	153.63	38	56.04
321	192.12	89.44	36	92.72
322	82.58	123.18	37	29
Drivers: 11
id	x	y	end	sensitivity
283	98.03	182.38	34	1.24
284	35.38	64.21	34	1.25
285	194.36	27.54	34	1.48
286	92.59	20.31	35	1.91
287	126.44	166.98	34	1.68
288	60.53	114.1	34	1.6
289	70.29	69.13	34	1.29
290	73.34	70.65	34	1.23
291	77.27	91.85	34	1.57
292	40.41	102.05	34	1.85
293	190.99	26.23	36	1.08
Period: 35
Tasks:10
id	x	y	end	c
323	163.35	52.54	36	79.16
324	133.59	29.4	36	78.18
325	84.22	6.17	40	95.15
326	32.1	96.54	36	67.99
327	138.16	140.57	38	55.7
328	46.14	35.42	36	84.09
329	61.01	29.3	36	80.74
330	24.49	173	36	105.03
331	170.55	99.38	36	70.55
332	118.35	132.62	38	37.43
Drivers: 12
id	x	y	end	sensitivity
294	12.34	16.55	35	0.74
295	34.11	34.96	36	1.39
296	133.64	123.22	35	1.74
297	24.83	162.46	35	1.42
298	153.17	88.58	37	1.09
299	94.55	21.12	36	0.98
300	196.89	196.63	39	0.64
301	157.98	27.37	36	0.6
302	72.77	172.81	35	1.4
303	9.22	62.39	36	0.95
304	178.35	4.81	39	1.91
305	199.96	150.74	35	1.02
Period: 36
Tasks:15
id	x	y	end	c
333	132.16	108.52	38	33.27
334	75.16	44.85	41	60.49
335	130.21	125.02	39	39.23
336	66.2	168.76	41	76.62
337	88.48	199.29	39	99.96
338	175.58	38.87	42	97.21
339	59.52	102.71	37	40.57
340	63.14	142.73	36	56.43
341	108.57	130.42	38	31.6
342	152.54	153.31	37	74.85
343	149.59	121.49	37	54.05
344	190.32	152.29	37	104.36
345	21.16	42.59	38	97.53
346	23.31	58.91	42	87
347	158.7	67.25	38	67.22
Drivers: 21
id	x	y	end	sensitivity
306	128.73	115.94	37	0.82
307	165.5	23.99	36	0.57
308	197.33	118.52	36	1.31
309	154.02	154.34	37	1.82
310	192.02	58.54	36	1.86
311	10.83	4.72	38	1.83
312	151.73	91.04	37	1.02
313	73.63	125.43	36	0.72
314	156.89	63.79	38	1.51
315	85.17	131.25	36	1.56
316	119.08	71.95	37	0.74
317	78.66	56.66	38	1.87
318	124.28	76.71	36	1.89
319	78.75	127.9	38	1.3
320	158.3	194.33	37	0.97
321	142.12	3.09	37	0.77
322	178.28	77.06	39	1.38
323	152.47	17.6	36	1.44
324	10.66	46.7	36	0.75
325	23.18	13.33	38	0.69
326	103.19	186.47	36	1.79
Period: 37
Tasks:7
id	x	y	end	c
348	66.64	51.18	39	59.13
349	50.59	21.85	40	92.46
350	176.26	41.5	38	96.11
351	19.93	70.71	44	85.26
352	165.1	44.4	39	85.61
353	21.14	173.16	39	107.57
354	170.79	138.13	38	80.41
Drivers: 10
id	x	y	end	sensitivity
327	24.08	119.11	38	1.9
328	35.07	54.35	39	0.87
329	46.81	138.13	39	1.09
330	163.25	148.15	38	2
331	165.99	90.97	38	1.03
332	168.96	61.06	37	1.45
333	161.39	162.74	39	1.06
334	1.43	91.29	39	1.11
335	67	9.15	39	1.67
336	91.71	114.26	38	1.43
Period: 38
Tasks:4
id	x	y	end	c
355	142.81	118.71	41	46.72
356	115.31	159.74	40	61.67
357	110.13	102.69	43	10.48
358	114.89	6.95	39	94.23
Drivers: 8
id	x	y	end	sensitivity
337	10.62	39.55	38	1.99
338	103.38	148.39	39	1.6
339	134.85	94.15	40	1.87
340	188.54	104.18	38	1.71
341	122.19	161.71	39	1.83
342	43.13	86.4	39	0.55
343	2.66	126.28	38	1.04
344	183.79	45.65	39	1.01
Period: 39
Tasks:8
id	x	y	end	c
359	70.8	158.03	41	64.96
360	21.09	178.29	43	111.16
361	194.99	29.13	39	118.51
362	155.36	128.36	41	62.2
363	8.72	58.08	42	100.45
364	92.72	193.87	44	94.15
365	35.74	129.15	41	70.56
366	186.71	102.06	40	86.73
Drivers: 12
id	x	y	end	sensitivity
345	74.58	134.94	39	1.19
346	37.58	16.81	39	1.07
347	154.69	15.28	40	1.49
348	87.57	59.73	39	0.71
349	38.28	123.24	40	1.97
350	80.42	166.35	40	1.39
351	182.58	115.18	40	1.1
352	84.11	153.61	40	1.73
353	61.47	35.11	43	1.89
354	174.65	50.23	40	0.69
355	132.86	180.65	39	1.77
356	145.12	130.8	41	0.8
Period: 40
Tasks:12
id	x	y	end	c
367	0.95	29.98	45	121.3
368	20.28	84.58	44	81.2
369	45.02	107.69	43	55.52
370	127.19	124.54	41	36.63
371	133.08	30.73	42	76.76
372	86.65	57.47	42	44.58
373	119.83	116.55	40	25.83
374	92.23	111.46	42	13.85
375	144.4	54.73	44	63.41
376	197.46	144.24	41	107.03
377	83.74	90.31	41	18.93
378	187.13	190.12	43	125.35
Drivers: 14
id	x	y	end	sensitivity
357	179.99	106.33	42	1.35
358	166.53	101.46	41	1.55
359	130.89	85.28	41	1.74
360	170.09	131.78	41	1.09
361	91.68	79.86	40	1.5
362	101.7	179.93	41	1.85
363	32.67	118.12	40	1.3
364	180.43	181.9	41	1.1
365	61.67	37.43	41	0.82
366	161.05	161.3	43	1.97
367	72.53	8.3	42	1.87
368	162.9	41.5	41	1.17
369	150.23	21.36	40	1.31
370	135.38	22.82	40	2
Period: 41
Tasks:8
id	x	y	end	c
379	98	121.52	41	21.61
380	101.76	158.75	43	58.78
381	19.83	164.03	46	102.6
382	146.29	141.11	44	61.91
383	151.94	89.92	45	52.91
384	158.6	196.02	44	112.49
385	97.8	49.69	46	50.36
386	68.67	11.23	44	94.14
Drivers: 8
id	x	y	end	sensitivity
371	87.61	33.1	41	1.36
372	118.67	127.31	42	1.83
373	152.13	107.41	43	0.76
374	171.67	38.8	43	1.11
375	74.48	123.48	42	0.63
376	178.32	5.64	42	1.15
377	122.06	0.5	43	1.4
378	155.09	38.3	41	1.1
Period: 42
Tasks:6
id	x	y	end	c
387	105.89	10.05	47	90.14
388	141.29	7.26	48	101.52
389	101.51	174.92	47	74.94
390	67.24	77.81	43	39.57
391	167.41	130.65	46	74.05
392	12.58	25.61	43	114.79
Drivers: 10
id	x	y	end	sensitivity
379	143.72	84.27	42	1.56
380	136.26	80.09	43	1.4
381	37.12	50.5	44	0.76
382	110.88	199.63	44	1.4
383	22.69	147.98	44	1.59
384	49.6	9.82	45	0.98
385	154.79	98.18	43	1.56
386	57.1	113.37	42	0.97
387	184.81	42.97	43	1.45
388	23.03	1.09	42	1.47
Period: 43
Tasks:12
id	x	y	end	c
393	26.57	195.78	44	120.69
394	34.16	193.78	47	114.58
395	19.54	78.45	43	83.3
396	49.69	132.67	48	59.99
397	47.1	107.81	45	53.47
398	123.63	8.91	48	94.11
399	93.87	147.15	46	47.55
400	153.75	98.78	46	53.76
401	147.65	189.42	46	101.32
402	114.08	69.68	46	33.43
403	26.78	114.59	45	74.66
404	90.98	4.62	44	95.81
Drivers: 12
id	x	y	end	sensitivity
389	184.26	52.47	44	1.46
390	34.43	82.26	44	1.27
391	157.87	91.78	44	0.96
392	51.06	108.58	45	0.85
393	188.17	151.34	44	1.62
394	185.47	95.65	44	0.98
395	182.33	164.34	45	0.71
396	46.66	177.02	43	1.41
397	137.78	168.37	46	0.67
398	187.38	37.06	44	1.5
399	30.83	14.05	45	1.58
400	122.22	87.78	43	1.68
Period: 44
Tasks:13
id	x	y	end	c
405	160.72	38.48	46	86.44
406	118.23	33.66	47	68.8
407	84.27	39.33	46	62.68
408	195.28	22.14	46	123.05
409	21.37	64.82	48	86.14
410	194.91	2.2	47	136.28
411	34.54	174.31	47	99.03
412	106.24	30.28	47	70
413	87.7	62.4	48	39.56
414	179.99	118.36	47	82.07
415	138.11	183.06	49	91.39
416	134.9	78.72	46	40.88
417	40.28	102.39	48	59.77
Drivers: 6
id	x	y	end	sensitivity
401	154.85	66.03	44	0.65
402	68.39	109.66	44	0.59
403	128.15	88.42	45	1.42
404	62.13	159.97	44	1.56
405	114.51	5.41	46	1.38
406	93.13	80.72	44	0.9
Period: 45
Tasks:8
id	x	y	end	c
418	112.32	8.71	50	92.12
419	86.61	6.08	45	94.87
420	106.63	150.07	49	50.51
421	195.24	146.6	51	106.03
422	188.81	51.58	47	101.15
423	164.66	72.38	48	70.31
424	52.69	134.11	48	58.32
425	158.17	125.87	46	63.66
Drivers: 7
id	x	y	end	sensitivity
407	196.15	109.17	47	0.65
408	82.77	147.19	45	1.49
409	185.3	86.46	45	1.63
410	171.22	152.42	46	1.65
411	62.21	91.96	45	1.54
412	109.58	126.35	46	1.07
413	181.4	34.97	45	0.98
Period: 46
Tasks:12
id	x	y	end	c
426	100.98	47.85	46	52.16
427	163.64	106.32	50	63.95
428	83.13	35.38	48	66.79
429	30	34.25	49	96.04
430	63.19	31.02	51	78.19
431	155.18	124.97	49	60.57
432	118.17	180.22	47	82.25
433	126.33	13.73	47	90.2
434	39.78	132.19	48	68.28
435	118.93	166.9	47	69.53
436	117.66	36.21	56	66.19
437	196.23	128.96	49	100.49
Drivers: 10
id	x	y	end	sensitivity
414	198.16	77.75	46	1.48
415	198.14	103.1	47	1.86
416	58.3	197.73	47	1.15
417	65.81	110.01	49	1.77
418	116.28	167.49	46	1.42
419	151.97	187.15	48	0.58
420	169.32	114.1	48	0.59
421	49.44	134.38	46	0.55
422	148.57	89.95	47	1.26
423	6.41	8.72	47	0.78
Period: 47
Tasks:11
id	x	y	end	c
438	56.08	30.24	53	82.43
439	29.75	136.89	49	79.35
440	6.35	154.58	53	108.39
441	27.01	5.1	53	119.72
442	30.27	51.59	51	84.89
443	46.1	193.76	50	108.15
444	55.68	159.42	51	74.13
445	119.64	44.59	50	58.79
446	20.82	162.85	48	101.09
447	173.15	95.65	50	73.28
448	128.54	107.71	50	29.56
Drivers: 10
id	x	y	end	sensitivity
424	155.55	59.07	47	1.48
425	137.83	57.11	47	1.53
426	127.18	150.63	47	0.99
427	16.1	172.29	47	1.03
428	192.89	143.03	48	0.62
429	159.86	6.29	48	1.4
430	159.85	34.97	51	1.95
431	160.91	186.53	50	0.83
432	109.62	103.29	50	1.97
433	132.72	74.16	47	1.98
Period: 48
Tasks:9
id	x	y	end	c
449	160.85	68.38	50	68.58
450	28.11	161.26	51	94.45
451	106.59	81.05	49	20.06
452	120.88	170.49	53	73.52
453	74.21	89.28	48	27.93
454	191.97	105.51	53	92.13
455	113.67	1.19	50	99.75
456	22.57	8.9	51	119.56
457	42.87	124.33	52	62.09
Drivers: 13
id	x	y	end	sensitivity
434	78.82	107.02	51	1.96
435	113.51	157.36	48	0.59
436	117.31	188.03	49	0.8
437	98.01	149.78	48	0.86
438	91.73	126.79	49	1.76
439	118.15	193.23	48	1.14
440	124.92	193.16	49	1.71
441	94.63	24.8	49	1.66
442	163.81	17.09	51	1.8
443	149.87	65.2	50	0.58
444	48.99	0.44	49	1.78
445	147.52	106.89	49	1.89
446	173.72	101.1	48	0.97
Period: 49
Tasks:11
id	x	y	end	c
458	30.64	99.09	49	69.37
459	14.47	168.62	50	109.65
460	171.21	120.13	52	74
461	130.05	176.58	53	82.26
462	25.72	123.65	51	77.95
463	80.51	126.86	51	33.19
464	187.98	145.76	52	99.17
465	70.62	161.91	52	68.53
466	122.99	97	51	23.18
467	45.33	103.55	53	54.79
468	132.17	127.88	52	42.57
Drivers: 8
id	x	y	end	sensitivity
447	58.93	185.68	49	1.57
448	51.1	137.06	50	0.75
449	193.94	185.01	49	1.6
450	152.75	8.88	51	1.83
451	116.21	109.25	49	1.54
452	95.96	117.92	50	1.41
453	195.31	30.05	51	1.94
454	16.13	7.12	51	0.88
Period: 50
Tasks:10
id	x	y	end	c
469	148.8	159.5	50	76.95
470	134.17	191.4	51	97.58
471	137.9	3.92	55	103.28
472	80.45	183.91	52	86.16
473	22.85	108.58	57	77.63
474	199.13	164.16	54	118.08
475	187.29	88.54	53	88.04
476	36.46	85.31	54	65.22
477	162.74	160.28	53	87.01
478	153.07	61.42	53	65.61
Drivers: 11
id	x	y	end	sensitivity
455	86.95	117.73	50	1.19
456	13.52	146.04	50	1.95
457	166.15	35.92	50	0.92
458	172.71	92.76	50	0.86
459	17.44	186.27	51	1.01
460	94.71	92.51	51	0.77
461	121.65	18.13	50	1.88
462	156.5	120.28	50	0.96
463	57.69	149.8	52	1.74
464	152.26	93.22	50	1.66
465	195.22	52.31	52	1.66
Period: 51
Tasks:6
id	x	y	end	c
479	144.63	174.23	54	86.61
480	171.41	142.71	54	83.21
481	85.02	0.41	53	100.71
482	144.95	113.3	54	46.88
483	130.02	153.83	54	61.63
484	72.24	152.42	55	59.32
Drivers: 12
id	x	y	end	sensitivity
466	67.19	193.93	52	0.98
467	184.67	139.34	54	1.15
468	77.56	190.8	54	0.9
469	25.8	186.85	52	0.66
470	17.77	18.59	54	0.6
471	67.38	166.26	54	0.7
472	74.15	10.86	51	1.62
473	161.96	120.49	54	0.56
474	198.96	182.07	52	1.27
475	58.27	174.01	52	1.06
476	141.89	51.65	52	1.93
477	123.58	23.04	51	1.43
Period: 52
Tasks:9
id	x	y	end	c
485	102.09	30.96	56	69.07
486	111.63	68.32	55	33.75
487	153.9	16.46	56	99.42
488	68.73	7.78	56	97.38
489	84.36	119.06	55	24.66
490	128.35	134.24	53	44.45
491	144.03	44.86	54	70.56
492	12.37	59.26	53	96.64
493	16.42	155.56	58	100.36
Drivers: 13
id	x	y	end	sensitivity
478	127.4	44.28	54	0.84
479	14.11	146.08	54	1.94
480	13.97	158.32	53	0.56
481	120.9	158.58	55	0.62
482	98.3	155.77	54	1.63
483	14.76	21.07	54	1.59
484	59.55	175.14	52	1.35
485	143.69	79.46	53	0.53
486	183.03	69.26	53	1.09
487	143.9	77.45	52	0.84
488	183.13	5.31	53	1.64
489	16.13	129.42	52	1.51
490	148.35	125.77	54	1.73
Period: 53
Tasks:10
id	x	y	end	c
494	20.36	134.18	55	86.66
495	18.71	81.1	58	83.46
496	15.8	33.92	55	107.03
497	187.33	146.71	59	99.04
498	95.04	109.55	56	10.76
499	18.03	76.14	58	85.37
500	125.94	4.96	54	98.52
501	199.9	145.82	55	109.91
502	114.56	160.89	60	62.61
503	119.01	169.89	56	72.43
Drivers: 11
id	x	y	end	sensitivity
491	174.38	152.52	55	1.95
492	26.94	1.51	55	0.94
493	126.4	105.53	55	0.5
494	14.8	65.19	54	1.34
495	97.94	47.71	53	1.43
496	3.65	40.52	55	1.84
497	26.08	187.08	56	0.74
498	20.68	177.73	53	1.46
499	132.78	26.21	53	0.71
500	115.65	103.19	54	0.67
501	53.88	12.02	54	1.75
Period: 54
Tasks:11
id	x	y	end	c
504	69.46	27.17	55	78.97
505	170.43	44.29	56	89.8
506	167.54	112.86	57	68.75
507	97.37	163.42	55	63.47
508	108.68	147.05	57	47.84
509	151.79	127.84	56	58.8
510	135.01	27.34	57	80.65
511	164.89	192.76	56	113.2
512	66.29	149.51	61	59.9
513	185.07	175.12	56	113.49
514	141.49	147.76	58	63.26
Drivers: 5
id	x	y	end	sensitivity
502	141.54	99.92	55	1.38
503	116.38	138.55	55	0.83
504	17.12	195.15	55	1
505	157.43	47.45	54	1.58
506	123.77	125.37	55	1.82
Period: 55
Tasks:8
id	x	y	end	c
515	117.72	95.85	58	18.2
516	186.07	183.39	56	119.84
517	14.03	197.63	58	130.09
518	46.98	81.35	59	56.2
519	168.27	69.52	57	74.77
520	132.61	135.22	58	48
521	83.89	130.58	61	34.56
522	172.82	190	61	115.77
Drivers: 8
id	x	y	end	sensitivity
507	111.71	139.59	57	1.87
508	108.6	23.54	55	1.51
509	2.3	81.76	57	1.87
510	164.27	148.57	59	1.82
511	20.94	180.75	56	1.9
512	95.04	117.89	56	1.36
513	88.71	150.97	56	0.69
514	148.1	157.09	56	1.98
Period: 56
Tasks:11
id	x	y	end	c
523	16.62	125.52	59	87.2
524	108.1	139.61	58	40.43
525	117.01	184.21	56	85.91
526	136.1	67.01	59	48.9
527	38.76	14.55	59	105.13
528	81.34	71.22	56	34.3
529	195.21	161.17	61	113.17
530	53.86	112.22	59	47.73
531	1.4	66.62	59	104.1
532	100.73	8.62	59	91.38
533	130.8	86.38	57	33.68
Drivers: 11
id	x	y	end	sensitivity
515	71.04	161.75	56	1.6
516	124.14	54.08	58	1.06
517	55.91	134.01	57	0.8
518	117.12	21.1	57	1.33
519	7.58	196.73	58	0.53
520	22.06	12.74	57	1.69
521	96.23	166.02	56	1.79
522	119.7	84.54	60	1.44
523	149	165.09	58	0.52
524	167.17	154.3	57	1.38
525	160.92	99.13	56	0.87
Period: 57
Tasks:8
id	x	y	end	c
534	53.99	3.74	59	106.69
535	18.4	117.71	61	83.5
536	73.65	68.74	63	40.88
537	84.65	96.24	59	15.8
538	145.77	46.06	60	70.74
539	130.58	14.78	61	90.54
540	64.94	36.58	59	72.47
541	39.54	126.56	59	66.04
Drivers: 13
id	x	y	end	sensitivity
526	179.9	91.17	59	0.59
527	40.85	119.96	57	1.02
528	156.52	184.48	57	0.91
529	107.02	77.14	57	1.24
530	159.49	100.42	58	0.68
531	184.39	181.43	57	0.87
532	177.85	54.85	58	0.62
533	75.11	4.21	58	1.59
534	120.94	111.93	58	0.99
535	193.46	58.03	59	1.14
536	0.17	139.22	58	0.58
537	84.9	111.7	58	0.85
538	112.39	106.71	59	0.91
Period: 58
Tasks:11
id	x	y	end	c
542	88	105.11	61	13.04
543	59.71	64.2	61	53.9
544	170.9	154.89	61	89.66
545	100.78	90.73	59	9.3
546	128.09	87.71	61	30.66
547	116.57	120.94	64	26.7
548	74.73	20.16	60	83.74
549	58.36	148.26	62	63.74
550	57.25	27.77	61	83.93
551	85.76	123.92	58	27.84
552	16.92	122.54	63	86.08
Drivers: 10
id	x	y	end	sensitivity
539	24.14	69.13	58	1.51
540	76.31	68.21	59	1.31
541	126.14	23.64	58	0.94
542	171.77	117.14	60	1.55
543	120.02	26.35	61	1.44
544	148.76	66.6	60	1.51
545	130.74	154.95	58	1.15
546	70.1	98.91	59	1.2
547	45.46	39.08	58	0.83
548	156.7	194.04	58	0.77
Period: 59
Tasks:10
id	x	y	end	c
553	110.83	33.03	63	67.84
554	177.61	123.45	59	81.08
555	171.87	139.87	61	82.19
556	103.18	13.16	62	86.9
557	0.09	3.47	60	138.92
558	156.77	19.05	62	98.87
559	98.19	169.64	60	69.66
560	125.25	43.57	65	61.82
561	49.49	25.76	61	89.79
562	65.88	75.45	62	42.03
Drivers: 5
id	x	y	end	sensitivity
549	95.98	131.51	59	0.59
550	181.08	53.49	61	1.41
551	114.13	99.09	59	1.82
552	168.42	199.35	60	1.86
553	194.78	36.53	61	1.69
Period: 60
Tasks:7
id	x	y	end	c
563	62.44	68.88	62	48.78
564	1.77	97.56	63	98.26
565	125.98	149.87	63	56.23
566	172.21	36.13	63	96.4
567	28.3	164.09	60	96.17
568	28.13	141.74	61	83.11
569	158.41	194.76	62	111.32
Drivers: 12
id	x	y	end	sensitivity
554	7.05	64.97	60	1.26
555	27.72	151.43	60	0.58
556	75.11	14.05	61	1.56
557	0.55	131.98	60	0.62
558	127.48	134.35	60	1.62
559	163.18	29.41	63	0.77
560	161.83	100.16	60	1.51
561	10.09	95.98	61	0.62
562	178.8	96.19	61	1.84
563	191.53	180.24	63	1.35
564	89.97	123.69	61	0.69
565	132.24	65.37	61	1.66
Period: 61
Tasks:12
id	x	y	end	c
570	97.54	148.06	64	48.12
571	111.07	87.89	64	16.41
572	29.75	45.11	63	89.15
573	113.88	4.41	61	96.59
574	1.8	91.4	61	98.58
575	147.88	197.81	63	108.9
576	65.98	29.4	65	78.37
577	125.93	145.82	63	52.65
578	196.69	37.4	65	115.19
579	92.38	66.23	63	34.62
580	105.4	7.83	63	92.33
581	96.22	192.35	64	92.43
Drivers: 11
id	x	y	end	sensitivity
566	9.75	81.5	61	1.76
567	40.77	155.68	61	1.09
568	104.04	2.55	63	1.65
569	0.8	93.57	62	1.43
570	2.06	62.57	61	0.76
571	198.58	167.6	63	1.93
572	50.91	116.99	62	0.52
573	56.03	13.67	63	0.63
574	168.84	10.49	67	1.64
575	115.5	88.65	61	1.7
576	146.26	49.01	62	1.1
Period: 62
Tasks:12
id	x	y	end	c
582	81.3	80.61	67	26.94
583	155.73	191.09	64	106.79
584	29.16	32.5	63	97.85
585	16.87	38.53	63	103.39
586	98.72	167.71	67	67.72
587	4.67	145.44	68	105.61
588	42.85	185.28	68	102.66
589	175.56	183.13	62	112.34
590	92.62	34.16	66	66.25
591	114.49	96.15	64	14.99
592	113.36	146.51	64	48.39
593	170.66	99.97	65	70.66
Drivers: 9
id	x	y	end	sensitivity
577	65.98	169.17	65	1.62
578	190.16	20.39	62	1.15
579	161.58	46.32	63	0.59
580	191.29	20.07	63	1.12
581	51.28	146.22	62	1.69
582	124.68	126.46	64	0.67
583	155.97	186.08	62	1.8
584	160.4	116.48	64	1.26
585	86.37	127.94	62	1.1
Period: 63
Tasks:5
id	x	y	end	c
594	35.63	62.46	69	74.52
595	173.95	26.45	65	104.3
596	113.01	149.46	64	51.14
597	20.2	22.76	63	111.06
598	48.12	155.5	67	75.97
Drivers: 7
id	x	y	end	sensitivity
586	1.95	181.51	64	0.95
587	140.09	64.87	64	0.93
588	79.37	146.82	63	1.67
589	182.79	180.23	64	1.31
590	176.11	167.78	64	0.74
591	139.56	75.02	66	0.91
592	58.43	31.83	63	1.51
Period: 64
Tasks:13
id	x	y	end	c
599	117.17	91.24	67	19.28
600	141.29	102.21	67	41.35
601	85.89	124.36	66	28.15
602	24.45	116	70	77.23
603	92.73	14.58	65	85.73
604	101.36	78.6	65	21.44
605	173.05	158.71	68	93.72
606	86.24	128.78	70	31.9
607	63.34	22.64	69	85.61
608	101.41	58.48	68	41.54
609	106.26	151.08	68	51.46
610	2.6	180.83	70	126.57
611	106.35	82.95	66	18.19
Drivers: 6
id	x	y	end	sensitivity
593	63.87	188.33	66	1.47
594	14.31	198.32	67	0.75
595	180.78	196.64	64	1.13
596	167.56	163.48	67	1.59
597	24.84	103.69	64	1.41
598	75.5	10.74	65	0.68
Period: 65
Tasks:10
id	x	y	end	c
612	179.83	28.78	67	106.98
613	16.78	9.56	68	122.9
614	7.64	99.07	68	92.36
615	46.15	56.89	69	68.98
616	124.08	52.11	69	53.6
617	145.45	54.97	68	63.98
618	48.4	111.99	65	52.97
619	129.41	13.65	71	91.22
620	190.22	115.67	69	91.57
621	170.2	89.36	68	71
Drivers: 8
id	x	y	end	sensitivity
599	65.64	165.02	67	0.88
600	16.36	1.86	66	1.26
601	55.39	129.6	66	1.85
602	35.08	127.7	69	0.79
603	175.76	0.77	65	1.78
604	45.92	155.6	67	0.52
605	194.26	78.92	65	0.75
606	151.66	123.02	66	1.07
Period: 66
Tasks:13
id	x	y	end	c
622	25.76	21.48	69	108.06
623	104.64	159.1	70	59.28
624	101.02	34.51	72	65.5
625	3.61	8.44	70	132.94
626	121.76	133.15	69	39.65
627	138.17	36.97	67	73.69
628	4.82	3.48	69	135.56
629	25.53	18.19	70	110.63
630	91.31	42.36	67	58.29
631	167.54	9.05	68	113.29
632	167.94	153.16	70	86.27
633	56.46	3.93	69	105.48
634	70.6	32.82	68	73.33
Drivers: 11
id	x	y	end	sensitivity
607	11.04	124.43	68	1.44
608	50.39	15.23	67	1.93
609	140.42	100.88	70	1.05
610	13.03	151.06	66	1.35
611	159.11	111.56	66	1.66
612	77.66	110.85	68	0.72
613	2.67	17.94	66	1.97
614	189.97	166.78	67	1.24
615	163.6	151.69	66	1.77
616	153.51	28.51	66	1.5
617	106.58	182.99	66	1.58
Period: 67
Tasks:12
id	x	y	end	c
635	94.57	25.79	69	74.41
636	193.94	9.12	71	130.71
637	194.82	6.31	70	133.3
638	143.82	38.16	68	75.79
639	114.82	52.59	67	49.67
640	7.78	40.42	68	109.79
641	151.3	9.99	69	103.6
642	30.26	197.08	68	119.53
643	139.54	95.02	74	39.85
644	16.52	174.56	70	111.93
645	175.59	25.55	72	106.1
646	21.14	137.11	69	87.16
Drivers: 7
id	x	y	end	sensitivity
618	67.37	69.14	67	1.82
619	66.46	102.05	68	0.94
620	174.01	100.38	68	1.53
621	118.53	79.61	70	1.55
622	152.77	196.12	67	1.09
623	73.86	48.33	67	0.86
624	42.13	68.3	67	1.94
Period: 68
Tasks:11
id	x	y	end	c
647	198.65	141.96	72	107.2
648	127.12	139.59	75	47.99
649	168.88	167.3	74	96.3
650	195.97	141.5	71	104.56
651	194.67	10.62	74	130.2
652	20.66	19.29	72	113.18
653	28.23	150.78	69	87.92
654	65.79	47.32	68	62.81
655	181.95	13.11	72	119.44
656	160.63	170.24	74	92.79
657	60.53	180.85	72	89.97
Drivers: 16
id	x	y	end	sensitivity
625	7.06	14.21	68	1.55
626	176.44	81.11	69	1.5
627	80.69	177.01	69	1.34
628	142.61	86.9	70	1.57
629	194.7	107.87	69	1.63
630	99.18	135.46	71	1.35
631	85.61	186.28	69	1.96
632	112.14	145.91	68	1.74
633	46.7	67.88	68	1.23
634	117.46	79.95	68	1.21
635	81.9	28.57	69	0.87
636	158.8	104.14	69	1.94
637	183.66	168.67	70	1.3
638	124.64	167.85	69	1.08
639	100.19	94.28	69	1.16
640	7.32	45.74	69	1.7
Period: 69
Tasks:10
id	x	y	end	c
658	138.09	20.7	71	87.97
659	73.16	27.51	72	77.3
660	78.48	171.17	72	74.35
661	157.09	20.04	70	98.25
662	110.3	88	73	15.81
663	6.18	89.35	73	94.42
664	44.32	129.13	74	62.84
665	99.87	36.86	73	63.14
666	106.86	192.35	71	92.6
667	93.91	0.17	70	100.02
Drivers: 13
id	x	y	end	sensitivity
641	82.64	19.81	69	1.54
642	7.1	36.39	69	1.13
643	149.79	190.71	69	0.94
644	131.49	157.53	71	1.51
645	127.22	174.97	69	1.97
646	187.67	46.36	69	0.79
647	113.44	146.65	69	0.57
648	50.61	156.69	72	1.5
649	14.08	127.37	72	1.55
650	68.44	118.12	70	0.9
651	10.99	62.42	69	0.85
652	117.97	56.93	72	1.95
653	64.37	2.13	70	1.21
Period: 70
Tasks:14
id	x	y	end	c
668	188.64	122.78	76	91.52
669	67.16	156.52	71	65.37
670	154.37	138.31	70	66.51
671	95	185.25	75	85.4
672	61.58	76.03	70	45.28
673	157.24	81.68	73	60.1
674	89.14	79.21	74	23.46
675	172.08	132.7	72	79.15
676	75.3	17.97	72	85.67
677	190.94	135.11	71	97.48
678	169.04	177.25	72	103.61
679	31.63	185.94	72	109.82
680	44.34	145.29	73	71.76
681	100.46	58.72	76	41.28
Drivers: 11
id	x	y	end	sensitivity
654	62.3	9.21	73	0.74
655	190.14	88.8	72	1.07
656	136.88	194.7	71	1.6
657	153.12	192.98	70	1.51
658	12.62	27.74	70	1.99
659	103.02	53.41	72	1.25
660	154.93	51.82	71	1.21
661	181.02	128.13	70	1.87
662	52.34	24.67	71	1.28
663	96.94	15.81	70	1.37
664	152.02	191.31	74	0.52
Period: 71
Tasks:10
id	x	y	end	c
682	189.67	40.7	72	107.5
683	96.35	128.06	74	28.3
684	21.54	33.68	73	102.73
685	113.21	50.32	73	51.41
686	154.42	103.67	73	54.54
687	165.8	50.57	76	82.3
688	64.14	28.26	76	80.2
689	162.81	177.46	74	99.73
690	142.48	115.11	74	45.09
691	65.06	178.75	72	86.15
Drivers: 6
id	x	y	end	sensitivity
665	34.4	75.51	72	0.64
666	67.76	79.05	74	0.83
667	168.12	70.28	72	0.87
668	30.47	94.12	73	0.76
669	189.77	101.19	71	0.78
670	1.74	69.06	74	1.81
Period: 72
Tasks:15
id	x	y	end	c
692	181.94	172.22	73	109.22
693	69.25	187.42	77	92.67
694	196.5	27.66	76	120.6
695	65.17	23.4	73	84.15
696	59.24	175.79	76	86.06
697	6.56	152.48	78	107.17
698	168.51	150.43	73	85.07
699	157.44	165.77	75	87.32
700	26.12	73.44	73	78.51
701	163.43	64.89	74	72.5
702	71.97	59.55	76	49.21
703	106.8	32.9	73	67.44
704	5.45	44.46	75	109.66
705	182.02	102.92	75	82.07
706	109.55	140.45	76	41.56
Drivers: 13
id	x	y	end	sensitivity
671	185.92	2	72	1.66
672	185.64	99.5	72	1.45
673	194.33	96.15	72	1.11
674	146.18	122.68	72	1.18
675	37.99	185.37	73	1.42
676	176.43	173.57	74	1.08
677	68.53	17.53	72	1.56
678	18.28	119.16	73	0.76
679	76.05	43.77	72	1.89
680	107.38	123.55	73	0.96
681	89.98	95.34	74	1.49
682	152.82	88.77	73	0.56
683	105.98	56.01	73	1.58
Period: 73
Tasks:7
id	x	y	end	c
707	198.1	59.01	75	106.32
708	8.34	4.35	76	132.48
709	67.68	19.55	76	86.7
710	5.13	129.52	75	99.36
711	123.61	10.6	80	92.47
712	21.52	182.38	75	113.78
713	84.43	83.22	76	22.89
Drivers: 14
id	x	y	end	sensitivity
684	100.12	180.15	73	1.05
685	36.84	85.93	76	1.55
686	66.31	103.35	75	1.7
687	98.32	2.27	73	1.19
688	26.86	73.43	73	1.08
689	153.01	26.55	73	0.79
690	110.96	189.73	73	0.5
691	20.25	164.54	73	1.36
692	181.72	139.89	74	1.33
693	39.74	152.43	74	0.86
694	8.55	161.85	73	1.34
695	62.35	26.64	73	1.57
696	3.79	58.36	73	0.85
697	177.17	8.79	73	0.97
Period: 74
Tasks:10
id	x	y	end	c
714	65.06	27.48	77	80.5
715	166.95	127.48	78	72.37
716	147.61	46.35	78	71.73
717	27.75	115.67	80	73.93
718	168.28	75.06	76	72.69
719	140.67	82.63	77	44.22
720	3.43	10.76	74	131.49
721	189.42	174.89	79	116.64
722	141.72	129.64	75	51.18
723	179.99	148.6	77	93.6
Drivers: 11
id	x	y	end	sensitivity
698	47.19	3.06	76	1.61
699	173.51	83.53	75	1.8
700	86.52	66.61	75	0.58
701	142.47	162.32	75	1.01
702	31.61	62.31	74	1.94
703	123.89	86.54	75	1.72
704	129.43	166.88	75	1.7
705	95.22	199.2	74	0.97
706	4.05	174.39	76	1.46
707	156.81	14.11	76	0.54
708	75.51	129.67	76	0.86
Period: 75
Tasks:12
id	x	y	end	c
724	175.82	12.6	79	115.7
725	195.49	7.86	76	132.7
726	84.93	129.67	77	33.28
727	151.7	93.39	75	52.12
728	133.11	191.97	76	97.75
729	197.03	155.21	81	111.64
730	69.55	156.3	78	64.01
731	102	30.74	78	69.29
732	163.22	89.32	79	64.12
733	27	36.94	77	96.47
734	26.72	135.84	78	81.57
735	7.74	31.15	76	115.12
Drivers: 11
id	x	y	end	sensitivity
709	144.45	6.63	75	1.57
710	31.04	7.57	75	0.89
711	91.28	176.38	77	1.19
712	48.75	138.66	75	0.77
713	77.11	166.95	76	1.6
714	191.51	78.38	77	1.15
715	42.67	79.07	75	1.19
716	163.92	8.61	77	1.43
717	12.02	158.18	77	0.89
718	171.23	118.92	76	0.97
719	12.46	173.54	76	0.8
Period: 76
Tasks:6
id	x	y	end	c
736	97.1	4.47	78	95.57
737	140.77	129.42	81	50.28
738	177.13	64.36	79	84.97
739	98.99	185.2	78	85.21
740	6.8	80.12	79	95.3
741	35.26	28.93	81	96.14
Drivers: 7
id	x	y	end	sensitivity
720	90.17	22.64	77	1.57
721	61.17	36.19	77	1.84
722	84.46	132.68	77	0.93
723	66.25	92.83	80	1.79
724	178.44	45.02	77	0.59
725	73.72	166.69	79	0.71
726	93.15	196.78	79	1.92
Period: 77
Tasks:8
id	x	y	end	c
742	180.16	66.07	80	87.05
743	180.62	39.73	78	100.66
744	167.32	96.57	79	67.41
745	31.19	88.2	82	69.81
746	93.34	196.08	79	96.31
747	39.67	15.41	82	103.9
748	182.6	92.95	79	82.9
749	146.96	142.69	79	63.46
Drivers: 13
id	x	y	end	sensitivity
727	189.5	77	78	1.87
728	167.33	99.85	79	1.42
729	125.99	136.14	77	0.81
730	166.13	74.01	78	1.07
731	120.69	188.94	78	1.78
732	15.11	9.97	79	0.66
733	130.01	1.93	79	0.83
734	71	140.09	79	1.16
735	36.21	168.34	77	0.67
736	26.31	144.7	78	1.13
737	123.05	32.86	78	1.65
738	0.85	53.06	78	0.57
739	197.7	100.47	79	1.48
Period: 78
Tasks:9
id	x	y	end	c
750	33.69	146.07	82	80.74
751	46.89	41.52	86	79
752	84.98	118.86	81	24.11
753	108.39	191.36	80	91.74
754	163.2	34.96	81	90.69
755	95.58	109.2	80	10.21
756	126.86	91.9	82	28.05
757	35.44	91.01	80	65.18
758	3.14	166.24	80	117.34
Drivers: 9
id	x	y	end	sensitivity
740	199.96	18.2	78	0.79
741	179.84	167.28	78	0.87
742	77.81	19.08	79	1.09
743	135.91	29.79	78	1.08
744	22.28	193.83	80	1.17
745	8.2	168.71	78	1.7
746	112.65	4.59	78	0.94
747	115.51	55.38	79	1.63
748	91.94	77.7	79	1.63
Period: 79
Tasks:8
id	x	y	end	c
759	87.23	126.73	87	29.62
760	31	7.79	81	115.17
761	162.05	34.54	83	90.2
762	191.36	178.95	82	120.75
763	39.69	184.03	81	103.43
764	9.04	12.04	83	126.53
765	148.21	5.64	81	105.96
766	49.12	51.53	80	70.27
Drivers: 4
id	x	y	end	sensitivity
749	193.11	158.2	81	1.22
750	184.02	179.75	79	1.02
751	5.01	55.36	80	1.46
752	106.63	169.33	80	1.89
Period: 80
Tasks:8
id	x	y	end	c
767	186.28	21.76	82	116.47
768	172.99	57.52	84	84.45
769	160.95	54.09	86	76.31
770	20.43	170.93	83	106.59
771	167.84	21.3	82	103.9
772	80.92	143.45	80	47.45
773	9.13	48.71	84	104.35
774	129.66	184.54	82	89.59
Drivers: 10
id	x	y	end	sensitivity
753	22.13	159.78	80	0.58
754	27.15	197.55	81	1.74
755	28.63	63.18	82	1.53
756	82.2	164.64	82	1.79
757	8.33	7.4	81	1.31
758	6.3	3.3	81	1.47
759	156.09	136.55	83	0.55
760	102.64	115.4	83	1.86
761	149.32	152.11	80	1.11
762	77.23	113.08	81	1.86
Period: 81
Tasks:12
id	x	y	end	c
775	134.4	168.33	88	76.5
776	178.53	46.17	83	95.21
777	141.71	14.83	85	94.83
778	64.02	124.64	84	43.61
779	15.2	72.97	89	89
780	24.48	2.01	82	123.71
781	127.77	68.73	82	41.82
782	184.17	58.87	85	93.68
783	92.88	165.18	86	65.57
784	29.02	8.16	86	116.07
785	8.09	192.84	86	130.64
786	78.81	158.42	81	62.14
Drivers: 11
id	x	y	end	sensitivity
763	192.31	137.76	81	0.58
764	155.41	34.48	81	0.97
765	182.93	138.96	82	1.74
766	7.81	68.25	82	0.69
767	39.08	63.71	81	1.08
768	128.06	101.39	82	1.34
769	137.9	164.94	83	1.94
770	85.19	149.03	81	1.03
771	170.81	133.1	81	0.97
772	182.95	172.78	81	0.96
773	21.62	126.11	81	1.56
Period: 82
Tasks:10
id	x	y	end	c
787	81.66	101.6	84	18.41
788	196.2	31.46	85	118.12
789	150.55	70.57	85	58.49
790	27.56	172.25	83	102.31
791	60.3	18.31	85	90.83
792	88.73	45.37	87	55.78
793	26.8	102.89	85	73.26
794	43.83	85.2	85	58.09
795	44.8	137.03	84	66.47
796	50.3	94.67	84	49.98
Drivers: 8
id	x	y	end	sensitivity
774	33.21	3.07	82	0.78
775	171.78	46.22	82	1.11
776	12.48	57.8	82	1.91
777	188.55	46.55	85	0.66
778	155.99	171.42	83	1.89
779	104.83	135.6	84	1.11
780	171.09	64.42	83	1.88
781	146.54	75.89	83	1.83
Period: 83
Tasks:11
id	x	y	end	c
797	49.73	30.12	84	86.08
798	122.78	198.86	88	101.45
799	103.08	20.83	85	79.23
800	63.97	134.13	84	49.63
801	6.99	157.1	84	109.14
802	155.39	27.11	84	91.55
803	164.08	150.76	84	81.75
804	85.34	52.26	84	49.94
805	73.01	110.14	84	28.83
806	164.54	193.63	88	113.72
807	128.59	142.07	85	50.87
Drivers: 10
id	x	y	end	sensitivity
782	55.26	112.36	83	1.08
783	130.74	166.61	84	0.98
784	35.3	28.11	83	0.72
785	198.35	102.99	83	0.52
786	65.9	186.26	83	1.73
787	171.24	53.79	86	1.09
788	177.49	139.64	83	1.59
789	195.49	43.23	84	0.64
790	53.97	130.45	85	0.75
791	70.01	66.04	83	0.94
Period: 84
Tasks:19
id	x	y	end	c
808	76.48	109.28	89	25.28
809	183.69	65.15	85	90.66
810	188.08	170.09	86	112.56
811	34.58	77.33	86	69.24
812	56.51	21.79	86	89.49
813	95.87	51.89	87	48.29
814	24.61	72.68	87	80.19
815	12.92	135.27	85	93.95
816	151.34	81.45	89	54.59
817	8.13	16.08	87	124.43
818	54.77	4.56	86	105.62
819	103.45	141.67	88	41.81
820	183.03	105.47	86	83.21
821	75.72	0.41	85	102.51
822	73.18	179.99	89	84.37
823	154.82	59.24	87	68.31
824	82.3	182.07	86	83.96
825	54.02	167.11	85	81.35
826	133.68	9.22	86	96.83
Drivers: 11
id	x	y	end	sensitivity
792	134.04	16.3	86	0.91
793	98.31	8.03	84	0.54
794	183.17	163.28	86	0.79
795	100.77	162.92	85	1.47
796	153.71	141.69	85	1.15
797	144.02	188.74	84	1.15
798	89.71	107.11	85	1.74
799	159.33	93.24	86	1.42
800	183.38	38.43	86	1.13
801	37.93	177.7	86	0.64
802	124.72	136.99	85	0.59
Period: 85
Tasks:12
id	x	y	end	c
827	53.09	139.91	90	61.59
828	188.73	91.5	86	89.14
829	125.27	117.4	86	30.68
830	144.56	189.82	88	100.27
831	82.25	32.63	88	69.67
832	8.42	42.92	87	107.91
833	113.07	170.27	88	71.48
834	63.7	132.64	86	48.82
835	104.19	13.04	91	87.06
836	178.5	159.81	88	98.69
837	64.18	135.16	86	50.19
838	32.04	32.66	86	95.67
Drivers: 14
id	x	y	end	sensitivity
803	135.17	82.82	85	1.7
804	21.53	165.41	85	1.99
805	40.38	118.22	85	1.74
806	142.94	2.45	86	1.11
807	55.1	141.55	85	1.38
808	55.59	70.04	86	1.69
809	135.45	57.96	85	1.16
810	136.25	89.45	87	1.27
811	104.77	18.45	86	1.13
812	7.76	102.22	86	1.78
813	167.57	193.27	86	1.23
814	127.15	180.43	85	1.8
815	84.19	43.97	86	1.61
816	169.04	117.82	87	0.69
Period: 86
Tasks:16
id	x	y	end	c
839	15.45	2.2	88	129.28
840	157.7	159.83	88	83.12
841	106.83	158.59	89	58.99
842	42.02	21.87	89	97.29
843	9.65	97.61	87	90.38
844	197.49	34.38	86	117.52
845	106.38	129.44	90	30.12
846	21	15.52	88	115.66
847	38.17	72.43	87	67.7
848	107.09	170.21	87	70.57
849	88.58	151.53	87	52.78
850	11.77	68.61	90	93.65
851	46.08	60.46	88	66.86
852	75.57	65.69	92	42.12
853	136.46	178.15	87	86.24
854	186.73	62.7	92	94.41
Drivers: 12
id	x	y	end	sensitivity
817	188.36	65.32	87	1.35
818	53.59	171.5	87	1.31
819	138.5	139.82	88	1.06
820	41.45	103.5	87	0.96
821	198.59	14.3	86	1.09
822	120.6	191.61	88	1.51
823	125.91	177.89	87	1.66
824	191.58	124.34	87	0.57
825	187.22	120.98	86	0.82
826	193.43	88.07	87	1.8
827	134.71	21.19	86	1.29
828	134.5	75.45	87	0.99
Period: 87
Tasks:15
id	x	y	end	c
855	166.8	161.04	93	90.49
856	143.19	73.41	93	50.72
857	54.79	113.02	88	47.05
858	106.66	124.53	87	25.42
859	187.58	104.37	93	87.69
860	18.75	145.9	90	93.32
861	127.56	150.45	87	57.49
862	16.61	152.09	88	98.32
863	74.12	17.74	90	86.24
864	138.95	0.51	88	106.84
865	145.05	90.68	90	46
866	122.96	165.08	95	69.01
867	64	181.88	90	89.44
868	127.81	191.77	89	95.89
869	57.35	100.69	92	42.66
Drivers: 17
id	x	y	end	sensitivity
829	63.44	109.37	87	1.38
830	142.32	102.8	88	1.08
831	80.86	60.75	87	0.84
832	143.68	141.22	87	1.56
833	51.86	63.86	89	1.78
834	32.93	135.31	88	0.99
835	91.19	162.18	88	0.63
836	15.85	58.58	87	1.28
837	6.31	97.34	87	1.4
838	86.77	187.37	88	0.98
839	158.66	79.27	88	0.56
840	184.17	154.13	88	1.49
841	140.46	196.72	88	0.97
842	138.34	118.96	88	0.58
843	31.66	191.69	89	1.15
844	4.38	125.79	87	1.8
845	157.18	98.99	88	1.44
Period: 88
Tasks:11
id	x	y	end	c
870	111.77	62.6	92	39.21
871	60.63	2.28	89	105.35
872	98.71	86.78	89	13.28
873	61.54	97.83	92	38.52
874	24.96	89.04	90	75.84
875	62.98	115.89	89	40.29
876	177.53	116.82	91	79.33
877	133.89	84.79	92	37.15
878	121.89	85.65	89	26.17
879	43.9	83.5	92	58.48
880	149.36	84.34	89	51.78
Drivers: 8
id	x	y	end	sensitivity
846	185.77	186.24	90	0.99
847	147.47	37.18	89	1.51
848	114.17	157.92	89	1.41
849	103.92	6.2	88	1.89
850	193.25	162.28	88	0.98
851	86.25	100.57	89	0.77
852	141.38	162.65	89	1.04
853	58.99	60.75	88	0.91
Period: 89
Tasks:10
id	x	y	end	c
881	160.91	91.04	92	61.57
882	178.09	156.14	93	96.18
883	105.97	91.11	92	10.71
884	39.37	138.4	91	71.77
885	191.86	145.28	94	102.41
886	81.87	12.29	90	89.56
887	112.96	79.41	93	24.33
888	90.24	63.98	91	37.32
889	181.56	156.93	93	99.46
890	42.46	103.35	91	57.64
Drivers: 4
id	x	y	end	sensitivity
854	109.59	126.72	90	1.24
855	4.81	138.58	90	0.64
856	11.61	40.95	89	0.76
857	181.01	65.83	92	1.01
Period: 90
Tasks:11
id	x	y	end	c
891	177.15	195.25	92	122.58
892	53.18	97.29	94	46.9
893	49.97	124.56	92	55.73
894	83.12	155.24	93	57.76
895	26.08	116.63	95	75.77
896	118.13	45.01	97	57.9
897	166.41	87	92	67.67
898	88.24	166.56	95	67.59
899	139.43	36.72	94	74.56
900	81.15	120.1	94	27.56
901	143.31	100.19	97	43.31
Drivers: 1
id	x	y	end	sensitivity
858	2.55	49.11	93	1.77
Period: 91
Tasks:8
id	x	y	end	c
902	101.3	31.4	93	68.61
903	148.37	171.58	93	86.39
904	43.98	30.98	93	88.89
905	35.38	137.82	92	74.87
906	123.57	133.78	96	41.19
907	156.08	177.36	94	95.55
908	21.93	42.65	96	96.87
909	188.54	9.64	93	126.51
Drivers: 10
id	x	y	end	sensitivity
859	187.93	30.72	92	0.65
860	117.68	46.92	91	1.56
861	191.31	197.02	93	1.16
862	197.83	147.85	92	1.81
863	132.22	25.4	92	1.06
864	142.19	109.34	91	1.55
865	132.34	20.72	91	1.94
866	18.19	170.38	94	1.75
867	181.86	88.89	93	1.53
868	57.88	95.12	92	0.72
Period: 92
Tasks:9
id	x	y	end	c
910	7.42	122.07	99	95.17
911	124.38	193.1	94	96.24
912	52.67	164.96	94	80.37
913	51.31	129.31	96	56.83
914	94.92	87.48	97	13.51
915	106.31	55.95	97	44.5
916	139.25	127.35	95	47.84
917	195.95	106.77	98	96.19
918	82.12	199.28	98	100.88
Drivers: 13
id	x	y	end	sensitivity
869	185.48	64.22	93	0.84
870	59.69	19.59	94	0.84
871	60.25	67.51	92	1.74
872	112.84	132.92	95	1.14
873	193.67	121.6	96	0.7
874	158.81	17.8	93	1.98
875	147.41	146.75	93	1.09
876	182.71	14.68	94	1.19
877	71.37	49.97	93	1.14
878	155.29	168.82	92	1.37
879	75.29	106.11	93	1.17
880	84.57	59.52	92	0.71
881	139.17	153.3	92	0.7
Period: 93
Tasks:17
id	x	y	end	c
919	107.08	165.46	96	65.84
920	69.71	9.26	97	95.66
921	46.34	10.43	98	104.41
922	162.93	170.27	93	94.33
923	62.83	189.88	94	97.26
924	164.94	152.95	95	83.79
925	159.15	58.73	94	72.12
926	94.39	128.35	93	28.9
927	23.82	139.32	97	85.73
928	198.94	198.96	96	139.94
929	43.99	72.71	96	62.3
930	119.85	87.61	95	23.4
931	95.06	176.05	96	76.21
932	176.36	181.77	97	111.88
933	178.76	152.4	96	94.6
934	135.82	46.66	95	64.25
935	72.23	169.11	97	74.48
Drivers: 11
id	x	y	end	sensitivity
882	6.25	18.08	95	0.58
883	0.8	22.37	94	1.84
884	154.1	90.86	94	0.87
885	150.14	49.9	94	0.73
886	69.12	197.42	95	1.59
887	31.45	131.16	94	1.05
888	44.99	119.22	94	1.97
889	116.75	149.44	93	1.25
890	189.82	99.55	95	1.86
891	44.48	87.55	94	1.87
892	40.88	29.15	94	0.67
Period: 94
Tasks:4
id	x	y	end	c
936	33.52	139.24	97	77.2
937	47.88	196.11	97	109.33
938	9.98	44.51	95	105.75
939	167.09	193.51	95	115.09
Drivers: 8
id	x	y	end	sensitivity
893	192.56	3.49	95	1.76
894	165.74	141.42	95	1.66
895	162.02	27.63	94	1.96
896	65.69	37.05	94	1.77
897	84.4	102.27	95	0.65
898	158.03	157.65	97	1.15
899	150.66	19.78	94	1.63
900	194.34	141.35	95	0.76
Period: 95
Tasks:10
id	x	y	end	c
940	130.57	0.52	101	104.07
941	90.61	13.63	101	86.88
942	159.02	124.31	103	63.83
943	2	40.52	100	114.64
944	137.28	66.11	98	50.38
945	4.26	128.08	96	99.77
946	39.41	48.03	99	79.82
947	141.31	78.67	98	46.49
948	45.15	126.91	99	61.1
949	29.64	50.36	96	86.11
Drivers: 12
id	x	y	end	sensitivity
901	179.77	27.15	100	0.86
902	71.49	2.13	96	1.78
903	93.7	198.07	96	1.23
904	44.9	30.53	97	1.06
905	20.65	16.12	95	0.65
906	147.14	111.54	98	0.74
907	15.74	18.52	95	1.1
908	87.27	16.32	95	0.62
909	134.77	161.85	95	1.16
910	133.95	85.04	96	0.99
911	129.81	176.52	96	0.77
912	144.19	66.16	96	1.68
Period: 96
Tasks:5
id	x	y	end	c
950	110.31	27.56	97	73.17
951	108.41	142.17	101	43
952	124.05	125.16	97	34.81
953	73.63	148.31	99	55.04
954	198.59	25.71	100	123.45
Drivers: 14
id	x	y	end	sensitivity
913	81.41	27.14	97	1.18
914	91.05	131.14	96	1.79
915	35.67	58.78	98	0.62
916	102.1	116.76	96	0.65
917	116	131.14	101	1.21
918	117.93	127.13	97	1.18
919	74.44	34.76	97	0.73
920	34.93	111.01	97	0.85
921	47.29	97.62	99	1.07
922	185.16	85.64	97	0.98
923	175.4	99.29	96	1.77
924	23.84	163.6	97	1.58
925	116.73	53.61	96	1.03
926	186.26	126.84	97	1.04
Period: 97
Tasks:10
id	x	y	end	c
955	94.77	125.84	104	26.36
956	147.2	138.01	99	60.6
957	131.17	182.14	99	87.86
958	108.93	46.12	101	54.62
959	117.83	79.45	101	27.21
960	35.73	28.83	99	95.89
961	149.91	97.5	101	49.97
962	123.03	94.45	100	23.69
963	177.42	153.88	100	94.32
964	112.46	129.15	98	31.7
Drivers: 12
id	x	y	end	sensitivity
927	83.01	131.7	97	1.09
928	155.26	172.59	97	0.77
929	48.89	145.51	100	1.43
930	127.86	8.16	97	1.13
931	34.15	8.48	98	0.86
932	2.65	192.52	97	1.38
933	116.63	177.85	98	0.8
934	148.8	47.66	99	0.69
935	172.39	29.49	98	1.82
936	109.35	193.4	98	0.55
937	33.52	145.56	97	0.67
938	84.55	152.84	97	1.56
Period: 98
Tasks:7
id	x	y	end	c
965	8.32	139.23	101	99.72
966	119.58	67.76	104	37.72
967	144.35	160.22	101	74.79
968	91.46	196	101	96.38
969	119.06	112.35	105	22.71
970	107.3	135.92	102	36.65
971	166.49	90.57	102	67.16
Drivers: 7
id	x	y	end	sensitivity
939	10.08	45.75	99	1.23
940	36.62	128.78	98	1.59
941	16.54	162.13	102	1.42
942	140.75	179.23	100	1.78
943	144	49.32	98	0.77
944	136.83	112.38	99	1.42
945	22.55	63.65	99	1.7
Period: 99
Tasks:14
id	x	y	end	c
972	0.63	86.8	102	100.24
973	43.88	84.2	102	58.3
974	27.28	121.7	105	75.89
975	59.87	166.09	104	77.32
976	176.38	6.57	100	120.68
977	80.01	139.34	99	44.13
978	175.59	73.65	101	80.05
979	190.3	94.23	103	90.48
980	27.32	85.83	101	74.05
981	71.88	195.54	102	99.59
982	142.36	34.44	106	78.05
983	196.75	192.32	101	133.73
984	149.43	199.31	101	110.93
985	100.27	21.03	104	78.97
Drivers: 4
id	x	y	end	sensitivity
946	197.27	32.93	102	1.96
947	109.06	167.51	100	1.73
948	8.22	82.79	101	1.99
949	150.98	28.52	99	1.31
Period: 100
Tasks:16
id	x	y	end	c
986	161.16	138.29	101	72.16
987	86.22	156.47	106	58.13
988	160.46	140.25	104	72.63
989	183.92	2.94	104	128.31
990	47.92	129.84	103	60.02
991	186.35	167.65	102	109.69
992	92.28	37.32	100	63.15
993	170.2	3.06	100	119.69
994	102.45	42.39	103	57.66
995	83.89	89.77	103	19.08
996	178.66	130.78	102	84.47
997	7.65	119.87	103	94.46
998	6.52	137.76	103	100.82
999	33.68	14.78	100	107.99
1000	50.96	157.71	104	75.73
1001	21.1	138.34	102	87.72
Drivers: 8
id	x	y	end	sensitivity
950	174.14	106.47	100	1.72
951	127.95	111.11	101	0.84
952	75.87	119.73	103	0.98
953	118.24	80.77	104	0.64
954	0.35	140.24	101	1.72
955	101.85	147.67	102	2
956	108.33	3.21	101	1.23
957	113.02	24.34	102	1.57
