Periods: 100
Task Arrival Rate: 10
Task Average Time: 1
Driver Arrival Rate: 5
Driver Average Time: 2
Period: 1
Tasks:5
id	x	y	end	c
1	112.29	183.66	3	84.56
2	162.31	58.61	2	74.8
3	134.93	11.73	1	94.93
4	148.7	154.38	1	73
5	177.17	177.32	1	109.24
Drivers: 6
id	x	y	end	sensitivity
1	56.46	88.19	5	1.87
2	7.77	180.38	4	0.95
3	119.16	66.03	2	0.71
4	169.57	125.47	2	1.99
5	0.41	70.61	2	1.57
6	86.94	80.04	2	0.84
Period: 2
Tasks:7
id	x	y	end	c
6	59.81	153.51	3	66.92
7	26.74	98.18	4	73.28
8	103.59	80.22	3	20.1
9	13.44	57.01	2	96.65
10	151.12	125.76	2	57.24
11	192.42	27.51	2	117.46
12	103.81	57.72	2	42.45
Drivers: 6
id	x	y	end	sensitivity
7	119.33	118.9	4	0.65
8	45	26.4	4	0.78
9	53.2	5.59	4	1.76
10	37.41	96.2	5	1.56
11	3.36	102.54	2	1.69
12	131.77	192.82	3	1.49
Period: 3
Tasks:12
id	x	y	end	c
13	74.77	180.6	3	84.46
14	90.53	5.33	3	95.14
15	144.54	160.88	3	75.43
16	51	195.64	3	107.46
17	16.87	40.09	3	102.47
18	64.83	40.23	5	69.35
19	171.97	75.16	4	76.14
20	161.69	182.94	3	103.37
21	186.62	177.2	7	116.03
22	23.12	118.14	5	78.99
23	104.85	153.67	4	53.89
24	111.39	16.06	4	84.71
Drivers: 5
id	x	y	end	sensitivity
13	104.72	49.66	5	1.14
14	73.46	189.69	6	1.73
15	23.43	46.98	3	0.91
16	43.48	24.4	5	1.29
17	43.24	146.74	7	0.81
Period: 4
Tasks:10
id	x	y	end	c
25	172.04	143.2	7	84
26	16.39	126.67	5	87.76
27	160.47	152.72	4	80.22
28	33.51	110.34	6	67.29
29	161.94	2.74	4	115.31
30	73.68	145.32	4	52.41
31	125.12	172.2	5	76.45
32	74.09	122.37	4	34.23
33	4.78	64.06	5	101.78
34	199.56	49.31	4	111.72
Drivers: 2
id	x	y	end	sensitivity
18	195.41	121.22	6	1.56
19	183.26	17.01	5	0.61
Period: 5
Tasks:12
id	x	y	end	c
35	175.6	189.91	6	117.47
36	86.64	26.83	7	74.38
37	180.59	123.62	5	83.98
38	5.95	150.12	7	106.57
39	22.88	189.81	6	118.38
40	0.09	141.28	8	108.1
41	128.19	171.27	5	76.64
42	131.11	65.48	5	46.47
43	143.66	171.93	7	84.14
44	9.2	127.99	6	95.02
45	115.34	173.16	6	74.75
46	48.49	168.17	6	85.44
Drivers: 6
id	x	y	end	sensitivity
20	13.4	192.54	8	1.15
21	188.97	63.62	5	1.23
22	52.57	74.17	6	1.06
23	33.51	55.3	6	1.25
24	62.72	76.7	6	0.92
25	19.84	154.36	6	0.67
Period: 6
Tasks:6
id	x	y	end	c
47	80.57	100.35	7	19.43
48	30.01	61.84	9	79.72
49	57.71	44.85	8	69.5
50	35.26	106.73	7	65.09
51	175.89	177.07	8	108.16
52	140.48	37.04	7	74.85
Drivers: 5
id	x	y	end	sensitivity
26	72.29	30.37	6	1.74
27	195.86	77	8	1.05
28	150.83	45.52	8	0.76
29	65.29	88.98	6	1.06
30	118.8	100.83	7	0.51
Period: 7
Tasks:12
id	x	y	end	c
53	100.35	76.75	8	23.25
54	183.82	39.66	7	103.28
55	90.57	170.66	9	71.29
56	24.49	134.15	8	82.87
57	147.93	59.85	8	62.52
58	73.82	154	8	60.01
59	179.2	196.92	7	125.16
60	129.78	177.17	10	82.72
61	177.82	91.21	8	78.31
62	0.92	173.34	8	123.27
63	61.61	139.96	9	55.41
64	119.73	74.9	9	31.93
Drivers: 2
id	x	y	end	sensitivity
31	93.3	71.26	8	0.61
32	104.22	191.26	8	0.78
Period: 8
Tasks:7
id	x	y	end	c
65	116.47	172.33	9	74.18
66	161.61	29.38	10	93.72
67	92.19	90.16	8	12.56
68	154.8	133.69	8	64.33
69	58.33	14.82	8	94.83
70	123.98	141.37	10	47.82
71	191.56	151.34	8	104.97
Drivers: 7
id	x	y	end	sensitivity
33	28.43	150.33	10	1.72
34	20.75	67.4	11	0.71
35	52.28	122.43	10	0.82
36	95.35	57.64	11	1.84
37	70.69	194.72	11	1.52
38	69.55	164.93	11	0.95
39	169.62	104.63	10	1.47
Period: 9
Tasks:10
id	x	y	end	c
72	135.67	170.59	9	79.09
73	93.48	100.51	11	6.54
74	49.39	40.54	12	78.08
75	12.51	187.94	10	124.05
76	188.48	21.79	10	118.09
77	43.69	181.51	10	99.07
78	126.86	43.45	10	62.6
79	116.72	99.31	9	16.73
80	31.8	101.79	9	68.22
81	113.68	182.26	10	83.39
Drivers: 7
id	x	y	end	sensitivity
40	162.67	56.91	10	1.37
41	84.03	140.43	10	1.43
42	93.47	56.2	11	0.84
43	31.61	188.55	10	0.64
44	187.12	149.45	15	0.57
45	151.78	198.87	14	1.63
46	33.5	187.1	13	0.7
Period: 10
Tasks:4
id	x	y	end	c
82	6.2	5.71	11	133
83	74.86	76.5	11	34.41
84	10.67	156.39	11	105.64
85	160.27	23.81	10	97.15
Drivers: 6
id	x	y	end	sensitivity
47	148.73	166.29	11	1.95
48	161.26	5.27	11	1.79
49	153.66	30.95	11	1.15
50	172.8	45.55	11	0.68
51	10.85	64.4	12	1.95
52	193.01	156.54	10	1.19
Period: 11
Tasks:10
id	x	y	end	c
86	107.5	14.99	12	85.34
87	25.49	128.12	11	79.64
88	127.13	3.46	13	100.28
89	147.1	197.74	13	108.5
90	161.07	12.44	12	106.75
91	17.46	42.96	11	100.33
92	48.72	11.1	12	102.63
93	67.4	163.3	12	71.2
94	81.49	179.93	13	82.05
95	158.94	70.64	12	65.85
Drivers: 9
id	x	y	end	sensitivity
53	171.11	165.49	11	0.63
54	173.73	162.25	12	1.49
55	8.68	132.41	13	1.94
56	50.45	169.8	14	1.88
57	62.45	152.01	11	0.56
58	0.27	0.05	13	1.19
59	194.88	85.22	11	1.29
60	190.29	26.91	13	1.38
61	80.47	162.87	17	0.63
Period: 12
Tasks:13
id	x	y	end	c
96	73.19	195.67	14	99.36
97	139.6	9.66	12	98.64
98	7.45	174.33	14	118.7
99	13.81	131.82	12	91.88
100	67.49	150.81	14	60.32
101	87.29	199.35	13	100.16
102	170.03	199.44	14	121.62
103	8.35	71.53	14	95.97
104	175.56	97.18	12	75.61
105	153	104.94	12	53.23
106	133.7	192.47	13	98.42
107	169.16	30.38	14	98.13
108	39.21	135.36	12	70.33
Drivers: 3
id	x	y	end	sensitivity
62	24.15	59.06	13	1
63	85.13	119.95	16	0.56
64	80.14	97.95	17	0.85
Period: 13
Tasks:8
id	x	y	end	c
109	65.38	194.21	15	100.37
110	100.64	19.71	15	80.29
111	82.93	100.18	16	17.07
112	196.95	54.59	13	107.06
113	43.01	86.95	13	58.47
114	104.74	115.68	17	16.38
115	145.19	113.67	13	47.21
116	193.62	35	14	113.97
Drivers: 2
id	x	y	end	sensitivity
65	77.58	59.67	15	1.96
66	124.46	127.65	14	0.65
Period: 14
Tasks:9
id	x	y	end	c
117	149.29	59.26	16	63.95
118	125.22	128.65	16	38.17
119	164.35	36.22	14	90.6
120	171.05	176.38	14	104.32
121	6.51	166.21	18	114.56
122	59.56	78.83	14	45.65
123	149.81	162.02	14	79.55
124	172.1	21.05	15	106.92
125	49.66	131.71	17	59.49
Drivers: 1
id	x	y	end	sensitivity
67	17.82	97.95	15	1.78
Period: 15
Tasks:11
id	x	y	end	c
126	135.82	57.67	15	55.45
127	22.28	193.12	16	121.29
128	23.98	165.69	16	100.47
129	123.79	44.98	17	59.94
130	130.97	19.15	15	86.58
131	60.65	49.48	15	64.04
132	127.96	158.06	15	64.44
133	70.18	166.28	17	72.68
134	2.4	3.3	16	137.39
135	2.88	100.78	15	97.12
136	60.28	106.69	18	40.28
Drivers: 3
id	x	y	end	sensitivity
68	194.15	39.39	17	0.81
69	12.36	110.38	18	1.17
70	149.89	98.79	16	1.58
Period: 16
Tasks:8
id	x	y	end	c
137	174.53	30.42	17	101.96
138	125.86	175.94	18	80.22
139	38.35	50.89	19	78.82
140	78.11	116.55	17	27.44
141	133.62	153.41	16	63.11
142	83.22	184.91	17	86.55
143	104.64	48.83	16	51.38
144	138.36	61.01	17	54.7
Drivers: 3
id	x	y	end	sensitivity
71	194.99	162.31	17	1.05
72	194.17	125.85	16	1.83
73	67.59	161.42	17	1.37
Period: 17
Tasks:16
id	x	y	end	c
145	39.78	151.97	17	79.54
146	146.2	47.88	17	69.65
147	86.78	194.07	21	94.99
148	32.93	27.43	18	98.82
149	3.18	105.92	18	97
150	61.08	95.01	17	39.24
151	69.31	199.09	18	103.73
152	80.28	84.87	18	24.86
153	20.34	59.68	17	89.28
154	11.38	128.55	19	93.11
155	0.65	158.53	18	115.31
156	113.34	59.85	17	42.31
157	189.36	145.11	17	100.1
158	38.73	49.85	19	79.18
159	169.45	180.7	17	106.47
160	0.53	125.44	20	102.67
Drivers: 7
id	x	y	end	sensitivity
74	22.96	139.53	19	0.78
75	162.57	46.48	21	0.89
76	116.48	70.65	19	0.71
77	137.62	160.01	19	1.5
78	109.76	163.31	20	1.73
79	116.73	25.05	18	0.68
80	75.08	160.44	19	0.68
Period: 18
Tasks:8
id	x	y	end	c
161	27.57	69.57	21	78.56
162	184.51	144.76	19	95.63
163	129.15	97.79	18	29.23
164	127.42	137.81	18	46.71
165	40.88	83.27	18	61.44
166	83.52	175.34	21	77.12
167	123.4	137.99	19	44.62
168	132.79	131.81	20	45.68
Drivers: 6
id	x	y	end	sensitivity
81	23.69	150.48	22	0.64
82	119.41	184.19	20	1.11
83	26.29	97.87	19	0.97
84	169.29	70.32	18	1.43
85	184.07	71.51	20	0.87
86	110.42	10.25	21	1.99
Period: 19
Tasks:11
id	x	y	end	c
169	84.29	73.08	20	31.17
170	50.63	62.28	19	62.13
171	23.41	11.24	20	117.24
172	101.14	168.64	20	68.65
173	180.02	26.96	21	108.34
174	77.15	19.04	21	84.12
175	2.35	2.69	19	137.86
176	145.49	31.4	21	82.31
177	126.31	84.67	19	30.45
178	191.24	192.28	20	129.77
179	106.01	43.53	21	56.79
Drivers: 3
id	x	y	end	sensitivity
87	12.64	1.37	22	1.33
88	6.49	144.04	20	1.63
89	128.78	31.53	26	0.76
Period: 20
Tasks:9
id	x	y	end	c
180	80.61	98.44	23	19.45
181	167.33	101.55	20	67.35
182	180.68	139.35	21	89.76
183	97.35	25.75	20	74.3
184	182.48	196.65	20	127.06
185	14.21	14.93	20	120.82
186	183.85	178.59	21	114.92
187	197.9	7.52	22	134.67
188	188.14	40.99	21	106.07
Drivers: 6
id	x	y	end	sensitivity
90	50.74	63.7	20	1.71
91	185.36	149.33	21	1.75
92	187.95	137.14	25	1.52
93	166.55	177.85	21	0.96
94	128.74	11.37	20	1.46
95	166.88	58.84	22	0.93
Period: 21
Tasks:12
id	x	y	end	c
189	94.29	121.45	23	22.2
190	77.78	84.63	22	27.02
191	66.17	37.66	22	70.93
192	79.78	141.01	21	45.72
193	176.96	164.2	22	100.22
194	51.57	22.29	21	91.57
195	42.34	160.77	22	83.77
196	168.78	170.04	25	98.16
197	110.64	108.53	22	13.64
198	74.14	29.34	23	75.24
199	98.83	67.16	23	32.86
200	45.49	65.47	24	64.53
Drivers: 5
id	x	y	end	sensitivity
96	153.82	87.34	25	1.14
97	1.15	186.1	25	1.38
98	74.6	166.53	24	1.87
99	158.56	69.81	22	1.22
100	55.92	45.79	22	1.11
Period: 22
Tasks:12
id	x	y	end	c
201	111.35	84.18	22	19.47
202	133.03	1.55	24	103.84
203	111.35	15.79	27	84.97
204	190.95	64.82	22	97.52
205	74.32	150.09	23	56.29
206	166.82	14.28	25	108.69
207	85.73	4.09	24	96.97
208	104.73	110.86	24	11.85
209	134.72	81.1	24	39.53
210	82.68	15.58	24	86.18
211	81.11	151.64	22	54.99
212	10.74	75.73	22	92.5
Drivers: 6
id	x	y	end	sensitivity
101	53.38	56.69	24	0.62
102	114.87	41.3	23	1.64
103	96.33	133.36	23	0.98
104	149.34	63.55	23	0.58
105	172.47	188.56	22	1.62
106	196.74	186.27	25	0.68
Period: 23
Tasks:9
id	x	y	end	c
213	110	8.26	24	92.28
214	46.28	134.76	24	63.99
215	108.47	5.4	24	94.98
216	11.05	44.21	24	105
217	135.68	70.89	23	46.05
218	10.96	139.43	23	97.38
219	56.13	168.73	24	81.54
220	86.61	183.98	24	85.04
221	169.07	22.94	23	103.48
Drivers: 3
id	x	y	end	sensitivity
107	34.62	123.86	24	0.74
108	14.19	78.93	26	0.88
109	41.51	11.94	24	1.8
Period: 24
Tasks:13
id	x	y	end	c
222	1.3	185.94	25	130.87
223	139.33	23.46	24	86.05
224	17.64	142.26	25	92.57
225	78.9	80.49	25	28.74
226	177.99	146.67	24	90.89
227	8.1	85.63	24	93.02
228	23.88	1.61	24	124.4
229	54.06	33.47	24	80.85
230	158.23	18.26	24	100.36
231	88.57	148.59	24	49.92
232	154.24	22.76	24	94.38
233	155.25	78.05	24	59.45
234	148.13	96.31	24	48.27
Drivers: 6
id	x	y	end	sensitivity
110	54.04	82.27	25	1.51
111	116.67	56.4	27	1.09
112	90.71	2.76	28	1.98
113	56.76	35.76	28	0.67
114	134.77	84.9	26	1.69
115	53.95	150.46	24	0.57
Period: 25
Tasks:8
id	x	y	end	c
235	59.87	195.65	27	103.73
236	40.87	183.96	26	102.69
237	56.72	158.47	26	72.75
238	140	100.94	27	40.01
239	115.31	5.74	25	95.5
240	116.29	146.68	25	49.44
241	93.41	4.48	25	95.75
242	158.15	147.25	26	74.93
Drivers: 5
id	x	y	end	sensitivity
116	117.64	163.43	26	0.55
117	115.9	79.43	25	1.15
118	32.95	3.4	26	0.58
119	133.02	59.68	26	0.99
120	163.51	57.81	29	1.43
Period: 26
Tasks:11
id	x	y	end	c
243	128.68	137.65	26	47.33
244	151.39	24.42	27	91.4
245	123.79	122.47	27	32.72
246	31.99	10.15	29	112.69
247	186.42	146.2	27	97.99
248	14	70.63	27	90.88
249	59.71	111.33	27	41.85
250	99.83	169.81	27	69.81
251	24.71	90.65	26	75.87
252	24.31	89.01	27	76.48
253	10.76	142.78	28	98.96
Drivers: 6
id	x	y	end	sensitivity
121	175.21	131.36	32	0.51
122	86.72	87.02	26	1.51
123	177.75	97.63	29	1.47
124	152.46	16.03	28	0.59
125	21.08	179.6	28	0.66
126	13.25	184.26	30	1.55
Period: 27
Tasks:10
id	x	y	end	c
254	107.76	160.19	29	60.69
255	32.03	6.22	28	115.82
256	170.01	102.1	29	70.04
257	39.08	180.59	28	101.02
258	65.09	53.66	27	58.02
259	47.59	193.02	30	106.77
260	158.19	175.48	27	95.31
261	107.17	79.98	28	21.27
262	175.9	81.77	28	78.06
263	114.57	68.38	29	34.82
Drivers: 5
id	x	y	end	sensitivity
127	9.48	174.88	30	1.53
128	4.86	24.85	28	0.85
129	109.54	92.52	30	1.58
130	15.62	110.99	31	0.64
131	70.05	49.04	28	1.11
Period: 28
Tasks:9
id	x	y	end	c
264	195.67	127.88	28	99.65
265	171.12	165.62	29	96.77
266	73.04	157.7	29	63.69
267	109.7	143.08	29	44.16
268	17.58	102.36	31	82.45
269	13.43	190.87	29	125.51
270	24.5	66.49	30	82.6
271	58.95	71.47	29	49.99
272	172.31	88.67	28	73.19
Drivers: 8
id	x	y	end	sensitivity
132	186.45	6.54	32	0.71
133	4.43	63.26	30	0.81
134	136.27	74.98	30	1.51
135	84.01	7.01	29	1.15
136	29.61	28.61	31	0.85
137	176.25	101.86	30	0.81
138	27.4	13.42	29	1.7
139	44.16	110.33	29	1.66
Period: 29
Tasks:10
id	x	y	end	c
273	61.36	79.32	29	43.83
274	52.46	95.78	29	47.73
275	165.23	153.98	31	84.67
276	0.25	123.16	31	102.4
277	15.95	98.89	29	84.06
278	92.96	102.67	29	7.53
279	155.12	126.02	31	60.95
280	45.36	173.74	30	91.78
281	33.19	193.9	29	115.24
282	90.22	25.06	31	75.58
Drivers: 10
id	x	y	end	sensitivity
140	48.69	118.84	31	0.81
141	79.45	79	30	1.86
142	178.22	130.22	31	1.44
143	15.63	144.14	31	1.44
144	57.05	186.6	33	0.64
145	35.08	39.07	30	1.48
146	51.73	127.69	30	1.54
147	29.45	80.01	31	0.66
148	46.01	65.37	31	1.15
149	103.75	20.15	30	1.09
Period: 30
Tasks:7
id	x	y	end	c
283	186.41	170.33	32	111.41
284	193.25	158.9	30	110.29
285	47.04	186.23	32	101.19
286	44	14.45	33	102.25
287	194.32	89.64	30	94.89
288	129.76	174.23	30	79.97
289	153.13	19.63	31	96.34
Drivers: 3
id	x	y	end	sensitivity
150	88.8	174.15	31	1.38
151	108.73	118.39	34	1.55
152	198.69	147.38	34	1.03
Period: 31
Tasks:8
id	x	y	end	c
290	70.24	42.2	32	65.01
291	57.97	177.33	32	88.01
292	151.71	13.15	31	101.08
293	152.6	142.06	31	67.35
294	152.31	100.9	32	52.32
295	157.01	183.69	32	101.26
296	182.47	171.56	31	109.19
297	25.64	66.76	34	81.45
Drivers: 3
id	x	y	end	sensitivity
153	32.3	71.42	32	0.52
154	66.68	163.47	34	1.33
155	81.14	10.33	33	1.59
Period: 32
Tasks:14
id	x	y	end	c
298	102.94	166.75	34	66.81
299	30.76	70.72	32	75.18
300	179.74	195.84	32	124.67
301	113.09	18.81	34	82.24
302	43.67	16.83	33	100.45
303	55.16	43.43	33	72.19
304	73.2	31.38	34	73.67
305	119.54	108.98	33	21.5
306	51.25	106.11	33	49.13
307	199.39	112.82	34	100.21
308	129.17	75.83	32	37.88
309	6.84	69.18	32	98.13
310	29.45	28.17	32	100.68
311	65.13	171.15	34	79.24
Drivers: 8
id	x	y	end	sensitivity
156	80.1	88.21	34	1.71
157	20.14	14.75	32	1.08
158	29.47	8.46	33	0.87
159	124.67	25.3	34	1.87
160	179.38	83.85	33	0.57
161	138.07	55.34	34	0.9
162	119.2	130.96	34	1.52
163	132.67	85.16	34	1
Period: 33
Tasks:11
id	x	y	end	c
312	116.97	2.49	33	98.98
313	190.55	54.73	36	101.24
314	187.31	152.63	33	101.95
315	148.29	161.8	34	78.43
316	174.86	106.1	34	75.11
317	29.36	55.88	34	83.29
318	184.92	4.08	34	128.11
319	72.75	50.86	36	56.19
320	92.92	146.24	36	46.78
321	144.87	96.83	34	44.98
322	139.09	101.86	34	39.13
Drivers: 3
id	x	y	end	sensitivity
164	51.91	79.68	33	1.06
165	24.51	81.27	35	1.65
166	14.29	68.63	37	1.61
Period: 34
Tasks:2
id	x	y	end	c
323	155.61	157.43	34	79.94
324	168.2	113.08	35	69.44
Drivers: 11
id	x	y	end	sensitivity
167	151.76	121.88	34	0.86
168	42.48	68.75	37	1.06
169	58.82	14.24	34	0.72
170	2.77	60.44	37	1.39
171	96.59	166.44	34	0.93
172	66.81	106.06	34	0.74
173	12.21	84.4	35	1.37
174	165.49	132.39	35	0.73
175	71.41	122.48	36	1.84
176	110.1	96.27	36	0.59
177	176.98	91.54	36	1.38
Period: 35
Tasks:7
id	x	y	end	c
325	187.67	168.06	35	110.99
326	146.87	108.82	35	47.69
327	81.58	77.49	35	29.09
328	141.91	103.53	36	42.06
329	50.58	38.27	35	79.08
330	1.33	43.49	35	113.71
331	93.12	59.78	38	40.8
Drivers: 4
id	x	y	end	sensitivity
178	55.79	180.69	37	0.59
179	1.11	47.09	35	1.6
180	185.5	73.46	37	1.93
181	127.66	18.39	39	1.06
Period: 36
Tasks:13
id	x	y	end	c
332	100.27	174.6	36	74.6
333	69.5	180.31	36	85.91
334	87.62	59.42	36	42.43
335	98.41	96.39	37	3.94
336	82.32	182.88	37	84.74
337	158.42	98.32	37	58.44
338	195.91	24.29	37	122.19
339	102.09	73.92	37	26.16
340	16.8	186.23	37	119.82
341	142	163.08	36	75.78
342	138.11	17.51	37	90.87
343	30.36	137.99	38	79.33
344	14.74	123.39	37	88.41
Drivers: 5
id	x	y	end	sensitivity
182	16.43	58.44	39	1.72
183	31.42	27.83	40	1.73
184	174.49	184.03	39	1.73
185	152.42	35	38	0.95
186	54.63	138.59	38	1.9
Period: 37
Tasks:12
id	x	y	end	c
345	174.51	41.46	39	94.76
346	111.46	125.13	40	27.62
347	86.47	79.94	37	24.2
348	57.42	148.61	39	64.62
349	18.91	28.8	37	107.91
350	92.86	39.81	38	60.61
351	70.13	77.78	38	37.23
352	71.41	76.25	40	37.17
353	100.55	191.05	37	91.05
354	196.82	163.69	38	115.89
355	199.32	33.25	37	119.67
356	172.96	158.13	37	93.29
Drivers: 4
id	x	y	end	sensitivity
187	96.8	103.42	38	1.78
188	59.67	70.05	37	0.63
189	143.53	138.75	37	1.77
190	161.31	193.48	40	1.06
Period: 38
Tasks:4
id	x	y	end	c
357	194.03	151.34	39	107.13
358	6.92	33.21	40	114.56
359	74.75	145.01	39	51.61
360	103.47	126.76	38	26.98
Drivers: 6
id	x	y	end	sensitivity
191	184.28	169.5	39	1.02
192	88.2	57.27	41	1.7
193	125.93	99.59	38	1.82
194	44	35.2	41	1.75
195	97.44	161	40	1.54
196	36.44	86.31	39	0.74
Period: 39
Tasks:10
id	x	y	end	c
361	14.65	63.08	41	92.99
362	127.58	97.73	40	27.67
363	108.53	146.84	41	47.61
364	66.34	136.51	41	49.66
365	2.87	199.56	39	139.09
366	118.49	161.89	40	64.59
367	160.15	161.09	39	85.73
368	148.63	109.33	42	49.52
369	48.74	159.22	39	78.32
370	91.89	131.75	42	32.77
Drivers: 6
id	x	y	end	sensitivity
197	5.58	28.2	43	1.02
198	100.4	11.73	40	2
199	177.01	146.26	40	1.04
200	175.22	35.38	41	1.64
201	146.65	186	43	0.72
202	134.87	58.41	40	0.89
Period: 40
Tasks:9
id	x	y	end	c
371	61.64	134.06	40	51.3
372	192.22	27.63	41	117.23
373	175.76	31.08	42	102.42
374	126.46	144.89	41	52.11
375	131	83.4	41	35.16
376	131.07	183.79	42	89.37
377	184.02	105.95	40	84.23
378	162.49	111.66	41	63.57
379	70.96	11.24	41	93.39
Drivers: 5
id	x	y	end	sensitivity
203	169.36	98.45	41	1.88
204	95.83	38.11	44	1.74
205	195.46	129.35	43	0.81
206	110.14	99.1	44	1.44
207	40.19	21.1	42	1.33
Period: 41
Tasks:12
id	x	y	end	c
380	131.58	134.72	42	46.93
381	49.75	37.73	41	80.02
382	140.24	5.05	43	103.12
383	156.82	39.22	44	83.2
384	137.14	176.13	41	84.71
385	87.89	6.09	42	94.69
386	57.9	109.89	41	43.25
387	82.37	85.2	43	23.02
388	52.93	42.55	43	74.27
389	137.77	112.94	42	39.93
390	82.87	119.95	42	26.3
391	87.33	186.04	43	86.97
Drivers: 4
id	x	y	end	sensitivity
208	40.87	190.86	45	1.74
209	51.94	136.75	41	1.95
210	100.62	188.16	41	0.56
211	64.84	160.23	41	1.45
Period: 42
Tasks:9
id	x	y	end	c
392	52.1	72.73	43	55.12
393	130.52	158.02	44	65.56
394	80.42	134.87	42	39.99
395	118.18	160.87	42	63.53
396	163.24	132.43	43	71.07
397	73.67	108.05	44	27.53
398	50.5	176.53	42	91.14
399	125.9	167.41	43	72.21
400	73.64	170.32	42	75.1
Drivers: 7
id	x	y	end	sensitivity
212	166.04	122.89	42	1.86
213	33.82	64.24	43	1.12
214	182.56	32.58	45	0.88
215	186.55	124.38	43	1.41
216	163.71	63.7	46	1.14
217	47.72	172.35	45	1.32
218	147.53	41.99	44	0.97
Period: 43
Tasks:11
id	x	y	end	c
401	54.73	16.25	44	95.2
402	95.21	153.15	45	53.37
403	177.86	8.57	43	120.09
404	135.78	36.05	45	73.28
405	53.03	119.67	45	50.92
406	183.51	110.21	45	84.13
407	178.65	27.04	44	107.28
408	20.73	84.12	44	80.84
409	189.14	166.67	45	111.31
410	160.86	115.24	43	62.74
411	133.66	15.07	45	91.36
Drivers: 10
id	x	y	end	sensitivity
219	16.18	43.27	45	1.76
220	153.52	59.58	44	1.33
221	89.05	53.98	46	1.2
222	90.35	151.87	44	1.58
223	58.6	23.7	46	0.51
224	99.77	55.12	47	1.91
225	113.43	85.18	43	0.78
226	176.32	185.38	46	1.99
227	63.68	122.47	44	0.88
228	38.47	142.33	47	1.3
Period: 44
Tasks:8
id	x	y	end	c
412	109.36	89.36	44	14.17
413	126.15	185.15	45	89.07
414	161.86	76.76	44	66.08
415	13.94	8.56	47	125.57
416	15.45	50.83	45	97.81
417	49.49	162.9	45	80.67
418	155.67	62.03	44	67.39
419	180.3	15.43	45	116.62
Drivers: 2
id	x	y	end	sensitivity
229	73.72	150.16	48	1.63
230	65.29	22.98	47	0.96
Period: 45
Tasks:7
id	x	y	end	c
420	192.4	179.03	48	121.59
421	174.87	138.52	47	84.2
422	144.21	186.72	48	97.34
423	108.11	62.67	46	38.2
424	186.82	111	45	87.51
425	61.34	170.43	46	80.34
426	20.29	40.37	45	99.55
Drivers: 9
id	x	y	end	sensitivity
231	189.41	170.27	47	1.21
232	104.72	184.45	45	0.52
233	136.66	175.06	48	0.79
234	95.66	47.72	45	0.75
235	8.1	163.1	48	0.76
236	113.53	44.73	46	0.95
237	95.86	7.38	46	0.53
238	20.85	35.04	47	0.69
239	55.28	13.82	47	0.53
Period: 46
Tasks:7
id	x	y	end	c
427	165.38	176.86	48	100.91
428	19.18	92.34	47	81.18
429	45.43	75.58	46	59.78
430	133.57	52.12	46	58.48
431	138.49	157.54	47	69.23
432	143.5	96.16	46	43.67
433	122.07	70.19	46	37.09
Drivers: 2
id	x	y	end	sensitivity
240	164.32	15.75	49	1.02
241	153.4	60.53	46	0.8
Period: 47
Tasks:7
id	x	y	end	c
434	100.16	69.15	47	30.85
435	118.64	129.35	48	34.77
436	120.39	162.43	47	65.68
437	17.18	52.76	48	95.35
438	157.51	103.64	47	57.63
439	117.47	148.51	48	51.56
440	22.3	69.98	48	83.3
Drivers: 2
id	x	y	end	sensitivity
242	11.44	140.16	47	0.82
243	63.08	176.83	48	1
Period: 48
Tasks:16
id	x	y	end	c
441	110.31	26.5	48	74.22
442	139.23	144.51	48	59.33
443	165.31	108.03	48	65.8
444	131.95	166.2	50	73.51
445	150.76	11.79	50	101.77
446	187.82	37.08	49	108.03
447	175.85	97.73	49	75.88
448	176.86	96.99	48	76.92
449	63.31	75.91	49	43.89
450	20.87	147.36	48	92.22
451	89.64	55.38	49	45.81
452	50.59	1.82	49	109.91
453	15.38	172.64	48	111.52
454	84.15	117.04	49	23.27
455	61.17	61.44	48	54.72
456	25.7	75.51	49	78.23
Drivers: 4
id	x	y	end	sensitivity
244	46.1	173.64	49	1.42
245	31.98	104.92	50	1.18
246	180.74	46.34	51	1.49
247	172.46	127.74	52	1.05
Period: 49
Tasks:7
id	x	y	end	c
457	142.95	137.23	50	56.84
458	142.94	82.31	50	46.44
459	101.7	6.5	51	93.52
460	95.13	74.57	51	25.89
461	73.59	140.11	49	48.02
462	163.92	19.62	49	102.7
463	113.72	19.25	50	81.91
Drivers: 6
id	x	y	end	sensitivity
248	198.84	14.95	50	1.4
249	77.22	77.43	51	0.53
250	113.43	89.15	51	0.88
251	85.04	53.01	53	1.6
252	17.54	141.19	50	1.89
253	52.17	14.72	54	1.72
Period: 50
Tasks:17
id	x	y	end	c
464	179.44	140.19	51	89.03
465	192.89	138.9	51	100.71
466	113.84	105.88	51	15.04
467	154.94	138.03	52	66.82
468	115.14	145.15	51	47.62
469	15.04	176.56	52	114.37
470	158.78	183.43	51	102.06
471	157.4	22.22	52	96.67
472	52.08	169.69	51	84.58
473	12.78	121.22	50	89.76
474	35.53	64.41	50	73.64
475	59.53	197.85	50	105.89
476	103.56	102.78	51	4.52
477	68.84	101.23	53	31.18
478	174.49	190.01	50	116.84
479	49.97	129.45	51	58.05
480	186.66	18.72	55	118.81
Drivers: 3
id	x	y	end	sensitivity
254	17.11	89.41	54	1.88
255	189.4	59.06	50	0.64
256	130.34	161.6	52	0.58
Period: 51
Tasks:5
id	x	y	end	c
481	73.26	89.11	53	28.87
482	23.61	7.84	51	119.7
483	177.52	26.01	54	107.16
484	182.1	91.67	51	82.52
485	189.76	179.77	51	120.08
Drivers: 6
id	x	y	end	sensitivity
257	67.33	160.48	53	1.9
258	81.61	186.05	52	1.82
259	89.32	70.46	53	1.48
260	1.61	174.72	53	0.66
261	144.04	154.34	55	1.39
262	115.78	107.13	51	0.55
Period: 52
Tasks:7
id	x	y	end	c
486	42.41	194.06	53	110.29
487	181.45	31.81	53	106.23
488	31	132.26	53	76.17
489	33.95	175.54	55	100.34
490	22.2	2.25	55	124.93
491	45.1	37.02	53	83.55
492	90.55	12.05	52	88.46
Drivers: 3
id	x	y	end	sensitivity
263	146.13	144.19	56	1.22
264	137.36	197.31	53	1.56
265	154.95	187.09	52	0.78
Period: 53
Tasks:10
id	x	y	end	c
493	142.21	2.62	53	106.13
494	124.01	164	54	68.36
495	151.04	54.24	54	68.55
496	13.84	126.2	53	90.06
497	6.71	95.24	54	93.41
498	15.96	70.84	54	88.96
499	140.77	8.78	53	99.92
500	115.23	165.53	53	67.28
501	25.84	145.21	56	86.85
502	182.56	110.54	53	83.23
Drivers: 6
id	x	y	end	sensitivity
266	0.65	136.14	58	1.07
267	6.34	125.79	53	0.89
268	171.12	110.39	53	1.36
269	170.14	143.38	56	1.4
270	97.33	184.79	55	1.49
271	168.81	59.05	55	1.16
Period: 54
Tasks:14
id	x	y	end	c
503	146.69	176.01	55	89.2
504	83.73	189.23	55	90.7
505	52.07	103.81	56	48.08
506	44.15	98.16	55	55.88
507	183.5	85.86	55	84.69
508	8.88	34.57	56	112.18
509	104.38	97.43	55	5.08
510	144.58	116.31	54	47.47
511	59.27	192.02	54	100.63
512	67.65	112.74	55	34.77
513	186.45	146.63	56	98.22
514	94.18	21.78	54	78.44
515	164.13	66.41	55	72.39
516	146.17	83.34	56	49.08
Drivers: 2
id	x	y	end	sensitivity
272	22.13	87.46	55	1.66
273	10.39	55.2	54	1.39
Period: 55
Tasks:11
id	x	y	end	c
517	196.7	23.44	55	123.34
518	179.53	157.82	57	98.33
519	152.85	94.86	57	53.1
520	101.67	150.09	57	50.12
521	117.13	11.63	55	90.01
522	107.39	97.95	56	7.67
523	129.05	125.52	56	38.67
524	113.75	180.83	56	81.99
525	198.04	188.23	56	131.9
526	189.73	194.57	55	130.36
527	104.83	25.24	56	74.92
Drivers: 4
id	x	y	end	sensitivity
274	199.31	116.97	56	1.47
275	22.9	125.06	57	0.82
276	72.88	74.03	58	1.2
277	14.32	22.12	56	1.72
Period: 56
Tasks:7
id	x	y	end	c
528	28.54	173.11	57	102.23
529	21.84	175.09	56	108.39
530	177.17	55.83	56	88.92
531	0.32	62.49	56	106.5
532	16.92	1.08	57	129.18
533	183.72	44.88	57	100.24
534	108.91	58.11	58	42.83
Drivers: 6
id	x	y	end	sensitivity
278	35.49	123.82	58	1.31
279	118.01	46.08	58	1.03
280	64.77	44.32	59	1.51
281	175.2	36.68	60	0.97
282	17.71	18.32	57	1.05
283	109.68	68.31	59	1.18
Period: 57
Tasks:10
id	x	y	end	c
535	103.98	81.73	57	18.7
536	18.63	137.9	57	89.76
537	111.83	74.45	58	28.16
538	92.84	174.97	58	75.31
539	91.54	127.89	59	29.14
540	98.43	82.5	58	17.57
541	156.65	154.61	59	78.69
542	195.75	52.18	61	107.03
543	142.81	91.47	59	43.65
544	111.27	10.78	58	89.93
Drivers: 3
id	x	y	end	sensitivity
284	44.47	62.21	59	0.81
285	23.69	196.04	60	1.06
286	107.53	189.2	59	1.18
Period: 58
Tasks:10
id	x	y	end	c
545	177.9	91.98	61	78.31
546	135.96	134.16	58	49.6
547	192.22	82.07	59	93.95
548	165.33	189.91	58	111.14
549	127.26	59.34	58	48.95
550	16.77	180.13	58	115.53
551	79.63	187.06	58	89.41
552	34.96	95.94	58	65.17
553	62.9	110.31	58	38.51
554	13.86	58.01	60	95.83
Drivers: 9
id	x	y	end	sensitivity
287	117.11	150.13	59	1.72
288	75.36	115.31	59	1.59
289	171.9	91.33	61	1.27
290	131.27	28.33	60	0.87
291	5.91	51.42	60	1.22
292	169.95	124.9	62	1.3
293	155.99	153.96	61	1.72
294	80.39	17.32	58	1.19
295	170.05	108.86	59	0.55
Period: 59
Tasks:7
id	x	y	end	c
555	41.7	11.96	60	105.59
556	123.26	8.8	59	94.12
557	53.63	122.62	59	51.59
558	101.44	137.83	59	37.86
559	100.71	83.3	60	16.72
560	199.07	10.33	60	133.62
561	57.18	99.59	59	42.82
Drivers: 3
id	x	y	end	sensitivity
296	51.88	50.74	61	0.7
297	110.37	169.38	61	1.36
298	14.04	31.28	62	0.63
Period: 60
Tasks:11
id	x	y	end	c
562	22.87	115.01	62	78.58
563	175.88	0.49	62	125.14
564	193.18	38.21	61	111.81
565	115.06	69.7	60	33.84
566	19.1	50.45	60	94.87
567	32.81	19.25	60	105.05
568	10.96	1.41	62	132.85
569	31.12	30.56	60	97.81
570	7.54	179.88	60	122.19
571	169.78	109.97	60	70.49
572	117.31	119.84	60	26.33
Drivers: 7
id	x	y	end	sensitivity
299	65.41	56.87	60	1.25
300	148.79	150.2	63	0.65
301	48.89	64.77	62	1.1
302	69.57	114.19	61	1.11
303	75.07	137.13	63	1.25
304	190.69	50.91	61	1.93
305	152.48	106.01	60	0.54
Period: 61
Tasks:12
id	x	y	end	c
573	84.47	133.42	62	36.85
574	32.03	25.44	61	100.89
575	136.22	85.66	61	38.96
576	111.3	101.41	61	11.39
577	118.03	41.21	61	61.49
578	119.02	50.04	62	53.46
579	24.52	28.48	62	103.98
580	47.31	192.21	61	106.2
581	119.47	55.92	62	48.19
582	101.13	90.1	62	9.96
583	186.16	145.54	63	97.45
584	76.24	17.33	62	86.02
Drivers: 5
id	x	y	end	sensitivity
306	170.09	125.01	62	1.8
307	48.57	137.29	62	0.63
308	17.49	172.54	62	0.88
309	83.98	36.76	63	1.89
310	173.01	54.88	62	0.85
Period: 62
Tasks:4
id	x	y	end	c
585	6.64	152.57	63	107.14
586	144.92	84.59	62	47.49
587	116.29	51.83	62	50.85
588	45.73	2.84	65	111.29
Drivers: 6
id	x	y	end	sensitivity
311	131.62	145.71	64	1.66
312	90.52	180.53	64	1.54
313	197.8	24.64	65	1.58
314	95.27	149.81	63	1.18
315	21.9	67.74	65	1.27
316	58.03	151.18	64	1.11
Period: 63
Tasks:9
id	x	y	end	c
589	39.96	139.72	63	71.99
590	164.53	52.24	64	80.28
591	177.86	190.11	64	119.09
592	30.99	29.25	63	98.83
593	23.7	145.42	63	88.8
594	40.75	176.48	63	96.75
595	141.84	81.71	64	45.66
596	54.62	13.24	63	97.91
597	59.77	160.72	63	72.84
Drivers: 3
id	x	y	end	sensitivity
317	174.09	189.64	67	0.7
318	23.96	77.9	66	0.69
319	16.92	46.83	67	0.76
Period: 64
Tasks:7
id	x	y	end	c
598	178.44	86.15	64	79.65
599	187.29	139.89	64	95.97
600	106.03	138.8	65	39.27
601	62.34	114.14	64	40.23
602	62.73	69.11	64	48.41
603	7.97	100.51	65	92.03
604	107.03	142.25	67	42.83
Drivers: 7
id	x	y	end	sensitivity
320	92.71	108.47	65	1.41
321	164.7	197.1	64	0.85
322	81.26	113.9	64	1.01
323	149.26	68.01	66	0.89
324	103.68	64.99	66	1.7
325	4.34	68.61	67	1.97
326	121.93	21.3	65	1.85
Period: 65
Tasks:13
id	x	y	end	c
605	86.46	89.53	66	17.12
606	62.61	5.62	65	101.52
607	51.29	147.36	68	67.94
608	139.89	174.03	66	84.09
609	50.49	144.17	67	66.35
610	29.69	192.69	67	116.34
611	187.79	160.35	66	106.53
612	193.89	1.03	65	136.42
613	97.59	183.69	68	83.72
614	62.06	38.62	66	72.16
615	85.42	50.34	67	51.76
616	87.12	23.96	66	77.12
617	18.55	195.77	68	125.72
Drivers: 10
id	x	y	end	sensitivity
327	116.03	110.65	66	1.73
328	17.14	158.32	71	1.99
329	50.01	67.95	66	1.55
330	126.35	127.64	66	1.86
331	154.12	124.6	65	1.22
332	29.44	168.04	68	1.27
333	55.33	71.65	69	0.7
334	30.94	142.99	69	1.11
335	22.02	7.41	70	1.5
336	84.83	114.68	69	1.42
Period: 66
Tasks:16
id	x	y	end	c
618	148.41	14.77	66	98.02
619	198.73	9.94	67	133.64
620	37.53	131.74	67	70.07
621	98.11	84.76	67	15.36
622	75.64	2.69	66	100.31
623	33.24	59.75	66	77.95
624	49.93	161.95	67	79.65
625	105.8	68.67	66	31.86
626	10.65	13.77	68	124.17
627	188	128.7	66	92.56
628	10.26	41.36	66	107.2
629	15.7	71.4	68	89.02
630	85.32	152.32	66	54.34
631	97.91	114.41	68	14.56
632	27.23	124.31	66	76.72
633	34.47	148.69	67	81.64
Drivers: 4
id	x	y	end	sensitivity
337	95.9	130.15	67	0.75
338	189.24	46.65	66	0.72
339	24.29	13.09	67	0.71
340	169.36	52.78	67	0.6
Period: 67
Tasks:10
id	x	y	end	c
634	177.54	8.41	68	120
635	25.8	135.76	68	82.37
636	110.97	137.4	67	38.98
637	71.6	147.43	68	55.28
638	146.64	186	67	97.83
639	142.53	16.87	67	93.38
640	34.38	40.62	67	88.5
641	20.25	151.11	68	94.72
642	107.19	150.88	68	51.39
643	161.48	150.75	67	79.72
Drivers: 4
id	x	y	end	sensitivity
341	128.83	165.94	72	0.78
342	53.85	150.97	67	0.82
343	147.76	33.99	69	0.87
344	111.64	36.62	69	0.91
Period: 68
Tasks:8
id	x	y	end	c
644	32.35	40.01	71	90.42
645	120.47	198.43	68	100.54
646	86.69	191.02	68	91.99
647	18.33	177.54	69	112.62
648	143.58	132.79	71	54.54
649	146.04	123.57	70	51.72
650	196.76	29.48	70	119.73
651	113.64	181.19	70	82.33
Drivers: 1
id	x	y	end	sensitivity
345	15.76	106.07	74	1.61
Period: 69
Tasks:11
id	x	y	end	c
652	155.12	76.27	70	60.01
653	19.49	192.28	71	122.46
654	39.83	18.07	70	101.65
655	30.79	127.54	70	74.49
656	30.57	50.95	71	85.01
657	140.09	93.26	70	40.65
658	172.76	53.83	70	86.17
659	57.96	164.89	69	77.32
660	22.97	55.53	70	88.94
661	95.87	108.52	70	9.47
662	68.29	133.61	72	46.21
Drivers: 5
id	x	y	end	sensitivity
346	124.98	87.67	69	1.4
347	178.73	163.2	71	0.83
348	199.19	131.46	69	0.57
349	43.35	36.41	69	1.23
350	14.85	115	70	1.51
Period: 70
Tasks:11
id	x	y	end	c
663	198.12	174.81	71	123.39
664	33.79	113.03	70	67.48
665	97.45	12.12	70	87.92
666	16.08	136.45	71	91.49
667	28.4	12.94	71	112.72
668	180.9	139.74	70	90.13
669	147.97	180.25	70	93.49
670	178.99	140.01	71	88.55
671	20.73	55.46	72	90.93
672	7.86	65.99	70	98.22
673	143.49	61.36	70	58.18
Drivers: 4
id	x	y	end	sensitivity
351	131.48	149.01	71	0.76
352	41.72	101.28	72	1.24
353	89.52	94.13	71	1.6
354	36.5	99.01	71	0.81
Period: 71
Tasks:7
id	x	y	end	c
674	54.26	182.3	72	94.16
675	152.18	40.2	73	79.36
676	18.51	17.61	72	115.88
677	16.02	0.03	74	130.56
678	171.86	103.97	71	71.97
679	166.36	84.37	72	68.18
680	43.78	61.36	73	68.22
Drivers: 5
id	x	y	end	sensitivity
355	106.1	96.82	75	0.87
356	117.41	116.88	77	1.28
357	124.58	178.11	74	1.13
358	163.25	112.24	71	0.93
359	115.05	59.8	72	0.61
Period: 72
Tasks:9
id	x	y	end	c
681	97.35	197.93	72	97.97
682	31.83	112.28	73	69.27
683	22.66	157.5	73	96.37
684	146.89	195.77	73	106.63
685	84.13	41.3	73	60.81
686	20.81	193.01	73	122.16
687	128.35	112.05	72	30.8
688	85.97	128.77	73	32.01
689	15.18	86.89	74	85.83
Drivers: 8
id	x	y	end	sensitivity
360	198.22	138.02	73	1.96
361	41.93	97.67	74	1.81
362	127.65	114.46	73	0.87
363	65.61	44.81	72	1.86
364	44.28	171.81	73	1.12
365	147.56	180.84	72	1.48
366	184.2	193.45	74	1.24
367	179.4	102.37	74	1.41
Period: 73
Tasks:9
id	x	y	end	c
690	113.25	115.53	74	20.41
691	91.65	86.25	73	16.09
692	55.05	169.94	73	83.14
693	110.49	112.41	74	16.25
694	109.78	35.53	73	65.21
695	0.37	20.93	75	127.19
696	173.48	64.25	73	81.72
697	130.25	166.11	74	72.7
698	64.72	141.63	74	54.57
Drivers: 2
id	x	y	end	sensitivity
368	55.17	29.5	76	0.8
369	44.89	181.9	78	1.54
Period: 74
Tasks:8
id	x	y	end	c
699	106.09	85.62	76	15.62
700	80.4	23.47	75	79
701	126.89	190.67	74	94.57
702	176.93	145.95	75	89.61
703	83.16	70.63	75	33.86
704	130.49	146.33	74	55.46
705	193.95	137.39	75	101.12
706	59.7	5.75	75	102.5
Drivers: 3
id	x	y	end	sensitivity
370	182.79	12.81	75	1.37
371	23.49	33.49	76	0.69
372	98.81	188.27	74	1.7
Period: 75
Tasks:4
id	x	y	end	c
707	66.51	24.08	77	82.98
708	38.35	72.15	76	67.65
709	144.79	60.24	76	59.89
710	56.71	105.72	76	43.67
Drivers: 7
id	x	y	end	sensitivity
373	94.19	163.56	78	0.52
374	73.48	176.82	78	1.86
375	139.89	38.4	75	1.13
376	162.42	78.76	77	1.95
377	119.41	24.18	75	1.2
378	118.97	111.98	78	1.91
379	34.57	130.14	76	1.43
Period: 76
Tasks:9
id	x	y	end	c
711	106.12	163.9	79	64.19
712	154.85	78.95	76	58.75
713	60.9	160.26	78	71.83
714	9.73	142.35	80	99.71
715	102.18	32.03	76	68
716	9.53	115.97	76	91.87
717	81.69	27.57	76	74.71
718	11.89	133.27	76	94.18
719	22.7	52.58	77	90.69
Drivers: 3
id	x	y	end	sensitivity
380	188.05	70.16	76	0.65
381	120.75	145.17	80	0.88
382	17.91	127.87	77	1.81
Period: 77
Tasks:11
id	x	y	end	c
720	64.44	192.85	77	99.43
721	138.49	146.82	77	60.61
722	106.2	65.1	78	35.45
723	118.21	65.05	77	39.41
724	79.39	134.14	77	39.88
725	49.55	184.84	80	98.71
726	118.52	91.7	78	20.29
727	168	16.72	80	107.52
728	12.41	65.58	77	94.11
729	108.5	6.21	78	94.17
730	189.31	18.86	79	120.66
Drivers: 7
id	x	y	end	sensitivity
383	142.18	117.58	81	0.97
384	120.91	181.91	79	0.82
385	121.88	11.82	80	1.86
386	169.8	40.34	77	0.72
387	190.37	34.49	80	0.86
388	72.89	8.47	79	1.32
389	77.01	27.68	79	1.02
Period: 78
Tasks:9
id	x	y	end	c
731	141.95	38.27	79	74.64
732	71.87	139.64	79	48.61
733	127.42	151.72	78	58.54
734	46.86	128.31	81	60.21
735	129.31	86.57	79	32.24
736	71.64	198.54	79	102.54
737	0.8	149.65	79	110.93
738	83.51	109.89	78	19.23
739	185.2	105.45	80	85.37
Drivers: 5
id	x	y	end	sensitivity
390	141.61	162.73	81	0.65
391	105.62	186.55	79	0.61
392	158.64	150.33	81	0.61
393	91.27	142.42	83	1.86
394	134.84	172.91	81	1.84
Period: 79
Tasks:15
id	x	y	end	c
740	27.75	6.41	80	118.23
741	87.18	167.98	80	69.18
742	56.97	179.39	79	90.3
743	67.32	10.89	81	94.91
744	69.64	67.57	79	44.42
745	176.76	32.4	82	102.28
746	30.53	56.19	79	82.13
747	130.31	83.83	79	34.35
748	153.03	64.65	80	63.73
749	26.85	120.96	79	76.09
750	100.48	170.51	80	70.51
751	178.99	30.24	79	105.38
752	104.5	153.65	80	53.84
753	151.95	79.67	80	55.79
754	81.01	133.11	81	38.17
Drivers: 8
id	x	y	end	sensitivity
395	91.11	149.37	81	1.75
396	3	74.66	79	1.86
397	70.52	152.94	82	1.57
398	91.9	72.1	81	0.6
399	108.29	193.47	80	1.54
400	76.18	146.89	82	1.19
401	67.18	178.09	82	1.02
402	184.73	34.38	81	1.49
Period: 80
Tasks:10
id	x	y	end	c
755	145.62	71.94	81	53.56
756	151.18	79.62	80	55.09
757	117.72	103.12	81	17.99
758	145.35	164.45	82	78.81
759	35.67	167	81	92.88
760	108.88	156.64	81	57.33
761	91.36	180.26	82	80.72
762	136.82	49.59	81	62.42
763	94.38	90.66	81	10.9
764	8.5	25.17	81	118.2
Drivers: 11
id	x	y	end	sensitivity
403	17.46	178.11	82	1.47
404	52.51	104.46	81	1.62
405	82.18	162.35	82	1.87
406	99.88	113.09	82	0.63
407	8.24	49.11	81	0.79
408	178.73	110.28	83	1.76
409	89.1	170.94	85	1.15
410	84.59	88.38	81	1.78
411	76.92	60.14	81	0.93
412	57.36	183.98	80	1.95
413	159.66	29.24	82	1.7
Period: 81
Tasks:13
id	x	y	end	c
765	152.23	194.4	83	107.89
766	170.97	147.1	82	85.18
767	170.85	132.9	84	78.12
768	190.01	60.72	81	98.21
769	161.71	59.25	81	73.95
770	160.47	88.19	82	61.61
771	105.68	111.13	81	12.5
772	194.96	48.21	83	108.16
773	21.14	180.11	82	112.41
774	104.34	162.24	81	62.39
775	140.95	124.22	85	47.58
776	130.91	181.62	82	87.28
777	21.01	17.31	81	114.35
Drivers: 5
id	x	y	end	sensitivity
414	89.98	173.09	82	1.8
415	99.74	61.36	84	0.62
416	194.77	143.71	84	1.99
417	3.48	149.83	87	1.85
418	48.09	14.26	83	0.98
Period: 82
Tasks:15
id	x	y	end	c
778	177.62	193.49	83	121.51
779	170.01	148.95	83	85.43
780	152.06	189.02	84	103.13
781	153.75	8.54	84	106.08
782	89.17	178.38	83	79.12
783	195.56	77.78	83	98.11
784	8.96	153.56	84	105.63
785	176.18	55.25	82	88.35
786	1.99	84.01	85	99.31
787	133.05	60.7	83	51.35
788	166.28	146.86	84	81.17
789	108.28	76.76	82	24.67
790	187.49	12.46	83	123.76
791	72.39	47.91	83	58.95
792	96.76	48.81	84	51.29
Drivers: 8
id	x	y	end	sensitivity
419	54.23	67	83	1.52
420	68.07	81.49	84	0.51
421	163.3	61.51	83	1.52
422	53.38	153.38	83	1.45
423	24.38	75.22	84	1.76
424	116.28	78.26	84	1.35
425	115.91	2.19	85	1.32
426	17.49	52.77	84	1.9
Period: 83
Tasks:14
id	x	y	end	c
793	44.7	131.8	84	63.79
794	84.24	197.51	83	98.78
795	115.91	196.51	83	97.81
796	116.89	17.84	85	83.88
797	78.26	65.07	88	41.14
798	192.5	112.47	84	93.34
799	129.09	193.91	83	98.31
800	56.21	71.18	83	52.42
801	91.06	78.19	85	23.57
802	189.46	174.94	84	116.7
803	117.93	168.67	83	70.97
804	171.21	101.39	83	71.22
805	5.72	66.06	83	100.2
806	72.49	9.36	83	94.72
Drivers: 5
id	x	y	end	sensitivity
427	165.98	114.04	85	0.53
428	199.52	1.04	85	1.67
429	53.04	82.07	88	1.3
430	87.39	47.33	85	1.39
431	113.39	135.89	84	1.09
Period: 84
Tasks:6
id	x	y	end	c
807	77.36	131.87	84	39.09
808	72.57	24.75	84	80.09
809	190.19	0.8	86	134.07
810	56.66	178.77	84	89.91
811	191.68	29.4	85	115.71
812	94.29	85.94	85	15.18
Drivers: 3
id	x	y	end	sensitivity
432	108.01	45.22	85	0.68
433	130.43	31.75	85	0.66
434	175.54	47.14	87	0.79
Period: 85
Tasks:15
id	x	y	end	c
813	103.73	163.14	85	63.25
814	41.63	175.83	85	95.69
815	17.03	195.9	86	126.81
816	85.77	60.54	87	41.95
817	50.85	161.96	86	79.09
818	167.46	162.29	86	91.82
819	33.08	31.21	85	95.97
820	99.42	143.81	88	43.81
821	52.67	38.43	86	77.66
822	16.26	135.15	86	90.82
823	145.86	80.83	88	49.71
824	95.43	181.43	85	81.56
825	15.02	72.53	85	89.31
826	80.55	26.78	86	75.76
827	33.96	151.59	86	83.8
Drivers: 4
id	x	y	end	sensitivity
435	156.04	58.13	88	0.71
436	60.36	168.96	85	0.99
437	34.88	74.85	87	1.17
438	185.01	4.23	89	1.86
Period: 86
Tasks:7
id	x	y	end	c
828	121.27	69.63	89	37.08
829	30.02	128.33	88	75.5
830	44.89	20.09	86	97.07
831	10.47	194.29	87	130.02
832	28.57	156.96	86	91.36
833	70.38	165.15	86	71.57
834	125.19	4.67	87	98.6
Drivers: 5
id	x	y	end	sensitivity
439	68.21	192.95	87	0.51
440	132.62	150.84	88	1.57
441	59.42	77.18	87	0.83
442	49.07	106.11	86	1.94
443	158.39	155.73	91	1.72
Period: 87
Tasks:11
id	x	y	end	c
835	147.23	14.29	88	97.86
836	161.76	51.51	88	78.52
837	105.7	172.62	89	72.84
838	116.78	20.61	88	81.14
839	3.86	73.95	87	99.61
840	58.21	143.32	88	60.19
841	181.56	118.14	90	83.55
842	145.88	80.99	88	49.66
843	148.26	142.99	87	64.63
844	34.51	173.5	88	98.44
845	7.61	155.58	89	107.82
Drivers: 4
id	x	y	end	sensitivity
444	87.03	89.27	88	1.45
445	149.34	155.5	87	1.45
446	91.53	198.49	88	1.78
447	187.68	81.95	88	0.71
Period: 88
Tasks:10
id	x	y	end	c
846	129.47	74.16	90	39.19
847	50.46	135.32	88	60.84
848	126.15	17.32	88	86.72
849	161.37	74.73	88	66.37
850	112.31	139.96	90	41.81
851	49.23	24.01	89	91.39
852	107.63	19.26	88	81.1
853	181.85	153.78	91	97.94
854	118.65	54.5	88	49.17
855	67.45	108.53	90	33.65
Drivers: 7
id	x	y	end	sensitivity
448	167.08	25.92	89	1.5
449	84.89	169.72	89	0.62
450	148.02	160.88	90	1.15
451	113.54	28.72	90	0.72
452	135.77	6.46	89	1.61
453	195.12	128.95	92	1.34
454	135.49	116.71	90	0.58
Period: 89
Tasks:12
id	x	y	end	c
856	195.07	128.02	90	99.11
857	115.12	50.32	90	51.93
858	0.52	122.5	90	101.99
859	172.37	74.69	89	76.67
860	88.01	137.6	89	39.47
861	173.99	182.99	93	111.18
862	58.81	1.76	90	106.53
863	71.76	179.56	89	84.42
864	185.03	28.86	89	110.86
865	38.29	56.3	89	75.62
866	52.46	127.8	90	55.07
867	133.16	128.48	91	43.71
Drivers: 3
id	x	y	end	sensitivity
455	43.59	188.56	91	0.99
456	185.26	32.25	91	1.48
457	24.25	51.78	90	1.98
Period: 90
Tasks:12
id	x	y	end	c
868	194.66	195.85	91	134.71
869	181.03	24.29	92	110.9
870	152.99	93.95	90	53.33
871	66.96	95.31	92	33.37
872	194.65	130.64	90	99.49
873	94.1	160.79	91	61.08
874	122.91	102.33	91	23.03
875	133.85	14.18	91	92.25
876	75.37	24.84	91	79.09
877	25.93	51.04	94	88.79
878	166.43	185.13	91	107.98
879	42.86	167.95	90	88.78
Drivers: 2
id	x	y	end	sensitivity
458	21	174.27	95	0.54
459	38.67	169.43	92	1.08
Period: 91
Tasks:9
id	x	y	end	c
880	61.67	36.72	91	73.98
881	151.96	2.23	93	110.72
882	183.94	13.41	92	120.6
883	119.92	151	91	54.75
884	31.71	85.87	91	69.74
885	69.33	70.03	91	42.88
886	81.36	116.59	93	24.95
887	142.14	120.93	92	47.05
888	67.03	141.86	93	53.28
Drivers: 4
id	x	y	end	sensitivity
460	137.31	106.39	92	1.57
461	66.81	81.92	94	0.86
462	58.89	79.29	94	1.94
463	93.6	51.02	92	1.74
Period: 92
Tasks:12
id	x	y	end	c
889	165.81	98.19	93	65.83
890	125.72	80.78	92	32.11
891	61.21	132.23	92	50.43
892	104.53	19.12	92	81.01
893	157.14	143.1	94	71.57
894	144.93	114.33	94	47.16
895	183.2	174.5	94	111.68
896	23.39	171.71	93	104.94
897	82.89	31.84	93	70.27
898	184.65	33.42	92	107.7
899	192.72	95.35	93	92.84
900	76.7	178.4	92	81.79
Drivers: 8
id	x	y	end	sensitivity
464	91.67	146.12	95	1.01
465	78	16.26	94	1.47
466	126.22	46.3	95	0.98
467	85.39	92.56	94	1.04
468	143.39	78.45	93	1.58
469	1.67	181.77	92	0.74
470	63.04	144.31	92	1.54
471	47.5	157.03	97	1.47
Period: 93
Tasks:8
id	x	y	end	c
901	159.09	119.24	95	62.14
902	40.54	53.96	96	75.2
903	19.94	108.74	96	80.54
904	46.02	150.26	93	73.76
905	54.93	148.24	94	66.02
906	31.65	49.25	97	85.13
907	118.97	112.29	93	22.6
908	115.22	193.88	94	95.11
Drivers: 2
id	x	y	end	sensitivity
472	70.5	159.83	93	0.91
473	107.56	110.6	96	1.07
Period: 94
Tasks:13
id	x	y	end	c
909	59.33	113.34	94	42.8
910	55.67	65.66	96	56.07
911	153.05	70.59	96	60.66
912	116.3	42.01	94	60.24
913	129.31	83.95	94	33.42
914	170	138.25	95	79.77
915	125.98	76.86	94	34.79
916	72.34	162.35	94	68.21
917	195.28	11.6	94	129.97
918	71.18	80.12	94	35.01
919	184.19	94.26	95	84.39
920	6.37	15.39	96	126.2
921	155.01	28.49	95	90.22
Drivers: 5
id	x	y	end	sensitivity
474	165.51	127.93	96	1.44
475	32.97	188.36	95	1.19
476	181.26	72.35	96	1.3
477	93.75	16.74	94	1.25
478	8.21	174.6	96	1.7
Period: 95
Tasks:12
id	x	y	end	c
922	148.09	92.84	97	48.62
923	56.95	46.5	96	68.67
924	171.42	39.34	97	93.7
925	10.33	114.27	97	90.8
926	199.51	121.05	97	101.71
927	196.6	98.39	95	96.61
928	106.2	121.65	97	22.52
929	138.08	68.21	96	49.61
930	140.36	195.66	95	103.83
931	6.99	171.01	96	117.02
932	30.34	23.14	96	103.73
933	73.23	111.17	96	29.01
Drivers: 1
id	x	y	end	sensitivity
479	11.98	121.2	95	1.43
Period: 96
Tasks:10
id	x	y	end	c
934	151.93	102.16	96	51.97
935	196.56	106.09	98	96.75
936	9.91	96.87	96	90.14
937	59.31	163.73	96	75.61
938	192.18	12.62	96	127.01
939	29.05	135.96	97	79.54
940	112.39	6.62	98	94.2
941	98.18	95.52	97	4.84
942	14.38	150.56	97	99.43
943	94.95	199.34	98	99.47
Drivers: 6
id	x	y	end	sensitivity
480	100.8	83.75	99	1.57
481	42.74	132.72	98	1.61
482	138.58	190.84	97	1.38
483	196.22	133.22	98	1.55
484	127.84	3.15	96	1.82
485	20.57	104.18	98	1.43
Period: 97
Tasks:7
id	x	y	end	c
944	80.13	34.1	98	68.83
945	123.1	193.05	98	95.87
946	162.95	88.1	98	64.06
947	133.29	11.94	98	94.14
948	80.96	56.77	100	47.24
949	195.37	4.3	97	135.11
950	32.76	112.21	97	68.34
Drivers: 4
id	x	y	end	sensitivity
486	79.87	38.09	102	1.94
487	94.2	16.73	98	0.84
488	141.22	181.6	99	0.76
489	5.43	96.47	101	1.19
Period: 98
Tasks:12
id	x	y	end	c
951	8.33	126.54	98	95.43
952	135.35	193.42	99	99.88
953	138.57	104.45	98	38.83
954	73.33	87.39	98	29.5
955	176.82	158.19	100	96.37
956	121.24	59.56	99	45.68
957	44.69	108.36	99	55.94
958	26.36	14.36	98	112.95
959	164.73	155.44	98	85.23
960	17.77	13.25	98	119.53
961	195.53	21.04	99	123.94
962	51.14	146.57	99	67.5
Drivers: 6
id	x	y	end	sensitivity
490	138.51	83.31	98	1.11
491	101.51	80.54	99	1.21
492	85.83	25.39	98	1.4
493	176.02	36.79	102	1.76
494	148.52	38.56	101	1.44
495	21.7	127.05	99	1.32
Period: 99
Tasks:11
id	x	y	end	c
963	22.23	26.84	99	106.77
964	50.31	58.19	99	64.94
965	87.54	193.05	100	93.88
966	174.26	90.41	99	74.88
967	56.19	65.18	102	55.96
968	126.54	168.89	100	73.83
969	131.42	36.07	101	71.23
970	1.28	56.58	99	107.85
971	44.55	82.3	100	58.21
972	86.86	146.49	102	48.31
973	23.85	50.1	100	91.04
Drivers: 1
id	x	y	end	sensitivity
496	142.35	157.49	105	1.34
Period: 100
Tasks:5
id	x	y	end	c
974	38.39	192.74	102	111.34
975	141.84	53.07	100	62.87
976	15.66	115.1	101	85.68
977	67.35	181.48	101	87.78
978	70.5	129.86	101	41.97
Drivers: 5
id	x	y	end	sensitivity
497	99.39	61.1	103	1.57
498	182.6	118.38	102	1.81
499	9.43	11.41	101	0.79
500	92.42	100.68	101	1.61
501	125.98	173.82	102	1.52
