Periods: 100
Task Arrival Rate: 10
Task Average Time: 2
Driver Arrival Rate: 15
Driver Average Time: 3
Period: 1
Tasks:11
id	x	y	end	c
1	92.62	115.44	1	17.11
2	20.87	151.21	2	94.26
3	190.4	59.96	2	98.87
4	142.24	101.74	4	42.28
5	3.41	121.34	3	98.92
6	6.2	54.93	1	104.07
7	35.33	14.47	5	107.23
8	177.12	14.54	6	115.11
9	139.46	154.26	1	67.09
10	87.78	13.71	4	87.15
11	18.8	160.78	1	101.43
Drivers: 11
id	x	y	end	sensitivity
1	31.78	96.86	3	1.9
2	96.96	139.36	1	1.51
3	70.75	143.45	4	1.59
4	197.6	115.65	8	1.33
5	188.46	42.62	3	1.49
6	120.43	119.88	3	0.66
7	19.82	30.02	2	1.12
8	167.81	174.35	4	0.52
9	143.95	20.97	2	1.34
10	14.51	134.06	5	1.24
11	105.06	191.49	4	1.06
Period: 2
Tasks:3
id	x	y	end	c
12	71.86	44.45	6	62.27
13	179.75	100.16	6	79.75
14	198.17	132.33	3	103.36
Drivers: 16
id	x	y	end	sensitivity
12	23.03	108.13	2	0.55
13	188.82	105.59	4	0.72
14	167.67	195.99	4	1.64
15	101.29	47.49	7	1
16	171.75	81.75	6	1.36
17	64.08	176.76	8	0.7
18	155.77	50.63	3	1.51
19	124.34	107.46	6	1.13
20	67.04	97.63	5	0.52
21	159.44	94.22	8	1.53
22	144.16	194.09	7	1.6
23	163.16	92.73	4	1.35
24	27.7	111.34	7	1.02
25	179.71	143.39	4	0.7
26	113.84	17.94	2	1.13
27	185.83	98.67	5	0.87
Period: 3
Tasks:10
id	x	y	end	c
15	157.75	50.62	4	75.98
16	175.36	103.43	3	75.44
17	109.35	190.69	6	91.17
18	68.69	73.8	5	40.83
19	112.33	194.38	6	95.18
20	160.65	169.23	6	92.04
21	129.72	86.18	4	32.78
22	124.33	54.16	4	51.9
23	123.96	169.83	7	73.83
24	66.44	58.45	3	53.41
Drivers: 17
id	x	y	end	sensitivity
28	23.94	143.99	4	0.54
29	2.78	186.21	7	1.94
30	24.23	3.96	4	0.61
31	185.74	113.43	6	1.45
32	124.76	182.06	9	1.06
33	82.1	6.4	5	0.57
34	73.46	103.31	4	1.37
35	1.49	75.03	5	1.2
36	132.68	129.03	4	1.78
37	182.69	145.14	9	1.59
38	169.08	61.81	7	0.52
39	6.03	96.96	5	1.29
40	159.81	144.4	4	1.75
41	70.29	82.51	5	1.13
42	38.37	143.01	7	1.28
43	86.51	79.81	5	1.71
44	198.72	31.08	7	0.57
Period: 4
Tasks:11
id	x	y	end	c
25	120.58	179.04	5	81.68
26	190.71	27.99	6	115.82
27	132.53	86.57	4	35.19
28	87.99	188.97	8	89.78
29	10.16	63.69	5	96.9
30	55.88	90.9	4	45.05
31	79.24	153.6	12	57.48
32	18.7	71.29	6	86.22
33	11.79	113.68	6	89.26
34	112.55	103.07	8	12.92
35	91.9	110.31	6	13.11
Drivers: 9
id	x	y	end	sensitivity
45	1.83	54.67	10	1.83
46	34.2	94.43	4	1.76
47	178.44	10.95	8	0.53
48	14.19	66.5	7	0.85
49	57.65	45.5	8	0.72
50	150.95	80.01	8	1.66
51	29.77	95.72	8	1.7
52	132.74	113.46	6	1.36
53	127.88	160.54	7	1.54
Period: 5
Tasks:6
id	x	y	end	c
36	8.84	108.77	5	91.58
37	133.75	159.39	6	68.31
38	104.08	0.42	5	99.66
39	27.72	151.33	8	88.65
40	142.33	113.84	6	44.54
41	138.49	123.94	6	45.33
Drivers: 18
id	x	y	end	sensitivity
54	145.36	154.25	10	1.64
55	40.88	51.26	9	0.79
56	51.59	186.41	12	1.21
57	103.48	37.04	7	1.13
58	60.39	133.49	6	0.92
59	138.38	183.29	11	1.96
60	130.27	135.65	8	1.02
61	5.35	68.5	8	1.6
62	87.49	165.16	7	1.36
63	140.84	156.82	6	2
64	82.25	121.4	8	0.84
65	166.83	113.92	6	1.68
66	133.92	157.79	9	1.33
67	75	166.78	9	1.89
68	28.29	127.87	7	0.62
69	123.06	178.47	6	0.6
70	159.19	76.46	12	0.75
71	100.96	54.6	7	0.72
Period: 6
Tasks:11
id	x	y	end	c
42	56.65	134.38	9	55.33
43	100.24	36.29	6	63.71
44	93.88	63.38	10	37.13
45	156.94	119.19	8	60.09
46	116.93	33.76	6	68.37
47	53.54	126.23	6	53.35
48	12.72	76.33	9	90.43
49	40.96	25.97	7	94.69
50	181.59	193.2	6	123.87
51	116.02	121.73	6	27
52	14.85	128.3	8	89.73
Drivers: 15
id	x	y	end	sensitivity
72	47.19	46.03	7	0.74
73	99.95	10.1	6	0.96
74	35.29	99.19	13	0.98
75	8.34	132.28	8	1.81
76	73.44	8.9	7	0.82
77	31.08	79.34	12	1.75
78	53.03	7.35	8	1.72
79	165.58	89.06	9	1.72
80	16.78	138.69	8	0.67
81	172.63	47.83	7	1.47
82	155.74	21.22	11	0.98
83	74.39	53.84	8	1.76
84	61.95	29.85	9	1.61
85	130.84	186.72	8	0.8
86	134.97	145.38	6	1.55
Period: 7
Tasks:4
id	x	y	end	c
53	106.19	10.76	7	89.45
54	52	26.96	9	87.4
55	144.77	3.47	8	106.41
56	31.93	38.72	9	91.59
Drivers: 20
id	x	y	end	sensitivity
87	54.2	149.89	11	1.97
88	173.69	82.35	8	1.83
89	13.67	176.3	11	1.57
90	68.67	122.06	8	1.83
91	41.91	116.57	8	1.7
92	94.74	19.51	12	0.65
93	147.66	94.7	10	0.59
94	13.16	177.12	8	1.6
95	22.96	99.14	9	1.63
96	13.71	24.1	12	1.2
97	144.87	77.81	9	1.86
98	107.61	47.11	8	0.77
99	172.52	45.03	12	0.59
100	94.61	2.5	10	0.58
101	25.08	103.72	8	1.44
102	176.97	47.73	13	0.62
103	77.97	175.91	9	1.07
104	21.02	27.7	9	0.97
105	18.26	188.85	9	1.34
106	8.59	125.62	12	0.59
Period: 8
Tasks:14
id	x	y	end	c
57	17.98	180.78	10	115.12
58	176.55	92.12	11	76.95
59	93.98	69.88	8	30.72
60	174.97	102.97	11	75.03
61	154.15	60.15	9	67.23
62	83.91	180.92	9	82.5
63	11.99	17.1	11	120.91
64	197.59	67.47	9	102.87
65	12.04	57.86	9	97.53
66	139.14	81.83	8	43.15
67	67.13	57.24	12	53.93
68	110.43	7.63	10	92.96
69	187.77	18.55	12	119.74
70	144.03	32.76	10	80.37
Drivers: 8
id	x	y	end	sensitivity
107	30.27	163.49	9	0.73
108	50	76.18	13	1.49
109	123.18	3.42	15	0.78
110	32.09	116.72	9	0.79
111	128.11	114.37	10	0.56
112	56.96	195.35	12	1.39
113	76.87	66.55	13	0.65
114	181.85	34.99	10	1.9
Period: 9
Tasks:16
id	x	y	end	c
71	184.6	189.53	10	123.18
72	74.76	185.6	9	89.24
73	191.5	47.76	12	105.36
74	12.2	162.33	13	107.67
75	16.76	5.9	10	125.63
76	134.8	115.14	10	37.95
77	174.64	3.46	12	122.03
78	64.51	188.45	11	95.3
79	0.39	21.51	11	126.82
80	50.03	9.12	11	103.71
81	55.82	61.48	9	58.61
82	24.02	122.35	10	79.2
83	164.81	18.7	12	103.97
84	13.29	162	11	106.6
85	136.86	122.98	10	43.44
86	65	186.05	11	92.9
Drivers: 18
id	x	y	end	sensitivity
115	142.87	57.92	12	1.4
116	196.84	106.32	14	0.63
117	75.91	178.56	11	1.55
118	73.05	84.72	9	1.15
119	170.51	85.29	13	1.57
120	146.12	23.3	12	0.91
121	153.32	158.47	11	1.77
122	10.62	124.29	12	1.82
123	188.91	112.98	12	1.31
124	97.52	73.27	11	0.75
125	182.93	96.11	12	1.57
126	60.86	107.14	11	0.88
127	3.46	192.84	12	1.99
128	32.45	170.97	13	0.95
129	73.48	99.42	11	1.29
130	170.41	189.14	13	1.83
131	95	75.88	12	0.75
132	86.56	43.7	11	0.78
Period: 10
Tasks:8
id	x	y	end	c
87	142.22	83.89	12	45.19
88	154.73	8.52	11	106.6
89	76.69	126.25	10	35.11
90	27.48	134.56	12	80.33
91	167.8	146.15	12	82.02
92	21.11	30	13	105.47
93	69.23	0.93	16	103.74
94	126.37	108.59	10	27.73
Drivers: 15
id	x	y	end	sensitivity
133	195.91	90.62	10	1.84
134	122.03	45.86	10	1.44
135	112.44	52.09	13	1.47
136	166.52	169.58	13	1.87
137	140.66	126.29	14	1.19
138	180.29	43.87	12	0.88
139	129.19	14.02	14	1.47
140	15.74	157.28	13	1.44
141	23.16	179.11	12	0.82
142	31.84	189.19	13	1.58
143	152.22	33.19	13	0.66
144	58.8	112.58	13	0.69
145	142.65	166.12	12	1.33
146	19.65	143.57	12	1.28
147	25.86	47.44	13	0.91
Period: 11
Tasks:11
id	x	y	end	c
95	185.29	9.39	15	124.44
96	24.16	10.68	12	117.17
97	152.39	40.03	13	79.63
98	95.27	141.57	12	41.84
99	6.66	32.48	13	115.2
100	86.85	4.44	13	96.46
101	64.28	180.13	15	87.73
102	85.42	111.59	15	18.63
103	30.28	92.31	14	70.14
104	192.76	135.94	14	99.48
105	109.08	173.62	16	74.18
Drivers: 12
id	x	y	end	sensitivity
148	53.43	157.1	14	1.42
149	124.96	196.87	12	1.68
150	42.37	72.35	16	0.96
151	12.29	156.56	15	1.48
152	14.67	2.55	13	1.02
153	117.06	74.81	11	1.21
154	157.56	132.61	14	0.78
155	16.96	78.64	13	0.56
156	139.59	95.54	13	1.09
157	114.86	132.45	15	0.84
158	118.57	93.6	16	1.13
159	113.62	17.63	15	1.12
Period: 12
Tasks:11
id	x	y	end	c
106	14.42	96.41	14	85.66
107	126.47	31.63	12	73.32
108	90.9	122.32	17	24.1
109	123.65	114.42	14	27.7
110	120.15	119.69	13	28.17
111	174.81	117.44	16	76.82
112	112.59	123.93	14	27.04
113	22.46	174.05	14	107.22
114	26.94	188.99	15	115.14
115	6.5	88.01	12	94.27
116	73.06	73.14	16	38.04
Drivers: 12
id	x	y	end	sensitivity
160	3.1	171.36	14	1.4
161	93.18	156.45	14	1.66
162	156.35	71.4	15	0.76
163	4.47	127.03	16	1.41
164	35.45	176.68	15	1.29
165	199.62	186.08	15	0.76
166	114	135.33	15	1.03
167	48.79	155.73	16	1.16
168	127.88	111.2	12	0.86
169	165.31	69.61	14	1.44
170	168.96	101.27	16	0.9
171	37.02	47.81	14	1.2
Period: 13
Tasks:6
id	x	y	end	c
117	98.24	97.47	16	3.08
118	144.05	118.15	14	47.64
119	26.47	179.08	13	107.98
120	132.73	110.82	14	34.47
121	41.76	178.17	16	97.48
122	178.9	146.96	14	91.82
Drivers: 14
id	x	y	end	sensitivity
172	25.14	34.01	16	1.1
173	138.08	11.54	17	1.77
174	188.66	98.3	17	1.26
175	96.63	17.13	19	1.93
176	136.88	111.41	14	1.29
177	74.26	193.93	15	0.93
178	157.75	36.26	17	1.44
179	153.91	162.66	15	1.24
180	10.11	53.51	20	0.57
181	181.83	20.49	14	0.82
182	109.29	46.41	15	1.11
183	188.15	108.81	16	1.36
184	67.25	30.89	19	1.34
185	120.44	198.55	14	1.15
Period: 14
Tasks:12
id	x	y	end	c
123	65.22	138.19	18	51.65
124	10.77	2.74	16	131.99
125	154.2	65.1	16	64.46
126	155	4.44	16	110.26
127	38.46	162.58	16	87.77
128	137.92	8.97	17	98.61
129	171.38	106.81	16	71.7
130	119.7	55.09	15	49.04
131	161.43	10.14	17	108.85
132	30.58	117.46	17	71.58
133	149.29	4.11	15	107.82
134	70.78	68.1	17	43.26
Drivers: 21
id	x	y	end	sensitivity
186	144.56	159.09	20	1.83
187	138.41	7.4	14	1.86
188	17.89	163.47	16	1.01
189	87.74	195.91	15	1.91
190	8.48	98.49	19	1.09
191	143.83	26.93	20	1.18
192	93.23	40.86	16	1.74
193	179.08	18.39	15	1.84
194	50.15	175.6	17	1.37
195	178.78	115.37	14	0.66
196	170.16	194.73	20	1.05
197	140.25	9.51	16	1.19
198	179.55	138.31	18	1.99
199	100.02	95.62	16	0.52
200	118.51	115.52	17	0.66
201	128.36	143.75	16	0.64
202	13.63	39.99	17	1.84
203	27.14	176.34	17	0.77
204	145.85	0.77	19	0.57
205	50.02	193.81	18	1.58
206	132.37	30.63	20	0.86
Period: 15
Tasks:11
id	x	y	end	c
135	190.65	56.78	17	100.43
136	36.58	113.9	16	64.93
137	39.6	56.21	15	74.6
138	50.62	165.57	16	82.08
139	98.45	115.75	16	15.83
140	169.27	125.12	18	73.68
141	175.58	23.42	19	107.6
142	91.41	12.96	19	87.46
143	48.52	153.67	16	74.37
144	75.45	89.06	18	26.88
145	73.35	67.69	18	41.88
Drivers: 15
id	x	y	end	sensitivity
207	105.21	64.6	16	1.3
208	71.49	7.64	19	1.04
209	152	150.21	17	1.14
210	179.04	135.71	20	0.57
211	100.06	167.92	16	1.61
212	17.39	10.37	19	1.58
213	7.03	189.93	19	1.28
214	121.41	72.64	24	1.01
215	100.59	34.85	18	0.58
216	39.86	24.84	18	1.99
217	89.32	199.21	18	1.59
218	23.87	91.91	18	1.61
219	198.64	13.14	16	1.56
220	189.19	27.3	17	1.52
221	129.55	8.29	21	1.86
Period: 16
Tasks:13
id	x	y	end	c
146	97.61	194.61	19	94.64
147	152.35	61.48	18	64.99
148	181.89	106.75	19	82.17
149	1.46	67.76	17	103.68
150	103.57	49.25	20	50.88
151	169.09	87.15	21	70.27
152	132.45	22.27	19	84.23
153	48.46	107.89	17	52.14
154	77.34	71.29	20	36.58
155	129.8	8.01	18	96.7
156	164.38	188.18	19	109.18
157	126.39	72	19	38.48
158	136.11	34.83	20	74.51
Drivers: 15
id	x	y	end	sensitivity
222	48.19	12.66	19	0.86
223	100.44	0.22	18	1.5
224	78.7	52.44	19	0.75
225	126.25	10.34	18	0.59
226	80.29	70.32	21	1.19
227	21.17	95.69	19	1.11
228	196.3	99.79	20	1.46
229	174.7	53.98	19	1.09
230	110.07	154.65	20	0.72
231	28.69	184.13	18	1.72
232	12.65	54.11	20	0.96
233	169.62	12.87	18	1.26
234	110.45	170.17	19	0.7
235	25.5	4.9	18	1.47
236	134.05	75.63	21	1.97
Period: 17
Tasks:10
id	x	y	end	c
159	197.55	127.71	19	101.41
160	177.2	168.36	20	103.12
161	188.02	45.99	20	103.27
162	83.13	199.83	18	101.25
163	199.56	153.08	18	112.83
164	192.94	118.21	18	94.71
165	162.78	92.7	18	63.2
166	81.22	13.8	19	88.22
167	47.47	32.37	18	85.63
168	81.11	182.21	20	84.35
Drivers: 7
id	x	y	end	sensitivity
237	9.47	110.94	17	0.73
238	194.97	56.26	23	1.76
239	2.31	80.83	18	1.85
240	5.9	76.75	19	1.62
241	52.28	73.76	19	1.94
242	136.49	161.22	20	1.8
243	180.45	191.16	18	1.32
Period: 18
Tasks:9
id	x	y	end	c
169	102.75	140.82	21	40.91
170	26.58	9.22	24	116.75
171	105.8	101.25	18	5.93
172	74.75	134.69	19	42.91
173	77.68	11.06	21	91.7
174	139.42	160.94	18	72.58
175	150.14	116.49	20	52.78
176	34.77	44.85	18	85.42
177	181.92	71.63	22	86.69
Drivers: 17
id	x	y	end	sensitivity
244	37.79	25.41	22	1.96
245	107.19	159.48	21	1.96
246	108.25	132.98	20	1.72
247	138.95	162.76	20	0.65
248	196.31	7.75	22	0.66
249	173.71	179.76	22	1.76
250	108.68	154.94	22	0.74
251	146.81	145.88	19	0.57
252	73.92	117.97	21	1.72
253	99.38	123.56	20	0.6
254	147.14	42.3	20	0.98
255	10.41	16.05	22	1.22
256	86.05	176.71	22	1.77
257	82.53	158.58	19	1.06
258	34.31	96.45	25	0.71
259	135.71	118.87	22	1.77
260	31.42	138.15	25	0.68
Period: 19
Tasks:10
id	x	y	end	c
178	154.26	88.6	23	55.44
179	117.8	109.5	23	20.18
180	195.48	152.47	21	108.95
181	162.05	121.84	20	65.78
182	166.36	199.36	21	119.48
183	104.36	180.25	22	80.37
184	174.14	52.1	20	88.27
185	199.79	94.73	19	99.93
186	35.99	196.63	20	115.91
187	122.57	139.37	20	45.38
Drivers: 17
id	x	y	end	sensitivity
261	86.88	125.09	20	1.19
262	1.41	46.33	21	0.88
263	11.12	135.94	25	0.98
264	57.91	80.84	23	1.28
265	104.44	145.06	20	1.51
266	29.04	101.94	21	0.55
267	149.67	144.11	19	1.5
268	160.75	196.86	21	1.9
269	3.61	117.49	22	1.39
270	33.86	157.24	21	1.31
271	174.45	36.78	23	1.14
272	189.69	70.11	24	1.86
273	92.97	79.5	22	1.07
274	6.59	64.06	22	1.74
275	160.92	163.84	24	1.02
276	124.34	169.59	22	0.63
277	76.73	101.74	21	1.41
Period: 20
Tasks:11
id	x	y	end	c
188	154.83	196.64	22	111.11
189	44.9	11.37	22	104.36
190	50.77	43.33	24	75.07
191	88.74	99.12	24	11.29
192	170.43	84.25	22	72.17
193	27.64	130.59	20	78.56
194	67	53.72	23	56.84
195	70.22	121.28	20	36.6
196	53.25	15.17	21	96.86
197	156.23	95.85	22	56.38
198	52.12	29.33	20	85.36
Drivers: 4
id	x	y	end	sensitivity
278	193.44	1.35	21	1.25
279	177.01	136	21	0.81
280	10.27	130.36	22	0.76
281	49.11	25.57	20	1.77
Period: 21
Tasks:11
id	x	y	end	c
199	137.84	92.33	23	38.61
200	158.04	104.65	23	58.23
201	23.73	164.52	23	99.9
202	34.65	34.38	21	92.61
203	148.44	42.75	25	74.99
204	134.03	155.29	23	64.92
205	0.71	97.98	23	99.31
206	30.76	19.32	24	106.32
207	126.87	12.73	22	91.31
208	183.85	12.37	24	121.28
209	109.91	55.4	22	45.69
Drivers: 21
id	x	y	end	sensitivity
282	0.33	127.91	23	0.97
283	3.54	122.58	27	1.59
284	64.36	161.38	22	1.26
285	101.43	183.81	22	0.79
286	135.85	73.67	25	0.95
287	49.05	83.67	26	0.75
288	181.25	70.95	24	1.07
289	94.85	154.47	22	0.7
290	132.67	70.22	23	1.15
291	192.08	35.43	23	0.78
292	155.69	193.21	22	0.54
293	184	153.37	24	1.33
294	119.03	62.4	23	1.21
295	138.68	75.19	26	0.57
296	62.79	44.54	24	1.39
297	14.84	94.53	22	1.01
298	127.11	43.63	24	0.94
299	86.66	130.65	23	1.26
300	174.29	156.25	23	0.56
301	143.56	101.7	22	1.5
302	195.27	40.15	24	0.71
Period: 22
Tasks:7
id	x	y	end	c
210	15.44	167.63	25	108.28
211	14.58	171.37	22	111.31
212	79	115.51	22	26.11
213	135.06	164.85	25	73.72
214	18.57	186.83	23	119.04
215	119.4	34.98	26	67.85
216	96.67	15.5	24	84.57
Drivers: 15
id	x	y	end	sensitivity
303	31.08	85.77	25	1.06
304	117.52	189.55	23	1.78
305	51.43	64.28	26	0.63
306	45.62	113.05	25	1.98
307	114.78	129.05	25	1.45
308	122.39	54.75	26	1.33
309	120.89	27.63	24	0.54
310	73.96	34.19	26	0.52
311	92.98	128.59	25	1.8
312	139.97	19.86	26	1.99
313	104.49	32.27	24	0.95
314	68.6	134.15	25	1.18
315	68.6	8.22	24	1.85
316	136.98	158.15	30	1.75
317	123.22	161.97	25	0.58
Period: 23
Tasks:10
id	x	y	end	c
217	143.43	40.26	24	73.86
218	38.77	20.85	27	100.07
219	107.74	66.59	23	34.29
220	137.06	180.29	26	88.43
221	91.68	132.57	27	33.62
222	27.53	190.94	26	116.28
223	190.18	196.55	28	132.11
224	40.62	28.39	27	93.03
225	20.76	178.46	23	111.51
226	145.46	148.58	24	66.53
Drivers: 18
id	x	y	end	sensitivity
318	35.39	166.19	26	1.89
319	108.53	17.25	25	0.93
320	69.52	125.84	24	1.8
321	36.6	28.03	25	1.24
322	148.46	141.36	27	1.93
323	105.78	60.69	27	1.36
324	35.46	104.31	23	0.78
325	56.41	171.96	28	1.05
326	14.18	138.64	25	1.11
327	29.3	164.61	24	1.16
328	151.9	24.93	28	1.82
329	132.27	155.92	27	0.67
330	160.34	50.51	24	1.83
331	27.23	133.34	26	1.32
332	121.66	84.49	28	1.6
333	9.95	43.21	28	1.19
334	158.41	102.68	29	1.93
335	153.4	35.82	26	1.19
Period: 24
Tasks:7
id	x	y	end	c
227	196.82	93.22	26	97.06
228	162.15	154.35	29	82.56
229	186.58	49.32	25	100.32
230	167.64	33.06	27	95.16
231	59.8	17.03	26	92.2
232	63.6	56.07	29	57.05
233	154.85	9.08	26	106.18
Drivers: 12
id	x	y	end	sensitivity
336	28.86	158.41	29	0.91
337	11.94	171.77	26	1.44
338	85.36	8.37	28	0.59
339	152.42	148.98	29	1.08
340	182.6	182.22	29	0.89
341	3.49	161.76	25	1.76
342	112.79	76.96	25	1.32
343	183.7	56.61	28	0.82
344	170.05	33.27	25	1.36
345	138.26	50.33	25	1.15
346	149.19	143.18	26	1.5
347	55.38	104.3	25	1.78
Period: 25
Tasks:9
id	x	y	end	c
234	138.27	148.92	26	62.11
235	191.03	91	26	91.47
236	93.78	157.25	26	57.59
237	47.8	69.72	26	60.35
238	190.79	149.42	28	103.37
239	63.02	168.71	29	78.03
240	82.52	38.37	26	64.06
241	160.93	72.59	27	66.81
242	146.9	65.6	25	58.16
Drivers: 14
id	x	y	end	sensitivity
348	60.23	115.47	29	0.82
349	59.73	43.83	26	1.25
350	123.11	55.05	29	1.93
351	33.02	81.6	27	1.47
352	197.53	69.4	28	1.43
353	41.56	169.7	26	0.55
354	60.84	164.02	25	1.38
355	169.08	32.07	25	1.72
356	9.6	10.42	27	1.78
357	25.66	17.55	31	1.14
358	128.22	141.37	31	2
359	95.43	112.89	28	0.84
360	90.6	123.27	28	1.37
361	190.93	191.07	30	1.12
Period: 26
Tasks:16
id	x	y	end	c
243	61.79	16.79	29	91.56
244	154.23	149.77	27	73.61
245	11.84	129.68	28	93.02
246	53.26	145.24	26	65.05
247	93.87	190.87	28	91.08
248	77.92	12.01	26	90.72
249	133.84	197.8	27	103.49
250	4.2	165.14	30	115.85
251	175.02	44.35	27	93.41
252	103.54	78.06	29	22.22
253	49.46	16.33	28	97.75
254	188.57	176.38	26	116.96
255	36.11	13.18	28	107.79
256	57.9	99.36	27	42.1
257	160.9	198.44	28	115.76
258	74.65	24.67	27	79.48
Drivers: 20
id	x	y	end	sensitivity
362	189.67	158.39	29	1.68
363	148.37	114.96	30	0.64
364	66.9	9	29	1.35
365	195.6	188.28	33	1.41
366	136.43	117.24	29	1.54
367	150.55	162.48	26	1.14
368	120.52	184.3	28	1.93
369	126.34	129.82	27	1.51
370	91.71	39.55	28	0.82
371	104.55	189.66	30	1.33
372	166.53	39.94	28	1.55
373	128.52	30.13	29	1.2
374	74.58	47.78	26	1.05
375	132.11	146.57	31	1.07
376	126.02	164.39	27	1.75
377	156.29	172.02	30	1.9
378	95.74	72.94	28	1.18
379	19.04	101.72	30	1.7
380	51.6	112.92	28	1.7
381	39.97	155.15	32	1.9
Period: 27
Tasks:11
id	x	y	end	c
259	42.37	60.97	27	69.6
260	19.91	96.27	29	80.18
261	52.42	16.56	30	96.05
262	23.76	135.61	27	84.15
263	68.58	97.23	31	31.54
264	24.31	50.03	28	90.7
265	16.87	162.84	30	104.21
266	51.22	43.62	28	74.55
267	29.08	191.07	30	115.43
268	98.62	55.19	29	44.83
269	131.18	195.55	28	100.51
Drivers: 20
id	x	y	end	sensitivity
382	112.1	198.74	28	0.85
383	131.5	113.02	29	0.59
384	16.91	184.19	31	1.18
385	46.09	46.26	31	0.81
386	42.93	25.55	30	1.77
387	153.13	194.06	30	0.58
388	179.11	86.16	29	0.91
389	163.48	49.98	31	1.62
390	117.08	56.92	27	1.66
391	199.72	2.29	32	1.56
392	42.64	112.97	31	1.14
393	0.17	183.93	31	0.79
394	41.32	146.01	29	1.19
395	121.17	61.32	31	1.43
396	120.55	10.9	30	0.86
397	191.03	18.1	27	0.59
398	110.53	51.1	31	1.97
399	3.89	107.7	29	0.63
400	182.15	26.4	31	0.58
401	126.93	192.99	29	1.97
Period: 28
Tasks:9
id	x	y	end	c
270	24.24	67.82	29	82.31
271	6.87	131.5	33	98.31
272	78.17	28.97	31	74.31
273	151.69	21.68	30	93.84
274	52.73	141.11	29	62.65
275	73.93	116.97	34	31.11
276	115.96	143.9	31	46.71
277	100.24	38.03	28	61.97
278	165.03	146.37	29	79.87
Drivers: 18
id	x	y	end	sensitivity
402	79.51	182.35	28	1.49
403	10.3	8.37	34	0.72
404	65.4	64	32	1.84
405	2.45	52.82	31	1.8
406	113.54	125.76	35	1.09
407	127.67	97.56	30	1.9
408	75.58	73.16	30	1.68
409	11.79	40.25	32	1
410	94.62	118.04	31	1.27
411	165.8	110.19	30	0.74
412	66.18	96.22	33	1.19
413	173.41	77.26	31	0.54
414	32.24	108.11	29	0.53
415	150.09	37.17	31	1.76
416	15.82	161.44	30	0.56
417	62.37	140.63	33	1.2
418	157.88	110.83	30	1.04
419	159.09	147.77	32	1.58
Period: 29
Tasks:7
id	x	y	end	c
279	140.6	56.51	31	59.5
280	159.93	147.99	30	76.78
281	176.67	82.62	32	78.62
282	2.76	16.93	31	127.89
283	13.3	182.99	30	120.02
284	142.96	2.91	32	106.17
285	105.35	53.82	31	46.49
Drivers: 12
id	x	y	end	sensitivity
420	194.67	38.6	35	1.85
421	186.05	27.52	31	0.84
422	164.74	152.61	31	0.81
423	32.75	118.76	30	0.66
424	16.01	12.58	33	1.37
425	191.27	151.36	33	1.56
426	142.44	118.5	30	1.59
427	92.64	168.74	29	1.23
428	141.35	182.69	34	1.73
429	152.06	76.47	30	0.81
430	19.56	144.44	29	0.69
431	100.68	146.83	32	0.6
Period: 30
Tasks:14
id	x	y	end	c
286	66.13	47.34	32	62.61
287	95.8	0.6	30	99.49
288	87.3	46.55	33	54.94
289	110.43	197.22	32	97.78
290	178.84	94.23	34	79.05
291	74.64	27.37	34	76.93
292	14.97	42.45	31	102.67
293	59.16	186.09	32	95.29
294	140.24	60.55	31	56.35
295	150.63	112.32	32	52.11
296	84.01	40.12	32	61.98
297	45.6	148.36	32	72.79
298	92.68	141.66	30	42.3
299	22.46	67.26	33	84.17
Drivers: 12
id	x	y	end	sensitivity
432	88.07	129.25	35	1.1
433	104.84	38.44	35	1.78
434	76.88	150.89	31	1.93
435	137.21	139.13	33	0.51
436	98.55	102.04	31	1.02
437	145.61	53.25	35	1.87
438	173.69	57.45	32	1.16
439	76.76	66.1	31	1.01
440	156.23	122.29	32	1.76
441	188.4	58.78	35	1.42
442	129.96	19.29	35	0.76
443	16.57	151.15	34	1.99
Period: 31
Tasks:10
id	x	y	end	c
300	164.51	40.75	33	87.59
301	1.9	16.81	34	128.62
302	54.33	46.94	32	70.01
303	2.84	188.41	35	131.36
304	34.07	125.33	33	70.63
305	149.44	142.73	32	65.35
306	189.98	164.63	37	110.79
307	74.74	23.03	34	81.01
308	168.99	37.39	32	93.16
309	61.35	0.88	34	106.39
Drivers: 11
id	x	y	end	sensitivity
444	32.01	108.61	36	1.53
445	117.97	62.69	32	1.44
446	166	191.2	34	0.99
447	172.04	183.16	34	0.51
448	146.37	182.8	35	1.79
449	23.33	61.53	35	1.66
450	65.02	114.99	37	1.44
451	85.19	129.64	35	1.48
452	64.21	134.84	39	1.72
453	177.05	44.72	36	0.64
454	112.12	95.02	34	1.34
Period: 32
Tasks:11
id	x	y	end	c
310	87.92	14.16	32	86.69
311	1.61	43.9	32	113.26
312	90.15	49.59	34	51.36
313	10.74	137.95	32	96.99
314	51.28	102.38	33	48.78
315	113.16	151.39	34	53.05
316	10.21	112.4	35	90.64
317	155.75	11.85	35	104.3
318	167.05	60.58	34	77.78
319	119.65	169.93	34	72.64
320	35.41	112.07	38	65.71
Drivers: 10
id	x	y	end	sensitivity
455	60.88	72.16	34	1.12
456	41.04	170.95	36	1.03
457	120.51	11.95	36	0.68
458	195.92	71.01	38	1.76
459	4.66	84.1	36	0.69
460	136.39	127.05	37	1.52
461	118.3	59.49	40	1.27
462	0.38	157.63	37	1.86
463	125.28	135.66	35	0.71
464	27.34	69.06	37	1.31
Period: 33
Tasks:6
id	x	y	end	c
321	125.41	25.07	34	79.12
322	55.71	112.07	36	45.91
323	106.06	19	36	81.23
324	128.59	157.97	34	64.64
325	158.47	197.93	35	114.06
326	183.06	12.37	34	120.74
Drivers: 13
id	x	y	end	sensitivity
465	21.73	112.12	35	1.05
466	111.57	2.44	36	1.97
467	49.77	172.65	35	1.73
468	103.09	41.13	39	0.58
469	82.81	174.86	35	1.72
470	59.71	70.71	37	1.35
471	179.9	55.24	34	0.74
472	66.4	124.27	33	0.74
473	186.49	197.81	39	1.56
474	113.23	193.76	41	1.86
475	32.84	187.67	37	0.68
476	58.86	196.4	35	1.88
477	58.54	73.78	36	1.43
Period: 34
Tasks:12
id	x	y	end	c
327	73.54	35.74	35	69.49
328	24.75	102.8	36	75.3
329	88.1	175.67	35	76.6
330	16.69	102.16	37	83.34
331	92.32	85.78	34	16.16
332	13.35	82.75	35	88.35
333	49.23	141.37	35	65.49
334	67.88	121.58	36	38.7
335	190.85	176.59	36	118.83
336	55.07	38.23	35	76.38
337	51.96	196.31	35	107.63
338	127.43	52.28	34	55.04
Drivers: 16
id	x	y	end	sensitivity
478	107.5	165.23	35	0.92
479	135.06	101.39	36	0.7
480	60.19	194.99	35	1.53
481	63.79	121.23	36	1.91
482	30.54	0.74	39	0.64
483	19.62	69.93	40	0.61
484	24.8	1.04	39	1.12
485	93.16	68.9	41	1.13
486	7.22	84.79	36	1.54
487	19.03	45.91	37	1.57
488	191.31	111.94	34	1.05
489	29.81	100.13	37	1.66
490	67.68	29.89	35	0.64
491	102.12	26.9	36	0.72
492	100.87	9.53	36	0.58
493	191.1	47.99	36	1.58
Period: 35
Tasks:13
id	x	y	end	c
339	54.08	186.02	37	97.51
340	182.07	139.27	35	90.98
341	25.7	159.98	36	95.49
342	82.79	134.5	35	38.55
343	199.21	159.58	38	115.73
344	132.97	190.2	36	96.04
345	90.95	177.78	35	78.3
346	97.56	173.92	39	73.96
347	146.68	151.48	38	69.49
348	112.92	93.02	36	14.68
349	87.37	147.63	35	49.28
350	76.01	76.13	38	33.84
351	134.55	176.21	36	83.68
Drivers: 12
id	x	y	end	sensitivity
494	165.63	119.77	37	1.66
495	128.5	163.44	39	1.41
496	78.62	9.58	40	0.88
497	172.44	76.5	38	0.86
498	93.12	115.1	41	0.99
499	73.8	134.53	36	1.87
500	56.73	101.09	37	0.71
501	2.29	183.84	38	1.57
502	152.7	88.17	37	0.7
503	55.06	20.1	41	1.89
504	179.25	15.16	38	1.56
505	191.78	27.63	38	1.51
Period: 36
Tasks:12
id	x	y	end	c
352	94.54	185.48	39	85.65
353	75.99	36.9	39	67.51
354	182.74	83	40	84.47
355	10.81	76.02	38	92.36
356	166.17	85.09	38	67.83
357	190.11	151.26	40	103.67
358	1.49	54.01	39	108.72
359	18.26	13.82	38	118.78
360	41.13	153.43	40	79.5
361	180.48	130.09	38	85.92
362	182.06	144.66	39	93.43
363	33.73	81.5	37	68.8
Drivers: 20
id	x	y	end	sensitivity
506	52.23	139.95	40	0.67
507	79.98	41.55	41	1.74
508	68.55	156.12	42	1.46
509	36.51	155.72	42	0.54
510	3.25	161.72	39	1.41
511	19.76	64.42	41	0.97
512	113.01	27.72	37	0.71
513	185.34	3.78	39	0.88
514	124.33	147.84	39	1.87
515	135.4	41.03	39	1.09
516	98.13	89.99	38	0.87
517	113.24	102.88	38	0.58
518	64.65	22.27	37	0.77
519	7	167.58	37	1.34
520	146.99	184.89	37	0.86
521	52.04	187.21	38	0.62
522	151.4	63.22	39	0.97
523	92.41	159.5	38	0.54
524	44.73	171.04	40	0.69
525	135.32	174.45	37	0.89
Period: 37
Tasks:8
id	x	y	end	c
364	193.62	170.79	41	117.37
365	93.04	82.79	38	18.56
366	194.12	61.3	38	101.77
367	198.5	116.55	40	99.88
368	100.58	157.21	40	57.21
369	160.73	41.69	40	84.19
370	184.4	169.98	38	109.64
371	16.72	127.81	39	87.8
Drivers: 12
id	x	y	end	sensitivity
526	41.47	148.11	40	1.36
527	183.09	187.97	38	0.88
528	14.83	182.57	42	0.9
529	181.14	193.99	39	1.3
530	37.51	50.12	41	1
531	119.95	133.18	41	1.31
532	139.98	190.06	43	1.52
533	96.03	118.88	40	1.94
534	47	186.58	38	1.67
535	163.71	88.45	38	0.61
536	187.09	107.97	40	0.64
537	44.77	10.47	42	1.55
Period: 38
Tasks:12
id	x	y	end	c
372	22.04	196.36	39	123.95
373	160.99	182.74	42	102.79
374	171.62	197.1	44	120.66
375	88.64	197.02	39	97.68
376	134.59	163.34	40	72.17
377	99.35	42.73	42	57.27
378	12.15	8.77	39	126.65
379	54.39	22.19	39	90.19
380	76.68	153.77	42	58.61
381	162.72	173.45	41	96.59
382	61.12	8.32	44	99.58
383	86.55	54.49	43	47.46
Drivers: 17
id	x	y	end	sensitivity
538	146.17	37.9	41	0.72
539	20.59	14.72	41	0.57
540	80.4	86.6	40	1.37
541	34.43	30.12	39	1.09
542	188.55	51.58	41	1.42
543	10.81	151.59	39	1.92
544	137.67	136.34	40	0.82
545	106.25	141.09	40	0.64
546	95.07	27.71	40	1.51
547	93.11	13.27	41	1.35
548	12.53	137.25	39	1.29
549	105.57	19.08	39	0.56
550	3.9	32.39	41	1.47
551	12.89	139.07	40	1.08
552	46.49	17.7	42	1.75
553	52.16	199.08	40	0.86
554	72.13	80.92	40	1.72
Period: 39
Tasks:12
id	x	y	end	c
384	33.39	102.65	39	66.66
385	80.83	60.94	41	43.51
386	37.52	2.2	41	116.05
387	132.69	100.31	39	32.69
388	114.8	62.14	42	40.65
389	74.73	5.87	39	97.46
390	147.72	56.15	40	64.81
391	127.87	136.38	40	45.83
392	97.84	99.17	39	2.31
393	136.8	85.84	43	39.43
394	193.68	74.26	44	97.15
395	155.48	156.85	41	79.44
Drivers: 17
id	x	y	end	sensitivity
555	58.32	48.1	43	1.9
556	52.75	170.84	41	1.62
557	127.72	196.98	40	1.38
558	87.95	125.74	41	1.76
559	145.47	35.14	44	1.53
560	166.52	150.42	39	1
561	32.71	61.37	42	0.97
562	114.96	155.22	40	0.76
563	71.17	68.39	42	1.97
564	184.32	45.94	45	0.72
565	48.88	81.34	40	1.31
566	153.71	4.59	43	0.55
567	67.39	10.25	42	1.05
568	104.46	130.88	44	0.56
569	81.44	61.27	44	0.71
570	152.01	14.23	43	1.91
571	117.38	88.55	40	1.78
Period: 40
Tasks:12
id	x	y	end	c
396	9.41	18.84	43	121.63
397	89.58	139.5	40	40.85
398	133.09	122.58	41	40.06
399	73.48	27.19	41	77.49
400	129.94	127.15	42	40.42
401	12.23	182.97	41	120.78
402	189.05	78.64	41	91.58
403	199.04	4.17	41	137.81
404	68.3	163.21	40	70.71
405	56.02	21.53	41	89.95
406	197.27	0.61	41	139.07
407	70.35	181.07	44	86.32
Drivers: 16
id	x	y	end	sensitivity
572	82.93	95.36	41	1.31
573	6.37	129.39	42	0.58
574	95.94	112.05	42	1.21
575	43.81	15.27	41	1.49
576	32.89	41.06	45	1.88
577	44.34	183.48	42	1.84
578	110.09	168.56	44	1.58
579	127.13	138.03	43	0.67
580	154.69	116.05	44	0.85
581	140.9	77.38	43	0.82
582	162.27	124.18	42	1.11
583	85.32	141.43	45	1.63
584	188.33	49.17	44	0.69
585	64.23	26.47	40	1.32
586	39.76	146.56	44	0.77
587	174.2	184.97	45	1.03
Period: 41
Tasks:13
id	x	y	end	c
408	128.11	158.59	43	64.98
409	108.54	3.87	42	96.51
410	49.13	99.34	43	50.87
411	146.49	162.22	45	77.67
412	127.57	158.15	42	64.35
413	47.19	84.22	42	55.12
414	100.89	128.7	42	28.71
415	34.8	26.67	43	98.12
416	121.84	17.87	45	84.98
417	4.29	10.57	42	130.99
418	54.09	19.68	43	92.52
419	53.22	3.66	42	107.1
420	83.11	47.77	42	54.89
Drivers: 28
id	x	y	end	sensitivity
588	15.87	100.03	45	0.74
589	87.56	121.68	41	0.66
590	118.33	14.66	48	0.56
591	10.05	197.32	48	1.67
592	168.18	119.87	41	0.59
593	8.67	38.12	43	1.61
594	147.91	18.72	43	0.74
595	197.94	107.34	45	1
596	139.57	29.88	46	1.36
597	78.74	175.1	43	0.66
598	180.56	118.72	43	1.74
599	155.95	136.7	46	1.97
600	25.74	55.23	41	1.94
601	136.47	60.01	44	1.08
602	3.85	8.67	44	0.75
603	13.21	13.16	46	1.64
604	86.24	82.25	42	1.47
605	124.04	6.25	42	1.13
606	171.22	152.51	43	1.56
607	107.35	57.94	43	1.54
608	145.03	67.3	42	1.24
609	5.75	175.12	44	1.37
610	75.35	23.64	47	1.43
611	161.68	26.51	46	1.92
612	194.41	126	43	1.79
613	184.99	141.83	43	0.61
614	72.23	194.53	46	1.16
615	3.34	168.44	45	0.69
Period: 42
Tasks:11
id	x	y	end	c
421	103.03	186.02	44	86.07
422	83.11	180.81	42	82.56
423	150.49	22.94	42	92.13
424	17.6	109.14	43	82.91
425	47.18	171.09	44	88.56
426	96.68	142.34	42	42.47
427	187.57	52.67	45	99.54
428	165.5	139.97	44	76.73
429	81.16	56.14	44	47.74
430	168.17	180.79	43	105.71
431	184.21	33.45	43	107.33
Drivers: 8
id	x	y	end	sensitivity
616	75.27	3.26	45	1.44
617	84.89	148.22	43	1.59
618	105.62	0.94	46	1.91
619	66.16	49.22	43	1.43
620	199.78	90.42	42	1.83
621	76.86	25.9	46	1.77
622	132.27	135.19	43	1.27
623	136.24	20.21	43	0.65
Period: 43
Tasks:8
id	x	y	end	c
432	45.18	176.33	43	93.98
433	150.91	5.42	45	107.41
434	14.12	69.82	44	91.03
435	1.8	196.5	44	137.68
436	110.95	62.27	45	39.29
437	164.9	181.45	45	104.14
438	142.29	154.64	44	69.09
439	67.7	158.88	47	67.16
Drivers: 25
id	x	y	end	sensitivity
624	143	177.31	49	1.02
625	29.49	100.92	46	1.43
626	56.01	99.22	43	1.66
627	134.31	72.95	45	1.95
628	64.6	52.57	47	1.1
629	114.64	23.32	44	0.82
630	56.53	60.62	46	0.6
631	110.14	156.71	45	0.7
632	54.45	67.53	47	0.5
633	173.51	143.37	45	1.62
634	1.7	87.5	47	1.21
635	107.9	154.39	44	0.55
636	81.39	117.96	49	1.83
637	9.65	172.56	48	0.81
638	97.2	176.38	47	1.35
639	127.29	195.33	44	1.16
640	56.11	126.55	48	0.71
641	132.2	4.46	46	0.58
642	112.64	158.05	46	1.79
643	66.17	15.72	45	1.77
644	77.72	37.19	46	0.51
645	151.05	38.7	47	1.04
646	29.14	119.86	47	1.46
647	109.23	139.37	47	0.57
648	182.36	5.25	45	0.64
Period: 44
Tasks:8
id	x	y	end	c
440	194.38	90.5	47	94.86
441	105.84	115.55	44	16.61
442	193.92	151.7	49	107.21
443	18.91	191.11	47	121.97
444	56.46	66.04	44	55.22
445	58.45	177.05	45	87.54
446	64.39	151.56	44	62.66
447	194.98	51.32	45	106.73
Drivers: 14
id	x	y	end	sensitivity
649	53.66	85.98	47	0.72
650	175.28	79.5	44	1.03
651	31.02	156.51	48	0.94
652	156.67	56.73	47	1.6
653	171.77	19.4	48	0.53
654	134.05	173.75	45	1.25
655	104.19	148.89	47	1.15
656	37.21	0.83	46	0.51
657	184.18	7.95	47	1.28
658	191.66	181.29	49	0.74
659	11.77	149.87	47	0.66
660	22.84	75.99	47	1.7
661	2.38	136.65	48	1.89
662	112.56	72.44	50	0.94
Period: 45
Tasks:8
id	x	y	end	c
448	43.36	193.98	47	109.73
449	177.57	142.06	45	88.24
450	87.51	178.85	46	79.83
451	111.15	0.44	50	100.18
452	150.53	33.7	46	83.36
453	2.63	96.95	46	97.42
454	70.35	58.48	48	51.02
455	184.83	42.53	47	102.46
Drivers: 17
id	x	y	end	sensitivity
663	1.7	123.21	51	0.77
664	155.78	75.9	49	0.56
665	169.86	69.97	48	1.47
666	133.74	83.32	50	1.81
667	34.75	30.08	47	1.77
668	40.14	131.58	47	1.11
669	86.62	158.5	47	0.78
670	99.06	19.35	47	0.7
671	100.11	159.75	50	0.61
672	149.56	101.99	48	0.6
673	104.6	50.54	47	0.7
674	78.05	83.31	46	0.67
675	74.73	198.39	49	1.67
676	144.77	111.72	48	1.45
677	77.08	45.13	47	1.73
678	141.49	76.23	46	1.65
679	135.54	24.02	50	0.87
Period: 46
Tasks:7
id	x	y	end	c
456	57.24	165.31	47	78.06
457	165.69	145.92	48	80.15
458	76.36	165.06	47	69.22
459	14.02	160.37	49	105.06
460	169.17	104.17	49	69.3
461	86.15	23.04	47	78.2
462	57.96	162.3	46	75.16
Drivers: 21
id	x	y	end	sensitivity
680	197.74	96.4	49	1.29
681	94.35	29.95	49	1.43
682	175.31	35.99	49	0.96
683	109.99	155.78	52	0.93
684	45.35	128.75	50	1.14
685	69.08	155.95	51	0.56
686	123.34	34.49	48	1.85
687	164.46	67.07	51	1.74
688	35.74	144.3	46	1.44
689	14.23	48.13	52	0.83
690	130.29	169.81	49	1.26
691	36.49	183.44	55	1.28
692	120.14	97.51	47	0.91
693	192.66	92.48	51	1.95
694	67.42	32.01	47	1.74
695	178.69	46.4	49	1.84
696	56.35	93.05	49	1.72
697	114.19	166.37	48	0.91
698	62.01	134.99	49	1.3
699	146.58	124.67	48	1.92
700	91.67	43.98	49	1.16
Period: 47
Tasks:13
id	x	y	end	c
463	120.94	191.93	48	94.28
464	109.17	174.45	49	75.01
465	24.93	32.25	48	101.12
466	42.74	18.57	53	99.55
467	87.53	26.68	50	74.37
468	59.35	130.05	49	50.55
469	197.74	18.95	49	126.97
470	97.59	182.61	49	82.65
471	79.04	93.08	49	22.07
472	42.49	84.58	49	59.54
473	124.72	117.68	48	30.39
474	133.83	179.35	50	86.26
475	120.98	123.75	48	31.69
Drivers: 21
id	x	y	end	sensitivity
701	36.89	95.82	51	0.74
702	150.17	190.37	52	0.76
703	134.43	8.89	50	1.94
704	17.51	3.79	50	1.5
705	57.24	154.28	51	0.65
706	38.64	9.47	51	0.95
707	108.42	8.07	51	1.63
708	25.45	107.75	49	0.87
709	59.09	161.6	49	1.67
710	124.01	192.58	50	0.86
711	59.74	144.95	49	0.69
712	159.88	138.96	51	1.67
713	47.42	41.65	49	1.85
714	25.26	2.62	52	1.2
715	192.93	127.42	49	1.1
716	53.23	143.47	47	1.6
717	96.28	95.18	51	1.91
718	192.48	192.33	48	1.69
719	160.42	45.94	51	1.5
720	168.29	198.49	50	1.11
721	149.64	195.21	52	1.28
Period: 48
Tasks:9
id	x	y	end	c
476	63.41	142.62	49	56.17
477	117.98	131.93	51	36.64
478	176.2	110.44	50	76.91
479	91.73	166.57	49	67.08
480	74.86	38.32	49	66.61
481	83.3	17.64	49	84.04
482	127.66	50.74	50	56.49
483	124.35	43.99	51	61.07
484	80.03	150.14	49	53.97
Drivers: 12
id	x	y	end	sensitivity
722	33.65	171.45	52	1.64
723	34.6	176.48	48	0.74
724	109.39	186.33	53	1.9
725	17.04	0.94	48	1.38
726	85.82	11.36	50	1.29
727	121.75	13.22	48	1.71
728	150.43	122.02	49	1.39
729	184.02	164.66	50	1.19
730	43.06	95.9	53	0.59
731	99.66	189.73	49	0.86
732	67.76	168.29	49	0.94
733	124.79	157.87	53	1.96
Period: 49
Tasks:17
id	x	y	end	c
485	164.13	197.61	49	116.79
486	5.25	161.27	52	112.83
487	103.79	178.01	54	78.1
488	141.27	190.11	53	99.11
489	102.65	194.61	49	94.65
490	13.85	119.36	54	88.3
491	22.92	108.05	51	77.5
492	135.77	184.87	51	92.1
493	5.1	95.91	51	94.99
494	167.24	59.33	50	78.58
495	79.75	161.1	55	64.37
496	137.05	30.92	51	78.39
497	147.39	199.27	51	110
498	0.07	141.5	52	108.2
499	125.05	177.58	50	81.52
500	154.26	168.39	49	87.3
501	183.99	77.87	53	86.86
Drivers: 16
id	x	y	end	sensitivity
734	28.44	162.33	51	1.98
735	183.34	44.64	51	1.13
736	65.97	49.93	53	1.87
737	53.22	90.72	50	1.86
738	142.27	9.54	53	1.84
739	103.65	195.15	49	1.54
740	148.32	85.25	51	0.71
741	61.79	83.14	52	1.06
742	88.5	46.22	51	1.53
743	166.55	26.27	49	1.89
744	188.52	51.15	52	1.95
745	57.23	147.88	51	1.7
746	78.13	3.29	50	1.27
747	125.65	157.56	50	1.1
748	179.69	59.17	54	0.77
749	187.47	1.58	51	1.88
Period: 50
Tasks:8
id	x	y	end	c
502	196.83	112.67	50	97.66
503	126.03	169.66	53	74.36
504	191.71	83.03	52	93.27
505	71.1	129.27	51	41.13
506	50.35	138.2	55	62.64
507	154.38	120.61	52	58.15
508	121.38	57.93	52	47.19
509	133.68	3.54	55	102.17
Drivers: 9
id	x	y	end	sensitivity
750	6.82	118.89	54	1.65
751	26.08	132.4	52	0.89
752	150.63	7.92	52	1.03
753	86.08	59.3	51	1.05
754	33.53	64.37	51	0.63
755	120.73	147.13	51	0.74
756	193.09	150.51	53	1.02
757	37.06	8.49	51	1.94
758	138.66	160.09	52	1.62
Period: 51
Tasks:12
id	x	y	end	c
510	180.04	74.92	51	83.88
511	138.7	8.49	54	99.36
512	168.7	197.79	52	119.51
513	158.49	33.45	52	88.6
514	91.11	52.71	51	48.12
515	91.99	95.31	54	9.28
516	23.91	125.91	51	80.38
517	54.61	191.87	53	102.47
518	164.27	139.9	52	75.65
519	99.26	170.75	53	70.75
520	90.38	57.34	53	43.73
521	133.96	10.68	55	95.56
Drivers: 18
id	x	y	end	sensitivity
759	42.57	4.77	54	1.02
760	182.51	139.24	54	0.94
761	130.18	82.39	54	0.61
762	107.44	122.08	51	0.9
763	4.44	118.01	54	1.16
764	22.02	68.79	54	0.7
765	136.86	158.59	53	0.65
766	173.69	144.38	54	1.84
767	160.01	194.93	51	1.83
768	184.79	96.89	53	0.98
769	148.58	191.45	53	1.9
770	179.92	6.12	54	0.56
771	75.99	10.83	55	1.71
772	54.47	88.4	52	1.33
773	191.88	141.74	54	1.42
774	24.69	148.63	53	0.78
775	91.63	48.87	54	0.7
776	104.49	192.95	57	1.22
Period: 52
Tasks:9
id	x	y	end	c
522	118.91	177.99	52	80.25
523	38.94	89.98	53	61.88
524	47.34	76.37	56	57.72
525	107.67	103.23	53	8.32
526	58.14	107.32	55	42.5
527	41.32	79.47	57	62.17
528	93.74	41.22	56	59.11
529	76.77	199.54	55	102.21
530	27.33	134.78	55	80.56
Drivers: 17
id	x	y	end	sensitivity
777	73.11	143.57	56	1.58
778	161.18	64.41	54	0.85
779	187.75	149.08	55	0.59
780	165.37	94.1	55	0.61
781	143.07	108.96	58	1.46
782	30.08	52.2	57	1.03
783	165.59	15.92	55	0.91
784	32.72	53.69	55	1.27
785	93.88	162.36	53	1.34
786	69.04	131.66	56	0.59
787	87.36	30.08	57	0.8
788	16.92	8.73	54	1.06
789	86.26	35.52	56	1.76
790	75.13	48.86	56	1.02
791	145.34	30.19	54	1.81
792	130.65	61.1	60	1.21
793	23.09	164.69	56	1.62
Period: 53
Tasks:4
id	x	y	end	c
531	40.96	81.8	59	61.78
532	6.75	171.16	55	117.3
533	192.39	122.71	54	95.14
534	62.38	28.66	53	80.65
Drivers: 15
id	x	y	end	sensitivity
794	7.61	16.24	55	1.85
795	29.03	152.57	56	1.36
796	145.95	40.48	58	1.14
797	22.44	63.81	55	1.35
798	100.46	15.47	57	1.24
799	121.01	111.09	54	1.24
800	32.56	9.56	56	1.12
801	106.84	110.35	54	0.86
802	146.41	136.14	55	0.53
803	172.57	103.18	58	0.86
804	125.75	181.3	54	1.33
805	78.3	25.16	57	1.73
806	136.93	194.98	57	1.31
807	97.79	119.12	60	1.39
808	136.04	179.74	56	1.07
Period: 54
Tasks:10
id	x	y	end	c
535	21.34	97.09	57	78.71
536	44.5	69.97	59	63.1
537	41.35	95.19	55	58.85
538	173.57	101.63	55	73.59
539	136.15	91.77	57	37.07
540	122.19	93.43	54	23.14
541	167.58	193.81	57	115.62
542	171.94	48.05	55	88.74
543	89.52	115.03	59	18.32
544	96.35	127.71	56	27.95
Drivers: 17
id	x	y	end	sensitivity
809	47.62	101.63	57	1.36
810	139.5	173.14	57	0.74
811	14.76	61.41	58	0.52
812	107.18	54.43	56	1.08
813	185.55	181.2	59	1.45
814	3.32	127.27	55	0.66
815	148.71	62.87	57	1.64
816	141.57	66.69	57	0.87
817	152.11	116.11	54	1.98
818	37.75	104.89	58	1.4
819	142.79	22.28	58	0.56
820	58.38	171.17	57	0.98
821	69.19	132.7	60	0.61
822	34.18	37.36	57	0.59
823	196.29	162.93	59	0.59
824	75.47	168.47	58	0.58
825	166.03	135.15	58	1.83
Period: 55
Tasks:11
id	x	y	end	c
545	54.69	3.03	56	107.03
546	170.4	37.46	59	94.17
547	185.39	184.35	56	120.03
548	158.59	100.91	57	58.6
549	1.88	143.12	58	107.18
550	92.45	69.17	56	31.74
551	133.82	89.67	55	35.36
552	151.98	115.28	57	54.18
553	39.48	0.09	62	116.81
554	175.9	35.03	56	99.91
555	15.46	7.35	57	125.42
Drivers: 14
id	x	y	end	sensitivity
826	103.24	88.85	58	1.68
827	85.18	151.52	61	1.68
828	47.74	157.22	62	1.18
829	182.19	25.7	57	0.52
830	63.31	139.11	58	0.93
831	6.11	134.7	58	1.71
832	25.03	120.14	57	0.66
833	179.33	127.24	57	1.31
834	177.04	12.52	62	1.93
835	69.35	14.38	56	0.95
836	131.7	59.98	57	1.9
837	132.25	69.18	59	1.25
838	178.04	78.53	61	1.29
839	130.53	120.71	56	1.98
Period: 56
Tasks:10
id	x	y	end	c
556	16.7	137.36	60	91.29
557	130.8	123.71	58	38.87
558	132.89	113.53	58	35.56
559	183.74	52.41	57	96.32
560	80.31	137.68	57	42.51
561	43.92	88.75	57	57.2
562	183.02	96.06	59	83.11
563	69.76	83.98	58	34.22
564	16.17	191.49	59	124.09
565	147.05	43.52	57	73.51
Drivers: 7
id	x	y	end	sensitivity
840	126.04	121.65	59	1.75
841	120.66	42.41	58	0.81
842	106.88	60.22	59	0.62
843	8.12	18.59	58	1.35
844	128.49	192.6	63	1.13
845	158.27	133.31	61	1.2
846	118.37	138.76	58	1.13
Period: 57
Tasks:15
id	x	y	end	c
566	74.83	74.64	60	35.73
567	42.67	164.19	59	86.06
568	42.2	140.82	59	70.76
569	154.61	93.8	60	54.96
570	64.66	176.6	57	84.36
571	125.52	86.03	60	29.09
572	131.39	42.01	59	65.94
573	105.87	18.76	58	81.45
574	194.49	131.11	59	99.48
575	96.41	8.55	59	91.52
576	142.7	116.85	61	45.9
577	126.92	10.21	59	93.74
578	102.67	195.66	60	95.7
579	150.04	24.47	58	90.6
580	133.49	81.08	59	38.46
Drivers: 12
id	x	y	end	sensitivity
847	173.14	181.46	63	1.62
848	189.46	74.18	59	1.53
849	95.89	77.73	60	1.85
850	164.36	0.06	58	1.63
851	38.81	70.8	60	1.06
852	156.17	114.61	59	1.55
853	158.17	187.15	60	1.89
854	160.18	34.44	60	1.26
855	56.06	177.84	59	1.5
856	53.19	191.1	58	1.48
857	95.79	58.12	58	1.67
858	40.68	66.21	59	0.86
Period: 58
Tasks:9
id	x	y	end	c
581	157.16	92.96	62	57.59
582	144.64	14.97	61	96.04
583	148.99	198.83	60	110.31
584	132.55	50.14	60	59.54
585	81.88	86.21	60	22.77
586	171.6	186.74	61	112.47
587	33.61	0.6	60	119.53
588	143.52	63	62	57.12
589	40.35	182.64	59	101.92
Drivers: 16
id	x	y	end	sensitivity
859	191.97	181.01	60	0.98
860	65.44	9.03	60	0.8
861	101.51	4.85	61	1.28
862	113.39	116.56	61	1.96
863	100.25	72.49	62	0.81
864	84.96	138.71	64	1.42
865	79.45	90.53	62	0.76
866	87.85	25.22	61	1.62
867	182.36	92.45	59	1.02
868	147.63	196.33	61	1.16
869	172.04	122.54	64	1.01
870	132.31	42.18	59	1.74
871	53.2	186.24	63	1.31
872	72.72	35.16	61	1.08
873	56.42	84.44	62	0.82
874	169.01	7.56	64	0.58
Period: 59
Tasks:9
id	x	y	end	c
590	97.75	86.97	60	13.22
591	0.23	94.27	62	99.93
592	5.62	108.59	59	94.77
593	151.79	120.89	59	55.84
594	28.63	88.1	61	72.36
595	46.66	195.47	62	109.36
596	104.97	111.84	61	12.84
597	32.83	87.97	63	68.24
598	99.61	106.47	61	6.48
Drivers: 9
id	x	y	end	sensitivity
875	181.09	181.46	64	1.26
876	78.35	51.38	61	0.56
877	41.93	199.03	60	1.73
878	67.58	10.9	62	1.56
879	32.26	4.93	60	1.11
880	137.38	160.14	64	1.15
881	82.2	124.4	63	1.88
882	8.56	49.17	60	1.17
883	36.24	184.83	61	1.93
Period: 60
Tasks:6
id	x	y	end	c
599	114.87	102.09	62	15.02
600	196.22	187.22	62	129.87
601	27.43	23.99	61	105.09
602	37.87	157.7	61	84.79
603	127.1	86.91	62	30.1
604	37.75	43.68	60	83.95
Drivers: 13
id	x	y	end	sensitivity
884	156.86	158.44	63	1.38
885	105.83	59.22	63	0.59
886	93.67	17.44	61	1.6
887	118.47	103.16	63	0.63
888	142.44	184.9	62	1.24
889	15.92	120.94	63	0.52
890	118.05	93.84	62	1.58
891	85.8	156.02	62	0.58
892	168.25	81.91	64	1.32
893	154.28	123.82	62	1.57
894	59.18	197.65	63	0.55
895	6.36	95.79	61	1.46
896	95.49	26.32	61	1.11
Period: 61
Tasks:9
id	x	y	end	c
605	57.41	35.63	62	77.18
606	89.97	81.71	63	20.86
607	120.99	78.94	63	29.73
608	168.78	167.04	65	96.05
609	118.99	101.75	62	19.07
610	54.28	46.58	62	70.31
611	102.75	45.09	62	54.98
612	98.88	4.88	61	95.13
613	154.86	28.83	63	89.86
Drivers: 11
id	x	y	end	sensitivity
897	114.68	117.79	67	1.5
898	74.66	101.8	67	1.06
899	160.22	148.14	66	1.26
900	179.09	157.03	63	1.26
901	174.02	156.27	64	1.26
902	33.63	18.93	65	1.42
903	24.74	59.44	63	1.95
904	81	129.17	66	0.58
905	148.36	90.7	66	1.14
906	105.02	176.05	66	1.85
907	179.77	136.64	62	1.05
Period: 62
Tasks:9
id	x	y	end	c
614	114.44	20.49	64	80.81
615	9.72	42.65	65	106.96
616	20.48	143.14	63	90.47
617	81.89	129.85	63	34.91
618	159.58	124.63	63	64.47
619	176.47	26.05	64	106.38
620	12.27	53.02	63	99.52
621	96.21	36.77	64	63.34
622	40.63	39.1	65	85.05
Drivers: 16
id	x	y	end	sensitivity
908	79.03	22.61	69	1.78
909	44.31	133.2	63	1.41
910	97.77	137.99	69	0.59
911	134.52	99.19	65	1.12
912	108.64	170.33	63	1.11
913	190.32	56.43	64	1.89
914	99.63	97.2	66	0.86
915	138.09	195.35	63	0.59
916	119.25	118.05	62	1.24
917	2.19	182.3	64	0.78
918	72.16	89.1	64	1.99
919	101.44	31.12	64	1.49
920	37.04	184.34	64	1.65
921	4.95	109.28	66	1.89
922	153.12	199.22	63	0.9
923	173.64	39.65	66	1.4
Period: 63
Tasks:13
id	x	y	end	c
623	17.15	37.68	64	103.67
624	154.57	4.2	67	110.25
625	84.82	81.6	66	23.85
626	84.26	110.95	64	19.17
627	20.81	119.12	63	81.47
628	144.06	83.48	66	47.06
629	98.54	92.68	64	7.46
630	141.67	40.31	65	72.8
631	66.05	104.69	68	34.27
632	62.24	185.22	66	93.21
633	36.24	91.77	67	64.29
634	70.98	179.35	64	84.49
635	159.25	7.44	65	109.9
Drivers: 18
id	x	y	end	sensitivity
924	182.61	141.17	66	1.85
925	189.08	190.63	66	1.46
926	23.68	67.45	67	0.93
927	179.33	72.74	65	1.22
928	65.76	152.58	65	1.54
929	57.22	179.6	68	1.57
930	35.85	198.97	65	1.43
931	106.96	30.35	69	1.42
932	104.65	66.02	67	1.25
933	11.43	37.34	66	0.98
934	65.08	199.58	67	1.37
935	197.92	62.04	66	0.92
936	45.88	165.97	65	1.64
937	66.88	23.74	66	1.52
938	186.31	29.08	66	1.19
939	15.3	42.64	69	1.13
940	164.44	184.37	66	1.94
941	197.88	99.02	67	1.64
Period: 64
Tasks:14
id	x	y	end	c
636	119.37	120.84	66	28.45
637	141.87	58.05	66	59.27
638	72.92	33.59	65	71.72
639	155.93	165.46	66	86.1
640	38.33	144.14	65	75.84
641	93.9	132.46	65	33.03
642	101.7	189.33	65	89.35
643	148.28	26.26	67	88.14
644	31.81	176.9	66	102.78
645	51.45	132.16	64	58.24
646	68.69	28.04	66	78.48
647	109.07	66.91	65	34.31
648	116.45	49.23	66	53.37
649	199.75	50.4	66	111.4
Drivers: 19
id	x	y	end	sensitivity
942	124.05	63.51	66	1.99
943	106.47	14.26	65	1.98
944	20.44	86.43	67	1.92
945	63.31	52.11	70	1.08
946	198.87	166.5	68	1.9
947	70.69	121.2	67	1.92
948	62.37	143.49	69	0.68
949	19.22	47.87	66	0.95
950	71.06	91.43	66	1.62
951	111.9	154.82	67	1.85
952	190.49	33.71	66	1.03
953	89.22	180.37	65	1.41
954	21.69	148.99	68	0.61
955	118.51	36.41	66	0.7
956	160.56	172.19	69	1.13
957	86.37	129.03	68	1.08
958	159.32	96.48	68	1.18
959	129.23	37.05	67	1.43
960	164.86	15.46	66	1.54
Period: 65
Tasks:6
id	x	y	end	c
650	80.83	13.25	65	88.84
651	160.11	40.74	66	84.41
652	190.46	193.07	67	129.79
653	152.65	100.02	69	52.65
654	62.32	29.66	66	79.8
655	63.55	90.25	65	37.73
Drivers: 15
id	x	y	end	sensitivity
961	93.29	64.22	65	1.24
962	35.73	157.65	67	0.51
963	138.32	119.46	70	1.31
964	53.39	38.78	67	0.89
965	49.26	8.03	70	1.3
966	61.69	85.03	71	1.87
967	90.97	45.22	66	0.94
968	137.21	90.67	70	0.8
969	140.34	15.06	71	1.88
970	167.1	48.4	68	0.51
971	147.56	92.24	66	1.02
972	26.66	64.67	68	0.98
973	1.44	145.46	68	1.41
974	16.4	62.35	66	1.82
975	165.35	61.67	68	1.49
Period: 66
Tasks:4
id	x	y	end	c
656	72.22	123.55	69	36.42
657	187.84	65.24	70	94.47
658	140.71	68.97	67	51.19
659	28.26	4.65	67	119.32
Drivers: 13
id	x	y	end	sensitivity
976	126.25	47.01	69	0.7
977	109.32	136.85	70	1.4
978	154.24	107.52	69	1.48
979	127.48	196.21	66	1.62
980	100.31	23.7	73	1.11
981	199.98	167.83	67	0.51
982	133.98	39.8	69	0.55
983	25.64	72.78	69	0.71
984	127.6	105.88	70	1.14
985	113.58	158.58	72	1.61
986	47.22	28.38	70	1.91
987	125.53	161.15	67	1.05
988	18.78	53.45	67	0.69
Period: 67
Tasks:8
id	x	y	end	c
660	87.04	169.53	70	70.73
661	101.9	59.23	69	40.81
662	63.79	0.33	70	106.04
663	44.97	65.81	70	64.79
664	53.24	52.64	69	66.55
665	97.44	27.3	74	72.75
666	157.06	101.54	70	57.08
667	175	115.45	67	76.57
Drivers: 19
id	x	y	end	sensitivity
989	37.41	163.36	69	0.82
990	141.53	36.44	69	1.84
991	49.7	142.12	70	0.78
992	53.73	20.49	68	0.61
993	93.79	156.73	72	1.15
994	131.2	72.72	68	0.8
995	187.15	83.73	68	0.97
996	121.25	65.68	71	0.86
997	124.79	37.08	72	0.74
998	158.74	120.2	69	0.66
999	162.01	146.92	71	1.01
1000	130.72	44.95	71	1.93
1001	95.41	54.44	73	1.48
1002	58.13	76.22	69	0.77
1003	12.79	41	69	1.02
1004	1.29	37.82	69	1.63
1005	142.03	187.43	69	0.98
1006	113.58	23.68	68	0.6
1007	107.32	104.85	67	0.91
Period: 68
Tasks:13
id	x	y	end	c
668	28.65	68.75	70	77.89
669	86.65	127.05	69	30.16
670	4.99	29	69	118.61
671	35.78	54.31	70	78.81
672	119.62	5.17	69	96.84
673	41.85	136.73	70	68.78
674	170.12	124.47	72	74.27
675	142.87	113.78	70	45.03
676	48.07	164.8	69	83.04
677	198.02	26.81	71	122.33
678	51.53	43.7	70	74.29
679	17.99	175.57	69	111.52
680	32.87	178.9	70	103.59
Drivers: 11
id	x	y	end	sensitivity
1008	107.58	44.14	72	1.21
1009	90.71	102.32	73	1.46
1010	91.96	118.85	69	1.18
1011	9.05	130.64	72	1.58
1012	56.01	68.24	71	1.39
1013	139.91	37.06	72	1.99
1014	69.31	127.86	71	1.73
1015	75.43	83.21	76	1.03
1016	45.27	44.17	72	1.8
1017	43.49	30.6	71	1.23
1018	80.8	123.63	72	1.85
Period: 69
Tasks:9
id	x	y	end	c
681	70.19	130.79	71	42.86
682	68.73	147.75	71	57.08
683	35.91	69.07	70	71.16
684	80.97	130.46	70	35.92
685	58.56	177.86	72	88.2
686	16.07	122.92	73	87
687	178.82	8.35	73	120.88
688	19.65	0.01	75	128.27
689	148.85	169.97	72	85.34
Drivers: 18
id	x	y	end	sensitivity
1019	167.55	190.29	72	1.85
1020	106.44	53.77	72	1.75
1021	156.35	71.63	73	0.72
1022	108.04	48.96	74	1.38
1023	0.61	80.26	70	1.89
1024	169.81	196.46	74	1.04
1025	66.48	10.09	73	0.87
1026	190.14	159.89	73	1.5
1027	161.11	75.28	71	1.87
1028	22.95	55.36	71	0.58
1029	136.38	165.45	70	0.65
1030	161.72	189.89	71	1.71
1031	56.62	85.31	74	1.15
1032	62.47	168.35	72	1.48
1033	56.72	106.81	74	1.86
1034	23.7	112.01	71	1.64
1035	161.68	151.55	74	1.39
1036	192.19	99.73	71	1.71
Period: 70
Tasks:10
id	x	y	end	c
690	22.34	129.91	70	83.22
691	146.19	94.15	73	46.56
692	115.62	155.71	73	57.86
693	46.1	55.48	74	69.91
694	57.87	104.89	71	42.41
695	126.81	150.93	72	57.56
696	168.61	38.12	73	92.39
697	83.57	138.13	71	41.52
698	89.84	98.32	72	10.3
699	104.08	154.14	71	54.29
Drivers: 13
id	x	y	end	sensitivity
1037	67.29	194.72	73	1
1038	196.99	26.44	71	1.41
1039	108.42	46.47	71	1.24
1040	84.72	156.96	71	1.1
1041	75.83	41.76	73	0.7
1042	34.37	92.97	73	1.23
1043	41.51	33.74	75	1.86
1044	4.22	123.19	72	1.5
1045	77	103.72	72	1.71
1046	198.96	44.57	73	1.58
1047	60.16	5.07	71	1.64
1048	116.09	130.95	74	1.38
1049	39.53	101.82	72	1.11
Period: 71
Tasks:12
id	x	y	end	c
700	23.03	59.46	71	86.99
701	86.79	67.48	72	35.1
702	199.74	86.41	73	100.66
703	43.51	138.58	75	68.41
704	88.06	101.59	75	12.05
705	27.72	68.23	72	78.95
706	18.48	188.24	73	120.13
707	76.72	64.3	74	42.62
708	46.03	73.76	74	60.01
709	95.68	195.93	76	96.03
710	139.16	6.74	73	101.15
711	104.22	36.68	71	63.46
Drivers: 17
id	x	y	end	sensitivity
1050	56.77	101.08	78	0.65
1051	192.04	131.87	76	1.93
1052	109.04	59.62	77	1.79
1053	91.8	81.14	76	1.26
1054	44.56	177.27	72	1.86
1055	182.35	2.38	73	1.72
1056	33.55	3.21	74	0.93
1057	169.44	56.83	73	0.75
1058	147.9	11.39	73	0.53
1059	189.9	61.14	75	1.18
1060	115.12	27.43	79	1.26
1061	133.59	153.06	76	1.28
1062	151.64	42.57	73	1.47
1063	64.1	59.23	72	1.55
1064	103.39	31.47	76	1.18
1065	173.72	189.82	72	1.64
1066	36.32	163.9	75	0.66
Period: 72
Tasks:10
id	x	y	end	c
712	45.33	84.21	72	56.9
713	94.31	45.34	76	54.96
714	118.02	28.65	72	73.59
715	183.1	171.42	73	109.57
716	154.65	82.58	72	57.36
717	86.14	186.51	73	87.61
718	172.6	166.45	73	98.42
719	20.4	180.34	73	113.1
720	195.9	123.88	75	98.83
721	169.69	4.76	73	118.01
Drivers: 14
id	x	y	end	sensitivity
1067	5.95	115.14	75	1.04
1068	98.34	123.78	73	0.6
1069	113.34	27.41	76	1.49
1070	136.8	194.76	76	1.93
1071	88.06	2.16	77	0.92
1072	16.18	198.87	80	1.1
1073	170.97	18.52	76	1.76
1074	137.01	82.94	77	1.24
1075	130.4	117.21	72	0.67
1076	177.44	57.31	73	0.72
1077	110.93	152.7	75	1.88
1078	134.76	124.79	76	1.13
1079	104.22	37.41	76	1.73
1080	79.72	6.68	80	0.55
Period: 73
Tasks:8
id	x	y	end	c
722	114.37	167.07	77	68.59
723	67.85	91.36	75	33.29
724	86.17	38.12	74	63.41
725	57.87	22.43	73	88.27
726	120.2	170.24	74	73.09
727	103.42	184.98	75	85.05
728	104.82	33.99	75	66.19
729	32.79	113.75	76	68.6
Drivers: 15
id	x	y	end	sensitivity
1081	38.01	177.34	75	0.77
1082	191.84	181.24	78	1.21
1083	149.62	49.11	76	0.65
1084	52.28	37.89	76	1.38
1085	54.62	115.11	75	1
1086	174.13	143.95	74	1.4
1087	23.96	178.91	76	0.9
1088	68	114.23	74	1.78
1089	188.22	36.85	74	0.6
1090	136.03	155.18	77	1.69
1091	176.45	65.41	75	1.38
1092	84.56	23.32	74	1.82
1093	91.51	181.21	76	0.79
1094	78.97	152.04	76	0.81
1095	23.4	35.19	76	1.31
Period: 74
Tasks:10
id	x	y	end	c
730	75.15	62.94	76	44.62
731	160.85	76.45	76	65.25
732	191.59	154.12	77	106.38
733	189.04	110.92	78	89.71
734	62	134.21	76	51.13
735	83.85	44.05	77	58.23
736	54.91	130.38	76	54.37
737	190.43	41.16	74	107.89
738	78.37	40.44	75	63.37
739	139.28	137.99	75	54.65
Drivers: 16
id	x	y	end	sensitivity
1096	148.63	45.21	75	0.89
1097	116	18.9	76	0.93
1098	196.95	179.53	76	1.12
1099	17.29	138.47	78	0.61
1100	148.5	69.5	75	0.84
1101	27.1	57.61	77	1.31
1102	22.97	168.89	76	1.66
1103	112.78	46.46	76	0.75
1104	32.76	102.45	77	1.42
1105	166.29	176.94	79	1.77
1106	25.46	36.61	78	1.26
1107	165.08	192.9	75	0.65
1108	191.51	181.41	76	1.78
1109	182.62	85.3	79	1.19
1110	23.13	34.03	77	1.82
1111	184.99	188.27	76	0.77
Period: 75
Tasks:13
id	x	y	end	c
740	155.07	172.65	76	91.16
741	3.83	128.67	77	100.35
742	38.34	72.62	79	67.47
743	109.13	6.08	78	94.36
744	20.24	180.1	75	113.04
745	28.14	138.92	77	81.72
746	69.28	197.21	79	101.95
747	99.45	22.48	76	77.52
748	136.53	191.49	78	98.51
749	124.1	171.21	77	75.18
750	164.57	86.55	77	65.96
751	139.75	125.99	75	47.49
752	173.76	181.4	79	109.85
Drivers: 18
id	x	y	end	sensitivity
1112	10.76	134.13	78	0.95
1113	80.87	94.02	76	1.97
1114	193.42	184.72	80	0.61
1115	76.69	139.98	79	0.99
1116	20.53	162	77	1.77
1117	159.96	71.64	79	1.73
1118	171.76	23.12	80	1.7
1119	77.33	18.35	79	0.83
1120	65.74	137.01	79	1.32
1121	121	119.27	77	1.12
1122	117.11	110.09	77	1.32
1123	180.02	145.26	77	0.61
1124	194.55	152.6	80	1.55
1125	136.27	106.64	79	0.52
1126	81.13	190.79	77	1.15
1127	97.63	73.51	77	1.9
1128	94.9	3.07	77	1.21
1129	88.76	102.03	76	1.51
Period: 76
Tasks:11
id	x	y	end	c
753	21.37	192.81	79	121.64
754	8.2	60.37	77	99.99
755	48.61	32.14	77	85.12
756	41.12	12.7	77	105.3
757	148.17	53.7	78	66.81
758	177.81	128.87	77	82.99
759	95.38	1.9	79	98.21
760	111.13	172.17	78	73.02
761	95.89	105.86	79	7.16
762	154.69	41.68	79	79.95
763	40.53	23.39	77	96.98
Drivers: 20
id	x	y	end	sensitivity
1130	75.29	157.19	78	1.69
1131	197.47	51.96	79	0.57
1132	126.38	155.45	80	1.54
1133	34.35	110.32	81	1.76
1134	143.68	74.24	78	0.55
1135	6.33	158.64	80	1.08
1136	180.77	172.21	79	1.54
1137	125.11	34.28	80	1.49
1138	179.56	70.28	83	1.56
1139	27.67	75.6	82	0.94
1140	127.12	100.53	78	1.96
1141	148.39	86.44	80	0.81
1142	38.71	49.6	79	2
1143	154.59	34.66	80	1.57
1144	67.39	159.26	79	1.91
1145	100.4	92.03	78	0.8
1146	97.12	44.21	82	1.78
1147	24.24	150.56	80	0.7
1148	63.35	176.26	78	1.32
1149	45.73	61.42	79	0.61
Period: 77
Tasks:11
id	x	y	end	c
764	75.15	112.63	81	27.88
765	181.47	46.23	78	97.61
766	8.62	181.76	77	122.62
767	137.23	184.13	78	92
768	93.26	175.34	80	75.64
769	2.49	150.51	79	109.82
770	122.58	25.73	81	77.63
771	186.32	103.79	78	86.4
772	25.79	13.05	78	114.31
773	112.55	56.21	79	45.55
774	102.61	119.54	81	19.71
Drivers: 18
id	x	y	end	sensitivity
1150	61.18	3.17	79	1.74
1151	24.42	25.12	79	1.57
1152	51.99	129.97	83	0.52
1153	50.23	125.01	80	1.24
1154	39.14	86.73	81	1.94
1155	139.36	25.5	80	1.96
1156	179.69	189.13	81	0.56
1157	37.19	78.72	79	0.88
1158	182.66	3.9	81	0.81
1159	41.4	105.06	77	1.8
1160	90.59	7.76	81	0.66
1161	199.5	40.89	77	1.93
1162	27.76	153.02	79	0.94
1163	12.69	177.1	82	0.97
1164	165.04	167.27	78	1.92
1165	70.79	67.01	83	1.87
1166	96.15	19.67	80	1.52
1167	158.33	10.45	79	0.85
Period: 78
Tasks:14
id	x	y	end	c
775	29.03	105.86	81	71.21
776	22.72	140.77	78	87.38
777	35.95	72.49	84	69.71
778	49.36	5.5	80	107.21
779	113.36	132.41	83	35.06
780	52.54	185.72	82	97.98
781	105.51	73.44	80	27.13
782	7.38	159.26	80	109.96
783	35.07	119.5	79	67.79
784	191.88	142.94	78	101.42
785	121.99	107.42	79	23.21
786	19.81	131.52	79	86.16
787	99.46	7.66	78	92.34
788	106.45	167.47	80	67.78
Drivers: 15
id	x	y	end	sensitivity
1168	50.42	147.07	79	1.17
1169	72.91	183.63	80	0.65
1170	42.55	30.92	83	0.81
1171	134.71	40.15	78	1.87
1172	49.77	184.92	81	1.28
1173	137.4	68.89	80	1.96
1174	23.76	151.8	80	0.68
1175	23.15	33.32	80	1.95
1176	86.26	152.71	83	1.37
1177	75.01	98.18	82	1.12
1178	79.32	127.03	80	1.49
1179	28.32	89.82	86	1.5
1180	169.28	94.5	82	0.97
1181	177.4	147.2	82	1.86
1182	88.02	155.42	84	1.93
Period: 79
Tasks:6
id	x	y	end	c
789	119.73	1.93	82	100.03
790	6.91	150.17	81	105.75
791	176.1	161.52	80	97.86
792	188.45	184.73	82	122.49
793	190.5	54.99	79	101.07
794	63.36	98.51	81	36.67
Drivers: 15
id	x	y	end	sensitivity
1183	160.81	3.39	81	0.93
1184	151.14	170.94	85	1.79
1185	53.32	194.19	84	1.98
1186	56.44	183.56	83	0.88
1187	102.66	137.92	86	1.52
1188	126.63	13.4	82	1.45
1189	71.75	152.21	82	0.84
1190	57.78	34.71	84	0.5
1191	47.84	1.86	89	1.25
1192	90.69	32.88	83	1.87
1193	186.7	197.81	82	1.39
1194	46.98	146.15	81	1.04
1195	182.7	43.41	83	1.46
1196	77.49	42.07	83	1.25
1197	103.22	159.69	83	1.2
Period: 80
Tasks:12
id	x	y	end	c
795	187.11	82.08	84	88.93
796	194.38	6.32	83	132.98
797	191.13	61.87	82	98.79
798	84.73	140.08	81	42.89
799	163.27	181.47	81	103.15
800	61.11	161.71	84	72.94
801	79.11	59.07	80	45.95
802	130.76	95.26	83	31.12
803	103.28	138.3	84	38.44
804	192.46	37.79	81	111.44
805	175.8	137.36	81	84.51
806	165.81	76.34	82	69.93
Drivers: 11
id	x	y	end	sensitivity
1198	78.84	25.31	85	0.62
1199	162.92	191.45	83	0.52
1200	191.57	35.43	84	1.93
1201	108.84	60.14	84	0.99
1202	37.3	195.47	81	1.78
1203	109.75	73.29	81	1.75
1204	97.94	188.63	82	1.2
1205	127.64	191.34	83	1.55
1206	4.76	133.12	80	1.92
1207	34.73	41.04	81	1.25
1208	134.75	170.04	83	1.08
Period: 81
Tasks:8
id	x	y	end	c
807	136.81	110.72	84	38.34
808	163.87	19.03	81	103.13
809	72.34	26.74	84	78.31
810	15.34	104.64	85	84.79
811	95.18	74.63	82	25.82
812	113.23	30.01	84	71.23
813	123.51	20.55	84	82.86
814	194.24	172.75	83	119.05
Drivers: 24
id	x	y	end	sensitivity
1209	147.37	62.6	86	1.97
1210	19.97	127.57	86	1.24
1211	87.3	123.72	82	1.5
1212	157.08	114.47	87	0.58
1213	177.64	111.89	85	1.86
1214	114.09	193.68	85	1.56
1215	158.89	187.68	82	1.33
1216	10.25	93.07	82	1.21
1217	12.83	15.72	83	0.89
1218	101.64	15.52	83	0.78
1219	134.1	4.08	83	0.57
1220	80.68	108.37	82	1.8
1221	123.74	65.2	83	1.86
1222	138.43	101.44	88	1.47
1223	82.16	17.73	85	1.24
1224	123.04	82.95	83	1.82
1225	113.26	6.77	82	1.9
1226	172.27	5.63	84	1.25
1227	10.76	154	84	0.9
1228	48.3	159.76	86	0.96
1229	141.93	43.59	82	1.82
1230	40.02	162.03	82	1.86
1231	65.4	128.12	84	1.87
1232	128.21	80.16	86	1.31
Period: 82
Tasks:12
id	x	y	end	c
815	148.63	26.72	82	87.95
816	19.67	104.84	83	80.48
817	60	99.11	84	40.01
818	68.98	165.61	85	72.57
819	139.98	68.15	82	51.12
820	97.98	27.34	84	72.69
821	24.41	186.71	85	115.03
822	123.36	166.08	82	70.09
823	77.94	136.06	84	42.27
824	88.99	156.37	82	57.44
825	34.57	151.79	87	83.45
826	6.66	157.08	84	109.41
Drivers: 22
id	x	y	end	sensitivity
1233	125.98	114.63	86	1.21
1234	188.62	49.74	85	1.95
1235	71.45	57.03	86	0.96
1236	40.24	20.08	86	1.27
1237	32.69	6.04	85	1.15
1238	59.73	71.47	85	1.45
1239	122.84	1.32	88	0.66
1240	188.22	134.82	84	0.5
1241	52.21	59.42	87	1.18
1242	73.78	123.04	87	0.63
1243	171.02	61.97	85	1.18
1244	99.12	8.55	83	1.9
1245	94.15	194.68	86	1.57
1246	196.47	105.21	88	1.72
1247	35.79	55.54	85	1.11
1248	22.74	195.74	86	0.85
1249	103.19	77.46	84	1.39
1250	47.33	44.81	84	0.56
1251	0.6	90.73	85	1.92
1252	74.75	160.3	85	1.62
1253	182.38	36.94	86	1.84
1254	120.85	113.22	88	1.48
Period: 83
Tasks:5
id	x	y	end	c
827	136.91	158.48	86	69.15
828	61.11	124.5	85	45.96
829	165.65	199.15	83	118.91
830	194.52	126.53	86	98.17
831	7.24	0.84	83	135.78
Drivers: 18
id	x	y	end	sensitivity
1255	163.43	4.37	86	1.21
1256	20.34	91.08	85	1.34
1257	17.63	145.2	87	1.96
1258	170.72	12.9	86	1.06
1259	77.17	8.72	85	1.08
1260	8.29	171.63	84	1.49
1261	40.33	36.98	88	1.33
1262	153.48	191.83	89	1.02
1263	131.64	9.82	84	1.45
1264	57.92	25.98	85	1.8
1265	11.14	45.91	84	1.65
1266	32.39	47.81	85	0.73
1267	53.37	100.62	89	1.22
1268	194.81	99.28	86	1.59
1269	151.14	136.59	84	1.84
1270	134.07	33.25	87	0.63
1271	133.49	189.67	86	1.96
1272	9.51	66.95	86	0.63
Period: 84
Tasks:9
id	x	y	end	c
832	78.2	99.78	84	21.8
833	91.34	46.79	87	53.91
834	46.94	42.17	86	78.48
835	118.85	24.43	84	77.89
836	58.45	150.47	85	65.37
837	62.6	161.35	85	71.85
838	53.32	7.05	86	104.01
839	62.91	198.79	86	105.52
840	132.6	4.05	84	101.34
Drivers: 14
id	x	y	end	sensitivity
1273	68.42	171.6	86	1.75
1274	155.59	60.93	84	1.68
1275	134.22	107.32	89	0.97
1276	184.45	87.98	87	0.54
1277	45.78	53.98	85	1.64
1278	68.99	133.3	88	1.95
1279	60.39	147.63	88	0.51
1280	103.68	123.73	88	1.65
1281	195.3	132.02	85	1.47
1282	24.5	123.3	86	0.98
1283	188.36	187.13	85	0.92
1284	29.34	105.92	86	0.78
1285	185.6	109.32	88	1.83
1286	34.83	111.68	85	0.82
Period: 85
Tasks:11
id	x	y	end	c
841	110.12	167.81	88	68.56
842	83.85	199.01	90	100.32
843	180.59	152.91	87	96.41
844	142.67	179.83	85	90.52
845	67.07	173.35	86	80.4
846	107.06	92.46	86	10.33
847	1.75	96.53	88	98.31
848	179.37	146.54	87	92.01
849	20.84	93.21	87	79.45
850	135.21	59.57	87	53.61
851	145.88	58.58	86	61.81
Drivers: 12
id	x	y	end	sensitivity
1287	21.01	123.4	89	1.75
1288	84.75	100.51	90	0.7
1289	44.16	28.17	86	1.62
1290	84.06	63.51	88	1.33
1291	168.27	154.95	91	1.39
1292	37.45	19.54	87	0.58
1293	88.93	62.34	87	1.48
1294	14.11	81.85	90	0.76
1295	79.44	51.39	87	1.77
1296	30.73	75.29	88	1.53
1297	37.85	71.66	89	1.23
1298	128.62	156.12	86	1.88
Period: 86
Tasks:7
id	x	y	end	c
852	103.39	152.42	88	52.53
853	131.56	80.85	88	36.92
854	108.25	107.62	86	11.23
855	187.4	135.2	87	94.22
856	73.39	7.48	86	96.27
857	136.49	65.26	88	50.38
858	151.49	148.36	86	70.64
Drivers: 16
id	x	y	end	sensitivity
1299	171.09	195.67	89	1.27
1300	67.38	164.79	91	0.58
1301	166.92	30.74	89	1.88
1302	100.17	66.6	88	1.4
1303	109.34	161.94	89	1.21
1304	38.73	194.15	90	1.9
1305	185.37	127.08	89	0.51
1306	62.29	92.78	90	1.15
1307	116.33	41.5	90	1.3
1308	17.61	0.69	87	1.61
1309	113.67	182.18	87	0.89
1310	151.46	58.42	90	1.06
1311	138.54	36.42	88	1.59
1312	165.48	14.69	89	1.36
1313	5.02	89.42	90	1.28
1314	167.58	142.16	89	1.57
Period: 87
Tasks:5
id	x	y	end	c
859	30.01	146.37	91	83.96
860	38.04	19.03	88	101.96
861	30.53	140.91	91	80.62
862	17.35	118.3	89	84.65
863	165.84	58.78	89	77.68
Drivers: 14
id	x	y	end	sensitivity
1315	78.67	73.25	89	1.87
1316	129.74	164.68	90	1.9
1317	194.54	138.85	88	1.93
1318	141.79	149.36	90	1.89
1319	108.61	44.49	94	1.29
1320	124.15	57.53	88	0.95
1321	11.03	57.49	96	0.86
1322	34.24	198.96	89	0.57
1323	124.59	92.24	90	1.48
1324	1.28	39.62	90	0.92
1325	163.5	64.03	91	1.62
1326	44.43	175.45	93	1.08
1327	139.45	173.76	89	0.94
1328	196.06	99.81	92	1.93
Period: 88
Tasks:13
id	x	y	end	c
864	196.16	56.91	90	105.37
865	191.98	155.76	89	107.56
866	3.03	175.37	89	122.82
867	187.98	18.02	91	120.25
868	120.98	60.96	89	44.32
869	63.48	62.91	90	52.05
870	47.89	117.39	88	54.94
871	191.06	191.56	91	129.13
872	68.1	30.63	91	76.35
873	52.47	170.18	89	84.76
874	192.28	35.43	91	112.63
875	19.62	83.5	89	82.06
876	137.39	165.09	89	75.06
Drivers: 13
id	x	y	end	sensitivity
1329	99.19	75.68	92	1.64
1330	168.23	68.11	91	0.93
1331	169.04	88.14	90	1.35
1332	54.68	165.33	90	1.56
1333	134.13	186.2	90	1.11
1334	1.02	156.11	95	0.53
1335	118.14	9.36	91	1.11
1336	84.41	69.11	88	1.04
1337	105.33	24.22	89	1.2
1338	49.22	124.73	91	0.75
1339	190.52	174.25	90	1.36
1340	173.19	66.96	91	1.55
1341	134.7	24.16	93	1.35
Period: 89
Tasks:13
id	x	y	end	c
877	13.75	170.93	90	111.67
878	127.02	28.43	93	76.5
879	54.61	83.89	90	48.16
880	15.32	75.84	89	88.06
881	102.41	189.22	90	89.25
882	135.47	83.3	91	39.2
883	67.77	175.54	93	82.13
884	54.2	117.77	91	49.13
885	97.05	115.76	91	16.03
886	20.6	108.08	90	79.81
887	166.61	151.5	90	84.2
888	73.93	24.2	90	80.16
889	12.07	113.65	91	88.98
Drivers: 16
id	x	y	end	sensitivity
1342	25.74	157.36	93	0.64
1343	63.28	30.82	91	1.09
1344	160.52	23.31	92	1.93
1345	117.24	152.76	92	1.1
1346	199.67	19.13	92	1.95
1347	91.7	199.81	91	1.07
1348	187.91	6.48	95	1.06
1349	107.34	186.28	93	0.87
1350	136.98	95.55	92	0.92
1351	115.4	195.98	96	1.75
1352	167.36	30.11	89	1.12
1353	86.87	46	92	0.98
1354	139.07	92.01	94	1.11
1355	50.26	199.01	89	1.68
1356	160.06	119.73	93	1.62
1357	68.7	123.87	91	1.06
Period: 90
Tasks:19
id	x	y	end	c
890	47.9	160.47	91	79.82
891	175.37	187.31	90	115.34
892	118.87	124.31	90	30.77
893	162.4	75.79	91	66.93
894	110.78	64.75	93	36.86
895	176.02	97.06	93	76.08
896	23.74	177.13	94	108.46
897	119.8	0.53	94	101.42
898	22.87	78.08	90	80.18
899	134.78	130.94	93	46.55
900	30.89	37.74	91	93.02
901	152.05	39.75	93	79.62
902	155.72	135.33	94	65.98
903	59.9	163.08	93	74.75
904	174.41	129.63	93	80.09
905	107.76	143.98	91	44.66
906	185.41	52.39	93	97.78
907	75.53	185.36	90	88.8
908	27.56	112.56	93	73.52
Drivers: 21
id	x	y	end	sensitivity
1358	100.21	165.17	93	1.24
1359	40.98	160.84	95	1.93
1360	25.12	122.49	95	1.33
1361	8.23	4.65	92	0.94
1362	102.98	138.22	91	0.89
1363	59.41	75.45	93	1.8
1364	97.16	130.99	91	1.26
1365	132.02	53.02	96	1.04
1366	35.31	149	94	0.88
1367	24.06	140.16	90	0.55
1368	164.31	8.69	93	1.44
1369	126.67	15.87	100	0.71
1370	199.49	166.34	97	1.35
1371	15.97	156.57	94	1.31
1372	167.51	138.23	93	1.26
1373	15.18	171.23	91	0.92
1374	130.15	145.12	94	0.52
1375	14.97	3.12	94	1.89
1376	173.42	43.29	92	1.95
1377	97.64	182.55	93	0.76
1378	82.25	125.69	92	0.79
Period: 91
Tasks:7
id	x	y	end	c
909	58.86	21.49	91	88.64
910	196.4	199.75	93	138.72
911	61.55	195.45	93	102.9
912	189.42	182.38	93	121.58
913	92.1	199.79	94	100.1
914	55.33	133.82	93	56.03
915	116.89	167.19	95	69.28
Drivers: 14
id	x	y	end	sensitivity
1379	57.94	109.19	94	1.05
1380	107.32	149.56	92	0.88
1381	109.84	162.61	92	0.7
1382	5.57	140.08	95	1.06
1383	95.26	166.27	93	1.99
1384	90.02	141.93	94	1.44
1385	155.71	163.36	92	1.6
1386	145.62	199.46	95	1.4
1387	102.21	37.62	92	0.64
1388	182.07	81.33	92	0.99
1389	65.64	55.49	92	1.73
1390	82.57	189.92	94	1.61
1391	97.59	76.86	93	0.71
1392	101.21	51.2	95	1.66
Period: 92
Tasks:5
id	x	y	end	c
916	107.01	62.49	93	38.16
917	129.66	53.23	93	55.38
918	77.29	109.78	94	24.73
919	121.41	96.61	92	21.68
920	58.92	16.41	94	93.14
Drivers: 12
id	x	y	end	sensitivity
1393	52.97	175.56	93	1.18
1394	17.79	60.55	94	1.42
1395	182.58	173.73	92	0.68
1396	101.95	21.3	96	1.53
1397	190.18	76.34	97	1.24
1398	151.07	81.1	92	1.58
1399	47.04	20.8	93	1.76
1400	154.82	36.56	99	0.71
1401	159.28	139.47	94	0.67
1402	54.49	182.96	96	1.11
1403	31.12	124.35	96	1.93
1404	43.24	1.69	93	1.76
Period: 93
Tasks:8
id	x	y	end	c
921	156.48	37.22	94	84.45
922	118.81	17.11	94	85
923	133	135.61	94	48.55
924	148.91	73.66	95	55.55
925	27.17	27.03	95	103.1
926	92.02	145	96	45.7
927	31.74	33.91	94	95.01
928	46.95	155.81	96	77
Drivers: 13
id	x	y	end	sensitivity
1405	105.61	28.23	95	1
1406	42.46	43.29	95	1.8
1407	0.13	62.67	96	1.14
1408	12	134.37	97	1.45
1409	167.94	23.52	96	0.77
1410	122.24	18.01	95	1.95
1411	27.23	157.93	98	1.97
1412	25.38	172.86	96	1.09
1413	30.69	145.42	94	1.38
1414	166.89	184.83	94	1.85
1415	151.46	141.37	97	1.33
1416	10.02	156.41	94	1.5
1417	9.03	183.65	96	0.94
Period: 94
Tasks:9
id	x	y	end	c
929	103.91	47.17	96	52.97
930	89.08	118.34	94	21.34
931	187.15	85.32	94	88.38
932	57.75	82.56	98	45.71
933	77.88	40.85	94	63.15
934	175.29	31.9	97	101.52
935	38.37	99.22	96	61.63
936	123.4	132.14	95	39.76
937	123.63	183.85	97	87.12
Drivers: 11
id	x	y	end	sensitivity
1418	8.5	134.81	100	1.2
1419	43.35	39.79	95	1.37
1420	58.24	19.18	97	1.47
1421	155.91	71.05	98	1.99
1422	125.82	63.41	96	1.64
1423	113.52	171.27	100	1.17
1424	2.74	95.56	97	0.84
1425	6.79	17.24	96	0.55
1426	31.62	81.47	95	0.79
1427	73.24	160.64	99	0.7
1428	1.64	161.93	96	1.69
Period: 95
Tasks:8
id	x	y	end	c
938	57.29	113.34	98	44.74
939	138.49	169.63	99	79.56
940	174.96	92.88	96	75.3
941	98.87	107.63	97	7.71
942	130.55	57.25	96	52.54
943	96.86	81.33	97	18.93
944	91.71	51.19	99	49.51
945	110.89	14.84	97	85.85
Drivers: 13
id	x	y	end	sensitivity
1429	198.71	99.35	99	1.75
1430	134.71	64.36	97	0.66
1431	129.09	192.96	95	1.99
1432	20.6	133.3	97	1.54
1433	35.45	42.85	97	1.64
1434	62.01	131.34	102	1.95
1435	94.3	26.88	98	1.12
1436	146.19	119.8	98	1.14
1437	0.66	134.36	99	0.91
1438	88.55	39.89	100	1.59
1439	148.35	167.32	96	0.91
1440	123.6	106.97	97	0.64
1441	41.11	70.87	98	1.91
Period: 96
Tasks:16
id	x	y	end	c
946	69.03	135.58	96	47.17
947	47.35	142.98	97	67.97
948	89.6	116.88	99	19.83
949	146.01	97.21	99	46.09
950	191.37	28.21	97	116.2
951	22.16	163.08	98	100.19
952	112.95	13.38	98	87.58
953	24.42	139.03	98	85.06
954	18.51	83.01	97	83.24
955	159.67	112.81	99	61.03
956	34.29	23.86	97	100.57
957	52.7	168.66	98	83.38
958	184.09	105.92	98	84.3
959	189.15	56.89	98	99.03
960	131.69	75.14	99	40.28
961	175.84	18.95	100	111
Drivers: 16
id	x	y	end	sensitivity
1442	61.98	1.67	98	1.87
1443	104.79	93.46	96	1.39
1444	37.85	143.41	99	0.79
1445	51.76	152.16	104	1.9
1446	87.31	51.63	100	0.67
1447	1.91	67.04	101	0.7
1448	32.67	173.2	96	1.52
1449	182.23	25.34	98	1.28
1450	151.31	184.45	99	1.97
1451	132.61	99.28	100	0.75
1452	124.59	176.07	98	0.78
1453	181.5	70.27	101	1.8
1454	54.36	177.97	97	1.68
1455	116.8	95.33	98	1.61
1456	53.4	68.22	100	0.69
1457	57.31	85.88	96	1.22
Period: 97
Tasks:11
id	x	y	end	c
962	12.77	56.09	100	97.66
963	192.82	48.13	100	106.33
964	191.88	139.56	98	100.03
965	166.91	178.43	100	103.09
966	144.61	89.03	99	45.94
967	96.08	13.34	97	86.75
968	177.55	89.99	99	78.19
969	10.56	99.53	100	89.44
970	141.57	96.82	100	41.69
971	141.02	29.14	99	81.88
972	18.39	100.44	97	81.61
Drivers: 14
id	x	y	end	sensitivity
1458	111.83	87.37	103	0.95
1459	131.47	79.66	100	0.75
1460	120.42	132.22	99	1.37
1461	20.4	116.61	98	0.78
1462	41.69	80.81	101	0.78
1463	73.52	36.38	101	1.59
1464	147.58	126.33	100	1.29
1465	30.37	140.32	100	1.22
1466	162.81	22.94	100	1.53
1467	87.76	168.74	98	0.68
1468	50.96	96.03	99	1.48
1469	88.11	15.29	99	1.71
1470	33.19	94.97	100	1.86
1471	17.47	33.44	98	0.94
Period: 98
Tasks:10
id	x	y	end	c
973	159.46	52.53	98	76.08
974	55.06	109.82	98	46
975	124.46	185.23	101	88.67
976	128.28	110.03	101	30.01
977	186.02	149.25	98	99.12
978	91.91	138	99	38.85
979	72.89	67.36	100	42.43
980	13.57	51.26	99	99.23
981	141.98	65.41	101	54.39
982	178.72	110.19	98	79.38
Drivers: 16
id	x	y	end	sensitivity
1472	127.57	157.78	98	0.99
1473	34.62	132.14	102	1.84
1474	130.18	63.12	100	1.03
1475	54.99	31.47	100	1.31
1476	80.37	163.13	101	0.87
1477	132.14	144.5	100	0.89
1478	171.2	138.57	100	1.66
1479	27.05	99.25	105	1.62
1480	147.5	20.6	100	1.51
1481	194.94	175.12	104	1.58
1482	113.65	144.05	104	0.81
1483	85.49	134.81	103	0.74
1484	167.64	180.91	102	0.91
1485	137.59	3.74	106	1.25
1486	23.93	116.12	101	1.73
1487	13.03	199.84	103	1.99
Period: 99
Tasks:6
id	x	y	end	c
983	80.86	185.02	100	87.15
984	162.53	190.67	100	110.14
985	46.4	182.76	103	98.6
986	17.6	171.57	101	109.14
987	11.87	133.02	100	94.11
988	186.43	145.49	99	97.67
Drivers: 15
id	x	y	end	sensitivity
1488	18.62	3.31	100	0.8
1489	42.8	73.12	101	1.3
1490	42.43	85.59	100	0.84
1491	21.99	31.59	102	1.35
1492	125.21	102.79	105	1.24
1493	110.12	84.27	101	1.78
1494	108.22	68.54	105	0.96
1495	28.64	195.05	100	1.2
1496	15.86	142.98	99	0.55
1497	90.27	143.27	104	0.81
1498	35.44	188.42	102	1.63
1499	10.85	70.85	106	0.95
1500	177.7	32.23	101	1.68
1501	93.71	179.48	101	0.6
1502	147.3	175.49	103	0.97
Period: 100
Tasks:10
id	x	y	end	c
989	1.18	147.73	105	109.74
990	82.87	151.47	102	54.25
991	96.51	154.76	101	54.87
992	120.88	148.73	103	53.01
993	0.06	0.12	101	141.29
994	59.76	81.51	100	44.28
995	188.18	187.44	104	124.18
996	139.88	191.63	102	99.93
997	5.82	78.53	105	96.6
998	199.77	98.94	102	99.78
Drivers: 9
id	x	y	end	sensitivity
1503	154.27	60.88	102	1.51
1504	175.92	138.24	100	1.35
1505	177.17	145.72	101	0.78
1506	187.57	93.9	103	1.27
1507	70.93	199	101	0.79
1508	45.41	157.09	101	1.63
1509	153.4	137.72	103	1.91
1510	22.9	137.54	102	1.77
1511	37.85	105.95	102	1.96
