Periods: 100
Task Arrival Rate: 10
Task Average Time: 3
Driver Arrival Rate: 5
Driver Average Time: 2
Period: 1
Tasks:6
id	x	y	end	c
1	143.92	108.68	4	44.77
2	22.52	119.38	4	79.87
3	172.6	161.73	8	95.3
4	85.22	88.32	3	18.84
5	183.99	7.93	6	124.62
6	48.83	143.23	2	66.99
Drivers: 5
id	x	y	end	sensitivity
1	121	71.59	5	1.11
2	130.1	157.82	5	0.51
3	157.6	158.63	3	0.98
4	189.39	154.06	2	1.17
5	73.16	114.04	2	1.77
Period: 2
Tasks:14
id	x	y	end	c
7	164.46	93.77	7	64.76
8	37.62	122.83	3	66.43
9	174.16	23.44	5	106.59
10	130.48	50.92	3	57.77
11	191.74	160.64	5	109.97
12	55.52	82.57	3	47.77
13	3.74	45.25	6	110.74
14	176.68	49.87	5	91.61
15	155.95	64.96	4	66.02
16	62.3	154.98	4	66.66
17	185.45	132.16	5	91.3
18	106.15	0.35	5	99.84
19	34.42	57.56	4	78.11
20	77.54	77.05	4	32.11
Drivers: 0
id	x	y	end	sensitivity
Period: 3
Tasks:11
id	x	y	end	c
21	53.43	174.53	3	87.88
22	105.44	104.63	9	7.14
23	10.5	74.76	7	92.99
24	31.67	122.4	6	71.91
25	123.13	194.49	7	97.28
26	75.85	143.53	4	49.78
27	153.54	30.88	8	87.43
28	155.06	125.21	4	60.56
29	119.74	181.71	7	84.06
30	162.4	170.79	10	94.37
31	182.5	83.31	7	84.17
Drivers: 2
id	x	y	end	sensitivity
6	174.34	73.79	5	1.01
7	38.18	106.19	8	0.94
Period: 4
Tasks:17
id	x	y	end	c
32	53	51	9	67.9
33	68.43	76.98	8	39.07
34	156.17	77.31	8	60.58
35	184.9	18.49	5	117.69
36	108.52	0.82	5	99.55
37	77.69	14.74	5	88.13
38	138.31	73.23	6	46.74
39	99.74	36.04	6	63.96
40	115.64	4.71	7	96.56
41	129.45	122.96	7	37.34
42	74.65	189.92	9	93.42
43	12.87	8.4	5	126.42
44	130.8	123.47	9	38.72
45	194.31	155.3	7	109.33
46	54.74	26.26	6	86.52
47	168.98	145.37	5	82.56
48	37.53	134	10	71.12
Drivers: 3
id	x	y	end	sensitivity
8	8.31	162.26	6	0.66
9	77.7	106.94	4	1.97
10	70.82	198.98	6	0.77
Period: 5
Tasks:9
id	x	y	end	c
49	106.24	184.04	6	84.27
50	15.72	68.2	9	90.08
51	130.57	80.4	7	36.31
52	183.24	86.56	10	84.32
53	32.85	110.79	5	68.01
54	26.14	151.74	6	90.18
55	140.77	197.62	7	105.79
56	37.46	82.67	8	64.9
57	135.43	126.26	5	44.1
Drivers: 5
id	x	y	end	sensitivity
11	198.58	22.11	9	1.42
12	36.79	51.01	6	0.91
13	55.38	92.7	10	0.95
14	169.74	183.51	6	0.76
15	41.67	149.84	9	1.07
Period: 6
Tasks:10
id	x	y	end	c
58	43.89	105.86	7	56.42
59	43.36	78.02	11	60.76
60	179.88	181.04	10	113.79
61	50.73	145.02	9	66.74
62	169.14	138.13	9	78.96
63	96.73	171.55	8	71.62
64	73.01	64.48	8	44.61
65	199.84	151.1	11	112.16
66	176.99	83.62	10	78.71
67	102.31	83.53	10	16.63
Drivers: 4
id	x	y	end	sensitivity
16	33.6	185.65	8	1.31
17	3.96	152.85	7	1.66
18	158.77	11.14	6	1.07
19	135.86	180.79	8	0.63
Period: 7
Tasks:6
id	x	y	end	c
68	175.02	189.22	13	116.57
69	180.57	124.83	12	84.31
70	181.83	7	7	123.88
71	138.14	191.99	9	99.58
72	190.57	143.41	8	100.44
73	39.02	163.61	10	88.12
Drivers: 6
id	x	y	end	sensitivity
20	3.45	91.58	7	0.61
21	196.65	81.67	7	0.85
22	170.57	38.74	8	1.87
23	6.93	27.67	10	1.99
24	122.24	192.49	7	1.6
25	144.43	3.76	8	1.76
Period: 8
Tasks:7
id	x	y	end	c
74	51.36	159.96	9	77.21
75	2.23	99.15	13	97.77
76	22.6	145.94	13	90.01
77	101.94	67.51	11	32.55
78	48.99	174.92	13	90.64
79	47.59	140.37	11	66.16
80	92.66	155.02	10	55.51
Drivers: 6
id	x	y	end	sensitivity
26	37.06	50.5	9	1.1
27	70.05	71.56	11	0.91
28	63.06	44.36	9	1.51
29	55.19	144.68	9	1.72
30	9.89	194.62	10	1.45
31	32.8	15.27	9	1.46
Period: 9
Tasks:8
id	x	y	end	c
81	194.68	93.73	13	94.89
82	183.49	141.35	11	93.17
83	9.94	181.64	13	121.56
84	60.75	17.61	9	91.26
85	55.21	179.5	12	91.25
86	87.13	47.13	11	54.41
87	14.18	167.6	14	109.25
88	21.78	114.99	11	79.64
Drivers: 0
id	x	y	end	sensitivity
Period: 10
Tasks:13
id	x	y	end	c
89	165.62	155.95	13	86.23
90	22.2	42.95	13	96.48
91	33.28	56.85	12	79.46
92	146.72	144.3	11	64.38
93	5.33	79.83	12	96.79
94	14.9	74.03	10	88.97
95	111.94	118.72	13	22.2
96	141.98	142.73	13	59.9
97	161.12	110.34	13	61.99
98	43.51	115.28	11	58.52
99	134.9	139.99	13	53.08
100	26.68	123.67	13	77.05
101	130.9	3.76	12	101.08
Drivers: 3
id	x	y	end	sensitivity
32	128.57	187.75	13	1.37
33	135.33	170	13	0.93
34	20.66	32.2	11	1.08
Period: 11
Tasks:9
id	x	y	end	c
102	194.75	173.73	13	120.06
103	68.44	113.81	16	34.45
104	66.07	137.69	14	50.71
105	172.31	127.45	16	77.34
106	24.19	78.07	11	78.92
107	194.44	11.01	14	129.76
108	36.57	116.97	12	65.66
109	7.77	150.54	14	105.17
110	107.04	105.36	14	8.85
Drivers: 1
id	x	y	end	sensitivity
35	152.14	90.56	14	0.64
Period: 12
Tasks:9
id	x	y	end	c
111	52.09	169.58	16	84.48
112	169.89	158.17	20	90.93
113	24.49	97.6	13	75.55
114	2.3	114.02	15	98.7
115	187.99	134.94	15	94.67
116	178.41	38.1	14	99.9
117	121.79	69.72	17	37.31
118	104.86	172.44	17	72.6
119	10.1	181.98	15	121.67
Drivers: 5
id	x	y	end	sensitivity
36	90.96	32.02	15	1.87
37	176.81	83.6	16	1.87
38	48.83	3.67	13	1.88
39	84.94	130.01	14	1.84
40	4.04	37.69	14	1.37
Period: 13
Tasks:13
id	x	y	end	c
120	134.66	101.97	16	34.72
121	72.49	125.94	15	37.81
122	112.87	17.55	14	83.45
123	77.71	161.6	17	65.51
124	54.31	89.22	15	46.94
125	113.88	101.99	13	14.02
126	93.51	108.44	16	10.65
127	101.69	92.05	18	8.13
128	11.17	175.09	17	116.32
129	86.94	175.19	15	76.32
130	102.8	73.89	15	26.26
131	34	199.28	19	119.22
132	91.46	31.22	17	69.31
Drivers: 7
id	x	y	end	sensitivity
41	119.82	28.34	15	1.5
42	0.76	31.75	15	0.58
43	187.72	17.39	15	1.04
44	48.93	187.79	16	2
45	90.33	12.73	13	0.74
46	90.64	113.17	15	0.82
47	101.57	36.97	15	1.48
Period: 14
Tasks:7
id	x	y	end	c
133	140.1	48.14	18	65.56
134	60.97	30.54	15	79.67
135	82.98	79.91	15	26.33
136	67.09	162.03	19	70.22
137	47.72	46.79	15	74.6
138	151	21.13	14	93.92
139	125.6	26.4	17	77.93
Drivers: 5
id	x	y	end	sensitivity
48	36.43	171.89	18	1.34
49	130.54	105.63	16	0.86
50	66.29	19.04	15	1.14
51	195.58	27.75	14	0.56
52	29.27	187.72	16	1.3
Period: 15
Tasks:5
id	x	y	end	c
140	30.11	66.6	18	77.46
141	26.25	196.58	17	121.52
142	52.31	83.85	16	50.35
143	2.62	191.04	22	133.31
144	98.45	118.63	16	18.69
Drivers: 3
id	x	y	end	sensitivity
53	21.19	83.42	18	1.43
54	115.3	123.54	17	1.88
55	68.66	146.61	17	0.9
Period: 16
Tasks:15
id	x	y	end	c
145	130.03	100.7	18	30.04
146	153.84	30.49	17	87.92
147	30.09	190.57	16	114.41
148	38.92	7.56	23	110.8
149	81.21	90.54	18	21.04
150	162.82	134.6	19	71.72
151	151.17	5.05	17	107.86
152	186.32	151.82	19	100.68
153	9.59	144.89	17	100.94
154	50.34	61.07	22	63.1
155	104.22	125.19	22	25.54
156	80.76	83.4	18	25.41
157	137.21	173.16	21	82.08
158	144.95	47.2	20	69.34
159	133.83	155.77	18	65.23
Drivers: 5
id	x	y	end	sensitivity
56	107.89	154.65	17	1.51
57	165.33	24.72	19	1.35
58	153.08	74.15	19	0.95
59	100.78	118.38	22	0.75
60	111.54	48.11	16	1.01
Period: 17
Tasks:13
id	x	y	end	c
160	19.39	142.54	20	91.15
161	24.14	37.95	20	98
162	73.11	162.61	19	68.14
163	77.63	189.39	18	92.15
164	189.87	88.04	19	90.66
165	30.7	53.02	21	83.72
166	123.18	66.33	20	40.88
167	53.41	100.58	23	46.59
168	64.88	121.48	21	41.17
169	3.49	107.26	19	96.78
170	62.66	58.54	18	55.8
171	31.96	26.41	22	100.22
172	196.76	139.86	21	104.65
Drivers: 7
id	x	y	end	sensitivity
61	72.06	159.85	19	1.2
62	170.35	60.22	19	1.11
63	6.11	96.23	18	1.51
64	88.06	117.66	17	1.01
65	145.86	194.03	20	1.45
66	119.99	183.59	19	1.32
67	133.67	178.91	19	1.42
Period: 18
Tasks:7
id	x	y	end	c
173	61.98	192.77	22	100.26
174	39.13	176.81	22	98
175	19.12	114.16	18	82.11
176	35.65	197.45	22	116.78
177	79.34	143.97	22	48.58
178	187.21	16.84	19	120.5
179	77.02	83.53	20	28.27
Drivers: 6
id	x	y	end	sensitivity
68	163.5	121.09	22	0.79
69	87.1	63.2	19	1.29
70	110.8	16.31	21	1.8
71	4.11	0.8	22	1.96
72	79.89	111.5	23	1.07
73	32	139.53	19	1.14
Period: 19
Tasks:10
id	x	y	end	c
180	15.06	78.81	21	87.54
181	150.89	79.78	21	54.76
182	4.04	167.4	22	117.27
183	65.51	16.31	21	90.52
184	122.1	174.5	20	77.71
185	185.01	28.76	20	110.91
186	197.24	166.44	22	117.77
187	28.84	132.13	24	78.08
188	100.65	175.96	26	75.96
189	170.37	48.46	21	87.23
Drivers: 6
id	x	y	end	sensitivity
74	198.81	186.62	21	1.08
75	17.01	28.65	28	0.83
76	176.43	36	20	1.39
77	122.49	29.24	23	0.86
78	196.71	118.28	19	0.72
79	9.57	119.79	24	1.53
Period: 20
Tasks:10
id	x	y	end	c
190	80.64	161.27	23	64.26
191	67.07	31.53	25	75.98
192	90.52	180.41	23	80.97
193	62.76	181.37	23	89.49
194	5.3	46.72	24	108.66
195	131.93	169.01	25	76.04
196	64.26	160.59	27	70.35
197	15.89	172.28	24	110.9
198	173.98	166.66	21	99.58
199	99.99	137.3	25	37.3
Drivers: 9
id	x	y	end	sensitivity
80	19.84	114.73	22	1.79
81	189.34	154.81	24	1.67
82	22.57	96.9	22	0.98
83	156.28	38.17	22	1.97
84	8.78	113.51	21	1.34
85	145.27	92.92	22	1.62
86	157.64	188.74	25	0.56
87	76.08	130.46	24	1.77
88	85.01	38.22	21	0.96
Period: 21
Tasks:10
id	x	y	end	c
200	66.22	55.12	26	56.17
201	78.3	191.57	25	94.11
202	11.1	185.15	25	123.1
203	62.93	192.15	22	99.33
204	16.69	33.76	25	106.43
205	34.39	29.88	27	96.03
206	7.64	168.56	24	115.03
207	144.17	126.1	22	51.3
208	80.58	32.03	24	70.69
209	12.45	64.66	25	94.41
Drivers: 8
id	x	y	end	sensitivity
89	13.64	10.36	23	1.99
90	8.33	83.76	21	0.79
91	72.52	167.62	24	0.86
92	170.06	37.23	22	1.09
93	189.53	15.65	24	1.47
94	59.77	126.16	26	0.62
95	32.75	62.5	23	0.73
96	21.19	199.92	22	0.61
Period: 22
Tasks:11
id	x	y	end	c
210	159.29	171.93	22	93.22
211	0.56	42.63	27	114.8
212	195.66	146.88	23	106.53
213	171.35	1.54	23	121.59
214	146.4	70.11	23	55.19
215	117.88	138.74	26	42.67
216	0.35	6.28	25	136.8
217	45.77	122.53	26	58.72
218	33.81	116.28	26	68.16
219	6.36	21.37	23	122.27
220	172.32	166.31	22	98.12
Drivers: 10
id	x	y	end	sensitivity
97	64.08	185.49	24	1.13
98	125.78	18.26	26	0.55
99	60.62	170.14	25	1.66
100	77.04	124.74	24	1.96
101	12.69	100.75	24	1
102	92.95	178.5	23	0.8
103	134.22	198.78	24	1.88
104	157	59.76	23	1.86
105	32.34	159.71	24	1.93
106	125.06	156.3	23	2
Period: 23
Tasks:12
id	x	y	end	c
221	149.28	148.76	24	69.33
222	8.77	117.14	24	92.83
223	82.6	118.3	26	25.25
224	133.83	61.15	26	51.51
225	142.63	101.1	29	42.64
226	55.62	126.07	26	51.47
227	190.68	1.41	25	133.95
228	128.31	21.93	29	83.04
229	87.98	147.23	28	48.74
230	123.01	197.21	24	99.9
231	30.94	137.27	28	78.48
232	129.5	103.93	25	29.76
Drivers: 2
id	x	y	end	sensitivity
107	191.74	158.9	24	0.76
108	180.13	189.6	25	0.55
Period: 24
Tasks:9
id	x	y	end	c
233	24.02	121.16	25	78.87
234	42.78	57.8	27	71.1
235	118.76	67.99	26	37.1
236	87.66	173.15	25	74.18
237	102.83	154.58	26	54.65
238	81.8	92.74	28	19.59
239	195.34	39.7	24	112.81
240	173.06	16.23	26	111.15
241	165.66	54.59	30	79.83
Drivers: 7
id	x	y	end	sensitivity
109	72.88	17.53	27	1.04
110	147.15	119.65	25	1.48
111	97.2	146.49	25	1.04
112	87.63	157.02	25	0.92
113	104.28	148.43	24	1.12
114	18.8	178.42	28	1.93
115	158.88	106.41	26	0.64
Period: 25
Tasks:7
id	x	y	end	c
242	151.6	91.61	29	52.28
243	130.13	91.83	29	31.22
244	18.59	99.49	28	81.41
245	178.61	102.77	29	78.66
246	131.88	139.57	30	50.81
247	22.57	113.41	27	78.58
248	79.11	1.02	26	101.16
Drivers: 9
id	x	y	end	sensitivity
116	63.97	196.41	27	0.8
117	82.37	51.45	26	1.31
118	67.88	174.16	25	0.62
119	48.61	168.25	29	1.52
120	189.85	169.55	26	1.93
121	179.74	114.48	26	0.84
122	112.86	79.9	27	1.52
123	135.95	49.07	28	0.64
124	51.11	5.94	28	1.75
Period: 26
Tasks:8
id	x	y	end	c
249	73.44	169.89	30	74.77
250	118.72	51.05	29	52.41
251	174.2	124.32	29	78.08
252	64.07	12.39	30	94.69
253	166.11	67.03	32	73.88
254	152.78	32.87	29	85.39
255	187.04	4.93	30	128.9
256	10.33	112.05	29	90.48
Drivers: 2
id	x	y	end	sensitivity
125	184.31	4.98	28	1.26
126	75.35	108.31	27	1.18
Period: 27
Tasks:11
id	x	y	end	c
257	31.46	41.12	32	90.36
258	134.16	96.24	29	34.37
259	30.52	10.23	29	113.52
260	155.81	53.64	28	72.55
261	20.76	97.94	28	79.27
262	20.74	155.49	30	96.75
263	34.24	70.75	28	71.97
264	119.6	60.61	34	44
265	191.04	6.06	29	130.82
266	106.02	174.23	29	74.47
267	144.26	74.19	30	51.24
Drivers: 5
id	x	y	end	sensitivity
127	116.92	93.1	32	1.99
128	78.93	34.55	27	1.85
129	156.19	13.04	28	0.78
130	13.81	20.45	27	0.74
131	123.37	198.07	29	0.5
Period: 28
Tasks:7
id	x	y	end	c
268	75.05	121.63	32	33.02
269	35.41	39.24	30	88.68
270	92.62	39.52	31	60.93
271	32.32	119.1	32	70.32
272	96.28	132.57	30	32.78
273	6.14	142.58	30	103.07
274	197.31	28.31	29	120.87
Drivers: 4
id	x	y	end	sensitivity
132	137.73	24.59	31	1.17
133	134.33	27.12	31	1.73
134	174.9	120.98	30	1.54
135	187.46	121.48	32	0.98
Period: 29
Tasks:4
id	x	y	end	c
275	77.35	199.66	32	102.2
276	169.74	65.01	30	78.03
277	142.68	125.13	32	49.53
278	43.72	109.38	32	57.06
Drivers: 7
id	x	y	end	sensitivity
136	126.36	199.37	31	1.23
137	160.03	90	33	1.5
138	96.96	52.23	30	0.65
139	20.67	139.82	30	1.74
140	1.91	184.53	29	1.29
141	39.85	37.67	30	1.55
142	161.56	13.99	31	1.52
Period: 30
Tasks:8
id	x	y	end	c
279	15.06	54.35	32	96.43
280	18.9	29.59	33	107.4
281	99.21	68.82	34	31.19
282	154.26	127.18	33	60.69
283	109.29	70.43	35	30.99
284	180.74	5.86	33	124.02
285	112.8	56.9	31	44.96
286	199.19	197.57	35	139.14
Drivers: 9
id	x	y	end	sensitivity
143	67.74	61.74	33	1.39
144	111.16	198.27	33	1.92
145	144.32	193.73	32	1.41
146	156.37	160.29	32	1.86
147	58.38	31.04	33	1.41
148	70.41	90.14	31	0.94
149	17.47	68.52	32	0.56
150	163.32	26.94	31	1.37
151	36.36	65.53	32	0.91
Period: 31
Tasks:9
id	x	y	end	c
287	0.9	105.09	35	99.23
288	66.09	38.29	36	70.41
289	22.94	92.27	32	77.45
290	3.86	134.57	36	102.17
291	14.3	99.19	34	85.7
292	59.46	63.72	33	54.4
293	193.99	171.78	33	118.26
294	25.27	15.69	35	112.66
295	135.98	99.56	32	35.98
Drivers: 3
id	x	y	end	sensitivity
152	186.27	71.46	33	1.73
153	165.83	69.64	31	0.92
154	149.58	43.69	33	1.3
Period: 32
Tasks:7
id	x	y	end	c
296	5.16	154.01	37	109.14
297	127.5	194.88	33	98.78
298	14.15	31.22	40	110
299	107.59	69.09	34	31.83
300	146.25	67.52	34	56.52
301	164.26	127.42	33	69.87
302	81.38	25.29	35	77
Drivers: 6
id	x	y	end	sensitivity
155	182.58	78.49	37	1.92
156	59	188.46	33	1.53
157	185.6	198.17	34	1.85
158	85.08	119.22	33	0.9
159	161.28	12.94	33	0.54
160	52.62	123.05	35	1.49
Period: 33
Tasks:5
id	x	y	end	c
303	130.79	157.45	36	65.18
304	4.47	147.78	34	106.81
305	92.39	88.74	35	13.59
306	72.35	80.21	38	34
307	26.22	130.8	37	79.95
Drivers: 6
id	x	y	end	sensitivity
161	84.34	99.93	33	1.71
162	190.19	134.18	36	1.48
163	109.21	26.61	35	0.9
164	75.62	11.24	35	1.28
165	166.39	105.5	36	1.01
166	55.75	110.75	34	0.79
Period: 34
Tasks:12
id	x	y	end	c
308	81.53	58.01	37	45.87
309	79.45	104.74	38	21.09
310	179.45	12.19	38	118.42
311	139.05	30.28	37	79.91
312	64.54	187.52	39	94.43
313	50.9	169.79	38	85.33
314	165.8	3.01	36	117.2
315	18.27	84.22	39	83.24
316	8.26	3.83	38	132.91
317	0.72	128.22	38	103.21
318	0.64	68.49	37	104.24
319	125.89	74.74	37	36.17
Drivers: 1
id	x	y	end	sensitivity
167	83.5	46.65	34	0.51
Period: 35
Tasks:11
id	x	y	end	c
320	145.97	134.63	39	57.55
321	193.4	179.43	39	122.61
322	133.17	23.94	42	82.98
323	83.1	167.11	36	69.21
324	174.51	163.98	38	98.21
325	167.85	49.95	36	84.31
326	29.02	117.3	39	73.06
327	154.62	115.81	38	56.86
328	56.01	47.42	37	68.55
329	37.13	163.12	38	89.09
330	146.2	175.3	39	88.34
Drivers: 7
id	x	y	end	sensitivity
168	137.72	117.98	36	1.07
169	33.94	7.45	36	1.63
170	40.27	81.15	36	0.67
171	24.15	22.85	36	1.48
172	62.27	194.59	37	1.02
173	187.75	22.92	39	1.18
174	163.17	26.62	39	0.88
Period: 36
Tasks:4
id	x	y	end	c
331	21.4	120.69	39	81.28
332	188.06	69.57	38	93.17
333	46.4	79.52	42	57.38
334	85.56	128.77	40	32.19
Drivers: 3
id	x	y	end	sensitivity
175	127.07	25.41	39	0.7
176	71.67	70.16	39	1.5
177	80.48	165.32	37	1.11
Period: 37
Tasks:9
id	x	y	end	c
335	154.33	69.42	38	62.34
336	63.9	80.95	42	40.82
337	33.47	142.85	38	79.14
338	139.38	15.23	41	93.47
339	187.02	98.89	40	87.03
340	78.9	92.63	38	22.35
341	178.79	54.06	41	91.2
342	76.24	87.59	41	26.81
343	80.32	132.23	40	37.76
Drivers: 9
id	x	y	end	sensitivity
178	39.44	169.18	38	0.64
179	64.36	77.33	39	1.45
180	107.21	129.4	42	1.42
181	60.89	0.83	41	0.92
182	182.05	45.48	41	0.91
183	128.44	33.92	39	1.98
184	89.64	127.49	38	0.55
185	160.51	199.95	43	0.51
186	30.38	163.28	39	0.8
Period: 38
Tasks:11
id	x	y	end	c
344	156.33	45.15	39	78.62
345	94.46	18.05	39	82.14
346	116.94	167.21	38	69.31
347	44.91	83.58	38	57.48
348	21.55	43.42	38	96.72
349	169.37	166.47	40	96.08
350	33.63	70.97	41	72.44
351	133.46	139.52	43	51.78
352	25.3	62.72	39	83.49
353	188.75	149.33	40	101.54
354	35.09	154.73	39	84.9
Drivers: 4
id	x	y	end	sensitivity
187	174.5	6.05	40	1.38
188	142.85	89.56	39	0.7
189	161.19	139.66	39	0.51
190	32.24	118.62	41	1.2
Period: 39
Tasks:14
id	x	y	end	c
355	8.27	127.11	41	95.65
356	21.72	70.15	40	83.78
357	171.15	81.36	43	73.55
358	51.46	9.51	44	102.69
359	27.11	63.88	40	81.35
360	178.82	112.65	43	79.83
361	136.77	107.96	42	37.62
362	20.18	179.33	43	112.54
363	17.29	89.11	40	83.42
364	110.7	193.81	42	94.42
365	86.89	133.57	40	36.04
366	199.35	106.3	44	99.55
367	34.08	23.43	40	101.04
368	177.43	111.27	41	78.25
Drivers: 1
id	x	y	end	sensitivity
191	134.82	91.03	44	1.05
Period: 40
Tasks:8
id	x	y	end	c
369	170.67	185.3	43	110.77
370	160.85	168.06	43	91.3
371	117.15	164.79	42	67.02
372	29.98	83.7	43	71.89
373	166	163.26	43	91.42
374	178.95	6.24	45	122.57
375	30.67	159.94	40	91.65
376	180.44	69.45	43	86.05
Drivers: 7
id	x	y	end	sensitivity
192	115.97	181.16	42	1.52
193	0.82	96.18	43	0.73
194	23.03	171.37	43	0.78
195	66.72	173.08	42	1.65
196	0.31	42.14	44	0.96
197	172.13	168.9	44	0.78
198	96.51	70.01	42	1.53
Period: 41
Tasks:11
id	x	y	end	c
377	157.99	138.34	44	69.52
378	42.23	25.77	44	94.06
379	84.65	50.31	46	52.01
380	67.81	146.06	44	56.19
381	130.82	32.77	45	73.96
382	82.89	100.58	42	17.12
383	76.88	142.01	44	47.95
384	91.42	37.73	44	62.86
385	67.33	44.03	42	64.81
386	38	135.39	41	71.39
387	148.1	79.36	42	52.34
Drivers: 4
id	x	y	end	sensitivity
199	126.93	74.84	44	0.84
200	136.92	85.64	44	1.42
201	129.43	5.32	42	0.58
202	58.76	37.76	44	1.07
Period: 42
Tasks:6
id	x	y	end	c
388	111.3	19.55	46	81.24
389	35.7	119.37	46	67.15
390	67.43	171.62	45	78.68
391	192.75	168.7	43	115.42
392	18.24	49.52	47	96.09
393	10.58	16.06	45	122.65
Drivers: 6
id	x	y	end	sensitivity
203	74.49	129.11	45	0.79
204	51.41	115.94	42	1.92
205	54.62	101.42	44	0.74
206	114.52	110.15	47	1.51
207	158.96	39.03	43	1.36
208	189.66	69.48	43	1.19
Period: 43
Tasks:7
id	x	y	end	c
394	68.08	194.15	47	99.41
395	102.93	95.74	47	5.17
396	134.38	46.65	47	63.47
397	152.99	165.68	46	84.39
398	94.18	147.03	47	47.39
399	92.88	166.94	45	67.32
400	41.84	59.66	47	70.78
Drivers: 6
id	x	y	end	sensitivity
209	36.93	51.2	45	1.72
210	96.94	125.22	46	0.94
211	139.49	57.18	43	1.9
212	81.97	120.96	47	1.97
213	5.75	195.92	45	1.26
214	45.34	101.96	44	0.68
Period: 44
Tasks:10
id	x	y	end	c
401	170.68	39.18	50	93.25
402	12.13	189.36	48	125.32
403	44.94	69.79	46	62.8
404	53.6	123.56	45	52.04
405	103.53	193.8	46	93.87
406	145.63	107.44	45	46.23
407	119.24	179.01	46	81.32
408	12.95	73.89	47	90.88
409	79.95	190.23	48	92.43
410	93.92	3.6	46	96.59
Drivers: 1
id	x	y	end	sensitivity
215	23.54	101.23	47	1.11
Period: 45
Tasks:22
id	x	y	end	c
411	169.29	66.71	48	76.87
412	2.65	157.44	45	113.03
413	175.24	61.32	46	84.6
414	131.13	25.61	53	80.64
415	142.5	117.81	47	46.08
416	48.5	164.68	46	82.68
417	45.92	110.33	46	55.06
418	16.43	107.9	46	83.94
419	139.05	18.34	47	90.52
420	88.64	144.25	46	45.68
421	94.74	114.2	47	15.14
422	132.59	54.41	46	56.04
423	83	135.78	48	39.61
424	25.5	57.51	50	85.77
425	166.31	17.13	46	106.13
426	147.01	0.19	48	110.33
427	151.69	63.15	47	63.48
428	38.37	145.88	46	76.83
429	106.62	139.08	46	39.64
430	30.72	11.69	46	112.24
431	7.17	105.34	48	92.98
432	191.62	75.22	47	94.91
Drivers: 7
id	x	y	end	sensitivity
216	112.37	102.38	47	1.64
217	145.22	43.87	46	1.34
218	90.34	87.95	46	1.81
219	121.88	136.61	46	1.5
220	130.66	164.2	49	0.59
221	150.44	41.44	47	0.5
222	191.21	195.68	51	1.24
Period: 46
Tasks:11
id	x	y	end	c
433	134.84	107.74	51	35.69
434	20.27	75.02	49	83.55
435	69.87	14.92	51	90.26
436	186.35	196.85	49	129.75
437	88.24	134.09	50	36.06
438	104.28	144.33	49	44.54
439	172.62	27.46	47	102.64
440	167.88	171.71	51	98.74
441	39.01	159.66	48	85.32
442	171.85	148.58	48	86.73
443	20.02	68.33	49	86.02
Drivers: 7
id	x	y	end	sensitivity
223	40.58	40.44	50	0.53
224	25.61	158.06	51	0.74
225	146.74	130.56	48	0.84
226	55.11	134.97	51	1.94
227	172.76	184.09	46	1.78
228	129.89	61.04	49	1.57
229	171.3	162.64	48	1.8
Period: 47
Tasks:11
id	x	y	end	c
444	20.08	0.34	52	127.75
445	16.59	159.67	53	102.56
446	55.66	105.86	51	44.73
447	149.85	75.48	49	55.55
448	15.41	32.05	50	108.5
449	189.42	42.46	50	106.33
450	154.35	18.69	48	97.8
451	131.43	8.61	48	96.64
452	36.7	139.93	52	74.84
453	119.44	130.47	49	36.14
454	42.11	8.57	52	108.22
Drivers: 4
id	x	y	end	sensitivity
230	114.77	180.56	49	1.98
231	128.63	49.27	48	1.43
232	162.18	166.05	50	1.18
233	174.09	152.41	52	1.7
Period: 48
Tasks:11
id	x	y	end	c
455	72.97	53.1	52	54.13
456	138.02	109.96	56	39.3
457	140.12	109.02	50	41.12
458	5.64	112.31	54	95.16
459	6.71	19.88	54	122.97
460	135.36	137.65	51	51.65
461	104.05	197.27	50	97.35
462	61.17	180.54	51	89.41
463	109	197.62	49	98.03
464	32.03	30.07	50	97.52
465	42.01	188.35	51	105.68
Drivers: 2
id	x	y	end	sensitivity
234	51.29	177.13	51	1.6
235	157.01	95.14	49	1.01
Period: 49
Tasks:13
id	x	y	end	c
466	79.69	191.18	51	93.41
467	193.38	170.64	55	117.09
468	199.01	181.35	52	128.14
469	140.12	25.64	52	84.49
470	47.77	147.79	49	70.79
471	3.94	150.53	51	108.54
472	15.61	38.38	56	104.49
473	51.22	98.04	51	48.82
474	195.48	102.62	51	95.52
475	117.21	156.27	50	58.84
476	48.74	100.4	54	51.26
477	147.47	17.63	52	95.07
478	57	120.66	52	47.71
Drivers: 3
id	x	y	end	sensitivity
236	15.18	157.42	50	1.88
237	55	195.64	49	1.77
238	128.1	33.38	51	1.8
Period: 50
Tasks:11
id	x	y	end	c
479	61.46	147.26	51	60.98
480	105.96	153.2	50	53.53
481	27.25	173.87	54	103.68
482	60.48	52.06	55	62.13
483	149.58	159.97	52	77.81
484	56.82	166.11	56	78.96
485	164.89	36.06	53	91.1
486	174.46	17.99	52	110.77
487	151.74	146.33	54	69.45
488	162.73	150.59	53	80.59
489	138.03	85.7	50	40.63
Drivers: 3
id	x	y	end	sensitivity
239	108.53	188.28	51	1.43
240	89.66	15.36	51	1.3
241	194.61	185.49	52	1.57
Period: 51
Tasks:9
id	x	y	end	c
490	157.26	114.99	54	59.19
491	94.38	9.25	54	90.92
492	140.74	181.96	54	91.53
493	181.6	39.58	53	101.53
494	25.78	21.46	53	108.06
495	101.17	8.02	53	91.99
496	155.96	93.77	53	56.31
497	43.89	158.97	52	81.4
498	191.34	66.02	53	97.46
Drivers: 8
id	x	y	end	sensitivity
242	101.93	168.21	54	0.88
243	96.49	30.41	57	1.55
244	195.06	110.28	52	1.99
245	73.99	76.49	52	0.62
246	27.24	158.09	54	0.57
247	52	167.11	54	1.15
248	162.82	100.04	55	0.59
249	49.55	144.75	52	1.77
Period: 52
Tasks:5
id	x	y	end	c
499	135.8	145.28	54	57.72
500	143.44	87.34	56	45.25
501	80.17	176.9	55	79.42
502	190.03	25.87	55	116.62
503	160.39	18.38	55	101.53
Drivers: 4
id	x	y	end	sensitivity
250	148.58	98.59	54	1.45
251	64.39	164.83	52	0.87
252	80.14	186.68	54	1.13
253	80.21	98.51	54	1.5
Period: 53
Tasks:6
id	x	y	end	c
504	9.4	68.08	57	96.06
505	25.27	21.77	55	108.19
506	172.14	47.33	55	89.32
507	181.29	103.39	56	81.36
508	165.07	158.68	54	87.62
509	183.85	145.95	54	95.61
Drivers: 11
id	x	y	end	sensitivity
254	70.25	91.59	54	1.54
255	174.24	114.85	53	1.66
256	181.03	62.76	54	1.27
257	22.74	103.44	54	1.75
258	88.94	52.3	58	1.22
259	115.96	157.61	55	1.87
260	24.74	14.9	56	0.92
261	127.78	187.21	54	0.66
262	91.79	51.14	54	0.86
263	34.23	86.12	54	1.17
264	124.87	9.99	55	0.75
Period: 54
Tasks:11
id	x	y	end	c
510	136.19	78.87	55	41.91
511	148.84	22.44	56	91.66
512	36.74	26.27	57	97.15
513	82.24	156.63	58	59.35
514	86.04	129.15	56	32.32
515	61.15	7.71	56	100.13
516	81.37	169.01	58	71.48
517	5.32	108.66	57	95.08
518	144.47	20.32	59	91.25
519	161.62	180.94	58	101.73
520	107.95	121.71	56	23.12
Drivers: 6
id	x	y	end	sensitivity
265	56.19	8.48	54	1.92
266	47.3	94.86	55	1.47
267	61.27	121.86	57	0.93
268	125.2	186.69	55	1.88
269	184.53	26.92	56	1.23
270	66.54	115.44	57	0.96
Period: 55
Tasks:5
id	x	y	end	c
521	154.16	66.95	61	63.45
522	195.48	196.56	60	135.79
523	164.7	9.57	59	111.19
524	8.47	105.09	59	91.67
525	194.54	121.93	63	97.05
Drivers: 7
id	x	y	end	sensitivity
271	68.17	52.14	57	1.9
272	16.73	186.48	56	1.32
273	188.73	49.44	58	1.55
274	10.03	61.86	58	0.58
275	119.72	159.54	57	1.91
276	186.57	18.33	58	0.87
277	161.43	133.37	57	1.77
Period: 56
Tasks:9
id	x	y	end	c
526	188.79	91.37	59	89.21
527	197.65	78.42	57	100.01
528	119.17	106.51	60	20.25
529	102.74	130.76	58	30.88
530	5.13	22.9	57	122.25
531	101.77	55.82	60	44.22
532	142.55	146.96	59	63.37
533	27.63	110.4	58	73.11
534	87.07	148.63	58	50.32
Drivers: 3
id	x	y	end	sensitivity
278	84.87	134.73	58	1.96
279	169.05	11.11	60	1.53
280	137.2	9.36	58	0.69
Period: 57
Tasks:11
id	x	y	end	c
535	115.12	100.89	61	15.15
536	134.57	181.46	62	88.49
537	192.03	21.27	62	121.11
538	137.32	159.1	61	69.9
539	43.75	131.82	60	64.63
540	15.73	69.19	60	89.73
541	175.41	192.02	61	118.97
542	57.58	131.46	59	52.81
543	194.05	5.64	59	133.23
544	5.11	46.18	58	109.09
545	65.24	44.52	58	65.47
Drivers: 10
id	x	y	end	sensitivity
281	150.33	86.53	59	1.28
282	24.53	3.2	57	1.11
283	0.83	52.4	58	0.72
284	159.45	74.34	59	1.89
285	21.46	57.63	57	1.9
286	75.45	149.44	60	1.54
287	81.69	79.83	60	1.29
288	152.79	167.21	60	1.38
289	83.56	149.56	58	0.94
290	114.25	142.5	60	0.56
Period: 58
Tasks:12
id	x	y	end	c
546	179.93	104.68	63	80.07
547	140.74	54.1	63	61.37
548	115.84	96.35	59	16.26
549	28.73	63.13	61	80.24
550	57.07	46.59	62	68.52
551	62.57	39.94	62	70.77
552	137.92	114.91	60	40.75
553	79.41	90.58	60	22.64
554	15.85	113.32	61	85.2
555	72.24	46.16	60	60.58
556	184.77	25.17	61	113.07
557	34.32	187.14	60	109.12
Drivers: 5
id	x	y	end	sensitivity
291	68.44	116.19	63	1.36
292	133.84	197.83	58	1
293	82.67	100.45	60	0.77
294	125.48	40.36	60	0.62
295	23.26	3.21	58	0.81
Period: 59
Tasks:17
id	x	y	end	c
558	21.89	106.59	62	78.39
559	41.99	52.87	61	74.74
560	125.42	16.39	61	87.39
561	121.38	105.65	62	22.11
562	19.73	31.47	61	105.54
563	96.81	61.28	61	38.85
564	120.12	137.03	64	42.14
565	116.99	70.33	62	34.19
566	164.08	74.29	62	69.05
567	89.22	67.54	63	34.2
568	141.24	188.21	64	97.37
569	42.18	100.6	61	57.82
570	76.96	166.63	62	70.5
571	190.56	115.98	63	91.96
572	132.2	14.78	62	91.1
573	143.13	176.81	60	88.09
574	154.21	95.33	62	54.41
Drivers: 4
id	x	y	end	sensitivity
296	29.35	40.86	60	1.74
297	101.61	41.03	59	1.94
298	84.82	167.66	60	1.97
299	71.5	125.43	60	1.91
Period: 60
Tasks:13
id	x	y	end	c
575	148.54	14.67	65	98.17
576	71.66	50.32	64	57.19
577	52.14	114.33	62	49.96
578	51.4	10.98	66	101.42
579	159.92	131.12	61	67.52
580	187.08	149.45	64	100.14
581	137.82	80.2	63	42.69
582	33.61	45.79	61	85.71
583	88.86	68.84	65	33.09
584	141.32	22.22	64	88.07
585	86.14	139.27	61	41.64
586	139.2	191.31	60	99.37
587	155.36	83.15	62	57.87
Drivers: 5
id	x	y	end	sensitivity
300	74.3	23.68	61	0.98
301	23.53	177.71	64	1.03
302	15.87	54.07	63	1.04
303	61.21	0.73	62	1.69
304	66.91	181.05	62	1.97
Period: 61
Tasks:11
id	x	y	end	c
588	153.97	178.12	63	94.95
589	120.41	73.49	63	33.46
590	113.85	135.47	62	38.08
591	43.54	117.05	63	58.98
592	158.89	0.88	65	115.29
593	41.02	122.7	66	63.2
594	102.19	103.76	64	4.35
595	72.89	110.82	63	29.19
596	166.79	120.62	63	69.9
597	52.44	47.35	64	70.95
598	64.17	138.44	64	52.55
Drivers: 3
id	x	y	end	sensitivity
305	179.68	107.6	63	1.29
306	154.2	29.6	61	0.83
307	108.19	7.25	63	1.84
Period: 62
Tasks:10
id	x	y	end	c
599	23.24	187.64	64	116.5
600	133.4	50.4	64	59.8
601	173.67	98.55	66	73.68
602	100.29	134.98	64	34.98
603	44.64	68.8	66	63.55
604	123.05	198.41	65	101.07
605	195.6	27.81	63	119.79
606	99.41	117.41	67	17.42
607	64.88	150.03	66	61.13
608	150.41	160.53	64	78.77
Drivers: 4
id	x	y	end	sensitivity
308	194.08	104.2	63	0.81
309	106.63	76.1	63	0.97
310	7.69	157.68	66	1.62
311	55.63	189.37	63	0.5
Period: 63
Tasks:9
id	x	y	end	c
609	5.68	17.89	69	125.05
610	4.3	58.38	67	104.36
611	165.09	174.82	68	99.17
612	161.22	196.08	66	113.93
613	54.22	72.65	68	53.33
614	151.48	191.24	67	104.76
615	67.64	65.35	67	47.41
616	70.78	21.35	70	83.9
617	83.15	107.81	66	18.57
Drivers: 2
id	x	y	end	sensitivity
312	15.82	108	65	1.55
313	72.07	12.96	65	1.5
Period: 64
Tasks:17
id	x	y	end	c
618	168.37	44.55	68	88.03
619	170.53	187.79	64	112.61
620	164.02	55.15	66	78.17
621	125.23	154.63	64	60.17
622	171.99	105.89	67	72.23
623	144.04	149.48	67	66.24
624	193.22	76.4	68	96.16
625	130.61	169.45	67	75.9
626	55.6	173.8	68	86.13
627	119.88	74.52	66	32.32
628	125.34	91.6	66	26.7
629	53.28	43.18	66	73.56
630	71.53	46.17	67	60.9
631	45.84	33.84	64	85.5
632	175.28	117.77	69	77.35
633	185.92	44.04	67	102.54
634	75.69	32.78	68	71.48
Drivers: 8
id	x	y	end	sensitivity
314	1.73	115.5	67	1.47
315	108.14	12.85	64	1.44
316	186.4	73.48	68	1.03
317	84.76	53.75	64	0.87
318	110.53	95.03	67	1.39
319	44.71	82.83	68	0.75
320	92.94	12.66	65	1.05
321	155.71	122.68	67	1.82
Period: 65
Tasks:5
id	x	y	end	c
635	30.3	61.05	65	79.84
636	105.4	19.31	67	80.87
637	176.88	121.23	68	79.76
638	46.51	109.12	70	54.26
639	122.8	40.64	69	63.59
Drivers: 2
id	x	y	end	sensitivity
322	33.99	177.69	66	1.18
323	181.76	40.29	67	1.69
Period: 66
Tasks:13
id	x	y	end	c
640	76.16	114.65	68	27.98
641	165.83	101.78	70	65.85
642	149.61	154.57	68	73.75
643	184.77	127.79	68	89.21
644	133.07	139.21	69	51.29
645	192.23	8.12	71	130.19
646	188.51	174.56	68	115.73
647	38.65	155.48	70	82.72
648	25.76	133.61	70	81.49
649	12.76	83.23	70	88.84
650	140.17	45.98	67	67.32
651	81.74	134.05	69	38.64
652	172.41	74.43	73	76.79
Drivers: 5
id	x	y	end	sensitivity
324	1.34	49.16	66	1.18
325	129.48	6.4	67	1.1
326	82.54	84.95	68	0.74
327	37.21	46.52	69	1.33
328	20.63	10.43	68	1.84
Period: 67
Tasks:11
id	x	y	end	c
653	176.92	28.42	68	105.07
654	70.04	144.2	69	53.4
655	97.82	126.99	68	27.08
656	132.7	81.51	70	37.57
657	194.93	91.14	69	95.34
658	109.19	129	69	30.42
659	129.83	23.82	67	81.81
660	180.74	50.54	71	94.68
661	66.05	162.16	71	70.83
662	5.39	98.36	68	94.62
663	116.46	56.44	71	46.57
Drivers: 2
id	x	y	end	sensitivity
329	7.15	30.12	68	0.89
330	98.43	123.18	69	1.18
Period: 68
Tasks:8
id	x	y	end	c
664	133.54	62.39	74	50.39
665	181.89	22.45	68	112.78
666	142.63	54.16	71	62.6
667	8.92	148.79	69	103.32
668	61.91	100.2	70	38.09
669	8.72	0.19	71	135.26
670	101.14	154.15	72	54.16
671	180.23	118.12	69	82.25
Drivers: 3
id	x	y	end	sensitivity
331	10.34	8.49	70	0.95
332	176.46	96.87	71	0.64
333	59.87	56.07	72	1.66
Period: 69
Tasks:7
id	x	y	end	c
672	42.82	137	69	68.11
673	181.42	98.36	70	81.44
674	105.05	84.67	73	16.14
675	2.46	196.75	70	137.38
676	1.18	120.46	73	100.92
677	97.57	77.2	74	22.93
678	78.13	136.58	69	42.62
Drivers: 7
id	x	y	end	sensitivity
334	193.98	156.24	74	1.52
335	68.42	139.25	71	1.37
336	100.2	7.87	73	0.96
337	73.67	2.71	72	1.8
338	179.62	11.77	70	1.02
339	199.89	117.23	71	1.19
340	178.38	198.43	70	0.68
Period: 70
Tasks:12
id	x	y	end	c
679	0.99	63.2	71	105.63
680	18.37	16.56	71	116.73
681	127.94	138.72	72	47.75
682	50.16	152.91	73	72.69
683	72.55	47.7	74	59.07
684	152.76	189.32	70	103.74
685	196.88	73.25	72	100.51
686	194.87	32.72	73	116.31
687	99.22	178.89	73	78.89
688	108.12	41.58	77	58.98
689	197.3	104.2	76	97.39
690	44.07	188.53	74	104.72
Drivers: 4
id	x	y	end	sensitivity
341	178.55	58.93	72	1.5
342	4.13	154.3	72	0.67
343	191.29	156.74	70	1.1
344	42.05	18.89	71	0.67
Period: 71
Tasks:9
id	x	y	end	c
691	163.31	9.66	75	110.32
692	52.5	105.73	75	47.84
693	46.86	62.54	76	65.02
694	115.02	192.46	75	93.67
695	106.05	94.63	72	8.09
696	199.2	43.23	72	114.3
697	67.51	162.46	73	70.4
698	26.77	170.05	74	101.34
699	190.74	3.16	73	132.71
Drivers: 3
id	x	y	end	sensitivity
345	127.63	50.2	73	0.89
346	97	101.4	73	1.37
347	118.87	44.59	72	1.49
Period: 72
Tasks:6
id	x	y	end	c
700	180.9	157.68	77	99.36
701	55.76	34.69	78	78.88
702	76.79	23.16	80	80.27
703	189.37	121.65	75	91.95
704	31.72	15.99	72	108.26
705	29.77	14.73	76	110.47
Drivers: 4
id	x	y	end	sensitivity
348	187.54	39.76	73	1.8
349	174.57	183.77	73	0.57
350	156.99	124.05	74	0.76
351	0.83	192.34	75	0.8
Period: 73
Tasks:13
id	x	y	end	c
706	99.86	132.15	75	32.15
707	51.78	73.2	73	55.17
708	115.01	174.52	75	76.02
709	182.4	118.55	75	84.46
710	67.44	81.84	78	37.28
711	193.57	117.15	77	95.13
712	134.57	52.19	74	59
713	94.08	99.31	75	5.96
714	91.85	197.34	77	97.68
715	194.53	128.74	75	98.8
716	135.69	12.5	76	94.5
717	18.67	4.71	76	125.28
718	66.82	30.4	73	77.1
Drivers: 5
id	x	y	end	sensitivity
352	161.17	176.44	76	0.61
353	69.48	170.33	75	0.55
354	49.48	7.2	76	1.41
355	123.84	53.86	75	1.53
356	153.77	59.19	74	1.75
Period: 74
Tasks:11
id	x	y	end	c
719	65.64	78.14	78	40.72
720	150.05	55.88	77	66.72
721	48.7	37.99	78	80.48
722	24.56	87.27	75	76.51
723	164.35	41.59	76	86.91
724	111.26	129.35	76	31.44
725	126.25	47.87	80	58.37
726	69.07	83.65	80	34.99
727	19.53	82.29	77	82.4
728	155.01	12.48	75	103.37
729	154.22	98.91	75	54.23
Drivers: 3
id	x	y	end	sensitivity
357	13.46	42.32	77	0.72
358	83.57	53.18	76	1.3
359	174.32	15.08	75	1.58
Period: 75
Tasks:11
id	x	y	end	c
730	164.97	82.22	78	67.36
731	108.54	150.57	80	51.29
732	182.44	46.96	78	98.03
733	186.45	167.47	78	109.66
734	156.52	137.29	80	67.71
735	40.27	31.27	77	91.06
736	173.26	179.84	80	108.36
737	79.67	3.5	79	98.62
738	27.52	186.77	77	113.06
739	110.34	10.43	82	90.16
740	136.14	2.96	75	103.55
Drivers: 6
id	x	y	end	sensitivity
360	60.6	37.64	78	1.68
361	40.6	197.46	76	1.33
362	18.68	58.04	77	1.21
363	112.23	74.09	77	1.7
364	173.44	114.43	77	1.37
365	178.76	52.98	77	1
Period: 76
Tasks:15
id	x	y	end	c
741	117.51	7.37	78	94.27
742	149.99	48.5	78	71.77
743	177.03	107.41	80	77.39
744	33.3	70.96	80	72.75
745	35.06	163.01	80	90.48
746	34.57	62.52	79	75.4
747	86.61	150.04	82	51.8
748	148.5	85.45	83	50.64
749	180.77	194.04	80	123.96
750	171.86	108.76	80	72.39
751	37.33	90.1	79	63.45
752	190.45	2.54	80	132.96
753	175.46	80.55	80	77.93
754	75.61	97.94	78	24.48
755	50.8	19.58	80	94.28
Drivers: 3
id	x	y	end	sensitivity
366	195.64	34.1	77	0.74
367	28.55	28.32	78	1.05
368	38.09	65.95	78	0.75
Period: 77
Tasks:7
id	x	y	end	c
756	145.01	59.05	82	60.85
757	161.56	120.48	78	64.88
758	122.06	139.44	80	45.19
759	67.71	22.51	81	83.95
760	154.16	129.8	82	61.82
761	34.11	13	81	109.14
762	68.01	191.58	81	97.01
Drivers: 3
id	x	y	end	sensitivity
369	138.12	104.45	79	0.68
370	67.11	182.17	80	1.78
371	70.29	127.37	81	1.47
Period: 78
Tasks:16
id	x	y	end	c
763	125.7	29.96	80	74.61
764	198.89	45.25	84	113.03
765	146.65	42.38	84	74.14
766	156.92	124.5	81	61.97
767	28.7	0.27	81	122.6
768	64.36	155.46	79	65.92
769	55.12	63.34	81	57.95
770	25.3	186.37	83	114.19
771	62.75	122.7	79	43.62
772	83.36	121.99	81	27.58
773	134.89	149.04	79	60.18
774	125.61	54.44	83	52.26
775	48.06	10.56	82	103.43
776	21.06	112.81	79	79.97
777	100.19	95.84	84	4.16
778	9.81	35.82	79	110.69
Drivers: 7
id	x	y	end	sensitivity
372	75.76	42.66	81	1.82
373	8.31	54.64	79	0.92
374	99.79	119.01	78	0.52
375	189.16	75.26	80	1.91
376	112.29	38.09	81	0.52
377	109.81	47.85	79	1.08
378	40.34	77.42	78	0.74
Period: 79
Tasks:9
id	x	y	end	c
779	168.26	52.33	82	83.26
780	198.45	118.24	81	100.13
781	4.79	23.84	80	121.92
782	29.88	26.63	81	101.49
783	63.37	156.18	83	67.07
784	174.33	138.93	84	83.91
785	42.47	66.23	84	66.71
786	148.69	5.5	84	106.31
787	115.47	87.25	85	20.05
Drivers: 11
id	x	y	end	sensitivity
379	35.82	17.47	81	1.85
380	5.56	130.49	82	0.55
381	132.67	9.48	81	1.4
382	197.3	169	82	1.63
383	145.77	188.25	84	0.93
384	3.68	85.78	81	1.88
385	63.75	34.1	79	1.78
386	19.55	97.18	80	0.91
387	4.99	115.4	79	1.61
388	136.69	125.11	82	0.7
389	117.21	111.28	83	1.94
Period: 80
Tasks:13
id	x	y	end	c
788	39.65	5.42	82	112.19
789	84.4	153.73	83	55.95
790	39.3	185.66	83	104.99
791	61.84	181.47	83	89.96
792	72	121.61	85	35.37
793	24.18	192.73	84	119.78
794	108.14	168.39	82	68.87
795	33.09	30.13	83	96.74
796	28.22	199.52	83	122.71
797	180.58	53.42	85	93.07
798	106.03	122.31	84	23.11
799	13.16	161.61	85	106.48
800	44.93	124.94	81	60.45
Drivers: 5
id	x	y	end	sensitivity
390	62.06	103.22	80	0.63
391	32.17	119.11	80	0.61
392	163.97	77.52	85	1.75
393	198.28	95.87	82	1.43
394	73.42	141.55	80	1.85
Period: 81
Tasks:8
id	x	y	end	c
801	137.24	44.7	84	66.67
802	178.28	7.55	83	121.14
803	124.72	52.46	82	53.58
804	15.75	104.41	84	84.37
805	119.91	67.28	84	38.3
806	40.07	12.18	84	106.32
807	72.58	54.57	84	53.06
808	71.66	56	87	52.34
Drivers: 4
id	x	y	end	sensitivity
395	179.64	26.72	82	1.95
396	155.32	80.26	85	1.9
397	21.47	172.16	83	0.82
398	199.91	100.89	82	0.84
Period: 82
Tasks:9
id	x	y	end	c
809	175.82	138.47	83	85.02
810	29.34	124.96	87	74.94
811	192.48	189.89	84	128.97
812	113.24	85.92	86	19.33
813	71.8	90.03	85	29.91
814	163.83	149.88	84	81.01
815	17.58	64.15	85	89.88
816	38.51	171.66	82	94.43
817	51.76	69.77	87	56.93
Drivers: 2
id	x	y	end	sensitivity
399	72.39	81.15	83	1.86
400	113.2	32.53	85	0.57
Period: 83
Tasks:6
id	x	y	end	c
818	142.76	95.1	84	43.04
819	27.12	193.07	87	118.21
820	142.32	87.38	85	44.16
821	162.5	14.68	85	105.76
822	170.42	99.11	83	70.43
823	90.89	6.26	84	94.18
Drivers: 6
id	x	y	end	sensitivity
401	78.77	26.02	87	0.83
402	183.19	12.57	83	1.74
403	190.9	75.53	86	0.99
404	30.65	154.82	88	1.05
405	99.56	125.76	85	1.19
406	38.27	71.2	85	0.98
Period: 84
Tasks:12
id	x	y	end	c
824	24.37	65.95	88	82.94
825	190.17	97.93	85	90.19
826	174.48	127.57	89	79.42
827	134.77	159.1	87	68.57
828	17.41	77.06	89	85.72
829	118.24	15.5	86	86.45
830	87.52	89.63	87	16.23
831	173.59	105.05	86	73.76
832	67.42	53.74	86	56.58
833	49.41	22.93	88	92.19
834	174.51	139.79	86	84.47
835	68.1	158.3	89	66.46
Drivers: 4
id	x	y	end	sensitivity
407	115.73	108.17	86	1.1
408	68.41	142.87	88	1.61
409	105.94	27.03	88	0.95
410	157.05	60.93	87	1.28
Period: 85
Tasks:8
id	x	y	end	c
836	72.23	111.29	88	29.98
837	159.02	26.72	91	94.09
838	25.71	37.42	89	97.14
839	160.25	104.41	87	60.41
840	3.71	154.35	89	110.57
841	59.49	6.34	87	102.05
842	129.2	64.12	89	46.26
843	16.38	195.34	86	126.81
Drivers: 3
id	x	y	end	sensitivity
411	185.26	45.29	85	0.85
412	77.5	19.96	86	1.26
413	81.29	18.83	87	0.67
Period: 86
Tasks:10
id	x	y	end	c
844	25.81	84.76	90	75.74
845	48.63	98.14	88	51.4
846	69.17	42.46	89	65.28
847	111.64	82.63	90	20.91
848	22.75	147.69	89	90.78
849	75.39	10.45	88	92.87
850	52.25	10.2	89	101.71
851	59.96	69.47	88	50.35
852	144.16	74.02	90	51.24
853	46.44	40.05	93	80.39
Drivers: 3
id	x	y	end	sensitivity
414	186.18	139.66	91	1.28
415	26.07	37.95	88	1.14
416	143.23	49.21	92	1.49
Period: 87
Tasks:5
id	x	y	end	c
854	4.96	33.45	91	116.02
855	22.61	87.96	89	78.32
856	156.86	198.48	90	113.72
857	116.34	51.39	91	51.28
858	76.37	29.17	89	74.67
Drivers: 2
id	x	y	end	sensitivity
417	110.13	136.17	88	1.28
418	118.29	73.99	90	0.54
Period: 88
Tasks:7
id	x	y	end	c
859	3.69	89.41	91	96.89
860	149.55	133.48	91	59.8
861	16.43	38.57	94	103.72
862	196.52	59.25	90	104.77
863	197.42	64.13	89	103.81
864	150.66	57.74	93	65.97
865	179.24	189.6	88	119.61
Drivers: 5
id	x	y	end	sensitivity
419	77.56	70.62	88	1.34
420	169.92	134.55	89	1.52
421	78.1	41.74	91	1.95
422	108.33	54.89	91	1.47
423	172.17	184.08	93	1.41
Period: 89
Tasks:10
id	x	y	end	c
866	147.83	180.17	92	93.35
867	98.71	93.17	92	6.95
868	113.77	131.56	90	34.43
869	63.99	9.35	91	97.54
870	86.08	119.62	92	24.06
871	80.89	111.84	92	22.48
872	83.08	114.19	90	22.08
873	24.95	195.08	89	121.13
874	180.41	140.36	94	89.97
875	161.28	101.33	93	61.29
Drivers: 6
id	x	y	end	sensitivity
424	46.35	151.24	90	0.64
425	140.61	116.92	91	0.77
426	126.89	5.65	90	1.83
427	8.52	91.9	90	1.18
428	13.86	1.41	91	1.05
429	186.06	1.98	92	0.64
Period: 90
Tasks:10
id	x	y	end	c
876	71.97	168.06	91	73.61
877	79.44	113.98	94	24.86
878	174.22	161.79	90	96.57
879	49.83	119.56	97	53.85
880	66.12	78.07	93	40.36
881	22.6	190.57	93	119.14
882	178.04	112.03	93	78.96
883	40.43	188.54	96	106.71
884	159.17	147.78	92	76.05
885	121.58	197.96	97	100.31
Drivers: 5
id	x	y	end	sensitivity
430	154.97	80.79	91	0.91
431	187.58	162.28	91	0.77
432	4.81	199.96	93	1.78
433	143.19	69.66	92	0.68
434	199.2	100.34	90	0.64
Period: 91
Tasks:4
id	x	y	end	c
886	152.94	9.99	103	104.42
887	4.74	195.72	94	135.04
888	157.3	158.88	95	82.16
889	59.54	10.25	95	98.45
Drivers: 5
id	x	y	end	sensitivity
435	140.3	74.29	93	1.62
436	82.05	66.15	93	1.8
437	192.62	90.08	93	0.82
438	11.74	87.35	95	0.8
439	41.51	146.11	91	1.89
Period: 92
Tasks:8
id	x	y	end	c
890	169.78	177.3	93	104.14
891	1.97	2.05	94	138.58
892	152.93	160.41	96	80.32
893	159.72	122.87	98	63.95
894	180.98	95.32	93	81.12
895	33.85	56.29	94	79.29
896	172	73.2	94	76.83
897	144.45	167.6	94	80.9
Drivers: 2
id	x	y	end	sensitivity
440	162.7	63.09	96	0.98
441	76.48	121.76	92	1.27
Period: 93
Tasks:11
id	x	y	end	c
898	109.76	114.16	96	17.2
899	117.67	35.14	98	67.22
900	19.36	120.52	98	83.21
901	83.03	3.3	96	98.18
902	195.78	45.72	94	110.09
903	195.39	164.38	97	115.08
904	28.37	100.53	94	71.63
905	96.23	32.65	96	67.46
906	91.73	70.6	96	30.54
907	40.16	105.39	96	60.08
908	23.31	68.61	96	82.87
Drivers: 9
id	x	y	end	sensitivity
442	70.64	156.45	95	1.93
443	41.66	140.04	93	0.79
444	76.43	131.8	95	1.97
445	195.53	25.86	96	0.71
446	89.09	156.3	94	1.51
447	20.32	192.78	95	1.46
448	6.48	179.6	96	1.66
449	51.68	109.63	93	1.53
450	36.19	82.84	99	1.15
Period: 94
Tasks:9
id	x	y	end	c
909	182.69	182.09	98	116.52
910	196.39	26.16	99	121.42
911	0.42	36.77	97	117.96
912	192.31	71.99	98	96.47
913	113.35	159.93	96	61.4
914	131.75	97.12	100	31.88
915	117.79	128.24	95	33.38
916	192.26	173.73	97	118.1
917	107.51	126.21	99	27.26
Drivers: 8
id	x	y	end	sensitivity
451	155.44	145.17	98	0.57
452	24.63	86.29	96	0.76
453	195.03	175.47	94	1.14
454	191.09	134.6	98	1.06
455	84.6	71.82	95	0.95
456	9.67	124.32	94	1.55
457	112.17	25.35	96	1.83
458	152.22	59.68	98	1.34
Period: 95
Tasks:19
id	x	y	end	c
918	130.87	198.65	97	103.37
919	102.51	92.59	99	7.82
920	44.78	24.61	98	93.45
921	153.08	69	95	61.47
922	5.56	164.05	99	114.11
923	199.28	70.73	97	103.5
924	15.49	174.6	99	112.73
925	21.64	88.81	99	79.15
926	88.1	97.89	98	12.09
927	50.14	56.72	97	66.02
928	107.41	26.35	101	74.02
929	120.09	122.32	95	30.03
930	58.24	126.88	98	49.66
931	138.52	36.98	97	73.86
932	167.92	2.63	100	118.72
933	148.13	66.58	96	58.6
934	31.77	2	98	119.41
935	90.84	72.14	96	29.33
936	62.75	174.03	102	82.87
Drivers: 3
id	x	y	end	sensitivity
459	197.42	133.01	100	1.59
460	41.82	194.61	95	1.94
461	56.48	176.48	100	1.23
Period: 96
Tasks:15
id	x	y	end	c
937	150.92	85.24	99	53.02
938	150.98	2.3	100	110.2
939	103.04	97.44	101	3.97
940	162.37	145.49	100	77.2
941	187.44	4.11	100	129.77
942	186.67	83.7	99	88.19
943	145.38	4.58	101	105.66
944	11.85	13.94	102	123.19
945	3.16	12.56	97	130.48
946	70.84	151.11	101	58.84
947	1.04	48.82	99	111.41
948	86.55	190.32	99	91.32
949	132.85	171.6	98	78.78
950	56.17	4.53	98	105.05
951	67.7	45.75	101	63.14
Drivers: 0
id	x	y	end	sensitivity
Period: 97
Tasks:16
id	x	y	end	c
952	49.88	84.07	99	52.59
953	123.58	13.08	99	90.06
954	185.04	70	98	90.18
955	66.74	170.27	98	77.74
956	116.76	78.13	102	27.55
957	116.65	173.52	98	75.38
958	103.7	169.91	99	70.01
959	113.45	100.12	99	13.45
960	30.68	173.65	100	101.14
961	40.92	126.6	99	64.79
962	82.66	38.08	104	64.3
963	124.62	130.65	103	39.31
964	178.2	101.01	100	78.21
965	185.22	39.14	98	104.72
966	91.42	31.22	101	69.31
967	46.31	169.5	99	87.82
Drivers: 4
id	x	y	end	sensitivity
462	157.27	48.36	101	1.55
463	91.75	17.2	98	0.67
464	112.71	20.45	102	1.7
465	88.79	170.48	97	0.84
Period: 98
Tasks:4
id	x	y	end	c
968	100.82	96.08	99	4
969	149.38	189.26	101	102.01
970	30.45	59.92	102	80.27
971	83.8	45.59	98	56.77
Drivers: 4
id	x	y	end	sensitivity
466	12.03	154.91	102	1.93
467	164.83	134.73	98	1.24
468	138.56	2.28	102	0.82
469	79.92	137.59	99	1.16
Period: 99
Tasks:5
id	x	y	end	c
972	10.94	56.34	104	99.19
973	29.32	55.13	102	83.72
974	46.63	163.35	102	82.83
975	163.73	145.28	101	78.18
976	175.57	114.66	109	76.98
Drivers: 7
id	x	y	end	sensitivity
470	184.15	103.9	103	1.37
471	167.89	27.77	102	1.07
472	56.21	175.3	101	1.88
473	66.75	20.19	101	0.66
474	107.59	48.42	102	1.33
475	196.66	96.88	99	1.89
476	57.02	174.17	101	0.87
Period: 100
Tasks:3
id	x	y	end	c
977	34.25	45.02	104	85.71
978	53.37	12.57	104	99.09
979	114.19	34.95	102	66.58
Drivers: 7
id	x	y	end	sensitivity
477	100.58	122.84	101	0.88
478	123.38	136.53	104	0.66
479	36.08	6.93	100	0.92
480	26.34	186.72	102	1.19
481	80.9	19.58	102	1.64
482	127.3	49.48	102	0.58
483	65.44	4.52	100	1.11
