Periods: 100
Task Arrival Rate: 10
Task Average Time: 2
Driver Arrival Rate: 5
Driver Average Time: 2
Period: 1
Tasks:10
id	x	y	end	c
1	106.26	162.19	5	62.5
2	21.5	151.45	2	93.86
3	69.71	36.16	1	70.66
4	11.09	8.61	3	127.5
5	0.44	171.35	1	122.49
6	47.12	153.32	5	75.1
7	116.51	48.13	1	54.43
8	25.5	152.89	2	91.37
9	163.92	6.3	3	113.43
10	14.52	49.35	3	99.36
Drivers: 9
id	x	y	end	sensitivity
1	29.4	190.43	3	0.74
2	49.3	112.13	3	1.16
3	41.73	119.15	3	1.12
4	40.66	77.41	1	1.26
5	119.44	189.49	1	1.96
6	74.86	133.2	2	1.69
7	90.21	67.6	5	1.11
8	71.31	140.33	1	1.28
9	136.52	26.65	4	0.78
Period: 2
Tasks:8
id	x	y	end	c
11	51.01	85.36	4	51.13
12	26.36	66.7	6	80.82
13	63.57	25.84	4	82.62
14	68.38	106.37	6	32.26
15	116.17	198.57	2	99.89
16	31.42	64.57	2	77.19
17	108.3	29.67	2	70.82
18	166.75	33.89	3	93.95
Drivers: 8
id	x	y	end	sensitivity
10	25.59	153.11	4	1.61
11	52.06	18.77	2	1.46
12	111.68	167.04	5	1.51
13	43.31	152.48	4	0.77
14	65.9	66.22	6	1.41
15	182.1	77.4	4	1.96
16	20.71	96.99	2	1.39
17	62.08	195.13	3	1.12
Period: 3
Tasks:9
id	x	y	end	c
19	63.72	40.91	3	69.34
20	183.59	4.11	5	127.21
21	113.94	75.67	4	28.04
22	196.41	166.89	5	117.34
23	163.14	130.54	7	70.14
24	157.34	10.67	6	106.15
25	130.54	151.69	4	60.04
26	191.99	21.08	3	121.2
27	133.06	93.96	6	33.61
Drivers: 6
id	x	y	end	sensitivity
18	124.28	146.52	4	1.4
19	77.96	72.46	5	0.86
20	101.85	11.84	5	1.2
21	190.76	136.69	6	1.21
22	157.92	27.09	4	1.3
23	0.76	180.77	4	1.8
Period: 4
Tasks:13
id	x	y	end	c
28	144.87	175.77	6	88.06
29	44.54	100.93	7	55.47
30	107.1	49.87	7	50.63
31	42.17	138.06	7	69.23
32	160.84	190.13	6	108.74
33	70.44	112.73	5	32.18
34	40.55	23.9	5	96.57
35	12.19	86.87	7	88.79
36	137.31	20.98	5	87.39
37	109.75	34.29	6	66.43
38	132.13	123.82	4	40
39	197.93	115.15	6	99.09
40	55.76	41.8	7	73.11
Drivers: 11
id	x	y	end	sensitivity
24	64.29	52.29	5	0.59
25	184.58	126.74	5	1.62
26	194.68	50.03	6	1.2
27	119.97	2.92	7	0.85
28	54.51	44.87	5	1.42
29	186.83	60.62	6	1.52
30	137.73	85.83	6	0.84
31	153.55	143.9	8	1.3
32	82.63	138.31	5	0.77
33	183.87	182	6	0.63
34	154.8	76.63	8	1.85
Period: 5
Tasks:15
id	x	y	end	c
41	169.5	125.87	8	74.16
42	153.5	44.58	7	77.03
43	57.46	162.19	6	75.35
44	180.79	103.89	9	80.88
45	122.15	127.99	10	35.69
46	104.67	19.62	7	80.52
47	9.91	25.9	5	116.65
48	129.6	59.15	7	50.45
49	36.01	11.84	7	108.94
50	177.17	50.78	5	91.53
51	9.46	76.92	6	93.44
52	164.43	68.68	6	71.64
53	68.23	190.19	7	95.62
54	63.8	78.04	9	42.34
55	11.55	10.44	5	125.87
Drivers: 4
id	x	y	end	sensitivity
35	194.34	165.2	6	1.86
36	33.75	153.04	9	0.54
37	80.12	54.33	8	0.6
38	117.92	23.53	6	1.07
Period: 6
Tasks:10
id	x	y	end	c
56	30.22	61.03	7	79.92
57	145.23	81.3	7	48.94
58	36.85	154.46	8	83.39
59	137.43	4.58	9	102.5
60	156.49	27.85	6	91.63
61	59.71	47.57	7	66.12
62	76.15	194.32	8	97.29
63	121.49	80.26	8	29.18
64	14.63	90.05	9	85.95
65	6.28	146.76	9	104.74
Drivers: 5
id	x	y	end	sensitivity
39	191.95	88	7	1.01
40	45.18	172.22	9	1.33
41	127.27	173.26	9	1.06
42	157.59	104.58	9	2
43	119.19	119.11	9	1.39
Period: 7
Tasks:11
id	x	y	end	c
66	34.28	132.72	9	73.41
67	168.61	93.84	10	68.89
68	168.72	34.05	8	95.25
69	185.76	62	7	93.8
70	2.67	7.13	11	134.53
71	57.35	43.53	9	70.77
72	131.13	138.85	7	49.78
73	40.37	30.12	11	91.86
74	48.54	97.17	9	51.54
75	130.73	160.13	8	67.53
76	153.25	140.1	7	66.66
Drivers: 4
id	x	y	end	sensitivity
44	140.86	84.9	9	0.68
45	21.16	51.65	7	1.91
46	46.28	73.13	8	1.67
47	53.43	146.71	9	0.67
Period: 8
Tasks:13
id	x	y	end	c
77	3.46	105.67	9	96.71
78	193.18	47.5	11	106.95
79	148.15	106.08	10	48.53
80	195.09	170.76	9	118.53
81	51.63	82.92	8	51.3
82	66.44	10.25	11	95.82
83	28.46	11.26	11	113.99
84	70.5	38.43	12	68.27
85	38.57	152.32	9	80.69
86	75.89	146.26	10	52.17
87	47.46	116.24	12	54.99
88	67.56	26.11	15	80.7
89	195.93	70.34	8	100.41
Drivers: 7
id	x	y	end	sensitivity
48	108.55	94.51	12	0.56
49	168.36	34.44	9	1.8
50	51.47	174.79	9	1.09
51	168.95	149.43	14	1.69
52	143.76	55.22	16	1.37
53	9.5	177	9	1.2
54	178.07	145.68	12	1.58
Period: 9
Tasks:9
id	x	y	end	c
90	80.99	160.38	12	63.3
91	147.23	70.87	12	55.49
92	61.04	102.94	13	39.07
93	108.87	97.56	12	9.2
94	39.78	86.87	12	61.63
95	158.73	18.5	10	100.46
96	138.8	140.42	14	56.03
97	186.96	20.13	12	118.07
98	146.89	126.33	12	53.78
Drivers: 3
id	x	y	end	sensitivity
55	120.04	123.46	11	1.06
56	13.22	131.27	11	1.62
57	188.25	138.87	14	0.91
Period: 10
Tasks:8
id	x	y	end	c
99	135.41	32.01	10	76.66
100	197.7	120.49	10	99.83
101	49.23	47.51	12	73.03
102	91.23	108.52	14	12.23
103	28.14	197.02	11	120.73
104	98.67	61.75	11	38.27
105	114.65	81.28	10	23.77
106	64.74	25.69	11	82.25
Drivers: 5
id	x	y	end	sensitivity
58	82.41	129.56	13	1.52
59	62.29	90.58	10	0.79
60	20.83	60.55	11	1.72
61	68.98	27.4	13	1.53
62	132.2	185	12	1.34
Period: 11
Tasks:9
id	x	y	end	c
107	171.66	45.74	12	89.88
108	193.46	7.17	13	131.73
109	77.32	111.02	12	25.22
110	104.29	67.69	15	32.59
111	78.16	53.73	13	51.17
112	182.97	81.54	11	85
113	148.17	108.68	11	48.95
114	40.33	10.51	13	107.56
115	93.38	147.99	16	48.44
Drivers: 8
id	x	y	end	sensitivity
63	125.59	167	12	1.86
64	117.75	193.43	14	1.23
65	61.6	47.42	14	1.14
66	71.49	85.33	13	1.85
67	95.43	42.05	12	0.84
68	143.38	142.12	13	1.45
69	164.84	67.23	14	0.9
70	119.97	167.04	12	1.77
Period: 12
Tasks:15
id	x	y	end	c
116	165.9	26.4	15	98.79
117	133.85	31.96	21	76
118	85.67	171.67	15	73.09
119	101.39	28.14	16	71.87
120	111.71	17.07	15	83.75
121	64.08	192.61	14	99.33
122	23.77	77.6	14	79.45
123	10.33	10.83	12	126.46
124	29.82	74.79	14	74.57
125	89.77	143.58	13	44.76
126	110.15	134.69	14	36.14
127	24.55	79.87	13	78.09
128	123.36	96.24	15	23.66
129	115.3	170.6	12	72.24
130	101.93	52.27	13	47.77
Drivers: 7
id	x	y	end	sensitivity
71	56.15	172.44	16	1.2
72	186.69	74.23	14	1.02
73	86.36	106.5	14	1.97
74	184.16	184.58	16	0.92
75	81.87	108.61	12	1.94
76	125.92	174.36	13	1.19
77	149.19	3.35	14	1.79
Period: 13
Tasks:11
id	x	y	end	c
131	197.69	10.94	14	132.19
132	63.55	92.94	18	37.13
133	63.51	60.76	15	53.58
134	142.49	112.5	15	44.29
135	197.59	16.71	15	128.3
136	115.33	185.37	15	86.74
137	37.54	168.5	13	92.7
138	176.81	24.68	16	107.58
139	28.21	42.19	15	92.17
140	129.81	108.98	15	31.13
141	70.37	90.99	16	30.97
Drivers: 4
id	x	y	end	sensitivity
78	190.17	150.15	13	0.83
79	166.78	165.11	15	0.77
80	48.02	181.66	16	1.6
81	163.08	186.35	16	0.6
Period: 14
Tasks:9
id	x	y	end	c
142	115.46	186.6	16	87.97
143	60	141.9	14	57.93
144	108.75	170.88	15	71.42
145	194.36	42.4	16	110.55
146	174.71	58.19	16	85.61
147	22.01	98.97	15	78
148	94.58	161.59	17	61.83
149	122.03	53.72	17	51.26
150	128.66	182.32	21	87.17
Drivers: 4
id	x	y	end	sensitivity
82	179.46	77.97	14	1.29
83	89.5	186.82	14	1.23
84	54.55	154.85	17	1.9
85	78.33	130.17	17	0.94
Period: 15
Tasks:10
id	x	y	end	c
151	57.24	186.39	18	96.39
152	6.01	24.82	18	120.36
153	51.96	2	16	109.14
154	187.26	55.44	19	97.98
155	55.36	21.84	18	90.01
156	199.3	178.24	16	126.42
157	10.04	34.01	18	111.57
158	69.16	119.58	19	36.53
159	68.74	159.88	16	67.55
160	146.79	119.72	16	50.78
Drivers: 4
id	x	y	end	sensitivity
86	47.16	6.71	18	1.36
87	12.45	158.96	16	0.52
88	73.54	26.52	17	1.77
89	13.38	153.52	17	1.6
Period: 16
Tasks:7
id	x	y	end	c
161	33.3	2.37	17	118.24
162	85.65	140.41	19	42.88
163	38.57	94.88	20	61.64
164	29.15	58.19	18	82.27
165	183.57	81.93	18	85.5
166	87.68	145.85	19	47.48
167	167.72	161.48	20	91.46
Drivers: 7
id	x	y	end	sensitivity
90	22.19	88.06	17	1.77
91	91.41	101.57	19	1.23
92	92.1	187.24	18	0.64
93	197.56	172.09	19	1.24
94	163.41	55.38	18	0.98
95	178.51	26.92	18	1.48
96	119.39	114.97	21	1.56
Period: 17
Tasks:7
id	x	y	end	c
168	121.97	95.3	18	22.47
169	13.79	158.48	17	104.17
170	123.31	61.57	17	44.95
171	157.57	28.13	19	92.08
172	176.95	107.69	18	77.33
173	174.22	132.5	18	81.02
174	132.48	66.08	18	46.96
Drivers: 6
id	x	y	end	sensitivity
97	33.4	115.64	18	0.8
98	120.92	148.36	19	1.26
99	112.56	72.72	20	2
100	194.33	190.39	19	1.09
101	156.07	20.29	17	1.86
102	15.8	3.11	18	1.1
Period: 18
Tasks:6
id	x	y	end	c
175	123.58	8.79	18	94.21
176	148.89	143.58	20	65.49
177	101.61	127.68	18	27.73
178	87.96	161.15	19	62.32
179	191.19	128.94	20	95.67
180	16.79	37.48	21	104.08
Drivers: 5
id	x	y	end	sensitivity
103	175.26	187.55	20	1.53
104	52.52	132.34	19	0.77
105	144.45	193.51	22	1.13
106	140.83	129.65	21	1.3
107	191.45	158.18	18	1.96
Period: 19
Tasks:3
id	x	y	end	c
181	8.44	183.51	22	123.92
182	43.4	159.66	22	82.24
183	139.03	56.38	20	58.53
Drivers: 3
id	x	y	end	sensitivity
108	106.88	50.03	20	0.9
109	72.53	43.46	19	1.01
110	146.48	129.41	20	0.61
Period: 20
Tasks:4
id	x	y	end	c
184	146.24	128.98	22	54.57
185	132.81	159.39	20	67.85
186	133.09	156.88	21	65.8
187	92.41	196.02	23	96.32
Drivers: 6
id	x	y	end	sensitivity
111	152.31	9.72	24	1.73
112	187.5	180.74	20	0.96
113	152.83	164.23	21	1.91
114	22.1	49.66	22	1.94
115	155.27	130.36	20	0.93
116	60.86	192.4	22	1.39
Period: 21
Tasks:10
id	x	y	end	c
188	77.73	89.16	25	24.77
189	114.95	26.18	22	75.32
190	152.73	78.62	21	56.9
191	64.26	4.75	21	101.73
192	16.89	35.78	22	105.03
193	154.58	63.92	25	65.43
194	120.7	196.9	21	99.09
195	91.58	64.73	21	36.26
196	46.8	192.33	21	106.56
197	146.08	59.35	23	61.45
Drivers: 5
id	x	y	end	sensitivity
117	183.81	52.45	22	1.72
118	114.42	71.61	23	0.82
119	75.85	58.87	26	1.91
120	117.44	38.01	23	1.5
121	146.38	99.75	25	0.8
Period: 22
Tasks:9
id	x	y	end	c
198	185.65	100.79	23	85.65
199	125.35	122.65	26	33.99
200	100.29	63.74	25	36.26
201	80.38	69.84	23	35.98
202	55.27	164	24	78.08
203	112.55	65.26	24	36.94
204	0.23	19.74	24	128.05
205	16.55	126.66	23	87.61
206	138.62	21.23	27	87.73
Drivers: 6
id	x	y	end	sensitivity
122	187.51	132.79	23	0.63
123	51.52	20.68	26	1.7
124	158.7	144.47	26	0.77
125	103.66	107.19	25	1.67
126	63.33	84.8	25	1.66
127	6.5	131.83	23	0.97
Period: 23
Tasks:13
id	x	y	end	c
207	144.75	64.08	25	57.38
208	31.7	107.58	27	68.72
209	159.98	130.31	26	67.2
210	146.54	161.1	24	76.81
211	131.2	143.89	26	53.85
212	174.71	176.86	25	107.19
213	15.01	89.68	28	85.61
214	103.22	82.01	24	18.28
215	36.94	49.75	26	80.63
216	60.79	187.93	24	96.28
217	54.37	185.11	23	96.57
218	158.43	62.97	27	69.18
219	41.36	192.82	24	109.79
Drivers: 6
id	x	y	end	sensitivity
128	80.43	160.77	27	1.97
129	175.46	191.01	24	1.1
130	126.65	54.01	24	1.98
131	51.03	42.11	26	1.11
132	117.48	30.64	24	1.2
133	60.79	191.43	28	1.32
Period: 24
Tasks:9
id	x	y	end	c
220	84.66	121.38	25	26.31
221	169.15	45.42	25	88.09
222	175.71	76.22	26	79.36
223	109.54	149.98	25	50.88
224	65.29	104.69	26	35.03
225	82.58	185.02	27	86.79
226	58.28	51.76	25	63.78
227	155.11	179.34	25	96.6
228	182.07	129.81	27	87.32
Drivers: 2
id	x	y	end	sensitivity
134	78.45	128.89	25	0.84
135	199.19	113.69	29	0.99
Period: 25
Tasks:13
id	x	y	end	c
229	96.06	118.66	27	19.07
230	15.73	145.57	27	95.8
231	104.82	181.75	28	81.89
232	62.09	145.57	26	59.28
233	41.59	99.64	32	58.41
234	91.32	95.27	27	9.89
235	63.64	113.47	25	38.77
236	138.32	42.98	27	68.7
237	160.52	81.55	28	63.27
238	135.5	146.02	28	58.12
239	182.61	171.91	26	109.52
240	93.05	35.19	27	65.18
241	55.01	119.6	26	49.07
Drivers: 1
id	x	y	end	sensitivity
136	0.31	61.64	25	1.27
Period: 26
Tasks:8
id	x	y	end	c
242	165.17	149.27	28	81.7
243	33.47	172.48	28	98.38
244	47.53	129.2	30	60.05
245	132.71	126.37	28	42.02
246	147.82	141.95	27	63.61
247	125.53	39.09	28	66.04
248	182.96	179.92	30	115.19
249	57.01	77.48	28	48.53
Drivers: 5
id	x	y	end	sensitivity
137	127.4	9.97	28	1.39
138	165.87	194.35	29	1.61
139	178.97	194.77	28	0.86
140	104.45	22.73	27	0.89
141	181.97	139.59	28	1.86
Period: 27
Tasks:11
id	x	y	end	c
250	72.58	143.4	29	51.34
251	143.8	36.24	30	77.35
252	17.45	26.22	28	110.72
253	173	194.84	29	119.68
254	180.71	42.57	29	99.06
255	120.74	134.63	28	40.37
256	80.03	143.46	27	47.83
257	172.84	114.98	28	74.36
258	117.33	179.77	27	81.63
259	121.52	106.16	31	22.38
260	32.95	2.02	27	118.73
Drivers: 8
id	x	y	end	sensitivity
142	22.84	114.21	30	1.77
143	30.55	165.86	29	1.42
144	121.84	80.09	28	1.49
145	15.16	158.46	28	1.22
146	57.06	35.08	29	0.58
147	121.7	28.85	28	1.22
148	16.74	90.34	29	0.69
149	177.44	16.19	29	0.88
Period: 28
Tasks:2
id	x	y	end	c
261	74.48	19.54	30	84.41
262	57.54	150.57	28	66.03
Drivers: 7
id	x	y	end	sensitivity
150	74.84	61.51	29	1.04
151	174.46	28.5	31	1.97
152	107.19	174.58	31	0.76
153	85.51	54.03	34	0.72
154	4.65	14.44	32	1.86
155	11.46	59.23	29	1.04
156	145.38	40.28	29	1.81
Period: 29
Tasks:5
id	x	y	end	c
263	11.87	9.91	36	126.03
264	113.76	190.77	33	91.81
265	174.58	198.45	33	123.51
266	78.83	119.28	31	28.63
267	139.84	142.42	32	58.2
Drivers: 7
id	x	y	end	sensitivity
157	194.67	54.35	31	0.56
158	40.66	171.42	29	1.06
159	166.9	112.12	33	1.19
160	178.46	119.02	31	1.05
161	60.56	20.42	32	1.06
162	191.9	166.6	31	0.75
163	12.6	138.09	33	1.35
Period: 30
Tasks:7
id	x	y	end	c
268	149.49	51	31	69.64
269	3.04	30.24	31	119.45
270	188.39	56.16	32	98.66
271	189.61	43.91	31	105.72
272	165.04	52.56	34	80.5
273	174.87	29.44	30	102.88
274	164.57	153.16	33	83.64
Drivers: 3
id	x	y	end	sensitivity
164	98.5	65.39	31	1.79
165	183.99	175.87	32	0.83
166	137.33	162.28	30	0.74
Period: 31
Tasks:9
id	x	y	end	c
275	126.06	89.1	31	28.25
276	51.14	6.49	31	105.51
277	179.25	84.51	35	80.75
278	42.98	75.79	31	61.95
279	56.81	24.17	35	87.27
280	138.34	43.5	34	68.28
281	122.17	28.38	34	74.97
282	89.78	18.85	33	81.79
283	136.33	178.13	34	86.16
Drivers: 6
id	x	y	end	sensitivity
167	114.95	113.93	33	1.56
168	91.57	85.02	37	1.72
169	25.69	163.85	31	0.61
170	86.54	135.96	31	1.11
171	62.73	74.25	32	0.65
172	185.3	175.12	33	1.78
Period: 32
Tasks:9
id	x	y	end	c
284	34.15	186.15	34	108.43
285	14.13	199.32	34	131.29
286	166.75	197.88	34	118.47
287	46.52	175.21	33	92.29
288	82	17.18	35	84.75
289	172.28	80.13	34	74.96
290	120.03	49.97	38	53.89
291	50.69	17.67	34	95.97
292	51.5	125.17	33	54.64
Drivers: 6
id	x	y	end	sensitivity
173	9.15	99.26	34	1.69
174	133.21	41.45	35	1.08
175	18.29	30.44	32	0.94
176	124.38	157.27	33	0.56
177	177.74	79.81	35	1.79
178	136.3	187.5	37	1.92
Period: 33
Tasks:9
id	x	y	end	c
293	58.27	66.81	35	53.32
294	142.41	173.69	34	85.02
295	144.14	161.26	34	75.51
296	33.67	119.69	34	69.19
297	181.37	115.93	34	82.91
298	56.83	62.27	35	57.33
299	83.1	182.31	36	84.03
300	19.79	98.65	33	80.22
301	177.47	138.39	35	86.46
Drivers: 5
id	x	y	end	sensitivity
179	132.58	129.51	36	1.78
180	196.9	62.03	35	0.78
181	61.66	179.55	34	1.59
182	5.68	15.6	34	0.66
183	144.3	151.1	37	1.11
Period: 34
Tasks:9
id	x	y	end	c
302	57.49	86.79	37	44.52
303	156.46	186.99	35	103.71
304	173.2	42.3	37	93.21
305	26.53	53.55	35	86.92
306	65.5	94.03	35	35.01
307	194.4	74.08	36	97.89
308	131.57	73.47	38	41.24
309	131.08	75.24	35	39.74
310	63.98	39.16	37	70.7
Drivers: 4
id	x	y	end	sensitivity
184	89.29	178.57	36	1.45
185	197.52	33.79	35	1.82
186	46.09	97.6	36	0.9
187	120.04	165.68	37	1.88
Period: 35
Tasks:10
id	x	y	end	c
311	81.89	20.32	38	81.71
312	141.86	66.08	37	53.88
313	162.6	67.26	37	70.64
314	146.22	130.89	36	55.59
315	185.48	61.81	37	93.62
316	196.14	194.19	37	134.59
317	86.29	58.57	39	43.64
318	104.89	71.23	37	29.18
319	46.87	26.88	36	90.38
320	60.1	132.95	39	51.75
Drivers: 5
id	x	y	end	sensitivity
188	178.79	2.45	37	1.88
189	95.96	193.46	35	1.23
190	181.63	32.77	36	1.83
191	71.1	82.45	36	1.62
192	158.11	2.46	37	0.62
Period: 36
Tasks:11
id	x	y	end	c
321	141.13	12.18	37	96.97
322	23.42	62.22	37	85.39
323	130.98	20.68	37	85.16
324	63.27	17.22	42	90.56
325	96.62	64.02	36	36.14
326	155.14	134.67	37	65.13
327	152.83	179.09	37	95.11
328	93	169.93	37	70.28
329	98.17	26.74	38	73.28
330	137.63	33.57	37	76.35
331	140.01	158.08	37	70.53
Drivers: 6
id	x	y	end	sensitivity
193	168.48	20.56	39	1.95
194	171.94	108.13	39	1.08
195	116.45	105.98	38	1.66
196	179.94	180.49	38	0.88
197	198.85	64.37	38	0.78
198	174.63	152.37	37	0.6
Period: 37
Tasks:7
id	x	y	end	c
332	58.68	175.5	38	86.07
333	2.08	41.67	43	113.98
334	138.89	134.17	41	51.77
335	79.77	79.13	39	29.07
336	109.76	21.05	38	79.55
337	58.63	108	38	42.14
338	55.3	189.88	38	100.38
Drivers: 6
id	x	y	end	sensitivity
199	177.73	135.37	39	0.52
200	12.36	42.85	40	1.58
201	125.06	126.18	38	1.88
202	93.9	0.31	38	1.34
203	195.51	194.63	37	0.96
204	154.02	63.33	39	1.05
Period: 38
Tasks:7
id	x	y	end	c
339	188.73	70.17	39	93.61
340	190.26	1.86	42	133.34
341	90.95	57.53	42	43.42
342	86.51	114.3	40	19.66
343	168.8	196.91	40	118.85
344	153.39	151.39	42	74.1
345	55	194.58	43	104.74
Drivers: 3
id	x	y	end	sensitivity
205	59.08	179.48	43	1.14
206	103.47	191.94	38	1.45
207	104.34	63.39	41	1.23
Period: 39
Tasks:6
id	x	y	end	c
346	192.35	42.41	39	108.84
347	55.4	24.25	42	87.9
348	171.9	133.81	42	79.45
349	37.91	175.82	42	98
350	114.27	84.58	41	21.01
351	49.94	87.43	42	51.61
Drivers: 4
id	x	y	end	sensitivity
208	9.7	104.3	42	1.33
209	38.78	79.98	39	1.86
210	9.15	165.05	41	1.37
211	33.54	20.93	41	1.55
Period: 40
Tasks:14
id	x	y	end	c
352	82.59	67.92	40	36.5
353	135.9	96.81	42	36.04
354	0.51	58.35	42	107.86
355	156.7	145.31	43	72.58
356	49.49	16.6	41	97.5
357	130.61	36.85	41	70.18
358	124.17	61.19	40	45.72
359	193.15	154.81	42	108.08
360	141.08	5.57	44	102.98
361	98.3	163.53	41	63.55
362	137.46	136.88	40	52.57
363	3.85	66.21	40	101.91
364	175.77	158.47	43	95.71
365	95.99	146.07	44	46.24
Drivers: 9
id	x	y	end	sensitivity
212	121.57	147.77	43	1.64
213	22.57	60.73	41	0.81
214	69.47	132.28	42	1.43
215	167.34	75.96	42	1.33
216	25.26	78.64	41	1.84
217	127.51	152.51	42	0.54
218	103.45	172.71	41	1.88
219	150.55	199.53	44	0.77
220	15.13	138.21	40	1.52
Period: 41
Tasks:10
id	x	y	end	c
366	18.61	177.72	42	112.54
367	11.91	192.87	42	128
368	57.11	67.83	43	53.61
369	79.49	177.8	43	80.46
370	121.59	26.33	42	76.77
371	176.8	101.79	44	76.82
372	115.43	17.69	43	83.74
373	50.49	131.68	42	58.78
374	19.87	161.47	42	100.99
375	61.51	8.63	43	99.15
Drivers: 8
id	x	y	end	sensitivity
221	127.04	163.77	41	0.65
222	115.23	173.81	43	1.53
223	78.47	100.34	44	0.56
224	184.07	84.69	42	1.96
225	56.17	73.58	43	0.53
226	53.79	73.99	45	0.6
227	109.83	6.43	44	1.04
228	169.77	61.18	42	0.64
Period: 42
Tasks:10
id	x	y	end	c
376	16.59	3.47	45	127.57
377	0.99	147.14	42	109.66
378	39.63	155.66	42	82.11
379	28.87	75.17	45	75.34
380	161.02	7.96	46	110.43
381	180.93	143.21	42	91.74
382	106.38	93.42	43	9.17
383	157.48	129.4	43	64.56
384	164.92	127.69	42	70.58
385	137.74	37.59	44	72.93
Drivers: 5
id	x	y	end	sensitivity
229	49.31	100.11	47	0.99
230	70.69	3.94	43	0.86
231	80.9	39.6	44	0.51
232	153.36	15.92	44	1.45
233	81.55	6.92	45	1.94
Period: 43
Tasks:13
id	x	y	end	c
386	191.69	8.86	46	129.28
387	148.01	77.84	44	52.88
388	188.42	195.57	45	130.2
389	67.39	176.32	43	82.99
390	26.46	89.54	44	74.28
391	97.49	119.09	45	19.25
392	146.32	123	50	51.72
393	181.25	1.67	44	127.56
394	1.38	8.24	47	134.71
395	155.96	101.26	45	55.97
396	177.43	39.02	45	98.56
397	79.83	172.48	44	75.23
398	50.16	94.58	47	50.13
Drivers: 4
id	x	y	end	sensitivity
234	119.4	140.24	47	1.17
235	62.85	135.95	45	1.75
236	180.24	141.86	43	0.62
237	86.12	100.63	45	1.36
Period: 44
Tasks:12
id	x	y	end	c
399	132.59	15.95	45	90.15
400	81.37	84.77	46	24.06
401	128.31	72.71	45	39.32
402	178.28	183.5	44	114.46
403	156.59	185.83	49	102.81
404	57.52	56.7	45	60.66
405	170.12	157.11	45	90.43
406	195.83	108.03	46	96.17
407	144.59	84.36	44	47.25
408	25.1	33.05	45	100.46
409	182.53	151.24	45	97.14
410	92.17	173.7	46	74.11
Drivers: 3
id	x	y	end	sensitivity
238	122.19	189.25	45	1.74
239	158.9	97.49	45	1.18
240	156.41	29.36	45	1.88
Period: 45
Tasks:15
id	x	y	end	c
411	108.7	185.21	48	85.65
412	137.02	17.63	46	90.31
413	163.07	95.75	46	63.21
414	47.47	47.1	46	74.55
415	78.33	6.1	46	96.37
416	158.49	158.7	48	82.87
417	10.89	173.45	46	115.48
418	139.62	191.61	45	99.81
419	76.34	40.98	46	63.59
420	73.93	92.04	46	27.26
421	139.13	183.3	47	92.03
422	84.3	103.41	49	16.07
423	177.68	109.78	47	78.29
424	155.49	147.06	46	72.76
425	3.49	29.53	46	119.5
Drivers: 4
id	x	y	end	sensitivity
241	0.39	87.76	51	1.61
242	81.64	45.46	46	1.12
243	189.34	41.51	47	1.23
244	22.09	151.36	45	1.66
Period: 46
Tasks:10
id	x	y	end	c
426	135.63	167.8	47	76.59
427	149.55	158.48	46	76.65
428	114.86	49.64	50	52.51
429	33.59	192.77	48	114.09
430	94.68	44.27	47	55.98
431	109.75	158.52	49	59.33
432	135.14	36.81	48	72.3
433	143.42	60.72	47	58.55
434	52.14	32.58	47	82.68
435	47.65	117.4	47	55.17
Drivers: 6
id	x	y	end	sensitivity
245	142.31	104.06	48	0.82
246	189.58	114.45	47	1.39
247	153.43	30.89	49	0.95
248	53.36	65.32	47	1.34
249	56.78	168.83	48	1.82
250	9.5	28.56	49	0.75
Period: 47
Tasks:11
id	x	y	end	c
436	77.78	58.32	52	47.23
437	71.91	69.5	48	41.46
438	188.6	4.81	48	130.04
439	0.4	16.14	50	130.2
440	74.43	163.68	48	68.62
441	36.27	132.52	51	71.55
442	113.69	76.61	49	27.1
443	172.8	99.88	47	72.8
444	73.01	35.32	50	70.09
445	193.71	186.63	52	127.62
446	144.08	73.62	47	51.37
Drivers: 3
id	x	y	end	sensitivity
251	129.89	119.98	49	1.73
252	123.9	126.56	48	0.55
253	153.98	75.04	47	1.35
Period: 48
Tasks:8
id	x	y	end	c
447	11	65.51	50	95.45
448	101.64	144.73	49	44.76
449	162.42	146.96	53	78.11
450	181.26	147.67	50	94.21
451	173.58	97.53	50	73.62
452	48.08	42.41	48	77.54
453	194.39	148.26	50	106.01
454	76.03	170.93	51	74.87
Drivers: 8
id	x	y	end	sensitivity
254	107.37	126.11	49	0.88
255	7.27	52.03	52	1.06
256	82.86	59.31	48	1.14
257	6.59	24.34	50	1.48
258	159.75	195.58	50	1.62
259	55.01	82.61	53	1.39
260	189.24	129.43	50	1.45
261	65.8	92.78	51	1.04
Period: 49
Tasks:12
id	x	y	end	c
455	168.39	133.62	50	76.21
456	35.78	55.29	50	78.25
457	106.99	148.02	49	48.53
458	164.66	75.01	51	69.32
459	192.3	113.63	51	93.3
460	98.64	199.04	52	99.05
461	197.51	62.27	49	104.56
462	181.73	35.52	49	104.1
463	46.98	191.84	50	106.05
464	39.89	40.61	51	84.5
465	86.12	157.72	51	59.37
466	34.81	151.98	54	83.38
Drivers: 4
id	x	y	end	sensitivity
262	6.47	61.17	51	1.7
263	187.08	147.62	50	0.78
264	129.59	94.23	49	1.8
265	126.75	88.43	53	0.8
Period: 50
Tasks:7
id	x	y	end	c
467	131.05	31.94	53	74.81
468	198.53	130.7	53	103.2
469	35.28	39.7	55	88.46
470	77.88	155.97	52	60.18
471	145.9	153.12	54	70.2
472	73.18	72.32	51	38.54
473	47.9	16.55	52	98.38
Drivers: 6
id	x	y	end	sensitivity
266	167	197.45	57	0.52
267	9.62	137.19	51	0.7
268	138.43	71.9	54	1.18
269	81.9	37.76	54	1.27
270	76.41	113.23	55	0.91
271	179.71	62.79	53	1.99
Period: 51
Tasks:6
id	x	y	end	c
474	80.69	168.68	54	71.34
475	19.71	199.57	53	127.91
476	6.54	190.67	53	130.21
477	30.05	2.24	53	120.21
478	4.94	85.32	52	96.19
479	132.58	129.08	51	43.67
Drivers: 7
id	x	y	end	sensitivity
272	147.5	132.28	53	1.52
273	0.86	28.91	53	0.73
274	87.12	64.27	54	1.99
275	19.27	100	52	1.82
276	76.32	132.57	53	1.57
277	132.59	73.61	51	1.96
278	183.88	49.9	53	1.83
Period: 52
Tasks:19
id	x	y	end	c
480	136.95	15.23	54	92.47
481	40.32	41.45	55	83.61
482	62.48	72.76	56	46.37
483	151.8	37.85	53	80.91
484	10.04	190.97	54	127.94
485	179.96	118.12	56	81.99
486	145.65	80.86	53	49.5
487	30.31	81.75	55	72.04
488	101.81	138.69	55	38.73
489	160.67	164.64	58	88.65
490	153.18	103.57	54	53.3
491	183.55	131.82	54	89.4
492	12.16	183.08	53	120.91
493	99.15	25.07	54	74.93
494	40.21	180.16	55	100
495	4.79	79.48	53	97.4
496	12.1	134.88	53	94.57
497	85.14	114.2	57	20.55
498	36.01	89.75	52	64.81
Drivers: 2
id	x	y	end	sensitivity
279	89.31	157.25	54	1.67
280	173.16	65.13	54	1.61
Period: 53
Tasks:8
id	x	y	end	c
499	179.86	161.19	53	100.61
500	85.13	192.85	55	94.03
501	24.2	128.27	56	80.9
502	182.72	175.81	54	112.2
503	178.22	175.86	57	108.96
504	97.84	192.55	53	92.58
505	109.69	3.38	54	97.1
506	89.57	32.01	56	68.79
Drivers: 7
id	x	y	end	sensitivity
281	141.11	108.53	54	0.71
282	74.52	101.68	55	1.22
283	46.73	22.37	55	0.93
284	118.85	100.88	57	1.98
285	44.43	86.37	55	1.45
286	171.02	156.97	58	1.51
287	156.91	132.87	56	0.69
Period: 54
Tasks:6
id	x	y	end	c
507	197.7	183.38	54	128.44
508	103.29	129.23	58	29.41
509	85.68	197.98	57	99.02
510	27.63	60.82	55	82.3
511	123.79	40.99	56	63.63
512	77.38	92.97	55	23.69
Drivers: 1
id	x	y	end	sensitivity
288	106.62	175.94	56	0.79
Period: 55
Tasks:4
id	x	y	end	c
513	170.08	53.73	59	83.98
514	189.29	22.99	56	117.91
515	65.51	161.69	55	70.68
516	1.83	64.47	56	104.4
Drivers: 4
id	x	y	end	sensitivity
289	144.88	113.37	57	1.47
290	31.23	49.77	57	0.93
291	196.86	31.05	56	1.35
292	37.18	157.44	57	1.26
Period: 56
Tasks:11
id	x	y	end	c
517	153.43	86.7	58	55.06
518	191.64	85.91	58	92.72
519	20.76	33.78	58	103.27
520	87.76	80.18	56	23.29
521	80.42	175.36	59	77.86
522	144.24	9.6	57	100.64
523	156.95	7.74	56	108.42
524	135.68	98.63	61	35.71
525	77.11	119	60	29.75
526	135.09	54.21	61	57.69
527	60.83	134.37	58	52.11
Drivers: 5
id	x	y	end	sensitivity
293	120.76	72.81	56	1.35
294	184.45	186.2	58	0.99
295	150.6	135.55	59	1.96
296	129.26	146.42	58	0.94
297	76.02	59.57	56	0.85
Period: 57
Tasks:12
id	x	y	end	c
528	0.82	198.92	58	140.08
529	80.16	85.21	60	24.75
530	77.52	98.84	59	22.51
531	101.41	172	59	72.01
532	40.77	143.99	59	73.78
533	155.52	36.17	61	84.6
534	122.15	55.61	57	49.61
535	68.35	50.36	58	58.87
536	76.7	154.02	60	58.83
537	136.16	196.21	60	102.78
538	5.82	65.84	57	100.18
539	19.93	162.01	59	101.27
Drivers: 4
id	x	y	end	sensitivity
298	184.82	26.66	58	1.86
299	159.18	78.32	57	1.11
300	85.42	124.88	59	1.63
301	67.47	40.17	58	0.54
Period: 58
Tasks:7
id	x	y	end	c
540	118.01	49.45	61	53.66
541	184.15	184.08	61	118.96
542	166.15	115.83	60	68.02
543	66.27	92.59	62	34.53
544	49.41	123.28	60	55.69
545	101.37	104.44	59	4.65
546	184.87	89.92	62	85.47
Drivers: 4
id	x	y	end	sensitivity
302	23.82	37.49	60	0.92
303	41.82	154.81	60	1.45
304	128.41	153.33	58	1.07
305	110.67	9.43	63	1.1
Period: 59
Tasks:8
id	x	y	end	c
547	192.43	40.75	59	109.79
548	126.78	60.45	61	47.76
549	71.11	163.68	61	69.93
550	66.46	170.47	63	78.04
551	101.96	153.01	62	53.05
552	30.02	113.46	63	71.26
553	32.75	87.89	64	68.33
554	117.49	63.71	64	40.28
Drivers: 3
id	x	y	end	sensitivity
306	121.51	171.18	60	1.49
307	99.87	104.48	60	0.82
308	197.35	59.6	60	0.51
Period: 60
Tasks:7
id	x	y	end	c
555	97.56	56.19	64	43.88
556	96.02	110.74	61	11.45
557	164.91	178.04	61	101.51
558	53.74	175.2	60	88.29
559	168.4	23.62	61	102.53
560	157.68	24.81	64	94.77
561	62	177.85	60	86.63
Drivers: 7
id	x	y	end	sensitivity
309	172.16	122.96	64	1.71
310	158.84	146.11	64	1.37
311	80.07	161.83	63	0.93
312	137.25	103.35	60	1.19
313	101.84	101.25	61	1.11
314	74.34	196.21	62	0.56
315	51.97	26.02	61	0.68
Period: 61
Tasks:9
id	x	y	end	c
562	38.59	106.35	66	61.74
563	73.05	11.75	62	92.27
564	110.31	197.67	65	98.21
565	73.92	165.56	63	70.56
566	84.79	8.29	64	92.96
567	163.57	37.57	64	89.1
568	155.68	134.13	63	65.31
569	62.17	59.88	67	55.14
570	190.85	194.13	63	130.82
Drivers: 5
id	x	y	end	sensitivity
316	109.52	65.85	63	0.91
317	38.71	75.05	61	1.06
318	164.88	154.57	63	1.23
319	166.51	75.8	61	0.69
320	182.13	135.18	63	0.53
Period: 62
Tasks:8
id	x	y	end	c
571	143.69	82.54	63	47.05
572	20.99	116.63	63	80.74
573	135.09	45.78	62	64.58
574	7.32	137.96	64	100.15
575	146.54	136.2	64	58.96
576	86.26	88.05	63	18.21
577	180.61	115.76	67	82.14
578	193.12	179.6	66	122.51
Drivers: 4
id	x	y	end	sensitivity
321	171.33	71.34	64	1.55
322	54.26	140.85	66	0.61
323	133.95	42.81	63	1.62
324	48.78	2.26	66	1.23
Period: 63
Tasks:13
id	x	y	end	c
579	199.56	179.46	66	127.38
580	119.3	184.49	67	86.67
581	132.06	159.06	66	67.2
582	57.07	144.43	65	61.78
583	169.58	132.53	64	76.81
584	24.63	62.39	67	84.23
585	25.06	92.13	67	75.35
586	1.52	187.99	65	132.06
587	24.03	117.81	66	78.03
588	1.65	146.08	63	108.61
589	23.83	187.87	70	116.29
590	178.51	62.16	64	87.15
591	119.59	132.54	67	37.98
Drivers: 6
id	x	y	end	sensitivity
325	195.85	150.27	67	0.53
326	151.58	199.88	65	1.11
327	42.45	53.67	67	1.91
328	155.48	17.33	67	0.98
329	71.41	139.77	65	1.34
330	35.47	166.44	64	0.67
Period: 64
Tasks:10
id	x	y	end	c
592	101.56	169.24	68	69.26
593	91.79	14.6	66	85.79
594	26.7	26.93	66	103.5
595	159.93	16.03	64	103.16
596	5.78	142.23	67	103.25
597	148.82	199.1	69	110.47
598	5.12	191.8	67	132.02
599	183.41	94.94	66	83.56
600	106.66	146.06	65	46.54
601	183.34	70.95	66	88.26
Drivers: 0
id	x	y	end	sensitivity
Period: 65
Tasks:11
id	x	y	end	c
602	113.27	9.98	68	90.99
603	111.13	73.78	65	28.48
604	168.08	35.99	67	93.45
605	162.94	31.76	66	92.83
606	175.33	87.79	67	76.31
607	124.45	41.38	67	63.51
608	110.53	100.8	67	10.56
609	133.89	119.87	67	39.29
610	109.79	118.02	70	20.51
611	29.55	132.48	67	77.58
612	179.71	11.66	66	118.99
Drivers: 4
id	x	y	end	sensitivity
331	179.39	183.92	67	1.78
332	190.89	179.53	67	1.84
333	27.77	183.58	67	1.6
334	108.86	124.01	66	1.48
Period: 66
Tasks:12
id	x	y	end	c
613	171.07	52.98	67	85.22
614	120.46	45.94	68	57.8
615	170.04	26.72	67	101.37
616	113.94	154	67	55.77
617	2.68	4.05	68	136.67
618	112.29	94.93	69	13.29
619	170.44	6.33	67	117.2
620	82.24	185.57	67	87.39
621	126.75	187.26	68	91.27
622	103.96	124.89	69	25.2
623	164.75	109.93	67	65.51
624	0.32	151.95	70	112.41
Drivers: 3
id	x	y	end	sensitivity
335	192.2	61.45	69	1.24
336	99.16	59.02	69	0.87
337	6.64	188.14	66	1.28
Period: 67
Tasks:7
id	x	y	end	c
625	153.46	46.34	68	75.75
626	124.62	44.59	69	60.63
627	50.17	189.57	68	102.5
628	145.1	126.52	68	52.32
629	151.76	18.3	69	96.72
630	141.98	99.33	68	41.99
631	179.52	76.79	70	82.84
Drivers: 6
id	x	y	end	sensitivity
338	151.52	96.57	69	1.51
339	100.84	109.18	68	1.72
340	118.58	63.49	69	1.44
341	21.08	117.27	68	1.98
342	148.1	100.14	70	1.21
343	96.1	145.01	70	1.12
Period: 68
Tasks:9
id	x	y	end	c
632	7.48	146.82	69	103.69
633	124.63	83.06	72	29.89
634	176.65	188.34	68	116.96
635	21.3	144.2	68	90.26
636	154.79	41.05	70	80.48
637	189.92	10.57	69	126.82
638	46.88	186.06	74	101.13
639	145.89	134.18	69	57.22
640	154.51	48.02	70	75.32
Drivers: 8
id	x	y	end	sensitivity
344	169.35	58.03	72	1.99
345	127.14	105.92	73	1.6
346	18.84	45.03	69	1.75
347	151.46	34.05	70	1.25
348	31.83	116.69	68	1.25
349	45.52	5.81	68	0.95
350	48.8	30.64	72	1.8
351	91.85	119.28	70	1.47
Period: 69
Tasks:8
id	x	y	end	c
641	192.85	148.48	71	104.74
642	83.46	170.15	69	72.07
643	84.04	186.4	73	87.86
644	182.87	114.66	71	84.16
645	151.83	43.65	72	76.56
646	120.21	14.73	70	87.63
647	91.1	172.09	70	72.64
648	125.41	36.66	71	68.25
Drivers: 6
id	x	y	end	sensitivity
352	46.09	7.83	71	0.83
353	94.57	150.63	70	1.33
354	139.9	83.87	69	0.52
355	79.4	198.85	70	1.13
356	49.56	149.49	73	1.79
357	101.17	130.45	72	1.5
Period: 70
Tasks:6
id	x	y	end	c
649	109.44	181.61	72	82.15
650	67.86	49.2	71	60.11
651	27.87	78.04	71	75.4
652	18.64	131.99	74	87.42
653	148.65	7.27	76	104.72
654	126.44	35.42	70	69.78
Drivers: 3
id	x	y	end	sensitivity
358	175.3	164.76	73	1.43
359	179.53	113.22	70	1.96
360	82.27	1.9	73	0.55
Period: 71
Tasks:11
id	x	y	end	c
655	62.52	181.29	71	89.51
656	173.65	52.79	74	87.48
657	66.38	3.68	74	102.02
658	17.57	196.25	72	126.72
659	159.18	199.07	76	115.4
660	157	149.04	71	75.19
661	81.47	111	72	21.55
662	95.31	154.14	76	54.34
663	93.54	168.9	76	69.2
664	165.23	9.03	72	111.94
665	164.09	37.81	72	89.3
Drivers: 4
id	x	y	end	sensitivity
361	59.67	149.99	72	1.73
362	76.32	134.79	72	1.82
363	135.33	101.72	75	0.99
364	99.18	142.64	72	0.7
Period: 72
Tasks:10
id	x	y	end	c
666	53.26	22.35	74	90.63
667	149.01	54.89	74	66.61
668	52.75	66.13	73	58.14
669	140.37	112.63	73	42.3
670	145	134.69	75	56.82
671	23.93	166.99	75	101.36
672	123.26	112.41	74	26.36
673	113.73	171.62	73	72.92
674	198.3	65.21	74	104.27
675	39.17	143.98	76	75.06
Drivers: 3
id	x	y	end	sensitivity
365	94.43	63.64	75	1.42
366	64.37	110.06	74	1.51
367	83.21	161.51	75	0.93
Period: 73
Tasks:8
id	x	y	end	c
676	180.47	155.02	76	97.48
677	69.62	107.89	78	31.39
678	144.22	128.44	73	52.58
679	101.95	153.97	75	54.01
680	85.59	147.86	75	49.98
681	94.31	94.41	73	7.98
682	2.18	52.92	75	108.56
683	50.27	187	75	100.21
Drivers: 4
id	x	y	end	sensitivity
368	88.62	138.46	77	0.74
369	159.34	63.76	74	0.74
370	146.56	22.8	75	0.87
371	46.13	92.87	76	1.85
Period: 74
Tasks:9
id	x	y	end	c
684	103.97	149.29	75	49.45
685	39.08	157.41	79	83.71
686	77.43	178.02	74	81.22
687	126.46	113.97	78	29.92
688	187.28	78.4	75	89.91
689	84.91	47.46	74	54.66
690	138.89	188.87	77	97.01
691	73.39	151.22	77	57.72
692	179.19	9.76	76	120.06
Drivers: 3
id	x	y	end	sensitivity
372	42.39	181.47	75	1.93
373	195.84	43.31	74	1.02
374	43.53	165.51	77	1.22
Period: 75
Tasks:6
id	x	y	end	c
693	191.74	159.29	78	109.23
694	54.46	159.48	75	74.91
695	178.09	14.85	78	115.54
696	124.85	74.66	75	35.49
697	105.56	104.46	79	7.13
698	33.3	94.09	75	66.96
Drivers: 6
id	x	y	end	sensitivity
375	173.66	62.3	76	1.43
376	79.93	157.54	76	1.5
377	127.08	15.58	76	0.52
378	84.12	55.9	78	1.64
379	13.75	197.59	77	0.53
380	30.35	4.46	75	1.98
Period: 76
Tasks:10
id	x	y	end	c
699	93.78	74.48	78	26.27
700	18.03	55.47	79	93.28
701	113.78	43.03	78	58.61
702	129.91	1.78	78	102.67
703	174.33	164.27	77	98.26
704	29.89	92.95	78	70.46
705	119.16	123.81	78	30.56
706	57.95	141.37	81	58.99
707	98.56	113.83	76	13.9
708	14.38	28.75	77	111.39
Drivers: 4
id	x	y	end	sensitivity
381	14.1	147	79	1.73
382	59.69	199.75	77	1.27
383	70.24	123.03	77	1.51
384	1.06	106.81	78	0.99
Period: 77
Tasks:9
id	x	y	end	c
709	117.43	40.04	77	62.44
710	4.92	92.17	82	95.4
711	185.27	5.81	79	127.05
712	129.69	137.17	79	47.57
713	191.54	19.25	79	122.07
714	39.75	116.98	77	62.6
715	165.09	188.89	78	110.17
716	143.82	8.29	77	101.64
717	195.02	56.89	78	104.34
Drivers: 12
id	x	y	end	sensitivity
385	49.64	7.63	78	0.79
386	120.3	5.34	82	1.86
387	66.64	145.88	80	1.32
388	21.99	34.2	78	1.82
389	145.63	198.84	80	0.92
390	65.34	80.2	84	0.97
391	176.1	96.46	79	1.84
392	62.21	124.68	79	1.09
393	33.9	58.39	80	0.55
394	89.09	183.59	78	1.13
395	124.63	72.02	78	1.28
396	81.93	81.23	79	1.21
Period: 78
Tasks:8
id	x	y	end	c
718	143.33	0.95	80	108.11
719	103.23	171.63	83	71.7
720	50.63	13.09	86	99.95
721	183.85	145.68	82	95.49
722	170.04	67.72	80	77.12
723	161.88	139.62	78	73.48
724	165.52	45.63	81	85.14
725	9.62	83.73	81	91.83
Drivers: 5
id	x	y	end	sensitivity
397	72.57	143.72	81	1.15
398	157.08	52.57	80	1.93
399	47.31	154.02	82	0.79
400	77.64	65.93	79	0.98
401	62.8	153.66	80	0.93
Period: 79
Tasks:11
id	x	y	end	c
726	7.98	145.41	79	102.61
727	69.47	183.15	81	88.58
728	92.53	199.09	81	99.37
729	126.94	136.77	80	45.58
730	149.45	26.2	80	88.84
731	120.54	124.64	79	32.08
732	197.71	99.71	82	97.71
733	38.56	20.94	81	100.13
734	67.21	43.67	79	65.18
735	40.23	182.31	79	101.72
736	96.01	43.48	81	56.66
Drivers: 3
id	x	y	end	sensitivity
402	85.63	1.77	81	1.8
403	147.11	98.1	83	0.85
404	62.8	138.75	82	0.66
Period: 80
Tasks:10
id	x	y	end	c
737	55.86	67.32	80	54.92
738	15.25	53.4	80	96.72
739	28.25	8.94	82	115.93
740	57.97	94.47	84	42.39
741	2.51	183.33	82	128.25
742	163.27	183.29	80	104.6
743	95.88	138.57	81	38.79
744	29.21	127.45	81	75.93
745	188.09	196.81	84	130.89
746	23.77	167.42	83	101.77
Drivers: 2
id	x	y	end	sensitivity
405	32.63	168.68	83	0.86
406	49.6	147.15	81	1.53
Period: 81
Tasks:3
id	x	y	end	c
747	6	174.51	81	119.95
748	157.78	27.47	84	92.73
749	95.89	115.62	81	16.15
Drivers: 3
id	x	y	end	sensitivity
407	100.33	43.88	82	1.1
408	47.71	189.21	87	0.8
409	148.13	1.98	85	1.64
Period: 82
Tasks:8
id	x	y	end	c
750	9.69	24.59	85	117.65
751	164.99	42.19	85	86.98
752	82.06	173.58	87	75.74
753	25.57	39.6	84	95.85
754	89.36	34.95	85	65.91
755	56.2	103.33	86	43.93
756	175.5	110.44	86	76.22
757	3.26	67.39	85	102.09
Drivers: 2
id	x	y	end	sensitivity
410	106.92	140.51	83	0.81
411	9.51	79.84	84	1.46
Period: 83
Tasks:10
id	x	y	end	c
758	144.37	59.69	85	59.95
759	30.47	108.61	86	70.06
760	147.16	44.52	86	72.82
761	114.65	198.01	84	99.1
762	110.26	43.84	85	57.09
763	150.71	164.88	88	82.35
764	40.72	141	85	72.08
765	176.78	83.69	83	78.49
766	64.17	89.14	85	37.44
767	157.51	73.28	83	63.41
Drivers: 3
id	x	y	end	sensitivity
412	191.83	120.1	85	0.85
413	122.38	113.52	84	1.02
414	189.75	36.52	84	1.04
Period: 84
Tasks:8
id	x	y	end	c
768	115.77	61.19	85	41.89
769	193.45	57.59	90	102.62
770	126.46	70.28	87	39.79
771	183.2	144.82	84	94.5
772	81.29	193.7	84	95.55
773	90.56	51.71	86	49.2
774	43.37	191.38	86	107.5
775	131.13	136.72	87	48.14
Drivers: 8
id	x	y	end	sensitivity
415	129.29	2.94	86	0.51
416	137.87	54.45	85	1.85
417	196.15	5.3	89	1.01
418	114.65	4.29	88	0.92
419	133	96.76	86	1.66
420	101.29	50.7	87	1.07
421	59.61	131.25	86	1.69
422	45.62	156.34	89	1.25
Period: 85
Tasks:9
id	x	y	end	c
776	9.74	117.87	86	92.01
777	75.34	132.34	88	40.67
778	177.9	118.16	86	79.99
779	108.68	58.22	86	42.67
780	57.79	56.78	88	60.41
781	157.82	133.03	88	66.59
782	103.32	27.87	86	72.21
783	136.28	63.03	88	51.8
784	125.79	169.73	88	74.35
Drivers: 12
id	x	y	end	sensitivity
423	81.3	56.02	85	1.34
424	69.96	129.59	88	1.67
425	1.25	7.55	87	1.4
426	12.22	80.58	87	0.67
427	144.43	3.91	89	1.61
428	77.67	19.01	85	0.52
429	15.18	157.24	85	1.22
430	166.04	168.82	89	0.51
431	45.32	119.81	88	1.29
432	8.19	86.02	90	0.76
433	117.71	150.39	86	1.13
434	48.48	144.94	88	1.96
Period: 86
Tasks:10
id	x	y	end	c
785	105.54	113.25	88	14.36
786	140.31	96.9	88	40.43
787	126.98	136.96	87	45.76
788	27.63	20.27	89	107.68
789	18.81	87.8	88	82.1
790	188.36	0.56	88	133.03
791	8.5	143.88	88	101.48
792	12.86	95.58	87	87.25
793	95.55	125.39	88	25.78
794	63.72	185.7	88	93.06
Drivers: 6
id	x	y	end	sensitivity
435	155.53	176.83	88	1.97
436	163.71	23.21	91	1.62
437	154.17	53.6	89	0.55
438	91.82	105.76	88	1.45
439	110.63	178.54	87	0.63
440	0.65	12.55	87	1.73
Period: 87
Tasks:7
id	x	y	end	c
795	62.88	156.73	88	67.8
796	18.11	22.8	88	112.54
797	196.29	33.21	89	117.19
798	78.98	129.14	88	35.93
799	68.46	14.28	89	91.34
800	179.55	106.96	91	79.85
801	144.11	146.25	91	63.91
Drivers: 8
id	x	y	end	sensitivity
441	134.87	95.84	88	0.64
442	141.82	130.09	88	1.39
443	58.17	160.76	88	1.07
444	118.11	185.57	88	1.73
445	196.71	29.64	91	1.33
446	136.51	10.6	89	1.29
447	189.76	85.12	90	1.77
448	19.19	185.59	88	1.46
Period: 88
Tasks:12
id	x	y	end	c
802	127.2	168.82	89	74
803	176.33	45.46	90	93.81
804	35.97	75.13	90	68.69
805	22.26	39.22	89	98.68
806	58.29	116.11	90	44.71
807	73.53	159.48	88	65.1
808	35.45	196.26	91	115.9
809	165.32	107.04	89	65.7
810	116.77	25.77	91	76.1
811	36.67	139.55	89	74.67
812	165.3	159.92	91	88.63
813	148.16	156.67	89	74.37
Drivers: 4
id	x	y	end	sensitivity
449	70.45	111.98	89	1.01
450	126.64	165.86	89	0.65
451	163.85	29.08	88	0.95
452	132.8	121.12	91	1.22
Period: 89
Tasks:19
id	x	y	end	c
814	142.65	17.55	91	92.83
815	14.71	9.6	91	124.28
816	39.82	140.5	95	72.54
817	83.78	126.12	92	30.75
818	82.19	20.99	91	80.99
819	18.17	9.24	91	122.2
820	140.19	72.39	89	48.76
821	114.17	109.99	91	17.34
822	70.17	84.44	90	33.64
823	156.66	19.05	90	98.81
824	94.28	104.9	91	7.53
825	8.7	48.32	94	104.91
826	32.65	63.34	89	76.68
827	108.12	60.46	93	40.37
828	9.02	144.53	91	101.29
829	102	139.63	90	39.68
830	93.24	23.3	90	77
831	18.16	123.26	91	85.08
832	178.28	18.42	90	113.06
Drivers: 5
id	x	y	end	sensitivity
453	119.88	3.31	94	1.64
454	129.46	39.1	91	1.17
455	173.23	99.21	91	0.99
456	104.49	175.4	91	1.43
457	50.83	29.62	92	0.88
Period: 90
Tasks:7
id	x	y	end	c
833	56.08	174.4	94	86.4
834	55.47	124.34	92	50.75
835	24.71	120.95	93	78.15
836	81.53	24.07	93	78.14
837	168.16	129.74	91	74.37
838	113.52	8.07	92	92.92
839	166.08	150.3	91	83.05
Drivers: 6
id	x	y	end	sensitivity
458	113.75	116.76	92	1.63
459	50.13	85.44	93	0.55
460	199.44	7.2	91	1
461	186.05	78.49	91	1.9
462	36.86	155.04	91	1.34
463	195.01	18.8	91	0.89
Period: 91
Tasks:8
id	x	y	end	c
840	120.49	149.5	91	53.57
841	80.47	8.18	91	93.87
842	21.97	64.32	95	85.8
843	50.3	72.5	93	56.8
844	97.6	198.71	91	98.74
845	197.47	183.44	95	128.31
846	76.04	29.57	94	74.39
847	164.97	95.55	92	65.12
Drivers: 12
id	x	y	end	sensitivity
464	6.69	45.31	92	0.65
465	140.99	66.12	92	0.75
466	180.83	104.39	93	1.78
467	109.6	54.46	93	1.51
468	115.44	21.04	92	0.88
469	67.79	168.36	92	1.35
470	159.93	195.84	93	1.34
471	35.99	114.48	93	0.57
472	141.74	173.09	91	0.54
473	150.38	137.76	93	0.66
474	180.49	56.69	93	1.22
475	94.14	78.65	91	1.99
Period: 92
Tasks:12
id	x	y	end	c
848	84.36	36.19	93	65.7
849	114.54	166.75	98	68.32
850	73.91	4.75	94	98.76
851	188.04	150.44	93	101.47
852	41.27	129.67	93	65.8
853	46.88	3.32	92	110.31
854	111.85	61.82	95	39.98
855	81.53	99.29	92	18.48
856	123.38	13.72	95	89.39
857	141.17	112.95	92	43.16
858	11.02	183.45	94	121.99
859	92.03	148.72	95	49.37
Drivers: 7
id	x	y	end	sensitivity
476	199.05	95.61	92	1.26
477	129.01	113.68	95	1.29
478	170	180.98	93	0.92
479	36.58	100.76	94	1.17
480	48.96	156.49	93	0.79
481	34.86	148.1	95	1.73
482	40.97	5	94	0.76
Period: 93
Tasks:9
id	x	y	end	c
860	157.96	2.66	93	113.29
861	29.2	15.44	97	110.29
862	134.93	11.15	94	95.47
863	46.92	36.06	97	83.1
864	6.34	151.01	94	106.65
865	159.06	24.64	95	95.75
866	169.05	91.02	97	69.63
867	161.07	179.69	94	100.4
868	118.46	79.62	94	27.5
Drivers: 1
id	x	y	end	sensitivity
483	197.14	25.58	95	1.63
Period: 94
Tasks:4
id	x	y	end	c
869	119.84	127.84	96	34.19
870	93.3	146.39	94	46.87
871	136.88	11	94	96.34
872	4.09	31.29	96	117.98
Drivers: 5
id	x	y	end	sensitivity
484	17.54	125.56	96	1.91
485	80.68	178.46	97	0.75
486	140.94	36.54	96	0.74
487	182.77	38.64	96	0.66
488	161.27	52.25	95	0.57
Period: 95
Tasks:10
id	x	y	end	c
873	193.73	182.99	96	125.19
874	170.28	7.82	98	115.92
875	153.2	44.17	95	77.12
876	107.32	80.95	98	20.41
877	4.47	35.07	100	115.51
878	16.33	143.93	96	94.5
879	149.4	165.32	96	81.9
880	108.65	109.19	99	12.62
881	136.58	78.48	95	42.44
882	74.31	41.99	97	63.44
Drivers: 3
id	x	y	end	sensitivity
489	16.78	145.95	97	1.42
490	50.29	56.7	96	1.05
491	10.09	138.2	97	0.95
Period: 96
Tasks:6
id	x	y	end	c
883	58.98	147.87	101	63.04
884	131.47	176.31	97	82.54
885	168.86	20.49	101	105.18
886	29.61	42.08	97	91.16
887	64.17	187.64	100	94.68
888	26.44	137.53	97	82.58
Drivers: 1
id	x	y	end	sensitivity
492	152.57	185.34	98	1.29
Period: 97
Tasks:11
id	x	y	end	c
889	24.52	23.49	99	107.48
890	173.19	162.98	98	96.56
891	183.09	0.97	101	129.27
892	84.63	86.69	103	20.33
893	80.59	118.95	99	27.13
894	57.73	158.13	97	71.87
895	127.6	167.74	98	73.15
896	0.54	35.35	99	118.63
897	70.41	137.17	98	47.51
898	51.73	174.26	100	88.57
899	152.51	163.61	98	82.48
Drivers: 5
id	x	y	end	sensitivity
493	199.71	8.29	98	0.88
494	134.01	156.2	97	1.5
495	142.66	63.97	99	0.96
496	150.7	158.66	101	1.66
497	144.82	10.66	100	0.81
Period: 98
Tasks:18
id	x	y	end	c
900	193.9	45.41	98	108.62
901	111.29	103.37	100	11.78
902	130.49	51.34	99	57.42
903	2.83	13.37	99	130.18
904	131.96	41.45	99	66.7
905	82.95	133.4	99	37.5
906	89.34	159.36	101	60.31
907	179.49	114.34	98	80.77
908	71.61	155.92	98	62.71
909	189.66	69.39	101	94.74
910	140.91	61.95	102	55.87
911	189.81	112.51	103	90.68
912	151.08	157.52	99	76.93
913	140.5	148.88	100	63.48
914	4.99	135.74	99	101.51
915	160.92	195.65	98	113.4
916	96.06	87.17	100	13.42
917	185.43	103.03	99	85.48
Drivers: 6
id	x	y	end	sensitivity
498	98.27	99.26	102	1.02
499	160.44	29.81	101	1.64
500	84.89	49.67	99	1.26
501	6.99	144.1	98	0.88
502	58.72	70.64	99	1.21
503	71.01	20.34	101	1.99
Period: 99
Tasks:13
id	x	y	end	c
918	1.71	136.83	101	104.96
919	105.75	186.93	102	87.12
920	94.07	140.49	103	40.92
921	121.76	27.91	101	75.3
922	86.28	194.53	102	95.52
923	17.5	15.14	101	118.35
924	72.21	75.52	101	37.03
925	116.82	25.79	102	76.09
926	159.32	108.99	99	60
927	163.43	71.2	103	69.66
928	160.53	14.58	104	104.69
929	88.33	79.62	100	23.48
930	155.24	68.45	100	63.61
Drivers: 4
id	x	y	end	sensitivity
504	44.7	91.09	100	1.59
505	64.27	122.28	102	1.39
506	30.61	185.65	100	1.31
507	7.49	14.37	100	1.91
Period: 100
Tasks:4
id	x	y	end	c
931	96.23	185.23	102	85.31
932	160.37	15.04	100	104.22
933	55.13	45.82	104	70.35
934	174.74	16.5	101	112.06
Drivers: 5
id	x	y	end	sensitivity
508	58.49	134.46	101	1.53
509	56.04	133.34	104	1.29
510	176.64	113.97	102	1.77
511	70.28	12.68	101	0.91
512	103.07	156.45	102	1.77
