Periods: 100
Task Arrival Rate: 10
Task Average Time: 1
Driver Arrival Rate: 5
Driver Average Time: 3
Period: 1
Tasks:15
id	x	y	end	c
1	10.72	141.64	2	98.51
2	48.28	70.2	1	59.69
3	0.86	173.94	1	123.68
4	98.45	126.7	1	26.74
5	175.22	39.83	2	96.32
6	189.94	154.18	2	105
7	101.8	149.19	1	49.22
8	26.05	114.9	1	75.44
9	49.59	112.75	1	52
10	55.07	73.38	3	52.22
11	189.87	52.74	3	101.54
12	185.38	174.75	2	113.48
13	80.26	89.04	1	22.58
14	174.38	132.06	1	81
15	108.35	157.35	4	57.95
Drivers: 6
id	x	y	end	sensitivity
1	6.28	104.76	6	1.03
2	139.23	180.7	2	1.25
3	58.68	107.78	2	1.84
4	15.77	78.46	3	1.5
5	5.29	168.75	3	1.63
6	100.48	195.96	4	1.92
Period: 2
Tasks:12
id	x	y	end	c
16	0.17	161.97	2	117.5
17	45.5	115.82	2	56.75
18	68.2	72.78	5	41.86
19	112.88	188.01	4	88.95
20	59.03	52.37	2	62.83
21	19.88	93.94	5	80.35
22	6.06	149.33	3	106.1
23	14.21	156.55	3	102.75
24	37.33	55.26	2	77
25	91.26	3.34	2	97.05
26	37.52	5.6	5	113.2
27	77.54	143.21	2	48.7
Drivers: 3
id	x	y	end	sensitivity
7	134.89	100.43	9	1.43
8	0.23	174.33	5	1.67
9	117.26	193.54	4	1.45
Period: 3
Tasks:15
id	x	y	end	c
28	150.83	44.57	4	75.21
29	21.21	54.26	4	91.1
30	186.75	91.2	4	87.2
31	187.77	117.04	5	89.41
32	64.16	159.69	3	69.62
33	57.85	109.42	3	43.19
34	153.42	141.2	4	67.46
35	191.7	124.78	3	94.99
36	36.22	112.5	5	64.99
37	52.57	195.82	3	106.92
38	105.56	12.96	6	87.22
39	6.89	39.46	5	111.06
40	57.82	155.11	5	69.4
41	105.78	108.52	5	10.3
42	40.23	44.7	3	81.43
Drivers: 2
id	x	y	end	sensitivity
10	58.09	186.83	6	1.64
11	19.8	8.77	7	1.41
Period: 4
Tasks:12
id	x	y	end	c
43	112.77	145.4	4	47.16
44	106.53	31.19	4	69.12
45	162.35	171.47	5	94.84
46	149.24	129.03	5	57.16
47	55.95	128.58	5	52.51
48	136.12	143.01	4	56.17
49	90.78	199.65	4	100.08
50	197.51	128.14	6	101.49
51	76.13	20.02	5	83.47
52	73.42	15.99	4	88.11
53	84.99	14.59	5	86.72
54	198.95	113.91	4	99.92
Drivers: 3
id	x	y	end	sensitivity
12	174.6	195.94	8	1.66
13	140.83	36.33	6	1.19
14	71.81	81.95	6	1.22
Period: 5
Tasks:11
id	x	y	end	c
55	169.9	104.27	7	70.03
56	191.11	105.34	6	91.27
57	116.88	155.99	6	58.48
58	9.12	189.62	8	127.64
59	51.27	174.29	5	88.85
60	180.24	41.13	6	99.52
61	198.06	95.62	6	98.16
62	185.46	70.53	6	90.4
63	147.44	158.53	7	75.34
64	124.41	136.33	7	43.77
65	56.9	104.65	5	43.35
Drivers: 4
id	x	y	end	sensitivity
15	124.13	119.56	11	1.16
16	92.73	156.04	10	1.89
17	196.99	71.5	9	1.1
18	190.69	73.32	5	1.61
Period: 6
Tasks:11
id	x	y	end	c
66	150.83	119.88	7	54.58
67	51.96	161.63	6	78.14
68	27.7	16.7	10	110.3
69	5.42	58.09	6	103.45
70	194.16	45.6	6	108.74
71	84.87	47.42	8	54.71
72	188.2	195.04	6	129.66
73	70.31	16.31	6	88.8
74	105.4	34.77	7	65.45
75	117.42	141.62	6	45.12
76	84.71	77.71	8	27.03
Drivers: 6
id	x	y	end	sensitivity
19	117.59	127.96	8	1.37
20	105.42	155.17	11	0.58
21	67.08	162.7	10	0.89
22	109.04	130.25	7	0.69
23	110.74	25.6	10	1.38
24	14.58	62.76	10	1.96
Period: 7
Tasks:10
id	x	y	end	c
77	85.91	115.33	7	20.82
78	69.75	15.8	10	89.47
79	152.76	178.38	9	94.48
80	106.57	182.14	8	82.4
81	73.69	2.83	9	100.67
82	18.8	72.6	9	85.7
83	47.14	62.69	7	64.7
84	41.11	115.5	7	60.9
85	91.06	57.4	8	43.53
86	25.66	80.31	7	76.9
Drivers: 7
id	x	y	end	sensitivity
25	70.35	31.92	10	1.69
26	111.04	134.91	9	1.05
27	80.42	134.05	7	1.66
28	107.72	163.05	10	1.51
29	10.32	39.92	10	1.59
30	32.29	184.47	8	0.62
31	160.05	52.3	10	1
Period: 8
Tasks:12
id	x	y	end	c
87	52.31	58.07	11	63.5
88	101.17	89.99	9	10.08
89	197.15	43.87	8	112.2
90	79.92	76.09	10	31.22
91	198.7	187.31	9	131.78
92	93.56	115.9	9	17.15
93	77.45	83.14	8	28.16
94	130.91	20.6	8	85.2
95	73.33	86.25	9	30.01
96	7.46	82.32	9	94.21
97	87.67	160.33	8	61.58
98	26.51	127.3	10	78.4
Drivers: 5
id	x	y	end	sensitivity
32	158.53	114.84	9	0.7
33	44.98	137.91	9	0.75
34	181.89	168.8	13	1.17
35	91.75	22.55	13	1.33
36	5.41	41.14	12	0.85
Period: 9
Tasks:11
id	x	y	end	c
99	165.24	103.4	9	65.33
100	34.33	170.11	9	96.06
101	90.1	139.65	11	40.87
102	61.19	76.97	9	45.13
103	51.42	22.33	14	91.61
104	193.47	91.18	11	93.89
105	45.25	130.76	9	62.8
106	98.12	132.87	11	32.92
107	112.27	136.81	10	38.8
108	24.74	102.46	9	75.3
109	73.55	15.86	10	88.2
Drivers: 5
id	x	y	end	sensitivity
37	75.08	71.72	12	1.13
38	34.11	20.72	10	0.77
39	22.99	112.8	15	0.54
40	56.66	84.05	10	1.67
41	67.71	69.5	12	0.5
Period: 10
Tasks:10
id	x	y	end	c
110	118.87	72.48	11	33.37
111	36.2	127.78	12	69.59
112	27.92	16.54	10	110.28
113	98.17	180.53	11	80.55
114	146.56	99.11	10	46.57
115	189.3	127.61	12	93.47
116	56.91	195.35	12	104.63
117	195.81	34.13	10	116.27
118	176.99	177.89	10	109.52
119	126.36	58.88	12	48.84
Drivers: 4
id	x	y	end	sensitivity
42	135.84	18.16	12	1.74
43	169.74	80.36	11	1.06
44	178.31	166.63	13	1.49
45	90.3	70.31	13	1.61
Period: 11
Tasks:12
id	x	y	end	c
120	105.67	84.83	11	16.19
121	84.91	113.15	14	20.02
122	59.9	164.12	11	75.63
123	64.31	171.23	12	79.67
124	94.37	87.61	14	13.61
125	89.02	137.45	11	39.03
126	133.82	96.37	11	34.01
127	16.93	136.29	11	90.65
128	180.71	197.25	11	126.38
129	28.5	86.27	11	72.81
130	47.26	77.05	11	57.52
131	26.52	177.19	13	106.57
Drivers: 7
id	x	y	end	sensitivity
46	68.64	1.63	13	0.81
47	58.81	80	17	1.03
48	81.15	156.07	17	1.11
49	145.91	41.92	17	1.02
50	149.23	82.44	19	0.85
51	40.83	198.78	12	0.91
52	140.93	62.68	15	0.72
Period: 12
Tasks:12
id	x	y	end	c
132	120.83	138.11	13	43.43
133	56.42	116.68	13	46.66
134	51.06	37.99	13	79
135	64.3	98.62	13	35.73
136	167.19	101.35	13	67.2
137	106.12	116.41	13	17.51
138	161.54	110.94	14	62.5
139	36.55	126.21	12	68.65
140	148.46	158.74	12	76.15
141	72.06	19.01	12	85.67
142	164.6	89.92	14	65.38
143	29.56	164.26	12	95.35
Drivers: 4
id	x	y	end	sensitivity
53	82.58	178.96	14	1.3
54	21.67	63.5	16	1.98
55	116.62	92.7	17	1.46
56	107.33	38.93	17	0.93
Period: 13
Tasks:8
id	x	y	end	c
144	146.12	95.13	13	46.38
145	94.31	162.79	15	63.05
146	145.32	93.75	14	45.75
147	127.88	16	14	88.51
148	29.43	108.82	14	71.12
149	36.71	90.93	14	63.94
150	87.29	135.88	14	38.06
151	124.05	57.68	13	48.68
Drivers: 3
id	x	y	end	sensitivity
57	58.68	29.96	14	0.99
58	38.19	161.53	20	1.2
59	184.17	106.82	17	1.4
Period: 14
Tasks:5
id	x	y	end	c
152	160.37	63.2	16	70.7
153	154.7	113.22	14	56.27
154	53.58	51.52	16	67.12
155	172.22	23.43	16	105.26
156	70.52	7.68	15	96.91
Drivers: 0
id	x	y	end	sensitivity
Period: 15
Tasks:12
id	x	y	end	c
157	128.88	2.81	15	101.39
158	6.22	88.93	15	94.43
159	121.3	117.93	15	27.84
160	116.1	176.25	16	77.93
161	199.39	126.4	15	102.84
162	146.43	41.86	16	74.4
163	76.03	159.45	15	64.1
164	45.84	161.76	16	82.14
165	49.93	162.79	17	80.31
166	195	19.98	18	124.21
167	59.48	194.8	15	103.1
168	6.67	170.79	15	117.14
Drivers: 10
id	x	y	end	sensitivity
60	178.7	121.33	17	0.93
61	27.59	79.65	17	0.69
62	75.16	71.2	15	1.9
63	155.69	25.11	18	0.97
64	26.88	88.04	18	1.75
65	197.37	178.08	19	1.78
66	30.77	165.04	16	0.62
67	37.28	78.02	16	1.07
68	27.7	59.76	17	1.16
69	97.06	146.04	21	1.92
Period: 16
Tasks:5
id	x	y	end	c
169	162.17	28.92	16	94.43
170	28.29	107.75	18	72.13
171	188.44	37.37	17	108.37
172	101.81	94.55	17	5.74
173	94.3	193.04	16	93.21
Drivers: 4
id	x	y	end	sensitivity
70	151.66	8.06	20	1.55
71	196.13	184.65	20	1.09
72	70.67	33.58	16	1.32
73	135.48	110.99	21	1.48
Period: 17
Tasks:9
id	x	y	end	c
174	105.51	6.55	18	93.61
175	47.85	0.61	17	112.24
176	169.83	102.64	18	69.88
177	163.21	113.32	17	64.6
178	78.81	4.71	17	97.62
179	155.94	52.89	18	73.13
180	176.65	72.44	17	81.45
181	99.21	77.12	17	22.89
182	97.72	93.1	17	7.27
Drivers: 5
id	x	y	end	sensitivity
74	109.31	102.24	22	1.32
75	46.9	44.7	17	0.55
76	87	94.66	19	1.34
77	139.94	38.76	22	1.19
78	180.43	166.07	23	1.37
Period: 18
Tasks:7
id	x	y	end	c
183	117	193.83	19	95.36
184	128.87	187.78	19	92.41
185	9.7	109.14	19	90.76
186	179.69	55.92	20	91.07
187	179.29	91.19	18	79.78
188	10.9	136.22	18	96.18
189	156.17	2.01	19	112.95
Drivers: 3
id	x	y	end	sensitivity
79	63.34	171.69	22	1.04
80	191.68	176.67	22	1.46
81	115.72	65.41	21	1.18
Period: 19
Tasks:7
id	x	y	end	c
190	73.5	174.82	21	79.37
191	186.27	50.96	20	99.23
192	93.56	44.86	20	55.51
193	154.06	70.52	22	61.58
194	28.45	147	21	85.61
195	114.82	195.23	20	96.38
196	122.29	129.46	19	36.94
Drivers: 4
id	x	y	end	sensitivity
82	178.33	171.15	22	0.63
83	26.36	113.85	26	1.3
84	64.1	96.54	22	1.89
85	148.64	55.93	26	1
Period: 20
Tasks:11
id	x	y	end	c
197	33.2	113.82	20	68.21
198	69.82	47.39	20	60.65
199	133.31	92.75	22	34.09
200	52.59	125.99	21	54.07
201	120.76	165.69	22	68.89
202	120.17	173.85	22	76.55
203	71.78	196.05	21	100.11
204	44.07	28.46	21	90.81
205	159.59	190.09	20	108.01
206	192.11	8.63	21	129.74
207	73.82	24.38	21	80.02
Drivers: 6
id	x	y	end	sensitivity
86	162.98	22.06	25	1.39
87	55.16	116.02	22	0.93
88	177.52	153.8	20	1.66
89	153.39	84.48	20	1
90	128.86	28.07	23	1.64
91	109.02	121.39	23	0.76
Period: 21
Tasks:12
id	x	y	end	c
208	5.62	118.43	22	96.16
209	184.32	46.85	22	99.67
210	197.34	113.32	22	98.25
211	114.61	175.99	23	77.38
212	115.34	12.54	21	88.8
213	90.45	76.15	22	25.69
214	99.75	147.23	22	47.23
215	46.7	44.16	24	77.19
216	136.39	16.84	21	90.77
217	8.95	104.6	23	91.17
218	53.14	72.69	22	54.24
219	108.03	79.27	21	22.23
Drivers: 5
id	x	y	end	sensitivity
92	107.04	111.57	27	1.61
93	146.06	91.81	21	0.85
94	149.16	30.87	22	1.87
95	41.81	67.44	25	0.83
96	130.78	197.56	24	0.88
Period: 22
Tasks:13
id	x	y	end	c
220	128.94	26.41	23	79.08
221	54.6	28.46	23	84.73
222	70.59	42.79	23	64.33
223	174.44	98.66	24	74.45
224	80.76	114.61	22	24.16
225	66.76	33.69	23	74.17
226	125.14	42.63	24	62.64
227	11.11	123.64	23	91.98
228	63.82	96.58	22	36.34
229	183.75	187.07	23	120.81
230	22.54	53.39	22	90.4
231	55.35	17.66	24	93.67
232	35.57	120.24	23	67.53
Drivers: 3
id	x	y	end	sensitivity
97	98.22	140.69	27	1.56
98	18.76	149.74	26	1.03
99	95.22	24.21	25	0.74
Period: 23
Tasks:13
id	x	y	end	c
233	142.49	79.16	23	47.33
234	52.11	173.66	25	87.86
235	86.6	21.48	24	79.66
236	40.47	130.79	23	67.02
237	111.11	24.72	25	76.1
238	178.52	160.21	24	98.95
239	119.56	62.63	24	42.18
240	30.97	105.74	23	69.27
241	70.73	105.2	25	29.73
242	39.74	5.04	25	112.47
243	90.54	103.82	23	10.2
244	106.38	46.01	24	54.37
245	117.68	166.99	26	69.28
Drivers: 12
id	x	y	end	sensitivity
100	120.5	114.35	29	0.88
101	131.82	56.76	24	1.15
102	93.34	140.48	27	1.92
103	37.67	131.22	25	0.56
104	194.4	184.57	24	1.63
105	59.32	119.8	24	1.34
106	63.01	105.59	27	1.77
107	124.54	81.34	25	0.78
108	8.7	57.93	23	1.17
109	57.61	113.33	26	1.66
110	193.75	65.09	25	0.79
111	77.46	176.95	25	0.78
Period: 24
Tasks:10
id	x	y	end	c
246	15.57	78.5	26	87.12
247	122.03	126.74	25	34.65
248	58.3	176.2	24	86.86
249	172.37	139.79	26	82.59
250	68.82	130.1	25	43.34
251	4.42	119.73	24	97.6
252	160.29	186.24	24	105.22
253	111.83	172.38	24	73.34
254	58.75	31.97	27	79.56
255	150.46	156.16	25	75.5
Drivers: 1
id	x	y	end	sensitivity
112	121.72	62.5	27	0.93
Period: 25
Tasks:7
id	x	y	end	c
256	169.9	110.69	27	70.71
257	157.23	53.28	26	73.88
258	185.11	179.18	26	116.25
259	15.09	197.91	26	129.6
260	164.11	190.04	25	110.53
261	157.87	5.56	26	110.76
262	146.5	3.4	25	107.21
Drivers: 6
id	x	y	end	sensitivity
113	138.44	30.84	27	0.8
114	6.6	41.92	29	0.74
115	23.82	76.56	27	1.07
116	67.05	33.15	28	1.69
117	74.51	141.72	27	1.78
118	113.32	20.6	29	0.81
Period: 26
Tasks:14
id	x	y	end	c
263	8.01	150.77	27	105.07
264	172.25	177.44	26	105.91
265	138.88	30.57	26	79.57
266	180.91	175.01	26	110.33
267	89.89	198.25	26	98.77
268	160.13	164.34	28	88.06
269	99.28	114.21	27	14.23
270	123.61	97.07	28	23.79
271	138.38	174.96	27	84.21
272	164.93	121.01	27	68.24
273	83.83	10.03	26	91.41
274	119.51	164.77	27	67.64
275	194.65	174.25	26	120.3
276	87.48	191.46	28	92.31
Drivers: 5
id	x	y	end	sensitivity
119	88.26	52.92	31	0.71
120	161.81	110.09	30	1.74
121	165.83	67.31	27	1.66
122	32.3	15.45	30	1.22
123	98.67	38.75	28	0.77
Period: 27
Tasks:10
id	x	y	end	c
277	162.77	65.63	27	71.56
278	69.1	174.55	28	80.7
279	191.08	98.74	27	91.09
280	11.91	72	28	92.43
281	151.72	124.82	29	57.37
282	9.29	15.32	30	124.09
283	121.3	149.65	30	54.03
284	186.36	157.94	28	104
285	108.44	89.61	27	13.39
286	29	83.82	29	72.82
Drivers: 4
id	x	y	end	sensitivity
124	98.05	139.24	30	1.52
125	196.12	128.56	30	1.9
126	5.69	24.22	29	0.65
127	60.78	102.1	31	0.58
Period: 28
Tasks:9
id	x	y	end	c
287	95.97	5.25	28	94.84
288	15.03	132.15	32	90.85
289	139.07	63.07	30	53.76
290	168.02	164.78	29	93.93
291	102.64	64.46	29	35.64
292	78.62	147.88	30	52.44
293	158.35	151.23	29	77.65
294	91.42	75.56	30	25.9
295	25.47	1.09	30	123.85
Drivers: 4
id	x	y	end	sensitivity
128	26.36	73.03	30	1.83
129	70.83	157.29	33	0.88
130	182.77	188.88	29	1.23
131	28.59	146.19	31	0.87
Period: 29
Tasks:8
id	x	y	end	c
296	96.7	156.66	30	56.76
297	127.17	170.67	30	75.71
298	11.96	197.98	29	131.72
299	36.64	0.36	29	118.08
300	100.27	58.18	30	41.82
301	2.67	179.87	30	125.91
302	89.25	44.07	29	56.95
303	87.52	70.6	30	31.94
Drivers: 4
id	x	y	end	sensitivity
132	121.93	170.76	30	1.34
133	137.35	27.06	33	1.8
134	186.54	114.16	29	1.85
135	23.11	192.89	32	0.84
Period: 30
Tasks:14
id	x	y	end	c
304	70.86	10.84	30	93.8
305	83.84	9.41	31	92.02
306	85.73	19.89	31	81.37
307	16.9	133.12	31	89.46
308	91.2	164.46	31	65.06
309	138.15	8.07	30	99.53
310	118.74	102.59	30	18.92
311	70.85	81.05	31	34.77
312	169.19	169.33	31	97.95
313	172.15	97.33	30	72.2
314	143.41	190.48	32	100.35
315	58.18	159.34	31	72.6
316	122.98	9.49	33	93.38
317	97.12	73.54	31	26.62
Drivers: 10
id	x	y	end	sensitivity
136	75.12	88.41	32	0.94
137	122.99	191.3	34	1.79
138	79.88	55.62	32	1.88
139	172.78	45.64	34	0.88
140	135.91	189.21	34	0.66
141	190.72	158.51	32	0.53
142	95.86	127.92	31	1
143	196.98	23.96	33	0.65
144	145.91	140.32	32	1.16
145	1.41	82.08	30	1.16
Period: 31
Tasks:11
id	x	y	end	c
318	88.04	128.63	32	31.03
319	55.13	96.4	31	45.01
320	6.72	89.9	32	93.83
321	92.7	178.05	32	78.39
322	194.73	133.38	36	100.44
323	74.8	24.3	33	79.78
324	88.73	8.12	32	92.57
325	133.18	80.95	33	38.26
326	33.7	101.17	31	66.31
327	69.7	118.2	32	35.35
328	65.1	72.6	31	44.37
Drivers: 3
id	x	y	end	sensitivity
146	189.72	91.22	32	0.98
147	92	155.53	35	1.14
148	166.29	171.21	33	0.6
Period: 32
Tasks:8
id	x	y	end	c
329	132.61	94.77	32	33.03
330	80.38	185.17	33	87.4
331	60.25	99.5	33	39.75
332	48.89	4.67	35	108.17
333	181.65	149.72	33	95.6
334	12.35	1.97	32	131.5
335	64.85	90.51	33	36.41
336	156.36	197.19	32	112.35
Drivers: 7
id	x	y	end	sensitivity
149	13.49	147.86	34	1.89
150	123.64	91.17	36	1.12
151	169.8	145.75	36	1.6
152	24.22	130.49	37	1.7
153	176.75	181.35	35	1.27
154	174.03	103.21	34	1.19
155	123.7	142.18	34	1.8
Period: 33
Tasks:11
id	x	y	end	c
337	124.16	8.82	35	94.33
338	161.3	171.41	35	94.11
339	89.02	88.45	33	15.94
340	94.47	97.85	34	5.93
341	65.48	47.8	33	62.58
342	39.05	194.69	33	112.61
343	146.12	9.09	33	101.94
344	1.04	123.46	33	101.7
345	64.79	157.78	33	67.66
346	30.46	56.73	34	81.9
347	102.53	175.99	35	76.03
Drivers: 3
id	x	y	end	sensitivity
156	127.38	99.88	35	1.14
157	14.51	71.99	37	1.07
158	54.75	31.61	36	1.76
Period: 34
Tasks:10
id	x	y	end	c
348	41.88	124.26	34	62.98
349	168.22	148.8	35	83.88
350	156.16	151.04	34	75.89
351	20.73	87.7	34	80.22
352	135.7	31.72	34	77.05
353	59.81	102.93	35	40.3
354	58.22	73.75	35	49.34
355	151.21	3.48	34	109.26
356	110.08	34.97	36	65.81
357	162.92	69.42	35	69.96
Drivers: 2
id	x	y	end	sensitivity
159	60.25	182.88	36	1.47
160	107.58	49.71	36	0.59
Period: 35
Tasks:12
id	x	y	end	c
358	66.06	174.28	36	81.67
359	86.68	182.06	37	83.13
360	71.98	145.45	37	53.39
361	189.2	81.51	35	91.1
362	69.92	103.5	37	30.28
363	132.24	54.19	35	56.02
364	0.41	125.28	38	102.75
365	5.54	46.14	35	108.74
366	7.17	157.78	36	109.34
367	73.73	72.16	35	38.28
368	120.23	34.5	35	68.55
369	147.09	48.77	37	69.58
Drivers: 1
id	x	y	end	sensitivity
161	73.08	94.76	38	1.13
Period: 36
Tasks:12
id	x	y	end	c
370	170.01	172.24	37	100.6
371	132.09	153.58	36	62.45
372	27.93	195.2	39	119.4
373	113.91	175.97	38	77.23
374	35.99	12.92	36	108.08
375	30.66	127.02	37	74.42
376	148.95	142.26	37	64.67
377	22.57	147.87	38	91.03
378	58.84	76.06	36	47.62
379	15.09	28.35	37	111.1
380	18.01	52.92	38	94.55
381	17.58	16.03	36	117.66
Drivers: 4
id	x	y	end	sensitivity
162	109.57	152.64	36	1.68
163	88.42	72.24	37	1.9
164	87.12	181.62	38	0.67
165	129.42	112.31	38	1.31
Period: 37
Tasks:14
id	x	y	end	c
382	22.36	190.27	37	119.07
383	180.88	145.64	38	92.87
384	130.97	85.75	38	34.09
385	138.53	147.15	38	60.89
386	8.45	100.02	38	91.55
387	166.97	96.2	38	67.08
388	3.54	6.43	37	134.39
389	27.72	123.74	38	76.08
390	80.45	193.78	39	95.8
391	30.26	187.61	38	111.98
392	83.23	7.29	38	94.21
393	60.81	90.93	39	40.23
394	48.73	5.14	38	107.83
395	146.2	33.26	37	81.17
Drivers: 5
id	x	y	end	sensitivity
166	60.43	195.38	45	1.99
167	117.66	62	44	1.79
168	166.21	135.27	37	1.54
169	67.91	66.62	39	1.02
170	70.42	140.18	38	1.67
Period: 38
Tasks:12
id	x	y	end	c
396	173.81	54.03	39	86.95
397	51.61	19.82	38	93.65
398	113.78	68.97	40	33.95
399	167.72	99.1	39	67.73
400	2.88	195.93	38	136.51
401	105.56	121.11	39	21.83
402	161.99	101.57	38	62.01
403	163.59	190.1	38	110.28
404	21.99	130.26	38	83.67
405	66.14	60.02	38	52.39
406	180.5	144.06	38	91.77
407	90.03	4.79	38	95.73
Drivers: 6
id	x	y	end	sensitivity
171	178.07	90.21	42	1.21
172	94.92	164.53	39	1.01
173	167.95	64.24	41	1.47
174	9.41	64.77	40	1.05
175	191.59	93.5	40	1.64
176	117.84	183.95	42	0.79
Period: 39
Tasks:6
id	x	y	end	c
408	185.9	85.1	39	87.18
409	87.87	124	40	26.89
410	101.43	186.26	39	86.27
411	55.84	59.34	41	60.03
412	152.59	85.89	40	54.45
413	188.06	102.63	39	88.1
Drivers: 8
id	x	y	end	sensitivity
177	189.93	38.75	43	1.29
178	6.53	151.03	42	1.97
179	94.41	113.48	43	1.67
180	135.78	181.92	43	1.61
181	74	194.34	39	1.65
182	171.63	59.62	41	1.36
183	57.39	99.27	40	0.65
184	45.76	112.69	41	1.91
Period: 40
Tasks:9
id	x	y	end	c
414	74.37	124.54	40	35.48
415	149.46	182.59	42	96.27
416	84.77	37.91	41	63.93
417	72.33	63.31	40	45.95
418	108.03	28.76	41	71.69
419	91.69	118.91	40	20.66
420	101.26	187.12	41	87.13
421	57.45	35.23	41	77.5
422	183.28	174.12	40	111.49
Drivers: 4
id	x	y	end	sensitivity
185	10.72	149.09	45	0.86
186	170.98	51.6	40	1.64
187	191.52	139.59	45	0.52
188	188.16	23.79	44	1.94
Period: 41
Tasks:10
id	x	y	end	c
423	5.39	24.51	43	121.04
424	63.66	113.04	43	38.61
425	156.25	90.06	44	57.12
426	25.93	185.87	41	113.4
427	183.99	132.54	41	90.07
428	61.23	67	43	50.91
429	73.72	6.03	41	97.58
430	32.24	15.31	43	108.46
431	16.9	15.23	43	118.71
432	59.62	127.26	42	48.72
Drivers: 6
id	x	y	end	sensitivity
189	20.64	20.77	44	1.31
190	31.04	175.37	43	1.95
191	21.85	152.59	44	1.22
192	186.63	191.75	46	1.8
193	74.88	56.36	45	1.87
194	155.61	50.94	44	0.76
Period: 42
Tasks:13
id	x	y	end	c
433	86.89	85.1	42	19.85
434	162.73	65.63	42	71.53
435	79.16	10.85	42	91.55
436	44.57	173.09	44	91.73
437	138.64	158.02	42	69.71
438	81.77	134.87	42	39.35
439	94.9	103.86	44	6.4
440	72.86	122.69	43	35.38
441	193	145.32	44	103.45
442	169.3	131.72	42	76.21
443	83.28	86.98	45	21.19
444	98.96	57.56	43	42.45
445	119.22	12.68	42	89.41
Drivers: 8
id	x	y	end	sensitivity
195	45.28	165.61	43	1.84
196	105.11	39.36	45	1.61
197	42.2	120.85	44	1.02
198	68.55	99.14	44	1.06
199	42.75	154.41	46	0.9
200	122.18	138.1	47	1.27
201	139.78	49.99	44	1.21
202	25.77	106.82	44	1.81
Period: 43
Tasks:5
id	x	y	end	c
446	32.7	190.1	43	112.46
447	11.78	2.8	44	131.27
448	107.98	181.02	43	81.41
449	23.27	63.22	43	85.09
450	190.88	148.07	43	102.81
Drivers: 4
id	x	y	end	sensitivity
203	137.37	112.69	48	1.54
204	46.77	55.87	45	1.78
205	85.08	171.96	45	0.78
206	176.02	147.29	46	1.97
Period: 44
Tasks:12
id	x	y	end	c
451	127.46	18.15	44	86.33
452	69.83	115.52	44	33.93
453	180.63	13.83	44	118.01
454	118.96	9.84	45	92.13
455	90.48	157.87	44	58.65
456	40.12	7.69	47	110.03
457	107.85	79.37	44	22.07
458	181.88	148.56	46	95.2
459	167.01	156.89	44	87.9
460	5.28	175.75	44	121.28
461	44.46	10.34	46	105.47
462	96.12	9	48	91.08
Drivers: 7
id	x	y	end	sensitivity
207	24.95	37.87	48	1.8
208	118.3	38.41	50	1.41
209	33.38	177.61	47	1.4
210	152.97	13	47	1.79
211	122.89	11.46	45	0.7
212	68.12	159.03	47	1.67
213	98.89	92.12	47	1.62
Period: 45
Tasks:13
id	x	y	end	c
463	151.81	90.58	46	52.66
464	139.07	40.21	46	71.42
465	97.73	141.83	45	41.89
466	118.33	68.03	45	36.85
467	1.79	101.54	47	98.22
468	199.83	105.87	45	100
469	123.19	102.14	46	23.29
470	132.82	166.92	46	74.53
471	6.51	42.92	48	109.54
472	53.03	190.05	46	101.56
473	85.07	84.12	45	21.8
474	39.87	2.84	45	114.26
475	164.01	126.21	46	69.17
Drivers: 6
id	x	y	end	sensitivity
214	11.17	104.74	46	1.62
215	153.18	132.3	48	1.21
216	97.58	171.89	49	1.73
217	88.54	151.56	47	1.02
218	187.89	195.8	49	0.81
219	174.27	96.76	46	1.19
Period: 46
Tasks:9
id	x	y	end	c
476	10.86	185.08	46	123.23
477	149.47	157.61	46	75.94
478	13.31	161.65	46	106.38
479	43.17	131.15	47	64.81
480	118.27	64.48	47	39.94
481	8.53	118.66	48	93.35
482	176.57	84.62	48	78.1
483	46.3	5.76	47	108.47
484	88.99	102.9	46	11.39
Drivers: 3
id	x	y	end	sensitivity
220	23.81	194.77	47	0.72
221	186.83	175.73	49	1.57
222	40.59	99.22	53	1.78
Period: 47
Tasks:16
id	x	y	end	c
485	178.86	126.71	48	83.26
486	166.93	113.66	47	68.31
487	9.25	57.95	47	100.02
488	152.89	38.18	47	81.36
489	171.05	47.67	47	88.24
490	114.38	39.7	49	61.99
491	35.13	33.93	47	92.59
492	174.61	85.38	48	76.03
493	108.73	110.87	48	13.94
494	54.35	188.09	48	99.22
495	34.31	56.43	48	78.83
496	104.89	189.93	48	90.06
497	30.14	98.22	47	69.88
498	124.36	90.75	48	26.06
499	131.51	177.89	48	84.02
500	62.03	73.27	47	46.44
Drivers: 6
id	x	y	end	sensitivity
223	174.78	73.58	48	1.5
224	30.47	170.21	48	1.42
225	128.65	26.42	49	1.73
226	153.2	105.65	50	1.42
227	121.38	26.28	51	1.3
228	14.07	133.66	50	1.26
Period: 48
Tasks:8
id	x	y	end	c
501	20.46	5.29	48	123.68
502	30.46	54.11	48	83.32
503	176.3	157.14	49	95.32
504	62.33	110.51	49	39.11
505	180.07	42.08	48	98.82
506	152.35	93.87	48	52.71
507	103.42	74.53	48	25.7
508	111.8	118.49	50	21.93
Drivers: 3
id	x	y	end	sensitivity
229	113.11	133.79	50	1.05
230	93.18	136.12	51	0.83
231	115.97	174.49	52	0.89
Period: 49
Tasks:6
id	x	y	end	c
509	14.17	143.8	51	96.36
510	81.61	68.2	50	36.73
511	132.57	55.12	49	55.45
512	149.77	144.06	51	66.47
513	27.08	24.11	50	105.25
514	146.18	194.92	49	105.56
Drivers: 5
id	x	y	end	sensitivity
232	37.47	57.9	51	1.48
233	81.38	98.76	52	1.59
234	135.41	50.72	52	1.5
235	143.06	102.26	51	1.28
236	90.72	104.94	52	1.8
Period: 50
Tasks:7
id	x	y	end	c
515	73.63	92.08	52	27.53
516	39.18	86.2	50	62.37
517	154.76	183.73	52	100.05
518	2.55	158.84	51	113.84
519	33.15	66.03	50	74.99
520	168.2	138.93	50	78.53
521	46.35	155.59	51	77.26
Drivers: 4
id	x	y	end	sensitivity
237	58.85	123.08	52	1.96
238	90.96	150.79	54	1.31
239	6.38	98.62	56	1.67
240	88.83	187.07	54	1.62
Period: 51
Tasks:9
id	x	y	end	c
522	186.1	177.96	51	116.15
523	48.48	39.06	51	79.8
524	131.82	165.04	51	72.41
525	14.58	168.17	52	109.29
526	61.11	84.28	55	41.95
527	47.69	33.7	52	84.45
528	61.69	168.65	51	78.62
529	178.73	65.07	51	86.13
530	73.73	154.66	52	60.65
Drivers: 7
id	x	y	end	sensitivity
241	184.54	21.85	54	0.57
242	163.72	150.11	56	1.72
243	60.68	184.53	54	1.96
244	127.35	2.46	53	1.65
245	2.79	182.24	53	0.62
246	31.17	1.96	54	2
247	187.42	20.25	53	0.74
Period: 52
Tasks:13
id	x	y	end	c
531	104.43	90.94	53	10.09
532	122.41	168.84	55	72.4
533	81.65	44.65	55	58.31
534	197.08	4.82	53	135.95
535	148.96	85.27	58	51.13
536	155.63	170.58	52	89.87
537	107.96	134.38	52	35.29
538	95.1	88.64	54	12.37
539	167.2	108.87	52	67.78
540	4.66	156.68	52	110.92
541	98.09	144.67	53	44.71
542	85.38	175.41	52	76.81
543	40.3	90.83	56	60.4
Drivers: 4
id	x	y	end	sensitivity
248	136.96	36.52	55	1.16
249	155.2	86.46	56	1.76
250	86.89	40.16	55	0.6
251	70.28	153.18	54	1.7
Period: 53
Tasks:7
id	x	y	end	c
544	141.95	69.61	54	51.8
545	75.67	14.23	53	89.15
546	50.69	188.36	54	101.19
547	14.96	108.89	53	85.5
548	151.2	72.78	53	57.99
549	151.21	1.48	54	111.03
550	193.95	43.26	55	109.75
Drivers: 8
id	x	y	end	sensitivity
252	36.83	24.73	54	1.05
253	123.65	83.97	54	0.51
254	98.6	112.74	54	0.7
255	7.62	189.19	55	1.81
256	35.6	88.98	57	1.31
257	49.89	4.15	57	0.61
258	142.13	106.19	61	0.74
259	181.03	28.96	56	1.17
Period: 54
Tasks:9
id	x	y	end	c
551	58.51	139.28	55	57.13
552	151.1	192.62	57	105.78
553	186.22	114.66	57	87.46
554	20.65	36.77	55	101.46
555	124.68	197.9	55	100.96
556	40.79	81.71	56	61.97
557	156.96	42.04	54	81.26
558	52.99	49.27	57	69.16
559	147.53	110.7	55	48.72
Drivers: 7
id	x	y	end	sensitivity
260	23.17	65.76	57	0.78
261	141.16	103.33	57	0.77
262	124.14	72.32	57	1.12
263	107.66	52.88	60	1.17
264	198.54	192.67	59	0.57
265	7.92	19.64	55	1.89
266	131.82	68.23	58	1.89
Period: 55
Tasks:14
id	x	y	end	c
560	29.92	68.76	58	76.73
561	185.56	64.82	58	92.51
562	72.33	35.54	55	70.15
563	42.3	194.74	56	110.93
564	125.29	72.47	55	37.38
565	184.35	73.23	58	88.5
566	191.94	178.02	56	120.58
567	150.9	48	55	72.77
568	172.99	132.7	55	79.98
569	91.14	2.3	58	98.1
570	69.28	58.47	55	51.66
571	105.33	159.08	56	59.32
572	3	53.9	55	107.4
573	54.06	13.72	56	97.75
Drivers: 3
id	x	y	end	sensitivity
267	164.11	77.12	57	1.75
268	150.45	163.4	56	1.31
269	154.81	36.18	55	0.83
Period: 56
Tasks:6
id	x	y	end	c
574	146.1	14.14	56	97.45
575	30.54	4.93	57	117.74
576	103.53	7.45	56	92.62
577	26.8	73.77	58	77.76
578	194.61	196.83	56	135.38
579	168.89	16.32	56	108.39
Drivers: 8
id	x	y	end	sensitivity
270	152.22	155.46	58	1.1
271	21.05	160.53	61	1.33
272	178.57	63.98	56	0.93
273	131.7	83.2	58	0.93
274	47.74	13.57	61	1.29
275	144.88	127.14	58	0.89
276	158.98	150.21	56	1.31
277	152.95	44.97	61	1.15
Period: 57
Tasks:9
id	x	y	end	c
580	74.64	197.62	57	100.86
581	66.52	83.28	57	37.42
582	171.52	119.97	59	74.26
583	189.1	23.16	57	117.66
584	56.39	9.87	62	100.13
585	89.19	107.29	59	13.04
586	47.77	52.77	60	70.42
587	13.16	8.3	57	126.29
588	164.16	138.41	58	74.78
Drivers: 3
id	x	y	end	sensitivity
278	141.73	45.18	58	1.56
279	3.8	41.96	59	1.36
280	113.9	164.7	59	1.92
Period: 58
Tasks:10
id	x	y	end	c
589	154.22	148.84	60	72.97
590	52.64	122.18	60	52.3
591	73.78	165.08	58	70.16
592	12.33	2.63	58	131.02
593	0.16	15.55	59	130.77
594	22.07	140.1	60	87.64
595	159.54	145.09	58	74.69
596	146.8	107.15	60	47.34
597	57.79	132.26	61	53.13
598	130.32	36.86	58	70.04
Drivers: 8
id	x	y	end	sensitivity
281	5.31	156.82	63	0.8
282	144.78	187.4	60	1.87
283	24.11	105.46	61	0.78
284	117.02	59.03	58	0.75
285	100.74	66.15	59	1.5
286	175.64	106.28	58	1.51
287	74.04	125.96	61	1.3
288	107.37	83.39	62	1.04
Period: 59
Tasks:10
id	x	y	end	c
599	161.34	179.89	60	100.72
600	157.87	163.43	60	85.86
601	24.65	98.34	59	75.37
602	51.5	146.98	59	67.52
603	146.2	188.76	59	100.06
604	11.65	27.86	59	114.06
605	96.85	53.62	59	46.49
606	154.44	134.75	62	64.59
607	174.49	59.25	59	84.91
608	152.45	123.83	61	57.61
Drivers: 2
id	x	y	end	sensitivity
289	86.41	100.84	62	0.58
290	1.56	44.38	61	1.43
Period: 60
Tasks:5
id	x	y	end	c
609	125.62	146.3	62	52.92
610	63.87	172.13	62	80.67
611	6.05	80.01	60	96.05
612	175.63	120.17	60	78.27
613	176.65	128.7	60	81.85
Drivers: 6
id	x	y	end	sensitivity
291	160.28	176.12	66	1.46
292	187.32	182.01	62	0.99
293	104.05	119.66	60	1.37
294	89.03	109.09	66	1.71
295	144.58	127.77	63	0.62
296	45.88	8.62	62	0.97
Period: 61
Tasks:10
id	x	y	end	c
614	194.54	128.37	62	98.7
615	136.27	14.32	62	93.04
616	26.1	137.95	62	83.07
617	84.86	61.46	63	41.41
618	39.71	39.48	62	85.43
619	139.21	28.24	62	81.77
620	30.05	136.09	61	78.71
621	2.65	7.35	63	134.39
622	28.34	165.7	64	97.22
623	105.11	40.14	65	60.08
Drivers: 8
id	x	y	end	sensitivity
297	59.49	107.32	63	1.26
298	85.97	13.42	61	1.04
299	192.88	152.21	62	0.93
300	2.28	38.64	61	1.9
301	28.91	176.32	65	1.91
302	190.08	71.44	64	0.79
303	48.18	8.14	61	1.75
304	199.27	42.51	63	1.14
Period: 62
Tasks:8
id	x	y	end	c
624	97.1	86.79	63	13.52
625	172.23	26.43	63	103.1
626	160.1	54.67	63	75.28
627	13.08	6.27	63	127.83
628	160.7	155.19	62	82.04
629	142.22	43.75	63	70.33
630	150.47	108.3	62	51.15
631	126.41	15.7	62	88.34
Drivers: 4
id	x	y	end	sensitivity
305	64.44	138.88	65	1.59
306	83.89	133.1	63	1.91
307	95.41	181.07	64	1.24
308	181.63	191.58	69	1.48
Period: 63
Tasks:12
id	x	y	end	c
632	115.49	40.14	64	61.83
633	6.91	163.23	63	112.53
634	144.6	138.11	63	58.66
635	93.01	158.81	64	59.22
636	137.67	46.21	64	65.67
637	64.53	2.67	65	103.59
638	75.4	27.36	63	76.69
639	169.95	31.22	65	98.1
640	150.9	122.32	64	55.58
641	82.59	55.98	65	47.34
642	85.25	25.75	64	75.7
643	55.82	7.36	63	102.64
Drivers: 4
id	x	y	end	sensitivity
309	75.51	3.93	67	0.93
310	153.02	123.61	69	1.9
311	28.26	179.49	66	1.65
312	89.59	52.59	66	0.86
Period: 64
Tasks:10
id	x	y	end	c
644	154.68	140.65	64	68.13
645	88.34	187.13	66	87.91
646	114.81	14.91	65	86.37
647	177.02	172.23	65	105.59
648	105.63	161.89	64	62.15
649	160.36	76.58	65	64.74
650	125.94	26.12	64	78.3
651	78.88	57.62	64	47.35
652	64.92	152.65	64	63.27
653	118.99	141.39	66	45.54
Drivers: 3
id	x	y	end	sensitivity
313	30.8	105.12	65	1.64
314	168.74	89.86	64	1.11
315	73.48	52.08	67	1.97
Period: 65
Tasks:10
id	x	y	end	c
654	32.28	52.11	67	82.94
655	139.47	121.9	66	45.14
656	131.28	113.41	66	34.03
657	173.96	184.88	65	112.58
658	128.08	194.53	66	98.61
659	88.22	17.66	67	83.18
660	140.39	165.23	65	76.72
661	165.23	52.42	67	80.74
662	144.84	80.77	66	48.79
663	68.64	106.9	65	32.11
Drivers: 4
id	x	y	end	sensitivity
316	63.25	125.54	68	0.78
317	176.48	147.38	66	1.91
318	147.92	35.35	67	0.58
319	75.77	95.86	67	1.14
Period: 66
Tasks:13
id	x	y	end	c
664	50.29	174.57	67	89.62
665	30.96	175.75	67	102.49
666	46.02	71.07	67	61.24
667	63.12	121.58	66	42.73
668	121.61	185.46	67	88.15
669	164.32	133.84	68	72.68
670	57.19	65.39	66	55.05
671	105.41	40.91	67	59.34
672	11.32	68.86	68	93.99
673	44.62	166.65	66	86.66
674	143.96	132.13	69	54.45
675	41.67	144.7	66	73.49
676	164.52	188.83	66	109.79
Drivers: 9
id	x	y	end	sensitivity
320	199.7	131.57	67	1.72
321	7.29	176.32	69	0.85
322	40.18	111.76	69	0.73
323	110.24	27.82	70	0.56
324	185.6	99.12	69	1.71
325	107.8	102.79	73	0.81
326	97.13	139.05	68	1.52
327	69.43	24.78	67	1.05
328	45.73	61.61	70	1.54
Period: 67
Tasks:12
id	x	y	end	c
677	11.4	42.92	67	105.39
678	128.2	121.57	68	35.5
679	125.65	106.75	70	26.52
680	106.41	149.11	69	49.53
681	147.59	93.36	69	48.05
682	78.12	174.03	67	77.2
683	105.18	118.63	69	19.34
684	116.65	18.15	69	83.53
685	184.01	30.23	67	109.2
686	10.01	148.52	69	102.24
687	198.31	190.16	69	133.39
688	158.31	46.1	68	79.41
Drivers: 7
id	x	y	end	sensitivity
329	70.55	67.3	68	0.96
330	20.16	66.68	68	1.8
331	196.67	19.29	68	1.92
332	84.05	0.57	68	0.75
333	13.27	66.71	71	0.69
334	5.54	70.48	69	0.85
335	176.23	59.96	71	1.12
Period: 68
Tasks:10
id	x	y	end	c
689	71.44	167.19	70	73.01
690	157.72	131.48	69	65.75
691	156.55	120.94	68	60.3
692	93.21	85.58	68	15.94
693	118.27	83.8	68	24.42
694	155.24	85.36	68	57.15
695	76.76	7.96	69	94.93
696	83.08	194.75	70	96.25
697	58.97	24.1	69	86.28
698	55.26	169.31	70	82.5
Drivers: 3
id	x	y	end	sensitivity
336	29.3	127.18	70	1.76
337	86.82	64.31	70	1.62
338	26.33	1.63	70	0.77
Period: 69
Tasks:9
id	x	y	end	c
699	118.37	157.03	69	59.92
700	79.24	173.55	70	76.42
701	157.36	161.4	74	84.02
702	122.76	167.28	72	71.03
703	163.62	65.5	70	72.37
704	150.71	175.94	70	91.31
705	98.72	83.73	71	16.32
706	120.21	35.61	71	67.49
707	18.77	96.33	70	81.31
Drivers: 3
id	x	y	end	sensitivity
339	56.07	46.33	74	1.37
340	148.86	70.67	72	1.01
341	80.76	87.97	77	1.47
Period: 70
Tasks:9
id	x	y	end	c
708	73.96	4.96	71	98.54
709	0.47	12.05	72	132.82
710	84.42	38.24	70	63.69
711	106.06	33.79	71	66.49
712	53.47	94.26	71	46.88
713	60.86	174.64	71	84.28
714	45.49	125.27	71	60.08
715	167.17	193.66	70	115.26
716	60.77	12.73	72	95.68
Drivers: 3
id	x	y	end	sensitivity
342	101.21	81.68	73	1.87
343	117.78	161.59	70	1.25
344	82.34	80.76	74	0.82
Period: 71
Tasks:11
id	x	y	end	c
717	164.58	97.87	72	64.62
718	186.69	40.73	73	105.01
719	20.99	25.03	72	108.92
720	176.06	169.68	74	103.15
721	129.49	58.32	73	51.06
722	182.28	13.99	73	119.03
723	82.28	14.63	72	87.19
724	107.37	178.34	71	78.69
725	164.15	78.09	73	67.79
726	155.33	47.97	72	75.95
727	189.9	103.55	74	89.97
Drivers: 2
id	x	y	end	sensitivity
345	20.56	143.84	74	1.96
346	126.06	39.51	75	0.72
Period: 72
Tasks:16
id	x	y	end	c
728	101.17	57.32	72	42.7
729	80.14	125.41	75	32.25
730	155.73	90.3	73	56.57
731	126.07	30.37	73	74.35
732	127.5	132.33	73	42.44
733	117.44	100.8	75	17.46
734	102.57	158.41	72	58.47
735	145.81	110.83	73	47.07
736	150.42	52.1	73	69.55
737	66.3	4.01	73	101.73
738	134.61	37.08	72	71.81
739	64.53	50.43	73	60.95
740	33.32	88.64	75	67.64
741	7.01	68.38	74	98.22
742	178.95	29.34	73	105.95
743	118.44	61.52	73	42.67
Drivers: 1
id	x	y	end	sensitivity
347	140.46	77.79	75	0.92
Period: 73
Tasks:10
id	x	y	end	c
744	189.43	174.37	73	116.31
745	196.27	143.77	77	105.75
746	110.68	177.81	75	78.54
747	38.18	25.37	75	96.91
748	177.45	116.2	74	79.13
749	73.18	9.77	74	94.13
750	39.46	108.6	74	61.15
751	14.72	102.21	74	85.31
752	194.92	139.13	73	102.67
753	179.84	100.92	76	79.85
Drivers: 2
id	x	y	end	sensitivity
348	11.54	119.99	77	1.03
349	29.43	184.86	73	1.1
Period: 74
Tasks:11
id	x	y	end	c
754	58.72	9.29	75	99.66
755	145.55	162.28	76	77.16
756	71.31	50.62	76	57.11
757	53.38	105.79	75	46.98
758	160.75	30.75	74	92.12
759	15.54	28.63	75	110.58
760	20.66	77.49	74	82.47
761	139.83	149.05	76	63.18
762	88.04	96.38	78	12.5
763	67.84	88.75	74	34.07
764	171.29	57.56	74	82.97
Drivers: 4
id	x	y	end	sensitivity
350	99.53	186.75	77	0.59
351	28.67	114.79	77	1.09
352	163.45	83.93	76	1.25
353	199.91	66.76	75	0.95
Period: 75
Tasks:10
id	x	y	end	c
765	31.73	54.7	75	81.93
766	8.86	46.18	77	105.84
767	38.37	76.45	78	65.98
768	10.3	50.84	75	102.29
769	191.7	34.42	75	112.74
770	141.18	108.34	75	42.02
771	103.43	59.9	75	40.25
772	43.89	49.13	75	75.74
773	4.77	168.04	75	117.04
774	114.71	177.13	75	78.52
Drivers: 6
id	x	y	end	sensitivity
354	140.36	37.54	77	0.59
355	142.96	107.75	78	1.38
356	103.74	119.38	76	1.94
357	136.14	18.31	76	1.09
358	81.49	24.3	79	1.86
359	52.46	51.45	76	0.84
Period: 76
Tasks:14
id	x	y	end	c
775	164.72	53.54	76	79.67
776	137.17	132.62	78	49.45
777	10.21	194.58	76	130.41
778	144.47	11.34	77	99.19
779	106.91	159.2	76	59.6
780	147.95	5.26	77	106.18
781	31.52	131.7	78	75.46
782	148.35	52.14	76	68.03
783	30.93	62.07	76	78.8
784	27.37	190.19	78	115.8
785	168.93	2.56	78	119.36
786	175.52	74.46	77	79.72
787	63.39	76.13	76	43.7
788	197.76	187.82	76	131.41
Drivers: 3
id	x	y	end	sensitivity
360	50.94	190.03	78	1.26
361	6.22	48.79	78	0.77
362	15.82	159.91	79	1.56
Period: 77
Tasks:12
id	x	y	end	c
789	185.22	61.5	78	93.51
790	131.16	133.31	77	45.61
791	76.67	73.31	79	35.45
792	51.04	134.6	79	59.95
793	99.12	97.11	77	3.02
794	166.54	139.57	78	77.42
795	132.12	85.62	79	35.19
796	147.07	188.92	78	100.61
797	83.1	67.19	78	36.91
798	7.65	11.21	79	128.11
799	132.59	110.51	78	34.24
800	15.55	145.44	79	95.9
Drivers: 1
id	x	y	end	sensitivity
363	44.52	173.15	79	1.35
Period: 78
Tasks:11
id	x	y	end	c
801	128.46	127.67	78	39.69
802	0.01	156.26	79	114.73
803	186.91	138.81	78	95.18
804	14.22	21.74	79	116.12
805	79.51	131.37	78	37.47
806	147.83	59.53	80	62.65
807	134.92	49.61	79	61.31
808	85.08	66.07	79	37.07
809	86.88	106.55	81	14.66
810	72.15	164.91	80	70.63
811	36.24	147.67	79	79.61
Drivers: 7
id	x	y	end	sensitivity
364	181.56	13.29	82	1.05
365	183.25	79.17	78	0.92
366	149.62	150.5	82	0.66
367	183.9	76.54	83	0.51
368	102.03	14.08	82	0.92
369	40.2	111.18	80	1.64
370	155.32	116.58	82	1.14
Period: 79
Tasks:7
id	x	y	end	c
812	134.41	196.59	80	102.54
813	42.14	68.08	80	66.08
814	159.45	190.92	79	108.63
815	164.89	28.32	81	96.69
816	12.94	169.86	79	111.62
817	144.89	47.11	79	69.37
818	26.26	91.49	80	74.23
Drivers: 6
id	x	y	end	sensitivity
371	189.03	175.51	82	1.88
372	100.26	56.8	82	1.19
373	2.46	196.42	82	0.8
374	4.49	172.63	81	1.59
375	122.07	186.67	82	1.81
376	127.78	6.14	85	0.88
Period: 80
Tasks:8
id	x	y	end	c
819	158.35	128.04	81	64.74
820	190.11	97.52	81	90.14
821	169.73	187.13	81	111.6
822	134.69	116.76	81	38.53
823	172	160.44	82	94.01
824	71.01	126.82	83	39.49
825	38.63	163.62	80	88.4
826	58.2	26.72	81	84.36
Drivers: 4
id	x	y	end	sensitivity
377	169.17	15.69	82	1.76
378	6.5	110.74	86	1.2
379	0.77	173.82	82	0.65
380	136.42	84.02	86	0.64
Period: 81
Tasks:9
id	x	y	end	c
827	69.75	70.07	82	42.55
828	28.46	90.06	81	72.23
829	5.95	149.85	82	106.44
830	92.73	42.37	82	58.09
831	44.42	90.68	82	56.36
832	74.16	31.18	81	73.51
833	7.28	185.31	81	126
834	166.79	71.78	81	72.51
835	174.11	68.31	82	80.6
Drivers: 8
id	x	y	end	sensitivity
381	165.72	80.81	84	1.76
382	139.22	184.88	83	1.05
383	172.53	178.52	83	1.96
384	122.41	182.27	84	1.6
385	169.27	112.67	84	0.81
386	193.21	16.04	81	1.2
387	114.87	164.99	88	1.8
388	79.67	107.3	84	0.76
Period: 82
Tasks:13
id	x	y	end	c
836	91.79	121.68	83	23.18
837	53.8	195.72	82	106.29
838	141.09	25.74	82	84.87
839	90.61	89.71	83	13.93
840	96.82	35.58	82	64.5
841	151.97	163.34	83	81.93
842	170.89	38.09	82	94.12
843	7.74	102.98	83	92.31
844	144.11	55.38	85	62.74
845	7.66	29.16	83	116.38
846	48.95	77.52	84	55.78
847	36.18	17.65	83	104.19
848	44.64	103.74	84	55.49
Drivers: 7
id	x	y	end	sensitivity
389	127.07	100.18	90	0.78
390	26.51	101.5	84	0.54
391	41.81	67.57	85	1.73
392	178.61	120.64	85	1.52
393	173.96	31.09	85	0.68
394	101.92	84.42	87	0.57
395	23.34	157.99	86	1.95
Period: 83
Tasks:9
id	x	y	end	c
849	176.38	180.26	86	110.8
850	74.89	126.89	85	36.79
851	132.23	56.59	84	54.07
852	92.11	38.56	85	61.94
853	25.12	118.69	84	77.18
854	90.74	110.2	83	13.78
855	3.05	66.57	85	102.55
856	187.89	129	85	92.55
857	119.57	9.52	83	92.57
Drivers: 7
id	x	y	end	sensitivity
396	50.98	186.64	87	0.67
397	166.96	137.81	89	1.07
398	23.3	96.01	87	1.08
399	194.58	114.54	88	1.4
400	17.06	173.4	84	1.63
401	165.08	156.29	83	1.49
402	134.89	56.42	87	1.5
Period: 84
Tasks:13
id	x	y	end	c
858	68.14	74.36	87	40.9
859	150.99	118.11	84	54.11
860	23.43	71.7	87	81.63
861	188.3	162.65	85	108.27
862	52.19	149.97	85	69.16
863	26.05	108.55	85	74.44
864	58.47	132.53	84	52.75
865	111.81	117.73	85	21.3
866	175.2	90.16	84	75.84
867	197.46	189.14	84	132.08
868	24.34	153.23	84	92.51
869	195.07	115.94	84	96.4
870	167.02	32.8	84	94.91
Drivers: 6
id	x	y	end	sensitivity
403	16.08	153.83	86	1.32
404	35.38	151.35	89	0.64
405	182.92	27.08	87	0.52
406	87.61	167.47	89	1.86
407	166.94	31.68	85	0.78
408	190.72	172.38	88	1.72
Period: 85
Tasks:16
id	x	y	end	c
871	171.56	50.72	87	86.89
872	126.55	107.43	86	27.57
873	137.72	197.18	87	104.24
874	77.31	53.93	86	51.35
875	14.26	77.21	86	88.72
876	189.3	47.19	85	103.75
877	135.28	159.36	85	69.05
878	185.13	23.42	87	114.51
879	89.35	71.46	88	30.46
880	54.68	179.54	87	91.55
881	69.6	60.02	86	50.23
882	163.35	38.7	88	88.15
883	115.51	34.25	85	67.55
884	104.66	147.37	88	47.6
885	92.55	19.1	88	81.24
886	80.32	74.73	88	32.03
Drivers: 5
id	x	y	end	sensitivity
409	61	27.34	86	0.75
410	98.22	46.6	89	1.26
411	125.64	192.52	89	1.85
412	120.32	196	88	1.69
413	108.28	9.61	89	0.52
Period: 86
Tasks:10
id	x	y	end	c
887	98.83	21.67	87	78.34
888	144.17	95.38	89	44.41
889	87.39	126.98	86	29.78
890	150.65	186.22	89	100
891	77.09	192.85	88	95.63
892	193.3	0.74	86	136.23
893	30.6	148.06	88	84.42
894	145.44	57.99	86	61.88
895	22.01	199.93	88	126.76
896	58.71	91.72	86	42.11
Drivers: 8
id	x	y	end	sensitivity
414	194.72	4.97	91	1.85
415	172.32	45.9	92	0.53
416	193.84	85.83	87	1.69
417	86.42	67.06	92	0.93
418	153.71	103.07	89	0.86
419	192.97	159.97	90	0.66
420	196.45	88.91	86	1.41
421	106.52	81.18	88	1.91
Period: 87
Tasks:6
id	x	y	end	c
897	85.45	183.98	87	85.23
898	57.05	199.79	90	108.64
899	26.02	170.32	87	102.07
900	114.62	182.17	87	83.46
901	172.16	195.2	87	119.46
902	101.47	190.67	88	90.68
Drivers: 2
id	x	y	end	sensitivity
422	196.28	170.03	89	0.8
423	112.12	106.47	89	1.69
Period: 88
Tasks:8
id	x	y	end	c
903	157.67	117.28	89	60.2
904	101.97	26.93	89	73.1
905	165.47	189.5	89	110.89
906	145.99	169.32	88	83.19
907	117.8	155.31	88	58.1
908	142.17	128.55	88	50.93
909	37.49	56.2	90	76.33
910	182.85	5.41	89	125.74
Drivers: 8
id	x	y	end	sensitivity
424	25.74	66.56	91	1.33
425	171.47	23.07	91	0.72
426	156.6	54.22	92	1.43
427	2.76	112.83	95	0.94
428	95.73	63.14	92	1.94
429	1.98	127.17	90	1.72
430	152.84	71.71	91	1.21
431	119.72	137.48	90	1.28
Period: 89
Tasks:10
id	x	y	end	c
911	3.34	140.27	89	104.71
912	169.76	179.19	89	105.53
913	33.22	139	90	77.33
914	110.08	185.35	90	85.94
915	5.61	127.51	90	98.32
916	36.94	120.04	90	66.17
917	10.15	137.44	89	97.34
918	129.95	30.77	90	75.43
919	156	56.08	89	71.17
920	23.53	4	89	122.73
Drivers: 10
id	x	y	end	sensitivity
432	179.81	81.85	90	1.57
433	114.82	153.04	92	1.51
434	121.07	125.46	96	0.82
435	150.31	20.83	91	0.85
436	147.38	81.02	95	1.29
437	102.79	31.2	89	0.69
438	166.91	76.98	92	1.44
439	198.49	126.36	90	1.11
440	30.76	162.29	91	0.89
441	151.29	62.15	93	1.72
Period: 90
Tasks:5
id	x	y	end	c
921	176.37	148.71	95	90.58
922	143.26	197.5	91	106.67
923	153.1	3.71	90	109.96
924	135.43	196.69	91	102.98
925	103.48	132.15	90	32.34
Drivers: 7
id	x	y	end	sensitivity
442	117.63	146.52	92	0.81
443	114.68	195.1	90	1.4
444	28.56	155.5	92	1.02
445	102.29	164.79	91	1.27
446	82.13	55.81	92	0.81
447	138.95	58.61	95	1.86
448	63.2	197.18	92	0.87
Period: 91
Tasks:12
id	x	y	end	c
926	37.66	73.76	92	67.64
927	98.15	185.05	93	85.07
928	43.87	115.81	91	58.31
929	50.74	42.82	91	75.47
930	169.13	59.4	94	80.17
931	17.29	104.44	91	82.83
932	135.16	87.46	92	37.33
933	68.5	174.2	91	80.61
934	134.68	106.76	92	35.33
935	146.29	195.98	92	106.56
936	162.96	55.24	94	77.25
937	173.74	190.71	93	116.9
Drivers: 6
id	x	y	end	sensitivity
449	149.3	98.06	93	1.28
450	176.87	108.57	92	0.61
451	2.38	7.67	95	0.92
452	191.66	134.72	93	0.83
453	150.88	161.54	93	1.07
454	86.38	174.42	97	0.72
Period: 92
Tasks:10
id	x	y	end	c
938	173.11	82.02	94	75.29
939	142.98	70.67	93	52.03
940	53.03	188.96	94	100.6
941	41.16	119.85	93	62.1
942	32.89	155.07	93	86.81
943	42.99	96.68	92	57.11
944	59.69	179.02	94	88.71
945	154.67	26.53	94	91.58
946	162.55	28.57	93	94.95
947	97.17	37.58	93	62.48
Drivers: 6
id	x	y	end	sensitivity
455	91.91	121.6	95	1.95
456	84.43	198.36	100	0.91
457	134.85	118.72	95	1.19
458	126.02	67.24	94	1.49
459	72.75	158.5	97	1.24
460	195.31	38.84	94	1.85
Period: 93
Tasks:13
id	x	y	end	c
948	131.87	21.66	95	84.57
949	42.87	51.11	95	75.19
950	90.76	168.17	93	68.79
951	30.76	99.46	93	69.24
952	169.01	42.02	94	90.13
953	63.05	77.07	94	43.49
954	0.09	11.75	96	133.3
955	72.18	76.58	93	36.37
956	162.5	75.2	93	67.24
957	68.19	41.29	95	66.77
958	171.43	178.03	94	105.79
959	146.61	52.47	95	66.57
960	10.47	135.73	94	96.4
Drivers: 2
id	x	y	end	sensitivity
461	135.72	128.96	97	0.74
462	36.89	196.29	97	0.74
Period: 94
Tasks:11
id	x	y	end	c
961	89.75	40.52	95	60.36
962	125.46	122.51	96	33.98
963	175.41	176.1	96	107.13
964	185.18	55.02	95	96.33
965	197.44	77.48	95	100.01
966	14.63	149.64	95	98.75
967	24.22	179.86	96	110.09
968	51.72	105.74	97	48.62
969	151.55	161.2	94	80.02
970	133.62	190.53	95	96.57
971	100.82	86.83	96	13.2
Drivers: 12
id	x	y	end	sensitivity
463	109.25	140.03	97	0.93
464	44.22	14.81	99	1.26
465	45.17	160.13	98	1.74
466	115.65	55.5	98	1.17
467	177.77	77.88	96	1.23
468	132.71	25.85	96	1.87
469	150.87	135.64	98	1.41
470	41.15	48.52	98	0.99
471	7.98	93.11	96	1.39
472	102.44	54.71	98	1.71
473	79.73	21.99	101	1.27
474	133.8	153.2	95	0.9
Period: 95
Tasks:9
id	x	y	end	c
972	160.59	79.91	96	63.83
973	112.61	133	95	35.33
974	38.7	81.63	95	63.99
975	55.69	26.16	97	86.11
976	51.94	76.57	97	53.47
977	127.67	54.07	95	53.62
978	178.59	131.76	96	84.76
979	112.78	41.85	98	59.54
980	186.34	42.61	96	103.67
Drivers: 3
id	x	y	end	sensitivity
475	125.62	80.53	100	1.28
476	42.59	105.56	99	1.45
477	96.19	150.8	98	1.43
Period: 96
Tasks:6
id	x	y	end	c
981	120.3	95.51	96	20.79
982	9.25	131.6	99	96.09
983	12.86	191.97	97	126.7
984	126.01	76.97	97	34.74
985	189.68	111.33	96	90.39
986	175.63	198.69	97	124.34
Drivers: 5
id	x	y	end	sensitivity
478	49.23	180.17	102	1.03
479	89.02	180.43	100	0.78
480	33.22	190.55	97	1.26
481	165.81	47.38	98	1.77
482	24.86	58.77	97	1.82
Period: 97
Tasks:5
id	x	y	end	c
987	69.51	199.07	98	103.66
988	9.82	108.61	98	90.59
989	62.72	181.29	98	89.43
990	132.3	183.75	98	89.76
991	59.04	145.6	97	61.3
Drivers: 6
id	x	y	end	sensitivity
483	196.28	27.08	100	0.75
484	55.06	188.91	100	1.3
485	16.12	153.89	101	2
486	20.91	120.13	98	0.8
487	25.82	73.22	101	0.72
488	53.46	93.04	97	0.88
Period: 98
Tasks:13
id	x	y	end	c
992	53.94	190.32	99	101.39
993	3.17	47.77	98	110.02
994	107.09	196.08	99	96.34
995	6.24	117.59	98	95.4
996	10.59	42.96	99	106.06
997	164.76	36.53	98	90.68
998	189.04	47.71	99	103.26
999	173.56	125.82	99	77.96
1000	45.01	163.67	100	84.13
1001	65.64	147.2	100	58.38
1002	70.55	185.86	99	90.77
1003	111.2	133.52	99	35.34
1004	150.91	1.36	98	111
Drivers: 5
id	x	y	end	sensitivity
489	59.51	143.26	103	1.97
490	178.09	101.88	100	1.17
491	36.43	196.82	99	1.01
492	192.48	89.61	103	1.66
493	3.13	179.94	98	0.63
Period: 99
Tasks:12
id	x	y	end	c
1005	38.84	185.59	101	105.2
1006	95.62	52.46	100	47.74
1007	39.51	15.84	100	103.64
1008	56.57	70.41	101	52.55
1009	170.22	21.4	99	105.4
1010	22.44	4.31	102	123.18
1011	172.42	160.53	99	94.39
1012	136.16	198.96	100	105.36
1013	3.32	172.7	99	120.96
1014	40.61	193.37	101	110.66
1015	140.29	124.92	100	47.37
1016	3.76	3.74	101	136.12
Drivers: 1
id	x	y	end	sensitivity
494	78.77	21.42	104	1.11
Period: 100
Tasks:15
id	x	y	end	c
1017	5.91	7.3	101	132.08
1018	42.64	107.48	102	57.85
1019	175.96	52.95	101	89.35
1020	9.7	78.6	101	92.8
1021	102.23	27.08	101	72.95
1022	65.33	56.87	100	55.34
1023	151.84	181.62	101	96.69
1024	14.05	92.51	100	86.28
1025	139.22	162.73	102	73.98
1026	161.17	51.02	100	78.36
1027	191.37	143.27	100	101.1
1028	67.82	61.19	101	50.42
1029	171.37	37.14	101	95.11
1030	29	144.02	102	83.54
1031	83.14	106.53	103	18.08
Drivers: 8
id	x	y	end	sensitivity
495	53.61	156.95	102	1.09
496	104.17	1.69	102	0.63
497	83.96	163.76	103	0.51
498	112.3	176.16	102	1.71
499	5.91	180.92	106	1.1
500	74.05	45.35	106	1.22
501	129.98	176.36	103	1.56
502	104.85	25.89	101	1.33
