Periods: 100
Task Arrival Rate: 5
Task Average Time: 1
Driver Arrival Rate: 15
Driver Average Time: 1
Period: 1
Tasks:4
id	x	y	end	c
1	135.7	86.59	2	38.14
2	94.98	185.45	4	85.6
3	169.1	19.18	3	106.33
4	91.65	190.22	1	90.61
Drivers: 12
id	x	y	end	sensitivity
1	122.93	66.19	1	1.49
2	180.87	35.41	2	0.64
3	104.28	114.89	3	0.99
4	158.99	146.51	2	1.17
5	53.21	39.48	1	1.79
6	178.08	2.51	3	1
7	165.47	168.84	3	0.83
8	52.73	64.84	3	1.81
9	5.33	132.65	2	1.22
10	157.35	151.29	2	0.55
11	4.43	18.11	2	1.47
12	175.26	101.11	3	1.18
Period: 2
Tasks:4
id	x	y	end	c
5	16.34	85.64	2	84.88
6	180.09	156.6	2	98.07
7	99.38	174.88	2	74.88
8	25.13	191.18	3	117.98
Drivers: 23
id	x	y	end	sensitivity
13	167.5	139.4	3	1.13
14	63.8	25.16	2	1.13
15	78.83	25.44	2	0.88
16	22.98	58.68	3	1.97
17	48.49	67.86	5	1.56
18	24.47	102.45	2	1.65
19	156.69	187.87	4	1.45
20	117.08	44.53	3	1.65
21	144.58	102.94	2	1.76
22	91.35	71.28	2	1.59
23	194.76	176.3	2	1.14
24	170.2	75	3	0.87
25	14.27	182.9	3	0.88
26	16.59	89.95	2	1.78
27	151.58	45.32	3	0.95
28	6.66	69.35	3	1.11
29	10.78	160.73	3	1.32
30	147.13	64.56	4	0.98
31	74.82	188.38	3	0.74
32	86.94	172.18	3	1.89
33	177.8	92.85	2	1.36
34	170.98	156.62	3	1.73
35	8	191.05	3	1.77
Period: 3
Tasks:6
id	x	y	end	c
9	55.4	35.57	4	78.36
10	62.19	22.67	3	86.08
11	139.21	40.09	6	71.6
12	77.39	52.25	4	52.83
13	181.45	109.95	3	82.06
14	178.44	85.38	3	79.79
Drivers: 17
id	x	y	end	sensitivity
36	85.25	90.4	6	1.2
37	23.07	187.57	3	0.64
38	70.51	8.7	3	1.5
39	85.89	118.67	4	1.48
40	128.84	49.84	3	0.95
41	69.23	144	5	1.7
42	195.72	180.2	4	1.8
43	69.85	24.34	3	0.9
44	83.06	117.9	6	1.06
45	119.26	69.51	6	1.56
46	180.35	20.21	4	1.85
47	40.62	152.83	3	0.62
48	112.27	7.05	6	1.99
49	107.39	79.62	4	0.53
50	177.46	14.74	4	1.8
51	61.02	102.69	3	0.84
52	80.04	20.64	4	1.01
Period: 4
Tasks:5
id	x	y	end	c
15	183.7	98.76	4	83.71
16	189.03	84.63	4	90.35
17	167.47	35.35	6	93.44
18	187.37	139.75	4	95.99
19	20.8	181.37	4	113.55
Drivers: 14
id	x	y	end	sensitivity
53	68.94	0.89	5	1.11
54	37.6	2.66	4	1.4
55	120.03	2.9	4	1.98
56	46.4	56.6	6	1.25
57	92.41	47.61	4	1.23
58	163.39	73.23	4	1.66
59	186.23	97.86	4	0.63
60	41.51	115.79	9	1.47
61	26.67	7.15	8	0.57
62	121.51	85.14	4	0.72
63	15.47	53.11	5	0.68
64	105.68	19.52	7	0.97
65	107.01	189.73	4	0.59
66	163.33	12.7	5	1.81
Period: 5
Tasks:9
id	x	y	end	c
20	106.02	5.5	5	94.69
21	28.07	174.77	5	103.75
22	129.7	10.06	6	94.72
23	42.02	27.79	5	92.61
24	171.88	19.01	5	108.29
25	58.56	153.78	5	67.89
26	20.46	85.4	7	80.87
27	39.69	72.21	5	66.4
28	126.86	83.35	5	31.6
Drivers: 12
id	x	y	end	sensitivity
67	158.3	176.71	5	1.56
68	2.69	108.76	7	1.62
69	13.22	6.58	7	0.77
70	79.94	84.59	6	0.93
71	196.67	97.89	5	1.99
72	26.8	175.05	6	1.4
73	121.74	185.64	8	0.76
74	175.54	39.36	5	1.9
75	10.68	25.54	7	1.59
76	54.71	25.64	7	1.93
77	5.69	188.78	5	1.28
78	191.24	152.02	5	1.89
Period: 6
Tasks:2
id	x	y	end	c
29	137.62	21.9	7	86.69
30	33.29	28.03	6	98.13
Drivers: 11
id	x	y	end	sensitivity
79	81.06	56.44	6	0.82
80	149.85	135.98	9	1.58
81	134.34	110.42	6	1.8
82	157.6	54.96	6	1.44
83	99.94	176.14	7	1.42
84	146.33	66.96	6	1.95
85	137.33	167.82	6	0.69
86	9.4	67.22	9	0.79
87	173.57	131.37	7	0.53
88	199.18	55.86	6	1.03
89	29.54	195.56	7	1.52
Period: 7
Tasks:5
id	x	y	end	c
31	193.8	120.48	8	96.01
32	45.2	65.58	7	64.71
33	8.02	154.04	9	106.68
34	136.88	128.81	10	46.8
35	147.82	58.04	9	63.62
Drivers: 21
id	x	y	end	sensitivity
90	112.04	89.5	7	0.98
91	84.82	83.2	9	0.65
92	97.37	147.46	9	0.87
93	102.87	143.05	8	1.74
94	150.27	86.66	7	1.45
95	115.09	90.84	8	1.38
96	31.18	195.37	9	1.07
97	155.07	152.8	9	0.88
98	86.03	180.54	7	1.38
99	141.36	185.86	7	0.86
100	145.81	105.09	8	1.3
101	198.7	152.23	7	1.01
102	75.61	59.63	8	1.34
103	83.62	87.54	9	1.14
104	137.82	76.02	7	0.55
105	22.11	9.75	7	1.77
106	54.93	194.78	9	1.88
107	173.31	66.39	9	1.82
108	82.12	119.6	9	1.14
109	17.49	15.55	7	0.96
110	99.68	133.15	7	0.77
Period: 8
Tasks:2
id	x	y	end	c
36	55.48	144.66	9	63.06
37	179.49	73.74	10	83.72
Drivers: 20
id	x	y	end	sensitivity
111	181.15	121.15	10	1.67
112	11.3	78.68	10	1.66
113	116	6.25	11	1.98
114	170.51	108.38	9	0.55
115	134.14	17.92	12	0.75
116	101.77	66.59	10	1.12
117	159.99	31.08	8	1.89
118	195.38	48.68	9	1.55
119	8.36	26.37	10	0.6
120	26.59	143.63	11	1.92
121	89.36	169.72	9	0.57
122	30.92	198.55	11	0.65
123	139.31	41.17	9	0.88
124	50.05	28.02	8	1.06
125	66.1	45.39	11	1.21
126	124.33	121.6	9	1.32
127	149.13	85.54	10	0.68
128	143.23	64.47	10	1.62
129	149.28	25.34	8	1.26
130	95.51	27.23	8	1.58
Period: 9
Tasks:5
id	x	y	end	c
38	195.45	46.7	10	109.32
39	38.96	155.89	11	82.76
40	155.66	31.73	10	88.08
41	195.45	109.82	11	95.95
42	58.98	39.89	10	72.77
Drivers: 19
id	x	y	end	sensitivity
131	86.87	8.89	10	0.96
132	109.48	102.51	9	1.4
133	145.28	1.96	10	1.59
134	3.7	95.02	9	1.89
135	102.07	44.9	9	0.7
136	104.62	159.53	10	1.86
137	154.54	144.99	9	1.84
138	176.5	50.78	10	1.3
139	22.05	132.41	9	1.05
140	4.66	138.07	10	1.74
141	68.89	160.96	11	1.89
142	197.12	89.59	9	0.8
143	36.19	91.76	10	0.82
144	22.39	169.99	10	0.55
145	78.62	183.59	9	0.54
146	148.45	102.74	10	1.65
147	44.87	148.46	9	0.79
148	37.42	173.84	10	0.78
149	55.21	120.43	10	0.91
Period: 10
Tasks:4
id	x	y	end	c
43	48.7	97.18	11	51.38
44	106.81	64.97	12	35.69
45	169.64	71.18	12	75.37
46	0.25	93.06	11	99.99
Drivers: 15
id	x	y	end	sensitivity
150	44.75	3.13	11	1.69
151	125.42	73.53	10	1.68
152	85.16	158.88	10	0.59
153	100.49	109.14	10	1.51
154	5.67	171.29	10	1.37
155	71.46	155.67	11	1.6
156	92.54	103.94	10	0.66
157	22.48	164.87	11	1.4
158	86	197.52	10	1.88
159	127.46	194.96	11	0.55
160	161.11	168.21	12	1.33
161	45.86	78.4	11	0.89
162	91.68	124.41	10	1.2
163	168.39	81.83	10	1.69
164	196.22	117.94	11	1.86
Period: 11
Tasks:8
id	x	y	end	c
47	167.71	159.02	11	89.82
48	127.96	12.72	11	91.65
49	93.62	176.59	11	76.86
50	164.4	126.08	13	69.48
51	191.75	8.98	14	129.24
52	26.92	27.27	11	103.1
53	3.23	90.09	12	97.28
54	13.37	160.56	11	105.7
Drivers: 19
id	x	y	end	sensitivity
165	44.09	138.32	11	0.94
166	63.2	98.22	12	1.29
167	72.99	162.25	12	1.09
168	198.12	195.06	11	1.12
169	11.71	2.42	11	0.98
170	6.75	185.41	11	1.17
171	97.27	43.16	11	1.78
172	145.17	113.31	11	1.46
173	61.19	35.18	13	1.88
174	4.03	177.2	11	1.74
175	149.43	170.3	12	0.72
176	152.84	185.44	11	0.68
177	34.26	76.44	12	1.85
178	84.46	125.48	12	0.58
179	183.69	46.65	12	0.71
180	63.43	176.96	12	0.64
181	65.33	139.2	12	0.8
182	46.43	38.69	12	0.6
183	153.87	130.69	12	0.96
Period: 12
Tasks:1
id	x	y	end	c
55	108.43	199.85	13	100.21
Drivers: 16
id	x	y	end	sensitivity
184	9.09	154.74	15	0.65
185	37.29	10.06	13	1.46
186	190.22	181.03	13	1.43
187	130.67	160.24	15	1.78
188	86.11	56.24	13	0.59
189	103.53	172.38	12	1.91
190	127.95	137.09	14	0.93
191	131.18	98.81	12	0.64
192	12.2	173.47	12	1.32
193	150.73	162.78	13	1.12
194	184.55	175.01	12	0.52
195	137.94	49.44	12	1.27
196	164.3	96.39	12	1.17
197	91	84.24	12	1.41
198	73.28	86.17	14	1.76
199	71.51	94.48	13	0.77
Period: 13
Tasks:5
id	x	y	end	c
56	89.38	70.76	16	31.11
57	60.43	102.86	13	39.67
58	152.91	106.92	13	53.36
59	93.87	1.3	13	98.89
60	134.77	73.66	14	43.62
Drivers: 15
id	x	y	end	sensitivity
200	29.79	105.01	15	1.46
201	186.99	32.3	13	1.58
202	97.72	140.46	14	2
203	50.43	0.83	13	1.4
204	136.15	34.1	14	1.96
205	135.35	1.66	13	1.1
206	87.06	106.79	14	1.95
207	162.66	26.84	14	1.5
208	40.05	74.21	15	1.51
209	192.76	55.07	13	0.82
210	190.89	25.66	13	1.7
211	150.5	23.52	13	1.9
212	59.8	20.49	13	1.64
213	8.11	122.1	15	1.59
214	100.63	117.99	17	0.5
Period: 14
Tasks:4
id	x	y	end	c
61	100.12	45.32	14	54.68
62	15.64	2.78	15	128.72
63	198.13	94.43	15	98.29
64	4.19	87.39	15	96.64
Drivers: 17
id	x	y	end	sensitivity
215	5.15	45.65	16	1.53
216	114.19	158.12	15	1.67
217	152.46	63.36	15	0.89
218	193.87	1.81	15	1.36
219	150.59	153.77	15	0.8
220	140.28	97.2	14	1.49
221	116.96	180.1	15	1.5
222	64.71	92.68	15	1.47
223	11.6	66.21	14	1.53
224	85.85	100.37	14	0.73
225	178.13	46.75	16	0.79
226	70.07	20.28	18	1.83
227	147.43	104.88	15	1.25
228	135.73	76.22	14	1.69
229	43.76	115.61	15	0.58
230	129.93	87.59	15	1.59
231	10.55	153.01	15	1.03
Period: 15
Tasks:5
id	x	y	end	c
65	42.85	189.3	15	106.02
66	174.17	79.78	16	76.88
67	55	71.33	16	53.36
68	72.32	165.47	17	71.08
69	87.73	9.22	16	91.61
Drivers: 12
id	x	y	end	sensitivity
232	177.64	118.24	16	0.69
233	27.23	27.46	15	0.8
234	175.85	142.07	15	1.84
235	30.6	194.25	17	1.72
236	57.8	163.76	16	1.98
237	3.89	173.42	16	1.54
238	28.34	1.64	16	1.92
239	93.07	109.82	15	1.81
240	133.31	53.91	17	1.67
241	106.55	80.92	16	1.4
242	43.85	94.81	18	1.68
243	0.25	85.3	18	1.4
Period: 16
Tasks:4
id	x	y	end	c
70	165.34	171.63	16	96.95
71	36.13	90.6	17	64.56
72	75.57	187.91	19	91.24
73	29.43	171.1	19	100.18
Drivers: 13
id	x	y	end	sensitivity
244	197.47	69.81	16	1.66
245	179.98	148.58	16	0.64
246	114.32	4.86	17	1.56
247	167.7	131.96	16	1.1
248	100.98	25.44	17	0.85
249	143.47	53.18	17	1.66
250	127.44	149.59	16	1.83
251	149.69	69.77	19	0.75
252	143.32	57.37	17	0.68
253	44.18	27.83	17	0.97
254	151.7	6.9	18	1.75
255	108.71	6.74	16	1.66
256	125.99	44.36	19	1.77
Period: 17
Tasks:6
id	x	y	end	c
74	95.9	158.32	17	58.46
75	158.6	140.66	17	71.32
76	132.2	10.73	17	94.9
77	114.31	37.29	18	64.32
78	5.23	20.41	18	123.76
79	174.13	145.93	18	87.21
Drivers: 17
id	x	y	end	sensitivity
257	106.76	174.09	19	1.98
258	163.64	57.82	20	0.68
259	160.88	25.9	19	1.88
260	185.61	74.16	18	0.61
261	187.78	81.07	17	0.75
262	106.9	186.09	17	1.35
263	153.45	47.76	19	1.86
264	171.87	160.45	17	1.42
265	99.56	185.04	19	0.69
266	198.66	165.89	20	1.76
267	181.13	149.8	17	0.88
268	12.02	133.33	18	1.54
269	84.04	37.23	17	0.66
270	75.4	27.28	19	1.27
271	113.76	19.96	22	0.67
272	143.42	70.6	18	1.49
273	144.51	188.38	18	1.61
Period: 18
Tasks:4
id	x	y	end	c
80	91.81	10.38	19	89.99
81	162.71	70.6	20	69.26
82	33.04	61.06	18	77.46
83	110.7	55.82	19	45.46
Drivers: 19
id	x	y	end	sensitivity
274	126.78	179.43	19	0.95
275	112.78	104.88	18	1.64
276	57.59	178.8	18	1.35
277	197.56	6.36	19	1.02
278	116.03	134.48	19	1.03
279	75.54	102.24	18	0.71
280	185.79	78.34	18	1.31
281	27.91	142.03	20	1.95
282	75.78	94.38	20	0.62
283	123.54	141.22	18	0.85
284	195.62	52.14	19	0.63
285	183.8	145.4	20	1.28
286	112.04	77.56	18	1.85
287	76.91	99.27	19	1.49
288	113.16	99.71	18	1.3
289	59.59	125.37	19	0.82
290	9.89	35.54	19	0.63
291	3.34	71.84	18	1.66
292	127.74	191.51	20	1.38
Period: 19
Tasks:3
id	x	y	end	c
84	32.11	147.65	22	82.94
85	88.35	81.26	20	22.07
86	27.93	102.87	20	72.13
Drivers: 20
id	x	y	end	sensitivity
293	9.75	142.28	22	1.75
294	184.89	11.3	20	1.47
295	26.33	34.71	21	0.54
296	40.08	131.53	19	1.87
297	112.9	31.46	19	1.5
298	175.9	21.07	20	1.82
299	86.21	155.98	20	1.66
300	131.74	101.64	19	1.79
301	125.7	135.37	21	1.99
302	154.57	89.25	21	1.24
303	162.28	123.23	22	1.06
304	198.47	180.65	19	1.87
305	30.43	156.34	21	0.73
306	68.87	55.68	19	0.59
307	17.65	33.06	20	0.93
308	14.99	29.33	19	0.55
309	104.7	63.54	20	1.14
310	173.91	36.85	19	1.36
311	195.02	146.68	19	0.81
312	26.22	37.51	21	1.41
Period: 20
Tasks:6
id	x	y	end	c
87	148.76	148.77	20	68.96
88	52.07	127.24	23	55.13
89	108	123.87	21	25.17
90	78.72	156.59	21	60.46
91	187.7	89.88	23	88.28
92	187.77	20.51	21	118.42
Drivers: 16
id	x	y	end	sensitivity
313	112.3	85.52	21	1.66
314	45.04	8.62	24	1.01
315	121.75	95	22	0.58
316	141.21	130.96	23	0.9
317	133.82	29.91	21	0.8
318	166.79	14.12	21	1.15
319	108.27	188.81	20	1.47
320	127.32	138	20	1.44
321	27.02	55.37	21	0.87
322	37.25	142.21	20	0.77
323	137.81	59.78	21	0.68
324	25.44	128.95	20	1.62
325	61.46	150.49	22	1.8
326	58.9	42.49	21	1.34
327	84.78	52.55	20	1.28
328	36.03	14.82	21	0.77
Period: 21
Tasks:12
id	x	y	end	c
93	146.52	73.53	23	53.52
94	164.62	3.78	26	115.91
95	79.66	189.53	21	91.81
96	82.35	75.7	22	30.03
97	172.96	51.45	22	87.64
98	82.83	73.29	21	31.75
99	15.92	159.29	21	102.88
100	145.78	48.11	23	69.2
101	172.23	194	21	118.55
102	195.63	71.89	21	99.68
103	35.46	20.37	22	102.5
104	85.88	20.4	21	80.84
Drivers: 11
id	x	y	end	sensitivity
329	163.03	116.71	22	1.26
330	129.77	135.74	22	1.98
331	185.73	117.2	22	1.75
332	138.49	157.44	23	0.94
333	198.34	49.64	22	1.09
334	42.54	16.8	24	1.81
335	134.94	10.57	22	0.73
336	93.11	10.31	23	1.25
337	41.32	42.08	21	1.06
338	137.69	6.2	21	1.19
339	184.51	105.38	21	0.61
Period: 22
Tasks:4
id	x	y	end	c
105	107.24	99.79	24	7.24
106	162.45	98.12	22	62.48
107	88.24	133.19	22	35.21
108	197.25	164.51	22	116.7
Drivers: 15
id	x	y	end	sensitivity
340	68.89	160.04	22	1.4
341	81.1	111.25	22	0.98
342	25.81	163.47	23	1.42
343	28.96	73.05	26	0.93
344	74.9	104.54	22	1.8
345	133.65	12.02	22	1.57
346	77.25	109.94	22	1.88
347	184.62	11.3	22	1.2
348	133.27	151.7	23	1.57
349	65.49	139.31	23	1.85
350	130.14	85.78	22	1.3
351	39.59	158.16	23	1.28
352	46.8	117.65	22	0.5
353	186.44	65.72	22	0.85
354	91.42	63.07	23	0.66
Period: 23
Tasks:6
id	x	y	end	c
109	187.34	9.86	23	125.51
110	51.28	58.09	24	64.27
111	125.22	19.38	25	84.47
112	107.32	73.22	23	27.76
113	89.07	155.88	25	56.94
114	7.33	15.99	24	125.08
Drivers: 18
id	x	y	end	sensitivity
355	94.24	139.52	24	1.85
356	15.97	102.95	23	1.03
357	13.74	50.21	24	1.93
358	163.13	151.07	23	0.59
359	197.95	93.04	23	1.58
360	107.04	46.1	23	1.08
361	59.08	5.35	23	1.48
362	46.34	144.16	27	1.99
363	0	141.78	23	1.55
364	123.34	44.41	23	1.15
365	56.27	169.33	23	0.66
366	57.5	150.76	25	1.79
367	123.81	169.71	23	1.3
368	64.46	42.03	23	1.97
369	124.51	33.63	27	1.54
370	20.82	29.18	23	1.74
371	113.64	24.77	24	1.15
372	104.1	154.21	24	1.26
Period: 24
Tasks:5
id	x	y	end	c
115	167.81	98.65	25	67.82
116	158.73	150.99	26	77.78
117	31.22	95.84	25	68.91
118	126.46	59.43	27	48.44
119	105.4	10.37	26	89.79
Drivers: 14
id	x	y	end	sensitivity
373	63.18	102.78	25	1.69
374	22.5	159.38	24	1.52
375	48.2	104.08	25	1.7
376	77.65	178.43	27	1.21
377	4.38	109.09	28	1.39
378	66.05	12.71	25	0.66
379	59.59	5.63	26	1.69
380	116.9	99.63	26	1.25
381	25.24	58.93	24	1.81
382	103.39	33.4	24	1.51
383	154.63	155.13	27	1.35
384	163	152.22	24	0.78
385	122.25	69.46	27	0.8
386	199.67	56.98	25	1.67
Period: 25
Tasks:10
id	x	y	end	c
120	59.46	85.26	27	43.14
121	190.88	69.46	25	95.87
122	137.8	147.79	25	60.93
123	197.95	55.61	27	107.54
124	133.61	32.15	27	75.72
125	28.98	183.19	25	109.38
126	117.86	27.7	26	74.47
127	125.6	140.51	25	47.92
128	174.73	13.3	25	114.46
129	105.35	191.18	27	91.34
Drivers: 15
id	x	y	end	sensitivity
387	164.83	150.9	25	1.33
388	22.58	14.9	27	1.23
389	104.63	183.58	25	1.66
390	169.62	137.56	28	1.24
391	181.51	150.57	26	1.09
392	192.82	189.41	26	1.62
393	0.63	51.94	28	1.49
394	110.99	6.64	25	1.51
395	103.87	177.75	27	1.61
396	60.45	128.31	26	1.17
397	83.86	40.77	26	1.83
398	20.53	67.43	25	1.78
399	28.77	83.65	28	0.72
400	198.49	1.88	25	0.95
401	145.83	37.8	26	0.94
Period: 26
Tasks:5
id	x	y	end	c
130	33.67	101.17	27	66.34
131	131.92	141.97	26	52.73
132	195.43	150.52	27	107.98
133	11.08	90.95	27	89.38
134	96.21	190.91	27	90.99
Drivers: 13
id	x	y	end	sensitivity
402	168.52	152.77	26	1.62
403	198.07	44.75	27	1.07
404	107.41	138.96	28	0.51
405	96.12	36.35	27	1.77
406	95.04	199.59	28	1.16
407	157.92	17.78	26	1.75
408	35.56	199.85	27	0.58
409	88.12	56.08	26	0.81
410	90.58	142.71	26	1.39
411	54.47	27.15	26	1.21
412	42.93	187.07	27	0.66
413	122.64	97.72	27	1.34
414	51.07	56.52	26	1.37
Period: 27
Tasks:8
id	x	y	end	c
135	20.92	96.16	29	79.17
136	18.64	104.8	28	81.5
137	73.6	107.27	33	27.38
138	152.92	187.31	28	102.1
139	160.52	59.55	27	72.79
140	70.31	180.76	27	86.04
141	90.39	112.28	27	15.59
142	93.62	154.64	28	55.01
Drivers: 14
id	x	y	end	sensitivity
415	196.71	28.76	27	1.88
416	62.49	15.09	28	1.45
417	123.28	70.23	28	0.56
418	151.52	131.87	28	1.23
419	144.11	156.07	29	0.77
420	30.65	166.05	27	1.19
421	174.55	163.43	27	1.07
422	17.36	65.99	27	0.87
423	91.77	89.29	28	1.81
424	13.36	179.92	27	1.66
425	101.44	101.07	27	1.98
426	38.56	132.67	29	1.21
427	32.49	110.88	32	0.98
428	170.83	103.23	29	1.19
Period: 28
Tasks:3
id	x	y	end	c
143	132.02	198.87	28	103.93
144	36.16	172.95	28	96.94
145	187.75	11.56	30	124.59
Drivers: 19
id	x	y	end	sensitivity
429	111.6	115.19	28	1.01
430	154.97	91.03	28	1.98
431	173.74	135.29	28	1.56
432	126.59	55.86	29	1.97
433	199.82	170.96	30	1.99
434	96.05	48.69	29	1.63
435	149.79	180.73	28	1.36
436	188.6	6.23	28	1.18
437	169.37	150.4	28	1.6
438	61.27	96.19	29	0.72
439	176.64	97	28	0.64
440	186.04	179.89	30	1.85
441	188.04	61.29	29	1.97
442	100.64	15.93	29	1.93
443	66.33	148.18	29	0.9
444	7.31	175.36	29	0.77
445	186.13	112.9	29	0.76
446	102.29	153.57	29	1.04
447	61.84	49.1	29	1.32
Period: 29
Tasks:3
id	x	y	end	c
146	167.72	199.27	29	120.17
147	10.65	155.55	29	105.21
148	103.27	167.79	32	67.87
Drivers: 9
id	x	y	end	sensitivity
448	116.98	129.39	30	1.17
449	42.18	148.12	30	0.55
450	167.18	31.66	31	1.49
451	171.28	176.05	30	0.91
452	113.85	0.78	29	1.89
453	199.27	18.94	29	1.54
454	82.27	151.12	29	1.61
455	16.19	158.3	30	1.72
456	127.18	125.13	30	1.34
Period: 30
Tasks:3
id	x	y	end	c
149	89.21	187.03	32	87.7
150	141.41	182.76	30	92.54
151	184.64	196.72	30	128.53
Drivers: 11
id	x	y	end	sensitivity
457	118.27	90.93	31	1.35
458	160.07	34.32	31	1.13
459	76.81	147.22	31	1.39
460	73.82	148.56	32	1.36
461	145.98	197.19	34	0.66
462	156.88	132.43	32	1.67
463	161.79	186.06	32	0.98
464	174.9	42.37	31	1.44
465	92.63	136.78	32	1.96
466	65.94	137.36	32	1.17
467	147	24.92	30	0.61
Period: 31
Tasks:4
id	x	y	end	c
152	85.26	137.98	32	40.74
153	25.67	151.66	32	90.52
154	50.2	102.72	33	49.87
155	88.42	26.02	31	74.88
Drivers: 14
id	x	y	end	sensitivity
468	111.06	190.72	32	1.96
469	183.92	49.03	31	0.72
470	42.02	51.49	32	1.77
471	198.01	140.87	31	1.05
472	95.48	120.91	31	1.31
473	66.27	7.26	33	0.76
474	169.59	199.01	32	1.58
475	52.59	131.03	34	0.58
476	142.3	184.66	32	1.48
477	129.11	74.75	32	1.68
478	166.69	14.41	31	1.16
479	24.42	35.96	31	1.31
480	69.55	38.36	32	1.45
481	8.24	18.6	31	1.68
Period: 32
Tasks:6
id	x	y	end	c
156	133.27	190.69	32	96.6
157	96.37	184.1	34	84.18
158	105.84	94.01	33	8.37
159	72.88	64.47	32	44.7
160	195.16	22.18	33	122.93
161	24.71	154.01	32	92.66
Drivers: 16
id	x	y	end	sensitivity
482	153.28	91.19	35	1.33
483	92.88	156.48	34	1.84
484	131.08	60.32	32	0.55
485	196.33	156.08	33	1.07
486	178.69	186.6	32	1.54
487	66.29	196.61	33	0.55
488	190.89	147.45	33	1.29
489	28.37	82.72	32	1.83
490	60.76	139.65	34	1.11
491	115.76	127.5	32	1.33
492	55.06	85.81	33	1.46
493	162.6	27.69	33	1.3
494	138.51	116.61	33	1.7
495	42.75	74.34	33	1.84
496	58.85	14.52	32	1.15
497	154.11	40.49	34	1.34
Period: 33
Tasks:5
id	x	y	end	c
162	124.96	183.76	33	87.4
163	33.6	36.56	34	91.83
164	9.98	75.82	35	93.21
165	16.75	178.31	33	114.29
166	59.64	15.39	38	93.74
Drivers: 13
id	x	y	end	sensitivity
498	73.6	135.83	33	0.9
499	194.71	195.83	34	0.54
500	141.44	79.39	37	0.5
501	138.5	191.23	33	0.62
502	32.31	183.11	34	0.94
503	8.7	98.18	34	1.43
504	147.02	17.6	33	1.19
505	8.1	47.58	34	1.25
506	35.92	188.79	35	1.68
507	105.1	83.18	34	1.74
508	81.23	37.81	34	1.06
509	20.33	181.15	33	1.11
510	156.26	166.23	33	1.27
Period: 34
Tasks:6
id	x	y	end	c
167	61.02	138.08	36	54.49
168	43.39	182.49	37	100.05
169	14.2	131.93	34	91.55
170	55.07	115.14	35	47.41
171	166.2	148.04	34	81.79
172	85.39	171.63	39	73.1
Drivers: 13
id	x	y	end	sensitivity
511	0.16	186.21	35	1.69
512	14.98	147.72	35	1.1
513	142.06	43.25	35	0.65
514	10.94	145.5	35	0.57
515	110.54	135.42	35	0.59
516	175.9	98.7	37	1.2
517	41.31	177.79	36	0.91
518	186.37	153.37	35	1.62
519	145.51	191.24	35	0.56
520	90.16	190.95	35	0.7
521	4.2	64.84	35	1.24
522	171.87	47.03	34	1.07
523	66.66	79.01	35	1.07
Period: 35
Tasks:5
id	x	y	end	c
173	19.03	117.54	36	82.85
174	115.81	157.39	35	59.53
175	110.55	121.7	35	24.13
176	2.12	127.36	36	101.63
177	132.67	1.97	37	103.33
Drivers: 14
id	x	y	end	sensitivity
524	116.43	91.29	39	1.79
525	92.52	125.64	37	1.66
526	68.23	22.95	38	0.98
527	151.4	64.49	35	0.68
528	195.37	197.29	36	0.6
529	70.43	9	35	1.11
530	111.5	82.93	35	1.64
531	7.44	125.36	37	0.88
532	145.52	148.88	35	1.98
533	6.73	82.03	36	0.7
534	84.06	176.85	35	1.26
535	171.4	163	36	0.73
536	185.12	151.86	36	1.16
537	169.88	9.68	36	1.65
Period: 36
Tasks:3
id	x	y	end	c
178	32.26	98.25	37	67.76
179	152.69	4.99	38	108.64
180	192.82	84.72	37	94.07
Drivers: 12
id	x	y	end	sensitivity
538	107.27	181.48	39	1.5
539	50.69	130.51	36	0.71
540	199.31	143.88	39	1.9
541	126.73	143.04	36	0.55
542	60.96	181.39	37	1.94
543	54.09	157.36	36	1.67
544	79.52	146.65	38	0.77
545	108.93	172.92	38	1.18
546	5.38	52.59	37	1.38
547	133.84	169.9	36	1.42
548	177.32	88.3	36	1.73
549	2.22	85.3	37	1.77
Period: 37
Tasks:7
id	x	y	end	c
181	139.52	135.06	38	52.83
182	178.42	110.48	40	79.12
183	119.49	199.97	38	101.85
184	4.59	37.97	40	113.8
185	80.97	115.53	38	24.56
186	98.66	61.13	38	38.89
187	68.96	177.82	38	83.78
Drivers: 12
id	x	y	end	sensitivity
550	85.76	143.16	39	1.72
551	162.48	104.07	39	1.73
552	119.14	176.07	38	1.62
553	150.44	63.07	38	0.78
554	54.56	128.67	38	1.59
555	171.25	188.1	37	1.62
556	186.94	4.4	37	0.53
557	101.99	50.2	40	1.84
558	3.47	10.14	42	1.75
559	162.98	159.05	37	1.12
560	156	190.76	40	0.79
561	182.1	38.67	37	1.47
Period: 38
Tasks:9
id	x	y	end	c
188	181.73	65.83	39	88.59
189	9.02	65.31	40	97.37
190	81.3	14.46	40	87.56
191	92.86	106.15	39	9.42
192	190.69	93.22	38	90.94
193	41.88	12.16	39	105.33
194	59.13	110.17	39	42.12
195	149.95	49.88	40	70.76
196	133.18	63.88	40	49.05
Drivers: 13
id	x	y	end	sensitivity
562	163.88	176.92	39	1.94
563	24.34	42.75	40	1.7
564	65.92	91.08	39	1.89
565	120.06	114.13	40	1.9
566	47.34	159.46	38	1.95
567	61.64	42.48	39	1.38
568	146.55	84.41	39	1.38
569	88.34	107.67	38	0.87
570	177.33	171.07	38	1.57
571	153.94	91.72	38	1.49
572	114.34	153.02	39	0.82
573	4.68	189.52	40	1.93
574	9.23	40.47	39	1.2
Period: 39
Tasks:5
id	x	y	end	c
197	153.57	84.81	39	55.68
198	163.69	84.09	40	65.65
199	56.83	132.19	40	53.85
200	114.09	157.79	39	59.48
201	30.16	149.7	41	85.72
Drivers: 13
id	x	y	end	sensitivity
575	6.89	133.61	42	1.53
576	80.62	41.37	40	1.02
577	179.66	161.02	40	1.99
578	63.14	88.9	40	0.94
579	140.95	137.54	40	0.69
580	39.67	111.89	40	1.55
581	121.16	74.23	39	1.29
582	150.57	25.02	41	1.82
583	14.71	166.22	42	1.5
584	75.45	94.96	40	0.95
585	188.76	90.99	40	1.43
586	30.65	51.53	40	1.39
587	119.27	6.28	39	1.23
Period: 40
Tasks:9
id	x	y	end	c
202	109.03	53.75	42	47.12
203	167.06	31.43	41	95.91
204	93.28	70.24	41	30.51
205	120.66	40.2	41	63.27
206	189.93	146.64	42	101.3
207	161.66	85.27	42	63.4
208	119.43	193.9	41	95.89
209	164.19	77.22	41	68.11
210	111.99	102.11	41	12.17
Drivers: 12
id	x	y	end	sensitivity
588	7.77	32.89	41	1.5
589	176.47	164.48	41	1
590	189.45	30.54	40	1.18
591	153.98	143.81	42	1.78
592	63.19	33.92	40	0.76
593	80.8	121.06	42	1.35
594	16.36	15.24	41	1.93
595	0.22	120.71	40	1.07
596	87.37	179.45	42	1.2
597	105.44	0.58	40	1.27
598	143.54	88.06	41	1.61
599	106.22	32.32	40	1.13
Period: 41
Tasks:5
id	x	y	end	c
211	77.35	149.27	44	54.23
212	62.54	2.79	43	104.18
213	189.29	51.21	42	101.75
214	70.28	52.32	42	56.18
215	66.96	188.51	44	94.48
Drivers: 19
id	x	y	end	sensitivity
600	16.04	106.5	41	1.38
601	136.09	171.16	43	1.57
602	108.21	126.63	42	0.73
603	188.65	195.04	43	1.83
604	173.42	174.17	43	1.57
605	61.76	146.54	43	1.8
606	98.2	14.02	42	1.75
607	40.86	42.27	41	1.03
608	62.21	58.41	41	1.47
609	65.64	80.12	42	0.72
610	118.33	128.93	42	0.95
611	10.41	159.16	44	1.89
612	151.16	83.77	41	1.91
613	69.84	172.29	41	1.36
614	132.44	88.63	42	1.41
615	79.66	59.23	46	1.01
616	112	2.11	42	1.45
617	43.05	13.16	43	1.93
618	74.82	147.57	42	1.43
Period: 42
Tasks:4
id	x	y	end	c
216	102.91	25.96	45	74.1
217	163.81	192.06	43	112.01
218	141.2	175.79	44	86.26
219	162.37	21.64	43	100.15
Drivers: 13
id	x	y	end	sensitivity
619	73.3	40.39	44	1.93
620	124.2	55	42	1.66
621	150.64	54.69	42	0.71
622	173.05	160	42	1.28
623	13.3	8.18	44	1.16
624	99.06	34.9	42	0.93
625	195.14	80.73	43	1.98
626	140.31	96.18	45	1.82
627	81.91	190.74	44	1.06
628	29.84	38.23	42	1.73
629	138.62	42.89	44	1.38
630	123.04	53.01	43	1.64
631	169.99	0.11	46	1.33
Period: 43
Tasks:4
id	x	y	end	c
220	81.05	72.81	45	33.14
221	27.22	15.71	43	111.36
222	149.69	12.77	43	100.39
223	88.98	19.55	43	81.2
Drivers: 16
id	x	y	end	sensitivity
632	127.32	120.18	43	1.72
633	196.19	73.68	43	0.98
634	103.61	190.92	43	0.58
635	139.39	17.51	44	1.36
636	103.21	1.91	44	1.31
637	196.12	5.02	43	0.58
638	152.26	51.43	45	0.94
639	143.76	193.84	45	0.56
640	127.7	169.13	43	1.45
641	146.21	27.89	43	0.61
642	175.56	141.82	44	0.7
643	194.49	131.52	44	1.06
644	43.7	39.8	44	1.31
645	174.21	137.94	44	1.6
646	85.38	5.19	43	0.91
647	160.66	120.45	44	1.11
Period: 44
Tasks:3
id	x	y	end	c
224	23.78	176.25	46	107.81
225	164.28	136.47	45	73.91
226	17.94	153.63	44	98.03
Drivers: 17
id	x	y	end	sensitivity
648	177.32	81.21	44	1.79
649	70.59	93.99	47	0.86
650	102.32	8.73	44	1.71
651	146.44	52.8	46	1.85
652	190.24	13.28	45	1.65
653	101.52	105.69	44	1.9
654	195.24	38.49	47	0.75
655	164.6	172.43	45	1.56
656	153	184.84	45	1.04
657	130.39	31.94	44	1.27
658	112.51	171.33	45	1.21
659	192.59	117.7	46	1.83
660	34.46	69.66	44	1.27
661	42.57	6.63	47	1.43
662	80.26	175.18	45	1.58
663	143.22	48.79	47	1.02
664	192.71	18.27	45	1.84
Period: 45
Tasks:5
id	x	y	end	c
227	176.16	110.33	46	76.86
228	40.53	11.72	45	106.44
229	85.42	28.39	46	73.08
230	55.58	8.08	46	102.09
231	178.46	109.72	46	79.06
Drivers: 24
id	x	y	end	sensitivity
665	183.99	130.68	45	0.98
666	191.52	149.13	47	0.86
667	193.22	140.61	46	1.87
668	144.02	22.68	45	1.21
669	174.35	186.9	46	1.69
670	57.21	112.22	46	0.98
671	86.51	113.43	46	0.73
672	131.41	138.28	46	1.52
673	72.8	55.75	46	1.91
674	55.21	30.15	45	1.8
675	163.46	101.45	46	0.88
676	172.4	160.51	45	1.69
677	157.52	103.74	46	0.75
678	132.3	85.13	46	0.89
679	114.63	120.09	47	0.81
680	161.68	157.74	46	1.4
681	151.77	75.54	46	1.83
682	109.96	78.79	45	1.59
683	67.53	199.07	45	1.49
684	192.57	12.6	47	1.62
685	53.79	25.36	46	0.57
686	160.83	52.8	45	1.62
687	38.72	95.19	46	1.65
688	42.67	86.02	46	1.21
Period: 46
Tasks:5
id	x	y	end	c
232	70.5	98.55	47	29.54
233	112.56	49.13	46	52.4
234	134.4	172.83	49	80.55
235	71.67	53.62	46	54.35
236	196.97	193.38	47	134.62
Drivers: 16
id	x	y	end	sensitivity
689	101.21	108.35	50	1.87
690	40.77	76.31	47	1.93
691	5.31	122.9	47	1.86
692	85.84	55.18	47	1.75
693	158.93	181.09	46	1.2
694	30.65	108.43	46	1.68
695	175.46	40.05	46	0.6
696	53.31	2.33	47	0.87
697	147.35	85.32	48	0.91
698	63.08	43.13	47	1.42
699	102.39	122.91	46	0.56
700	9.98	191.55	47	0.98
701	130.92	128.88	47	1.96
702	48.28	161.37	46	0.96
703	17.54	38.25	46	1.27
704	160.57	43.76	47	0.53
Period: 47
Tasks:5
id	x	y	end	c
237	156.69	56.5	47	71.46
238	13.72	112.78	47	87.22
239	4.37	151.95	48	108.83
240	28.1	122.73	47	75.41
241	172	143.73	47	84.24
Drivers: 22
id	x	y	end	sensitivity
705	90.03	77.2	50	0.76
706	199.63	115.43	47	0.93
707	123.25	28.79	48	0.55
708	100.16	103.45	47	1.02
709	131.66	27.08	48	1.09
710	33.47	149.07	47	1.28
711	135.74	13.7	48	1.64
712	21.23	47.4	47	1.58
713	133.26	135.72	49	1.05
714	54.56	30.81	48	0.57
715	40.38	29.32	48	0.86
716	195.38	7.1	48	1.04
717	100.21	118.87	49	1.93
718	39.37	49.48	48	1.91
719	157.67	38.14	49	1.59
720	25.95	105.45	49	1.01
721	198.02	53.19	47	1.34
722	92.97	123.81	50	0.98
723	37.84	30.9	47	1.78
724	2.13	178.53	50	1.47
725	1.31	151.63	50	1.88
726	180.57	116.49	50	0.78
Period: 48
Tasks:4
id	x	y	end	c
242	165.99	188.68	49	110.54
243	0.53	194.96	49	137.52
244	9.9	113.14	48	91.05
245	93.97	199.47	49	99.65
Drivers: 14
id	x	y	end	sensitivity
727	159.41	163.38	48	1.19
728	89.77	11.81	50	1.23
729	136.52	47.73	50	1.88
730	50.67	194.14	49	1.94
731	187.67	121.01	51	1.21
732	118.94	75.64	49	1.73
733	93.48	39.34	51	1.02
734	6.08	171.75	49	1.22
735	44.15	86.72	48	0.83
736	110.46	129.95	50	0.62
737	114.36	141.79	50	0.91
738	33.39	21.15	49	0.81
739	159.72	142.03	51	0.76
740	63.59	32.2	48	1.03
Period: 49
Tasks:6
id	x	y	end	c
246	39.42	192.87	50	110.88
247	72.21	109.26	52	29.29
248	131.95	51.62	50	57.98
249	16.42	133.59	51	90.08
250	23.69	134.83	50	83.88
251	31.26	90.19	49	69.44
Drivers: 18
id	x	y	end	sensitivity
741	172.54	45.37	49	1.77
742	0.18	118.53	49	0.84
743	141.97	11.01	51	1.56
744	42.88	197.77	49	0.6
745	143.05	113.63	49	1.92
746	103.24	98.06	50	1.46
747	167.31	107.39	49	1.69
748	167.01	12.4	50	0.53
749	21.26	36.23	50	0.53
750	147.72	153.08	52	0.75
751	182.82	77.15	49	0.5
752	8.95	108.45	49	1.12
753	33.28	100.23	50	1.21
754	171.87	23.86	49	1.32
755	43.39	153.61	51	1.1
756	104.88	111.78	50	1.63
757	170.39	170.42	50	0.93
758	29.69	1.36	49	0.53
Period: 50
Tasks:3
id	x	y	end	c
252	71.05	167.8	52	73.72
253	71.17	103.65	50	29.06
254	168.61	103.11	50	68.68
Drivers: 17
id	x	y	end	sensitivity
759	129.03	66.67	52	1.19
760	134.8	42.94	51	1.8
761	91.78	177.87	51	1.15
762	87.32	161.39	52	1.09
763	118.54	69.58	51	0.7
764	111.06	41.26	51	0.96
765	86.31	18.79	52	0.56
766	72.93	91.71	51	1.43
767	12.8	37.59	50	1
768	170.85	108.55	50	1.54
769	194.71	150.98	51	1.55
770	68.22	89.39	51	1
771	10.98	133.97	51	1.46
772	39.78	47.24	50	0.85
773	184.41	134.18	52	0.93
774	88.7	195.4	50	1.76
775	0.26	166.75	50	1.15
Period: 51
Tasks:8
id	x	y	end	c
255	72.03	40.9	52	65.38
256	136.26	45.55	54	65.42
257	191.76	59.94	52	100.12
258	122	193.76	52	96.31
259	147.25	19.16	56	93.64
260	66.98	191.03	52	96.83
261	105.19	143.56	53	43.87
262	142.75	161.05	52	74.53
Drivers: 11
id	x	y	end	sensitivity
776	17.3	76.68	51	1.88
777	195.69	142.21	51	1.31
778	186.29	25.96	52	0.71
779	78.32	59.53	51	1.31
780	190.23	108.4	52	0.83
781	75.46	129.11	53	0.57
782	189.06	199.43	51	1.91
783	154.59	21.08	52	0.87
784	117.61	10.65	51	1.25
785	43.3	174.7	52	0.83
786	165.91	78.6	51	0.87
Period: 52
Tasks:6
id	x	y	end	c
263	191.9	30.35	53	115.31
264	46.09	173.73	52	91.34
265	98.15	92.99	54	7.25
266	106.54	142.59	52	43.09
267	133.95	48.97	54	61.29
268	43.82	21.87	55	96.23
Drivers: 13
id	x	y	end	sensitivity
787	81.33	75.4	54	1.06
788	193.97	30.45	52	1.88
789	90.09	88.29	52	1.63
790	53.16	63.78	52	0.56
791	115.98	84.22	53	0.78
792	114.54	34.01	53	0.56
793	189.26	189.9	53	1.27
794	131.94	153.94	53	1.19
795	28.18	106	54	0.76
796	60.53	100.16	53	0.98
797	107.02	88.92	54	1.91
798	172.21	116.97	52	1.04
799	190.6	117.94	54	1.37
Period: 53
Tasks:6
id	x	y	end	c
269	150.38	90.5	54	51.27
270	93.18	116.69	53	18.03
271	83.18	166.71	56	68.8
272	188.45	11.52	54	125.11
273	17.63	195.22	56	125.9
274	151.85	172.56	53	89.18
Drivers: 16
id	x	y	end	sensitivity
800	39.87	148.09	54	1.81
801	159.18	14.23	55	1.07
802	47.59	194.59	55	1.33
803	28.33	104.81	54	0.93
804	110.64	143.73	54	0.91
805	144.13	32.85	54	1.69
806	188.22	197.84	54	1.06
807	78.97	81.17	54	0.79
808	117.55	194.39	54	1.46
809	69.12	80.51	53	1.42
810	45.57	120.89	55	1.28
811	67.43	118.17	54	1.21
812	184.06	45.5	53	0.89
813	2.56	173.42	53	0.98
814	48.41	186.84	53	1.74
815	129.05	58.76	53	1.59
Period: 54
Tasks:8
id	x	y	end	c
275	69.82	181.4	56	86.81
276	23.22	185.52	55	114.93
277	168.07	156.57	55	88.51
278	169.83	73.13	55	74.82
279	111.66	33.84	56	67.18
280	42.4	170.14	55	90.76
281	25.35	126.45	54	79.2
282	7.67	157.3	54	108.67
Drivers: 12
id	x	y	end	sensitivity
816	72.68	18.39	54	1.02
817	162.83	105.49	54	1.27
818	70.64	80.71	55	1.85
819	125.36	59.87	55	1.43
820	1.75	38.28	55	1.57
821	86.3	103.91	54	1.17
822	129.94	187.61	54	1.03
823	192.12	143.15	55	1.28
824	126.22	19.1	55	1.76
825	6.2	86.23	56	0.61
826	60.24	87.79	54	1.37
827	122.05	146.34	54	0.62
Period: 55
Tasks:3
id	x	y	end	c
283	173.83	94.84	55	74.01
284	153.78	140.31	58	67.21
285	63.43	28.28	55	80.51
Drivers: 16
id	x	y	end	sensitivity
828	71.56	26.78	57	1.82
829	77.33	56.25	57	1.77
830	63.37	59.53	58	1.92
831	58.31	56.54	58	0.56
832	62.35	185.94	57	0.91
833	125.84	32.81	57	1.44
834	72.82	179.12	56	0.86
835	35.37	78.81	56	1.43
836	91.07	26.6	56	1.66
837	27.79	0.08	55	1.75
838	180.21	163.83	56	0.52
839	59.89	160.56	55	1.91
840	148.63	40.05	56	1.88
841	22.76	174.82	55	0.95
842	151.91	77.73	55	1.07
843	56.45	35.49	56	1.64
Period: 56
Tasks:4
id	x	y	end	c
286	114	144.69	56	46.83
287	144.74	7.73	56	102.54
288	150.44	14.09	57	99.62
289	178.58	38.62	57	99.71
Drivers: 17
id	x	y	end	sensitivity
844	62.94	164.32	57	1.43
845	148.26	55.02	56	1.69
846	43.82	126.55	57	0.88
847	7.73	122.24	58	1.16
848	16.23	81.52	57	1.1
849	74.8	30.29	57	1
850	6.9	196.99	58	1.27
851	180.95	81.9	58	0.53
852	95.9	39.77	56	1.01
853	43.82	10.13	58	0.57
854	29.03	157.12	57	0.63
855	56.62	118.11	58	1.81
856	58.58	18.2	57	1.44
857	52.03	162.36	57	1.65
858	181.23	23.95	57	1.23
859	191.08	113.77	57	1.38
860	27.89	133.68	56	1.15
Period: 57
Tasks:4
id	x	y	end	c
290	38.67	123.86	58	65.81
291	56.93	152.08	57	67.58
292	106.38	146.69	58	47.12
293	164.43	99.52	58	64.43
Drivers: 19
id	x	y	end	sensitivity
861	85.15	177.18	57	0.99
862	39.97	66.76	58	1.06
863	57.59	164.59	57	1.77
864	180.98	114.71	59	1.97
865	20.61	64.45	58	1.46
866	24.31	130.4	58	1.02
867	80.59	100.18	57	0.65
868	124.76	143.32	61	1.71
869	19.23	173.89	57	1.61
870	194.66	69.89	58	0.96
871	116.14	130.66	59	0.95
872	74.28	128.48	57	1.03
873	52.45	81.74	57	0.57
874	63.59	136.49	57	0.72
875	96.34	161.47	57	1.62
876	47.6	195.39	58	1.69
877	137.62	180.53	57	1.87
878	69.35	129.82	58	0.81
879	111.04	185.5	58	1.25
Period: 58
Tasks:3
id	x	y	end	c
294	131.25	44.7	61	63.52
295	33.04	78.95	59	70.19
296	137.23	180.68	58	88.86
Drivers: 15
id	x	y	end	sensitivity
880	108.69	32.64	59	1.28
881	47.94	118.6	62	1.63
882	20.07	185.23	58	0.63
883	51.78	78.54	58	1.37
884	145.87	109.29	58	1.04
885	63.54	113.89	59	0.59
886	188.41	126.49	58	1.67
887	153.93	176.65	58	1.9
888	4.63	19.63	59	0.93
889	79.05	57.88	61	1.44
890	65.03	8.1	58	1.55
891	137.5	126.42	59	1.05
892	180.85	92.05	59	0.95
893	115.55	158.39	61	1.62
894	68.54	195.38	59	1.89
Period: 59
Tasks:5
id	x	y	end	c
297	143.28	51.29	62	65.16
298	107.85	20.16	59	80.22
299	170.74	85.58	59	72.19
300	49.02	136.9	59	62.93
301	90.53	126.95	59	28.57
Drivers: 12
id	x	y	end	sensitivity
895	101.16	185.6	59	1.59
896	105.93	171.9	59	0.55
897	132.86	148.35	59	1.96
898	49.9	4.25	61	1.06
899	160.53	40.98	59	1.15
900	33.14	156.63	61	0.68
901	142.09	128.38	60	1.09
902	166.67	2.22	62	1.88
903	142.71	154.5	59	1.51
904	93	73.39	60	0.51
905	112.3	41.21	62	1.48
906	80.16	20.39	60	1.01
Period: 60
Tasks:6
id	x	y	end	c
302	103.8	6.19	63	93.89
303	139.27	77.62	61	45.2
304	65.38	196.88	62	102.88
305	159.75	131.91	60	67.74
306	79.11	8.24	61	94.11
307	80.41	141.78	60	46.14
Drivers: 11
id	x	y	end	sensitivity
907	101.6	68.82	61	0.55
908	136.24	99.77	61	1.13
909	112.95	12.37	60	1.79
910	129.35	59.62	62	0.69
911	44.82	183.81	62	0.82
912	118.69	177.09	60	1.86
913	92.19	22.59	61	1.99
914	91.55	18.79	62	1.92
915	191.93	197.91	61	1.94
916	121.04	150.97	61	1.88
917	145.22	57.68	62	0.67
Period: 61
Tasks:6
id	x	y	end	c
308	89.29	5.12	62	95.48
309	96.27	179.05	61	79.14
310	93	101.32	62	7.12
311	32.78	36.3	61	92.61
312	149.07	135.86	62	60.78
313	101.59	153.16	61	53.18
Drivers: 19
id	x	y	end	sensitivity
918	59.22	49.99	63	0.57
919	117.49	1.49	61	1.47
920	135.16	186.59	61	1.6
921	29.78	88.77	61	1.72
922	160.71	26.02	62	0.6
923	31.69	50.19	61	0.65
924	69.34	79.61	61	1.15
925	88.34	49.44	61	1.7
926	67.9	72.46	61	1.67
927	98.55	154.17	61	0.71
928	141.25	33.8	62	1.55
929	173.48	66.43	62	1.32
930	37.07	39.98	61	1.14
931	107	37.34	61	1.4
932	152.66	166.34	62	1.31
933	192.91	36.04	61	1.36
934	90.19	20.07	63	1.08
935	1.57	88.5	62	1.04
936	119.6	149.75	62	0.71
Period: 62
Tasks:5
id	x	y	end	c
314	87.93	14.09	63	86.75
315	91.27	110.33	64	13.52
316	84.36	70.78	63	33.14
317	54.63	100.48	62	45.37
318	139.27	140.84	63	56.66
Drivers: 14
id	x	y	end	sensitivity
937	3.31	94.4	62	0.78
938	26.17	98.52	62	0.54
939	115.84	86.63	62	1.89
940	15.58	95.84	62	1.07
941	14.21	64.37	62	1.96
942	157.67	185.14	62	1.01
943	199.1	89.28	64	1.02
944	183.3	110.56	63	1.6
945	59.06	99.01	63	1.46
946	72.7	19.75	65	1.36
947	181.08	41.78	63	0.85
948	41.78	47.83	62	1.95
949	31.44	98.04	64	1.76
950	151.17	96.33	63	0.95
Period: 63
Tasks:5
id	x	y	end	c
319	183.2	88.74	64	83.96
320	145.35	106.14	63	45.76
321	136.81	82.68	63	40.68
322	187.06	69.22	63	92.34
323	32.2	84.58	63	69.53
Drivers: 16
id	x	y	end	sensitivity
951	60.97	33.46	64	1.39
952	63.93	21.44	66	0.83
953	77.62	50.85	64	1.3
954	54.24	59.95	65	1.2
955	120.97	1.74	64	1.09
956	145.71	63.09	64	0.98
957	64.31	74.27	64	1.04
958	60.46	109.02	65	0.53
959	86.83	81.17	65	1.59
960	121.83	106.22	64	1.36
961	53.69	109.65	64	1.48
962	49.3	84.91	64	0.97
963	62.01	110.59	65	0.68
964	75.97	75.18	65	1.19
965	120.76	93.54	64	1.66
966	102.71	69.72	64	0.52
Period: 64
Tasks:6
id	x	y	end	c
324	181.17	140.19	64	90.57
325	65.52	81.47	66	39.14
326	10.31	86.92	64	90.64
327	86.24	159.05	65	60.63
328	69.86	107.08	64	30.96
329	125.3	110.29	66	27.31
Drivers: 15
id	x	y	end	sensitivity
967	89.09	43.42	66	1.45
968	135.32	199.73	65	1.44
969	85.93	123.1	65	1.61
970	9.17	152.59	64	1.99
971	137.12	60.93	65	1.92
972	84.41	33.95	64	1
973	34.55	181.83	64	1.63
974	192.91	62.56	64	1.46
975	14.44	108.82	65	0.64
976	42.8	26.79	65	1.57
977	140.61	123.33	67	0.78
978	144.19	117.64	66	1.11
979	93.28	174.47	64	1.55
980	47.32	42.92	64	1.41
981	156.72	124.21	64	1.71
Period: 65
Tasks:9
id	x	y	end	c
330	9.97	52	67	102.03
331	198.51	68.6	67	103.39
332	142.35	191.53	67	100.85
333	187.11	124.63	68	90.53
334	90.22	4.6	66	95.9
335	15.08	158.88	67	103.34
336	199.31	75.18	67	102.36
337	21.63	22.02	65	110.56
338	3.95	181.18	67	125.76
Drivers: 12
id	x	y	end	sensitivity
982	34.77	50.91	66	0.81
983	107.03	7.12	69	1.66
984	175.33	2.09	67	1.1
985	138.07	132.36	66	1.28
986	160.23	110.96	65	0.51
987	64.81	164.03	67	1.01
988	17.65	86.84	66	0.53
989	29.68	41.16	67	1.7
990	186.8	113.83	65	1.71
991	10.45	172.89	66	1.75
992	142.83	58.99	67	1.96
993	165.03	145.06	65	1.58
Period: 66
Tasks:4
id	x	y	end	c
339	112.45	63.39	68	38.67
340	195.43	198.82	67	137.38
341	176.16	120.95	68	78.99
342	15.15	139.61	67	93.64
Drivers: 14
id	x	y	end	sensitivity
994	40.8	85.48	67	1.16
995	152.26	98.86	66	1.12
996	151.01	17.5	68	0.67
997	84.49	106.85	66	1.43
998	26.53	171.43	66	0.86
999	196.43	63.89	67	1.52
1000	82.67	44.88	66	1.43
1001	145.45	127.05	67	1.39
1002	53.8	59.04	66	1.35
1003	86.91	99.4	66	1.96
1004	112.91	46.82	67	1.7
1005	42.76	151.5	67	1.4
1006	64.6	55.61	66	1.16
1007	169.17	87.56	67	1.51
Period: 67
Tasks:8
id	x	y	end	c
343	111.88	120.33	67	23.55
344	198.31	187.97	67	131.92
345	108.11	121.9	68	23.35
346	171.77	51.24	68	86.77
347	35.63	195.51	70	115.18
348	78.08	79.64	67	29.92
349	177.06	138.73	69	86.25
350	38.98	59.07	67	73.48
Drivers: 9
id	x	y	end	sensitivity
1008	12.35	138.01	68	1.12
1009	8.6	123.37	67	1.05
1010	74.53	83.88	68	1.29
1011	85.26	27.82	67	0.67
1012	111.33	159.9	67	1.76
1013	161.54	82.43	68	1.01
1014	66.69	155.18	67	1.76
1015	44.05	140.09	67	1.06
1016	96.03	148.44	68	1.85
Period: 68
Tasks:5
id	x	y	end	c
351	22.36	54.58	70	89.95
352	127.9	191.37	68	95.53
353	197.34	66.26	70	103.02
354	197.02	90.92	71	97.44
355	171.25	119.35	68	73.83
Drivers: 18
id	x	y	end	sensitivity
1017	48.23	109.09	71	1.89
1018	194.2	70.07	68	0.61
1019	5.11	191.05	68	0.8
1020	170.49	191.63	69	0.6
1021	94.72	6.54	68	1.75
1022	116.33	191.44	69	1.1
1023	186.45	59.23	70	0.86
1024	139.54	62.96	68	1.52
1025	39.6	142.11	69	1.85
1026	88.01	109.94	69	1.11
1027	42.55	67.21	69	0.75
1028	128.38	120.05	71	0.71
1029	9.34	125.33	70	1.67
1030	133.9	170.09	68	1.13
1031	42.39	101.21	68	1.9
1032	154.02	175.17	71	1.09
1033	121.58	48.88	69	1.8
1034	11	36.01	69	1.53
Period: 69
Tasks:3
id	x	y	end	c
356	106.17	17.62	70	82.61
357	88.19	87.91	72	16.9
358	9.29	174.53	70	117.4
Drivers: 11
id	x	y	end	sensitivity
1035	10.02	121.06	70	1.08
1036	129.27	10.02	70	0.69
1037	167.92	57.04	71	1.42
1038	80.35	185.08	71	0.86
1039	56.53	98.52	70	1.75
1040	101.66	132.74	71	1.27
1041	151.15	62.23	69	1.26
1042	12.17	37.6	70	1.55
1043	182.5	32.49	69	1.65
1044	167.49	21.93	70	1.3
1045	125.04	17.31	71	1.23
Period: 70
Tasks:4
id	x	y	end	c
359	14.99	89.14	70	85.7
360	79.74	155.38	72	58.97
361	149.72	83.11	70	52.51
362	100.74	98.01	70	2.12
Drivers: 22
id	x	y	end	sensitivity
1046	185.38	176.65	72	0.63
1047	133.34	108.17	71	0.61
1048	90.92	79.05	70	0.64
1049	192.94	34.56	71	1.08
1050	72.54	89.32	71	1.25
1051	37.42	84.06	73	0.61
1052	57.09	133.08	71	1.53
1053	142.12	36.7	70	0.75
1054	9.75	134.29	70	1.06
1055	150.9	6.89	70	0.91
1056	38.37	155.39	71	1.75
1057	135.36	83.25	70	1.22
1058	172.34	72.96	71	0.59
1059	82.67	50.69	71	0.59
1060	118.3	82.08	70	1.32
1061	58.25	188.91	70	1.84
1062	90.7	44.83	71	0.51
1063	180.45	135.19	71	1.76
1064	74.43	47.91	70	0.83
1065	188.49	108.16	72	1.08
1066	17.88	168.67	72	0.63
1067	80.63	122.23	72	1.72
Period: 71
Tasks:2
id	x	y	end	c
363	81.55	56.6	73	47.16
364	139.78	148.23	72	62.52
Drivers: 18
id	x	y	end	sensitivity
1068	108.52	160.8	72	1.33
1069	169.04	172.71	72	1.05
1070	98.05	149.61	73	1.88
1071	5.54	22.2	73	1.06
1072	39.94	82.35	71	1.37
1073	15.15	174.66	74	0.79
1074	46.21	147.79	71	1.58
1075	108.87	183.57	72	1.13
1076	47.52	63.06	71	1.81
1077	74.47	32.29	72	0.55
1078	43.69	194.35	71	1.04
1079	47.98	153.57	71	0.88
1080	11.29	98.2	71	1.63
1081	50.1	122.2	75	1.17
1082	21.74	60.68	73	1.6
1083	119.19	92.86	72	1.29
1084	91.37	114.69	71	1.9
1085	115.26	165.64	71	1.35
Period: 72
Tasks:6
id	x	y	end	c
365	71.31	110.14	73	30.43
366	128.48	45.96	73	61.09
367	5.65	29.74	72	117.64
368	140.81	78.7	73	46.03
369	153.11	122.07	75	57.51
370	176.67	53.16	74	89.85
Drivers: 12
id	x	y	end	sensitivity
1086	41.58	60.03	73	1.77
1087	147.42	68.46	73	1.62
1088	139.27	172.27	75	0.63
1089	8.72	156.66	74	1.2
1090	0.48	57.61	73	1.81
1091	37.38	179.55	74	1.62
1092	123.29	31.63	73	0.98
1093	42.31	3.38	72	1.16
1094	24.73	55.51	72	1.06
1095	199.69	48.84	73	0.88
1096	93.09	61.65	73	0.63
1097	150.47	89.95	72	1.72
Period: 73
Tasks:3
id	x	y	end	c
371	118.74	38.46	75	64.33
372	55.77	91.38	74	45.06
373	50.81	99.13	75	49.2
Drivers: 21
id	x	y	end	sensitivity
1098	168.71	152.3	73	0.76
1099	182.8	13.24	74	1.03
1100	117.16	99.87	75	1.13
1101	199.55	38.87	78	0.72
1102	58.46	158.93	74	1.04
1103	27.89	182.79	74	0.82
1104	88.44	103.15	73	0.79
1105	176.88	190.83	73	0.73
1106	166.63	127.84	74	0.72
1107	114.73	33.26	73	1.04
1108	125.62	133.18	75	1.92
1109	107.14	52.12	74	0.84
1110	79.71	56.4	73	1.99
1111	38.87	188.17	75	0.72
1112	113.92	189.81	73	1.04
1113	191.77	56.51	74	0.59
1114	178.4	115.31	73	1.04
1115	17.31	122.33	77	1.3
1116	0.02	147.92	73	0.76
1117	191.1	23.09	75	0.89
1118	2.29	4.1	75	1.91
Period: 74
Tasks:2
id	x	y	end	c
374	179.39	191.16	76	120.88
375	131.91	138.45	76	49.97
Drivers: 21
id	x	y	end	sensitivity
1119	61.23	62.23	74	1.52
1120	174.62	79.71	75	1.9
1121	66.2	13.51	74	1.89
1122	194.99	191.25	77	0.97
1123	120.81	116.93	74	0.71
1124	62.88	110.35	74	1.2
1125	71.77	1.73	74	1.03
1126	170.91	153.03	75	1.7
1127	149.85	15.38	78	1.47
1128	32.47	54.33	77	0.55
1129	12.13	12.27	77	0.81
1130	179.65	11.41	75	1.76
1131	145.75	163.97	74	1.24
1132	141.11	39.99	75	1.87
1133	92.63	142.53	75	1.05
1134	0.96	111.13	76	1.97
1135	28.84	30.82	74	1.22
1136	121.99	76.74	74	1.8
1137	40.38	84.36	76	1.7
1138	2.04	179.52	75	1.77
1139	165.35	186.94	74	1.63
Period: 75
Tasks:5
id	x	y	end	c
376	195.5	126.65	77	99.15
377	112.49	41.42	76	59.9
378	18.13	83.58	76	83.5
379	170.82	27.12	76	101.62
380	59.86	197.91	75	105.82
Drivers: 29
id	x	y	end	sensitivity
1140	34.6	190.06	75	0.85
1141	30.14	170.05	76	1.29
1142	23.23	32.56	76	1.53
1143	179.33	0.53	76	0.91
1144	174.68	34.75	75	1.04
1145	85.26	169.44	75	1.36
1146	114.4	183.7	75	1.8
1147	183.05	43.99	80	0.56
1148	177.56	129.72	75	0.81
1149	43.11	11.64	76	0.54
1150	16.92	125.6	75	1.92
1151	21.12	23.95	75	1.84
1152	172.47	133.28	75	1.41
1153	122.36	192	76	1.62
1154	71.37	127.31	75	0.78
1155	126.32	127.97	75	0.76
1156	191.42	76.35	76	0.74
1157	165.42	19.54	77	1.43
1158	45.75	66.75	75	0.7
1159	105.06	74.19	75	1.36
1160	44.45	55.1	76	0.58
1161	154.27	49.39	76	0.82
1162	60.66	146.67	76	1.8
1163	154.94	47.77	76	1.38
1164	110.48	192.11	76	0.62
1165	54.78	104.3	75	1.18
1166	107.4	131.88	76	1.28
1167	186.09	42.01	78	0.95
1168	179.18	138.67	77	1.36
Period: 76
Tasks:5
id	x	y	end	c
381	2.95	79.02	76	99.29
382	95.2	10.86	77	89.27
383	134.74	161.04	76	70.23
384	84.94	2.14	78	99.01
385	19.95	102.01	77	80.08
Drivers: 19
id	x	y	end	sensitivity
1169	34.39	41.78	76	0.69
1170	8.31	16.1	76	0.78
1171	196.31	118.82	76	1.6
1172	69.05	48.96	78	0.52
1173	40.01	1.03	76	1.22
1174	192.28	86.51	77	1.89
1175	140.37	187.04	77	1.18
1176	112.42	139.7	77	0.52
1177	135.5	54.79	78	1.04
1178	118.62	195.89	78	1.21
1179	167.66	101.37	78	0.67
1180	7.21	92.85	78	1.48
1181	60.45	88.3	76	0.56
1182	75.98	8.05	78	0.7
1183	16.21	72.48	76	0.63
1184	194.03	93.64	78	1.48
1185	132.61	54.62	77	1.32
1186	183.26	11.06	78	1.67
1187	199.3	32.08	77	0.99
Period: 77
Tasks:2
id	x	y	end	c
386	63.96	22.31	78	85.64
387	53.05	145.75	79	65.55
Drivers: 16
id	x	y	end	sensitivity
1188	104.9	160.61	79	0.5
1189	33.76	40.11	78	0.66
1190	132.11	106.74	80	1.24
1191	88.14	65.09	79	1.73
1192	125.51	57.7	78	0.61
1193	169.85	110.48	77	1.04
1194	179.05	6.12	77	1.05
1195	81.7	93.78	78	1
1196	88.94	93.89	78	0.51
1197	107.16	32.45	77	1.25
1198	125.68	117.44	77	1.34
1199	139.09	99.33	78	0.77
1200	197.95	43.9	78	0.74
1201	198.41	92.49	78	1.77
1202	161.08	167.73	80	1.21
1203	54.02	77.67	79	1.99
Period: 78
Tasks:5
id	x	y	end	c
388	184.88	177.96	78	115.25
389	97.86	33.43	79	66.6
390	132.31	146.26	79	56.43
391	4.17	61.09	80	103.43
392	61.01	18.77	78	90.1
Drivers: 10
id	x	y	end	sensitivity
1204	65.26	94.8	79	1.52
1205	106.82	96.53	79	0.71
1206	174.79	92.47	79	0.56
1207	46.28	76.76	78	0.87
1208	129.65	199.28	78	1.18
1209	138.38	58.18	78	1.72
1210	85.85	123.19	79	0.58
1211	69.51	73.24	79	0.9
1212	83.07	84.8	80	0.84
1213	50.28	31.09	78	1.1
Period: 79
Tasks:4
id	x	y	end	c
393	109.6	146.76	80	47.74
394	62.55	93.28	80	38.05
395	45.98	140.95	79	67.79
396	111.62	124.77	79	27.36
Drivers: 11
id	x	y	end	sensitivity
1214	187.6	128.77	80	1.46
1215	96.23	81.61	81	1.85
1216	178.74	10.31	79	1.16
1217	120.7	126.4	79	0.56
1218	100.71	21.98	79	1.71
1219	124.69	11.02	81	0.81
1220	3.91	168.41	82	0.58
1221	14.34	110.35	82	1.03
1222	136.33	80.51	82	1.14
1223	41.81	68.54	79	1.04
1224	100.98	64.41	80	1.46
Period: 80
Tasks:6
id	x	y	end	c
397	113.69	179.87	82	81.03
398	60.56	148.78	80	62.73
399	147.61	63.79	82	59.82
400	32.61	192.81	82	114.7
401	69.37	59.76	81	50.57
402	17.03	3	81	127.64
Drivers: 11
id	x	y	end	sensitivity
1225	159.24	17.97	82	0.62
1226	5.6	64.52	80	1.3
1227	88.2	98.2	81	1.28
1228	38.63	15.03	81	1.7
1229	1.39	193.35	82	0.51
1230	155.91	55.47	83	0.7
1231	92.53	16.17	81	1.95
1232	183.14	77.88	80	0.93
1233	88.34	129.57	81	0.72
1234	161.34	91.46	82	1.45
1235	139.07	185.73	82	1.85
Period: 81
Tasks:3
id	x	y	end	c
403	143.39	67.68	82	54.1
404	34.03	151.52	83	83.7
405	51.28	51.97	82	68.41
Drivers: 23
id	x	y	end	sensitivity
1236	101.86	55.16	82	0.76
1237	127.15	157.4	82	0.78
1238	165.31	28.83	84	1.43
1239	24.86	15.53	84	1.08
1240	198.76	51.71	83	1.73
1241	147.7	182.54	82	0.97
1242	115.6	86.42	82	0.58
1243	55.66	36.18	81	1.81
1244	42.76	83.84	81	1.54
1245	16.43	36.04	81	1.72
1246	14.17	153.61	83	0.5
1247	164.67	54.89	83	1.96
1248	126.17	166.06	83	1.27
1249	156.95	148.56	83	1.41
1250	146.39	94.75	84	0.59
1251	64.09	176.81	81	1.09
1252	83.74	132.88	82	1.13
1253	62.45	104.7	81	1.49
1254	137.33	162.15	81	1.84
1255	155.32	19.65	81	0.78
1256	88.8	153.06	82	1.71
1257	195.22	75.39	82	0.59
1258	101.03	53.13	83	0.71
Period: 82
Tasks:5
id	x	y	end	c
406	78	187.47	85	90.19
407	92.62	191.94	82	92.24
408	165.93	123.57	82	70.02
409	91.18	75.16	86	26.36
410	87.01	124.74	83	27.94
Drivers: 12
id	x	y	end	sensitivity
1259	167.55	96.23	82	0.5
1260	32.95	62.13	82	0.92
1261	73.37	73.05	83	1.98
1262	5.16	152.98	82	0.63
1263	66.54	138.11	82	0.87
1264	165.71	184.68	83	1.24
1265	180.05	51.4	83	1.68
1266	80.98	86.07	82	0.56
1267	126.72	80.16	88	0.58
1268	109.79	177.59	83	1.09
1269	16.57	64.3	82	0.92
1270	182.46	76.27	82	0.74
Period: 83
Tasks:3
id	x	y	end	c
411	14.37	37.1	84	106.25
412	197.08	68.53	83	102.05
413	96.23	92.24	85	8.63
Drivers: 16
id	x	y	end	sensitivity
1271	160.8	87.29	84	1.83
1272	67.04	75.92	83	1.91
1273	135.85	169.77	85	1.18
1274	24.7	152.43	84	0.79
1275	163.95	64.06	83	1.54
1276	132.16	118.85	83	1.78
1277	76.34	93.58	86	1.73
1278	148.55	88.27	83	0.86
1279	65.93	153.4	85	0.83
1280	191.23	141.64	83	0.57
1281	6.17	135.19	84	1.28
1282	90.54	37.34	84	0.54
1283	93.71	112.57	83	1.03
1284	41.28	154.15	86	1.17
1285	152.94	98.33	88	1.46
1286	84.4	86.88	83	1.41
Period: 84
Tasks:7
id	x	y	end	c
414	16.71	181.51	86	116.54
415	123.96	160.8	85	65.35
416	170.4	54.58	84	83.78
417	92.85	54.69	85	45.87
418	189.96	47.27	85	104.27
419	116.54	96.35	84	16.94
420	49.66	45.93	86	73.88
Drivers: 15
id	x	y	end	sensitivity
1287	193.16	89.19	85	1.57
1288	24.23	137.84	85	0.55
1289	163.9	124.68	84	1.69
1290	135.9	142.34	86	1.7
1291	121.16	4.11	85	1.46
1292	192.99	184.79	85	0.76
1293	190.01	34.96	86	0.89
1294	137.73	3	84	1.4
1295	94.66	21.55	85	0.94
1296	88.41	170.19	84	1.37
1297	112.82	13.59	84	1.7
1298	111.26	199.54	86	1.96
1299	52.52	141.19	86	1.04
1300	97.54	46.32	86	1.39
1301	164.42	60.98	86	0.84
Period: 85
Tasks:1
id	x	y	end	c
421	83.91	14.32	86	87.18
Drivers: 21
id	x	y	end	sensitivity
1302	135.31	114.18	86	1.07
1303	143.03	171.49	87	0.6
1304	19.64	96.17	85	0.77
1305	71.86	140.73	86	1.08
1306	191.95	16.75	87	1.32
1307	182.36	165.74	85	1.81
1308	97.96	70.21	86	1.41
1309	183.14	81.58	85	1.42
1310	11.61	39.05	86	0.85
1311	90.7	58.78	85	1.4
1312	45.61	80.05	86	1.02
1313	149.3	87.5	88	1
1314	124.6	25.99	85	0.82
1315	41.38	150.9	87	0.91
1316	69.73	48.66	86	0.88
1317	61.87	183	85	1.75
1318	54.49	114.49	88	1.01
1319	83.53	177.01	86	1.7
1320	106.79	106.28	85	0.97
1321	171.43	177.32	85	1.22
1322	45.22	39.04	88	0.69
Period: 86
Tasks:5
id	x	y	end	c
422	167.21	177.43	86	102.53
423	175.51	173.92	88	105.67
424	165.92	16.44	86	106.43
425	178.58	186.48	87	116.85
426	184.95	75.72	86	88.35
Drivers: 22
id	x	y	end	sensitivity
1323	163.31	65.6	87	1.9
1324	154.07	82.66	89	0.74
1325	156.65	30.86	86	1.13
1326	73.96	43.36	87	1.85
1327	61.6	90.9	87	1.84
1328	56.69	5.22	89	1.3
1329	100.41	85.47	86	1.22
1330	127.97	31.35	86	1.49
1331	123.81	42.82	87	1.02
1332	96.74	112.28	87	1.48
1333	94.26	68.2	87	1.55
1334	5.25	191.98	86	0.54
1335	6.01	180.1	88	1.97
1336	189.33	32.12	87	1.52
1337	198.17	30.84	89	1.67
1338	186.65	139.38	88	1.55
1339	73.36	164.79	89	1.96
1340	189.35	196.34	86	1
1341	45.13	126.66	88	1.77
1342	51.64	18.12	86	1.08
1343	29.17	88.14	87	1.27
1344	37.67	67.23	88	1.09
Period: 87
Tasks:5
id	x	y	end	c
427	186.5	1.45	88	131.13
428	72.9	77.9	88	34.97
429	12.13	50.73	89	100.74
430	35.92	10.53	88	110.05
431	5.14	39.04	87	112.76
Drivers: 16
id	x	y	end	sensitivity
1345	88.98	55.34	88	2
1346	42.23	68.82	87	0.89
1347	51.8	187.32	87	1.62
1348	138.23	45.73	90	1.18
1349	43.53	114.92	88	1.15
1350	2.09	15.97	87	1.56
1351	89.92	134.75	89	1.11
1352	47.36	31.14	87	1.7
1353	135.15	108.38	88	1.51
1354	143.38	180.68	88	1.96
1355	140.34	109.39	87	1.49
1356	34.22	63.7	88	0.74
1357	100.75	32.17	87	0.6
1358	198.16	108.14	88	0.59
1359	146.14	46.73	88	0.65
1360	36.16	147.14	88	1.7
Period: 88
Tasks:8
id	x	y	end	c
432	47.41	180.18	88	95.89
433	121.21	175.2	88	78.13
434	162.51	114.6	88	64.19
435	132.14	100.98	88	32.15
436	124.72	46.69	88	58.76
437	160.21	48.08	89	79.5
438	160.89	131.51	88	68.56
439	124.09	188.61	89	91.83
Drivers: 17
id	x	y	end	sensitivity
1361	56.54	111.31	89	1.22
1362	41.28	118.69	88	1.52
1363	87.81	57.96	90	1.73
1364	1.08	62.06	88	1.01
1365	89.52	111.69	91	1.7
1366	158.04	199.29	90	0.96
1367	55.31	43.41	89	1.72
1368	87.3	190.8	89	1.72
1369	74.79	50.01	89	1.39
1370	81.87	133.4	90	1.96
1371	40.16	71.87	90	0.87
1372	60.06	199.76	89	1.11
1373	7.05	92.46	90	1.49
1374	26.09	16.24	89	0.74
1375	108.26	19.8	90	1.69
1376	28.92	108.86	90	0.55
1377	168.21	155.4	90	1.83
Period: 89
Tasks:8
id	x	y	end	c
440	29.69	67.56	90	77.43
441	28.41	189.24	89	114.41
442	146.54	167.6	92	82.07
443	113.89	110.75	91	17.56
444	177.01	29.59	90	104.35
445	101.71	193.89	91	93.91
446	165.19	156.22	89	86.08
447	1.72	177.43	90	125.12
Drivers: 14
id	x	y	end	sensitivity
1378	50.98	51.31	90	0.98
1379	89.81	131.73	91	1.84
1380	192.19	152.04	90	0.69
1381	54.29	61.9	89	1.09
1382	97.51	21.06	89	1.45
1383	8.91	118.49	90	0.91
1384	55.94	161	89	1.3
1385	199.44	42.74	90	1.62
1386	148.77	134.04	94	0.79
1387	42.84	49.16	90	1.64
1388	86.37	44.12	89	1.81
1389	70.73	183.72	91	1.33
1390	52.07	85.78	91	0.75
1391	198.04	47.56	89	1.56
Period: 90
Tasks:5
id	x	y	end	c
448	150.67	42.27	90	76.81
449	111.99	93.46	90	13.66
450	1.17	58.7	94	107.11
451	109.37	191.43	92	91.91
452	166.85	118.17	90	69.28
Drivers: 14
id	x	y	end	sensitivity
1392	150.11	94.42	91	1.9
1393	187.22	154.72	90	1.35
1394	56.71	4.56	91	0.8
1395	109.41	97.22	94	0.61
1396	52.21	25.07	90	1.63
1397	167.18	13.87	90	1.44
1398	110.04	12.52	92	1.71
1399	103.95	140.78	91	1.04
1400	173.91	168.39	90	1.04
1401	140.98	96.82	92	1.61
1402	199.23	80.1	93	0.98
1403	136.73	67.29	91	1.08
1404	156.58	159.55	92	1.07
1405	111.5	108.03	92	0.87
Period: 91
Tasks:6
id	x	y	end	c
453	133.65	150.21	92	60.44
454	124.01	163.66	93	68.04
455	27.71	109.04	93	72.85
456	86.88	197.04	91	97.92
457	54.79	128.4	93	53.39
458	78.93	85.79	92	25.41
Drivers: 15
id	x	y	end	sensitivity
1406	26.19	19.62	91	1.11
1407	156.72	113.82	94	1.15
1408	84.43	57.85	92	1.57
1409	52.38	166.66	92	1.92
1410	164.63	130.41	92	0.76
1411	59.34	61.54	92	1.35
1412	142.82	76.84	91	1.12
1413	185.97	24.25	92	0.88
1414	120.48	169.36	92	1.5
1415	56.88	137.86	92	0.72
1416	107.08	79.94	92	1.04
1417	136.62	77.87	91	1.49
1418	19.95	91.44	91	0.78
1419	112.78	26.84	93	1.66
1420	145.31	8.75	91	1.78
Period: 92
Tasks:7
id	x	y	end	c
459	78.66	38.38	94	65.21
460	75	49.9	92	55.99
461	10.38	77.51	93	92.4
462	143.9	28.15	93	84.2
463	64.72	118.82	93	39.99
464	160.49	77.04	93	64.7
465	80.2	9.71	93	92.44
Drivers: 12
id	x	y	end	sensitivity
1421	44.15	142.02	94	0.67
1422	164.23	18.09	92	1.35
1423	16.94	108.6	92	0.7
1424	67.86	49.19	92	1.28
1425	114.39	1.13	93	1.63
1426	106.68	7.16	92	1.4
1427	95.83	22.87	94	1.23
1428	150.32	36.04	95	2
1429	109.05	134.92	94	1.82
1430	182.88	167.75	92	1.97
1431	111.88	144.43	93	1.72
1432	13.08	103.01	94	0.58
Period: 93
Tasks:6
id	x	y	end	c
466	2.39	108.34	93	97.97
467	43.77	157.77	93	80.62
468	169.24	190.09	94	113.62
469	73.84	154.58	94	60.53
470	180.13	99.32	93	80.13
471	185.44	164.99	94	107.35
Drivers: 13
id	x	y	end	sensitivity
1433	27.67	188.12	94	1.11
1434	32.84	160.08	95	1.63
1435	151.03	37.62	93	1.94
1436	170.68	38.13	94	1.9
1437	52.06	182.2	94	0.94
1438	26.22	158.43	94	0.71
1439	150.11	36.81	93	1.37
1440	164.73	186.49	94	1.48
1441	135.41	192.13	94	1.49
1442	143.75	102.37	96	1.53
1443	186.52	113	93	1.98
1444	41.81	45.76	93	1.24
1445	182.74	0.64	94	0.6
Period: 94
Tasks:5
id	x	y	end	c
472	92.62	173.22	95	73.59
473	162.31	118.69	94	65.05
474	149.94	138.57	94	63.1
475	146.64	103.24	94	46.75
476	1.35	11.12	94	132.78
Drivers: 18
id	x	y	end	sensitivity
1446	163.9	134.02	95	0.59
1447	162.79	169.77	95	1.57
1448	101.88	152.69	94	1.47
1449	157.82	35.02	96	1.64
1450	159.75	45.99	94	1.38
1451	199.83	50.29	95	1.07
1452	198.61	164.25	95	1.4
1453	105.28	7.14	95	1.74
1454	156.9	31.4	96	1.34
1455	147.52	23.47	95	1.74
1456	13.63	168	96	1.62
1457	22.61	164.94	95	1.18
1458	10.78	192.61	94	1.73
1459	117.11	188.49	97	1.21
1460	102.22	191.93	97	1.47
1461	193.12	81.52	96	1.6
1462	25.54	139.88	95	1.57
1463	197.19	161.29	97	0.68
Period: 95
Tasks:3
id	x	y	end	c
477	51.44	144.58	95	65.92
478	186.27	27.46	95	112.71
479	3.18	23.89	96	123.15
Drivers: 10
id	x	y	end	sensitivity
1464	171.78	125.43	95	1.78
1465	116.17	82.5	98	1.06
1466	90.14	114.65	96	1.65
1467	194.46	43.36	95	1.81
1468	31.02	198.06	99	1.34
1469	94.84	149.64	97	1.85
1470	78.17	99	97	1.6
1471	114.24	78.52	98	1.82
1472	158.76	139.31	95	1.36
1473	120.73	24.11	96	1.13
Period: 96
Tasks:4
id	x	y	end	c
480	136.9	185.33	100	92.97
481	165.46	47.02	96	84.21
482	50.86	196.59	96	108.37
483	91.3	37.19	96	63.41
Drivers: 14
id	x	y	end	sensitivity
1474	136.63	26.24	96	0.75
1475	3.7	36.59	97	1.58
1476	85.24	34.37	97	1.67
1477	10.74	135.02	99	0.94
1478	141.39	28.19	96	1.49
1479	118.16	159.84	97	1.1
1480	26.56	113.15	97	1.7
1481	95.58	150.99	96	1.14
1482	0.09	74.23	98	1.2
1483	148.01	110.48	96	1.94
1484	159.15	46.58	98	1.25
1485	7.21	123.34	96	1.86
1486	37.96	139.81	98	1.36
1487	60.96	44.4	96	1.06
Period: 97
Tasks:5
id	x	y	end	c
484	175.09	120.15	97	77.75
485	148.19	36.74	99	79.52
486	177.84	146.96	99	90.91
487	96.13	9.4	97	90.68
488	112.85	99.49	98	12.86
Drivers: 19
id	x	y	end	sensitivity
1488	90.04	39.46	98	1.82
1489	101.79	23.73	98	1.18
1490	188.62	182.31	97	1.39
1491	14.63	1.14	98	0.94
1492	60.67	150.62	100	1.09
1493	57.98	49.73	97	0.52
1494	98.15	68.39	99	1.72
1495	143.87	142.28	97	1.63
1496	66.13	93.57	97	0.72
1497	9.29	3.49	100	1.83
1498	144.62	32.29	101	1.21
1499	126.28	118.34	99	1.87
1500	147.51	12.69	98	1.19
1501	138.66	4.65	98	1.92
1502	2.28	172.91	98	1.02
1503	26.65	147.25	98	0.63
1504	63.32	63.26	98	0.73
1505	177.09	146.13	100	0.84
1506	115.19	176.8	98	0.63
Period: 98
Tasks:9
id	x	y	end	c
489	19.47	74.21	99	84.56
490	185.34	85.48	100	86.57
491	192.39	81.4	100	94.24
492	160	192.16	99	109.97
493	110.51	151.4	98	52.46
494	109.71	101.7	98	9.86
495	105.2	58.35	99	41.97
496	184.92	125.05	99	88.54
497	187.02	61.66	98	95.09
Drivers: 20
id	x	y	end	sensitivity
1507	193.07	61.72	99	0.6
1508	169.21	170.53	98	1.28
1509	161.04	24.44	99	0.79
1510	11.93	84.69	99	0.73
1511	189.08	91.38	100	1.68
1512	199.33	55.48	99	0.7
1513	12.73	107.12	98	1.69
1514	175.48	33.31	103	0.92
1515	69.84	102.34	99	1.37
1516	35.81	147.69	99	1.34
1517	85.38	122.77	99	0.63
1518	84.76	135.87	100	1.81
1519	100.34	37.22	99	0.95
1520	10.62	64.34	99	1.74
1521	135.13	43.31	99	1.41
1522	10.83	181.85	101	0.56
1523	160.4	126.41	99	0.53
1524	177.02	96.71	99	1.12
1525	63.56	144.32	100	0.91
1526	186.33	185.75	99	0.56
Period: 99
Tasks:9
id	x	y	end	c
498	159.95	187.05	100	105.7
499	8.98	11.79	100	126.75
500	126.59	153.99	101	60.18
501	3.6	164.01	100	115.72
502	194.15	4.17	99	134.34
503	78.79	100.24	100	21.21
504	114.72	182.31	100	83.62
505	83.12	66.34	100	37.66
506	119.31	107.8	100	20.83
Drivers: 12
id	x	y	end	sensitivity
1527	149.82	28.27	100	1.67
1528	144.89	49.62	99	1.86
1529	117.31	91.62	102	1.75
1530	143.54	125.37	101	1.91
1531	87.1	44.86	100	1.1
1532	6.13	115.56	100	0.71
1533	2.92	107.11	101	1.4
1534	134.46	20.51	99	1.04
1535	84.3	20.12	101	0.99
1536	139.65	121.75	99	0.97
1537	147.76	75.64	100	0.57
1538	185.83	29.46	99	1.67
Period: 100
Tasks:0
id	x	y	end	c
Drivers: 10
id	x	y	end	sensitivity
1539	11.34	56.76	101	1.21
1540	61.92	72.85	100	1.75
1541	114.44	143.94	102	0.84
1542	133.88	19	100	1.36
1543	179.8	10.77	100	0.9
1544	73.97	176.61	100	1.22
1545	105.7	78.04	100	1.71
1546	176.8	143.05	101	0.99
1547	19.23	104.08	100	1.46
1548	156.68	172.2	101	1.15
