Periods: 100
Task Arrival Rate: 15
Task Average Time: 1
Driver Arrival Rate: 5
Driver Average Time: 2
Period: 1
Tasks:18
id	x	y	end	c
1	7.91	9.89	2	128.84
2	159.09	119.2	3	62.13
3	185.23	112.53	2	86.15
4	88.85	198.44	3	99.07
5	54.76	69.9	2	54.34
6	46.99	198.22	1	111.61
7	116.57	21.09	4	80.63
8	59.26	120.76	2	45.72
9	82.84	52.55	3	50.46
10	72.06	89.68	1	29.78
11	88.9	1.73	3	98.89
12	41.76	5.22	6	111.24
13	77.27	140.72	4	46.63
14	151.51	102.76	2	51.58
15	190.07	37.48	1	109.64
16	38.35	50.54	3	79.04
17	74.18	60.93	1	46.83
18	20.71	98.32	1	79.31
Drivers: 8
id	x	y	end	sensitivity
1	117.34	83.78	2	1.12
2	183.37	199.58	4	1.32
3	69.84	41.86	5	1.49
4	196.67	110.19	4	1.7
5	33.53	38.98	3	0.78
6	68.17	88.64	3	0.92
7	9.34	196.52	2	0.63
8	66.49	87.76	2	1.7
Period: 2
Tasks:11
id	x	y	end	c
19	61.01	82.11	2	42.9
20	23.93	136.87	4	84.53
21	127.14	1.31	3	102.35
22	27.34	197.13	3	121.3
23	79.43	91.98	3	22.08
24	166.13	24.82	2	100.13
25	65.86	100.08	3	34.14
26	176.94	9.31	2	118.93
27	133.02	97.14	3	33.14
28	101.92	193.91	4	93.93
29	132.78	130.58	3	44.83
Drivers: 6
id	x	y	end	sensitivity
9	184.43	124.22	3	1.53
10	83.29	63.32	3	0.58
11	70.57	121.77	4	1.98
12	184.66	136.52	4	1.17
13	177.38	125.88	8	0.82
14	115.39	34.34	3	0.91
Period: 3
Tasks:14
id	x	y	end	c
30	52.69	0.83	4	109.88
31	90.28	192.28	4	92.79
32	186.79	139.25	5	95.25
33	9.27	40.45	4	108.53
34	11	66.64	4	95.05
35	8.97	84.52	6	92.34
36	131.56	177.2	3	83.4
37	38.72	109.93	3	62.08
38	121.27	103.46	4	21.55
39	129.64	30.39	3	75.66
40	136.44	11.14	5	96.04
41	193.8	6.41	4	132.5
42	26.6	72.98	4	78.22
43	188.18	185.27	3	122.66
Drivers: 2
id	x	y	end	sensitivity
15	39.2	151.69	4	1.23
16	71.4	50.38	4	1.12
Period: 4
Tasks:10
id	x	y	end	c
44	153.14	74.65	6	58.88
45	186.63	2.67	6	130.3
46	6.2	61.67	4	101.33
47	153.26	48.79	5	73.89
48	169.84	68.58	4	76.58
49	50.23	66.7	5	59.88
50	127.4	169.32	5	74.54
51	67.51	20.18	4	86.18
52	169.37	16.31	6	108.7
53	109.77	122.57	5	24.59
Drivers: 7
id	x	y	end	sensitivity
17	99.5	89.2	6	1.78
18	100.99	33.96	5	0.76
19	92.5	66.43	8	0.85
20	107.85	80.42	4	1.11
21	17.62	28.48	4	1.12
22	156.79	161.12	9	1.6
23	90.06	133.02	4	0.98
Period: 5
Tasks:18
id	x	y	end	c
54	87.78	150.02	6	51.49
55	103.59	94.04	6	6.96
56	143.32	145.19	6	62.6
57	114.16	81.85	6	23.02
58	4.28	53.51	6	106.41
59	42.4	106.79	7	58
60	37.05	180.03	6	101.82
61	125.9	111.08	6	28.17
62	145.02	8	6	102.42
63	124.56	179.84	6	83.53
64	21.68	188	5	117.81
65	42.39	176.4	5	95.69
66	95.58	159.1	6	59.27
67	9.73	14.29	7	124.48
68	43.08	38	6	84.17
69	89.01	92.16	5	13.5
70	35.84	132.52	6	71.93
71	5.45	73.42	5	98.22
Drivers: 5
id	x	y	end	sensitivity
24	15.07	132.6	7	1.54
25	124.26	32.26	7	1.99
26	125.78	2.76	6	0.53
27	50.29	93.72	8	1.27
28	88.64	167.35	5	1.09
Period: 6
Tasks:20
id	x	y	end	c
72	155.98	49.68	6	75.27
73	66.36	98.46	7	33.68
74	188.27	166.82	7	110.71
75	145.66	23.13	6	89.41
76	7.93	81.23	8	93.96
77	148.52	40.47	6	76.8
78	180.53	18.46	6	114.6
79	119.2	125.83	7	32.18
80	7.16	7.98	7	130.72
81	10.01	180.68	7	120.86
82	96.86	7.04	7	93.01
83	108.08	60.15	7	40.66
84	187.19	183.62	8	120.81
85	154.41	194.26	6	108.84
86	112.67	97.24	6	12.97
87	142.32	22.35	6	88.43
88	185.93	182.06	8	118.82
89	73.33	159.43	8	65.14
90	197.2	11.28	7	131.6
91	133.32	65.51	8	47.96
Drivers: 4
id	x	y	end	sensitivity
29	165.1	122.52	8	1.83
30	7.65	32.98	8	0.61
31	154.32	28.95	6	1
32	186.49	135.18	8	0.58
Period: 7
Tasks:11
id	x	y	end	c
92	84.66	89.26	7	18.73
93	48.01	9.27	7	104.57
94	64.07	46.2	9	64.69
95	24.75	189.28	8	116.76
96	79.86	175.61	7	78.25
97	156.26	16.64	9	100.57
98	34.37	40.08	7	88.87
99	20.92	67.4	10	85.54
100	105.54	63.79	8	36.63
101	98.69	125.39	8	25.42
102	72.93	39.86	8	65.95
Drivers: 5
id	x	y	end	sensitivity
33	77.68	179.8	9	1.61
34	100.8	115.28	8	0.75
35	199.5	92.27	7	1.22
36	192.03	114.19	9	1.56
37	34.46	165.25	7	1.16
Period: 8
Tasks:10
id	x	y	end	c
103	135.99	16.53	8	90.9
104	147.2	116.56	8	50.02
105	130.94	104.62	11	31.28
106	151.88	59.87	8	65.59
107	145.75	26.87	8	86.26
108	170.83	146.61	9	84.79
109	105.27	68.87	8	31.57
110	47.72	139.34	8	65.43
111	52.77	167.71	9	82.55
112	61.31	168.98	8	79.09
Drivers: 4
id	x	y	end	sensitivity
38	113.23	3.21	9	1.21
39	53.97	52.88	9	0.81
40	187.59	121.9	10	0.59
41	117.95	157.47	9	1.84
Period: 9
Tasks:19
id	x	y	end	c
113	115.68	198.78	11	100.02
114	167.92	113.89	10	69.33
115	104.12	146.89	10	47.07
116	136.5	78.86	9	42.18
117	132.89	199.84	9	105.12
118	140.65	183.33	10	92.72
119	121.08	84.19	13	26.35
120	101.58	152.53	9	52.55
121	115.27	81.57	9	23.93
122	170.21	194.56	9	117.78
123	91.14	185.92	10	86.38
124	58.48	59.98	10	57.67
125	5.84	164.8	10	114.3
126	140.1	132.68	12	51.73
127	94.85	62.6	10	37.75
128	26.17	49.27	9	89.58
129	74.83	118.81	12	31.42
130	103.11	120.4	9	20.64
131	172.17	113.52	9	73.43
Drivers: 5
id	x	y	end	sensitivity
42	50.47	114.37	12	1.54
43	25.69	37.62	10	0.76
44	46.24	168.4	10	1.87
45	89.61	65.7	13	1.85
46	144.9	144.42	10	0.91
Period: 10
Tasks:10
id	x	y	end	c
132	134.92	96.3	12	35.12
133	135.91	123.72	11	43.04
134	19.53	126.01	10	84.57
135	88.95	136.19	11	37.84
136	199.29	105.79	10	99.46
137	89.06	172.92	12	73.74
138	135.77	89.86	10	37.18
139	95.41	147.92	11	48.14
140	4.94	85.47	11	96.16
141	131.83	191.74	12	97.1
Drivers: 5
id	x	y	end	sensitivity
47	61.94	90.85	11	1.7
48	94.9	91.72	14	1.73
49	172.12	50.23	16	1.71
50	97.16	180.6	12	1.25
51	23.18	15.92	12	1.52
Period: 11
Tasks:12
id	x	y	end	c
142	108.69	60.13	12	40.81
143	104.02	21.73	12	78.37
144	145.57	86.34	12	47.57
145	17.74	1.48	12	128.35
146	16.08	172.15	11	110.67
147	198	57.37	12	106.87
148	33.16	110.92	11	67.73
149	18.38	188.86	12	120.66
150	78.04	96.95	14	22.17
151	13.93	84.47	11	87.46
152	89.48	156.35	12	57.32
153	30.39	103.63	13	69.7
Drivers: 7
id	x	y	end	sensitivity
52	35	113.25	12	1.1
53	56.22	30.53	12	0.86
54	140.75	124.09	13	0.55
55	109.88	60.71	14	1.08
56	67.41	31.95	12	1.64
57	160.7	140.43	12	1.76
58	144.34	150	11	1.35
Period: 12
Tasks:18
id	x	y	end	c
154	139.39	78.29	12	44.98
155	134.84	140.04	13	53.08
156	135.96	41.41	12	68.75
157	65.1	30.2	14	78.04
158	110.12	103.15	12	10.6
159	40.74	37.23	16	86.32
160	143.43	117.45	12	46.8
161	31.59	52.24	14	83.43
162	31.75	156.56	12	88.64
163	25.14	68.88	13	81.07
164	91.83	186.43	13	86.82
165	162.57	53.77	14	77.8
166	52.74	103.78	13	47.41
167	36.53	61.95	13	74
168	159.7	54.05	13	75.34
169	61.3	3.78	12	103.71
170	163.99	162.07	15	89.15
171	72.77	92.89	14	28.14
Drivers: 2
id	x	y	end	sensitivity
59	169.66	163.43	14	1.61
60	143.44	84.75	16	1.67
Period: 13
Tasks:20
id	x	y	end	c
172	90.18	200	14	100.48
173	117.6	188.51	14	90.24
174	180.17	142.28	14	90.64
175	142.95	7.68	14	101.82
176	81.94	109.79	13	20.54
177	143.03	162.72	13	76.06
178	104.07	44.14	13	56.01
179	188.7	2.75	14	131.63
180	88.1	59.94	15	41.79
181	120.87	45.16	13	58.68
182	58.52	46.48	14	67.71
183	164.72	196.97	14	116.58
184	135.09	155.68	13	65.81
185	196.19	9.2	13	132.28
186	175.91	123.11	14	79.35
187	71.46	155.07	15	62.03
188	178.39	194.32	15	122.64
189	109.09	58.34	14	42.64
190	100.5	197.4	13	97.4
191	12.51	53.11	14	99.26
Drivers: 2
id	x	y	end	sensitivity
61	5.7	123.37	16	1.97
62	198.86	2.16	16	0.57
Period: 14
Tasks:11
id	x	y	end	c
192	168.24	87.79	15	69.32
193	162.08	49.62	14	79.95
194	54.85	195.76	15	105.87
195	94.14	0.08	15	100.09
196	91.53	63.71	15	37.27
197	199.41	156.1	15	114.15
198	19.11	43.61	15	98.61
199	95.12	73.55	15	26.9
200	177.67	32.48	17	102.92
201	118.79	138.48	15	42.82
202	98.36	147.69	14	47.72
Drivers: 6
id	x	y	end	sensitivity
63	134.55	177.58	18	1.65
64	117.06	56.33	16	1.54
65	147.71	34.9	14	1.04
66	132.63	166.9	17	1.78
67	34.8	21.2	16	1.53
68	93.36	2.74	16	0.82
Period: 15
Tasks:14
id	x	y	end	c
203	157.75	169.81	15	90.6
204	112.79	131.14	16	33.66
205	148.83	185.34	15	98.32
206	90.75	191.22	15	91.69
207	120.65	175.72	15	78.49
208	199.39	192.91	15	136.05
209	73.68	11.22	16	92.6
210	66.42	37.27	15	71.15
211	170.28	23.14	15	104.15
212	20.58	88.78	16	80.21
213	124.23	69.41	15	39.02
214	122.26	73.87	17	34.33
215	187.67	41.71	16	105.28
216	16.42	185.15	15	119.32
Drivers: 8
id	x	y	end	sensitivity
69	77.95	151.16	17	0.81
70	98.77	149.3	15	0.84
71	161.46	107.02	19	0.78
72	87.03	20.14	18	1.41
73	110.33	184.72	19	1.18
74	132.62	7.18	19	1.97
75	110.92	142.58	16	0.53
76	167.93	43.46	18	1.97
Period: 16
Tasks:5
id	x	y	end	c
217	85.48	193.94	17	95.06
218	2.21	57.27	17	106.72
219	87.81	99	17	12.23
220	100.58	128.8	16	28.81
221	161.88	170.71	17	93.96
Drivers: 5
id	x	y	end	sensitivity
77	138.78	132.95	17	0.63
78	39.9	56.18	17	1.28
79	170.79	81.51	20	1.8
80	170.76	81.18	21	1.39
81	96.26	122.91	16	0.93
Period: 17
Tasks:13
id	x	y	end	c
222	17.55	16.95	18	117.03
223	16.32	79.41	18	86.18
224	27.16	17.68	17	109.92
225	36.54	117.95	18	65.95
226	178.77	39.44	17	99.36
227	73.04	32.65	18	72.55
228	132.39	152.07	17	61.32
229	118.12	193.47	17	95.21
230	154.36	2.51	18	111.62
231	24.86	132.97	18	82.06
232	188.32	137.12	19	95.8
233	104.5	106.37	19	7.8
234	93.81	151.03	18	51.4
Drivers: 3
id	x	y	end	sensitivity
82	11.15	155.01	21	1.4
83	24.7	184	20	1.32
84	97.56	115.61	18	0.84
Period: 18
Tasks:16
id	x	y	end	c
235	170.99	168.89	18	98.92
236	129.7	74.93	19	38.87
237	115.57	25.41	19	76.2
238	174.7	99.88	20	74.7
239	108.61	187.17	19	87.59
240	192.52	9.44	19	129.46
241	0.09	188.03	18	133.16
242	144.88	93.18	19	45.4
243	5.37	150.5	19	107.26
244	11	191	18	127.29
245	184.21	146.66	21	96.27
246	8.73	150.75	19	104.43
247	97.23	5.53	19	94.51
248	130.92	183.54	18	89.08
249	11.88	178.08	18	117.74
250	32.55	19.69	18	104.88
Drivers: 6
id	x	y	end	sensitivity
85	83.13	78.53	22	1.88
86	160.84	23.7	21	1.85
87	22.99	69.77	21	0.51
88	5.17	5.37	21	1.59
89	49.37	162.86	21	0.67
90	124.98	34.91	19	1.57
Period: 19
Tasks:16
id	x	y	end	c
251	35.79	24.76	21	98.91
252	106.56	173.96	23	74.25
253	84.14	125.05	21	29.65
254	190.5	129.4	20	95.16
255	71.36	145.4	21	53.68
256	76.46	195.05	19	97.92
257	14.4	39.65	19	104.74
258	0.72	54.68	20	109.13
259	112.62	19.46	21	81.52
260	63.35	83.69	19	40.12
261	40.78	124.86	20	64.23
262	22.01	100.52	19	77.99
263	117.33	20.02	19	81.84
264	180.24	14.56	19	117.21
265	86.37	183.04	19	84.15
266	76.2	93.76	19	24.6
Drivers: 5
id	x	y	end	sensitivity
91	172.13	42.17	20	0.58
92	199.53	39.69	19	1.62
93	70.99	167.66	20	1.57
94	67.14	39.86	22	1.67
95	4.82	54.73	20	1.21
Period: 20
Tasks:10
id	x	y	end	c
267	113.37	20.97	20	80.15
268	99.21	60.84	21	39.17
269	128.54	59.64	20	49.43
270	12.8	45.55	22	102.8
271	119.59	185.01	21	87.24
272	170.89	184.52	21	110.31
273	151.8	186.73	22	101.02
274	193.3	62.34	21	100.61
275	173.35	13.19	21	113.65
276	148.22	54.44	20	66.34
Drivers: 9
id	x	y	end	sensitivity
96	31.83	170.24	20	0.91
97	193.03	85.67	21	1.95
98	151.7	55.71	28	1.47
99	72.36	197.44	24	1.49
100	21.65	80.85	22	0.86
101	164.98	44.96	24	0.9
102	118.85	64.95	23	0.89
103	56.98	66.02	24	1.85
104	163.76	76.32	25	1.52
Period: 21
Tasks:14
id	x	y	end	c
277	195.43	153.74	24	109.52
278	119.93	188.83	23	91.04
279	47.73	172.87	24	89.68
280	95.61	24.25	22	75.88
281	137.06	103.37	23	37.21
282	47.96	36.78	22	81.88
283	194.41	30.07	23	117.49
284	199.78	45.67	21	113.61
285	86.2	42.69	21	58.95
286	35.14	30.33	22	95.19
287	76.49	104.18	24	23.88
288	161.7	32.92	22	91.14
289	10.95	81.47	21	90.96
290	116.54	72.02	21	32.5
Drivers: 7
id	x	y	end	sensitivity
105	168.8	83.74	22	0.74
106	118.43	179.98	22	1.75
107	77.58	22.77	24	1.67
108	85.31	88.89	23	1.81
109	142.35	12.42	23	1.35
110	164.19	0.25	23	0.63
111	66.47	163.38	24	1.32
Period: 22
Tasks:19
id	x	y	end	c
291	64.05	101.43	23	35.98
292	140.97	170.37	22	81.43
293	140.02	80.77	23	44.4
294	36.41	24.74	24	98.53
295	162.23	15.3	22	105.1
296	150.11	193.89	22	106.43
297	131	186.22	23	91.62
298	118.86	92.09	23	20.45
299	92.19	52.14	23	48.49
300	102.43	120.1	22	20.25
301	114.05	24.78	24	76.52
302	157	118.53	23	59.94
303	68.08	82.46	23	36.42
304	146.6	70.9	23	54.94
305	72.01	148.53	24	56.02
306	72.25	85.26	23	31.42
307	150.35	84.8	22	52.59
308	194.16	140.49	23	102.5
309	62.03	11.67	23	96.15
Drivers: 3
id	x	y	end	sensitivity
112	54.01	12.94	24	1.63
113	117.01	107.8	22	1.03
114	134.43	156.65	27	0.69
Period: 23
Tasks:19
id	x	y	end	c
310	24.37	108.21	23	76.07
311	33.51	171.45	23	97.6
312	12.92	58.95	24	96.27
313	165.95	158.01	24	87.83
314	196.89	123.1	24	99.61
315	24.1	132.1	23	82.41
316	75.24	21.99	23	81.85
317	101.65	156.84	23	56.86
318	138.31	78.41	27	43.97
319	107.03	142.34	24	42.92
320	24.64	162.08	24	97.64
321	166.09	12.08	25	109.99
322	80.51	76.55	25	30.49
323	9.96	136	23	96.97
324	68.64	42.65	24	65.36
325	141.99	152.23	23	67.02
326	157.76	38.85	24	84.12
327	39.35	170.07	23	92.67
328	138.95	141.79	23	57.13
Drivers: 4
id	x	y	end	sensitivity
115	77.22	95.32	24	1.69
116	9.47	28.6	26	1.61
117	119.17	186.45	24	1.89
118	64.88	179.61	24	1.29
Period: 24
Tasks:12
id	x	y	end	c
329	22.56	121.86	24	80.47
330	146.52	88.39	29	47.95
331	39.08	122.31	24	64.88
332	190.48	103.87	26	90.56
333	5.63	36.52	24	113.73
334	82.47	99.3	26	17.54
335	178.48	16.6	24	114.52
336	133.69	157.79	27	66.89
337	39.21	22.53	25	98.47
338	158.25	149.49	24	76.44
339	100.79	88.32	26	11.71
340	190.75	111.99	24	91.54
Drivers: 4
id	x	y	end	sensitivity
119	119.14	169.55	28	0.84
120	152.95	113.37	24	0.68
121	7.83	154.97	25	0.67
122	85.05	29.61	24	1.55
Period: 25
Tasks:10
id	x	y	end	c
341	15.59	153.39	25	99.88
342	9.26	85.84	27	91.84
343	35.29	187.33	25	108.69
344	58.68	172.27	26	83.25
345	106.31	175.6	26	75.86
346	87.7	100.78	26	12.32
347	172.7	139.86	25	82.91
348	14.16	144.81	26	96.83
349	15.39	18.37	26	117.57
350	164.45	34.99	27	91.54
Drivers: 5
id	x	y	end	sensitivity
123	67.19	166.47	30	1.01
124	136.64	149.71	26	1.98
125	54.64	78.61	28	1.82
126	79.59	145.95	28	0.72
127	164.54	167.96	27	0.96
Period: 26
Tasks:19
id	x	y	end	c
351	42.67	132.49	28	65.9
352	140.01	72.25	26	48.69
353	16.08	176.27	26	113.4
354	116.78	150.15	27	52.88
355	83.76	110.43	26	19.3
356	52.04	25.57	28	88.54
357	38.86	71.62	26	67.41
358	124.91	40.7	27	64.32
359	28.22	190.2	26	115.28
360	25.83	0.37	27	124.21
361	145.18	52.23	29	65.75
362	159.39	110.77	26	60.36
363	188.34	59.58	26	97.15
364	133.41	199.59	26	105.04
365	112.41	120.07	27	23.6
366	189.88	59.16	26	98.72
367	155.46	165.67	28	85.96
368	158.49	63.81	27	68.78
369	62.49	31.3	26	78.27
Drivers: 8
id	x	y	end	sensitivity
128	144.73	7.79	26	0.93
129	79.9	55.67	28	1.7
130	43.44	16.94	28	1.34
131	100.35	177.94	31	0.97
132	125.94	35.15	29	0.89
133	129.03	62.82	28	1.91
134	164.3	90.61	27	0.98
135	190.91	175.95	26	1.41
Period: 27
Tasks:11
id	x	y	end	c
370	65.03	176.63	29	84.23
371	148.77	192.94	27	104.96
372	175.03	99.88	28	75.03
373	74.25	168.65	29	73.32
374	134.6	4.6	27	101.48
375	132.31	107.3	29	33.12
376	86.42	43.4	30	58.21
377	88.79	184.86	28	85.6
378	115.58	16.33	28	85.11
379	86.19	114.85	28	20.28
380	156.69	88.96	28	57.75
Drivers: 5
id	x	y	end	sensitivity
136	184.93	69.43	27	0.52
137	152.29	151.87	29	1.19
138	87.81	36.43	28	0.84
139	161.6	65.14	30	1
140	42.68	116.21	30	1.35
Period: 28
Tasks:18
id	x	y	end	c
381	88.49	37.53	30	63.52
382	91.01	126.93	29	28.39
383	52.08	107.8	28	48.55
384	96.68	86.86	29	13.55
385	17.13	129.55	29	87.98
386	78.37	36.34	31	67.23
387	31.46	132.3	31	75.77
388	96.63	78.95	28	21.32
389	2.25	145.06	28	107.64
390	143.62	106.19	28	44.06
391	57.6	139.9	29	58.22
392	82.26	179.57	28	81.52
393	161.27	109.97	28	62.08
394	62.75	54.71	30	58.64
395	6.68	128.92	29	97.7
396	126.09	137.07	29	45.33
397	1.82	197.29	28	138.22
398	123.44	169.28	31	73.14
Drivers: 1
id	x	y	end	sensitivity
141	87.29	69.1	33	1.45
Period: 29
Tasks:17
id	x	y	end	c
399	159.97	184.65	29	103.74
400	157.34	114.37	29	59.11
401	198.6	89.05	30	99.21
402	102.99	156.52	31	56.6
403	59.82	25.36	32	84.77
404	89.47	38.89	29	62.01
405	101.05	21.34	29	78.67
406	191.68	127.85	29	95.82
407	112.08	51.64	30	49.85
408	8.41	156.62	29	107.68
409	146.55	128.81	30	54.74
410	173.45	191.47	31	117.31
411	99.36	174.03	30	74.03
412	28.03	32.01	29	99.01
413	91.95	0.63	31	99.7
414	27.28	20.42	29	107.8
415	179.97	14.32	30	117.2
Drivers: 5
id	x	y	end	sensitivity
142	57.33	51.99	34	0.79
143	149.14	32.94	31	1.48
144	34.26	177.08	30	0.55
145	37.21	99.75	33	1.35
146	44.23	179.25	30	1.55
Period: 30
Tasks:6
id	x	y	end	c
416	183.95	72.07	30	88.47
417	6.31	149.25	30	105.85
418	106.37	55.83	31	44.63
419	123.32	56.86	31	49.04
420	131.61	56.84	31	53.5
421	175.09	155.36	31	93.29
Drivers: 4
id	x	y	end	sensitivity
147	88.19	96.44	30	1.33
148	195.2	22.07	34	1.49
149	22.97	142.6	33	0.83
150	88.53	137.49	30	1.29
Period: 31
Tasks:16
id	x	y	end	c
422	41.4	54.25	32	74.34
423	69.75	70	31	42.6
424	159.41	134.71	31	68.81
425	111.89	98.38	33	12
426	160.76	161.08	31	86.15
427	4.36	95.58	34	95.74
428	48.68	91.36	32	52.04
429	18.04	185.52	31	118.45
430	26.03	3.4	31	121.67
431	50.57	173.9	31	88.91
432	77.7	6.54	32	96.08
433	5.63	10.17	32	130.29
434	35.05	160.1	32	88.49
435	133.92	100.22	31	33.92
436	91.96	160.87	31	61.4
437	99.36	183.87	31	83.87
Drivers: 6
id	x	y	end	sensitivity
151	15.62	50.55	33	0.58
152	187.28	191.11	33	1.38
153	62.31	162.6	31	0.64
154	105.21	34.85	31	0.82
155	123.88	135.2	32	1.31
156	21.25	83.77	33	1.2
Period: 32
Tasks:10
id	x	y	end	c
438	57.3	163.67	32	76.66
439	148.58	118.29	33	51.91
440	52.78	117.31	33	50.29
441	150.03	163.89	33	81.15
442	34	30.83	32	95.61
443	25.77	6.5	32	119.38
444	111.93	91.19	36	14.83
445	96.03	170.2	32	70.31
446	166.26	14.93	32	107.83
447	1.32	180.17	33	127.14
Drivers: 6
id	x	y	end	sensitivity
157	120.82	70.15	35	1.26
158	81.77	137.09	35	1.5
159	13.14	111.54	32	1.73
160	105.47	118.77	32	0.53
161	143.54	76.73	35	1.13
162	194.06	7.72	34	0.68
Period: 33
Tasks:10
id	x	y	end	c
448	180.54	184.99	33	117.09
449	182.86	103.31	35	82.93
450	100.47	136.33	33	36.33
451	82.08	67.78	35	36.87
452	61.24	118.22	35	42.83
453	182.81	18.67	33	116.07
454	57.34	168.33	34	80.55
455	147.15	83.04	33	50.11
456	168.19	147.69	33	83.21
457	24.79	163.19	33	98.23
Drivers: 3
id	x	y	end	sensitivity
163	63.37	146.32	37	0.64
164	162.64	101.81	36	1.74
165	115.32	188.07	35	1.75
Period: 34
Tasks:14
id	x	y	end	c
458	0.79	45.01	35	113.43
459	127.29	66.26	34	43.4
460	73.7	195.08	36	98.65
461	131.03	39.6	35	67.9
462	150.1	163.43	35	80.83
463	121.2	121.09	34	29.9
464	60.84	172.92	34	82.77
465	161.83	46.86	34	81.53
466	21.53	113.19	36	79.57
467	21.78	43.12	35	96.71
468	103.87	150.62	34	50.77
469	1.1	147.94	35	109.91
470	49.85	21.59	35	93.08
471	4.8	23.35	34	122.22
Drivers: 6
id	x	y	end	sensitivity
166	33.88	94.49	36	1.92
167	89.01	53.84	39	0.98
168	51.51	36.35	36	0.76
169	11.32	142.84	35	1.36
170	64.86	9.56	35	0.73
171	30.5	162.2	36	1.32
Period: 35
Tasks:18
id	x	y	end	c
472	32.65	191.4	35	113.53
473	95.1	109.21	35	10.43
474	30.88	19.62	36	106.01
475	114.35	37.13	36	64.49
476	162.32	23.31	35	98.82
477	134.19	77.84	36	40.74
478	47.17	178.75	35	94.83
479	113.97	142.7	36	44.93
480	125.02	106.28	37	25.8
481	43.29	95.33	37	56.9
482	17.09	15.91	38	118.09
483	161.89	142.04	37	74.82
484	20.29	176.67	36	110.6
485	88.26	132.76	35	34.8
486	176.89	147.91	36	90.59
487	94.63	74.8	35	25.77
488	70.44	182.96	35	88.07
489	83.09	12.68	36	88.94
Drivers: 4
id	x	y	end	sensitivity
172	121.43	132.79	39	1.46
173	122.09	113.97	39	0.95
174	165.96	156.58	36	0.82
175	106.21	54	37	1.76
Period: 36
Tasks:17
id	x	y	end	c
490	2.82	18.78	37	126.65
491	192.41	143.79	37	102.26
492	75.02	8.58	39	94.77
493	129.62	159.47	36	66.44
494	76.62	174.75	36	78.32
495	95.88	24.69	37	75.42
496	152.58	141.16	36	66.77
497	161.52	188.9	38	108.11
498	66.24	98.39	37	33.8
499	158.11	4.89	37	111.46
500	122.25	14.73	37	88.13
501	132.7	155.93	38	64.79
502	102.26	100.65	37	2.35
503	19.85	60.7	39	89.27
504	149.16	176.26	36	90.73
505	134.55	166.84	39	75.24
506	71.14	43.09	38	63.81
Drivers: 6
id	x	y	end	sensitivity
176	2.94	118.54	39	0.64
177	21.52	33.46	38	1.12
178	177.88	120.58	37	1.45
179	72.09	6.41	38	1.22
180	163.18	64.54	37	1.79
181	195.07	54.39	38	0.6
Period: 37
Tasks:15
id	x	y	end	c
507	78.24	44.81	39	59.32
508	15.69	66.03	37	90.9
509	152.51	15.53	38	99.46
510	19.68	10.55	37	120.22
511	117.5	109.16	38	19.75
512	147.21	170.65	38	84.97
513	33.69	39.66	38	89.65
514	134.68	143.71	37	55.8
515	83.01	5.27	37	96.24
516	9.18	136.43	37	97.85
517	31.23	179.46	37	105.09
518	82.48	39.68	38	62.81
519	133.41	199.23	38	104.7
520	158.77	116.67	37	61.09
521	1.93	150.29	38	110.21
Drivers: 3
id	x	y	end	sensitivity
182	97.69	154.54	39	1.76
183	1.78	189.16	39	1.64
184	11.41	186.33	41	0.77
Period: 38
Tasks:16
id	x	y	end	c
522	23.94	139.4	39	85.66
523	139.38	45.36	39	67.35
524	87.02	55.82	38	46.05
525	187.5	39.22	40	106.54
526	71.73	96.74	38	28.46
527	49.17	141.33	39	65.51
528	86.81	93.16	39	14.86
529	190.69	103.92	39	90.77
530	169.88	75.58	39	74.02
531	32.15	105.1	38	68.04
532	165.48	36.28	39	91.37
533	9.48	99.49	38	90.52
534	184.89	151.08	40	99.07
535	155.7	50.09	39	74.79
536	179.49	97.94	38	79.52
537	35.11	18.47	41	104.2
Drivers: 6
id	x	y	end	sensitivity
185	27.38	62.07	38	1.05
186	185.51	128.19	40	1.79
187	198.66	12.62	39	1.66
188	6.2	105.6	41	1.16
189	126.4	52.67	39	0.6
190	185.8	172.68	40	1.36
Period: 39
Tasks:24
id	x	y	end	c
538	45.81	81.89	40	57.14
539	30.75	98.88	39	69.26
540	151.72	101.73	41	51.75
541	94.59	18.7	39	81.48
542	127.2	44.82	40	61.52
543	10.6	32.03	40	112.3
544	80.77	185.32	39	87.46
545	178.63	116.47	41	80.34
546	146.34	85.8	42	48.47
547	134.25	40.1	39	69
548	119.09	51.08	39	52.51
549	101.46	129.07	41	29.11
550	78.67	142.37	41	47.44
551	42.77	157.68	40	81.25
552	29.41	9.5	42	114.77
553	40.15	68.41	39	67.68
554	118.44	188.13	39	90.04
555	73.31	105.33	39	27.22
556	184.28	104.29	40	84.39
557	143.54	134.99	41	55.86
558	163.94	49.39	40	81.55
559	97.68	174.67	40	74.71
560	74.19	27.98	40	76.51
561	25.85	171.76	39	103.19
Drivers: 4
id	x	y	end	sensitivity
191	170.15	158.53	40	1.95
192	52.58	132.38	46	1.83
193	192.96	168.54	40	1.74
194	39.05	142.56	41	1.64
Period: 40
Tasks:8
id	x	y	end	c
562	144.53	25.02	41	87.21
563	155.26	15.26	41	101.17
564	131.2	11.65	42	93.7
565	151.43	181.28	41	96.18
566	177.71	179.83	42	111.41
567	88.52	127.86	41	30.13
568	88.25	20.82	42	80.05
569	183.9	163.77	41	105.38
Drivers: 6
id	x	y	end	sensitivity
195	47.57	149.08	41	1.74
196	146.07	57.59	42	0.67
197	153.29	67.39	42	0.86
198	181.99	68.26	40	1.78
199	79.23	193.44	45	0.57
200	67.55	151.97	43	1.76
Period: 41
Tasks:11
id	x	y	end	c
570	188.52	149.7	43	101.52
571	90.48	29.44	41	71.2
572	131.07	49.78	42	59.05
573	22.14	158.19	41	97.2
574	90.54	54.78	43	46.2
575	22.32	137.36	42	86.2
576	159.77	51.25	41	77.13
577	66.13	104.03	41	34.11
578	112.53	61.11	42	40.86
579	36.94	31.85	43	92.85
580	41.76	27.7	44	92.84
Drivers: 3
id	x	y	end	sensitivity
201	101.28	61.57	47	1.08
202	27.52	77.48	44	0.91
203	151.01	113.77	44	0.85
Period: 42
Tasks:13
id	x	y	end	c
581	86.09	177.48	42	78.72
582	51.9	136.12	45	60.15
583	34.12	32.68	42	94.19
584	163.47	93.7	42	63.78
585	116.48	94	44	17.54
586	109.51	38.92	45	61.82
587	74.98	73.43	43	36.5
588	111.45	140.62	42	42.2
589	65.28	24.3	43	83.28
590	98.6	152.99	43	53.01
591	40.14	168.63	46	91.07
592	53.33	119.2	43	50.47
593	134.52	85.25	42	37.54
Drivers: 7
id	x	y	end	sensitivity
204	2.47	143.97	47	1.79
205	51.87	61.38	44	1.87
206	123.38	62.72	43	1.33
207	37.99	122.84	47	1.23
208	148.23	6.64	44	1.16
209	86.39	52.39	46	1.98
210	116.17	181.63	43	0.78
Period: 43
Tasks:16
id	x	y	end	c
594	59.79	80.39	45	44.74
595	180.66	165.66	44	104.01
596	131.62	89.4	43	33.35
597	71.49	178.3	43	83.33
598	175.52	78.88	43	78.42
599	118.06	42.14	46	60.61
600	8.09	105.99	46	92.1
601	189.65	81.44	44	91.55
602	5.56	191.71	43	131.64
603	142.87	41.52	43	72.51
604	106.65	122.64	44	23.6
605	29.33	111.06	44	71.53
606	168.62	146.07	43	82.65
607	89.57	42.09	43	58.84
608	81.63	54.95	44	48.65
609	145.58	12.15	44	98.97
Drivers: 8
id	x	y	end	sensitivity
211	60.64	2.08	46	0.59
212	170.22	61.21	44	1.93
213	76.27	14.09	45	1.5
214	44.8	1.45	44	1.8
215	86.33	92.1	45	0.71
216	100.42	4.92	44	1.43
217	104.54	122.64	47	0.83
218	86.15	147.32	43	1.64
Period: 44
Tasks:19
id	x	y	end	c
610	156.82	178.64	45	97.02
611	158.15	192.22	47	109.02
612	151.52	33.49	45	84.13
613	98.9	108.09	44	8.16
614	76.84	151.76	44	56.71
615	26.99	53.77	46	86.42
616	110.24	23.22	45	77.46
617	129.01	119.29	44	34.84
618	176.94	3.31	44	123.57
619	143.83	116.13	45	46.7
620	11.49	133.04	44	94.48
621	6.16	92.56	45	94.13
622	65.19	52.3	44	59.05
623	132.63	153.71	45	62.84
624	166.3	112.21	44	67.41
625	160.26	153.44	45	80.54
626	96.8	124.78	46	24.99
627	170.55	134.45	45	78.51
628	181.05	137.36	44	89.25
Drivers: 8
id	x	y	end	sensitivity
219	195.13	7.01	46	1.71
220	29.04	118.04	45	1.53
221	77.66	134.95	45	0.94
222	115.14	145.42	45	0.82
223	65.66	118.62	46	1.35
224	19.6	198.56	46	1.89
225	118.32	181.44	47	0.9
226	38.34	92.2	47	1.95
Period: 45
Tasks:16
id	x	y	end	c
629	62.2	121.61	45	43.54
630	26.59	70.02	46	79.3
631	87.66	30.24	45	70.84
632	153.58	60.65	45	66.48
633	167.24	52.06	45	82.58
634	1.74	172.02	49	121.83
635	195.49	133.83	45	101.31
636	130.93	27.48	45	78.84
637	159.91	79.64	46	63.28
638	166.41	189.72	46	111.62
639	87.94	130.38	47	32.69
640	161.83	61.98	45	72.58
641	57.74	117.59	45	45.77
642	74.89	82.11	46	30.83
643	12.33	7.8	48	127.23
644	189.82	118.68	45	91.74
Drivers: 6
id	x	y	end	sensitivity
227	107.32	150.62	48	1.26
228	14.89	25.8	46	1.88
229	13.2	57.45	51	1.78
230	77.99	72.87	45	1.57
231	72.36	1.98	49	1.01
232	38.01	80.52	49	1.91
Period: 46
Tasks:13
id	x	y	end	c
645	99.47	30.06	48	69.94
646	72.93	105.85	47	27.69
647	43.73	191.11	47	107.09
648	149.66	151.91	47	71.84
649	27.28	142.18	49	84.07
650	105.82	65.79	47	34.7
651	121.11	194.78	46	97.1
652	179.83	28.45	46	107.2
653	122.65	108.75	49	24.28
654	92.54	158.43	46	58.9
655	25.71	85.04	46	75.78
656	150.93	91.43	46	51.65
657	194.73	28.51	47	118.68
Drivers: 5
id	x	y	end	sensitivity
233	74.19	155.76	48	0.56
234	119.05	15.06	47	1.91
235	78.61	164.7	50	1.97
236	89.73	23.61	51	1.05
237	92.33	196.08	47	1.78
Period: 47
Tasks:12
id	x	y	end	c
658	40.05	117.56	48	62.47
659	65	74.36	48	43.39
660	108.65	171.31	48	71.83
661	177.29	81.17	47	79.55
662	61.9	81.9	49	42.18
663	85.89	199.3	47	100.3
664	121.13	45.5	48	58.45
665	114.87	93.28	47	16.32
666	5.88	107.36	48	94.41
667	185.53	141.49	49	95.06
668	83.94	170.55	48	72.35
669	174.68	2.22	50	123.04
Drivers: 10
id	x	y	end	sensitivity
238	153.05	90.38	48	0.81
239	152.21	58.74	48	1.17
240	169.31	10.63	48	0.57
241	129.65	39.2	50	1.9
242	86.81	170.51	48	1.37
243	73.77	107.31	51	1.31
244	63.75	23.83	47	1.43
245	138.82	127.8	51	0.7
246	84.06	134.79	49	0.55
247	189.17	146.48	50	1.03
Period: 48
Tasks:14
id	x	y	end	c
670	149.1	85	49	51.34
671	136.07	99.94	50	36.07
672	199.2	146.2	50	109.43
673	148.48	22.36	50	91.53
674	27.55	92.98	48	72.79
675	134.47	168.51	50	76.69
676	166.77	117.45	51	69.01
677	52.4	195.91	49	107.07
678	6.53	112.4	49	94.29
679	14.86	67.14	49	91.26
680	193.91	121.27	49	96.29
681	18.62	17.01	50	116.23
682	188.23	180.53	49	119.46
683	35.87	191.34	49	111.6
Drivers: 5
id	x	y	end	sensitivity
248	150.64	180	51	1.47
249	71.47	56.51	51	1.46
250	21.85	13.08	51	0.7
251	93.96	197.38	49	1.87
252	125.93	166.97	50	1.45
Period: 49
Tasks:15
id	x	y	end	c
684	128.4	88.25	49	30.73
685	45.63	131.19	51	62.68
686	3.96	79.08	51	98.29
687	46.68	42.71	49	78.26
688	103.67	30.29	50	69.81
689	189.85	117.22	49	91.49
690	74.49	194.01	49	97.41
691	62.38	165.93	51	75.91
692	92.63	36.1	49	64.32
693	57.13	3.44	51	105.65
694	96.28	26.62	51	73.47
695	168.23	171.79	49	99.04
696	74.32	73.54	49	36.87
697	83	69.57	49	34.86
698	118.86	83.17	49	25.28
Drivers: 4
id	x	y	end	sensitivity
253	166.43	17.56	50	1.46
254	195.83	137.98	50	1.33
255	25.44	28.17	50	0.66
256	159.02	53.85	51	1.77
Period: 50
Tasks:22
id	x	y	end	c
699	178.1	26.87	51	106.99
700	104.08	164.78	51	64.91
701	122.38	82.59	51	28.35
702	35.91	122.88	50	68.05
703	173.33	134.45	51	81.02
704	65.69	59.21	50	53.3
705	40.63	15.83	50	103
706	11.4	122.84	51	91.5
707	118.52	138.63	51	42.84
708	53.29	62.18	52	60.1
709	53.33	80.23	50	50.68
710	159.75	12.59	50	105.88
711	52.06	192.87	53	104.51
712	73.99	34.04	50	70.9
713	93.92	184.71	50	84.93
714	95.53	126.51	50	26.88
715	69.02	104.52	51	31.31
716	115.98	127.44	51	31.75
717	33.15	14.1	51	108.85
718	46.31	118.38	52	56.75
719	55.86	35.98	51	77.76
720	81.77	146.29	50	49.75
Drivers: 3
id	x	y	end	sensitivity
257	144.76	167.13	52	1.23
258	160.32	115.25	52	1.42
259	29.03	96.69	51	0.78
Period: 51
Tasks:13
id	x	y	end	c
721	95.06	178.92	52	79.07
722	116.87	120.92	54	26.87
723	133.04	29.7	51	77.68
724	82.53	123.96	51	29.65
725	53.4	179.51	52	92.16
726	119.15	48.24	51	55.19
727	159.48	82.49	52	62
728	67.99	60.5	51	50.84
729	160.67	134.52	53	69.8
730	165.42	194.48	53	114.92
731	81.57	107.7	52	19.97
732	61.55	146.84	53	60.6
733	124.51	62.42	52	44.87
Drivers: 5
id	x	y	end	sensitivity
260	161.31	69.55	51	1.69
261	105.41	143.74	52	0.58
262	143.01	108.64	51	1.59
263	33.33	48.02	52	1.66
264	90.18	99.42	54	0.65
Period: 52
Tasks:15
id	x	y	end	c
734	51.15	148.16	53	68.6
735	174.35	87.7	55	75.36
736	181.73	148.31	53	94.94
737	99.61	44.33	53	55.67
738	31	65.05	55	77.35
739	195.07	158.73	53	111.75
740	199.31	195.77	53	137.97
741	40.03	113.99	54	61.58
742	190.02	68.94	54	95.23
743	110.14	159.67	52	60.53
744	40.6	85.82	52	61.07
745	186.48	155.1	52	102.54
746	196.86	34.61	57	116.87
747	134.32	42.6	53	66.88
748	166.8	104.5	53	66.95
Drivers: 5
id	x	y	end	sensitivity
265	146.31	90.77	54	1.93
266	108.44	144.86	55	1.04
267	194.14	119.9	54	1.73
268	112.12	178.8	54	1.44
269	190.47	90.62	54	1.38
Period: 53
Tasks:14
id	x	y	end	c
749	175.06	46.95	56	91.91
750	30.38	116.01	53	71.44
751	127.22	80.24	55	33.64
752	34.56	190.58	53	111.75
753	171.28	153.21	54	88.95
754	142.61	129.77	53	51.98
755	132.51	50.62	55	59.12
756	8.32	189.28	53	127.97
757	110.81	51.93	54	49.27
758	18.28	103.57	55	81.8
759	14.47	61.78	54	93.68
760	173.13	183.4	55	110.92
761	98.79	83.66	54	16.38
762	86.35	13.26	54	87.81
Drivers: 7
id	x	y	end	sensitivity
270	20.74	121.24	55	1.46
271	155.07	187.04	54	0.77
272	123.74	73.11	54	1.76
273	168.48	77.97	53	0.78
274	192.71	72.46	55	1.12
275	124.62	163.15	55	1.77
276	47.96	80.07	55	1.29
Period: 54
Tasks:17
id	x	y	end	c
763	0.76	60.34	55	106.87
764	131.17	115.14	54	34.65
765	174.82	33.49	54	100.11
766	66.72	182.1	55	88.59
767	136.75	88.81	54	38.42
768	22.73	138.26	54	86.22
769	58.63	160.25	56	73.09
770	6.75	4.19	54	133.7
771	156.01	174.68	54	93.35
772	143.29	146.28	56	63.37
773	52.33	4.89	55	106.39
774	71.98	53.82	55	54.02
775	76.65	124.88	57	34.12
776	139.54	152.56	54	65.77
777	66.67	94.1	55	33.85
778	67.71	15.18	56	90.76
779	23.04	38.96	56	98.23
Drivers: 4
id	x	y	end	sensitivity
277	156.2	68.3	57	1.33
278	103.06	13.58	54	1.48
279	127.84	51.55	58	0.71
280	8.35	32.22	57	1.62
Period: 55
Tasks:16
id	x	y	end	c
780	174.48	199.39	57	124.2
781	198.29	177.68	55	125.28
782	151.49	193.16	55	106.44
783	147.46	126.82	55	54.51
784	136.25	107.24	56	36.97
785	140.81	67.76	57	52.01
786	150.64	1.64	56	110.63
787	129.03	141	59	50.24
788	55.61	169.02	56	82.06
789	23.83	169.96	57	103.42
790	106.43	66.48	56	34.13
791	168.15	9.05	55	113.65
792	196.75	132.98	57	102.22
793	106.04	112.05	57	13.48
794	11.97	113.79	57	89.1
795	100.42	140.67	56	40.67
Drivers: 5
id	x	y	end	sensitivity
281	98.53	10.99	57	1.49
282	87.35	183.24	58	1.54
283	20.29	113.07	58	1.92
284	143.6	125.97	60	0.7
285	106.54	20.99	56	1.76
Period: 56
Tasks:9
id	x	y	end	c
796	51.64	107.24	58	48.9
797	6.45	165.95	57	114.46
798	199.78	92.67	56	100.05
799	170.24	30	57	99.16
800	80.39	81.58	56	26.9
801	184.52	117.31	58	86.27
802	113.19	34.72	57	66.6
803	127.94	151.69	57	58.76
804	162.12	106.2	56	62.43
Drivers: 5
id	x	y	end	sensitivity
286	30.77	171.26	56	1.48
287	144.83	187.58	59	1.57
288	152.91	17.85	59	0.54
289	72.57	182.14	60	1.69
290	152.3	159.3	58	1.43
Period: 57
Tasks:18
id	x	y	end	c
805	40.42	179.21	59	99.12
806	2.7	76.83	58	100.02
807	127.89	87.53	57	30.55
808	62.15	112.25	60	39.78
809	182.49	160.36	58	102.22
810	62.82	121.9	57	43.15
811	143.15	24.66	57	86.82
812	6.43	61.8	58	101.07
813	148.49	8.23	61	103.79
814	37.7	179.22	58	100.78
815	190.82	111.1	58	91.5
816	97.43	14.79	58	85.25
817	92.95	129.02	58	29.86
818	104.05	128.67	58	28.95
819	186.66	43.22	57	103.6
820	98.96	27.73	57	72.28
821	188.28	101.35	58	88.29
822	76.79	171.22	59	74.91
Drivers: 4
id	x	y	end	sensitivity
291	33.77	23.25	60	0.62
292	189.91	126.74	58	1.1
293	176.71	90.3	59	1.87
294	94.99	181.54	61	1.65
Period: 58
Tasks:14
id	x	y	end	c
823	47.5	192.4	59	106.27
824	185.24	138.96	60	93.72
825	127.21	11.11	59	92.96
826	185.25	26	58	112.89
827	111.54	133.55	58	35.48
828	178.57	179.56	59	111.82
829	88.47	46.51	60	54.72
830	106.77	135.1	59	35.75
831	45.29	112.02	58	56.01
832	57.28	25.83	58	85.59
833	161.25	193.52	58	111.79
834	19.99	102.23	59	80.04
835	69.86	196.96	58	101.54
836	187.14	137.84	60	95
Drivers: 4
id	x	y	end	sensitivity
295	31.02	27.61	60	0.77
296	83.8	164.04	59	1.21
297	56.3	185.39	60	1.12
298	61.12	62.68	62	1.52
Period: 59
Tasks:16
id	x	y	end	c
837	49.54	167.11	62	83.96
838	14.43	94.15	61	85.77
839	159.97	138.87	62	71.47
840	116.46	198.14	60	99.51
841	23.43	92.21	61	76.97
842	0.59	175.96	60	125.11
843	179.88	185.25	59	116.83
844	90.92	107.38	59	11.7
845	136.17	12.88	59	94.33
846	88.07	156.54	59	57.78
847	16.3	154.5	60	99.88
848	148.04	53.81	60	66.64
849	114.36	57.18	59	45.16
850	71.51	160.07	61	66.48
851	64.73	79.69	61	40.7
852	37.11	61.83	60	73.57
Drivers: 3
id	x	y	end	sensitivity
299	133.15	120.93	60	1.67
300	30.75	29.6	61	1.42
301	186.95	112.77	60	0.83
Period: 60
Tasks:13
id	x	y	end	c
853	7.17	54.25	60	103.49
854	165.76	86.12	61	67.21
855	109.7	30.9	61	69.78
856	10.63	112.98	60	90.31
857	75.49	86.4	60	28.03
858	130.54	75.68	62	39.04
859	123.51	199.97	60	102.7
860	23.22	156.09	61	95.09
861	98.48	67.2	61	32.84
862	75.7	87.3	63	27.42
863	46.17	166.81	64	85.8
864	107.77	33.27	61	67.18
865	25.21	38.48	61	96.84
Drivers: 5
id	x	y	end	sensitivity
302	148.92	173.32	63	1.61
303	31.1	69.39	61	1.08
304	79.47	122.75	61	0.9
305	167.75	36.01	63	0.58
306	111.18	90.96	63	1.68
Period: 61
Tasks:18
id	x	y	end	c
866	171.36	18.05	61	108.66
867	196.49	194.68	62	135.18
868	24.59	195.4	61	121.61
869	59.04	172.83	63	83.56
870	88.66	91.96	62	13.9
871	175.34	138.26	62	84.5
872	28.01	55.04	62	84.88
873	74.71	119.13	62	31.71
874	94.87	178.81	62	78.98
875	7.68	78.62	62	94.76
876	114.36	77.83	61	26.41
877	172.35	20.38	61	107.58
878	56.19	34.87	62	78.49
879	136.62	136.15	62	51.46
880	157.31	151.09	61	76.78
881	148.39	70.44	61	56.7
882	9.23	12.45	61	126.11
883	158.98	165.95	61	88.48
Drivers: 7
id	x	y	end	sensitivity
307	34.39	150.43	63	1.84
308	44.21	114.7	64	0.74
309	149.15	46.96	62	0.99
310	99.55	161.98	63	0.79
311	48.38	64.34	62	1.13
312	187.71	192.56	61	0.62
313	53.79	137.45	63	1.63
Period: 62
Tasks:11
id	x	y	end	c
884	48.51	174.56	62	90.61
885	180.3	6.36	62	123.36
886	180.7	38.77	62	101.3
887	56.85	186.5	62	96.67
888	91.64	154.21	63	54.85
889	65.84	80.71	62	39.23
890	198.79	21.7	63	126.06
891	197.94	48.01	62	110.88
892	123.23	160.1	64	64.43
893	97.21	150.53	63	50.61
894	82.06	61.87	62	42.14
Drivers: 3
id	x	y	end	sensitivity
314	114.64	22.04	64	1.7
315	170	74.31	64	0.87
316	102.71	164.49	64	1.69
Period: 63
Tasks:16
id	x	y	end	c
895	104.01	59.5	63	40.7
896	165.22	137.76	64	75.36
897	20.61	97.47	66	79.43
898	52.21	134.92	66	59.19
899	99.76	169.14	64	69.14
900	181.76	127.15	64	86.15
901	194.33	2.88	66	135.39
902	41.64	133.62	63	67.35
903	149.3	158.03	63	76.14
904	185.55	46.53	63	100.89
905	84.14	63.52	64	39.78
906	9.86	132.55	66	95.84
907	81.58	147.26	64	50.72
908	110.01	74.14	63	27.73
909	100.26	60.88	63	39.12
910	126	162.41	65	67.61
Drivers: 5
id	x	y	end	sensitivity
317	162.7	84.42	64	1.09
318	17.22	95.44	65	1.33
319	129.89	86.48	71	1.07
320	156.14	147.02	66	1.22
321	125.67	105.93	64	0.55
Period: 64
Tasks:21
id	x	y	end	c
911	48.51	178.56	64	93.93
912	136.33	5.96	64	100.81
913	144.41	67.2	65	55.21
914	49.98	154.15	66	73.72
915	58.18	47.96	64	66.76
916	135.42	179.92	64	87.42
917	191.79	111.37	66	92.49
918	132.88	109.03	64	34.1
919	48.7	124.57	64	56.88
920	112.14	54.88	66	46.72
921	53.72	24.57	66	88.5
922	68.25	172.65	64	79.28
923	176.04	132.25	65	82.6
924	38.35	89.73	64	62.5
925	1.86	167.16	65	118.92
926	83.18	198.16	65	99.59
927	125.38	115.13	64	29.55
928	177.39	84.65	64	78.9
929	73.36	103.97	64	26.93
930	99.27	16.65	65	83.35
931	86.82	187.77	66	88.75
Drivers: 12
id	x	y	end	sensitivity
322	11.97	36.39	65	1.73
323	90.71	150.21	66	1.36
324	130.45	136.22	66	0.96
325	115.47	129.79	66	1.87
326	21.43	29.49	66	1.13
327	117.12	101.18	65	1.09
328	76.42	142.22	67	1.57
329	39.58	181.01	67	0.72
330	170.2	69.38	67	1.14
331	187.24	170.37	66	0.75
332	179.61	142.41	65	1.89
333	17.83	179.72	66	0.73
Period: 65
Tasks:16
id	x	y	end	c
932	161.22	65.56	65	70.24
933	87.96	179.74	66	80.64
934	87.38	58.85	66	43.04
935	101.83	106.1	65	6.37
936	112.2	29.22	66	71.82
937	66.79	127.29	67	42.98
938	126.58	160.15	66	65.76
939	127.84	119.02	66	33.72
940	172.14	163.32	65	95.99
941	147.01	28.96	68	85.19
942	69.04	102.63	67	31.07
943	192.76	105.63	65	92.93
944	6.91	130.36	65	97.92
945	102.58	73.1	65	27.02
946	19.38	99.85	66	80.62
947	9.95	47.01	66	104.48
Drivers: 4
id	x	y	end	sensitivity
334	91.48	86.37	65	0.74
335	61.67	40.52	66	1.14
336	95.23	46.94	66	0.83
337	151.79	6.85	68	1.97
Period: 66
Tasks:19
id	x	y	end	c
948	41.76	105.3	66	58.48
949	75.86	88.83	68	26.6
950	71.37	84.75	67	32.44
951	186.22	90.92	66	86.7
952	147.65	87.6	66	49.24
953	32.97	27.22	70	98.94
954	164.51	158.18	66	86.87
955	141.57	30.89	67	80.65
956	177.86	62.14	66	86.58
957	117.27	141.68	66	45.12
958	56.8	162.05	67	75.61
959	163.32	17.57	67	103.94
960	54.82	87.6	67	46.85
961	30.79	82.23	67	71.45
962	140.02	105.27	67	40.37
963	7.58	42.09	69	109.06
964	85.27	106.66	68	16.17
965	49.2	75.03	68	56.61
966	113.21	159.33	69	60.78
Drivers: 2
id	x	y	end	sensitivity
338	91.16	199.41	68	0.71
339	165.58	81.57	67	1.4
Period: 67
Tasks:8
id	x	y	end	c
967	86.85	36.23	68	65.11
968	98.02	59.65	68	40.4
969	80.69	118.13	67	26.49
970	126.56	130.99	69	40.81
971	99.57	137.89	67	37.89
972	199.82	110.3	67	100.35
973	116.76	94.59	68	17.61
974	77.42	180.43	69	83.54
Drivers: 6
id	x	y	end	sensitivity
340	186.64	172.05	69	1
341	56.15	51.13	74	0.82
342	199.93	139.9	69	1.45
343	30.69	53.02	69	1.45
344	79.3	189.81	70	1.88
345	48.2	94.14	68	1.57
Period: 68
Tasks:18
id	x	y	end	c
975	112.2	56.09	68	45.57
976	97.05	121.82	70	22.02
977	156.53	117.28	72	59.11
978	126.13	131.19	69	40.69
979	162.49	94.79	69	62.71
980	64.26	193.14	68	99.76
981	199.46	122.33	69	101.94
982	79.05	166.48	68	69.7
983	45.07	168.28	68	87.63
984	120.11	148.84	70	52.82
985	88.04	50.75	69	50.68
986	23.15	62.55	69	85.49
987	69.55	79.5	69	36.71
988	1.12	28.45	68	122.05
989	96.39	43.16	68	56.95
990	133.57	113.71	68	36.26
991	6.25	138.21	68	101.24
992	13.61	72.92	68	90.53
Drivers: 4
id	x	y	end	sensitivity
346	178.85	158.56	72	1.25
347	34.29	136.01	70	1.3
348	7.17	174.82	69	1.2
349	199	92.3	70	1.86
Period: 69
Tasks:10
id	x	y	end	c
993	44.9	145.06	71	71.18
994	88	130.45	69	32.73
995	62.45	85.88	70	40.12
996	133.47	168	71	75.79
997	123.35	135.4	69	42.41
998	157.23	103.47	71	57.34
999	101.24	53.16	71	46.86
1000	143.87	59.97	71	59.39
1001	85.3	44.19	70	57.71
1002	90.2	99.02	71	9.85
Drivers: 4
id	x	y	end	sensitivity
350	34.18	141.4	75	1.83
351	44.67	84.86	70	1.45
352	145.03	1.68	70	1
353	4.19	84.28	71	0.93
Period: 70
Tasks:20
id	x	y	end	c
1003	51.83	187.92	70	100.25
1004	50.91	109.25	71	49.95
1005	113.54	26.19	70	75.04
1006	100.8	178.97	71	78.97
1007	186.71	168.93	72	110.77
1008	80.25	22.8	73	79.69
1009	153.33	152.53	71	74.86
1010	63.89	111.71	71	37.96
1011	171.54	181.9	70	108.75
1012	155.95	16.29	72	100.69
1013	83.8	107.93	72	18.04
1014	57.12	191.75	72	101.28
1015	56.06	193.97	72	103.74
1016	53.25	133.33	71	57.41
1017	135.47	94.85	70	35.84
1018	126.07	29.87	71	74.82
1019	21.74	30.04	71	104.97
1020	178.18	18.46	70	112.96
1021	127.43	116.68	70	32.1
1022	76.25	55.29	71	50.63
Drivers: 6
id	x	y	end	sensitivity
354	174.32	183.09	72	1.64
355	123.22	120.59	71	1.74
356	29.67	25.24	73	1.62
357	47.81	5.19	72	0.69
358	79.14	121.44	72	0.82
359	30.46	105.41	70	0.53
Period: 71
Tasks:16
id	x	y	end	c
1023	186.88	80.33	72	89.08
1024	161.37	127.09	72	67.08
1025	115.29	42.41	71	59.59
1026	33.93	16.56	74	106.43
1027	101.72	16.77	73	83.25
1028	151.55	147.71	73	70.24
1029	24.06	87.48	72	76.97
1030	50.08	70.48	73	58
1031	154.14	25.44	72	92.14
1032	144.38	31.66	71	81.49
1033	77.59	108.02	71	23.8
1034	180.39	134.73	74	87.57
1035	16.96	157.74	76	101.14
1036	193.6	110.17	71	94.15
1037	126.18	105.2	73	26.69
1038	109.93	54.25	72	46.82
Drivers: 8
id	x	y	end	sensitivity
360	198.97	168.01	73	1.63
361	186.4	99.57	75	1.47
362	44.95	20.02	74	0.73
363	20.02	119.32	73	1.5
364	66.17	56.85	72	1.85
365	125.56	18.08	76	0.77
366	91.45	151.32	76	0.54
367	138.3	3.3	73	1.84
Period: 72
Tasks:13
id	x	y	end	c
1039	183.81	97.09	73	83.86
1040	123.57	0.88	72	101.88
1041	154.89	54.84	73	71.08
1042	95.31	76.77	72	23.7
1043	41.85	40.48	73	83.21
1044	139.5	182.54	73	91.5
1045	66.15	197.57	72	103.28
1046	148.14	165.49	72	81.28
1047	161.14	89.18	73	62.09
1048	61.56	170.51	73	80.31
1049	92.51	10.18	74	90.13
1050	18.08	106.99	72	82.22
1051	118.87	13.5	72	88.53
Drivers: 0
id	x	y	end	sensitivity
Period: 73
Tasks:18
id	x	y	end	c
1052	46.5	191.7	74	106.17
1053	128.14	64.94	75	44.96
1054	118.3	51.72	74	51.63
1055	78.05	175.61	74	78.73
1056	92.37	196.7	74	97
1057	190.6	145.84	73	101.54
1058	158.14	126.25	74	63.79
1059	27.57	49.36	75	88.38
1060	61.08	184.34	74	92.89
1061	54.36	12.68	74	98.53
1062	45.09	118.56	74	57.96
1063	166.06	1.63	75	118.49
1064	43.35	51.96	76	74.28
1065	69.46	11.34	73	93.77
1066	15.96	70.73	75	88.99
1067	110.4	15.18	74	85.46
1068	122.76	139.33	73	45.44
1069	28.38	12.27	74	113.25
Drivers: 5
id	x	y	end	sensitivity
368	67.69	109.83	74	1.1
369	125.7	0.6	75	1.13
370	68.1	69	75	1.76
371	37.84	159.58	75	1.62
372	107.19	181.18	74	1.6
Period: 74
Tasks:8
id	x	y	end	c
1070	31.23	158.02	75	89.98
1071	103.12	171.54	74	71.61
1072	123.78	178.64	74	82.16
1073	137.87	88.5	76	39.58
1074	72.27	193.63	75	97.65
1075	124.6	154.56	75	59.85
1076	68.35	155.54	77	63.93
1077	162.16	169.22	77	93.03
Drivers: 3
id	x	y	end	sensitivity
373	137.13	68.81	77	1.28
374	86.38	169.67	75	1.67
375	53.83	146.03	78	1.9
Period: 75
Tasks:23
id	x	y	end	c
1078	133.41	164.23	79	72.4
1079	67	85.49	75	36.05
1080	106.19	33.87	75	66.42
1081	140.25	65.62	76	52.93
1082	64.57	142.06	75	54.99
1083	26.23	107.38	75	74.14
1084	90.39	0.72	75	99.74
1085	100.37	95.15	77	4.86
1086	27.1	113.17	75	74.08
1087	166.96	3.01	75	117.86
1088	28.82	62.19	75	80.6
1089	24.39	154.38	75	93.13
1090	121.89	34.63	76	68.94
1091	121.05	105.1	76	21.66
1092	115.12	188.2	76	89.49
1093	122.82	65.61	77	41.27
1094	149.14	181.36	75	95.05
1095	64.03	72.62	76	45.21
1096	76.39	43.32	76	61.4
1097	163.28	128.4	76	69.36
1098	80.91	94.58	75	19.84
1099	153.9	57.85	76	68.42
1100	7.57	167.13	77	114.24
Drivers: 2
id	x	y	end	sensitivity
376	56.93	140.13	79	0.61
377	82	79.71	76	1.48
Period: 76
Tasks:19
id	x	y	end	c
1101	81.54	30.83	77	71.59
1102	117.2	145.09	78	48.26
1103	164.2	80.32	77	67.15
1104	144.99	192.13	77	102.53
1105	90.28	4.66	76	95.83
1106	72.65	80.15	76	33.79
1107	166.29	183.24	78	106.41
1108	108.49	101.08	77	8.56
1109	159.08	10.94	78	106.87
1110	104.55	134.95	77	35.24
1111	129.2	112.34	76	31.7
1112	35.88	8.14	76	112.03
1113	90.9	21.35	76	79.17
1114	55.77	121.76	78	49.29
1115	47.16	146.8	77	70.59
1116	19.01	143.49	76	91.93
1117	145.67	41.04	77	74.58
1118	19.16	186.16	77	118.15
1119	123.63	182.95	77	86.25
Drivers: 5
id	x	y	end	sensitivity
378	70.9	93.25	82	1.52
379	17.66	36.56	77	1.04
380	32.24	16.92	79	1.16
381	65.6	9.65	78	0.79
382	46.56	145.38	78	1.44
Period: 77
Tasks:18
id	x	y	end	c
1120	126.85	58.84	77	49.14
1121	68.81	133.77	78	45.97
1122	113.23	181.47	78	82.54
1123	79.07	136.68	77	42.23
1124	132.14	107.24	80	32.95
1125	33.27	98.49	79	66.75
1126	190.16	175.63	79	117.68
1127	37.75	47.9	77	81.18
1128	189.84	89.38	79	90.47
1129	121.68	168.16	77	71.52
1130	84.4	68.39	78	35.25
1131	152.09	40.99	80	78.71
1132	40.84	124.32	77	63.96
1133	65.83	36.79	77	71.85
1134	6.44	118.83	79	95.44
1135	177.12	93.69	78	77.38
1136	193.1	166.97	77	114.68
1137	39.34	77.58	77	64.67
Drivers: 5
id	x	y	end	sensitivity
383	100.23	94.16	81	1.83
384	166.3	48.1	80	1.95
385	6.52	170.5	77	0.58
386	21.22	13.46	80	0.91
387	8.01	20.76	78	1.28
Period: 78
Tasks:22
id	x	y	end	c
1138	128.05	122.42	80	35.91
1139	79.91	44.46	78	59.06
1140	148.91	67.16	79	58.91
1141	116.14	156.8	79	59.05
1142	29.69	68.71	80	76.96
1143	40.03	110.52	81	60.89
1144	87.93	148.96	80	50.43
1145	71.26	137.1	80	46.93
1146	23.31	157.7	80	95.97
1147	39.25	89.15	78	61.71
1148	148.11	61.84	78	61.41
1149	106.19	170.73	79	71
1150	190.74	101.25	79	90.75
1151	196.66	58.24	80	105.3
1152	105.95	141.16	79	41.59
1153	160.53	197.36	79	114.64
1154	89.11	166.79	80	67.67
1155	56.61	0.3	81	108.73
1156	177.9	119.49	79	80.3
1157	122.06	187.64	79	90.37
1158	9.62	194.72	78	130.92
1159	150.41	86.28	78	52.24
Drivers: 3
id	x	y	end	sensitivity
388	44.88	7.24	80	1.19
389	144.15	135.08	78	1.92
390	76.59	128.48	80	0.65
Period: 79
Tasks:16
id	x	y	end	c
1160	121	189.54	79	91.97
1161	17.55	183.15	79	117.1
1162	163.47	149.95	80	80.77
1163	148.26	53.75	80	66.84
1164	185.83	157.82	81	103.49
1165	132.01	25.45	79	81.13
1166	165.32	120.16	80	68.36
1167	166.55	133.81	79	74.65
1168	2.55	93.78	80	97.65
1169	8.96	191.62	80	129.16
1170	111.27	130.61	79	32.62
1171	151.42	153.75	81	74.38
1172	139.93	44.43	79	68.43
1173	110.74	101.96	80	10.92
1174	55.59	101.67	80	44.44
1175	29.13	97.39	79	70.92
Drivers: 5
id	x	y	end	sensitivity
391	101.49	157.51	83	1.93
392	135.66	164.62	81	0.9
393	186.15	197.06	80	1.33
394	61.08	85.99	81	0.61
395	81.1	26.26	83	1.13
Period: 80
Tasks:13
id	x	y	end	c
1176	104.73	0.62	80	99.49
1177	132.74	102.53	81	32.84
1178	10.96	196.86	80	131.57
1179	159.73	21.6	81	98.56
1180	103.26	150.67	81	50.77
1181	3.68	29.28	82	119.49
1182	159.34	199.57	81	115.91
1183	85.16	121.2	82	25.88
1184	3.47	157.87	81	112.55
1185	126.94	137.57	82	46.23
1186	106.04	55.36	84	45.05
1187	21.23	136.4	82	86.77
1188	1.22	102.92	82	98.82
Drivers: 5
id	x	y	end	sensitivity
396	92.32	186.36	83	1.59
397	72.31	43.31	85	1.99
398	154.09	190.64	81	1.02
399	133.37	194.04	83	0.86
400	168.16	36.31	82	0.86
Period: 81
Tasks:15
id	x	y	end	c
1189	99.16	188.76	82	88.76
1190	59.29	37.38	83	74.69
1191	189.74	33.11	83	111.93
1192	168.95	184.91	82	109.38
1193	43.06	197.78	81	113.15
1194	126.12	1.87	83	101.55
1195	46.03	176.11	81	93.3
1196	175.68	90.97	81	76.22
1197	83.73	150.75	81	53.29
1198	92.81	84.66	81	16.94
1199	46.54	25.08	81	92.04
1200	162.79	99.31	82	62.79
1201	152.55	99.24	82	52.56
1202	116.59	49.99	83	52.69
1203	23.62	168.33	83	102.48
Drivers: 7
id	x	y	end	sensitivity
401	13.05	6.82	83	1.25
402	156.86	146.13	81	0.84
403	68.43	172.45	84	1.47
404	90.28	57.15	85	1.6
405	155.8	102.55	83	1.63
406	120	139.69	83	1.63
407	62.35	86.96	82	1.1
Period: 82
Tasks:13
id	x	y	end	c
1204	150.77	8.95	82	104.25
1205	39.06	22.6	82	98.51
1206	97.2	70.78	82	29.35
1207	99.19	78.89	82	21.13
1208	32.28	63.08	82	77.13
1209	156.05	52.28	83	73.61
1210	17	50.93	83	96.42
1211	88.97	199.03	83	99.64
1212	179.65	130	83	85.11
1213	169.41	120.37	83	72.34
1214	96.4	131.5	83	31.71
1215	126.7	97.04	83	26.86
1216	155.7	197.82	82	112.57
Drivers: 5
id	x	y	end	sensitivity
408	182.45	81.59	84	1.32
409	51.08	125.64	84	1.68
410	175.28	149.74	83	1.11
411	74.95	45.08	84	1.14
412	31.42	140.74	85	1.15
Period: 83
Tasks:8
id	x	y	end	c
1217	187.55	0.16	84	132.79
1218	179.8	183.64	84	115.6
1219	157.4	52.06	83	74.79
1220	20.43	42.8	83	98
1221	4.25	143.14	84	105.02
1222	9.18	98.16	85	90.84
1223	63.39	141.76	85	55.54
1224	29.77	124.91	84	74.52
Drivers: 6
id	x	y	end	sensitivity
413	147.77	135.51	88	1.98
414	48.01	116.8	87	1.83
415	14.25	89.23	85	1.43
416	147.04	178.53	84	0.82
417	82.58	72.37	85	1.58
418	125.48	176.85	85	1.87
Period: 84
Tasks:14
id	x	y	end	c
1225	3.47	51.37	85	108.09
1226	61.95	42.33	84	69.09
1227	82.71	78.45	86	27.63
1228	98.64	85.8	84	14.26
1229	114.84	6.03	84	95.13
1230	21.56	164.27	84	101.41
1231	39.87	83.93	86	62.24
1232	150.03	194.77	84	107.17
1233	111.76	127.36	84	29.78
1234	17.23	34.82	85	105.35
1235	185.2	98.55	85	85.21
1236	153.06	21.21	84	94.99
1237	73.24	86.45	87	30
1238	158.18	118.82	85	61.15
Drivers: 8
id	x	y	end	sensitivity
419	181.71	63.02	87	1.91
420	174.32	34.02	85	0.69
421	12.88	105.18	87	1.57
422	71.37	165.04	86	1.72
423	50.13	11.13	89	1.47
424	127.56	101.19	85	1.36
425	138.2	61.31	86	1.47
426	129.25	164.73	86	0.79
Period: 85
Tasks:11
id	x	y	end	c
1239	161.67	30.44	86	92.96
1240	194.76	78.07	86	97.26
1241	180.92	97.68	85	80.95
1242	126.94	24.71	88	79.96
1243	138.01	148.7	86	61.78
1244	69.02	120.3	86	37.04
1245	120.41	127.47	86	34.22
1246	70.54	72.62	86	40.22
1247	180.33	95.48	85	80.46
1248	152.37	170.52	86	87.84
1249	101.07	83.26	86	16.77
Drivers: 2
id	x	y	end	sensitivity
427	62.57	84.37	91	1.44
428	3.64	37.62	86	0.78
Period: 86
Tasks:10
id	x	y	end	c
1250	6.08	32.02	86	115.94
1251	87.44	131.65	86	34.05
1252	27.79	120.32	87	75.01
1253	188.57	50.34	87	101.54
1254	106.95	192.01	87	92.27
1255	71.21	39.77	89	66.76
1256	37.5	65.29	86	71.49
1257	86.96	17.23	86	83.79
1258	148.25	110.12	87	49.3
1259	111.24	171.81	87	72.68
Drivers: 6
id	x	y	end	sensitivity
429	157.79	51.29	88	0.69
430	185.98	1.2	89	0.8
431	198.68	139.5	87	0.52
432	152.97	115.02	88	1.33
433	2.49	186.81	86	1.39
434	144.24	41.2	87	0.9
Period: 87
Tasks:17
id	x	y	end	c
1260	110.18	94.46	87	11.59
1261	128.13	26.45	88	78.75
1262	16.7	121.35	87	85.99
1263	94.46	104	87	6.83
1264	149.8	46.99	88	72.73
1265	84.36	43.54	87	58.59
1266	192.97	122.7	88	95.7
1267	19.73	144.81	88	91.93
1268	81.98	139.74	88	43.63
1269	116.83	85.66	88	22.11
1270	98.44	150.88	89	50.9
1271	56.02	161.51	87	75.62
1272	161.24	0.75	87	116.62
1273	189.33	166.56	87	111.4
1274	82.15	104.9	87	18.51
1275	178.11	33.28	87	102.73
1276	20.52	158.21	88	98.52
Drivers: 6
id	x	y	end	sensitivity
435	143.06	76.98	89	1.89
436	167.61	66.28	89	1.87
437	88.81	34.59	92	1.25
438	187.54	31.38	88	1.79
439	128.05	130.93	92	1.27
440	176.14	193.32	89	0.99
Period: 88
Tasks:15
id	x	y	end	c
1277	94.74	65.27	89	35.13
1278	171.29	181.91	89	108.59
1279	148.66	84.38	88	51.11
1280	160.46	141.2	88	73.16
1281	80.04	199.17	89	101.16
1282	90.55	72.64	89	28.95
1283	158.51	101.52	88	58.53
1284	128.73	126.06	89	38.79
1285	182.66	158.63	89	101.34
1286	48.65	4.13	88	108.76
1287	170.23	2.06	92	120.52
1288	125.21	138.74	89	46.22
1289	157.38	164.33	88	86.2
1290	67.88	149.79	89	59.25
1291	157.35	81.47	90	60.27
Drivers: 7
id	x	y	end	sensitivity
441	6.53	125.18	89	1.28
442	52.57	138.71	89	0.69
443	27.99	18.53	91	1.95
444	169.75	5.88	90	0.5
445	48.49	195.5	88	1.69
446	148	41.38	93	1.67
447	183.64	6.3	89	1.3
Period: 89
Tasks:13
id	x	y	end	c
1292	111.6	127.18	90	29.55
1293	45.88	30.39	89	88.17
1294	29.8	108.07	91	70.66
1295	179.59	109.01	89	80.1
1296	172.81	116.07	90	74.56
1297	132.44	8.12	89	97.44
1298	76.18	99.71	89	23.82
1299	99.78	186.37	89	86.37
1300	54.37	118.83	89	49.36
1301	177.67	72.36	90	82.44
1302	104.01	189.74	89	89.83
1303	153.57	7.51	89	106.88
1304	179.16	44.15	92	96.88
Drivers: 8
id	x	y	end	sensitivity
448	154.18	110.66	90	0.53
449	194.03	184.4	90	0.64
450	136.83	3.07	90	0.7
451	135.43	19.54	90	0.94
452	42.81	78.75	92	1.09
453	13.45	99.78	92	1.52
454	14.44	174.14	93	1.54
455	31.84	102.62	91	1.57
Period: 90
Tasks:5
id	x	y	end	c
1305	143.02	41.22	91	72.84
1306	162.64	114.53	92	64.3
1307	155.93	18.96	92	98.47
1308	22.49	170.67	92	104.89
1309	129.81	145.72	92	54.58
Drivers: 10
id	x	y	end	sensitivity
456	57.23	131.07	93	1.94
457	195.84	77.62	91	1.25
458	95.08	160.38	92	1.14
459	14.49	60.79	94	0.96
460	143.35	14.41	91	1.07
461	13.02	34.66	91	1.53
462	70.73	99.06	92	1.33
463	92.99	79.92	92	1.31
464	88.41	38.27	91	1.58
465	182.39	112.66	92	1.45
Period: 91
Tasks:17
id	x	y	end	c
1310	132.64	170.17	93	77.39
1311	12.35	5.21	93	129.1
1312	47.6	5.97	91	107.64
1313	53.5	118	91	49.86
1314	53.99	37.25	91	77.81
1315	181.84	176.08	94	111.74
1316	69.4	141.01	92	51.17
1317	55.77	16.59	92	94.41
1318	72.61	154.95	93	61.4
1319	177.26	40.34	91	97.61
1320	143.24	179.76	91	90.73
1321	104.54	192.65	94	92.76
1322	43.37	37.96	91	84
1323	169.96	87.11	91	71.14
1324	147.77	126.15	91	54.46
1325	136.39	86.05	92	38.97
1326	134.22	188.75	92	95.12
Drivers: 6
id	x	y	end	sensitivity
466	78.98	179.26	92	1.66
467	128.94	158.29	100	0.62
468	150.19	32.47	92	1.8
469	183.09	33.66	93	1.21
470	144.78	90.73	96	1.43
471	68.5	151.14	93	0.72
Period: 92
Tasks:9
id	x	y	end	c
1327	93.37	164	94	64.34
1328	123.66	182.09	93	85.43
1329	134.81	90.28	92	36.14
1330	7.86	95.52	92	92.25
1331	159.9	15.02	93	103.97
1332	50.59	122.34	94	54.23
1333	178.58	192.08	92	121.05
1334	101.8	113.89	93	14.01
1335	116.02	134.02	92	37.6
Drivers: 8
id	x	y	end	sensitivity
472	165.86	158.67	92	0.57
473	78.87	129	95	1.31
474	191.74	78.73	94	1.44
475	52.24	85.13	93	1.81
476	39.68	191.92	96	1.85
477	64.19	92.64	93	1.35
478	75.82	38.8	93	0.98
479	65.14	187.01	96	0.71
Period: 93
Tasks:17
id	x	y	end	c
1336	134.45	53.48	94	57.89
1337	92.76	157.31	93	57.77
1338	134.31	179.97	93	87.02
1339	193.16	88.15	94	93.91
1340	104.84	70.96	96	29.44
1341	140.05	44.49	93	68.45
1342	101.22	138.04	96	38.06
1343	58.59	22.41	93	87.95
1344	44.98	56.72	93	70
1345	102.76	73.84	94	26.31
1346	93.37	116.29	94	17.59
1347	110.03	127.17	93	28.96
1348	117.47	160.34	94	62.82
1349	108.98	70.97	93	30.39
1350	162.16	100.66	94	62.16
1351	134.52	66.43	94	48.15
1352	34.28	18.41	94	104.77
Drivers: 5
id	x	y	end	sensitivity
480	14.23	158.58	94	0.83
481	78.87	90	94	0.75
482	10.75	43.6	94	0.83
483	102.75	177.46	94	1.72
484	23.47	53.56	95	1.4
Period: 94
Tasks:17
id	x	y	end	c
1353	167.7	78.44	97	71.05
1354	110.86	128.74	96	30.72
1355	181.25	145.28	95	93.02
1356	124.32	6.7	96	96.42
1357	25.1	91.68	96	75.36
1358	97.06	131.37	94	31.51
1359	172.73	125.73	95	77.15
1360	9.84	97.53	94	90.19
1361	52.76	176.8	95	90.17
1362	56.45	75.82	95	49.81
1363	128.17	35.84	95	70.07
1364	127.34	63.08	95	45.94
1365	194.3	133.92	95	100.22
1366	43.75	0.96	94	113.9
1367	22.41	150.74	95	92.71
1368	101.68	114.39	95	14.49
1369	2.28	181.43	94	127.2
Drivers: 9
id	x	y	end	sensitivity
485	123.05	115.44	96	1.63
486	174.36	97.96	98	1.95
487	94.76	149.46	97	0.82
488	156.27	73.97	95	1.69
489	184.64	194.05	95	1.07
490	99.13	105.67	96	1.25
491	148.9	189.46	96	1.51
492	142.6	137.4	98	1.75
493	30.61	8.79	96	1.14
Period: 95
Tasks:14
id	x	y	end	c
1370	26.55	35.18	99	97.96
1371	33.18	60.85	96	77.44
1372	42.2	63.2	96	68.52
1373	46.11	197.29	96	111.22
1374	127.06	56.19	97	51.49
1375	149.13	96.85	95	49.23
1376	167.68	58.47	95	79.41
1377	65.27	124.8	95	42.68
1378	173.64	23.42	96	106.24
1379	10.76	82.07	95	91.02
1380	161.56	134.19	96	70.42
1381	99.45	51.83	95	48.17
1382	126.55	119.36	95	32.86
1383	46.53	65.15	96	63.82
Drivers: 3
id	x	y	end	sensitivity
494	163.38	143.7	98	0.7
495	119.13	179.28	97	1.95
496	103.19	88.43	98	1.74
Period: 96
Tasks:20
id	x	y	end	c
1384	107.9	68.99	97	32
1385	125.08	30.68	98	73.72
1386	14.09	131.05	96	91.35
1387	190.91	82.35	98	92.61
1388	16.79	58.79	96	92.86
1389	3.68	11.99	97	130.47
1390	45.42	106.32	96	54.94
1391	180.53	124.35	96	84.13
1392	78.18	183.68	98	86.48
1393	12.3	115.99	97	89.15
1394	72.92	41.52	97	64.45
1395	44.75	64.22	97	65.82
1396	83.49	104.2	97	17.04
1397	181.17	157.57	97	99.51
1398	39.56	194.4	99	112.09
1399	175.15	165.37	97	99.6
1400	116.2	12.39	97	89.1
1401	172.91	6.38	96	118.66
1402	168.48	90.48	96	69.14
1403	62.02	177.74	96	86.52
Drivers: 5
id	x	y	end	sensitivity
497	198.36	195.82	97	1.22
498	27.92	25.82	99	1.2
499	3.07	21.91	100	1.72
500	9.52	119.75	98	0.81
501	164.57	166.46	97	1.3
Period: 97
Tasks:13
id	x	y	end	c
1404	174.67	180.44	102	109.76
1405	104.97	13.5	97	86.64
1406	86.15	196.98	100	97.96
1407	66.92	91.19	98	34.23
1408	98.67	33.7	97	66.31
1409	109.67	198.31	99	98.78
1410	0.19	176.26	99	125.61
1411	177.28	39.5	99	98.15
1412	69.75	140.46	97	50.52
1413	99.08	163.45	98	63.46
1414	113.96	8.86	99	92.2
1415	157.74	190.06	99	106.98
1416	25.87	183.81	98	111.89
Drivers: 2
id	x	y	end	sensitivity
502	59.46	177.3	101	1.79
503	13.16	41.8	99	1.11
Period: 98
Tasks:19
id	x	y	end	c
1417	131.25	38.34	98	69.13
1418	19.61	29.8	98	106.73
1419	150.66	25.35	99	90.22
1420	104.46	147.78	100	47.99
1421	119.15	85.1	101	24.26
1422	8.56	86.05	99	92.5
1423	59.06	25.81	100	84.74
1424	62.2	1.73	98	105.29
1425	16.24	109.84	99	84.34
1426	144.7	174.73	98	87.08
1427	195.89	58.27	98	104.58
1428	159.22	141.22	99	72.15
1429	165.31	105.76	99	65.56
1430	1.43	178.88	98	126.25
1431	147.94	73.22	100	54.91
1432	163.67	152.67	101	82.63
1433	125.32	196.4	99	99.67
1434	117.87	110.58	100	20.77
1435	141.96	11.05	98	98.35
Drivers: 4
id	x	y	end	sensitivity
504	83.2	116.52	102	0.62
505	30.86	147.22	101	0.6
506	191.44	180.91	99	1.8
507	111.27	124.58	101	0.93
Period: 99
Tasks:19
id	x	y	end	c
1436	105.85	115.2	99	16.29
1437	182.03	146.05	103	94.07
1438	122.16	69.36	99	37.81
1439	68.05	137.06	99	48.93
1440	54.86	65.39	99	56.88
1441	28.28	194.25	100	118.43
1442	80.8	62.26	100	42.34
1443	23.69	62.62	102	84.97
1444	13.63	81.63	99	88.3
1445	170.53	21.57	99	105.48
1446	120.55	88.22	100	23.69
1447	48.73	34.07	99	83.52
1448	123.62	145.01	99	50.83
1449	31.36	196.57	99	118.48
1450	185.56	88.38	101	86.35
1451	40.24	20.81	100	99.21
1452	73.14	128.71	99	39.32
1453	193.25	175.13	101	119.75
1454	160.03	31.74	101	90.9
Drivers: 3
id	x	y	end	sensitivity
508	115.65	104.41	101	1.14
509	92.42	152.42	100	1.76
510	17.3	115.63	102	1.24
Period: 100
Tasks:21
id	x	y	end	c
1455	154.71	86.65	100	56.32
1456	101.71	172.8	101	72.82
1457	19.02	153.96	101	97.31
1458	103.98	150.96	101	51.12
1459	41.09	116.79	101	61.26
1460	170.83	179.72	101	106.64
1461	132.78	169.92	101	77.22
1462	62.54	189.47	103	97
1463	106.27	122.11	100	22.98
1464	6.12	194.84	103	133.45
1465	60.7	141.33	100	57.03
1466	198.44	9.49	101	133.73
1467	31.37	176.18	100	102.54
1468	180.44	163.34	101	102.38
1469	10.48	118.42	100	91.4
1470	140.42	124.16	100	47.09
1471	32.78	87.37	101	68.4
1472	162.19	150.13	100	79.88
1473	14.33	193.12	101	126.53
1474	168.5	64.16	100	77.31
1475	25.17	94.71	102	75.02
Drivers: 6
id	x	y	end	sensitivity
511	138.18	131.36	101	1.07
512	8.31	198.76	100	1.42
513	132.85	28.31	103	0.76
514	175.87	122.62	103	0.78
515	145.2	24.18	100	0.68
516	10.37	182.43	103	1.98
