Periods: 100
Task Arrival Rate: 10
Task Average Time: 3
Driver Arrival Rate: 10
Driver Average Time: 2
Period: 1
Tasks:7
id	x	y	end	c
1	41.4	117.59	5	61.18
2	122.53	169.93	3	73.47
3	22.46	33.61	3	102.08
4	13.55	109.39	5	86.96
5	158.66	115.7	4	60.72
6	140.79	89.53	5	42.11
7	89.01	163.35	2	64.3
Drivers: 8
id	x	y	end	sensitivity
1	121.29	16.36	1	1.88
2	189.2	73.85	3	1.14
3	121.05	64.06	4	1.63
4	3.77	30.47	2	1.92
5	132.65	140.82	3	1.78
6	157.97	35.16	2	1.28
7	67.67	75.9	3	1.03
8	72.26	15.9	2	0.64
Period: 2
Tasks:10
id	x	y	end	c
8	85.92	36.41	3	65.13
9	116.85	154.13	3	56.69
10	149.36	0.51	4	111.06
11	181.75	81.8	6	83.75
12	139.54	178.56	7	87.95
13	159.96	134.41	5	69.13
14	23.45	173.69	7	106.25
15	176.66	54.34	4	89.23
16	125.42	46.83	8	58.93
17	109.4	0.18	2	100.26
Drivers: 8
id	x	y	end	sensitivity
9	136.22	137.93	4	1.02
10	87.01	59.52	2	0.64
11	10.24	72.02	4	0.78
12	198.84	17.41	5	0.62
13	138.72	137.71	4	1.05
14	111.35	115.52	8	1.95
15	130.59	178.2	5	1.58
16	99.31	4.43	2	1.31
Period: 3
Tasks:11
id	x	y	end	c
18	32.05	96.82	8	68.02
19	141.94	32.41	6	79.54
20	136.13	196.9	7	103.42
21	40.27	124.87	7	64.7
22	128.46	167.28	6	73.05
23	54.56	178.46	9	90.67
24	28.51	100.56	7	71.49
25	56.8	18.39	5	92.34
26	194.15	38.25	8	112.59
27	179.6	54.15	4	91.86
28	57.95	168.7	5	80.55
Drivers: 10
id	x	y	end	sensitivity
17	86.61	31.69	4	1.43
18	83.79	69.38	5	1.1
19	36.65	104.1	7	1.6
20	47.75	197.07	4	1.07
21	173.91	41.55	5	1.76
22	44.98	125.28	5	0.86
23	47.17	29.74	4	1.99
24	117.57	6.29	7	1.03
25	90.7	110.58	6	1.69
26	94.18	169.33	5	1.96
Period: 4
Tasks:13
id	x	y	end	c
29	169.66	116.31	6	71.54
30	29.74	16.06	6	109.46
31	101.34	166.72	7	66.73
32	152.39	18.67	6	96.74
33	48.15	73.37	10	58.29
34	132.16	35.04	5	72.48
35	27.08	40.92	7	93.85
36	106.48	80.09	6	20.94
37	192.94	18.42	10	123.67
38	116.98	144.03	5	47.19
39	30.57	49.91	8	85.61
40	99.36	40.41	6	59.59
41	178.68	42.41	5	97.5
Drivers: 11
id	x	y	end	sensitivity
27	152.33	133.94	7	0.57
28	59.08	105.74	4	1.95
29	5.04	198.77	5	1.72
30	101.21	89.11	5	1.95
31	193.96	75.14	6	1.05
32	163.98	78.22	5	1.78
33	173	156.28	5	1.69
34	194.15	189.17	9	0.76
35	142.96	182.61	5	0.88
36	167.04	157.07	6	1.63
37	13.7	131.5	7	1.76
Period: 5
Tasks:12
id	x	y	end	c
42	134.21	96.74	9	34.36
43	138.87	115.47	8	41.84
44	52.13	18.85	11	94.22
45	34.55	62.19	9	75.59
46	184.9	86.08	11	86.03
47	116.92	73.1	6	31.78
48	188.21	141.67	9	97.56
49	31.9	165.48	10	94.47
50	115.56	143.3	7	46.01
51	112.81	144.8	7	46.6
52	195.83	45.44	7	110.27
53	170.19	191.36	9	115.21
Drivers: 15
id	x	y	end	sensitivity
38	12.54	101.21	8	0.58
39	143.47	101.16	10	1.37
40	198.34	63.33	7	0.92
41	36.97	50.07	8	0.87
42	157.23	168.89	13	0.55
43	162.08	160.21	8	1.2
44	162.8	138.63	6	1.35
45	53.89	42.33	5	1.18
46	140.59	165.2	7	1.95
47	174.13	35.37	7	1.96
48	6.55	86.86	7	1.8
49	13.68	36.04	8	0.68
50	121.29	103.34	6	1.93
51	188.17	60.93	8	0.88
52	91.16	78.14	5	1.5
Period: 6
Tasks:10
id	x	y	end	c
54	142.81	148.33	8	64.56
55	65.13	15.55	8	91.37
56	94.45	44.9	8	55.38
57	6.85	158.67	12	110.09
58	138.17	199.51	13	106.58
59	141.74	16.05	8	93.75
60	83.75	72.74	9	31.74
61	185.9	29.63	10	111.04
62	122.15	176.9	7	80.03
63	149.1	136.72	13	61.31
Drivers: 9
id	x	y	end	sensitivity
53	123.75	95.62	10	0.56
54	139.05	13.08	7	1.12
55	3.86	31.72	6	1.65
56	95.8	44.55	9	0.6
57	15.28	69.65	8	1.46
58	171.02	171.56	6	1.19
59	167.44	28.98	6	1.2
60	179.13	93.83	7	0.56
61	55.23	66.43	9	1.12
Period: 7
Tasks:10
id	x	y	end	c
64	79.19	167.54	11	70.67
65	192.65	10.46	8	128.85
66	159.47	151.03	9	78.36
67	33.95	88.87	13	66.98
68	129.38	61.48	10	48.45
69	4.46	110.26	9	96.09
70	104.35	76.93	9	23.48
71	197.54	115.73	11	98.8
72	94.82	88.76	10	12.38
73	174.57	65.28	10	82.26
Drivers: 8
id	x	y	end	sensitivity
62	63.94	170.89	8	1.58
63	50.18	153.71	8	1.15
64	127.6	73.37	9	0.78
65	194.16	193.25	8	1.19
66	121.15	126.22	9	1.12
67	182.48	156.69	7	1.11
68	198.97	35.11	7	1.3
69	20.74	182.25	7	0.51
Period: 8
Tasks:6
id	x	y	end	c
74	104.84	48.49	10	51.74
75	64.77	11.93	8	94.86
76	47.52	54.72	10	69.31
77	181.31	79.24	10	83.92
78	56	114.07	12	46.19
79	69.27	100.38	10	30.73
Drivers: 14
id	x	y	end	sensitivity
70	194.24	33.97	11	0.82
71	195.27	175.2	13	0.71
72	122.51	178.08	11	1.55
73	101.59	123.39	13	1.47
74	136.18	178.7	9	1.07
75	186.91	175.57	11	0.64
76	5.7	52.2	10	1.16
77	159.19	148.74	8	1.86
78	90.41	157.18	9	1.12
79	114.25	130.62	10	1.88
80	175.85	108.37	9	1.02
81	144.17	47.54	9	1.22
82	63.12	91.1	9	1.21
83	7.05	133.37	13	1.34
Period: 9
Tasks:7
id	x	y	end	c
80	20.21	152.91	12	95.74
81	98.08	156.3	12	56.33
82	59	5.72	11	102.81
83	78.75	147.31	11	51.86
84	76.02	45.45	11	59.59
85	114.47	179.74	14	81.04
86	146.08	152.11	10	69.56
Drivers: 6
id	x	y	end	sensitivity
84	140.83	87.91	12	1.85
85	7.06	83.03	12	1.93
86	165.09	137.98	14	1.04
87	64.82	68.24	13	1.93
88	157.07	151.53	12	1.42
89	0.08	4.33	10	1
Period: 10
Tasks:11
id	x	y	end	c
87	192.5	70.65	14	97.04
88	28.86	128.87	11	76.77
89	43.87	66.31	10	65.46
90	175.6	186.78	12	115.09
91	148.76	46.37	14	72.48
92	185.76	6.34	17	126.99
93	31.89	6.3	13	115.84
94	90.47	93.33	12	11.63
95	179.33	97.85	10	79.36
96	72.4	138.7	12	47.53
97	183.92	198.79	10	129.62
Drivers: 16
id	x	y	end	sensitivity
90	7.65	72.02	17	1.97
91	99.26	180.81	11	2
92	151.53	44.51	11	1.18
93	40.46	32.84	14	1.44
94	189.11	35.37	12	1.96
95	93.48	123.15	11	0.83
96	75.1	129.16	10	0.71
97	33.9	140	11	0.86
98	170.9	121.93	13	1.39
99	35.37	2.05	13	1.85
100	187.71	5.52	10	1.46
101	17.64	106.84	15	0.94
102	25.55	185.94	11	1.2
103	113.53	44.88	13	1.67
104	55.24	28.19	11	1.22
105	174.91	92.17	12	0.99
Period: 11
Tasks:10
id	x	y	end	c
98	97.43	90.83	15	9.52
99	67.23	151	15	60.62
100	112.57	24.79	14	76.25
101	118.29	181.38	12	83.41
102	168.33	110.73	18	69.17
103	102.25	140.06	13	40.12
104	58.31	75.16	14	48.53
105	184.63	198.99	15	130.24
106	100.24	95.68	16	4.33
107	24.77	71.92	14	80.3
Drivers: 12
id	x	y	end	sensitivity
106	107.23	143.8	11	1.51
107	71.3	20.15	11	1.48
108	3.44	95.88	12	1.65
109	50.81	125.3	11	1.18
110	10.62	27.74	12	1.28
111	130.73	5.51	12	0.62
112	102.48	41.45	12	1.92
113	180.74	81.19	12	1.5
114	75.7	148.94	13	1.6
115	19.64	38.58	12	1.48
116	178.63	58.54	12	1.56
117	6.04	23.91	13	1.55
Period: 12
Tasks:11
id	x	y	end	c
108	81.49	146.18	15	49.75
109	127.57	12.83	14	91.43
110	106.75	37.93	18	62.44
111	128.39	90.66	13	29.89
112	78.11	90.17	12	24
113	196.43	29.77	13	119.29
114	121.43	56.89	15	48.14
115	107.85	26.49	15	73.93
116	55.77	175.33	15	87.36
117	43.98	168.94	18	88.83
118	30.54	90.04	13	70.17
Drivers: 13
id	x	y	end	sensitivity
118	97.34	78.49	13	1.69
119	199.86	7.33	14	1.56
120	70.79	8.43	14	1.93
121	152.67	16.86	14	0.98
122	171.33	89.74	16	1.39
123	59.5	15	16	0.6
124	47.36	196.05	14	1.86
125	11.56	123.67	12	0.76
126	86.48	15.87	14	1.32
127	68.75	171.98	16	0.6
128	138.24	115.57	14	1.35
129	91.13	70.71	14	1.84
130	176.05	46.63	12	0.99
Period: 13
Tasks:8
id	x	y	end	c
119	148.34	22.51	19	91.33
120	12.08	174.44	17	115.2
121	164.97	119.44	16	67.82
122	169.67	199.72	15	121.65
123	170.98	134.44	14	78.89
124	89.45	2.69	18	97.88
125	53.17	187.76	18	99.47
126	125.6	81.68	16	31.48
Drivers: 9
id	x	y	end	sensitivity
131	14.26	81.06	14	1.54
132	188.09	105.8	14	1.99
133	67.7	136.23	13	1.5
134	137.76	143.28	16	1.78
135	165.31	113	15	1.33
136	11.48	139.08	14	1.98
137	6.54	127.05	14	1.17
138	146.44	196.62	14	0.89
139	130.83	135.66	13	1.97
Period: 14
Tasks:4
id	x	y	end	c
127	115.59	124.21	14	28.8
128	144.61	130.27	17	53.91
129	104.42	156.93	19	57.1
130	19.57	124.12	17	83.97
Drivers: 20
id	x	y	end	sensitivity
140	73.37	61.24	17	1.36
141	187.63	166.88	15	0.92
142	69.68	51.13	15	1.28
143	16.44	91.11	16	0.76
144	186.6	114.82	16	1.43
145	62.37	141.02	17	1.35
146	101.94	196.95	15	0.64
147	175.65	141.05	16	0.85
148	71.93	192.28	14	1.21
149	31.73	111.82	16	1.7
150	62.7	88.71	14	1.63
151	2.35	1.53	17	1.57
152	61.07	195.05	17	0.65
153	56.19	167.21	17	0.6
154	131.85	26.94	17	1.87
155	137.37	53.99	14	1.65
156	65.01	50.15	16	1.9
157	104.76	76.33	16	1.21
158	93.81	145.65	17	1.78
159	6.74	191.55	15	1.29
Period: 15
Tasks:9
id	x	y	end	c
131	34.85	95.18	20	65.33
132	73.97	158.44	20	63.97
133	55.18	87.13	22	46.63
134	185.49	167.88	15	109.16
135	39.74	40.32	17	84.81
136	3.52	106.96	17	96.73
137	143.58	103.53	18	43.72
138	62.63	21.46	16	86.98
139	179.83	166.93	16	104.18
Drivers: 9
id	x	y	end	sensitivity
160	179.47	94.85	16	1.31
161	158.36	13.84	18	1.73
162	154.57	175.23	17	0.65
163	190.05	37.64	19	1.04
164	97.04	100.53	16	1.66
165	47.06	139.24	16	0.95
166	10.06	124.11	17	0.88
167	64.06	88.79	16	1.45
168	139.45	154.43	17	1.55
Period: 16
Tasks:11
id	x	y	end	c
140	19.22	121.51	20	83.59
141	4.62	160	18	112.68
142	147.02	120.56	21	51.32
143	7.72	120.39	19	94.51
144	199.52	136.71	19	106.07
145	67.64	43.68	17	64.95
146	160.95	172.12	17	94.43
147	176.3	9.24	17	118.57
148	86.8	155.56	21	57.11
149	124.35	60.18	17	46.67
150	20.36	50.1	19	93.98
Drivers: 11
id	x	y	end	sensitivity
169	167.68	183.1	17	1.25
170	97.24	124.46	16	1.75
171	50.88	11.22	16	1.76
172	174.16	188.77	18	1.09
173	51.03	140.43	18	1.01
174	169.86	108.95	19	1.3
175	14.72	55.15	17	1.21
176	31.35	133.3	19	1.09
177	156.2	127.38	18	0.89
178	19.73	109.37	18	1.05
179	126.91	69.49	18	0.91
Period: 17
Tasks:11
id	x	y	end	c
151	187.95	158.4	20	105.57
152	68.13	51.81	25	57.78
153	103.55	118.31	19	18.65
154	66.12	100.52	20	33.88
155	125.21	71.66	25	37.93
156	187.39	193.22	21	127.78
157	50.16	117.56	19	52.84
158	77.8	97.45	21	22.35
159	8.68	155.64	19	106.94
160	59.27	48.84	22	65.39
161	177.79	122.7	25	81.03
Drivers: 13
id	x	y	end	sensitivity
180	197.33	167.71	18	1.63
181	45.69	64.27	18	1.97
182	62.29	50.25	18	1.2
183	153.97	163.48	17	0.54
184	0.15	2.91	17	1.22
185	43.48	194.22	19	1.97
186	9.5	175.77	19	1.86
187	185.46	29.56	18	1.89
188	83.64	83.09	19	1.68
189	168.98	18.52	20	0.78
190	32.41	28.66	17	0.97
191	52.22	126.71	20	1.56
192	199.04	124.12	21	1.46
Period: 18
Tasks:8
id	x	y	end	c
162	15.45	187.42	23	121.62
163	12.98	70.93	21	91.75
164	16.54	111.28	22	84.22
165	79.79	84.23	23	25.63
166	80.38	128.58	21	34.67
167	108.88	79.72	20	22.14
168	179.44	133.7	20	86.29
169	67.28	199.81	20	105.04
Drivers: 7
id	x	y	end	sensitivity
193	107.59	173.58	20	1.73
194	97.59	126.48	20	1.74
195	177.1	83.83	20	1.88
196	199.16	67.71	19	0.89
197	178.75	122.67	22	1.73
198	55.68	180.27	19	0.98
199	163.72	86.61	18	1.24
Period: 19
Tasks:7
id	x	y	end	c
170	137.19	42.41	19	68.55
171	75.48	140.26	23	47.14
172	84.48	158.29	25	60.32
173	25.13	185.26	21	113.47
174	64.63	100.77	22	35.38
175	101.79	78.07	19	22
176	53.27	123.12	23	52.14
Drivers: 10
id	x	y	end	sensitivity
200	72.2	115.59	19	1.6
201	79	172.52	20	1.32
202	28.96	60.92	19	0.72
203	61.56	28.62	22	1.26
204	36.36	90.53	20	1.01
205	21.9	113.67	20	0.79
206	130.57	119.99	22	1.58
207	80.09	26.59	23	0.63
208	50.4	156.57	22	1.01
209	103.35	15.08	23	0.79
Period: 20
Tasks:15
id	x	y	end	c
177	87.24	84.87	21	19.79
178	199.59	51.15	21	110.93
179	149.62	35.37	22	81.48
180	68.55	28.64	23	77.98
181	106.61	31.07	22	69.25
182	62.76	89.05	25	38.82
183	79.29	119.26	22	28.28
184	181.31	179.71	23	113.86
185	5.45	56.82	23	103.94
186	91.72	70.89	22	30.26
187	152.37	34.87	22	83.57
188	157.61	53.37	21	74.12
189	119.56	131.46	23	37.04
190	45.91	36.45	24	83.45
191	153.96	165.13	21	84.58
Drivers: 9
id	x	y	end	sensitivity
210	53.23	80.16	22	1.8
211	81.01	82.25	21	1.74
212	39.87	141.63	22	1.88
213	33.26	75.79	24	0.7
214	174.6	9.25	22	1.67
215	128.67	78.47	20	1.44
216	152.44	15.22	21	0.85
217	36.19	177.41	20	1.61
218	82.83	9.39	22	1.7
Period: 21
Tasks:7
id	x	y	end	c
192	12.43	140.5	22	96.48
193	119.28	95.39	23	19.82
194	169.18	70.49	22	75.21
195	126.62	85.51	27	30.31
196	0.51	40.84	26	115.75
197	194.16	176.79	26	121.5
198	93.15	185.89	25	86.16
Drivers: 9
id	x	y	end	sensitivity
219	123.24	143.48	22	1.2
220	44.94	106.79	23	1.65
221	61.09	87.22	23	0.55
222	142.87	31.88	23	1.19
223	151.24	168.56	24	0.64
224	131.84	146.17	21	1.88
225	173.14	22.64	22	1.68
226	125.98	17.15	21	1.25
227	67.56	189.17	25	1.63
Period: 22
Tasks:15
id	x	y	end	c
199	193.2	110.23	23	93.76
200	68.02	112.68	24	34.4
201	77.82	93.92	26	23
202	111.7	107.99	26	14.17
203	130.65	159.74	27	67.14
204	74.97	5.59	26	97.67
205	102.34	187.83	27	87.86
206	142.1	10.14	24	99.23
207	173.23	134.71	24	81.04
208	133.29	46.63	25	62.9
209	65.47	30.06	26	78
210	74.27	114.68	24	29.62
211	38.06	82.92	24	64.25
212	131.05	73.02	23	41.13
213	185.44	105.07	24	85.59
Drivers: 7
id	x	y	end	sensitivity
228	13.18	60.9	26	0.92
229	192.39	66.63	24	0.95
230	131.24	62.59	27	1.74
231	110.01	182.53	24	1.23
232	173.25	115.48	26	0.74
233	4.29	169.24	24	1.76
234	101.79	187.84	22	1.55
Period: 23
Tasks:10
id	x	y	end	c
214	150.04	61.29	26	63.27
215	0.53	112.11	24	100.2
216	47.06	105.52	24	53.23
217	176.26	116.02	29	77.92
218	36.94	89.95	25	63.86
219	45.42	36.6	25	83.66
220	109.59	86.85	26	16.28
221	150.13	85.31	30	52.24
222	142.69	17.48	25	92.91
223	183.15	175.42	28	112.26
Drivers: 13
id	x	y	end	sensitivity
235	87.75	149.62	25	1.4
236	46.76	50.9	23	1.01
237	141.72	135.57	24	1.09
238	137.25	98.23	27	1.16
239	153.97	77.7	24	0.69
240	116.37	187.56	23	1.42
241	179.29	84.26	26	0.65
242	172.78	43.4	25	0.88
243	135.24	172.75	28	1.34
244	113.11	39.39	23	1.45
245	156.83	89.93	27	1.9
246	100.68	185.72	25	0.63
247	147.53	2.51	25	0.96
Period: 24
Tasks:9
id	x	y	end	c
224	156.94	40.54	29	82.33
225	92.92	100.78	27	7.12
226	119.03	7.49	27	94.45
227	185.59	37.1	28	106.22
228	15.6	193.68	27	126.09
229	186.17	117.22	24	87.87
230	147.96	79.46	25	52.17
231	136.53	81.09	25	41.13
232	102.58	109.44	26	9.79
Drivers: 8
id	x	y	end	sensitivity
248	161.35	112.54	27	0.68
249	16.45	55.73	27	1.49
250	195.55	144.2	28	1.19
251	98.66	11.58	24	1.47
252	72.93	140.23	26	1.41
253	141.94	122.34	26	0.76
254	189.11	167.42	26	0.85
255	174.76	106.9	25	0.57
Period: 25
Tasks:12
id	x	y	end	c
233	127.31	177.88	28	82.53
234	78.96	148.02	31	52.43
235	178.68	90.8	27	79.22
236	23.56	199.38	29	125.38
237	117.84	19.82	26	82.14
238	106.17	165	29	65.29
239	119.93	72.81	27	33.71
240	9.81	29.66	26	114.38
241	182.02	158.13	27	100.53
242	118.07	58.23	26	45.51
243	162.66	73.62	29	67.99
244	123.8	51.2	27	54.29
Drivers: 5
id	x	y	end	sensitivity
256	16.02	62.79	26	1.36
257	47.84	18.41	26	1.84
258	131.33	127.91	28	1.58
259	178.33	6.48	28	1.16
260	47.22	10.75	25	1.92
Period: 26
Tasks:5
id	x	y	end	c
245	132.88	30.3	31	77.07
246	101.77	45.01	28	55.02
247	15	172.37	30	111.64
248	34.43	28.18	28	97.25
249	186.32	94.6	31	86.49
Drivers: 12
id	x	y	end	sensitivity
261	8.37	176.91	29	1.99
262	23.97	74.71	33	1.36
263	45	188.42	27	1.3
264	110.15	28.34	31	0.51
265	129.18	85.79	28	0.67
266	61.05	6.05	29	1.81
267	17.4	70.22	29	0.63
268	127.36	18.12	31	0.75
269	9.73	125.86	28	0.63
270	22.32	172.88	29	0.79
271	149.04	164.99	28	1.69
272	44.66	185.59	29	1.76
Period: 27
Tasks:10
id	x	y	end	c
250	41.1	78.35	30	62.75
251	19.15	109.27	29	81.38
252	197.3	192.21	30	134.05
253	60.67	77.8	30	45.16
254	130.79	166.34	29	73.14
255	120.83	77.56	30	30.62
256	188.25	73.47	31	92.15
257	145.46	26.58	29	86.35
258	155.59	181.93	33	99.01
259	164.75	162.12	30	89.73
Drivers: 8
id	x	y	end	sensitivity
273	187.21	71.68	29	1.9
274	67.05	65.44	31	1.16
275	117.05	15.91	27	1.72
276	53.26	43.14	28	0.89
277	87.16	30.38	34	1.22
278	190.07	176.68	29	0.51
279	65.69	192.55	29	0.75
280	182.09	96.6	34	1.05
Period: 28
Tasks:8
id	x	y	end	c
260	40.75	123.46	32	63.73
261	17.61	169.01	31	107.47
262	76.55	127.99	30	36.51
263	117.65	15.28	30	86.54
264	124.61	95.02	32	25.11
265	69.06	70.82	34	42.53
266	164.74	82.15	31	67.16
267	36.59	111.29	30	64.41
Drivers: 12
id	x	y	end	sensitivity
281	159	45.15	30	1.85
282	150.56	156.44	29	0.52
283	46.86	54.05	30	1.11
284	193.59	40.91	29	1.36
285	155.62	147.79	29	1.85
286	162.99	80.09	30	1.2
287	120.92	80.93	28	0.99
288	40.41	21.11	29	1.34
289	161.76	182.03	30	1.43
290	121.55	8.45	29	0.57
291	60.58	100.72	31	0.94
292	151.21	82.2	29	1.48
Period: 29
Tasks:9
id	x	y	end	c
268	139.59	25.28	31	84.56
269	63.3	192.05	30	99.1
270	93.2	184.71	31	84.98
271	91.51	193.76	32	94.14
272	182.22	124.02	33	85.66
273	3.02	27.66	31	120.99
274	129.66	89.1	32	31.6
275	13.71	86.36	34	87.36
276	119.11	79.15	33	28.28
Drivers: 6
id	x	y	end	sensitivity
293	77.63	165.12	30	1.09
294	56.47	115.25	32	1.96
295	182.51	113.94	30	1.29
296	172.39	70.76	32	0.53
297	186.21	40.83	32	0.7
298	156.72	171.67	31	1.01
Period: 30
Tasks:10
id	x	y	end	c
277	87.16	191.09	30	91.99
278	79.89	127.44	32	34.02
279	186.87	146.37	32	98.47
280	72.63	145.37	34	52.99
281	134.7	47.93	33	62.57
282	198.04	182.31	34	128.01
283	117.94	196.6	34	98.25
284	1.58	86.87	33	99.29
285	157.08	15.57	32	101.91
286	168.22	90.11	34	68.93
Drivers: 6
id	x	y	end	sensitivity
299	189.14	184.88	31	1.94
300	147.88	86.81	34	1.19
301	109.77	173.75	33	1.97
302	69.78	94.43	32	1.45
303	121.13	194.72	31	1.9
304	157.63	16.24	32	1.7
Period: 31
Tasks:15
id	x	y	end	c
287	93.21	175.56	33	75.86
288	31.27	75.86	33	72.85
289	181.73	195.6	35	125.77
290	156.45	188.35	34	104.84
291	194.1	12	32	128.84
292	79.84	179.68	35	82.19
293	76.21	48.24	33	56.97
294	194.36	110.71	35	94.97
295	92.38	145.02	31	45.66
296	8.03	49.11	35	105.11
297	49.21	159.03	33	77.87
298	139.37	24.47	33	85.17
299	185.03	39.12	32	104.58
300	130.81	94.62	33	31.28
301	192.22	154.54	35	107.14
Drivers: 8
id	x	y	end	sensitivity
305	164.01	119.58	32	1.93
306	13.92	180.15	35	1.78
307	197.63	118.86	34	1.24
308	84.11	196.01	31	1.28
309	151.36	46	32	1.04
310	33.68	168.79	33	1.96
311	68.45	115.8	32	1.42
312	61.33	0.66	31	1.7
Period: 32
Tasks:12
id	x	y	end	c
302	133.38	107.69	35	34.25
303	87.94	28.72	36	72.29
304	192.43	0.92	33	135.5
305	171.3	83.99	33	73.08
306	56.52	22.84	35	88.57
307	172.67	158	35	92.98
308	25.21	19.14	33	110.14
309	14.67	30.59	36	110
310	165.09	170.51	35	95.96
311	69.47	72.27	34	41.24
312	81.01	175.17	39	77.53
313	149.48	174.29	32	89.26
Drivers: 11
id	x	y	end	sensitivity
313	132.6	147.75	35	1.11
314	129.03	54.3	35	1.53
315	59.45	185.9	36	0.67
316	48.41	166.6	33	1.46
317	86.5	103.85	36	1.57
318	42.9	122.24	34	1.85
319	82.2	186.06	35	1.65
320	34.83	128.16	33	1.41
321	110.22	14.22	36	0.95
322	92.89	94.36	33	1.14
323	58.02	199.07	33	1.47
Period: 33
Tasks:19
id	x	y	end	c
314	44.87	36.51	35	84.09
315	36.54	136.86	36	73.39
316	193.23	196.95	38	134.5
317	48.18	90.65	38	52.66
318	157.61	67.72	38	66.04
319	173.97	118.64	34	76.28
320	143.71	51.98	34	64.93
321	79.13	195.72	34	97.97
322	95.57	65.25	35	35.03
323	112.94	143.69	34	45.57
324	67.29	1.38	35	103.9
325	78.71	1.54	37	100.74
326	9.36	172.3	36	115.94
327	93.99	51.19	35	49.18
328	53.81	174.74	34	87.86
329	2.98	182.82	35	127.56
330	78.27	113.8	37	25.74
331	24.42	96.97	35	75.64
332	163.57	177.03	38	99.87
Drivers: 7
id	x	y	end	sensitivity
324	76.04	64.67	35	0.74
325	193.13	86.63	33	1.22
326	71.88	48.71	33	0.5
327	182.47	87.82	35	1.99
328	46.68	152.68	34	1.2
329	164.97	79.02	35	0.65
330	93.08	0.23	35	1.55
Period: 34
Tasks:5
id	x	y	end	c
333	29.23	36.1	35	95.35
334	54.23	141.1	41	61.52
335	13.41	138.54	34	94.78
336	142.14	58.24	36	59.33
337	29.37	120.64	38	73.58
Drivers: 11
id	x	y	end	sensitivity
331	131.22	170.22	35	1.46
332	180.77	6.82	34	1.35
333	111.1	36.11	37	0.77
334	179.19	173.18	34	1.56
335	145.61	74.83	34	2
336	28.73	159.07	35	1.95
337	63.72	144.11	36	1.81
338	186.53	104.12	37	1.39
339	58.08	190.14	35	1.78
340	136.17	185.02	37	0.57
341	87.67	24.96	37	0.88
Period: 35
Tasks:15
id	x	y	end	c
338	156	103.7	36	56.12
339	15.3	75.44	38	88.19
340	83.62	6.68	38	94.75
341	69.76	136.12	38	47.11
342	169.24	155.94	39	89.01
343	103.09	179.45	41	79.51
344	68.96	105.29	37	31.49
345	109.96	6.48	40	94.05
346	121	154.04	38	57.98
347	138.16	173.97	36	83.23
348	5.49	191.4	41	131.48
349	118.98	62.87	40	41.7
350	133.17	94.43	38	33.63
351	172.81	66.14	37	80.3
352	154.01	68.52	36	62.51
Drivers: 13
id	x	y	end	sensitivity
342	73.81	104.7	36	1.93
343	20.92	109.32	37	1.55
344	134.51	90.73	37	1.62
345	29.86	38.69	36	1.96
346	6.07	41.19	37	0.94
347	179.28	30.09	36	1.61
348	14.68	187.83	39	1.42
349	75.45	153.93	37	1.7
350	152.25	99.64	36	1.62
351	61.74	86.04	41	1.5
352	168.71	110.51	35	1.43
353	17.18	34.31	36	1.95
354	13.51	81.09	41	1.5
Period: 36
Tasks:13
id	x	y	end	c
353	59.58	3.36	40	104.75
354	71.61	194.39	37	98.57
355	99.59	196.73	39	96.73
356	49.91	42.6	37	76.18
357	37.53	30.18	40	93.69
358	116.65	187.58	38	89.15
359	10.15	89.67	38	90.44
360	163.18	0.8	39	117.61
361	171.92	15.02	39	111.33
362	65.97	46.49	38	63.41
363	156.4	11.1	38	105.28
364	99.72	85.17	37	14.83
365	155.04	138.99	40	67.45
Drivers: 7
id	x	y	end	sensitivity
355	50.33	79.97	40	1.62
356	126.44	182.36	39	1.6
357	50.54	140.3	37	1.49
358	94.09	47.94	38	1.69
359	181.85	132.19	37	0.93
360	181.13	43.2	36	1.88
361	196.95	48.51	39	1.02
Period: 37
Tasks:11
id	x	y	end	c
366	98.15	30.85	38	69.17
367	37.02	141.07	40	75.19
368	199.55	16.06	40	130.22
369	44.82	95.13	39	55.39
370	67.11	151.37	40	61
371	2.18	20.96	44	125.76
372	90.98	187.35	39	87.81
373	133.77	170.76	43	78.41
374	69.13	25.89	39	80.28
375	183.37	126.35	40	87.44
376	92.87	163.21	38	63.61
Drivers: 9
id	x	y	end	sensitivity
362	10.23	97.76	41	1.4
363	124.99	154.03	38	1.7
364	154.76	25.75	41	0.7
365	59.07	32.71	38	0.77
366	42.72	123.11	40	0.62
367	12.45	22.12	39	0.89
368	176.71	52.77	39	0.98
369	38.43	12.09	38	1.61
370	7.47	116.12	37	1.27
Period: 38
Tasks:13
id	x	y	end	c
377	141.84	100.81	39	41.85
378	186.24	13.76	40	121.96
379	33.59	174.74	41	99.98
380	54.21	115.15	42	48.23
381	115.49	21.73	44	79.79
382	50.24	17.09	43	96.7
383	79.48	98.51	38	20.57
384	143.12	42.64	39	71.76
385	59.3	115.32	39	43.49
386	165.32	188.45	39	109.96
387	95.87	44.4	41	55.75
388	77.02	72.59	40	35.77
389	47.01	51.04	41	72.15
Drivers: 9
id	x	y	end	sensitivity
371	93.81	161.17	39	1.77
372	170.1	102.66	40	1.57
373	199.43	115.8	44	1.67
374	110.94	75.28	41	1.2
375	196.37	38.05	39	1.97
376	87.27	15.22	39	0.56
377	135.76	17.07	38	1.59
378	163.35	24.26	39	1.65
379	45.53	189.19	43	1.2
Period: 39
Tasks:5
id	x	y	end	c
390	163.14	191.67	42	111.31
391	131.55	196.08	41	101.13
392	121.95	85	42	26.59
393	59.84	39.87	42	72.31
394	55.37	96.33	45	44.78
Drivers: 9
id	x	y	end	sensitivity
380	91.92	19.97	41	1.85
381	22.1	116.62	41	1.43
382	61.57	145.64	40	0.96
383	35.75	135.85	41	1.14
384	153.48	165.85	42	0.97
385	96.93	34.9	44	1.21
386	44.56	180.23	41	1.76
387	164.47	103.94	40	1.94
388	158.76	20.04	40	1.37
Period: 40
Tasks:11
id	x	y	end	c
395	142.88	189.96	44	99.66
396	15.08	114.62	43	86.17
397	149.69	127.17	44	56.63
398	196.25	92.2	41	96.57
399	28.5	95.04	43	71.67
400	179.44	193.12	43	122.4
401	144.18	90.11	42	45.27
402	8.83	69.21	40	96.23
403	40.25	157.18	43	82.7
404	82.45	129.76	40	34.55
405	119.51	14.51	41	87.69
Drivers: 7
id	x	y	end	sensitivity
389	55.68	21.78	42	1.65
390	104.41	31.81	43	1.95
391	199.87	198.84	40	0.84
392	156.35	10.51	43	0.9
393	130.84	173.63	42	0.54
394	29.06	173.43	41	1.2
395	111.63	137.63	45	1.74
Period: 41
Tasks:9
id	x	y	end	c
406	197.21	16.69	42	128.02
407	84.99	175.71	45	77.18
408	172.02	88.56	42	72.92
409	194.24	91.81	41	94.6
410	132.26	15.58	45	90.37
411	193.61	45.92	47	108.11
412	91.05	148.64	45	49.46
413	94.55	110.07	44	11.45
414	66.1	122.99	44	40.96
Drivers: 10
id	x	y	end	sensitivity
396	56.68	167.66	45	1.05
397	181.52	54	44	0.61
398	145.88	140.13	41	1.34
399	17.02	194.63	42	1.76
400	151.69	5.77	43	1.61
401	49.65	102.16	42	1.48
402	50.92	163.15	42	1.41
403	81.45	154.5	42	1.57
404	131.12	38.02	43	1.42
405	123.18	173.58	44	1.75
Period: 42
Tasks:7
id	x	y	end	c
415	149.89	89.13	49	51.06
416	161.58	145.08	43	76.32
417	74.03	19.2	42	84.87
418	84.13	120.7	43	26.08
419	140.25	188.93	45	97.61
420	8.13	29.18	44	116
421	178.6	137.36	48	87.03
Drivers: 10
id	x	y	end	sensitivity
406	41.65	7.62	42	0.86
407	106.66	169.97	46	1.35
408	145.56	197.48	44	1.57
409	72.62	130.79	44	1.49
410	190.64	21.9	46	1.49
411	154.55	92.57	48	1.58
412	130.13	115.12	42	1.96
413	72.74	62.79	43	1.72
414	158.68	155.03	44	1.48
415	54.59	57.93	45	1.71
Period: 43
Tasks:14
id	x	y	end	c
422	35.79	168.74	51	94.06
423	9.37	135.13	46	97.2
424	32.97	33.38	44	94.51
425	137.93	178.06	47	86.79
426	54.15	64.54	47	57.96
427	11.82	152.56	47	102.66
428	70.59	169.24	45	75.23
429	143.68	83.93	48	46.54
430	170.17	20.55	46	106
431	129.74	94.19	45	30.3
432	126.67	49.15	46	57.42
433	189.5	166.73	47	111.64
434	143.23	63.37	46	56.66
435	7.93	41.51	45	109.08
Drivers: 15
id	x	y	end	sensitivity
416	4.05	106.12	46	0.59
417	174.8	182.65	47	1.35
418	177.81	92.13	45	0.71
419	130.21	2.18	48	1.87
420	6.74	198.86	45	1.7
421	175.84	65.88	43	1.53
422	47.15	78.03	43	1.76
423	52.42	178.52	44	1.79
424	117.33	110.23	43	0.73
425	80.43	193.02	46	1.37
426	82.67	66.28	45	1.28
427	28.84	44.32	43	1.94
428	19.39	112.44	44	0.68
429	39.93	124.7	47	0.61
430	88.43	184.45	47	1.53
Period: 44
Tasks:11
id	x	y	end	c
436	112.79	105.78	46	14.04
437	124.54	151.52	46	57.07
438	15.83	142.8	48	94.43
439	115.41	45.76	46	56.39
440	145.84	162.38	45	77.41
441	155.85	2.23	49	112.6
442	131.95	10.39	47	95.14
443	46.66	137.82	46	65.39
444	8.22	16.12	48	124.34
445	140.71	44.25	46	69.03
446	185.33	58.98	51	94.68
Drivers: 12
id	x	y	end	sensitivity
431	163.8	193.78	48	0.61
432	190.59	34.33	46	1.01
433	78.17	12.6	45	1.2
434	33.08	23.69	47	1.9
435	197.55	109.76	46	1.8
436	9.95	193.74	44	1.31
437	76.36	172.47	47	1.97
438	28.48	33.99	45	1.12
439	133.3	187.59	47	1.49
440	121.34	140.65	44	1.53
441	86.01	122.93	44	0.96
442	194.45	10.08	45	1.75
Period: 45
Tasks:6
id	x	y	end	c
447	30.91	30.49	49	98.01
448	64.36	184.44	47	91.65
449	136.62	115.22	45	39.66
450	197.19	169.09	46	119.24
451	57.68	8.43	48	100.88
452	149.72	89.54	48	50.81
Drivers: 16
id	x	y	end	sensitivity
443	0.23	22.53	46	1.26
444	1.61	119.3	46	0.89
445	133.05	152.76	45	0.89
446	62.07	138.2	46	0.7
447	60.62	173.91	46	1.36
448	169.17	136.46	48	0.76
449	75.6	142.32	48	1.51
450	28.19	100.81	47	1.43
451	141.82	27.3	47	1.36
452	90.77	82.17	46	0.59
453	83.34	132.12	46	1.87
454	87.94	123.33	46	0.97
455	105.62	28.45	47	1.97
456	94.9	135.49	49	1.83
457	161.29	185.81	46	1.54
458	100.12	29.84	50	1.92
Period: 46
Tasks:12
id	x	y	end	c
453	68.21	81.39	49	36.84
454	7.46	45.85	50	107.22
455	161	165.87	50	89.78
456	92.3	45.59	47	54.95
457	192.09	159.87	47	109.84
458	0.62	20.83	48	127.06
459	100.11	16.18	51	83.82
460	80.37	24.13	49	78.37
461	29.27	100.82	46	70.73
462	169.64	69.75	51	75.93
463	168.86	152.26	48	86.45
464	150.19	101.55	48	50.21
Drivers: 6
id	x	y	end	sensitivity
459	27.43	112.52	48	1.84
460	166.25	171.06	50	1.64
461	142.25	121.06	48	0.66
462	0.6	159.33	47	1.71
463	144.01	86.76	49	1.93
464	96.7	131.29	49	0.96
Period: 47
Tasks:11
id	x	y	end	c
465	29.25	78.47	51	73.95
466	74.82	162.58	51	67.46
467	164.63	40.35	53	87.95
468	148.95	76.6	48	54.26
469	110.75	29.76	49	71.06
470	189.66	29.11	48	114.3
471	16.25	51.09	48	96.99
472	40.09	49.71	51	78.22
473	135.5	97.42	53	35.59
474	99.59	135.87	48	35.87
475	177.47	132.7	50	84.09
Drivers: 8
id	x	y	end	sensitivity
465	19.68	31.21	50	0.7
466	92.18	38.46	48	1.09
467	90.63	94.32	50	1.17
468	112.38	149.13	47	1.9
469	121.27	77.93	49	1.57
470	119.44	23.37	49	1.38
471	170.7	130.32	48	1.91
472	81.88	37.07	47	0.56
Period: 48
Tasks:8
id	x	y	end	c
476	103.38	46.22	52	53.89
477	145.52	56.97	51	62.64
478	35.73	68.03	53	71.78
479	75.51	117.14	50	29.89
480	91.09	43.07	51	57.62
481	52.74	184.38	51	96.71
482	98.85	155.83	53	55.84
483	171.54	88.32	51	72.49
Drivers: 9
id	x	y	end	sensitivity
473	196.98	4.62	52	1.68
474	174.93	161.91	50	1.74
475	55.41	100.59	50	1.16
476	87.8	135.77	50	1.85
477	77.13	181.27	50	1.5
478	51.42	120.68	49	1.23
479	115.05	118.11	50	0.73
480	174.58	146.11	48	1.4
481	170.61	29.7	50	1.11
Period: 49
Tasks:8
id	x	y	end	c
484	44.37	180.05	49	97.48
485	2.89	131.54	50	102.1
486	4.64	122.81	55	98.05
487	9.37	125.16	52	94.06
488	122.83	141.44	51	47.31
489	178.48	129.96	53	84
490	45.34	82.34	53	57.44
491	8.43	71.09	54	96.03
Drivers: 6
id	x	y	end	sensitivity
482	37.22	80.19	52	1.54
483	170.78	176	50	1.18
484	166.25	122.71	51	1.06
485	54.2	21.97	50	1.1
486	52.41	39.57	49	1.88
487	142.59	195.59	51	1.02
Period: 50
Tasks:7
id	x	y	end	c
492	26.62	63.01	53	82.18
493	32.53	7.2	53	114.73
494	60.04	11.87	51	96.77
495	131.67	71.85	55	42.37
496	164.81	191.41	57	112.05
497	129.92	123.18	51	37.85
498	2.29	21.17	53	125.54
Drivers: 7
id	x	y	end	sensitivity
488	132.35	189.67	52	0.57
489	95.19	147.89	51	0.93
490	34.87	33.55	53	1.24
491	137.14	197.51	55	1.4
492	110.89	69.02	54	1.58
493	177.48	113.64	50	1.74
494	167.23	192.65	55	1.14
Period: 51
Tasks:9
id	x	y	end	c
499	151.55	167.17	51	84.67
500	81.93	135.88	53	40.17
501	107.29	33.57	55	66.83
502	112.43	49.87	56	51.65
503	52.43	181.48	54	94.35
504	9.27	107.32	55	91.02
505	52.73	197.04	53	107.94
506	35.27	57.72	54	77.31
507	40.94	62.08	53	70.19
Drivers: 12
id	x	y	end	sensitivity
495	178.41	40.75	51	1.82
496	83.92	139.38	52	0.58
497	195.81	6.1	56	1.28
498	57.62	195.36	52	1.81
499	195.21	179.1	52	1.51
500	51.13	179.92	51	0.87
501	40.36	34.2	54	1.57
502	180.27	43.94	52	1.94
503	199.25	32.16	55	0.75
504	16.17	159.98	54	0.75
505	106.88	106.54	52	0.57
506	153.2	194.67	52	1.85
Period: 52
Tasks:11
id	x	y	end	c
508	127.9	46.24	55	60.57
509	10.21	87.31	55	90.68
510	123.91	86.77	54	27.33
511	146.43	144.15	53	64.07
512	8.77	164.29	56	111.61
513	18.59	56.28	57	92.41
514	144.02	139.17	56	58.92
515	125.59	14	58	89.73
516	147.02	61.26	56	60.92
517	66.18	184.63	55	91.14
518	15.29	182.94	56	118.55
Drivers: 9
id	x	y	end	sensitivity
507	127.65	82.12	56	0.94
508	118.75	59.77	53	1.82
509	195.13	99.76	53	0.81
510	167.54	10.2	56	0.66
511	75.55	195.01	52	0.79
512	106.12	30.15	54	1.35
513	138.56	12.33	52	1.55
514	41.62	196.69	54	1.27
515	31.66	17.39	54	0.7
Period: 53
Tasks:8
id	x	y	end	c
519	58.48	57.48	56	59.43
520	24.25	171.53	56	104.19
521	16.26	43.08	55	101.25
522	66.6	31.57	56	76.15
523	169.05	126.89	53	74.1
524	43.89	97.77	56	56.15
525	104.15	71.15	58	29.15
526	56.24	182.78	55	93.63
Drivers: 14
id	x	y	end	sensitivity
516	190.91	135.31	56	1.37
517	75.76	77.3	54	0.83
518	181.6	3.91	56	0.71
519	8.59	166.91	57	1.69
520	191.84	13.89	54	1.6
521	61.59	76.87	55	1.96
522	86.75	82.75	54	0.93
523	16.74	17.23	56	0.89
524	64.12	46.83	53	1.88
525	54.12	124.95	54	1.61
526	99.48	85.83	56	1.22
527	19.25	54.1	55	1.54
528	106.67	187.56	55	1.77
529	146.97	31.69	53	0.57
Period: 54
Tasks:13
id	x	y	end	c
527	20.91	1.16	55	126.59
528	96.05	138.86	56	39.06
529	1.75	158.59	60	114.39
530	110.75	33.86	58	67.01
531	182.94	199.12	58	129.24
532	116.59	80.32	59	25.74
533	165.12	37.17	56	90.49
534	8.47	45.98	59	106.28
535	143.11	72.55	59	51.11
536	12.95	198.02	55	131.09
537	61.41	70.67	55	48.47
538	135.53	181.39	54	88.81
539	54.48	4.53	59	105.77
Drivers: 14
id	x	y	end	sensitivity
530	118.56	128.93	54	1.1
531	33.44	71.06	55	1.87
532	159.28	126.14	58	1.42
533	8.61	1.41	57	1.96
534	79.85	59.47	58	1.71
535	181.06	114.49	55	1.48
536	112.96	125.84	59	0.6
537	77.43	194.96	55	0.74
538	147.31	59.74	55	0.75
539	168.84	27.13	56	1.98
540	137.14	81.27	54	1.78
541	143.23	190.79	57	1.1
542	40.23	172.82	55	0.67
543	121.54	3.71	54	1.09
Period: 55
Tasks:20
id	x	y	end	c
540	100.39	60.15	60	39.85
541	92.09	44.8	59	55.76
542	181.95	47.51	61	97.32
543	122	55.54	59	49.61
544	50.84	73.94	57	55.64
545	184.91	53.28	57	96.91
546	2.36	168.88	56	119.49
547	134.22	56.11	59	55.65
548	41.65	43.08	64	81.51
549	57.3	82.64	62	46.09
550	1.3	13.89	62	130.98
551	168.9	112.76	56	70.07
552	43.55	9.2	55	106.92
553	80.01	130.28	59	36.28
554	139.46	59.13	59	56.81
555	84.21	42.18	57	59.94
556	58.83	73.47	57	48.98
557	83.56	146.93	59	49.73
558	159.9	125.83	56	65.23
559	132.21	10.78	59	94.86
Drivers: 12
id	x	y	end	sensitivity
544	134.59	158.41	57	1.12
545	93.95	80.32	58	0.67
546	173.27	149.13	59	0.71
547	85.75	3.09	55	1.15
548	60.27	128.65	56	0.85
549	191.51	128.14	56	1.68
550	183.54	114.24	56	0.69
551	137.08	100.18	57	1.88
552	177.31	61.22	58	1.19
553	174.07	56.35	56	1.83
554	161.99	193.02	57	1.09
555	64.52	109.36	56	1.18
Period: 56
Tasks:6
id	x	y	end	c
560	187.68	104.39	62	87.79
561	160.13	5.72	60	111.82
562	72.22	6.27	59	97.76
563	190.21	79.56	59	92.5
564	61.31	174.97	58	84.36
565	44.54	1.12	62	113.37
Drivers: 13
id	x	y	end	sensitivity
556	57.75	180.81	57	0.88
557	24.83	127.04	56	1.76
558	104.79	104.49	58	0.69
559	71.7	158.36	57	0.78
560	65.93	195.15	59	0.99
561	83.96	36.53	57	1.24
562	191.45	123.45	57	1.84
563	112.21	130.46	59	1.11
564	7.8	14.51	57	1.7
565	74.54	81.06	58	1.51
566	96.85	197.24	58	1.47
567	15.25	187.05	62	0.56
568	17.55	122.38	58	1.54
Period: 57
Tasks:17
id	x	y	end	c
566	145.7	51.14	60	66.9
567	4.79	6.15	59	133.69
568	184.97	10.79	58	123.2
569	129.93	129.9	63	42.31
570	181.44	16.58	58	116.58
571	124.81	92.18	59	26.01
572	71.9	5.37	60	98.71
573	146.07	33.52	58	80.88
574	33.85	189.38	59	111.2
575	31.23	188.01	59	111.69
576	194.8	130.11	59	99.47
577	158.89	60.54	61	70.89
578	196.89	185.73	58	129.37
579	73.16	55.63	59	51.86
580	60.16	129.81	63	49.76
581	132.68	147.29	59	57.48
582	63.13	6.96	63	100.08
Drivers: 11
id	x	y	end	sensitivity
569	134.18	60.98	59	1.28
570	40.22	131.28	58	1.48
571	14.13	16.09	60	0.77
572	59.45	137.58	59	1.82
573	102.55	109.75	58	1.49
574	138.41	10.77	60	1.66
575	95.04	99.85	62	0.99
576	24.87	60.82	57	1.65
577	24.81	111.75	62	1.39
578	173.76	75.75	58	1.07
579	111.56	144.35	58	1.37
Period: 58
Tasks:10
id	x	y	end	c
583	113.3	119.63	61	23.71
584	193.9	180.46	62	123.66
585	194.58	43.72	60	110.06
586	172.48	28.84	60	101.57
587	11.86	88.17	60	88.93
588	90.16	40.36	62	60.45
589	49.29	182.3	59	96.67
590	128.61	139.79	61	49.01
591	137.64	139.46	59	54.53
592	166.51	51.24	60	82.47
Drivers: 11
id	x	y	end	sensitivity
580	196.86	34.52	59	0.83
581	37.96	0.42	58	1.41
582	24.53	34.03	59	1.79
583	125	79.54	61	1.91
584	158.52	196.8	61	1.87
585	79.93	68	61	1.61
586	148.19	29.65	61	1.59
587	57.8	113.42	58	0.56
588	102.54	40.31	59	1.58
589	99.77	146.08	59	1.36
590	114.62	66.69	59	1.18
Period: 59
Tasks:11
id	x	y	end	c
593	196.97	31.7	64	118.61
594	155.17	73.72	64	61.11
595	184.04	181.32	62	116.94
596	97.6	36.88	62	63.17
597	14.8	19.71	63	117.07
598	78.44	97.03	63	21.76
599	50.11	98.56	62	49.91
600	5.38	199.94	64	137.63
601	41.18	151.29	60	78.04
602	148.7	50.77	62	69.25
603	127.87	93.97	65	28.51
Drivers: 7
id	x	y	end	sensitivity
591	54.61	81.4	64	0.61
592	135.55	135.07	61	1.88
593	104	127.22	59	1.26
594	57.08	119.89	61	1.11
595	128.57	28.86	61	1.89
596	124.02	131.3	62	1.22
597	21.87	57.02	60	0.97
Period: 60
Tasks:15
id	x	y	end	c
604	77.64	172.88	66	76.23
605	124.21	176.47	65	80.21
606	98.86	0.96	62	99.05
607	153.39	192.2	63	106.54
608	51.44	2.82	63	108.64
609	94.18	105.11	67	7.74
610	104	166.09	61	66.21
611	23.41	146.66	63	89.68
612	26.24	29.23	60	102.22
613	102.16	14.02	66	86.01
614	91.82	57.15	63	43.62
615	66.91	198.84	63	104.23
616	91.94	53.71	65	46.99
617	177.04	7.13	64	120.66
618	78.66	41.18	63	62.57
Drivers: 5
id	x	y	end	sensitivity
598	121.76	30.03	61	0.74
599	51.46	37.11	61	1.08
600	1.65	14.12	62	1.18
601	164.36	45.51	61	1.38
602	58.61	54.23	61	0.75
Period: 61
Tasks:8
id	x	y	end	c
619	188.74	103.7	64	88.82
620	53.46	197.21	65	107.78
621	168.55	149.95	64	84.82
622	55.44	90.57	65	45.55
623	108.22	23.92	63	76.52
624	76.45	165.64	63	69.74
625	32.42	183.47	62	107.4
626	183.4	20.55	62	115.19
Drivers: 15
id	x	y	end	sensitivity
603	197.35	166.41	66	0.76
604	126.65	158.02	65	1.31
605	3.86	98.32	65	1.71
606	66.03	188	63	1.19
607	130.49	20.5	63	1.81
608	116.76	161.99	61	1.35
609	98.09	143.71	64	1.1
610	132.8	44.51	64	0.94
611	9.07	57.47	63	0.8
612	37.7	174.37	62	0.87
613	180.84	13.11	63	1.43
614	9.76	129.22	62	1.95
615	77.76	153.53	62	1.88
616	26.55	109.4	64	1.78
617	144.21	13.08	64	1.11
Period: 62
Tasks:19
id	x	y	end	c
627	198.56	195.44	64	137.2
628	169.77	104.07	65	69.89
629	50.85	157.34	65	75.52
630	52.01	45.55	62	72.58
631	111.06	104.5	64	11.94
632	119.87	145.15	63	49.33
633	61.26	56.73	66	58.08
634	163.78	3.71	64	115.5
635	137.69	181.09	64	89.42
636	152.01	149.49	65	71.79
637	73.7	185.25	65	89.21
638	135.31	102.42	69	35.39
639	154.65	91.95	63	55.24
640	34.51	1.21	63	118.53
641	13.32	82.6	64	88.41
642	38.95	33.51	67	90.27
643	122.77	141.68	66	47.49
644	163.66	133.61	66	71.99
645	51.42	106.81	66	49.05
Drivers: 5
id	x	y	end	sensitivity
618	134.11	22.27	65	0.69
619	191.09	71.8	63	1.9
620	16.58	74.53	65	1.42
621	117.5	68.83	64	1.71
622	187.9	14.44	64	0.89
Period: 63
Tasks:12
id	x	y	end	c
646	31.78	50.71	63	84.16
647	73.18	33.97	67	71.27
648	98.47	4.12	64	95.89
649	41.75	149.95	66	76.73
650	195.69	71.26	66	99.91
651	72.98	89.78	65	28.89
652	42.34	16.24	64	101.69
653	115.03	13.91	65	87.39
654	93.96	192.16	67	92.36
655	10.96	114.08	64	90.15
656	90.93	72.09	65	29.35
657	4.86	155.46	65	110.12
Drivers: 12
id	x	y	end	sensitivity
623	130.16	172.15	66	0.98
624	72.17	191.34	67	0.64
625	77.12	66.24	67	1.93
626	10.91	67.95	67	1.26
627	44.04	94.64	64	1.84
628	82.91	183.57	63	1.86
629	108.77	194.78	64	1.37
630	166.44	137.9	66	1.08
631	24.48	7.69	66	1.36
632	129.63	122.79	63	1.53
633	110.11	88.94	64	0.96
634	49.67	172.41	64	1.67
Period: 64
Tasks:12
id	x	y	end	c
658	10.73	190.89	68	127.4
659	57.99	122.29	64	47.56
660	43.64	133.72	65	65.68
661	151.85	61.23	67	64.74
662	29.81	52.53	69	84.74
663	156.46	18.21	64	99.38
664	63.25	87.61	64	38.78
665	109.94	103.4	66	10.51
666	29.32	135.57	65	79.13
667	34.63	61.76	69	75.73
668	174.27	140.04	66	84.38
669	153.33	83	65	55.97
Drivers: 8
id	x	y	end	sensitivity
635	10.52	125.08	67	1.49
636	36.64	26.4	66	0.68
637	173.97	180.89	67	0.69
638	105.55	137.26	68	0.65
639	185.42	65.3	66	1.42
640	175.98	169.62	65	1.6
641	141.1	21.83	66	1.03
642	63.02	92.13	64	1.12
Period: 65
Tasks:10
id	x	y	end	c
670	14.53	50.32	67	98.86
671	23.93	14.28	67	114.61
672	176.15	70.07	66	81.82
673	94.73	160.38	71	60.61
674	175.87	97.45	69	75.91
675	141.73	134.23	70	53.97
676	9.75	98.2	68	90.27
677	115	59.55	69	43.14
678	193.52	168.66	70	116.02
679	194.58	170.19	68	117.78
Drivers: 9
id	x	y	end	sensitivity
643	66.04	192.03	70	1.48
644	1.64	71.3	69	1.11
645	111.29	96.91	66	1.26
646	14.91	21.43	67	1.09
647	12.43	154.97	69	1.93
648	181.13	44.24	67	1.36
649	79.65	168.76	67	1.44
650	103.55	109.67	69	1.34
651	193.89	137.13	69	1.52
Period: 66
Tasks:8
id	x	y	end	c
680	175.11	112.79	68	76.19
681	193.09	28.63	69	117.3
682	121.6	24.17	68	78.85
683	55.16	154.56	67	70.62
684	65.79	173.06	67	80.67
685	120.7	135.56	67	41.15
686	4.85	74.95	69	98.39
687	80.34	76.99	69	30.27
Drivers: 6
id	x	y	end	sensitivity
652	76.42	104.15	66	1.69
653	8.82	134.58	68	0.95
654	111.45	51.88	68	0.62
655	197.01	121.64	67	1.55
656	51.8	127.57	68	1.62
657	88.57	112.41	68	0.76
Period: 67
Tasks:5
id	x	y	end	c
688	132.88	75.65	70	40.91
689	72.42	184.57	72	88.95
690	191.63	113.82	69	92.67
691	71.45	118.38	70	33.95
692	38.9	17.3	69	102.82
Drivers: 9
id	x	y	end	sensitivity
658	43.68	152.19	69	1.91
659	77.91	30.64	68	1.55
660	64.87	143.7	68	1.86
661	89.89	72.76	68	1.22
662	76.87	168.42	69	1.29
663	117.54	76.64	69	1.19
664	180.37	78.99	69	1.17
665	4.5	63.36	67	1.56
666	191.44	107.66	69	1.41
Period: 68
Tasks:10
id	x	y	end	c
693	118.37	62.19	76	42.04
694	147.3	130.76	72	56.42
695	1.1	51.4	71	110.2
696	187.35	80.14	71	89.58
697	197.38	194.04	70	135.37
698	180.54	109.1	74	81.05
699	89.23	172	71	72.8
700	65.62	78.94	71	40.32
701	121.52	42.26	73	61.62
702	13.31	103.32	70	86.75
Drivers: 13
id	x	y	end	sensitivity
667	176.24	198.6	70	0.95
668	81.88	49.31	72	0.62
669	112.57	103.73	70	1.23
670	128.71	165.32	71	1.06
671	127.73	81.75	68	1.49
672	37.77	2.1	68	1.46
673	154.62	78.16	70	1.46
674	108.67	126.37	69	1.24
675	78.86	2.26	70	1.69
676	145.59	169.25	68	1.05
677	139.31	159.75	71	1.16
678	28.53	102.82	73	1.63
679	162.31	71.67	70	1.13
Period: 69
Tasks:8
id	x	y	end	c
703	172.63	111.19	72	73.49
704	88.81	147.73	71	49.02
705	158.76	65.32	74	68.23
706	29.48	109.26	73	71.13
707	52.6	158.35	74	75.18
708	9.96	40.69	70	107.82
709	68.43	16.18	72	89.57
710	134.58	108.08	72	35.51
Drivers: 11
id	x	y	end	sensitivity
680	157.32	6.33	71	1.94
681	16.99	156.27	69	1.12
682	48.71	10.02	72	1.36
683	122.61	60.96	72	1.01
684	148.13	153.55	69	0.59
685	178.34	156.71	72	1.08
686	141.57	90.08	71	0.61
687	105.94	145.77	70	1.95
688	167.56	90.55	72	0.66
689	90.45	192.75	70	0.71
690	64.56	75.72	71	1.47
Period: 70
Tasks:6
id	x	y	end	c
711	199.42	175.62	75	124.91
712	53.67	26.06	73	87.26
713	81.13	21.32	79	80.91
714	177.44	136.57	73	85.64
715	103.83	154.05	72	54.19
716	174.9	149.46	73	89.76
Drivers: 6
id	x	y	end	sensitivity
691	137.35	102.11	70	0.79
692	156.45	130.18	71	1.9
693	192.09	47.81	71	1
694	170.38	117.92	73	1.31
695	131.54	199.19	71	0.74
696	174.43	199.46	74	1.53
Period: 71
Tasks:9
id	x	y	end	c
717	42.89	170.91	75	91.05
718	183.65	111.9	74	84.49
719	78.62	74.03	76	33.64
720	122.37	79.14	76	30.59
721	143.13	77	73	48.88
722	31.3	189.44	74	112.78
723	170.52	163.22	73	94.71
724	199.56	168.33	72	120.75
725	33.04	123.95	75	71.11
Drivers: 12
id	x	y	end	sensitivity
697	47.25	187.64	72	1.98
698	123.82	173.55	71	1.82
699	100.34	133.19	73	1.06
700	159.28	67.2	73	0.54
701	155.44	197.01	74	0.76
702	44.06	129.04	73	1.73
703	163.23	80.58	73	0.73
704	123.31	145.27	71	0.83
705	133.34	116.1	74	1.9
706	195.82	191.95	74	0.94
707	61.51	149.16	74	1.78
708	137.35	73.6	72	0.81
Period: 72
Tasks:6
id	x	y	end	c
726	69.52	159.09	73	66.49
727	51.89	73.34	74	55
728	160.48	36.99	74	87.34
729	23.19	81.67	72	78.97
730	177.82	6.01	76	122.02
731	74.22	96.02	75	26.09
Drivers: 10
id	x	y	end	sensitivity
709	96.12	98.64	72	1.59
710	149.23	78.79	73	0.91
711	12.46	34.32	74	0.66
712	56	162.18	72	1.64
713	176.79	92	74	0.59
714	26.32	105.21	75	1.33
715	129.55	193.16	74	0.72
716	47.27	195.16	73	1.25
717	83.96	22.86	73	1.81
718	66.21	7.01	73	1.1
Period: 73
Tasks:9
id	x	y	end	c
732	95.29	136.69	78	36.99
733	178.71	56.55	76	89.91
734	132.96	83.72	75	36.76
735	195.5	142.98	76	104.73
736	14.53	125.53	75	89.2
737	26.74	10.01	75	116.04
738	98.88	24.82	74	75.19
739	24.3	157.04	75	94.78
740	189.41	22.07	79	118.61
Drivers: 12
id	x	y	end	sensitivity
719	138.53	189.94	75	1.41
720	38.23	155.09	77	0.92
721	58.2	111.23	75	1.45
722	156.4	45.87	74	1.89
723	49.86	177.61	76	1.81
724	40.87	69.87	77	0.8
725	141.72	8.93	74	1.7
726	126.96	105.68	74	1.88
727	171.41	148.85	73	0.6
728	67.64	116.53	75	1.01
729	156.48	109.15	75	1.71
730	121.51	146.28	77	1.51
Period: 74
Tasks:3
id	x	y	end	c
741	170.14	45.87	76	88.6
742	33.44	32.14	76	95.05
743	74.97	30.92	74	73.47
Drivers: 5
id	x	y	end	sensitivity
731	34.25	77.44	77	0.74
732	163.25	182.83	76	1.89
733	157.86	16.08	75	0.84
734	2.32	53.1	76	1.02
735	46.28	143.33	76	0.95
Period: 75
Tasks:14
id	x	y	end	c
744	108.38	75.54	78	25.86
745	148.79	12.05	76	100.58
746	21.74	191.76	77	120.6
747	126.48	43.52	77	62.38
748	180.19	80.88	76	82.44
749	33.35	26.32	80	99.35
750	69.02	46.55	77	61.78
751	88.82	33.29	76	67.64
752	125.42	186.49	75	90.15
753	1.49	119.13	76	100.35
754	153.95	172.24	78	90.16
755	120.87	15.31	77	87.22
756	102.75	17.83	77	82.22
757	24.72	46.66	75	92.26
Drivers: 11
id	x	y	end	sensitivity
736	125.43	82.62	78	1.99
737	116.21	133.22	77	0.98
738	112.39	7.6	77	1.89
739	39.93	86.75	78	1.68
740	134.69	105.66	79	1.77
741	11.85	164.89	76	1.95
742	74.88	47.84	78	1.92
743	172.14	12.64	78	1.32
744	177.71	193.34	76	1.07
745	198.3	33.23	79	1.8
746	99.35	159.64	77	0.71
Period: 76
Tasks:11
id	x	y	end	c
758	28.9	122.22	78	74.49
759	160.82	91.1	80	61.47
760	27.55	72.14	78	77.62
761	56.81	31.58	82	80.91
762	10.76	26.71	78	115.48
763	10.67	30.41	79	113.24
764	127.96	151.91	79	58.96
765	68.7	168.31	77	75.14
766	114.35	160.84	79	62.51
767	145.9	166.07	80	80.45
768	115.35	54.7	79	47.83
Drivers: 10
id	x	y	end	sensitivity
747	58.71	122.99	78	1.01
748	8.89	5.18	78	1.6
749	42.93	107.28	81	1.31
750	121.84	100.29	77	1.65
751	135.86	128.83	78	1.39
752	76.74	10.44	78	1.26
753	85.96	50.8	78	1.35
754	135.64	24.37	77	1.88
755	163.34	129.81	76	0.56
756	44.4	137.47	78	0.81
Period: 77
Tasks:9
id	x	y	end	c
769	28.32	62.58	78	80.86
770	139.12	183.81	78	92.49
771	46.1	78.53	82	58.02
772	97.3	167.68	85	67.73
773	26.3	82.88	80	75.66
774	20.98	126.56	81	83.36
775	136.46	6.42	79	100.43
776	66.93	15.1	81	91.11
777	49.26	144.51	78	67.5
Drivers: 11
id	x	y	end	sensitivity
757	188.04	4.68	79	1.97
758	185.19	58	80	1.28
759	9.88	174.7	79	1.91
760	199.9	7.24	80	0.68
761	12.42	73.21	79	1.44
762	194.12	179.97	80	1.54
763	39.54	71.89	79	1.61
764	170.35	40.96	83	0.71
765	179.39	187.62	79	1.53
766	37.28	31.63	79	1.81
767	15.03	111.33	78	1.32
Period: 78
Tasks:10
id	x	y	end	c
778	147.37	57.41	82	63.7
779	59.12	128.46	88	49.81
780	160.14	109.94	81	60.96
781	66.48	106.87	85	34.22
782	75.87	11.98	81	91.27
783	51.4	144.73	81	66.05
784	18.92	45.53	81	97.68
785	187.23	84.82	82	88.54
786	79.79	69.23	79	36.81
787	33.45	37.83	83	91.07
Drivers: 6
id	x	y	end	sensitivity
768	134.14	58.13	80	1.91
769	61.29	12.96	82	0.74
770	60.91	130.13	80	1.46
771	51.94	58.75	80	1.19
772	6.71	109.89	80	0.61
773	37.01	48.46	79	1.72
Period: 79
Tasks:11
id	x	y	end	c
788	94.12	155.48	81	55.79
789	147.96	41.26	83	75.83
790	69.3	136.96	82	48.05
791	159.29	197.77	79	114.34
792	86.22	175.79	80	77.03
793	115.65	75.23	84	29.3
794	144.65	148.68	82	66.06
795	42.1	117.54	80	60.5
796	187.72	167.85	82	110.9
797	97.64	29.06	82	70.98
798	91.25	174.07	80	74.59
Drivers: 14
id	x	y	end	sensitivity
774	190.11	37.93	80	1.84
775	7.07	11.9	83	1.25
776	92.82	15.82	81	1.51
777	124.09	97.97	80	1.17
778	124.16	11.07	80	0.58
779	192.62	32.86	79	0.72
780	6.86	104.88	82	1.4
781	14.55	102.4	82	0.88
782	85.41	43.61	80	1.57
783	72.83	114.38	81	1.21
784	45.43	81.33	82	1.51
785	9.78	67.61	79	0.51
786	78.01	34.77	82	1.98
787	138.98	184.84	81	0.52
Period: 80
Tasks:10
id	x	y	end	c
799	42.94	16.95	82	100.76
800	121.88	113.2	86	25.55
801	114.08	46.38	84	55.44
802	3.95	169.72	84	118.69
803	42.91	78.22	82	61.1
804	168.61	178.96	82	104.6
805	71.23	111.99	85	31.17
806	31.19	99.82	80	68.81
807	92.62	2.83	89	97.45
808	108.47	97.02	82	8.98
Drivers: 12
id	x	y	end	sensitivity
788	140.71	43.17	81	1.46
789	98.99	50.98	82	0.69
790	146.14	66.19	82	1.92
791	129.97	86.58	83	1.72
792	33.75	137.33	83	1.65
793	2.27	174.29	83	1.69
794	114.07	62.89	80	1.61
795	143.05	8.79	85	0.76
796	144.47	147.92	86	1.1
797	111.31	168.16	83	1.87
798	56.8	53.47	80	1.99
799	21.62	43.66	80	0.53
Period: 81
Tasks:9
id	x	y	end	c
809	117.93	24.88	82	77.23
810	159.96	141.9	86	73.15
811	81.78	181.01	82	83.03
812	105.61	168.64	86	68.87
813	75.47	140.24	84	47.13
814	33.58	43.08	84	87.47
815	167.43	154.34	82	86.6
816	142.49	185.51	84	95.48
817	141.18	198.52	83	106.78
Drivers: 11
id	x	y	end	sensitivity
800	168.01	152.51	83	1.74
801	83.07	58.57	81	1.24
802	23.94	100.1	87	1.45
803	46.29	37.76	83	0.98
804	131.14	147.12	85	1.69
805	197.84	110.21	85	1.64
806	125.66	105.33	81	0.84
807	12.04	73.86	82	1.48
808	54.75	121.68	81	0.82
809	13.66	170.48	84	1.35
810	34.85	190.69	81	1.5
Period: 82
Tasks:11
id	x	y	end	c
818	92.94	163.43	86	63.82
819	112.47	119.88	85	23.47
820	9.25	159.52	87	108.53
821	129.18	183.76	83	88.7
822	145.4	100.62	86	45.4
823	29.79	26.02	82	101.99
824	121.72	75.97	84	32.39
825	181.57	93.1	83	81.86
826	132.34	111.41	86	34.29
827	113.91	10.12	83	90.95
828	173.81	39.87	85	95.2
Drivers: 15
id	x	y	end	sensitivity
811	112.09	84.04	83	1.74
812	19.17	125.96	83	0.59
813	101.45	109.95	84	1.7
814	183.94	157.87	86	1.98
815	60	102.19	83	1.99
816	27.94	197.73	85	1.2
817	130.14	180.23	84	0.62
818	24.05	121.36	84	1.52
819	150.14	149.64	82	1.4
820	124.33	109.14	84	1.27
821	135.68	170.18	86	1.08
822	95.55	39.79	82	1.8
823	26.82	175.47	86	1.11
824	53.71	45.08	85	1
825	194.9	140.25	82	1.62
Period: 83
Tasks:8
id	x	y	end	c
829	99.02	105.92	85	6
830	66.02	3.86	84	101.97
831	49.2	32.84	88	84.21
832	184.27	31.96	87	108.31
833	169.62	106.68	83	69.94
834	57.78	199.24	86	107.85
835	18.57	155.35	86	98.46
836	157	118.82	84	60.03
Drivers: 13
id	x	y	end	sensitivity
826	58.24	9.65	85	1.3
827	144.02	141.06	83	1.65
828	173.19	22.19	83	1.67
829	141.01	17.84	86	0.71
830	12.05	11.59	84	1.86
831	44.72	30.7	85	1.52
832	14.69	2.41	86	1.2
833	63.37	56.68	90	1.14
834	12.77	126.58	85	1.83
835	156.19	98.91	84	1.2
836	24.27	16.94	85	0.96
837	174.55	62.96	85	1.82
838	78.27	82.02	86	0.78
Period: 84
Tasks:10
id	x	y	end	c
837	69.28	104.25	87	31.01
838	19.91	96.54	85	80.16
839	32.75	194.93	85	116.34
840	140.25	10.62	85	98.02
841	54.2	69.55	87	55
842	190.99	31.11	88	114.13
843	156.07	125.32	86	61.52
844	6.36	174.82	88	119.86
845	102.89	172.69	86	72.75
846	144.09	110.9	89	45.42
Drivers: 7
id	x	y	end	sensitivity
839	166.99	30.52	85	0.87
840	6.97	85.38	85	0.65
841	83.6	159.59	89	1.26
842	44.58	153.52	84	1.79
843	15.9	99.18	86	1.99
844	185.13	6.32	87	0.98
845	102.41	178.47	87	1.66
Period: 85
Tasks:12
id	x	y	end	c
847	95.1	23.94	88	76.22
848	165.43	8.34	88	112.62
849	9.17	94.88	87	90.97
850	73.58	172.48	87	77.15
851	130.18	100.86	89	30.19
852	173.98	142.59	86	85.36
853	144.19	30.85	90	82.06
854	151	44.26	88	75.55
855	132.66	9.12	89	96.57
856	120.57	58.13	86	46.65
857	150.45	19.38	88	95.1
858	106	122.53	88	23.32
Drivers: 11
id	x	y	end	sensitivity
846	21.31	174.65	89	0.88
847	177.65	199.31	85	1.66
848	57.31	54.96	85	1.8
849	134.88	101.2	86	0.69
850	36.71	13.11	86	1.15
851	34.08	147.44	86	1.25
852	38.84	16.6	90	1.07
853	172.7	41.88	88	1.03
854	3.74	191.96	88	1.27
855	66.1	65.31	88	0.8
856	95.24	126.19	88	0.59
Period: 86
Tasks:10
id	x	y	end	c
859	152.31	79.3	92	56.26
860	183.77	16.82	89	118.05
861	109.51	49.22	88	51.66
862	126.43	23.37	89	81.06
863	89.44	198.86	91	99.42
864	153.9	3.24	89	110.76
865	199.83	51.35	86	111.05
866	193.99	193.21	86	132.37
867	171.65	24.21	90	104.3
868	60.63	39.32	90	72.33
Drivers: 9
id	x	y	end	sensitivity
857	86.28	76.77	88	1.28
858	192.71	34.71	86	1.57
859	142.33	53.69	87	0.57
860	44.14	104.23	87	0.73
861	191.58	183.29	86	1.62
862	23.91	90.26	87	0.77
863	32.06	158.97	87	0.64
864	74.56	62.81	86	1.32
865	144.01	27.86	88	1.45
Period: 87
Tasks:9
id	x	y	end	c
869	16.71	100.42	89	83.29
870	138.77	74.34	90	46.49
871	71.43	137.84	91	47.41
872	96.43	24.06	89	76.02
873	47.03	103.62	90	53.09
874	180.33	21.39	88	112.39
875	198.98	65.73	93	104.74
876	37.12	70.1	92	69.63
877	55.68	14.77	91	96.06
Drivers: 13
id	x	y	end	sensitivity
866	159.11	138.16	87	0.95
867	118.82	176.38	87	1.87
868	176.83	35.09	89	1.85
869	1.92	37.36	88	1.02
870	26.22	165.2	89	0.54
871	44.31	176.69	89	1.12
872	62.98	158.17	89	0.87
873	114.35	172.63	90	1.52
874	154.42	24.41	89	1.95
875	30.29	0.43	87	1.33
876	29.93	66.76	88	0.64
877	66.51	108.49	87	1.41
878	83.03	105.26	90	1.59
Period: 88
Tasks:8
id	x	y	end	c
878	37.09	199.66	93	117.85
879	3.86	155.35	90	110.93
880	130.68	178.8	89	84.56
881	173.7	108.67	90	74.21
882	24.33	181.41	95	111.15
883	160.67	105.34	92	60.9
884	79.4	139.67	92	44.7
885	105.51	9.05	93	91.12
Drivers: 13
id	x	y	end	sensitivity
879	149.29	121.24	90	0.71
880	103.45	143.47	89	1.54
881	185.54	103.53	89	1.51
882	89.2	74.06	91	1.73
883	18.53	55.12	89	1.07
884	71.73	102.94	89	1.28
885	109.68	195.29	92	1.38
886	112.22	54.73	89	1.65
887	15.87	100.32	89	1.05
888	22.81	167.87	89	0.7
889	180.94	132.91	89	1.41
890	105.91	62.66	89	1.68
891	76.85	145.29	90	0.75
Period: 89
Tasks:11
id	x	y	end	c
886	46.11	164.02	91	83.68
887	74.89	115.52	96	29.52
888	87.21	178.56	91	79.59
889	140.69	87.93	90	42.44
890	30.9	85.62	90	70.58
891	153.94	28.34	90	89.69
892	110.04	179.5	93	80.13
893	66.8	135.35	92	48.5
894	145.99	140.51	92	61.29
895	142.33	143.76	94	60.88
896	195.35	138.44	90	102.81
Drivers: 10
id	x	y	end	sensitivity
892	115.37	33.43	92	0.61
893	60.59	119.41	89	1.73
894	16.84	178	91	1.17
895	154.95	164.74	92	1.29
896	28	166.78	92	1.52
897	166.33	149.05	94	0.56
898	176.37	88.81	89	1.58
899	136.46	30.92	91	1.84
900	111.88	162.19	92	1.19
901	75.79	172.51	92	1.91
Period: 90
Tasks:11
id	x	y	end	c
897	114.19	92.96	92	15.84
898	143.92	54.68	92	63.11
899	156.07	60.45	95	68.62
900	149.55	147.59	90	68.7
901	154	163.63	91	83.46
902	162.76	89.31	92	63.66
903	142.27	125.81	97	49.53
904	181.38	94.06	92	81.6
905	104.26	93.82	96	7.51
906	72.68	167.78	96	73.08
907	149.91	33.53	91	83.12
Drivers: 8
id	x	y	end	sensitivity
902	180.48	90.16	91	1.31
903	49.55	169.6	92	1.6
904	2.91	72.69	91	0.62
905	81.48	193.57	93	1.4
906	177.1	104.07	92	1.24
907	67.13	47.34	90	1.81
908	179.14	29.97	94	0.9
909	82.53	60.33	94	1.76
Period: 91
Tasks:7
id	x	y	end	c
908	158.62	97.4	96	58.68
909	175.01	91.94	92	75.44
910	101.77	43.96	93	56.07
911	140.7	128.81	92	49.86
912	105.22	144.95	94	45.25
913	30.06	185.87	93	110.75
914	100.25	115.36	95	15.36
Drivers: 7
id	x	y	end	sensitivity
910	198.72	9.06	93	1.12
911	107.47	111.65	96	0.54
912	197.61	91.65	93	1.74
913	169.46	79.47	92	0.96
914	192.35	158.09	93	1.09
915	111.2	86.6	93	1.23
916	105.27	155.54	97	1.28
Period: 92
Tasks:12
id	x	y	end	c
915	4.27	32.53	93	117.12
916	5.9	137.12	95	101.16
917	148.16	143.8	94	65.1
918	174.23	127.66	92	79.22
919	17.71	111.76	95	83.13
920	68.14	17.25	95	88.67
921	179.48	163	97	101.42
922	156.62	46.41	96	77.96
923	54.22	179.31	95	91.57
924	194.03	172.39	95	118.67
925	143.3	4.88	94	104.51
926	189.29	124.51	93	92.59
Drivers: 4
id	x	y	end	sensitivity
917	28.47	151.02	93	1.35
918	25.9	48.48	97	1.15
919	173.95	68.66	93	0.9
920	35.47	132.16	95	0.83
Period: 93
Tasks:13
id	x	y	end	c
927	141.05	170.72	95	81.77
928	88.04	113.73	99	18.21
929	31.09	33.07	99	96.06
930	31.78	32.49	93	95.98
931	13.1	131.92	96	92.58
932	27.06	146.4	95	86.45
933	32	172.12	95	99.12
934	188.66	81.89	98	90.49
935	96.87	156.69	95	56.78
936	140.35	51.15	97	63.36
937	21.03	188.69	95	118.75
938	116.61	134.07	98	37.9
939	35.25	124.5	97	69.23
Drivers: 7
id	x	y	end	sensitivity
921	148.83	114.53	95	1.53
922	145.27	144.17	94	1.09
923	159.37	61.97	94	0.74
924	103.68	80.18	95	1.91
925	132.37	141.24	94	1.19
926	33.52	66.34	95	1.16
927	39.89	137.53	94	1.7
Period: 94
Tasks:7
id	x	y	end	c
940	54.9	100.67	95	45.1
941	71.27	104.81	97	29.13
942	90.41	195.21	97	95.69
943	166.92	20.5	95	103.92
944	94.03	91.82	97	10.13
945	157.32	174.88	95	94.3
946	26.98	23.4	97	105.83
Drivers: 9
id	x	y	end	sensitivity
928	27.74	26.75	96	0.98
929	113.2	32.31	98	1.76
930	119.45	157.17	94	0.6
931	192.84	30.42	95	1.95
932	0.83	149.82	99	1.3
933	18.2	180.69	97	1.83
934	78.23	56.67	94	1.21
935	63.43	42.53	97	1.21
936	43.21	65.79	94	1.8
Period: 95
Tasks:6
id	x	y	end	c
947	30.09	72.62	101	75.08
948	178.27	69.06	96	84.16
949	37.77	109.79	99	63
950	125.47	153.51	97	59.26
951	188.63	12.94	95	124.24
952	151.64	92.67	98	52.16
Drivers: 7
id	x	y	end	sensitivity
937	101.79	88.47	97	1.67
938	68.83	52.54	99	1.3
939	125.43	42.14	98	1
940	149.5	55.8	97	0.92
941	96.73	139.64	96	1.93
942	176.33	91.12	98	1.85
943	61.84	129.32	97	0.88
Period: 96
Tasks:10
id	x	y	end	c
953	51.22	136.01	101	60.63
954	131.64	94.11	97	32.18
955	5.37	30.82	98	117.22
956	130.61	35.4	99	71.49
957	35.79	184.23	100	105.91
958	194.46	131.95	98	99.72
959	89.77	157.31	102	58.22
960	107.65	14.3	100	86.04
961	12.51	48.79	97	101.38
962	90.1	100.66	98	9.92
Drivers: 12
id	x	y	end	sensitivity
944	5.39	138.74	100	0.97
945	99.42	94.52	96	1.75
946	32.82	165.26	98	0.58
947	143.68	4.03	100	0.56
948	77.8	41.51	98	1.65
949	182.7	72.84	97	0.94
950	17.86	168	99	1.01
951	92.6	135.03	97	0.86
952	181.41	5.21	98	1.52
953	192.43	34.52	98	0.6
954	57.65	165.54	98	0.87
955	102.26	191.88	97	0.76
Period: 97
Tasks:11
id	x	y	end	c
963	49.64	154.15	101	73.95
964	126.29	125.82	104	36.85
965	112.69	108.75	100	15.41
966	16.58	153.61	100	99.16
967	36.52	4.89	100	114.35
968	84.59	80.06	102	25.2
969	124.33	82.01	101	30.26
970	79.83	67.54	102	38.22
971	25.83	51.21	100	88.78
972	155.32	107.76	101	55.86
973	179.63	144.74	103	91.34
Drivers: 9
id	x	y	end	sensitivity
956	140.17	7.84	99	1.87
957	193.05	183.41	97	0.88
958	52.12	97.2	101	1.52
959	91.27	189.22	99	1.9
960	5.28	28.44	98	1.96
961	43.09	151.87	99	1.44
962	65.8	17.3	98	1.76
963	48.49	49.87	98	0.75
964	75.48	170.32	98	1.5
Period: 98
Tasks:5
id	x	y	end	c
974	110.94	174.27	99	75.07
975	120.59	90.46	106	22.69
976	142.1	66.2	100	53.99
977	12.37	165.74	99	109.55
978	171.52	191.99	99	116.52
Drivers: 14
id	x	y	end	sensitivity
965	28.43	191.67	100	1.33
966	187.11	142.61	100	0.74
967	123.29	78.67	101	1.78
968	9.45	46.23	100	1.52
969	194.76	118.97	101	0.53
970	15.89	49.27	98	1.68
971	61.38	107.9	99	0.52
972	144.47	161.22	99	1.04
973	197.87	12.95	101	0.76
974	0.55	187.36	100	1.75
975	111.84	102.21	99	0.92
976	181.98	36.85	102	1.68
977	85.22	151.82	98	0.84
978	72.67	87.79	99	1.6
Period: 99
Tasks:7
id	x	y	end	c
979	18.08	110.15	103	82.55
980	167.51	2.17	99	118.86
981	56.5	23.15	102	88.31
982	107.32	180.31	103	80.64
983	59.33	89.58	102	41.98
984	111.07	51.95	100	49.31
985	188.71	120.78	102	91.11
Drivers: 6
id	x	y	end	sensitivity
979	142.68	52.8	103	1.41
980	6.03	121.42	104	1.3
981	36.13	179.98	99	1.1
982	80.67	58.04	102	0.59
983	50.65	137.18	102	1.32
984	163.27	168.17	100	1.42
Period: 100
Tasks:7
id	x	y	end	c
986	128.36	13.18	101	91.33
987	49.14	26.71	105	89.21
988	107.29	95.28	103	8.68
989	109.07	13.07	108	87.4
990	85.8	114.23	104	20.1
991	86.08	71.93	108	31.33
992	76.87	20.01	104	83.27
Drivers: 12
id	x	y	end	sensitivity
985	64.95	185.23	101	1.31
986	28.47	163.61	101	1.39
987	93.09	158.06	103	1.67
988	116.82	182.19	103	1.81
989	150.97	183.06	104	1.11
990	99.26	181.9	102	1.77
991	140.64	196.47	100	1.63
992	74.71	137.71	103	1.17
993	171.66	91.91	103	1.92
994	189.05	28.53	101	0.55
995	128.14	75.61	103	0.98
996	36.97	126.97	102	0.65
