Periods: 100
Task Arrival Rate: 10
Task Average Time: 2
Driver Arrival Rate: 10
Driver Average Time: 3
Period: 1
Tasks:13
id	x	y	end	c
1	60.4	161.39	2	73.05
2	188.89	83.48	1	90.41
3	66.35	21.73	4	85.2
4	65.91	163.78	3	72.32
5	131.1	54.42	2	55.18
6	152.69	173.77	3	90.65
7	165.85	181.36	6	104.67
8	165.32	4.78	4	115.47
9	133.01	94.29	5	33.5
10	170.09	116.08	2	71.91
11	183.05	5.32	2	125.94
12	154.77	196.2	2	110.7
13	34.67	19.97	1	103.31
Drivers: 11
id	x	y	end	sensitivity
1	194.51	17.78	4	1.14
2	117.23	14.43	7	0.77
3	73.01	53.76	5	0.76
4	162.71	189	1	1.44
5	175.36	105.48	3	0.63
6	63.34	157.47	2	1.91
7	133.83	20.31	5	1.3
8	40.67	97.31	4	1.27
9	181.55	82.5	1	1.1
10	168.76	19.41	3	0.88
11	158.85	119.99	5	0.52
Period: 2
Tasks:12
id	x	y	end	c
14	121.42	76.22	3	32
15	172.91	149.6	3	88.18
16	108.55	152.8	4	53.49
17	29.97	133.36	2	77.57
18	168.83	183.76	3	108.41
19	161.06	193.6	6	111.76
20	116.45	53.23	5	49.58
21	159.19	174.38	4	95.06
22	117.92	121.86	3	28.27
23	29.21	46.53	4	88.71
24	135.75	191.89	2	98.6
25	61.72	84.82	3	41.18
Drivers: 12
id	x	y	end	sensitivity
12	27.27	161.07	4	1.83
13	176.57	28.24	3	1.01
14	165.91	82.37	5	0.51
15	182.87	60.68	3	1.72
16	171.88	8.44	7	0.68
17	186.47	23.49	4	1.55
18	184.13	187.51	9	1.4
19	80	147.4	6	1.72
20	120.68	198.21	4	0.82
21	107.16	129.81	5	1.29
22	71.66	72.76	5	0.88
23	112.63	63.72	6	1.49
Period: 3
Tasks:9
id	x	y	end	c
26	101.7	30.75	7	69.27
27	143.42	194.02	4	103.56
28	52.87	134.58	3	58.46
29	121.23	22.38	7	80.47
30	135.98	168.22	5	77.13
31	85.19	33	5	68.62
32	71.84	4.66	7	99.41
33	77.17	40.75	3	63.5
34	42.78	147.84	7	74.58
Drivers: 12
id	x	y	end	sensitivity
24	42.55	33.72	6	1.22
25	78.29	114.72	6	0.79
26	33.68	117.97	7	1.38
27	174.3	118	7	0.59
28	5.2	146.9	5	1.77
29	22.64	76.18	4	1.58
30	70.25	3.12	6	1.35
31	136.29	0.69	7	1.66
32	108.19	141.73	4	0.77
33	124.21	19.4	6	1.66
34	20.66	82.5	9	1.67
35	191.34	177.37	7	0.65
Period: 4
Tasks:10
id	x	y	end	c
35	30.18	139.02	6	79.98
36	10.95	142.94	7	98.86
37	189.13	151.13	7	102.75
38	155.78	158.41	6	80.77
39	125.58	136.89	6	44.89
40	192.33	62.53	6	99.64
41	53.31	109.28	5	47.6
42	90.4	116.67	7	19.24
43	143.68	63.33	4	57.03
44	123.23	195.18	6	97.97
Drivers: 12
id	x	y	end	sensitivity
36	88.15	92.38	8	0.65
37	116.03	41.27	7	1.55
38	93.08	34.92	8	1.93
39	137.16	0.99	6	1.84
40	11.63	155.97	8	0.75
41	14.59	138.91	5	1.83
42	35.98	51.81	6	0.87
43	21.97	47.22	12	1.36
44	160.2	80.27	11	1.44
45	95.57	59.01	7	0.82
46	125.05	5.66	6	1.09
47	138.76	105.27	10	0.52
Period: 5
Tasks:17
id	x	y	end	c
45	59.89	176.21	7	86.12
46	78.92	89.14	7	23.71
47	9.88	82.48	8	91.81
48	23.45	144.97	6	88.78
49	3.34	97.07	7	96.7
50	107.71	142.44	7	43.13
51	125.37	13.35	8	90.29
52	72.22	168.52	7	73.94
53	168.03	41.43	5	89.77
54	114.92	34.78	6	66.9
55	75.35	186.52	6	89.96
56	3.95	60.78	6	103.75
57	196.81	17.22	5	127.38
58	24.46	65.33	8	83.12
59	122.95	117.12	5	28.63
60	64.49	11.3	8	95.54
61	191.72	166.42	7	113.24
Drivers: 10
id	x	y	end	sensitivity
48	133.55	82.04	10	1.59
49	93.84	162.64	7	1.13
50	109.51	142.32	8	1.6
51	186.99	10.54	13	1.16
52	106.77	10.53	7	0.87
53	173.62	118.89	7	1.46
54	11.06	35.99	8	1.19
55	198.23	58.34	8	0.52
56	133.45	198.13	5	1.59
57	54.38	68.74	7	1.08
Period: 6
Tasks:13
id	x	y	end	c
62	15.91	135.68	6	91.35
63	187.6	157.76	10	104.93
64	168.39	59.45	7	79.51
65	184.3	14.74	6	119.9
66	40.87	169.41	7	91.18
67	57.01	88.35	8	44.54
68	182.75	131	9	88.37
69	193.44	36.9	8	112.75
70	79.24	79.09	8	29.47
71	0.02	117.52	9	101.5
72	13.52	62.33	12	94.33
73	192.55	18.76	8	123.15
74	50.59	99.39	8	49.41
Drivers: 16
id	x	y	end	sensitivity
58	89.2	191.88	10	1.68
59	152.61	186.82	8	0.7
60	11.57	79.31	6	0.95
61	10.33	125.11	9	0.72
62	77.86	0.35	9	0.78
63	130.84	66.76	10	1.45
64	7.43	194.95	8	1.07
65	41.08	113.5	8	0.64
66	30.9	11.79	7	0.54
67	124.68	177.27	9	1.02
68	118.92	100.44	9	1.3
69	0.32	42.41	7	1.77
70	70.65	9.6	9	0.94
71	64.18	0.56	11	2
72	79.7	135.27	8	1.32
73	57.56	127.47	7	1.95
Period: 7
Tasks:12
id	x	y	end	c
75	18.02	46.19	10	98.06
76	110.18	151.14	8	52.14
77	33.95	117.3	8	68.28
78	129.09	149.77	9	57.65
79	55.44	88.88	8	45.93
80	45.07	149.69	8	74.07
81	77.04	106.81	9	23.95
82	178.37	129.26	12	83.65
83	81.8	166.66	11	69.1
84	34.27	100.6	9	65.73
85	8.53	169.37	10	114.8
86	198.66	158.52	14	114.71
Drivers: 7
id	x	y	end	sensitivity
74	107.37	182.23	11	1.61
75	86.02	88.86	9	1.81
76	189.06	80.49	10	1.74
77	119.81	18.53	10	0.85
78	100.31	152.42	11	0.88
79	7.34	37.37	7	1.64
80	116.67	85.36	9	0.86
Period: 8
Tasks:15
id	x	y	end	c
87	44.78	61.37	9	67.39
88	67.27	37.54	9	70.52
89	181.92	194.41	9	125
90	23.08	52.67	8	90.32
91	33.04	17.65	9	106.14
92	58.47	46.49	10	67.74
93	187.79	134.14	12	94.19
94	7.04	187.77	12	127.85
95	151.2	85.95	8	53.09
96	112.35	186.66	8	87.54
97	125.24	63.51	9	44.37
98	121.09	58.04	10	46.96
99	5.54	90.87	10	94.9
100	154.37	108.46	12	55.02
101	195.49	121.49	9	97.88
Drivers: 9
id	x	y	end	sensitivity
81	191.89	43.96	13	1.77
82	163.39	84.29	10	0.59
83	192.69	63.71	9	1.4
84	106.12	18.38	9	0.91
85	25.23	192.58	11	1.34
86	181.21	53.4	11	0.5
87	178.28	97.94	9	1.74
88	108.46	35.35	12	0.93
89	161.6	155.37	9	0.68
Period: 9
Tasks:13
id	x	y	end	c
102	166.99	100.85	14	67
103	45.47	134.44	10	64.5
104	90.47	64.06	11	37.18
105	42.25	25.26	11	94.45
106	90.2	74.62	10	27.21
107	88.88	35.52	9	65.43
108	51.81	104.06	12	48.36
109	72.88	26.77	11	78.09
110	50.74	18.62	10	95.13
111	178.17	124.55	12	81.93
112	188.02	147.32	11	99.93
113	45.4	51.82	11	72.82
114	119.78	56.41	11	47.87
Drivers: 8
id	x	y	end	sensitivity
90	185.79	171.78	9	1.23
91	166.98	71.44	16	1.13
92	133.36	50.93	13	0.74
93	123.01	190.04	12	0.53
94	119.64	109.98	9	1.65
95	18.96	157.56	13	1.13
96	129.56	197.5	10	1.71
97	44.1	113.19	12	1.2
Period: 10
Tasks:11
id	x	y	end	c
115	70.76	60.75	11	48.94
116	189.08	145.63	11	100.09
117	28.45	164.66	13	96.44
118	9.92	27.94	13	115.36
119	131.06	70.67	14	42.72
120	62.76	103.93	10	37.45
121	36.9	188.54	14	108.72
122	119.15	185.56	11	87.68
123	28.52	22	12	105.8
124	40.59	34.92	13	88.12
125	155.5	159.04	13	81.03
Drivers: 14
id	x	y	end	sensitivity
98	94.81	178.72	13	1.6
99	23.72	9.2	12	0.81
100	101.18	108.34	14	0.74
101	93.97	11.4	15	0.84
102	27.76	35.19	12	1.13
103	56.43	78.82	14	1.75
104	165.84	133.17	14	0.94
105	168.19	186.96	11	0.65
106	70.4	75.85	12	1.62
107	57.88	159.03	12	1.73
108	160.38	46.43	12	1.07
109	194.81	17.08	15	0.59
110	123.45	191.88	12	1.33
111	137.96	125.96	14	1.23
Period: 11
Tasks:13
id	x	y	end	c
126	135.78	135.99	13	50.75
127	174.12	45.21	12	92.17
128	151.33	73.9	12	57.58
129	187.57	35.74	13	108.62
130	186.49	111.28	12	87.22
131	25.39	5.18	12	120.65
132	147.42	165.64	12	80.98
133	80.05	92.1	14	21.46
134	128.8	19.13	15	85.85
135	93.91	80.72	14	20.22
136	104.28	151.58	13	51.76
137	126.36	88.61	14	28.72
138	92.24	16.65	12	83.71
Drivers: 9
id	x	y	end	sensitivity
112	107.24	103.41	13	1.8
113	71.95	150.5	16	1.36
114	6.17	91.43	15	1.31
115	61.21	164.28	13	1.17
116	134.55	197.12	15	0.69
117	160.56	74.31	14	1.29
118	101.41	182.94	14	0.84
119	25.12	13.96	15	1.57
120	83.57	133.69	11	1.4
Period: 12
Tasks:14
id	x	y	end	c
139	192.68	127.29	13	96.61
140	43.36	41.55	13	81.39
141	176.96	77.2	13	80.27
142	196.42	46.85	14	110.1
143	63.79	146.44	13	58.89
144	73.82	157.29	12	62.99
145	149.69	188.63	15	101.61
146	192.64	103.92	14	92.72
147	134.39	59.81	13	52.9
148	62.66	79.08	14	42.8
149	99.64	24.51	13	75.49
150	136.72	71.9	15	46.24
151	113.85	98.93	13	13.89
152	183.18	79.21	16	85.74
Drivers: 6
id	x	y	end	sensitivity
121	158.2	66.44	13	1.92
122	110.46	140.83	14	1.55
123	116.77	83.07	14	0.76
124	85.74	105.24	13	1.44
125	148.97	17.63	14	1.4
126	118.49	138.89	14	1
Period: 13
Tasks:6
id	x	y	end	c
153	169.08	54.88	16	82.51
154	198.01	8.13	13	134.34
155	66.93	45.5	15	63.75
156	141.14	41.59	15	71.44
157	88.01	83.68	14	20.25
158	83.4	15.18	18	86.43
Drivers: 14
id	x	y	end	sensitivity
127	140.94	86.58	15	0.63
128	83.04	55.1	16	1.16
129	19.69	123.48	13	1.68
130	182.19	70.89	18	0.94
131	193.79	54.68	15	0.58
132	146.89	173.21	15	1.39
133	11.86	172.63	17	1.85
134	68	21.24	14	1.65
135	3.5	155.84	14	1.74
136	157.55	142.52	18	1.16
137	134.34	75.29	16	1.79
138	40.4	35.19	15	0.96
139	127.14	45.58	17	1.25
140	153.81	172.71	18	1.73
Period: 14
Tasks:13
id	x	y	end	c
159	151.78	140.88	19	65.97
160	164.72	167.3	16	93.37
161	76.01	48.02	16	57.25
162	177.47	30.06	16	104.37
163	107.14	46.8	19	53.68
164	81.53	106.81	17	19.69
165	79.83	108.23	18	21.78
166	26.86	139.79	16	83.26
167	95.32	91.54	15	9.67
168	62.52	86.43	14	39.86
169	14.58	155.19	17	101.7
170	104.93	155.49	16	55.71
171	72.42	163.74	16	69.45
Drivers: 10
id	x	y	end	sensitivity
141	143.65	101.28	19	1.46
142	128.68	151.33	17	0.84
143	96.81	9.01	17	1.03
144	92.36	58.45	17	1.79
145	73.72	182.54	19	0.9
146	12.81	8.64	14	0.71
147	113.32	102.79	15	1.55
148	118.97	143.94	16	0.55
149	35.6	137.07	15	1.81
150	67.18	60.78	16	1.37
Period: 15
Tasks:15
id	x	y	end	c
172	90.46	78.36	15	23.65
173	20.29	83.5	17	81.4
174	69.44	162.52	16	69.59
175	52.21	115.25	20	50.16
176	17.95	68.01	15	88.07
177	62.52	88.45	19	39.22
178	110.37	128	16	29.86
179	198.98	69.75	16	103.5
180	56.78	65.31	19	55.42
181	24.62	60.73	18	85
182	7.24	169.1	16	115.67
183	58.02	125.25	18	48.99
184	172.05	82.96	18	74.04
185	80.69	25.17	19	77.28
186	155.41	22	18	95.68
Drivers: 14
id	x	y	end	sensitivity
151	120.62	106.27	16	0.64
152	13.46	195.7	17	1
153	112.26	66.13	18	1.91
154	89.01	147.3	17	1.06
155	90.46	186.23	17	1.85
156	190.86	177.5	16	1.65
157	100.02	56.4	18	1.05
158	64.5	172.96	17	1.8
159	162.18	16.9	21	0.69
160	131.93	153.57	17	1.69
161	172.78	58.08	17	0.56
162	186.95	188.25	17	0.9
163	188.05	53.71	17	1.28
164	92.14	23.7	17	1.91
Period: 16
Tasks:12
id	x	y	end	c
187	41.84	121.27	17	61.93
188	35.84	110.75	16	65.05
189	135	169.57	18	77.88
190	28.37	164.29	18	96.25
191	196.37	81.67	17	98.1
192	71.21	77.18	16	36.74
193	118.88	74.85	20	31.45
194	55.95	5.02	17	104.7
195	97.24	39.8	22	60.26
196	84.35	38.38	18	63.58
197	101.61	183.09	17	83.11
198	165.09	40.97	17	87.87
Drivers: 13
id	x	y	end	sensitivity
165	35.63	49.39	18	1.51
166	97.86	108.4	19	1.57
167	78.81	137.05	19	0.85
168	115.09	154.01	18	0.66
169	72.29	138.69	18	0.56
170	174.44	157.03	18	1.62
171	155.27	42.29	19	1.82
172	160.16	167.59	17	1.64
173	102.82	120.39	18	1.39
174	132.84	9.96	17	1.02
175	69.42	166.76	23	1.86
176	103.3	115.3	18	1.92
177	159.76	18.62	18	1.72
Period: 17
Tasks:6
id	x	y	end	c
199	61.96	185.33	20	93.43
200	72.65	70.73	20	40.06
201	97.19	46.02	18	54.05
202	89.34	36.58	18	64.31
203	176.49	143.52	18	88
204	8.45	1.43	20	134.53
Drivers: 13
id	x	y	end	sensitivity
178	6.3	21.74	19	0.93
179	179.11	141.63	19	1.88
180	191.52	79.74	24	1.77
181	149.82	140.64	20	1.3
182	84.66	121.64	20	1.79
183	187.31	132.53	18	1.37
184	62.96	39.29	19	0.88
185	78.69	155.29	18	1.58
186	81.25	25.92	19	0.55
187	147.14	59.67	20	0.84
188	186.51	173.19	19	1.3
189	81.11	29.54	20	0.59
190	24.63	151.96	25	1.39
Period: 18
Tasks:10
id	x	y	end	c
205	77.97	8.97	21	93.66
206	58.46	80.24	21	46
207	89.55	55.94	22	45.28
208	171.94	96.51	21	72.02
209	55.99	128.96	19	52.68
210	70.69	197.02	22	101.35
211	73.13	27.85	20	76.99
212	82.73	192.86	22	94.45
213	38.45	130.39	20	68.64
214	150.09	51.62	22	69.64
Drivers: 11
id	x	y	end	sensitivity
191	100.76	131.53	23	1.68
192	116.29	136.92	19	0.54
193	83.38	46.03	22	1.29
194	139.94	178.87	23	1.27
195	119.78	49.77	20	0.99
196	159.22	13.79	20	1.88
197	148.44	29.75	18	1.37
198	172.5	91.46	21	1.47
199	107.79	171.34	26	1.93
200	65.95	52.09	20	0.51
201	70.26	187.41	23	1.1
Period: 19
Tasks:14
id	x	y	end	c
215	91.36	49.35	22	51.38
216	42.14	69.8	21	65.27
217	100.62	90.03	20	9.99
218	144.43	39.55	20	75.02
219	48.41	130.28	20	59.82
220	68.58	177.15	20	83.3
221	87.49	27.39	20	73.68
222	174.65	121.35	19	77.64
223	64.83	43.67	20	66.41
224	157.71	136.62	20	68.35
225	132.7	18.71	22	87.62
226	1.85	177.19	19	124.87
227	172.28	43.2	23	91.93
228	18.34	33.95	21	105.03
Drivers: 8
id	x	y	end	sensitivity
202	115.09	103.84	21	1.08
203	145.8	113.3	22	1.42
204	8.51	134.25	24	0.6
205	160.18	89.16	21	1.48
206	9.16	30.44	24	1.02
207	128.16	147.24	22	0.96
208	157.71	48.78	22	1.41
209	146.08	0.88	20	0.7
Period: 20
Tasks:9
id	x	y	end	c
229	185.98	56.81	24	96.22
230	157.34	176.26	22	95.41
231	143.79	2.2	20	107.16
232	60.98	3.1	20	104.46
233	105.33	0.64	20	99.5
234	32.08	94.55	22	68.14
235	83.17	83.9	21	23.29
236	100.83	140.48	23	40.49
237	161.37	54.66	20	76.3
Drivers: 12
id	x	y	end	sensitivity
210	167.3	15.28	21	1.45
211	75.16	60.92	21	0.71
212	124.44	49.9	24	0.99
213	134.98	20.48	21	1.75
214	83.7	8.86	21	1.5
215	45.73	191.21	22	1.02
216	183.33	37.79	24	1.37
217	147.75	162.13	23	1.43
218	106.97	167.52	23	1.83
219	129.52	92.09	24	1.48
220	60.19	34.96	23	1.52
221	111.69	58.22	22	0.81
Period: 21
Tasks:14
id	x	y	end	c
238	20.56	97.1	21	79.49
239	50.85	25.24	22	89.47
240	16.27	12.01	26	121.46
241	59.95	80.96	24	44.35
242	77.68	69.37	21	37.9
243	83.05	51.77	23	51.12
244	43.32	183.31	25	100.76
245	122.48	114.71	24	26.87
246	51.34	165.46	23	81.56
247	181.8	90.63	25	82.33
248	24.86	138.66	25	84.5
249	128.9	197.1	23	101.31
250	78.14	149.05	23	53.7
251	80.04	69.58	24	36.38
Drivers: 15
id	x	y	end	sensitivity
222	8.2	165.47	27	1.11
223	89.22	141.67	26	1.34
224	75.94	23.27	25	0.82
225	106.25	48.43	26	1.04
226	167.59	186.63	25	1.7
227	73.56	173.42	23	0.94
228	187.19	144.81	24	1.18
229	91.5	95.18	24	0.85
230	108.31	60.18	24	1.25
231	155.07	104.73	24	1.36
232	115.59	20.18	26	0.61
233	86.27	186.6	25	1.25
234	86.55	62.2	21	0.85
235	170.82	26.8	25	1.28
236	38.13	46.96	24	0.6
Period: 22
Tasks:12
id	x	y	end	c
252	186.84	131.23	23	92.28
253	5.33	116.91	26	96.17
254	20.28	163.21	24	101.74
255	72.61	89.01	24	29.51
256	115.9	173.26	24	74.97
257	58.27	80.56	26	46.04
258	95.79	163.89	23	64.03
259	127.92	72.92	27	38.9
260	113.99	185.75	25	86.88
261	125.12	115.18	26	29.35
262	178.18	62.38	23	86.76
263	68.19	95.13	24	32.18
Drivers: 12
id	x	y	end	sensitivity
237	122.6	153.81	23	1.15
238	163.74	127.28	25	0.76
239	23.43	2.42	23	1.07
240	54.83	64.4	26	1.45
241	54.52	140.28	23	1.82
242	150.56	30.61	25	1.8
243	50.84	111.93	26	1.77
244	164.11	193.59	24	1.22
245	52.46	136.81	24	0.62
246	163.59	89.26	24	0.57
247	162.11	185.2	25	1.36
248	46.79	197.81	23	0.89
Period: 23
Tasks:7
id	x	y	end	c
264	185.42	97.18	24	85.47
265	179.15	172.04	24	107.03
266	114.46	151.25	24	53.25
267	70.2	33.23	27	73.12
268	188.61	52.16	26	100.7
269	31.29	90.75	23	69.33
270	21.91	46.98	25	94.39
Drivers: 17
id	x	y	end	sensitivity
249	31.3	155.54	28	1.33
250	124.34	16.81	26	1.88
251	26.72	16.81	24	1.78
252	31.94	145.21	27	1.41
253	66.74	72.03	24	1.27
254	191.62	135.42	25	0.67
255	134.81	40.6	27	0.72
256	51.51	140.9	28	1.69
257	142.47	82.47	26	1.29
258	149.95	192.45	25	1.06
259	37.59	178.31	28	1.4
260	76.44	171.46	24	1.93
261	161.69	108.7	26	0.94
262	11.99	132.74	25	1.82
263	155.43	6.2	26	1.71
264	153.27	87.39	25	1.82
265	154.61	95.79	29	1.53
Period: 24
Tasks:12
id	x	y	end	c
271	173.66	33.37	26	99.32
272	151.6	111.57	24	52.88
273	151.13	152.33	27	73.16
274	120.69	137.88	24	43.16
275	19.93	180.29	26	113.39
276	161.4	164.13	26	88.78
277	1.68	198.61	26	139.25
278	45.12	60.47	26	67.63
279	87.82	188.08	28	88.92
280	5.81	35.87	25	113.95
281	19.05	156.45	24	98.69
282	199.45	167.3	26	120.08
Drivers: 10
id	x	y	end	sensitivity
266	79.92	192.04	28	1.9
267	181.07	47.9	26	1.63
268	132.22	159.36	25	1.18
269	84.58	161.52	26	1.14
270	151.82	148.94	26	1.41
271	79.7	17.19	27	1.47
272	45.66	92.06	31	1.72
273	124.38	8.28	27	0.53
274	117.85	86.73	29	0.97
275	66.42	5.61	30	1.93
Period: 25
Tasks:11
id	x	y	end	c
283	159.65	50.31	27	77.64
284	79.56	82.87	27	26.67
285	187.17	168.03	26	110.57
286	124.44	196.87	27	99.91
287	17.62	143.38	27	93.1
288	110.9	49.2	26	51.96
289	95.42	6.89	28	93.22
290	137.28	29.46	26	79.79
291	100.27	40.05	28	59.95
292	80.82	77.58	29	29.5
293	59.71	133.44	28	52.36
Drivers: 8
id	x	y	end	sensitivity
276	176.24	98.02	26	1.22
277	168.75	187.22	26	0.95
278	19.41	173.28	31	0.87
279	184.06	65.21	29	1.98
280	150.61	178.22	29	0.57
281	152.48	45.39	26	0.73
282	87.91	84.27	28	1.89
283	40	118.41	26	1.09
Period: 26
Tasks:13
id	x	y	end	c
294	1.99	38.5	26	115.71
295	155.72	127.82	29	62.28
296	193.45	88.24	27	94.19
297	67.56	14.23	30	91.7
298	10.85	23.16	28	117.69
299	0.79	82.01	26	100.83
300	121.76	130.95	29	37.83
301	41.52	195.2	30	111.73
302	53.96	169.83	27	83.64
303	112.99	49.23	28	52.41
304	146.04	196.2	27	106.65
305	55.69	185.1	26	95.94
306	83.55	112.76	27	20.82
Drivers: 11
id	x	y	end	sensitivity
284	62.5	38.87	29	1.93
285	14.24	49.16	27	0.98
286	196.1	192.79	28	0.92
287	147.83	128.33	29	0.74
288	77.34	118.64	31	0.85
289	117.57	72.61	29	1.47
290	162.35	120.99	27	1.52
291	65.24	44.55	31	0.87
292	58.03	76.39	29	0.55
293	185.37	88.53	31	1.45
294	166.05	75.43	30	1.63
Period: 27
Tasks:13
id	x	y	end	c
307	102.99	113.71	28	14.03
308	156.44	165.71	30	86.62
309	186.63	108.04	28	87
310	141.48	83.87	34	44.51
311	25.92	15.73	30	112.2
312	169.87	108.85	30	70.43
313	187.08	141.77	30	96.58
314	127.48	24.52	32	80.33
315	69.22	136.15	28	47.48
316	77.91	55.92	30	49.31
317	120.73	99.58	29	20.73
318	166.82	167.48	30	94.97
319	15.1	15.66	29	119.67
Drivers: 12
id	x	y	end	sensitivity
295	15.12	157.32	29	1.86
296	53.78	89.85	29	1.11
297	155.9	101.85	27	0.65
298	168.39	84.38	34	1.58
299	168.19	128.22	30	0.86
300	165.14	7.87	32	0.68
301	43.1	183.96	33	1.71
302	107.95	107.1	30	0.73
303	119.64	172.04	30	1.47
304	168.02	180.83	30	1.73
305	42.38	57.64	29	1.42
306	37.71	134.26	29	1.05
Period: 28
Tasks:11
id	x	y	end	c
320	62.84	66.77	31	49.85
321	49.54	59.83	29	64.5
322	130.66	83.03	29	35.04
323	150.68	33.65	29	83.49
324	87.4	148.52	32	50.13
325	197.33	37.34	30	115.76
326	18.29	20.09	29	114.29
327	188.97	106.42	29	89.2
328	60.94	103.05	31	39.18
329	198.21	125.21	29	101.39
330	147.17	78.5	30	51.84
Drivers: 14
id	x	y	end	sensitivity
307	108.86	50.73	33	0.86
308	49.12	26.38	29	0.83
309	69.46	25.37	31	1.12
310	127.47	7.2	30	1.98
311	31.52	4.05	30	1.13
312	56.06	50.99	33	1.61
313	158.13	119.73	33	0.92
314	154.79	71.61	29	1.61
315	180.79	192.28	30	0.86
316	194.5	192.06	33	1.01
317	67.52	105.83	31	0.92
318	183.68	158.36	29	0.89
319	63.47	64.71	34	1.89
320	53.59	2.98	31	0.91
Period: 29
Tasks:10
id	x	y	end	c
331	130.54	158.43	33	65.93
332	176.01	6.36	29	120.61
333	62.68	11.68	32	95.88
334	85.39	57.36	35	45.07
335	16.79	63	34	91.07
336	110.39	179.06	31	79.74
337	72.54	183.27	32	87.68
338	50.79	146.11	31	67.44
339	149.54	107.21	29	50.06
340	43.11	114.69	30	58.76
Drivers: 8
id	x	y	end	sensitivity
321	159.23	104.36	31	0.76
322	19.36	15.54	33	0.51
323	189.74	45.66	30	1.31
324	100.2	99.28	33	1.9
325	7.94	152.07	32	1.27
326	26.45	81.33	31	1.48
327	132.15	197.44	30	1.48
328	57.79	177.23	32	1.9
Period: 30
Tasks:10
id	x	y	end	c
341	9.51	185.46	31	124.47
342	13.12	146.01	31	98.31
343	181.11	28.94	30	107.83
344	128.73	30.32	32	75.37
345	22.21	117.07	34	79.64
346	65.1	198.6	32	104.59
347	66.33	159.81	32	68.64
348	159.51	65.3	31	68.89
349	39.65	21.08	33	99.35
350	116.52	2.56	31	98.83
Drivers: 11
id	x	y	end	sensitivity
329	138.35	176.13	32	1.55
330	66.46	49.21	32	1.85
331	98.36	61.25	31	0.76
332	145.15	97.11	32	0.85
333	84.65	130.79	32	1.04
334	47.5	102.74	34	1.71
335	96.31	34.89	34	1.08
336	101.4	25.68	34	1.39
337	106.26	115.41	31	1.02
338	13.41	80.97	37	0.56
339	143.09	106.91	38	0.71
Period: 31
Tasks:8
id	x	y	end	c
351	108.41	60.9	33	39.99
352	187.84	42.57	35	104.95
353	165.18	128.17	34	71.01
354	193.85	131.57	33	99.02
355	183.84	12.48	37	121.2
356	102.99	17.61	32	82.44
357	175.74	199.03	32	124.67
358	152.75	114.49	32	54.7
Drivers: 9
id	x	y	end	sensitivity
340	125.3	194.54	35	0.74
341	119.94	121.73	37	0.55
342	41.64	187.26	34	1.1
343	21.69	64.68	32	1.91
344	84.14	108.15	34	0.71
345	189.31	140.34	34	1.09
346	144.91	3.16	36	0.5
347	175.29	52.57	31	1.48
348	53.48	32.83	34	0.53
Period: 32
Tasks:7
id	x	y	end	c
359	59.1	67	34	52.55
360	90.07	76.65	34	25.37
361	1.35	106.16	33	98.84
362	164.16	138.91	34	75.04
363	56.45	52.9	35	64.15
364	55.45	180.6	32	92.09
365	136.38	155.75	35	66.57
Drivers: 11
id	x	y	end	sensitivity
349	192.72	3.91	36	1.86
350	150.29	85.79	37	1.36
351	117.27	63.52	36	1.95
352	181.69	179.68	33	1.91
353	192.13	179.42	33	0.68
354	180.03	113.01	35	1.37
355	124.73	198.65	33	1.1
356	147.57	165.67	34	1
357	99.9	149.81	35	0.51
358	59.77	100.43	34	1.54
359	124.96	76.48	36	1.47
Period: 33
Tasks:6
id	x	y	end	c
366	197.26	45.68	36	111.4
367	52.54	97.11	35	47.55
368	68.6	190.15	36	95.46
369	170.8	16.76	37	109.28
370	45.77	40.17	37	80.75
371	70.69	69.4	36	42.37
Drivers: 20
id	x	y	end	sensitivity
360	27.34	159.22	39	1.65
361	151.23	110.35	36	1.56
362	121.73	119.75	33	1.43
363	57.19	106.94	35	1.36
364	136	27.58	37	1.96
365	156.29	133.67	34	1.58
366	162.06	74.01	36	1.88
367	1.63	124.92	35	1.21
368	133.87	91.38	38	1.25
369	195.93	20.57	34	0.87
370	177.62	169.86	35	1.12
371	166.01	64.9	33	1.27
372	184.84	143.32	36	1.29
373	179.39	138.35	35	0.61
374	30.08	191.16	34	1.15
375	85.65	158.08	36	1.56
376	178.34	120.87	36	1.55
377	53.37	91.65	35	1.78
378	101.96	55.87	37	1.31
379	6.29	165.87	40	1.03
Period: 34
Tasks:11
id	x	y	end	c
372	110.17	146.13	36	47.24
373	93.22	122.08	36	23.1
374	114.51	192.36	36	93.49
375	60.36	153.99	37	66.98
376	100.63	98.62	37	1.52
377	165.12	76.62	40	69.19
378	19.64	6.84	35	123.03
379	19.41	63.52	38	88.46
380	94.22	176.1	37	76.32
381	91.26	154.79	38	55.48
382	89.48	13.7	36	86.94
Drivers: 15
id	x	y	end	sensitivity
380	173.16	106.48	35	1.97
381	57.44	111.76	36	1.15
382	72.42	192.54	39	1.49
383	40.58	98.6	38	1.34
384	105.84	70.16	36	1.87
385	46.48	199.42	35	0.67
386	124.58	123.2	35	1.28
387	46.28	113	36	1.83
388	24.31	94.31	36	1.18
389	16.69	139.59	36	1.23
390	32.29	103.29	35	0.96
391	86.01	106.51	41	1.02
392	66.98	41.3	35	1.94
393	18.57	90.89	38	0.93
394	87.15	156.76	36	1.8
Period: 35
Tasks:5
id	x	y	end	c
383	7.74	142.13	41	101.42
384	140.55	104.71	37	40.82
385	152.52	74.66	37	58.31
386	79.05	146.02	36	50.56
387	16.75	196.51	39	127.45
Drivers: 6
id	x	y	end	sensitivity
395	99.69	129.25	39	1.08
396	4.71	88.55	37	0.56
397	188.45	57.49	37	1.89
398	19.21	121.95	37	1.71
399	41.58	109.34	38	1.27
400	127.75	6.43	37	1.72
Period: 36
Tasks:7
id	x	y	end	c
388	181.43	58.63	36	91.34
389	35.73	79.16	38	67.56
390	109.46	182.1	38	82.64
391	57.31	148.99	36	64.98
392	92.6	90.14	41	12.33
393	146.06	145.25	38	64.57
394	124.12	67.69	38	40.32
Drivers: 10
id	x	y	end	sensitivity
401	168.78	111.28	40	1.87
402	163.98	184.25	38	0.6
403	43.41	16.45	41	0.6
404	95.01	177.59	39	0.69
405	171.84	97.73	38	1.85
406	199.77	41.25	42	1.94
407	74.72	69.66	40	0.77
408	150.24	117.41	37	1.88
409	63.5	93.3	39	1.41
410	69.89	125.77	38	1.9
Period: 37
Tasks:13
id	x	y	end	c
395	15.55	152.39	40	99.38
396	60.14	49.45	39	64.37
397	58.31	123.01	39	47.62
398	91.87	135.26	40	36.19
399	18.2	93.92	41	82.03
400	178.37	52.4	37	91.69
401	159.41	178.43	42	98.39
402	29.55	65.51	38	78.44
403	123.52	198.5	39	101.27
404	86.83	91.36	39	15.75
405	64.51	33.46	37	75.41
406	30.64	117.82	37	71.61
407	154.51	173.52	38	91.52
Drivers: 5
id	x	y	end	sensitivity
411	56.72	103.61	39	0.99
412	21.94	130.71	42	0.67
413	197.42	68.25	41	0.75
414	76.53	183.06	38	1.06
415	18.79	24.74	41	1.28
Period: 38
Tasks:9
id	x	y	end	c
408	147.86	173.3	40	87.54
409	90.85	143.75	39	44.7
410	164.45	48.85	39	82.28
411	5.86	147.47	39	105.43
412	84.31	61.66	40	41.43
413	40.07	2.63	40	114.34
414	88.48	114.75	42	18.72
415	94.49	84	43	16.92
416	65.09	132.03	40	47.38
Drivers: 7
id	x	y	end	sensitivity
416	98.32	68.95	39	1.24
417	39.59	179.26	40	0.61
418	10.43	165.45	43	0.7
419	9.27	100.45	40	0.7
420	18.44	119.8	39	1.08
421	16.5	192.53	40	1.07
422	138.25	176.54	41	1.54
Period: 39
Tasks:11
id	x	y	end	c
417	15.48	174.01	41	112.34
418	27.21	179.21	40	107.58
419	159.56	7.34	43	110.15
420	109.97	110.19	40	14.26
421	75.78	43.53	40	61.44
422	14.34	144.95	40	96.74
423	28.28	97.82	40	71.75
424	82.17	160.6	42	63.17
425	164.69	55.48	42	78.53
426	17.47	134.04	41	89.27
427	55.53	124.79	40	50.91
Drivers: 11
id	x	y	end	sensitivity
423	31.56	140.12	43	1.97
424	17.92	47.66	41	1.17
425	55.59	26.59	41	1.19
426	114.57	151.6	41	1.3
427	154.36	73.41	41	0.88
428	28.1	26.07	41	1.21
429	155.69	31.89	43	1.92
430	136.7	67.81	43	1.44
431	2.46	155.49	42	0.92
432	64.57	68.58	43	0.61
433	16.5	127.43	43	1.55
Period: 40
Tasks:8
id	x	y	end	c
428	161.2	8.43	42	110.14
429	30.5	190.89	41	114.42
430	9.87	7.41	40	129.21
431	38.73	123.13	41	65.49
432	68.76	119.83	40	37
433	183.17	82.73	44	84.94
434	27.89	161.27	40	94.62
435	107.55	169.54	41	69.95
Drivers: 18
id	x	y	end	sensitivity
434	185.67	79.59	43	0.89
435	129.8	130.95	43	0.98
436	181.04	183.64	42	0.89
437	169.08	56.27	41	0.75
438	175.72	163.43	43	1.98
439	103.28	133.96	42	1.75
440	116.17	13.33	43	0.57
441	33.65	96.3	43	1.88
442	128.54	36.56	43	1.04
443	158.63	55.13	43	1.87
444	63.76	85.73	41	0.62
445	161.49	18.68	42	1.12
446	16.99	63.57	43	1.7
447	45.89	20.54	41	1.01
448	119.53	83.7	44	1.08
449	147.79	180.3	44	1.36
450	164.5	60.11	45	1.86
451	17.13	180.72	43	0.51
Period: 41
Tasks:5
id	x	y	end	c
436	169.34	102.7	42	69.39
437	51.59	40.4	46	76.78
438	155.97	97.49	41	56.03
439	78.81	118.84	42	28.35
440	75.18	105.19	43	25.36
Drivers: 9
id	x	y	end	sensitivity
452	146.86	140.99	43	0.72
453	126.26	154.76	44	0.52
454	48.5	177.56	44	0.99
455	115.7	85.94	44	1.9
456	120.17	49.14	42	0.65
457	65.32	183.17	43	1
458	12.73	92.59	44	0.83
459	126.11	80.57	43	1.36
460	156.31	45.27	44	1.68
Period: 42
Tasks:13
id	x	y	end	c
441	85.91	145.68	44	47.8
442	100.27	41.68	44	58.32
443	128.68	15.16	45	89.56
444	22.07	89.56	44	78.63
445	15.97	179.18	43	115.46
446	159.15	126.65	44	64.88
447	95.13	103.78	44	6.16
448	91.2	187.15	42	87.59
449	98.86	192.03	46	92.04
450	66.8	148.42	44	58.71
451	32.01	124.96	42	72.43
452	137.75	39.21	43	71.56
453	128.87	110.89	45	30.86
Drivers: 13
id	x	y	end	sensitivity
461	60.02	88.14	43	0.7
462	102.44	179.89	46	1.76
463	129.95	76.89	42	1.29
464	78.12	42.12	43	1.47
465	160.01	97.59	46	1.21
466	52.1	63.95	44	0.85
467	33.66	9.35	46	1.08
468	126.99	184.26	44	0.66
469	79.85	101.87	46	1.92
470	104.41	0.12	46	1.42
471	89.93	193.41	46	1.3
472	29.75	1.7	44	0.68
473	18.59	0.65	46	1.86
Period: 43
Tasks:5
id	x	y	end	c
454	134	53.96	45	57.23
455	38.04	172.94	46	95.7
456	119	19.82	44	82.4
457	94.36	192.99	45	93.16
458	189.92	184.16	43	123.16
Drivers: 11
id	x	y	end	sensitivity
474	171.84	27.68	46	1.33
475	31.13	74.33	48	1.66
476	140.45	54.48	47	1.7
477	186.15	132.81	43	1.53
478	105.31	33.83	46	1.44
479	156.04	188.82	48	0.57
480	49.15	38.67	45	1.17
481	28.93	188.9	48	1.72
482	77.75	108.38	47	0.59
483	115.37	43.45	43	1.09
484	199.08	36.34	47	1.65
Period: 44
Tasks:7
id	x	y	end	c
459	4.04	143.7	46	105.44
460	79.17	198.4	46	100.58
461	22.77	92.79	45	77.57
462	35.57	127.55	49	70.07
463	83.36	188.13	47	89.69
464	53.96	13.78	45	97.74
465	157.83	192.9	44	109.43
Drivers: 11
id	x	y	end	sensitivity
485	6.06	97.11	46	1.93
486	6.77	135.9	47	0.96
487	72.13	27.6	45	1.24
488	96.52	113.53	44	1.75
489	170.09	156.12	45	1.68
490	77.85	122.59	51	1.9
491	58.27	105.65	48	1.92
492	83.22	144.48	47	1.67
493	41.78	146.35	50	1.13
494	129.41	12.76	48	1.34
495	98.18	67.94	47	1.56
Period: 45
Tasks:8
id	x	y	end	c
466	106.27	175.14	46	75.4
467	110.17	133.75	47	35.25
468	189.94	106.25	50	90.16
469	136.75	173.95	47	82.58
470	47.61	174.2	47	90.83
471	79.55	25.65	46	77.11
472	78.73	25.53	47	77.45
473	169.86	137.22	45	79.16
Drivers: 12
id	x	y	end	sensitivity
496	7.65	39.23	46	0.89
497	107.66	71.87	46	1.65
498	115.59	58.23	48	1.56
499	112.02	124.43	51	1.09
500	14.69	132.75	46	0.9
501	23.81	151.23	46	0.84
502	51.55	62.26	49	0.95
503	189.84	65.44	48	0.61
504	164.6	179.29	48	0.52
505	92.18	76.93	49	1.93
506	90.58	9.17	47	0.8
507	80.69	147.45	46	1.88
Period: 46
Tasks:13
id	x	y	end	c
474	61.76	74.44	47	46
475	59.67	88.49	49	41.94
476	152.13	36.66	49	82.03
477	34.48	25.94	51	98.88
478	90.03	34.84	46	65.92
479	188.98	190.2	50	126.7
480	57.94	115.94	47	44.98
481	190.98	110.66	50	91.6
482	17.01	69.93	47	88.27
483	60.27	106.07	49	40.19
484	144.53	108.35	48	45.31
485	40.37	99.16	49	59.64
486	48.66	58.66	50	65.92
Drivers: 4
id	x	y	end	sensitivity
508	11.74	20.08	49	1.39
509	176.66	26.8	47	0.81
510	36.24	118.58	50	1.87
511	128.33	28.77	48	0.98
Period: 47
Tasks:8
id	x	y	end	c
487	32.95	82.91	49	69.19
488	65.23	29.34	51	78.75
489	121.61	99.21	50	21.62
490	112.55	174.11	48	75.17
491	175.5	141.87	48	86.33
492	4.25	33.13	48	116.79
493	110.52	106.69	48	12.47
494	159.01	184.58	51	103.13
Drivers: 12
id	x	y	end	sensitivity
512	57.93	92.04	54	1.46
513	72.01	46.19	48	1.81
514	175.22	95.84	48	1.69
515	120.8	102.04	54	1.79
516	118.73	89.99	50	0.82
517	109.97	84.25	54	1.47
518	178.65	97.57	49	0.56
519	192.26	72.47	51	1.49
520	6.75	112.89	49	0.68
521	8.05	7.41	49	1.19
522	150.23	100.64	50	1.87
523	32.87	88.63	51	1.68
Period: 48
Tasks:11
id	x	y	end	c
495	56.47	57.18	49	61.06
496	36.73	21.39	49	100.91
497	176.73	14.95	52	114.55
498	23.06	131.3	51	83.06
499	185.84	35.27	51	107.51
500	61.12	1.31	52	106.07
501	37.56	8.97	50	110.39
502	100.45	162.06	49	62.06
503	74.77	46.76	50	58.92
504	152.87	166.99	52	85.34
505	41.45	178.35	51	97.81
Drivers: 8
id	x	y	end	sensitivity
524	181.74	95.29	49	1.74
525	156.89	166.91	50	1.89
526	33.35	139.34	61	1.52
527	112.18	76.44	51	1.61
528	56.48	42.93	51	1.06
529	167.11	9.66	50	1.1
530	132.83	188.76	48	1.57
531	199.75	2.28	52	1.39
Period: 49
Tasks:7
id	x	y	end	c
506	150.99	87.93	51	52.4
507	158.48	111.53	51	59.61
508	137.2	43.08	52	68
509	5.9	175.83	52	120.85
510	57.44	87.54	53	44.35
511	130.07	17.05	50	88.23
512	77.38	111.59	51	25.42
Drivers: 9
id	x	y	end	sensitivity
532	64.99	37.38	53	1.93
533	44.66	43.53	51	0.69
534	46.37	61.59	57	0.97
535	101.33	16.94	49	1.39
536	87.48	7.74	53	0.92
537	9.32	75.56	55	1.91
538	119.68	193.37	50	1.84
539	92.53	193.23	53	0.59
540	123.72	52.81	55	1.46
Period: 50
Tasks:8
id	x	y	end	c
513	142.35	53.1	51	63.19
514	155.34	105.34	51	55.6
515	107.46	75.77	51	25.35
516	90.94	26.62	52	73.94
517	116.73	13.77	53	87.84
518	147.89	2.33	50	108.78
519	147.92	93.6	51	48.35
520	30.75	144.18	50	82.14
Drivers: 7
id	x	y	end	sensitivity
541	19.37	170.33	52	1.17
542	96.28	23.99	53	0.91
543	12.92	146.01	53	1.78
544	187.12	55.62	51	0.96
545	14.16	6.95	54	1.95
546	18.8	158.95	55	1.22
547	44.63	119.73	54	0.68
Period: 51
Tasks:6
id	x	y	end	c
521	199.7	74.18	51	102.99
522	194.26	25.29	52	120.28
523	77.94	108.44	54	23.62
524	78.57	12.44	53	90.14
525	50.9	184.94	55	98.11
526	24.35	191.5	52	118.72
Drivers: 6
id	x	y	end	sensitivity
548	26.78	150.21	56	1.59
549	73.23	1.53	56	1.49
550	122.33	149.81	53	0.99
551	2.77	4.89	51	0.76
552	193.39	49.06	53	0.72
553	1.23	67.58	53	0.86
Period: 52
Tasks:14
id	x	y	end	c
527	133.08	175.14	55	82.1
528	40.51	97.09	53	59.56
529	75.82	85.51	54	28.19
530	195.66	54.17	53	106.07
531	147.21	17.42	54	95.12
532	62.96	101.32	56	37.06
533	143.13	68.93	58	53.16
534	74.62	86.82	54	28.6
535	192.14	193.05	55	130.95
536	114.56	157.58	53	59.39
537	192.44	11.89	57	127.7
538	72.63	143.64	56	51.51
539	4.43	76.49	56	98.42
540	31.61	29.52	53	98.21
Drivers: 9
id	x	y	end	sensitivity
554	98.66	78.03	55	0.57
555	76.66	185.4	57	1.1
556	17.69	100.58	55	1.79
557	151.54	41.34	54	1.28
558	86.37	130.74	56	0.92
559	96.28	129.5	56	0.81
560	88.52	2.91	52	0.93
561	75.63	149.68	54	1.2
562	150.12	12.38	55	0.78
Period: 53
Tasks:6
id	x	y	end	c
541	19.85	123.85	58	83.62
542	102.12	63.59	57	36.47
543	144	88.98	56	45.36
544	38.98	81.02	53	63.9
545	111.7	79	55	24.04
546	92.14	62.54	53	38.28
Drivers: 11
id	x	y	end	sensitivity
563	124.65	10.19	54	0.58
564	79.37	151.24	55	0.91
565	80.64	9.18	57	1.8
566	38.41	39.32	55	1.54
567	166.33	131.17	56	1.61
568	138.07	42.2	57	1
569	130.91	36.03	60	1.49
570	148.48	144.44	54	1.98
571	52.01	160.53	58	0.63
572	91.95	82.09	56	1.18
573	107.13	52.14	56	1.03
Period: 54
Tasks:5
id	x	y	end	c
547	190.54	122.35	55	93.26
548	4.66	159.55	54	112.41
549	181.11	113.07	54	82.16
550	5.06	96.49	56	95
551	21.67	150.78	62	93.35
Drivers: 9
id	x	y	end	sensitivity
574	68.2	177.98	59	1.11
575	150.89	29.72	56	1.58
576	39.3	12.07	55	0.75
577	92.2	69.27	58	1.04
578	111.15	100.22	57	1.03
579	157.73	136.06	56	1.79
580	64.32	161.05	57	1.31
581	117	46.22	56	1.43
582	111.17	12.12	55	1.22
Period: 55
Tasks:8
id	x	y	end	c
552	160.79	50.34	55	78.5
553	187.9	88.86	56	88.6
554	27.66	119.84	57	75.01
555	30.26	63.27	58	78.82
556	136.16	191.77	58	98.64
557	23.81	134.66	56	83.7
558	176.44	88.24	56	77.34
559	58.07	152.86	57	67.47
Drivers: 9
id	x	y	end	sensitivity
583	57.02	151.95	60	1.42
584	52.85	134.32	56	0.74
585	190.91	196.43	57	0.89
586	159.91	171.78	57	0.54
587	193.12	127.28	60	1.03
588	170.49	30.72	58	0.95
589	3.94	105.65	57	0.79
590	73.25	81.94	60	1.15
591	51.7	84.83	58	1.4
Period: 56
Tasks:13
id	x	y	end	c
560	142.59	146.63	59	63.15
561	129.52	72.02	58	40.67
562	77.21	175.4	57	78.77
563	52.35	121.53	58	52.29
564	120.28	131.24	61	37.25
565	154.03	19.54	59	96.92
566	195.7	131.59	57	100.78
567	12.73	144.86	57	98.12
568	184.86	195.31	59	127.61
569	121.25	98.02	59	21.34
570	136.06	153.76	58	64.73
571	133.35	80.82	59	38.47
572	74.69	194.61	58	97.94
Drivers: 6
id	x	y	end	sensitivity
592	61.58	138.51	58	0.59
593	170.84	31.62	59	0.52
594	69.49	54.82	59	0.66
595	113.09	196.61	57	0.96
596	128.55	94.15	58	1.56
597	47.91	30.99	59	1.68
Period: 57
Tasks:11
id	x	y	end	c
573	162.55	91.38	59	63.14
574	165.46	124.97	57	70.06
575	29.68	119.68	62	73.02
576	173.36	36.45	59	97.06
577	129.11	48.16	61	59.45
578	104.26	132.71	58	32.99
579	52.19	33.3	59	82.07
580	148.21	102.03	61	48.25
581	51.16	119.77	61	52.69
582	176.75	102.33	62	76.79
583	130.16	129.66	57	42.3
Drivers: 10
id	x	y	end	sensitivity
598	76.75	34.48	61	1.99
599	162.65	159.48	60	0.79
600	0.7	6.27	61	0.98
601	1.03	152.43	58	0.73
602	20.95	88	60	0.62
603	189.82	156.99	63	0.84
604	126.7	31.56	58	1.5
605	184.81	182.75	59	0.65
606	44.12	29.89	61	0.64
607	189.63	69.05	62	1.93
Period: 58
Tasks:16
id	x	y	end	c
584	44.25	185.73	61	102.26
585	158.42	166.08	60	88.2
586	62.36	128.42	60	47.16
587	144.21	136.6	59	57.39
588	71.05	100.29	61	28.95
589	101.05	102.2	61	2.44
590	87.34	101.03	60	12.7
591	138.67	40.59	59	70.89
592	171.86	31.66	60	99.17
593	197.16	29.58	58	120
594	185.66	170.13	59	110.71
595	104.27	197.71	59	97.8
596	93.56	89.81	59	12.05
597	178.89	55.93	59	90.36
598	45.11	64.64	60	65.29
599	38.23	115.56	61	63.7
Drivers: 9
id	x	y	end	sensitivity
608	24.2	129.82	63	1.79
609	196.29	23.36	61	1.1
610	59.9	196.58	62	0.78
611	18.95	100.6	62	1.08
612	191.8	191.9	62	0.92
613	194.78	85.48	63	1.16
614	152.94	165.5	62	1.7
615	127.1	49.39	64	1.51
616	138.98	179.71	60	1.89
Period: 59
Tasks:9
id	x	y	end	c
600	162.49	146.75	60	78.04
601	62.57	55.45	61	58.19
602	180.98	75.81	61	84.52
603	11.46	0.96	60	132.85
604	3.88	164.69	59	115.86
605	81.23	125.18	63	31.41
606	55.38	72.26	63	52.54
607	117.75	60.69	61	43.13
608	193.88	43.51	61	109.57
Drivers: 11
id	x	y	end	sensitivity
617	27.31	125.51	60	1.71
618	77.04	118.9	62	0.89
619	23.09	17.68	64	0.83
620	1	156.51	62	0.74
621	104.81	167.48	62	0.72
622	111.47	58.47	59	0.67
623	51.14	71.42	61	0.84
624	155.27	185.52	62	0.59
625	19.1	187.85	61	0.53
626	3.97	139.76	61	1.51
627	142.36	173.69	62	0.75
Period: 60
Tasks:11
id	x	y	end	c
609	98.41	199.66	62	99.67
610	165.64	94.89	60	65.84
611	16.05	98.75	64	83.96
612	198.7	186.62	60	131.32
613	197.58	144.38	62	107.2
614	63.8	173.76	62	82.16
615	20.08	71.91	60	84.71
616	142.58	177.67	63	88.58
617	160.44	34.52	63	89.11
618	20.99	186.01	61	116.79
619	184.8	93.11	64	85.08
Drivers: 14
id	x	y	end	sensitivity
628	169.16	98.92	61	1.98
629	185.5	143	62	1.65
630	184.37	10.05	62	0.73
631	117.05	131.85	63	1.38
632	24.31	82.13	65	1.32
633	76.85	95.34	61	0.75
634	63.54	27.02	63	1.42
635	155.37	55.76	61	1.44
636	122.16	159.15	63	1.7
637	69.68	175.75	65	0.51
638	36.61	166.24	64	1.82
639	31.55	105.76	66	1.78
640	194.79	9.3	64	1.47
641	169.13	105.66	65	0.77
Period: 61
Tasks:11
id	x	y	end	c
620	120.18	33.76	63	69.25
621	73.58	52.89	64	54.01
622	195.98	10.42	62	131.29
623	11.8	132.1	64	93.86
624	38.36	147.01	62	77.52
625	8.91	184.82	65	124.47
626	194.68	159	64	111.56
627	35.98	198.69	63	117.64
628	146.84	89.52	61	48
629	32.95	71.92	62	72.69
630	38.21	86.41	62	63.27
Drivers: 14
id	x	y	end	sensitivity
642	114.36	161.42	64	1.71
643	190.67	10.28	65	0.52
644	193.25	2.58	65	1
645	118.12	19.03	64	1.09
646	149.14	197.98	65	0.83
647	54.38	83.41	66	0.68
648	48.09	159.61	63	1.91
649	56.73	131.21	64	0.76
650	118.88	44.81	66	1.58
651	141.41	43.54	63	1.88
652	68.03	68.05	65	0.99
653	42.42	163.1	64	0.52
654	181.39	97.64	62	1.24
655	187.43	171.9	64	0.81
Period: 62
Tasks:13
id	x	y	end	c
631	48.58	76.91	63	56.37
632	27.65	94.62	63	72.55
633	126.8	73.2	64	37.9
634	158.49	8.8	63	108.34
635	8.66	154.97	64	106.61
636	188.08	127.02	67	92.13
637	109.71	118.66	64	21.04
638	147.33	60.92	64	61.38
639	196.14	126.27	65	99.66
640	31.75	196.9	64	118.52
641	58.92	185.02	65	94.42
642	125.97	191.44	66	95.06
643	117.19	10.17	62	91.46
Drivers: 9
id	x	y	end	sensitivity
656	32.32	185.2	64	1.21
657	104.06	19.01	66	1.08
658	123.82	169.21	65	0.96
659	8.99	170.98	63	1.41
660	196.56	152.89	66	0.73
661	0.52	117.93	66	1.32
662	92.16	6.01	62	1.64
663	110.82	51.91	64	1.65
664	69.52	116.06	63	1.01
Period: 63
Tasks:9
id	x	y	end	c
644	152.2	117.46	65	55.04
645	127.4	123.35	64	36
646	47.26	198.11	65	111.39
647	12.07	73.85	64	91.74
648	180.98	20.18	67	113.71
649	101.38	70.64	68	29.39
650	190.11	124.2	64	93.3
651	11.44	143.36	67	98.61
652	96.99	109.86	64	10.31
Drivers: 10
id	x	y	end	sensitivity
665	186.24	154.21	64	1.71
666	104.34	195.35	65	1.56
667	124.18	198.31	65	0.7
668	90.49	86.02	64	1.79
669	43.2	166.01	66	1.52
670	122.32	138.84	67	1.59
671	106.63	174.49	68	1.25
672	127.92	74.52	65	0.82
673	101.1	107.73	64	1.1
674	59.32	12.97	68	0.73
Period: 64
Tasks:8
id	x	y	end	c
653	199.21	62.78	65	105.96
654	192.01	27.62	65	117.07
655	174.85	60.01	69	84.86
656	109.49	39.95	65	60.8
657	11.18	102.26	68	88.85
658	144.33	6.26	66	103.69
659	198.86	99.57	64	98.86
660	86.84	189.43	65	90.39
Drivers: 10
id	x	y	end	sensitivity
675	191.1	118.66	65	0.64
676	127.47	160.09	68	0.86
677	23.05	34.78	67	1.85
678	54.1	163.7	68	1.05
679	64.57	5.45	65	0.73
680	38.25	4.23	68	0.67
681	164.79	47.18	68	1.28
682	26.99	28.67	66	1.07
683	119.78	160.74	67	1.92
684	60.52	95.39	66	1.97
Period: 65
Tasks:10
id	x	y	end	c
661	71.48	128.62	69	40.4
662	155.04	187.83	68	103.65
663	38.29	39.47	69	86.44
664	72.2	181.31	68	85.93
665	51.64	36.36	67	79.93
666	134.45	64.06	65	49.78
667	135.18	155.91	66	66.06
668	137.82	2.09	66	104.96
669	86.2	47.12	67	54.65
670	68.04	185.42	65	91.2
Drivers: 8
id	x	y	end	sensitivity
685	95.75	181.83	68	0.51
686	114.32	187.61	67	1.12
687	105.66	13.25	66	1.81
688	59.64	72.36	67	0.75
689	95.88	105.12	69	1.01
690	134.72	171.64	70	1.6
691	23.2	100.67	68	1.3
692	93.54	70.07	70	0.81
Period: 66
Tasks:5
id	x	y	end	c
671	28.92	7.24	67	116.86
672	176.44	84.63	70	77.97
673	93.75	102.12	71	6.6
674	149.84	194.06	69	106.45
675	54.04	26.3	69	86.86
Drivers: 14
id	x	y	end	sensitivity
693	84.75	123.44	66	1.09
694	69.41	115.67	71	1.22
695	50.83	49.14	71	1.02
696	153.59	193.72	68	1.6
697	94.41	108.97	71	0.69
698	171.83	42.91	69	0.74
699	27.55	87.18	68	1.39
700	188.03	148.99	67	1.75
701	165.25	24.96	68	0.8
702	64.53	106.06	73	0.54
703	133	197.88	69	1.39
704	35.52	141.56	68	1.86
705	136.45	116.26	66	1.03
706	45.24	118.23	66	1.81
Period: 67
Tasks:12
id	x	y	end	c
676	165.09	60.46	70	76.16
677	198.1	118.19	68	99.77
678	83.52	58.18	68	44.95
679	11	198.6	68	132.83
680	106.45	175.2	70	75.48
681	52.19	117.2	70	50.81
682	181.87	99.1	69	81.87
683	158.99	183.92	69	102.58
684	153.59	136.12	70	64.63
685	131.72	167.77	70	74.83
686	116.51	118.28	69	24.63
687	141.46	145.22	69	61.35
Drivers: 12
id	x	y	end	sensitivity
707	56.47	169.6	67	1.79
708	31.82	118.99	74	0.77
709	142.77	55.28	71	1.51
710	41.18	70.49	69	1.75
711	40.25	80.19	71	0.59
712	39.79	127.45	70	0.52
713	179.68	70.06	70	0.77
714	191.3	13.34	69	1.55
715	108.99	51.11	68	1.16
716	118.57	51.94	71	0.67
717	115.86	150.98	72	1.66
718	172.67	145.39	69	0.92
Period: 68
Tasks:7
id	x	y	end	c
688	24.87	59.64	73	85.28
689	46.18	132.43	70	62.84
690	37.92	199.7	71	117.45
691	133.31	78.62	72	39.58
692	2.06	97.09	71	97.98
693	140.31	126.41	71	48.19
694	33.95	54.69	69	80.1
Drivers: 12
id	x	y	end	sensitivity
719	80.96	32.27	71	1.46
720	129.03	19.84	71	0.82
721	38.6	178.79	71	1.03
722	65.99	43.1	71	1.86
723	90.82	192.83	70	0.83
724	108.72	81.05	69	1.71
725	125.61	56.72	70	1.23
726	98.26	80.1	70	0.86
727	151.34	189.56	69	1.63
728	7.67	152.36	69	1.83
729	155.76	58.38	69	1.72
730	42.91	160.61	74	0.78
Period: 69
Tasks:11
id	x	y	end	c
695	60.65	18.9	70	90.14
696	121.91	61.05	71	44.69
697	166.06	23.76	70	100.88
698	134.24	1.78	72	104.02
699	34.88	170.66	75	96.09
700	115.6	111.67	70	19.48
701	112.69	0.18	70	100.62
702	148.1	61.74	69	61.46
703	6.45	78.82	69	95.92
704	108	157.88	72	58.43
705	53.77	186.24	77	97.85
Drivers: 14
id	x	y	end	sensitivity
731	193.26	27.74	72	1.91
732	110.05	141.69	69	1.46
733	10.19	57.52	70	1.06
734	93.63	119.94	71	1
735	153.21	170.96	69	1.48
736	178.37	186.16	71	1.51
737	179.53	22.59	72	0.61
738	110.86	60.93	70	1.49
739	74.7	1.42	71	0.68
740	192.99	168.7	72	1.64
741	42.19	116.14	74	1.63
742	77.1	127.72	73	0.79
743	126.24	34.64	72	1.72
744	59.8	130.82	72	1.15
Period: 70
Tasks:11
id	x	y	end	c
706	30.36	158.08	71	90.68
707	114.89	141.81	70	44.38
708	104.53	169.26	73	69.41
709	88.27	109.39	73	15.03
710	192.37	182.07	75	123.56
711	90.5	34.87	73	65.82
712	117.15	142.24	72	45.59
713	179.98	195.23	71	124.36
714	166.1	181.72	72	105.11
715	72.02	190.87	73	95.08
716	31.68	112.8	73	69.51
Drivers: 8
id	x	y	end	sensitivity
745	170.17	16.06	71	1.35
746	6.36	0.8	73	1.32
747	49	150.37	71	0.69
748	114.16	57.47	70	0.94
749	31.09	137.68	75	1.04
750	136.61	54.45	73	1.88
751	50.43	17.04	74	0.97
752	162.92	151.47	71	1.59
Period: 71
Tasks:9
id	x	y	end	c
717	139.03	145.61	73	60.03
718	124.32	174.95	74	78.8
719	32.88	161.55	73	91.07
720	105.83	78.28	74	22.49
721	113.12	167.84	73	69.1
722	78.56	39.02	75	64.64
723	63.88	14.68	72	92.65
724	110.96	14.17	71	86.53
725	54.69	2.28	72	107.71
Drivers: 14
id	x	y	end	sensitivity
753	103.75	101.7	75	1.41
754	177.79	15.1	74	1.26
755	111.98	83.85	74	0.7
756	27.58	53.63	74	1.66
757	17.03	139.56	74	1.94
758	102.57	6.26	73	1.21
759	12.14	85.29	73	1.22
760	35.84	38.35	72	1.65
761	174.25	159.25	73	0.89
762	25.41	142.69	77	1.03
763	70.79	109.37	72	1.24
764	59.47	184.04	73	0.94
765	26.77	60.76	74	0.61
766	184.65	87.47	72	0.74
Period: 72
Tasks:12
id	x	y	end	c
726	114.08	89.86	73	17.35
727	92.27	21.71	73	78.67
728	100.98	130.31	75	30.33
729	55.45	83.73	72	47.43
730	28.41	117.24	74	73.64
731	199.09	31.65	74	120.38
732	5.71	156.5	74	109.92
733	105.62	126.01	74	26.61
734	147.02	66.52	74	57.72
735	25.14	146.05	73	87.89
736	81.3	152.18	72	55.43
737	198.65	127.12	73	102.31
Drivers: 9
id	x	y	end	sensitivity
767	97.72	112.39	74	1.56
768	29.2	69.88	74	0.56
769	87.08	187.96	73	1.24
770	113.91	104.96	75	0.61
771	148.01	4.67	77	0.81
772	43.23	186.2	76	1.45
773	83.73	84.42	79	1.51
774	76.28	165.28	74	0.7
775	154.73	63.24	73	1.66
Period: 73
Tasks:13
id	x	y	end	c
738	72.09	44.95	75	61.72
739	160.9	19.91	75	100.61
740	111.78	23.47	76	77.43
741	177.38	134.03	74	84.53
742	100.7	90.25	76	9.78
743	154.98	144.37	76	70.65
744	138.19	75.65	74	45.29
745	139.91	64.57	76	53.37
746	100.34	117.28	76	17.28
747	170.18	9.17	78	114.78
748	5.6	155.24	76	109.37
749	25.29	79.36	74	77.51
750	101.83	79.31	74	20.77
Drivers: 7
id	x	y	end	sensitivity
776	177.48	103.77	78	0.84
777	149.04	46.39	76	1.31
778	136.64	39.08	75	0.78
779	83.89	54.11	79	0.63
780	105.11	23.46	77	1.51
781	199.13	183.08	76	0.54
782	146.01	49.43	76	1.61
Period: 74
Tasks:2
id	x	y	end	c
751	68.89	133.26	76	45.54
752	32.16	169.53	75	97.14
Drivers: 11
id	x	y	end	sensitivity
783	192.39	87.05	76	1.85
784	187.97	65.38	75	1.85
785	187.43	86.48	78	0.73
786	30.42	133.88	77	0.53
787	14.9	138.73	76	0.77
788	6.67	128.88	79	0.62
789	32.29	64.81	81	1.88
790	178.74	157.18	76	0.63
791	117.57	122.61	75	1.66
792	93.25	1.73	76	1.24
793	49.28	136.71	78	0.56
Period: 75
Tasks:14
id	x	y	end	c
753	108.77	126.91	77	28.3
754	109.03	132.45	78	33.68
755	126.62	133.72	77	42.96
756	73.5	198.3	79	101.81
757	199.27	155.97	80	113.96
758	3.12	32.96	75	117.81
759	61.32	184.95	78	93.34
760	133.29	79.93	76	38.87
761	163.19	132.47	75	71.04
762	3.96	37.87	77	114.38
763	24.13	125.71	80	80.11
764	89.86	197.6	79	98.13
765	99.91	44.79	77	55.21
766	128.28	4.8	76	99.31
Drivers: 11
id	x	y	end	sensitivity
794	74.93	67.11	76	1.54
795	171.67	183.81	75	1.77
796	199.69	47.08	76	0.58
797	154.85	160.16	78	1.24
798	104.52	24.21	76	1.78
799	190.51	72.05	76	0.94
800	102.38	150.11	79	0.97
801	148.16	78.7	75	1.81
802	49.16	14.2	78	0.55
803	76.73	136.58	76	1.84
804	140.21	117.27	76	1.5
Period: 76
Tasks:9
id	x	y	end	c
767	147.57	149.27	78	68.49
768	168.52	117.32	80	70.68
769	63.31	58.7	77	55.24
770	153.25	24.32	77	92.54
771	186.93	18.8	76	118.95
772	16.28	114.3	78	84.93
773	120.05	174.36	77	77.02
774	140.07	25.68	78	84.43
775	190.26	144.25	77	100.52
Drivers: 5
id	x	y	end	sensitivity
805	127.89	33.36	77	1.39
806	130.97	9.29	78	0.55
807	146.69	119.04	77	1.85
808	4.73	149.4	78	0.57
809	81.01	12.9	79	1.77
Period: 77
Tasks:13
id	x	y	end	c
776	123.1	180.49	82	83.74
777	59.53	124.87	77	47.5
778	25.27	177.05	79	107.34
779	23.38	117.59	81	78.61
780	89.06	94.02	82	12.47
781	88.05	100.89	80	11.98
782	35.45	34.5	79	91.96
783	82.48	21.01	81	80.91
784	44.03	134.99	77	66.01
785	0.76	15.61	81	130.27
786	3.31	174.26	78	121.92
787	97.25	98.24	80	3.26
788	195.39	135.92	77	101.93
Drivers: 8
id	x	y	end	sensitivity
810	174.13	6.95	79	1.02
811	151.06	79.28	79	0.85
812	122.69	86.92	81	0.76
813	10.86	18.98	82	0.85
814	188.39	127.76	80	1.86
815	40.53	121.74	83	1.89
816	192.78	18.27	78	1.26
817	133.36	131.59	81	1.11
Period: 78
Tasks:14
id	x	y	end	c
789	153.03	186.82	82	101.73
790	199.1	81.23	79	100.86
791	134.71	98.71	80	34.73
792	5.06	156.15	80	110.3
793	167.26	80.31	78	70.08
794	39.33	107.79	79	61.17
795	92.56	53.32	81	47.27
796	12.78	42.91	82	104.24
797	161.4	4.27	79	113.73
798	130.09	166.53	82	73.02
799	55.9	171.36	81	83.89
800	136.91	56.06	78	57.39
801	147.54	108.47	78	48.29
802	177.71	24.48	81	108.36
Drivers: 11
id	x	y	end	sensitivity
818	162.36	21.52	83	1
819	101.27	150.11	79	1.87
820	175.65	33.87	80	0.76
821	69.98	181.8	81	0.96
822	115.27	80.29	82	1.62
823	104.4	159.6	80	1.61
824	51.76	41.22	78	1.88
825	100.35	189.04	84	0.84
826	62.78	179.83	78	0.52
827	72.24	6.49	82	0.57
828	125.07	150.86	81	1.03
Period: 79
Tasks:11
id	x	y	end	c
803	35.83	36.5	79	90.28
804	51.8	55.88	81	65.34
805	86.55	28.18	81	73.07
806	171.76	190.49	80	115.49
807	139.8	123.52	80	46.23
808	180.39	43.29	80	98.38
809	68.8	21.66	80	84.32
810	139.2	160.19	80	71.83
811	56.56	132.57	80	54.29
812	87.71	145.53	82	47.16
813	80.45	169.43	84	72.13
Drivers: 11
id	x	y	end	sensitivity
829	55.84	95.71	79	0.74
830	147.68	85.78	84	1.6
831	175.54	70.75	84	1.28
832	68.04	7.83	81	0.56
833	176.98	198.24	80	1.74
834	61.58	77.47	82	1.34
835	28.51	20.73	81	1.86
836	5.87	23.2	81	0.81
837	143.52	37.6	84	1.86
838	124.12	79.78	83	0.99
839	111.63	93.2	83	1.02
Period: 80
Tasks:11
id	x	y	end	c
814	28.18	177.06	82	105.34
815	121.66	74.1	82	33.76
816	23.96	163.85	83	99.29
817	40.42	116.79	85	61.9
818	45.88	19.8	80	96.75
819	155.63	133.61	80	64.99
820	66.53	197.85	83	103.42
821	22.07	83.59	82	79.64
822	160.21	189.25	84	107.66
823	91.06	39.73	81	60.93
824	184.64	40.61	81	103.4
Drivers: 6
id	x	y	end	sensitivity
840	71.06	45.05	81	1.12
841	15.01	22.74	82	0.96
842	119.75	96.47	83	0.51
843	35.44	131.65	83	1.31
844	81.41	153.24	85	1.46
845	14.69	62.29	82	0.58
Period: 81
Tasks:5
id	x	y	end	c
825	142.9	27.44	84	84.29
826	132.22	24.02	83	82.53
827	167.67	10.92	82	111.87
828	115.54	63.47	84	39.7
829	154.28	108.78	81	54.99
Drivers: 8
id	x	y	end	sensitivity
846	6.33	154.43	83	1.5
847	31.61	86.18	84	0.73
848	63.85	190.49	85	0.79
849	68.97	171.52	82	1.27
850	99.04	40.65	82	0.52
851	44.18	46.7	86	1.26
852	74.24	50.28	85	1.49
853	7.73	113.26	82	1.45
Period: 82
Tasks:6
id	x	y	end	c
830	87.85	138.96	82	40.81
831	59.67	165.64	84	77.04
832	3.37	25.97	85	121.73
833	16.52	23.04	84	113.54
834	105.98	141.69	85	42.12
835	85.71	194.42	83	95.5
Drivers: 18
id	x	y	end	sensitivity
854	28.46	117.34	84	0.89
855	125.57	118.05	88	0.74
856	82.01	75.8	85	1.67
857	197.82	176.57	86	1.36
858	131.35	66.09	85	1.53
859	191.45	142.55	84	0.82
860	80.37	36.58	84	1.61
861	29.39	102.74	83	1.85
862	43.72	159.89	85	1.79
863	92.02	154.31	85	1.12
864	141.45	139.21	86	1.38
865	172.85	68.43	86	1.71
866	105.81	157.39	85	0.75
867	74.97	177.14	88	1.23
868	20.67	103.89	86	1.18
869	130.84	116.51	83	1.96
870	46.04	153.47	85	1.07
871	24.12	180.54	87	0.74
Period: 83
Tasks:9
id	x	y	end	c
836	84.62	12.71	83	88.63
837	42.75	113.19	83	58.75
838	105.75	78.37	85	22.38
839	89.21	97.71	85	11.03
840	8.43	83.06	86	93.12
841	47.75	60.38	84	65.57
842	162.2	53.98	84	77.37
843	23.43	176.09	87	107.95
844	183.26	104.18	86	83.36
Drivers: 9
id	x	y	end	sensitivity
872	45.75	82.39	88	0.78
873	96.26	93.17	87	1.6
874	128.69	133.69	86	1.85
875	54.52	89.26	88	0.58
876	110.39	154.98	84	0.9
877	73.94	167.61	86	0.86
878	104.38	100.69	86	1.8
879	10.07	36.86	86	1.18
880	70.26	187.16	86	1.25
Period: 84
Tasks:7
id	x	y	end	c
845	175.09	38.14	88	97.29
846	102.6	185.46	86	85.5
847	155.8	105.26	88	56.05
848	107.57	152.32	86	52.86
849	4.01	115.52	85	97.24
850	32.32	161.76	84	91.62
851	180.25	121.03	87	82.96
Drivers: 10
id	x	y	end	sensitivity
881	52.63	54.61	86	1.39
882	141.55	37.23	88	0.69
883	155.97	77.74	84	0.6
884	82.03	42.32	87	0.59
885	147.96	193.12	92	1.02
886	149.53	181.5	85	1.61
887	148.98	109.91	85	0.55
888	44.58	152.99	87	1.79
889	45.89	101.06	86	1.21
890	19.08	18.88	87	1.72
Period: 85
Tasks:7
id	x	y	end	c
852	186.73	80.41	88	88.91
853	113.17	85.49	90	19.6
854	91.57	26.16	86	74.32
855	186.54	119.89	92	88.8
856	19.52	39.07	87	100.94
857	25.04	181.9	87	111.03
858	81.26	120.79	87	27.99
Drivers: 9
id	x	y	end	sensitivity
891	138.2	115.06	87	0.82
892	83.9	47.91	88	1.85
893	168.09	34.08	87	1.81
894	99.36	194.87	90	1.47
895	42.98	193.89	85	1.3
896	38.34	146.95	87	1.12
897	47.73	13.66	89	1.4
898	68	40.32	86	1.21
899	59.19	49.98	86	0.98
Period: 86
Tasks:8
id	x	y	end	c
859	151.75	90.79	87	52.56
860	7.06	11.9	88	128.06
861	114.47	118.15	90	23.21
862	64.38	152.38	87	63.34
863	117.19	170.33	89	72.4
864	45.43	107.13	87	55.03
865	71.91	171.49	89	76.81
866	158.37	146.39	88	74.56
Drivers: 9
id	x	y	end	sensitivity
900	12.38	148.3	88	1.32
901	175.5	74.51	89	1.95
902	125.63	26.47	89	0.91
903	97.1	146.07	90	1.21
904	186.38	29.18	87	0.96
905	71.08	77.24	88	1.57
906	107.22	137.23	91	1.33
907	112.01	154.72	89	1.55
908	39.13	121.25	90	0.78
Period: 87
Tasks:7
id	x	y	end	c
867	152.1	32.93	89	84.93
868	154.41	199.36	88	113.28
869	95.55	76.85	89	23.57
870	74.38	63.49	90	44.6
871	39.54	53.23	89	76.44
872	1.97	97.29	90	98.07
873	22.06	64.81	89	85.52
Drivers: 14
id	x	y	end	sensitivity
909	18.54	72.23	91	1.5
910	155.64	16.08	88	1.87
911	122.6	175.32	87	1.57
912	53.08	131.59	92	0.64
913	195.06	22.77	89	1.11
914	94.04	171.08	90	1.37
915	115.72	25.42	91	1.04
916	131.46	110.53	88	1.32
917	75.14	89.4	89	1.01
918	52.42	146.09	90	0.65
919	8.32	58.05	91	0.56
920	45.88	72.11	91	1.71
921	40.35	174.95	90	1.5
922	72.03	176.97	90	1.24
Period: 88
Tasks:9
id	x	y	end	c
874	172.99	179.99	89	108.29
875	189.31	183.84	91	122.5
876	43.77	6.54	90	109.07
877	130.32	121.27	90	37.04
878	42.73	120.86	91	60.95
879	141.85	105.81	91	42.25
880	194.04	50.63	89	106.21
881	37.65	166.64	90	91.26
882	27.07	187.69	90	114.05
Drivers: 9
id	x	y	end	sensitivity
923	91.34	145.09	91	1.85
924	158.67	140.22	93	1.86
925	161.68	108.39	92	0.93
926	56.91	150.03	88	1.77
927	170.75	165.46	90	1.43
928	152.67	27.79	90	0.87
929	192.97	113.28	91	1.84
930	51.38	143	91	1.59
931	29.16	15.59	92	0.63
Period: 89
Tasks:8
id	x	y	end	c
883	62.87	30.92	91	78.43
884	163.96	1.44	91	117.49
885	96.26	189.48	90	89.56
886	120.65	46.34	91	57.5
887	87.33	95.81	93	13.34
888	128.47	34.55	89	71.37
889	179.58	73.42	90	83.9
890	187.25	65.39	90	93.86
Drivers: 11
id	x	y	end	sensitivity
932	2.67	181.58	91	0.58
933	16.85	23.14	95	1.6
934	74.3	33.48	90	0.67
935	132.55	58.63	90	1.01
936	30.42	64.51	93	0.97
937	0.25	20.38	93	1.74
938	75.45	147.09	89	0.6
939	182.03	82.18	92	1.03
940	106.43	40.56	91	1.29
941	5.61	10.23	94	1.4
942	63.73	18.89	93	0.87
Period: 90
Tasks:10
id	x	y	end	c
891	5.22	6.69	92	133
892	126.38	24.1	93	80.35
893	63.23	28.73	97	80.2
894	171	149.38	92	86.48
895	4.61	159.26	90	112.3
896	197.14	105.19	91	97.28
897	32.45	30.5	91	96.92
898	8.89	98.17	93	91.13
899	168.72	153.18	93	86.89
900	65.6	111.64	92	36.32
Drivers: 6
id	x	y	end	sensitivity
943	172.41	70.34	92	1.17
944	59.93	141.91	93	1.62
945	28.1	138.36	91	0.8
946	165.38	172.29	94	1.28
947	137.67	121.2	91	1.91
948	96.81	42.24	96	1.19
Period: 91
Tasks:14
id	x	y	end	c
901	58	116.45	93	45.11
902	65.47	25.21	95	82.38
903	101.94	5.62	92	94.4
904	199.63	123.81	93	102.44
905	130.55	96.95	94	30.7
906	158.12	118.21	96	60.91
907	30.93	88.46	91	70.03
908	91.81	99.12	95	8.24
909	35.45	91.23	93	65.14
910	32.97	75.61	94	71.33
911	8.26	39.52	94	109.88
912	14.1	100.01	95	85.9
913	171.95	5.35	93	118.89
914	26.94	62.57	99	82.09
Drivers: 11
id	x	y	end	sensitivity
949	128.45	131.8	91	0.66
950	30.82	114.25	95	0.95
951	1.93	123.14	95	1.5
952	68.2	51.17	94	0.81
953	37.79	23.91	93	1.97
954	108.83	112.82	96	1.14
955	50.15	50.29	92	1.55
956	156.45	154.1	93	1.49
957	134.87	13.92	93	1.56
958	157.68	194.97	96	1.48
959	18.01	123.34	94	1.21
Period: 92
Tasks:12
id	x	y	end	c
915	107.79	10.48	93	89.86
916	90.64	128.05	95	29.57
917	157.76	9.67	93	107.22
918	120.77	15.46	92	87.05
919	180.71	137.85	95	89.14
920	79.01	192.97	96	95.31
921	106.96	184.27	95	84.56
922	82.5	143.4	93	46.8
923	53.36	188.66	94	100.18
924	171.81	66.5	93	79.24
925	110.07	6.57	92	93.97
926	133.08	11.21	95	94.75
Drivers: 6
id	x	y	end	sensitivity
960	36.29	118.93	92	1.13
961	164.88	62.08	93	0.92
962	56.69	106.71	92	1.1
963	131.12	114.72	95	1.05
964	16.03	96.91	95	0.97
965	4.55	188.82	95	1.52
Period: 93
Tasks:7
id	x	y	end	c
927	97.47	198.46	96	98.49
928	82.93	125.34	98	30.55
929	122.01	196.34	95	98.82
930	79.36	146.05	95	50.46
931	136.45	199.97	96	106.41
932	26.26	64.79	97	81.71
933	88.2	47.36	93	53.95
Drivers: 8
id	x	y	end	sensitivity
966	127.23	150.07	95	0.91
967	130.3	157.11	93	0.77
968	48.41	66.45	95	1.91
969	100.97	46.44	93	1.97
970	175.83	6.02	95	0.88
971	65.29	110.09	100	1.67
972	94.42	24.92	96	1.79
973	150.55	177.68	94	1.79
Period: 94
Tasks:9
id	x	y	end	c
934	196.75	54.97	97	106.72
935	182.08	167.04	96	105.98
936	32.22	22.39	97	103.04
937	44.35	24.28	94	93.97
938	25.15	116.21	96	76.59
939	162.2	149.52	95	79.51
940	126.35	2.43	96	101.07
941	126.85	195.69	95	99.39
942	99.33	162.43	95	62.43
Drivers: 9
id	x	y	end	sensitivity
974	71.1	190.5	101	1.53
975	120.25	158.41	98	0.8
976	129.46	61.66	98	0.9
977	63.19	158.81	97	1.26
978	18.39	41.62	97	1.6
979	135.97	100.61	96	0.78
980	157.49	47.63	96	1.69
981	23.4	12.1	95	1.79
982	18.3	42.3	95	1.89
Period: 95
Tasks:10
id	x	y	end	c
943	17.02	146.73	96	95.23
944	15.78	149.37	96	97.62
945	81.7	196.21	95	97.93
946	13.07	87.33	97	87.85
947	105.21	71.45	97	29.02
948	36.49	155.05	99	84.05
949	113.01	88.98	95	17.05
950	49.02	98.52	98	51
951	123.19	56.57	96	49.23
952	148.12	126.8	95	55.08
Drivers: 9
id	x	y	end	sensitivity
983	177.52	22.61	100	1.93
984	196.47	1.79	96	1.67
985	83.04	80.9	98	1.51
986	96.61	95.25	99	0.67
987	86.07	44.99	97	1.22
988	28.17	44.17	99	0.8
989	87.05	61.73	102	1.15
990	18.61	199.02	96	0.76
991	141.27	195.83	98	1.89
Period: 96
Tasks:9
id	x	y	end	c
953	9.3	139.68	98	99
954	126.98	59.61	99	48.57
955	87.96	131.32	98	33.55
956	79.86	131.75	100	37.6
957	91.32	76.9	96	24.68
958	11.18	65.74	106	95.2
959	153.91	106.96	100	54.36
960	13.01	82.73	98	88.69
961	147.33	155.87	98	73.22
Drivers: 10
id	x	y	end	sensitivity
992	189.5	178.68	100	0.7
993	135.38	87.66	100	1.17
994	11.33	175.73	100	1.32
995	164.35	87.32	99	1.61
996	163.61	124.85	101	1.12
997	131.73	175.71	98	1.89
998	72.94	25.66	100	1.26
999	158.93	190.27	99	1.28
1000	3.98	57.37	102	1.06
1001	46.54	174.56	97	0.68
Period: 97
Tasks:8
id	x	y	end	c
962	171.8	95.92	97	71.92
963	22.8	17.26	100	113.16
964	148.07	116.28	97	50.75
965	93.21	129.62	101	30.39
966	144.28	21.35	97	90.26
967	66.83	119.24	99	38.35
968	16.51	74.1	99	87.42
969	62.79	65.61	100	50.67
Drivers: 7
id	x	y	end	sensitivity
1002	187.53	115.34	97	1.8
1003	43.02	33.83	100	1.69
1004	8.79	4.12	105	1.77
1005	183.19	160.55	101	1.42
1006	45.02	155.83	99	0.74
1007	39.22	135.4	98	1.68
1008	7.48	20.18	101	0.89
Period: 98
Tasks:11
id	x	y	end	c
970	159.36	183.59	102	102.52
971	113.06	88.23	102	17.58
972	34.99	188.35	99	109.69
973	94.86	117.96	100	18.68
974	164.98	30.37	100	95.24
975	97.85	176	99	76.03
976	196.09	76.53	103	98.91
977	186.96	110.46	99	87.59
978	194.04	136.63	99	100.92
979	116.28	8.05	99	93.38
980	36.46	142.03	104	76.18
Drivers: 13
id	x	y	end	sensitivity
1009	37.35	34.38	98	0.68
1010	176.01	49.1	99	1.35
1011	112.51	55.77	100	1.33
1012	59.49	142.55	100	1.25
1013	64.43	180.03	104	0.89
1014	145.81	169.09	101	1.37
1015	192.1	177.05	103	0.51
1016	23.22	180.45	98	1.08
1017	16.21	73.57	99	1.84
1018	136.72	164.59	101	1.97
1019	81.83	118.75	100	0.95
1020	186.24	73.56	100	1.97
1021	52.02	26.57	100	1.74
Period: 99
Tasks:9
id	x	y	end	c
981	131.41	190.11	100	95.43
982	38.37	32.65	102	91.29
983	20.76	180.08	103	112.66
984	17.04	148.02	104	95.86
985	191.56	33.18	100	113.35
986	129.41	27.69	101	78.06
987	47.12	189.29	100	103.77
988	155.41	76.34	100	60.25
989	152.7	96.72	102	52.8
Drivers: 6
id	x	y	end	sensitivity
1022	118.05	4.6	102	1.54
1023	95.93	156.26	102	0.54
1024	79.88	47.68	100	0.71
1025	194.01	151.62	101	1.16
1026	88.83	189.06	104	0.74
1027	168.99	115.05	101	1.09
Period: 100
Tasks:13
id	x	y	end	c
990	20.45	121.96	101	82.53
991	187.97	155.15	104	103.83
992	51.23	177.96	101	91.96
993	120.47	112.85	103	24.17
994	19.82	190.67	101	121.04
995	4.87	11.03	102	130.25
996	171.6	152.16	101	88.58
997	116.12	144.04	102	46.9
998	138.03	190.08	100	97.78
999	177.99	124.52	102	81.75
1000	95.22	81.6	100	19.01
1001	89.68	120.3	100	22.77
1002	51.39	48	107	71.18
Drivers: 13
id	x	y	end	sensitivity
1028	111.47	168.05	103	1.04
1029	118.52	29.04	103	1.63
1030	183.55	60.29	100	0.83
1031	127.23	93.3	103	1.41
1032	124.25	3.49	105	1.87
1033	47.77	58.53	104	1.92
1034	65.9	22.54	106	1.38
1035	45.9	153.2	103	1.09
1036	88.66	122.28	102	1.25
1037	5.47	42.67	104	0.63
1038	174.25	115.8	102	0.86
1039	81.7	41.9	100	1.57
1040	186.74	19.66	105	1.18
