Periods: 100
Task Arrival Rate: 15
Task Average Time: 3
Driver Arrival Rate: 10
Driver Average Time: 2
Period: 1
Tasks:13
id	x	y	end	c
1	109.19	93.43	7	11.3
2	64.05	68.77	5	47.62
3	93.59	34.26	6	66.05
4	140.94	188.19	8	97.23
5	168.89	178.11	4	104.15
6	39.91	137.14	2	70.64
7	126.15	128.88	3	38.96
8	131.93	9.2	6	96.25
9	57.39	164.1	3	76.97
10	1.32	67.48	4	103.9
11	180.56	94.69	2	80.73
12	190.21	190.56	5	127.82
13	143.62	179.99	4	91.11
Drivers: 13
id	x	y	end	sensitivity
1	29.77	114.95	6	1.47
2	192.6	98.96	1	1.28
3	143.6	1.15	3	0.73
4	74.74	60.94	2	1.21
5	70.76	24.18	2	1.16
6	9.51	32.9	3	0.52
7	145.97	51.88	1	1.34
8	183.79	80.08	4	1.47
9	156.88	74.45	4	0.96
10	147.66	96.43	3	1.19
11	112.13	141.18	1	1.43
12	76.65	183.11	3	0.87
13	11.42	49.76	1	1.94
Period: 2
Tasks:12
id	x	y	end	c
14	157.53	119.88	7	60.87
15	155.42	115.22	6	57.47
16	72.14	161.45	5	67.47
17	153.23	56.29	5	68.88
18	48.86	196.91	3	109.58
19	90.68	193.22	4	93.68
20	89.39	162.79	4	63.68
21	16.19	57.87	4	93.8
22	21.3	143.57	5	89.96
23	48.97	58.75	2	65.62
24	134.67	185.48	5	92.24
25	176.39	94.83	3	76.56
Drivers: 13
id	x	y	end	sensitivity
14	148.1	195.14	4	0.62
15	48.77	61.27	4	1.28
16	24.79	137.72	2	1.31
17	18.34	110.15	4	1.48
18	193.33	112.99	2	1.04
19	148.49	198.36	5	1.45
20	11.47	113.59	8	0.63
21	171.54	125.19	5	0.66
22	67.63	148.25	2	0.99
23	103.59	72.83	5	1.44
24	65.68	124.05	3	1.55
25	28.58	194.98	4	0.81
26	124.33	4.82	3	1.55
Period: 3
Tasks:12
id	x	y	end	c
26	112	50.12	7	51.3
27	182.24	70.61	5	87.33
28	182.08	35.21	7	104.57
29	20.67	18.01	5	114.09
30	25.61	154.13	3	92
31	141.3	73.37	4	49.14
32	105.62	106.93	8	8.92
33	36.62	24.08	7	98.9
34	132.36	41.92	8	66.49
35	163.31	55.75	4	77.24
36	173.49	61.23	6	83.09
37	87	105.64	6	14.17
Drivers: 14
id	x	y	end	sensitivity
27	39.43	77.05	4	0.74
28	193.36	21.27	6	1.82
29	144.01	18.04	6	1.14
30	84.58	13.16	6	1.1
31	171.29	117.93	4	1.8
32	199.02	18.78	6	1.18
33	167.42	54.06	5	1.06
34	100.07	15.71	5	1.52
35	93.2	199.59	3	1.61
36	149.94	29.27	3	1.78
37	41.08	36.57	6	1.39
38	110.26	21.4	4	0.84
39	178.44	47.12	4	1.6
40	87.69	77.53	4	1.91
Period: 4
Tasks:16
id	x	y	end	c
38	121.55	141.53	8	46.79
39	192.03	196.44	9	133.3
40	188.03	82.24	7	89.8
41	50.85	116.52	5	51.85
42	195.87	131.61	6	100.95
43	122.33	181.16	6	84.18
44	156.05	78.34	8	60.09
45	15.34	23.46	5	114.13
46	62.13	183.26	7	91.47
47	88.13	195.13	10	95.87
48	90.58	132.54	9	33.88
49	10.42	7.3	7	128.91
50	11.32	138.33	10	96.61
51	60.36	115.98	8	42.74
52	129.59	32.15	6	74.02
53	103.89	175.5	7	75.6
Drivers: 15
id	x	y	end	sensitivity
41	52.7	37.95	5	1.97
42	126.08	59.65	7	1.41
43	120.98	128.02	6	1.86
44	19.67	5.3	7	0.52
45	113.64	107.87	6	1.4
46	79.85	141.5	6	1.15
47	140.23	103.83	4	0.53
48	163.18	5.29	7	1.88
49	132.5	169.64	4	1.48
50	57.02	25.66	5	1.33
51	127.39	29.25	5	1.88
52	139.26	184.27	6	1.63
53	90.87	14.32	5	1.7
54	83.23	27.98	6	0.52
55	126.74	76.81	4	0.62
Period: 5
Tasks:17
id	x	y	end	c
54	19.07	177.29	7	111.91
55	114.22	148.42	8	50.46
56	162.24	126.56	10	67.67
57	193.43	116.26	6	94.83
58	108.67	43.61	10	57.05
59	32.91	6.66	7	114.95
60	196.77	141.57	9	105.32
61	11.15	41.74	9	106.25
62	75.9	87.67	8	27.07
63	120.7	44.09	10	59.62
64	159.53	114.66	7	61.31
65	117.14	148.39	8	51.34
66	2.16	7.73	10	134.49
67	15	146.87	8	97.07
68	33	131.13	8	73.88
69	118.3	73.12	14	32.52
70	15.92	115.27	6	85.46
Drivers: 10
id	x	y	end	sensitivity
56	16.85	99.25	7	0.53
57	112.28	127.17	7	1.05
58	9.65	104.93	5	1.52
59	153.61	130.6	8	1.21
60	103.33	24.06	7	1.53
61	132.51	187.26	5	1.55
62	69.85	178	5	1.55
63	40.93	157.57	6	0.6
64	118.74	75.01	7	1.79
65	83.74	8.71	5	1.25
Period: 6
Tasks:17
id	x	y	end	c
71	58.19	179.05	10	89.43
72	110.51	49.75	8	51.34
73	152.05	138.55	6	64.77
74	83.93	44.87	9	57.42
75	93.31	95.14	8	8.27
76	111.02	162	11	62.97
77	174.39	161.04	9	96.23
78	8.74	40.3	10	109.05
79	89.47	192.05	9	92.65
80	159.57	144.13	8	74.14
81	31.25	21.35	7	104.46
82	158.91	194.29	10	111.18
83	116.02	99.96	6	16.02
84	89.68	190.85	7	91.43
85	117.93	60.5	6	43.38
86	84.92	104	8	15.6
87	131.8	47.78	8	61.14
Drivers: 7
id	x	y	end	sensitivity
66	3.2	43.22	8	0.77
67	173.02	22.93	7	1.81
68	145.32	146.81	10	1.44
69	170.49	65.31	9	0.91
70	7.54	125.75	10	0.75
71	39.1	86.36	6	1.78
72	112.95	116.39	8	1.77
Period: 7
Tasks:9
id	x	y	end	c
88	178.48	60.39	13	87.91
89	71.87	41.2	9	65.18
90	50.46	100.88	11	49.55
91	6.25	134.13	11	99.77
92	102.06	48.56	9	51.48
93	32.67	71.38	11	73.16
94	27.74	53.38	9	85.99
95	179.17	121.23	10	81.97
96	198.11	146.42	10	108.54
Drivers: 14
id	x	y	end	sensitivity
73	186.33	197.86	10	1.42
74	169.82	143.71	9	1.7
75	96.35	10.99	10	1.74
76	113.34	190.87	10	0.72
77	4.44	125.53	10	1.59
78	17.47	113	11	1.56
79	193.45	42.25	10	1.18
80	103.58	69.72	10	1.46
81	59.91	153.94	8	0.61
82	183.39	49.75	11	1.27
83	62.21	20.84	9	0.97
84	81.82	21.58	8	1.82
85	6.7	13.14	7	0.63
86	146.33	144.83	10	1.5
Period: 8
Tasks:14
id	x	y	end	c
97	127.55	129.95	11	40.69
98	73.94	169.82	10	74.52
99	134.3	127.14	13	43.74
100	17.87	42.35	10	100.34
101	72.88	35.6	10	69.88
102	174.03	24.52	13	105.72
103	13.58	107.63	13	86.76
104	76.33	93.14	11	24.64
105	181.48	83.19	10	83.2
106	141.3	68.35	13	52.03
107	129.83	2.18	8	102.27
108	96.16	9.98	14	90.1
109	88.12	143.07	10	44.68
110	11.52	172.06	11	114.11
Drivers: 13
id	x	y	end	sensitivity
87	45.38	85.32	11	1.43
88	177.9	157.33	10	0.71
89	140.2	94.96	10	1.89
90	46.09	190.34	10	0.64
91	29.29	84.65	9	1.09
92	138.95	146.89	10	0.55
93	36.53	19.81	11	1
94	158.68	0.31	10	1.4
95	23.93	39.55	10	1.12
96	171.51	123.36	8	1.3
97	185.41	26.33	9	1.07
98	21.54	17.84	8	1.96
99	191.41	126.69	11	1.51
Period: 9
Tasks:24
id	x	y	end	c
111	108.93	87.08	12	15.71
112	129.08	119.93	12	35.25
113	18.89	50.67	11	94.93
114	107.69	66.66	11	34.22
115	122.14	196.27	11	98.78
116	100.64	70.25	12	29.76
117	135.48	45.16	11	65.32
118	116.44	181.79	19	83.43
119	43.23	133.14	14	65.74
120	33.69	121.45	11	69.69
121	158.34	127.3	12	64.41
122	80.79	110.37	11	21.83
123	77.26	173.23	12	76.68
124	11.28	63.94	11	95.77
125	4.14	187.19	15	129.58
126	61.21	171.97	12	81.76
127	170.3	71.85	12	75.73
128	151.19	2.93	11	109.74
129	142.79	89.7	13	44.01
130	71.47	127.44	14	39.58
131	137.75	161.06	12	71.79
132	106.11	65.22	12	35.31
133	165	182.62	12	105.12
134	155.76	85.62	11	57.58
Drivers: 13
id	x	y	end	sensitivity
100	107.37	64.63	12	1
101	174.67	4.5	12	1.03
102	162.18	91.06	10	1.29
103	161.53	170.57	11	0.78
104	192.5	79.86	11	0.58
105	93.77	91.6	10	1.78
106	130.54	0.96	11	1.95
107	77.53	141.84	11	1.16
108	12.76	187.25	12	0.91
109	50.38	76.47	13	1.86
110	191.28	40.77	12	1.55
111	166.51	162.97	13	0.7
112	146.56	90.26	11	1.02
Period: 10
Tasks:10
id	x	y	end	c
135	104.12	72.24	14	28.06
136	150.64	194.99	13	107.65
137	112.76	92.71	13	14.7
138	176.78	29.01	12	104.57
139	37.81	23.31	15	98.74
140	53.06	104.24	12	47.13
141	8.51	27.31	17	116.85
142	61.77	115	13	41.07
143	132.94	45.37	14	63.79
144	176.07	134.23	14	83.42
Drivers: 5
id	x	y	end	sensitivity
113	177.16	151.75	11	1.96
114	110.54	49.58	10	0.91
115	103.46	136.15	12	1.33
116	59.16	128.19	10	0.82
117	185.95	124.65	10	1.35
Period: 11
Tasks:15
id	x	y	end	c
145	64.45	81.55	14	40.05
146	88.97	24.24	19	76.56
147	184.01	68.59	14	89.69
148	10.4	13.14	12	124.79
149	40.59	83.76	14	61.59
150	131.63	131.18	14	44.41
151	158.91	80.75	14	61.98
152	37.24	105.9	15	63.04
153	100.2	4.13	17	95.87
154	84.51	71.03	13	32.85
155	5.57	158.22	14	110.94
156	140.21	16.14	13	93
157	189.34	81.93	12	91.15
158	95.58	161.77	13	61.93
159	35.01	0.86	21	118.54
Drivers: 10
id	x	y	end	sensitivity
118	57.22	84.28	12	1.84
119	119.22	114.6	16	1.54
120	170.82	174.89	13	1.67
121	172.94	171.48	13	1.04
122	174.41	4.13	12	1.55
123	71.42	44.23	16	0.52
124	21.95	134.66	13	1.4
125	45.57	104.25	13	0.93
126	61.53	18.31	14	0.9
127	164.28	69.37	15	0.55
Period: 12
Tasks:16
id	x	y	end	c
160	36.95	67.93	19	70.74
161	130.99	109.32	16	32.36
162	23.93	135.16	16	83.8
163	109.62	118.78	15	21.1
164	174.7	14.05	14	113.87
165	2.03	147.23	15	108.76
166	38.36	121.2	14	65.18
167	164.77	34.39	14	92.19
168	141.51	126.83	14	49.43
169	102.73	177.65	15	77.7
170	175.29	165.31	16	99.67
171	137.36	188	14	95.6
172	59.95	69	18	50.65
173	109.15	17.32	15	83.18
174	30.45	41.63	13	90.8
175	183.4	8.09	12	124.11
Drivers: 4
id	x	y	end	sensitivity
128	121.89	30.09	13	1.27
129	23.66	116.86	16	1.13
130	67.98	186.47	15	1.91
131	176.36	22.77	13	1.88
Period: 13
Tasks:9
id	x	y	end	c
176	28.46	135.38	15	79.81
177	52.26	135.93	16	59.75
178	16.29	164.35	19	105.59
179	47.83	27.75	17	89.12
180	52.31	156.25	15	73.75
181	198.89	188.89	16	132.97
182	88.1	6.21	19	94.54
183	29.85	28.51	16	100.16
184	115.38	168.46	18	70.17
Drivers: 10
id	x	y	end	sensitivity
132	36.58	100.42	18	0.71
133	182.41	19.7	14	1.2
134	29.66	106.68	15	1.35
135	138.62	40.58	18	1.14
136	17.46	145.83	14	0.55
137	108.15	197.06	17	1.91
138	48.54	52.46	15	1.93
139	155.24	145.75	13	0.87
140	189.35	172.99	13	1.52
141	50.65	9.23	13	1.35
Period: 14
Tasks:10
id	x	y	end	c
185	43.02	65.01	15	66.87
186	71.33	37.63	19	68.64
187	184.97	65.77	18	91.61
188	64.48	179.51	18	87.08
189	122.06	190.45	15	93.1
190	38.69	0.67	16	116.73
191	62.15	73.36	17	46.29
192	187.62	59.05	15	96.72
193	135.16	6.91	18	99.51
194	42.13	51.04	18	75.8
Drivers: 11
id	x	y	end	sensitivity
142	169.59	104.64	16	0.86
143	166.64	170.6	15	0.6
144	61.38	142.28	17	1.25
145	135.74	53.76	18	0.76
146	81.75	178.74	16	1.86
147	151.12	177.14	16	1
148	113.08	36.97	15	1.29
149	81.5	112.87	15	1.58
150	37.86	169.78	18	0.64
151	12.12	103.63	14	1.32
152	75.92	149.67	15	1.1
Period: 15
Tasks:18
id	x	y	end	c
195	106.82	101.78	18	7.05
196	96.98	144.31	20	44.41
197	45.26	77.09	20	59.34
198	145.6	21.92	18	90.42
199	44.68	138.71	17	67.52
200	189.32	147.62	18	101.22
201	94.41	183.64	18	83.83
202	190.63	193.17	17	129.98
203	28.69	159.68	21	92.99
204	112.67	162.44	16	63.71
205	185.5	195.69	21	128.32
206	12.87	83.92	18	88.6
207	138.5	196.88	18	104.25
208	178.3	45.89	16	95.18
209	117.74	46.54	18	56.33
210	144.45	5.52	19	104.41
211	7.57	40.04	21	110.17
212	191.11	36.59	18	111
Drivers: 10
id	x	y	end	sensitivity
153	27.74	160.01	19	1.08
154	151.05	21.14	17	1.32
155	18.85	66.31	18	1.36
156	14.9	0.87	15	1.14
157	26.65	148.87	18	1.78
158	118.92	97.99	15	1.47
159	112.51	150.48	15	1.25
160	67.87	26.03	18	0.65
161	74.5	144.4	16	0.66
162	112.22	34	17	1.97
Period: 16
Tasks:12
id	x	y	end	c
213	86.18	157.51	19	59.15
214	135.92	177.07	17	85.03
215	179.6	40.41	18	99.43
216	157.35	92.47	19	57.84
217	135.78	195.48	19	101.96
218	127.55	194.77	18	98.69
219	35.14	105.05	18	65.06
220	141.84	49.68	20	65.44
221	48.45	40.98	19	78.36
222	190.62	179.18	19	120.34
223	164.92	112.34	18	66.08
224	184.02	11.73	21	121.86
Drivers: 4
id	x	y	end	sensitivity
163	197.43	1.67	18	1.58
164	70.24	51.87	19	1.42
165	94.14	78.38	18	1.93
166	175.49	82.3	16	1.62
Period: 17
Tasks:15
id	x	y	end	c
225	31.05	85.25	23	70.51
226	162.66	154.49	19	83.04
227	103.52	131.64	18	31.84
228	188.27	15.37	21	122.29
229	46.71	13.91	18	101.25
230	139.5	26.64	20	83.32
231	126.29	81.33	21	32.24
232	103.32	150.8	18	50.91
233	16.7	97.01	20	83.35
234	182.06	128.95	20	87.02
235	119.68	93.3	17	20.79
236	120.55	77.46	25	30.5
237	42.01	127.53	22	64.19
238	163.94	197.14	22	116.29
239	70.34	181.38	22	86.62
Drivers: 9
id	x	y	end	sensitivity
167	154.05	81.47	19	0.62
168	171.07	166.13	18	1.11
169	24.21	51.6	17	2
170	23.57	1.94	18	0.73
171	71.01	123.33	18	1.85
172	198.76	156.55	18	1.72
173	148.73	161.78	18	1.61
174	34.15	179.84	18	1.63
175	168.62	109.89	21	1.4
Period: 18
Tasks:14
id	x	y	end	c
240	12.02	57.85	19	97.56
241	138.64	8.97	22	98.89
242	42.56	123.01	20	61.88
243	138.56	118.66	23	42.84
244	57.37	10.53	22	99.11
245	113.78	113.74	20	19.46
246	153.79	61	19	66.44
247	137.77	104.59	19	38.05
248	60.77	17.54	20	91.32
249	1.38	3.58	20	137.92
250	27.75	162.26	20	95.37
251	131.88	64.72	22	47.55
252	101.72	60.45	21	39.59
253	26.22	157.04	20	93.26
Drivers: 11
id	x	y	end	sensitivity
176	20.15	107.34	20	0.94
177	28.61	42.92	20	1.81
178	77.8	29.8	19	1.45
179	52.07	181.36	21	1.67
180	51.67	46.57	18	1.11
181	144.68	151.19	19	1.09
182	6.69	131.54	19	0.83
183	131.8	120.94	20	0.85
184	5.39	77.37	19	1.99
185	156.19	146.85	20	0.81
186	177.37	38.46	21	1.2
Period: 19
Tasks:20
id	x	y	end	c
254	198.11	128.03	22	102.04
255	56.67	172.07	21	84.09
256	91.88	126.02	22	27.26
257	160.69	178.24	20	99.02
258	128.05	58.03	22	50.48
259	88.02	63.76	21	38.17
260	195.19	115.76	20	96.49
261	162.4	41.14	23	85.78
262	175.22	103.27	20	75.29
263	41.58	103.98	21	58.56
264	177.43	113.64	21	78.62
265	45.98	9.86	19	105.09
266	112.97	60.64	22	41.44
267	91.71	156.32	23	56.93
268	127.5	85.99	21	30.86
269	127.37	61.36	21	47.35
270	125.04	197.5	23	100.66
271	84.76	64.89	22	38.27
272	103.03	106.03	21	6.75
273	56.83	10.43	19	99.43
Drivers: 10
id	x	y	end	sensitivity
187	70.69	42.67	19	1.56
188	44.73	31.21	20	1.77
189	192.36	58.66	20	1.63
190	142.43	191.73	24	1.71
191	67.92	26.28	19	1.66
192	18.58	137.43	20	1.63
193	18.84	161.05	22	0.56
194	168.77	19.48	22	1.81
195	98.08	149.15	20	1.9
196	101.31	50.36	22	1.99
Period: 20
Tasks:13
id	x	y	end	c
274	20.04	15.05	22	116.66
275	4.52	98.29	22	95.5
276	93.9	31.46	24	68.81
277	165.61	129.68	21	72.01
278	117.37	171.31	23	73.4
279	66.69	49.02	24	60.9
280	172.57	134.11	25	80.19
281	67.67	24.51	21	82.12
282	159.4	163.71	23	87.11
283	121.62	152.92	25	57.17
284	33.43	6.98	23	114.39
285	0.75	58.38	22	107.62
286	145.01	166.91	22	80.64
Drivers: 11
id	x	y	end	sensitivity
197	190.88	20.09	24	1.86
198	94.98	195.02	21	0.51
199	107.19	72.63	24	0.55
200	189.07	185.69	21	1.49
201	61.84	51.96	21	1.91
202	116.69	175.71	21	0.58
203	185.78	49.91	22	0.83
204	67.61	150.32	23	1.87
205	108.49	144.43	22	1.14
206	109.55	132.58	24	0.6
207	160.19	81.31	21	0.98
Period: 21
Tasks:18
id	x	y	end	c
287	151.08	161.18	23	79.7
288	176.66	63.33	23	84.98
289	153.76	51.56	25	72.36
290	23.74	110.62	26	77
291	116.3	35.59	23	66.44
292	0.38	114.94	25	100.73
293	139.27	92.37	25	40
294	131.49	45.81	24	62.68
295	122.4	66.13	23	40.61
296	27.6	55.69	26	84.88
297	176.56	80.09	22	79.11
298	137.29	118.12	25	41.46
299	12.93	172.21	26	113.12
300	74.23	105.55	25	26.36
301	101.25	41.71	22	58.3
302	43.9	161.76	22	83.44
303	194.46	156.48	22	110.06
304	152.47	0.85	23	112.18
Drivers: 16
id	x	y	end	sensitivity
208	178.17	49.86	21	1.9
209	63.72	180.26	23	1.42
210	79.14	177.11	24	1.94
211	136.47	45.04	24	1.38
212	97.26	182.45	24	1.61
213	164.01	92.55	22	1.8
214	135.4	80.48	22	0.99
215	12.86	79.85	23	0.76
216	145.53	80.57	23	1.57
217	149.32	80.91	23	0.67
218	51.72	12.93	23	0.54
219	81.9	129.12	22	0.69
220	180.39	121.89	26	1.65
221	177.59	93.14	22	1.75
222	57.86	42.01	22	1.27
223	0.45	74.96	27	0.73
Period: 22
Tasks:16
id	x	y	end	c
305	198.26	12.97	23	131.26
306	84.23	38.31	29	63.67
307	75.17	162.12	24	66.9
308	134.36	74.66	25	42.69
309	78.14	147.35	26	52.15
310	132.25	184.3	28	90.26
311	40.92	197.3	26	113.83
312	54.27	56.71	23	62.97
313	175.81	58.84	27	86.26
314	111.12	96.07	25	11.79
315	188.79	150.89	23	102.34
316	168.99	93.92	24	69.26
317	7.31	198	26	134.89
318	185.46	31.13	26	109.76
319	63.94	33.07	25	76.03
320	160.77	30.74	25	92.14
Drivers: 11
id	x	y	end	sensitivity
224	146.91	81.17	23	0.59
225	76.17	102.47	26	0.85
226	132.76	152.17	26	1.73
227	123.78	40.58	22	1.79
228	37.55	48.43	26	1.45
229	30.2	7.31	25	0.85
230	43.93	10.92	26	1.71
231	33.78	173.74	23	1.75
232	130.05	13.9	26	1.09
233	161.89	140.91	22	0.92
234	104.13	59.9	22	0.94
Period: 23
Tasks:8
id	x	y	end	c
321	166.02	185.8	26	108.26
322	166.99	124.97	27	71.49
323	86.64	24.99	26	76.19
324	99.33	107.33	26	7.36
325	122.64	122.32	26	31.79
326	131.37	120.66	28	37.56
327	3.11	183.74	26	128.06
328	180.3	198.71	24	127.25
Drivers: 8
id	x	y	end	sensitivity
235	140.29	182.26	26	0.88
236	105.07	190.57	25	0.69
237	118.36	23.52	24	1.6
238	89.11	31.02	26	1.31
239	20.04	82.07	27	1.28
240	199.88	167.69	25	1.11
241	123.97	121.29	25	0.58
242	6.94	14.28	28	1.2
Period: 24
Tasks:18
id	x	y	end	c
329	83.91	150.87	26	53.35
330	161.29	146.37	28	76.85
331	62.01	172.98	30	82.28
332	47.64	105.39	29	52.64
333	157.82	136.37	28	68.31
334	34.8	14.94	25	107.17
335	6.22	105.38	27	93.93
336	26.84	182.47	30	110.24
337	115.1	139.44	25	42.23
338	150.21	32.24	26	84.34
339	27.68	41.1	27	93.27
340	9.56	190.3	29	127.8
341	196.83	167.44	30	118
342	194.93	54.24	27	105.38
343	189.19	34.69	25	110.55
344	100.73	145.58	29	45.59
345	73.26	14.91	26	89.19
346	172.79	198.18	29	122.22
Drivers: 9
id	x	y	end	sensitivity
243	16.02	194.75	28	1.81
244	83.7	75.96	25	0.62
245	121.4	142.89	26	0.87
246	130.74	21.05	25	1.61
247	177.66	110.52	26	0.5
248	99.9	145.13	26	1.48
249	99.69	102.38	29	0.87
250	157.29	89.48	26	1.67
251	46.07	159.02	27	1.92
Period: 25
Tasks:17
id	x	y	end	c
347	94.58	165.31	26	65.53
348	141.57	7.67	26	101.26
349	39.24	175.33	28	96.78
350	169.02	125.85	26	73.7
351	21.97	150.47	27	92.93
352	8.22	62.89	27	99
353	82.14	12.17	30	89.63
354	128.22	133.28	30	43.63
355	111.29	115.07	26	18.83
356	171.04	123.58	32	74.85
357	47.38	88.05	31	53.96
358	166.83	100.51	31	66.83
359	152.43	48.46	29	73.52
360	181.56	186.35	29	118.78
361	164.7	75.87	29	69.05
362	40.74	79.31	27	62.77
363	143.9	15.54	28	95.19
Drivers: 5
id	x	y	end	sensitivity
252	48.42	16.14	26	0.99
253	53.98	57.34	25	1.35
254	116.3	20.21	25	0.75
255	109.94	143.41	28	1.68
256	28.66	78.96	26	0.81
Period: 26
Tasks:8
id	x	y	end	c
364	146.63	146.63	27	65.94
365	47.2	54.34	30	69.8
366	65.96	137.15	28	50.39
367	110.7	52.7	27	48.5
368	15.58	193.76	26	126.17
369	178.11	18.65	28	112.78
370	168.83	112.09	29	69.88
371	162.56	9.72	27	109.84
Drivers: 4
id	x	y	end	sensitivity
257	21.49	120.52	30	1.9
258	146.37	128.07	28	1.2
259	127.4	186.16	31	1.78
260	107.84	77.16	29	1.54
Period: 27
Tasks:18
id	x	y	end	c
372	9.19	62.23	30	98.35
373	69.43	134.33	29	45.97
374	159.31	87.48	30	60.62
375	123.83	51.76	28	53.8
376	168.77	31.04	29	97.39
377	36.15	110.09	30	64.64
378	142.86	151.85	29	67.27
379	191.43	111.53	28	92.15
380	155.08	151.32	28	75.28
381	134.82	127.82	30	44.57
382	158.46	3.36	29	112.95
383	187.33	1.56	29	131.59
384	133.35	124.81	32	41.57
385	5.51	115.56	28	95.76
386	39.42	63.27	27	70.85
387	84.35	87.64	32	19.94
388	21.18	62.09	30	87.46
389	86.72	115.1	31	20.11
Drivers: 10
id	x	y	end	sensitivity
261	47.22	156.05	29	0.85
262	132.65	75.3	29	1.7
263	125.32	142.36	31	1
264	41.66	56.57	30	1.54
265	9.68	110.83	30	0.89
266	5.07	171.54	28	1.62
267	52.98	13.15	27	1.52
268	4.18	180.58	30	1.15
269	11.6	106.26	29	1.61
270	94.1	64.78	29	1.66
Period: 28
Tasks:16
id	x	y	end	c
390	135.25	61.25	28	52.38
391	81.26	76.66	32	29.93
392	140.96	60.88	30	56.64
393	111.72	81.75	29	21.69
394	197.43	36.6	31	116.24
395	46.08	134.22	31	63.86
396	181.42	126	30	85.47
397	156.97	181.1	31	99.11
398	47.78	23.77	32	92.4
399	172.36	49.45	29	88.27
400	39.8	103.7	31	60.31
401	89.03	61.28	30	40.24
402	114.97	35.85	30	65.87
403	183.17	155.76	30	100.13
404	59.34	92.41	29	41.36
405	143.94	141.7	30	60.58
Drivers: 7
id	x	y	end	sensitivity
271	90.92	147.09	29	0.79
272	163.62	37.46	29	0.8
273	39.68	26.57	31	1.04
274	65.81	87.37	32	1.99
275	45.84	59.38	30	1.33
276	144.95	122.27	30	1.84
277	15.61	109.05	31	1.16
Period: 29
Tasks:13
id	x	y	end	c
406	90.71	62.12	33	39
407	127.45	119.99	33	33.96
408	41.59	19.28	31	99.64
409	179.31	149.66	33	93.57
410	89.52	27.26	31	73.49
411	122.13	101.16	31	22.16
412	193.35	192.93	31	131.72
413	149.18	142.14	34	64.76
414	28.35	106.83	29	71.97
415	192.19	186.28	31	126.27
416	69.58	37.83	30	69.21
417	68.2	58.79	32	52.05
418	59.81	64.46	32	53.65
Drivers: 13
id	x	y	end	sensitivity
278	185.85	187.9	31	0.8
279	54.64	177.78	31	0.86
280	156.28	24.38	33	1.26
281	190.92	33.56	30	1.1
282	55.93	6.25	32	1.33
283	164.71	141.65	31	1.15
284	58.21	103.17	30	0.91
285	77.73	110.68	33	1.79
286	29.14	113.85	30	1.79
287	67.92	87.01	32	1.23
288	164.85	171	29	1.9
289	93.17	22.43	30	1.45
290	6.39	166.77	31	0.91
Period: 30
Tasks:10
id	x	y	end	c
419	63.75	12.48	33	94.73
420	134.58	77.73	32	41.13
421	175.93	38.88	32	97.47
422	141.44	15.16	35	94.42
423	88.32	9.93	34	90.82
424	136.04	78.18	33	42.13
425	103.88	60.7	32	39.49
426	150.49	153.04	32	73.23
427	109.5	29.39	36	71.25
428	77.58	34.11	33	69.6
Drivers: 14
id	x	y	end	sensitivity
291	150.63	133.4	32	0.77
292	134.89	24.4	31	1.13
293	130.59	64.67	34	1.34
294	199.59	5.29	31	1.68
295	29.55	192.08	32	1.08
296	132.9	171.81	34	0.69
297	69.87	53.73	34	1.48
298	96.58	112.65	32	1.32
299	190.43	35.56	31	1.87
300	148.48	80.46	34	1.35
301	47.65	128.31	33	0.82
302	108.65	125.92	32	0.64
303	177.12	66.66	33	1.02
304	157.01	68.47	32	1.07
Period: 31
Tasks:19
id	x	y	end	c
429	43.61	163.33	36	84.8
430	17.99	16.25	36	117.22
431	19.47	51.53	37	93.99
432	109.27	55	32	45.94
433	144.57	6.16	34	103.89
434	72.47	133.82	33	43.61
435	115.57	7.19	34	94.11
436	22.2	93.78	31	78.05
437	95.65	179.57	36	79.69
438	160.45	168.21	36	91.14
439	19.2	128.51	36	85.68
440	165.49	171.65	36	97.07
441	45.05	95.18	31	55.16
442	85.96	26.26	33	75.06
443	177.6	199.42	33	126.12
444	125.64	170.45	35	74.97
445	102.51	51.35	36	48.71
446	160.97	159.96	36	85.51
447	143.69	108.16	35	44.45
Drivers: 10
id	x	y	end	sensitivity
305	56.46	162.85	33	0.85
306	132.67	59.9	33	1.26
307	163.41	22.4	37	1.9
308	196.35	160	31	1.35
309	119.54	35.73	32	1.18
310	144.65	188.62	31	1.54
311	85.64	168.51	32	1.78
312	29.82	6.11	31	0.98
313	28.23	182.42	33	1.61
314	25.31	117.91	32	1.36
Period: 32
Tasks:13
id	x	y	end	c
448	66.2	178.08	35	85.08
449	53.67	29.42	36	84.43
450	117.72	57.49	37	46.06
451	65.53	65.34	33	48.88
452	153.86	133.8	36	63.59
453	5.15	133.52	34	100.6
454	193.28	196.74	34	134.39
455	32.37	63.55	38	76.83
456	153.52	198.49	37	112.09
457	52.47	148.1	38	67.62
458	146.2	176.25	33	89.15
459	63.91	132.37	33	48.48
460	144.93	68.24	36	55.02
Drivers: 10
id	x	y	end	sensitivity
315	175.36	161.37	33	1.46
316	73.03	26.5	32	1.84
317	169.84	107.25	34	1.29
318	125.69	96.6	36	1.85
319	152.08	92.65	33	1.8
320	173.03	184.68	33	1.31
321	86.98	43.35	33	1.69
322	182.27	99.82	33	1.27
323	50.69	85.32	34	1.6
324	172.58	192.79	34	1.76
Period: 33
Tasks:16
id	x	y	end	c
461	171.35	102.83	35	71.41
462	0.25	141.51	35	108.04
463	105.56	21.03	37	79.17
464	102.04	7.7	34	92.32
465	53.93	45.74	39	71.18
466	59.42	190.43	37	99.12
467	97.63	100.56	34	2.44
468	190.96	125.74	34	94.53
469	189.38	152.18	35	103.5
470	119.94	93.43	34	20.99
471	36.03	62.99	36	73.9
472	165.71	47.02	35	84.41
473	154.74	99.65	38	54.74
474	122.48	132.35	35	39.39
475	23.32	173.98	34	106.55
476	7.33	19.93	34	122.47
Drivers: 7
id	x	y	end	sensitivity
325	28.97	7.15	33	0.82
326	107.01	165.61	36	1.26
327	124.01	74.44	33	1.22
328	11.79	60.13	36	1.13
329	75.39	82.19	33	0.75
330	168.57	151.61	36	0.77
331	46.48	53.33	34	0.58
Period: 34
Tasks:12
id	x	y	end	c
477	161.65	57.18	37	75.06
478	82.13	94.42	37	18.72
479	141.04	97.24	39	41.13
480	22.07	97.06	37	77.99
481	54.03	35.04	37	79.58
482	194.52	124.82	36	97.72
483	34.52	14.83	35	107.43
484	28.76	151.24	36	87.75
485	130.82	15.51	38	89.94
486	86.1	190.32	37	91.38
487	27.99	68.13	38	78.75
488	168.5	0.22	35	121.03
Drivers: 12
id	x	y	end	sensitivity
332	50.57	177.09	37	1.93
333	20.57	166.18	38	1.29
334	43.67	171.97	36	0.52
335	91.07	69.24	36	0.74
336	87.03	59.1	35	1.25
337	90.79	96.81	34	1.2
338	68.98	182.87	40	1.78
339	126.96	99.03	36	0.94
340	140.13	35.82	35	0.84
341	120.85	73.42	37	1.57
342	97.17	69.94	37	1.36
343	58.68	16.1	37	0.79
Period: 35
Tasks:12
id	x	y	end	c
489	88.97	191.64	38	92.3
490	104.43	45.18	38	55
491	136.9	88.11	40	38.77
492	32.56	36.77	39	92.45
493	176.31	138.85	38	85.63
494	186.38	140.72	39	95.5
495	8.37	43.31	36	107.75
496	195.03	189.42	41	130.49
497	87.87	35.05	40	66.07
498	88.59	161.67	37	62.72
499	129.44	35.18	38	71.19
500	29.78	115.9	36	72
Drivers: 9
id	x	y	end	sensitivity
344	57	194.37	36	1.99
345	147.35	44.02	37	0.67
346	85.33	133.76	36	1.18
347	138.96	4.36	36	1.16
348	87.79	27.37	37	1.54
349	87.57	166.64	35	0.85
350	91.59	82.43	36	0.76
351	81.04	194.61	36	1.81
352	192.9	40.53	35	1.68
Period: 36
Tasks:16
id	x	y	end	c
501	189.31	29.91	39	113.53
502	139.22	100.13	39	39.22
503	120.66	20.64	40	82.01
504	4.99	91.35	40	95.4
505	92.78	167.33	39	67.72
506	20.18	22.21	40	111.46
507	7.41	193.03	37	131.25
508	71.51	100.74	39	28.5
509	62.1	96.48	37	38.06
510	76.34	99.79	38	23.66
511	41.16	177.42	39	97.24
512	185.91	42.82	41	103.2
513	75.68	104.6	39	24.75
514	52.6	120.93	39	51.82
515	146.63	3.85	39	106.86
516	159.42	185.53	40	104.14
Drivers: 10
id	x	y	end	sensitivity
353	115.1	172.12	38	0.67
354	120.29	88.78	38	1.94
355	61.25	191.61	37	1.39
356	14.61	146.97	39	1.19
357	189.49	144.46	37	1.29
358	94.45	13.06	39	0.67
359	89.18	185.88	37	1.96
360	170.31	59.21	36	1.1
361	142.52	98.77	38	1.27
362	127.36	110.57	38	1.3
Period: 37
Tasks:19
id	x	y	end	c
517	154.93	33.76	43	86.05
518	173.25	29.97	40	101.34
519	195.43	40.47	39	112.48
520	107.88	136.1	41	36.95
521	78.18	81.89	39	28.36
522	49.56	189.58	43	102.8
523	99.39	137.33	40	37.33
524	140.79	125.66	42	48.19
525	190.75	121.48	43	93.26
526	42.26	36.4	41	85.9
527	62.66	181.97	41	90.07
528	137.83	190.48	40	98.07
529	97.67	154.83	39	54.88
530	47.42	18.78	39	96.75
531	1.17	171.87	37	122.2
532	142.49	184.6	38	94.67
533	180.11	59.1	40	89.95
534	78.68	128.53	37	35.62
535	149.47	125.22	38	55.53
Drivers: 10
id	x	y	end	sensitivity
363	35.58	74.49	41	0.91
364	27.24	36.5	40	1
365	101.23	19.32	39	1.19
366	71.38	32.42	38	1.7
367	38.87	121.54	40	0.67
368	24.2	6.06	40	1.93
369	15.82	17.73	38	0.57
370	56.69	95.73	38	1.67
371	158.85	129.04	40	1.24
372	103.4	82.9	41	0.92
Period: 38
Tasks:20
id	x	y	end	c
536	194.56	111.46	41	95.25
537	43.33	145.08	39	72.41
538	113.3	19.38	43	81.71
539	24.83	58.87	43	85.69
540	94.83	194.94	38	95.08
541	137.07	8.43	38	98.79
542	100.76	154.74	41	54.75
543	194.7	184.09	43	126.65
544	58.95	15.86	44	93.62
545	43.92	7.5	45	108.17
546	184.24	145.31	40	95.65
547	147.62	132.96	41	57.91
548	19.72	185.03	42	116.94
549	27.07	99.81	41	72.93
550	157.5	52.4	45	74.65
551	159.07	37.68	39	85.87
552	132.2	165.11	39	72.64
553	152.76	177.41	38	93.68
554	66.95	139.57	39	51.56
555	51.61	57.37	41	64.49
Drivers: 11
id	x	y	end	sensitivity
373	66.24	178.67	39	1.28
374	156.71	43.86	39	1.43
375	89.56	8.93	41	0.76
376	23.89	39.13	39	1
377	198.97	140.33	40	1.43
378	91.25	192.93	40	1.03
379	183.4	139.65	38	1.04
380	192.49	172.16	42	0.75
381	106.38	91.56	40	0.58
382	18.31	68.17	40	0.68
383	111.13	199.75	42	0.7
Period: 39
Tasks:23
id	x	y	end	c
556	11.76	92.51	48	88.56
557	188.74	78.47	42	91.31
558	113.19	99.95	41	13.19
559	104.45	70.98	43	29.36
560	161.11	5.34	43	112.67
561	3.84	50.91	44	107.97
562	21.42	191.82	39	120.85
563	91.62	162.9	44	63.46
564	54.12	141.05	42	61.56
565	41.54	8.31	40	108.74
566	93.2	198.5	40	98.73
567	141.01	95.5	41	41.26
568	21.66	35.87	41	101.24
569	79.15	102.87	41	21.05
570	39.72	1.26	42	115.69
571	22.86	4.94	42	122.42
572	88.23	31.11	44	69.89
573	199.2	143.61	41	108.36
574	9.07	116.9	39	92.49
575	138.26	113.32	39	40.51
576	159.53	74.2	42	64.88
577	137.05	176.04	41	84.59
578	127.82	144	46	52.06
Drivers: 9
id	x	y	end	sensitivity
384	5.65	174.38	41	0.75
385	100.91	12.32	42	0.88
386	49.55	18.52	41	0.63
387	134.52	75.12	44	1.78
388	122.37	114.09	43	1.27
389	52.06	13.92	39	0.82
390	31.33	49.35	40	0.62
391	13.4	83.14	40	0.94
392	42.57	63.12	42	1.27
Period: 40
Tasks:12
id	x	y	end	c
579	82.65	141.34	46	44.83
580	163.58	42.34	44	85.83
581	38.35	60.58	42	73.18
582	5.67	39.84	40	111.88
583	184.97	24.96	42	113.36
584	99.2	40.62	41	59.39
585	3.21	14.98	44	128.83
586	188.17	122.85	42	91.08
587	11.47	56.84	43	98.49
588	112.79	45.62	46	55.86
589	92.78	187.78	43	88.08
590	118.75	52.97	45	50.63
Drivers: 6
id	x	y	end	sensitivity
393	185.07	28.97	41	1.97
394	138.64	126.18	42	1.58
395	29.69	54.29	41	1.86
396	193.46	136.43	41	0.87
397	146.73	48.99	42	1.46
398	151.67	116.67	41	1.75
Period: 41
Tasks:16
id	x	y	end	c
591	42.85	12.02	47	104.91
592	184.43	31.94	43	108.45
593	153.95	55.22	44	70.11
594	63.39	143.18	41	56.61
595	187.57	10.54	49	125.19
596	97.25	156.55	43	56.62
597	100.51	160.18	46	60.18
598	145.41	167.52	43	81.37
599	92.53	73.41	42	27.62
600	38.71	49.85	42	79.19
601	48.5	111.55	43	52.78
602	98.65	147.3	43	47.32
603	144.89	186.32	43	97.29
604	192.59	55.5	44	102.73
605	161.11	196.6	42	114.31
606	10.16	47.54	45	104.03
Drivers: 9
id	x	y	end	sensitivity
399	154.47	118.54	43	1.89
400	57.52	152.9	45	0.87
401	166.71	73.26	42	1.34
402	94.16	137.05	43	0.69
403	36.96	9.35	41	1.46
404	58.49	98.58	46	1.62
405	16.26	22.11	44	0.93
406	116.37	57.75	43	1.7
407	136.96	85.21	44	0.72
Period: 42
Tasks:12
id	x	y	end	c
607	144.5	119.94	45	48.76
608	76.68	101.14	46	23.35
609	178.32	47.99	43	94.02
610	127.62	14.07	45	90.26
611	166.5	94.28	52	66.75
612	46.59	71.78	45	60.41
613	3.15	190.91	47	132.83
614	143.09	53.53	43	63.37
615	4.33	1.73	44	137.15
616	29.75	136.39	47	79.12
617	169.08	72.35	43	74.41
618	36.57	99.33	45	63.43
Drivers: 11
id	x	y	end	sensitivity
408	182.23	176.89	42	1.6
409	99.03	146.86	44	1.96
410	167.46	129.48	43	1.04
411	23.11	111.72	43	1.84
412	49.48	153.81	43	1.9
413	56.24	33.89	44	0.72
414	79.48	169.07	43	1.89
415	113.51	88.52	43	1.39
416	179.12	22.8	43	1.44
417	45.56	106.56	45	1.73
418	161.48	81.51	42	1.35
Period: 43
Tasks:15
id	x	y	end	c
619	154.29	45.37	44	77.02
620	34.12	76.15	45	70.06
621	130.19	116.8	45	34.55
622	149.55	183.56	49	97.15
623	143.73	19.96	48	91.21
624	147.83	161.16	44	77.64
625	113.41	124.67	46	28.08
626	44.14	129.81	45	63.32
627	84.99	41.89	51	60.02
628	120.36	10.47	47	91.82
629	108.63	160.78	48	61.39
630	73.34	42.25	43	63.61
631	122.15	45.61	43	58.73
632	58.06	42.08	46	71.51
633	103.35	189.39	45	89.45
Drivers: 11
id	x	y	end	sensitivity
419	22.51	24.03	44	0.89
420	93.42	146.78	43	0.54
421	62.28	177.31	46	1.44
422	155.53	30.93	46	1.46
423	172.09	165.17	43	1.45
424	156.62	120.72	45	1.36
425	47.91	53.13	49	1.72
426	2.53	120.51	44	1.46
427	106.38	148.83	52	1.52
428	140.13	159.37	44	0.57
429	37.51	182.06	44	1.06
Period: 44
Tasks:10
id	x	y	end	c
634	27.19	65.24	45	80.68
635	118.22	65.99	45	38.58
636	169.1	112.26	46	70.18
637	171.71	133.05	46	78.96
638	37.61	196.26	46	114.71
639	16.03	175.75	50	113.09
640	194.71	84.31	45	96
641	42.2	64.35	45	67.91
642	170.3	97.88	48	70.33
643	199.83	95.45	45	99.93
Drivers: 3
id	x	y	end	sensitivity
430	44.74	43.28	45	1.74
431	155.28	118.31	46	0.59
432	132.47	127.88	47	1.02
Period: 45
Tasks:17
id	x	y	end	c
644	104.2	102.94	49	5.13
645	183.85	161.6	50	104.05
646	99.2	116.32	46	16.34
647	149.12	42.75	47	75.43
648	119.51	18.93	47	83.38
649	85.98	8.12	47	92.94
650	187.88	68.24	49	93.44
651	109.29	62.33	48	38.8
652	162.78	119.14	46	65.63
653	29.65	157.93	50	91.13
654	0.01	103.3	50	100.04
655	176.8	199.57	49	125.75
656	146.5	190.15	46	101.44
657	15.88	57.82	49	94.1
658	106.78	184.04	48	84.31
659	155.88	118.34	47	58.81
660	75.94	5.91	46	97.12
Drivers: 9
id	x	y	end	sensitivity
433	48.64	145.19	46	0.51
434	123.01	122.06	48	1.17
435	9.93	24.76	51	1.87
436	110.88	34.24	48	0.89
437	142.42	61.61	47	0.53
438	115.12	179.41	45	1.79
439	194.36	10.16	48	0.88
440	31.61	152.23	51	1.53
441	106.86	192.96	46	0.8
Period: 46
Tasks:21
id	x	y	end	c
661	35.55	108.75	48	65.04
662	138.06	19.76	49	88.81
663	117.49	196.3	46	97.88
664	74.2	37.33	48	67.77
665	144.54	118.11	51	48.08
666	161.39	90.37	50	62.14
667	77.12	17.94	46	85.19
668	98.7	159.08	50	59.09
669	101.56	130.81	51	30.85
670	165.17	61.77	50	75.56
671	25.27	167.62	48	100.78
672	163.99	162.23	49	89.26
673	87.62	161.56	47	62.79
674	102.77	60.36	48	39.74
675	116.97	46.8	50	55.84
676	160.26	27.79	49	94.05
677	92.9	97.73	50	7.45
678	180.01	59.43	49	89.71
679	117.53	17.63	48	84.21
680	35.17	108.32	47	65.36
681	116.39	70.07	48	34.12
Drivers: 10
id	x	y	end	sensitivity
442	179.75	63.93	49	1.16
443	182.05	60.17	52	1.16
444	85.88	144.82	48	0.64
445	28.36	9.2	48	0.57
446	12.82	135.77	49	0.51
447	59.07	165.23	47	1.64
448	23.4	94.65	47	1.26
449	190.47	179.03	46	0.51
450	93.27	165.46	46	1.21
451	47	193	51	1.86
Period: 47
Tasks:19
id	x	y	end	c
682	185.84	86.68	52	86.87
683	3	1.24	47	138.43
684	33.38	199.65	52	119.87
685	93.35	67.18	50	33.49
686	149.42	168.8	50	84.71
687	26.02	129.05	50	79.48
688	163.96	101.16	52	63.97
689	0.18	59.53	48	107.71
690	117.12	25.36	47	76.58
691	133.77	36.69	51	71.75
692	71	167.27	52	73.25
693	199.52	14.62	51	131.13
694	33.91	101.62	51	66.11
695	88.6	122.24	51	24.99
696	23.28	90.03	52	77.37
697	104.09	40.42	55	59.72
698	52.39	106.8	51	48.09
699	132.49	172.86	49	79.78
700	44.02	191.64	52	107.39
Drivers: 12
id	x	y	end	sensitivity
452	23.35	38.63	50	0.68
453	132.83	86.66	47	1.12
454	153.74	30.49	51	1.12
455	40.88	133.17	50	1.52
456	71.46	74.82	47	1.71
457	97.34	14.54	48	0.94
458	188.36	78.33	50	1.94
459	33.22	43.04	48	1.57
460	147.76	15.27	49	1.36
461	0.55	172.44	50	0.93
462	8.87	169.89	48	1.43
463	40.32	140.05	51	1.64
Period: 48
Tasks:20
id	x	y	end	c
701	109.5	126.62	53	28.26
702	5.06	15.21	51	127.29
703	64.83	134.27	51	49.11
704	179.16	98.66	53	79.17
705	5.04	85.55	50	96.05
706	198.17	133.33	49	103.67
707	153	15.58	49	99.68
708	99.63	78.14	50	21.86
709	132.16	111.63	48	34.2
710	11.95	67.82	49	93.75
711	20.22	110.47	49	80.46
712	122.27	95.81	51	22.66
713	102.8	168.83	50	68.89
714	105.65	152.88	49	53.18
715	16.61	43.27	50	100.86
716	23.47	28.19	49	104.95
717	76.89	4.68	54	98.08
718	155.88	108.39	54	56.51
719	181.91	133.48	51	88.49
720	17.82	193.19	53	124.25
Drivers: 11
id	x	y	end	sensitivity
464	110.42	78.96	48	1.65
465	169.01	35.78	49	0.82
466	55.22	25.23	48	1.81
467	162.3	95.12	49	1.55
468	17.31	163.41	49	1.07
469	2.08	196.82	50	0.81
470	91.91	98.19	51	1.76
471	85.03	66.8	50	1.5
472	173.86	34.41	49	1.71
473	130.99	63.93	48	0.99
474	13.65	65.95	52	1.31
Period: 49
Tasks:17
id	x	y	end	c
721	186.77	123.62	53	89.93
722	93.02	96.11	50	7.99
723	97.23	181.53	54	81.58
724	109.91	31.63	51	69.08
725	46.95	33.16	55	85.33
726	63	20.56	51	87.63
727	144.5	171.12	50	83.89
728	3.16	108.22	55	97.19
729	197.72	127.13	52	101.42
730	89.91	150.76	51	51.75
731	158.96	199.87	51	115.98
732	195.42	143.86	54	105.02
733	19.04	68.72	50	86.79
734	87.01	65.54	51	36.83
735	40.3	141.69	52	72.82
736	129.24	53.73	53	54.73
737	198.78	124.27	50	101.72
Drivers: 6
id	x	y	end	sensitivity
475	17.31	86.76	51	1.61
476	65.64	150.73	51	0.67
477	78.3	10.04	51	1.42
478	75.3	146.17	50	0.72
479	20.02	64.79	53	1.86
480	47.89	112.54	51	1.28
Period: 50
Tasks:14
id	x	y	end	c
738	195.96	58.56	52	104.53
739	80.72	106.7	51	20.41
740	25.98	14.21	58	113.31
741	178.31	150.75	54	93.32
742	92.59	21.41	52	78.94
743	133.73	58.71	52	53.32
744	165.31	28.27	53	97.01
745	78.44	81.21	51	28.6
746	117.13	17.84	53	83.93
747	132.31	69.49	54	44.44
748	143.75	27.24	51	84.9
749	5.38	63.8	53	101.31
750	64.82	89.52	53	36.71
751	62.12	79.09	52	43.27
Drivers: 5
id	x	y	end	sensitivity
481	131.26	165.74	53	1.38
482	31.26	71.59	54	0.63
483	85.31	124.88	51	1.7
484	159.42	12.65	54	0.63
485	155.86	1.75	52	1.41
Period: 51
Tasks:7
id	x	y	end	c
752	116.07	197.01	53	98.33
753	115.16	10.67	56	90.61
754	16.84	141.39	55	92.89
755	79.64	195.36	51	97.51
756	24.21	146.33	54	88.83
757	17.8	109.61	53	82.76
758	13.22	1.77	54	131.07
Drivers: 13
id	x	y	end	sensitivity
486	81.24	105.38	51	1.5
487	42.48	182.63	55	1.85
488	81.35	27.12	52	0.79
489	122.59	145.64	54	1.82
490	91.31	178.81	53	1.58
491	158.57	52.49	51	1.57
492	85.84	8.83	53	0.93
493	55.55	77.32	58	1.45
494	135.94	67.52	54	1.14
495	12	43.38	51	1.64
496	71.47	21.4	51	1.97
497	123.46	176.94	51	1.46
498	195.46	193.89	54	0.99
Period: 52
Tasks:15
id	x	y	end	c
759	85.6	52.08	56	50.04
760	185.33	142.8	54	95.46
761	89.01	62.02	55	39.54
762	121.89	9.79	54	92.83
763	133.12	108.01	57	34.07
764	22.11	58.56	58	88.23
765	58.84	22.46	55	87.79
766	87.68	147.37	55	48.95
767	93.04	8.51	57	91.75
768	128.35	27.71	54	77.65
769	67.78	10.8	52	94.84
770	29.92	190.01	57	114.07
771	144.31	141.94	56	61.01
772	43.29	195.61	55	111.16
773	173.4	193.9	55	119.18
Drivers: 9
id	x	y	end	sensitivity
499	185.36	16.89	55	0.74
500	122.6	143.84	52	1.05
501	29.21	17.56	53	0.97
502	9.85	1.15	52	1
503	10.74	116.89	52	0.74
504	3.24	13.84	52	0.78
505	52.92	19.02	53	1.31
506	22.9	6.42	55	0.53
507	72.51	142.05	54	1
Period: 53
Tasks:13
id	x	y	end	c
774	5.38	149.89	55	106.97
775	147.8	15.44	57	97.14
776	38.54	91.86	55	62
777	36.49	4.73	58	114.5
778	110.94	93.71	56	12.62
779	138.01	171.02	58	80.55
780	88.16	77.24	58	25.66
781	171.3	39.02	54	93.82
782	80.93	90.35	58	21.37
783	156.27	65.01	57	66.26
784	66.81	170.4	57	77.83
785	56.01	82.55	55	47.32
786	81.76	10.22	58	91.61
Drivers: 12
id	x	y	end	sensitivity
508	14.3	34.52	55	1.62
509	48.1	109.96	58	1.2
510	192.56	61.72	56	1.5
511	117.04	63.73	56	1.88
512	118.66	143.46	55	1.04
513	169.55	109.12	53	1.01
514	115.15	36.63	54	1.23
515	41.41	56.29	55	0.84
516	40.4	175.75	56	0.96
517	183.94	132.98	56	1.68
518	109.98	196.02	55	1.1
519	50.09	37.6	54	1.1
Period: 54
Tasks:17
id	x	y	end	c
787	134.29	21.12	59	86.01
788	170.28	50.23	57	86.12
789	49.47	197.81	56	110.09
790	43.22	145.3	55	72.64
791	49.64	57.56	55	65.86
792	197.2	92.13	58	97.52
793	26.63	110.4	56	74.1
794	59.62	92.53	57	41.07
795	89.59	176.4	58	77.11
796	147.48	153.65	57	71.64
797	145.24	112.83	56	47.02
798	92.5	146.33	58	46.93
799	184.35	23.91	57	113.6
800	120	67.52	56	38.14
801	191.99	156.43	59	107.92
802	52.27	192.25	58	103.87
803	145.82	47.32	57	69.82
Drivers: 14
id	x	y	end	sensitivity
520	83.93	164.02	58	1.61
521	122.52	22.31	56	1.76
522	30.31	5.14	57	0.56
523	120.71	77.31	54	1.28
524	176.23	117.9	56	1.83
525	195.34	58.41	54	1.94
526	38.46	62.31	55	1.98
527	81.6	52.7	57	1.76
528	42.57	171.02	57	0.92
529	132.48	101.35	57	1.33
530	54.16	27.15	56	0.59
531	29.26	163.98	57	1.18
532	86.17	171.95	56	1.22
533	125.28	113.69	58	0.74
Period: 55
Tasks:21
id	x	y	end	c
804	28.35	187.7	56	113.25
805	99.23	150.1	60	50.11
806	79.78	86.03	56	24.58
807	104.2	6.23	59	93.86
808	117.6	179.56	57	81.48
809	128.94	105.32	56	29.42
810	159.85	101.23	60	59.86
811	187.49	86.85	58	88.47
812	72.6	102.46	61	27.51
813	40.22	96.71	58	59.87
814	147.62	172.26	57	86.54
815	145.44	66.85	59	56.25
816	126.47	95.09	58	26.92
817	9.18	34.6	60	111.92
818	18.54	35.43	61	103.95
819	50.46	57.91	60	65.01
820	145.52	128.34	58	53.62
821	133.76	122.31	55	40.47
822	49.03	110.16	58	51.97
823	148.08	35.77	57	80.23
824	123.78	53.3	56	52.41
Drivers: 11
id	x	y	end	sensitivity
534	70.3	54.04	56	1.89
535	108.47	131.46	56	0.61
536	25.87	157.59	56	1.49
537	61.15	182.39	56	0.86
538	67.16	171.6	57	1.49
539	1.54	101.15	56	0.51
540	50.55	34.81	56	1.33
541	18.79	78.86	56	0.56
542	157.98	31.17	57	1.85
543	145.79	32.47	56	1.07
544	95.6	112.22	57	0.76
Period: 56
Tasks:9
id	x	y	end	c
825	166.76	62.13	61	76.75
826	10.05	14.12	59	124.36
827	121.64	186.89	58	89.54
828	103.58	134.15	58	34.34
829	116.56	80.78	64	25.37
830	113.69	67.84	59	34.95
831	174.35	115.77	60	76
832	98.59	176.3	62	76.31
833	64.82	164.57	57	73.53
Drivers: 12
id	x	y	end	sensitivity
545	166.31	133.2	58	1.85
546	122.24	192.67	58	1.68
547	95.87	99.08	58	1.48
548	123.84	72.75	58	1.82
549	32.64	100.42	58	1.19
550	104.57	10.8	57	1.32
551	129.34	125.69	57	1.95
552	190.74	169.92	59	0.96
553	132.74	150.23	59	1.21
554	68.88	63.86	57	0.53
555	188.9	153.54	60	0.85
556	107.38	147.55	60	1.22
Period: 57
Tasks:17
id	x	y	end	c
834	133.75	36.93	59	71.53
835	46.27	126.75	61	60.02
836	157.9	63	60	68.71
837	97.33	108.4	63	8.81
838	104.95	173.41	59	73.58
839	49.97	49.76	63	70.9
840	194.7	47.44	62	108.31
841	45.84	34.64	61	84.88
842	199.63	54.53	60	109.52
843	191.23	157.12	59	107.64
844	178.25	196.37	64	124.14
845	191.34	164.65	60	111.9
846	25.72	129.18	59	79.81
847	186.65	113.59	60	87.71
848	94.34	0.42	60	99.74
849	71.91	70.04	59	41.07
850	110.13	134.08	59	35.55
Drivers: 10
id	x	y	end	sensitivity
557	162.92	184.66	62	1.87
558	64.3	105.23	60	0.57
559	21.56	122	60	1.88
560	77.78	124.1	60	0.9
561	145.69	49.92	57	1.59
562	95.17	93.77	60	1.07
563	92.77	195.22	60	1.34
564	105.75	3.89	59	1.44
565	70.95	92.41	58	1.75
566	198.83	132.51	60	1.64
Period: 58
Tasks:15
id	x	y	end	c
851	39.51	180.8	64	100.93
852	1.82	78.21	64	100.57
853	20.88	147.11	64	92.08
854	150.81	171.77	59	87.94
855	86.97	81.51	63	22.62
856	110.51	14.3	60	86.34
857	128.29	78.6	59	35.47
858	46.27	143.16	63	68.92
859	11.17	120.84	59	91.24
860	188.53	162.95	58	108.63
861	146.44	161.54	62	77.1
862	52.93	149.89	59	68.59
863	108.59	107.23	60	11.23
864	198.15	184.09	60	129.25
865	100.1	164.01	58	64.01
Drivers: 4
id	x	y	end	sensitivity
567	102.58	31.71	58	1.25
568	115.75	103.11	60	0.77
569	83.41	4.99	60	0.59
570	109.39	77.85	59	0.53
Period: 59
Tasks:26
id	x	y	end	c
866	6.49	65.67	60	99.61
867	33.65	43.23	60	87.32
868	147.75	39.05	60	77.43
869	163.91	156.51	66	85.31
870	21.28	194.77	60	123.2
871	151.42	132.95	62	61.07
872	70.18	135.8	60	46.59
873	55.58	95.85	60	44.61
874	88.58	195.85	64	96.53
875	67.3	17.57	64	88.68
876	105.29	153.76	62	54.02
877	36.58	21.61	64	100.83
878	179.23	133.45	62	86
879	9.45	165.71	64	111.88
880	175.23	95.71	61	75.35
881	66.41	153.9	64	63.51
882	83.36	106.57	60	17.89
883	101.72	88.35	63	11.78
884	38.64	163.28	62	88.14
885	8.32	48.19	66	105.31
886	169.46	15.86	64	109.11
887	164.07	175.01	63	98.65
888	84.1	58.54	62	44.4
889	151.16	193.93	61	106.96
890	115.94	170.45	62	72.23
891	72.01	156.69	63	63.22
Drivers: 7
id	x	y	end	sensitivity
571	46.03	120.06	61	1.44
572	173.64	37.38	62	1.72
573	49.52	3.43	61	1.49
574	194.1	23.34	61	1.08
575	195.52	140.56	59	0.58
576	17.52	175.91	61	2
577	13.34	139.07	62	1.3
Period: 60
Tasks:22
id	x	y	end	c
892	173.86	21.51	63	107.78
893	55.32	168.76	64	82
894	108.16	157.61	61	58.19
895	78.47	97.36	61	21.69
896	125.18	78.15	65	33.34
897	53.78	142.48	64	62.78
898	73.17	194.13	62	97.88
899	116.26	84.17	61	22.69
900	178.46	78.63	63	81.32
901	101.52	193.41	64	93.42
902	118.25	164.59	65	67.12
903	44.99	88.57	63	56.18
904	84.96	13.66	60	87.64
905	143.71	112.32	63	45.41
906	146.65	114.12	62	48.74
907	131.06	142.95	62	53
908	107.68	166.99	64	67.43
909	40.18	42.15	65	83.22
910	35.17	78.42	64	68.33
911	0.67	171.12	63	122.17
912	4.08	199.49	62	138.2
913	152.21	14.37	65	100.29
Drivers: 13
id	x	y	end	sensitivity
578	154.78	3.35	60	0.54
579	89.75	28.39	62	1.17
580	22.95	70.69	62	1.21
581	55.27	118.45	64	0.7
582	6.28	28.52	60	1.14
583	191.17	52.45	62	1.77
584	139.29	167.71	60	0.6
585	95.39	100.13	63	0.58
586	104	138.23	63	1.89
587	30.24	31.46	64	1.87
588	100.23	137.35	65	1.81
589	121.36	103.14	63	1.52
590	70.14	25.49	60	1.06
Period: 61
Tasks:10
id	x	y	end	c
914	162.34	21.15	64	100.52
915	197.03	39.81	64	114.18
916	94.83	42.53	66	57.7
917	71.37	82.42	68	33.6
918	61.3	82.25	65	42.58
919	116.73	52.84	63	50.04
920	2.57	141.98	63	106.09
921	69.77	45.59	62	62.24
922	136.3	117.53	63	40.31
923	70.08	76.4	63	38.11
Drivers: 9
id	x	y	end	sensitivity
591	146.6	124.26	65	0.71
592	171.27	2.94	66	0.57
593	45.51	165.41	61	0.82
594	123.72	86.12	64	1.75
595	161.46	95.93	63	0.62
596	178.64	80.47	64	1.49
597	93.7	103.93	64	1.79
598	23.97	191.14	63	1.24
599	29.89	87.89	64	1.69
Period: 62
Tasks:23
id	x	y	end	c
924	90.13	190.77	65	91.31
925	197.17	25.12	65	122.67
926	41.69	150.57	64	77.18
927	152.36	44.02	63	76.65
928	174.61	31.43	66	101.33
929	96.39	165.39	65	65.49
930	196.39	149.36	64	108.29
931	109.36	59.88	64	41.2
932	136.49	90.1	66	37.81
933	62.35	116.41	62	41.07
934	79.8	167.1	64	70.07
935	65.28	94.33	67	35.18
936	0.75	138.38	64	106.41
937	22.47	176.2	63	108.71
938	146.5	42.19	65	74.19
939	92	163.08	64	63.59
940	191.71	124.04	65	94.81
941	88.91	37.59	65	63.39
942	56.77	70.6	67	52.28
943	124.98	193.32	64	96.61
944	170.01	16.36	63	109.07
945	61.37	50.59	68	62.72
946	178.35	127.06	64	82.89
Drivers: 14
id	x	y	end	sensitivity
600	131.26	113.04	62	1.56
601	129.74	8.91	67	0.54
602	77.62	16.14	64	1.89
603	101.99	136.12	64	0.57
604	120.45	24.93	64	1.75
605	127.89	7.66	64	1.11
606	197.09	108.12	62	1.64
607	141.61	67.89	66	0.8
608	124.71	108.81	62	1.93
609	13.73	116.93	65	1.48
610	155.17	95.5	65	1.89
611	108.97	92.21	62	1.87
612	32.41	195.92	64	0.55
613	16.49	25.56	67	1.13
Period: 63
Tasks:9
id	x	y	end	c
947	6.4	187.41	67	128.07
948	174.57	19.6	65	109.66
949	162.49	67.56	69	70.41
950	63.91	26.71	64	81.69
951	63.29	15.69	65	91.96
952	164.88	137.41	65	74.89
953	170.78	191.84	68	115.95
954	23.9	183.99	63	113.34
955	112.27	170.84	67	71.89
Drivers: 4
id	x	y	end	sensitivity
614	65.68	125.39	66	0.7
615	33.04	133.51	66	0.62
616	199.32	162.43	69	1.63
617	29.25	51.01	66	0.78
Period: 64
Tasks:18
id	x	y	end	c
956	33.71	147.9	66	81.78
957	14.69	174.99	66	113.58
958	102.13	170.44	64	70.47
959	122.33	106.53	67	23.27
960	26.28	165.3	66	98.48
961	118.57	194.28	67	96.09
962	177.19	159.66	68	97.56
963	188.81	164.13	67	109.54
964	27.62	82.6	66	74.44
965	74.11	58.25	66	49.13
966	187.44	106.19	67	87.66
967	188.78	39.82	69	107.25
968	112.89	113.43	66	18.61
969	134.19	123.15	70	41.29
970	134.09	182.58	69	89.34
971	70.92	194.12	65	98.51
972	192.19	193.44	68	131.26
973	116.12	90.17	67	18.88
Drivers: 11
id	x	y	end	sensitivity
618	110.44	183.07	67	0.79
619	92.93	140.77	65	1.87
620	98.23	37.12	66	0.88
621	12.88	163.68	66	1.48
622	35.39	48.05	67	0.98
623	180.57	176.74	65	0.88
624	182.06	0.02	65	1.03
625	123.9	83.16	65	1.67
626	147.14	66.44	65	0.82
627	5.23	132.64	64	1.06
628	129.96	139.1	68	1.32
Period: 65
Tasks:15
id	x	y	end	c
974	191.37	64.57	69	98
975	106.04	158.7	67	59.01
976	171	49.92	71	86.89
977	5.25	106.48	67	94.97
978	142.43	97.44	65	42.51
979	20.55	25.58	71	108.86
980	121.69	121.55	68	30.58
981	12.68	35.63	70	108.48
982	21.08	32.66	70	103.75
983	138.46	117.33	67	42.18
984	144.51	67.13	68	55.33
985	57.58	95.42	68	42.67
986	98.41	52.17	69	47.86
987	81.52	34.19	68	68.36
988	135.98	32.25	66	76.71
Drivers: 14
id	x	y	end	sensitivity
629	46.75	12.13	66	0.81
630	90.87	36.37	66	1.27
631	66.65	83.46	67	1.55
632	92.73	83.79	67	1.51
633	89.97	16.42	67	1.77
634	86.5	85.85	67	1.87
635	57.96	15.96	68	0.54
636	61.54	90.38	68	1.19
637	69.97	146.16	68	1.56
638	189.65	102.35	66	1.69
639	28.09	15.59	69	1.51
640	182.09	107.27	67	1.72
641	119.19	183.19	67	0.93
642	185.55	40.14	65	1.85
Period: 66
Tasks:19
id	x	y	end	c
989	53.21	73.21	71	53.92
990	5.31	77.55	67	97.31
991	33.94	12.18	67	109.89
992	61.41	196.4	69	103.84
993	41.32	30.99	68	90.59
994	106.18	145.05	68	45.47
995	86.96	147.58	72	49.33
996	29.34	46.1	66	88.87
997	61.37	29.73	70	80.19
998	74.54	92.41	68	26.57
999	154.89	119.51	70	58.25
1000	109.07	100.88	69	9.11
1001	65.43	34	69	74.51
1002	123.89	149.01	69	54.52
1003	166.26	53.05	72	81.21
1004	178.93	24.41	66	109.29
1005	175.75	157	67	94.8
1006	99.21	52.85	69	47.16
1007	124.63	175.99	71	79.88
Drivers: 7
id	x	y	end	sensitivity
643	24.44	95.03	67	1.78
644	168.11	141.02	69	1.86
645	199.39	4.44	70	1.26
646	98.55	47.93	68	0.94
647	42.94	67.35	68	1.02
648	37.69	136.6	68	0.57
649	89.95	161.42	68	0.85
Period: 67
Tasks:18
id	x	y	end	c
1008	41.26	160.1	70	84.04
1009	91.49	94.91	69	9.92
1010	149.62	192.1	67	104.62
1011	112.21	129.28	69	31.72
1012	4.09	155.11	71	110.62
1013	79.68	55.89	70	48.57
1014	34.66	82.66	71	67.6
1015	189.85	88.23	74	90.62
1016	89.74	118.79	70	21.41
1017	92.76	70.74	69	30.14
1018	0.98	11.5	69	132.81
1019	199.16	129.74	68	103.52
1020	129.79	49.5	73	58.63
1021	60.95	33.08	69	77.48
1022	127.18	15.69	73	88.58
1023	85.55	4.36	72	96.73
1024	98.95	140	74	40.01
1025	189.82	127.52	70	93.94
Drivers: 14
id	x	y	end	sensitivity
650	167.32	66.1	67	1.01
651	163.16	2.15	70	1.51
652	172.79	180.19	68	0.55
653	153.98	168.9	68	1.38
654	33.11	161.47	70	0.94
655	121.81	195.38	71	0.85
656	79.23	131.64	69	0.69
657	98.78	155.16	70	0.57
658	66.1	125.15	71	1.34
659	116.85	4.06	71	0.77
660	38.11	135.59	69	1.25
661	18.3	177.12	69	0.59
662	58.45	101.6	68	0.72
663	24.81	75.56	69	1.86
Period: 68
Tasks:15
id	x	y	end	c
1026	26.2	33.16	70	99.57
1027	122.93	101.41	70	22.97
1028	63.23	89.46	72	38.25
1029	72.48	97.22	72	27.66
1030	0.91	109.2	70	99.52
1031	110.46	3.84	68	96.73
1032	71.48	172.41	70	77.82
1033	126.11	82.61	75	31.37
1034	189.68	38.63	71	108.67
1035	196.01	191.23	70	132.44
1036	178.38	86.96	71	79.46
1037	107.83	145.41	72	46.08
1038	25.3	2.25	71	123.03
1039	94.77	134.78	72	35.17
1040	102.98	120.17	73	20.39
Drivers: 6
id	x	y	end	sensitivity
664	123.38	40.95	69	0.74
665	157.1	52.45	70	1
666	95.09	52.84	68	0.57
667	67.19	151.64	71	1.13
668	26.2	3.88	70	1.86
669	187.14	8.21	70	1.8
Period: 69
Tasks:12
id	x	y	end	c
1041	175.48	58.27	70	86.25
1042	60.36	119.92	71	44.36
1043	139.24	125.15	73	46.61
1044	195.47	167.08	74	116.68
1045	146.71	29	70	84.99
1046	114.22	123.8	70	27.72
1047	114.66	121.57	72	26.08
1048	38.75	26.35	70	95.79
1049	4.34	117.88	71	97.32
1050	139.87	122.37	74	45.72
1051	21.08	73.01	71	83.41
1052	146.97	53.78	71	65.9
Drivers: 10
id	x	y	end	sensitivity
670	143.35	27.62	71	1.09
671	184.63	76.4	70	1.24
672	48.41	75.65	69	0.69
673	120.21	98.01	71	0.73
674	148.7	177.09	73	0.71
675	135.57	123.02	69	1.11
676	30.42	198.74	72	1.77
677	39.69	193.25	72	0.81
678	54.37	144.88	69	1.48
679	160.21	182.11	70	1.75
Period: 70
Tasks:15
id	x	y	end	c
1053	2.14	95.57	71	97.96
1054	91.25	142.49	74	43.38
1055	89.74	34.45	77	66.35
1056	10.41	50.21	73	102.5
1057	142.31	72.56	75	50.43
1058	77.08	22.99	74	80.35
1059	190.27	156.25	72	106.36
1060	72.95	144.18	73	51.8
1061	141.05	7.68	74	101.04
1062	58.76	176.78	74	87.15
1063	155.39	134.73	72	65.38
1064	29.76	84.13	71	72.01
1065	59.88	187.14	72	95.93
1066	75.76	58.94	74	47.68
1067	189.54	31.83	74	112.54
Drivers: 13
id	x	y	end	sensitivity
680	16.78	126	71	0.59
681	174.14	33.9	72	1.42
682	55.01	157.82	70	0.66
683	25.91	166.75	72	1.02
684	194.84	134.59	70	1.62
685	158.33	160.9	73	0.61
686	134.6	174.68	71	1.32
687	184.2	74.22	73	0.51
688	33.34	112.61	71	1.03
689	114.31	29.9	71	0.66
690	144.19	4.5	71	0.66
691	97.63	183.4	74	1.74
692	47.49	29.97	70	1.74
Period: 71
Tasks:19
id	x	y	end	c
1068	45.55	117.79	74	57.28
1069	55	109.68	72	46.03
1070	181.49	190.28	75	121.62
1071	54.49	183.94	76	95.48
1072	116.83	2.62	74	98.82
1073	43.91	72.62	72	62.42
1074	35.95	189.59	73	110.13
1075	34.4	55.69	75	79.16
1076	139.16	73.61	73	47.22
1077	13.38	59.98	71	95.42
1078	36.99	4.46	76	114.45
1079	150.4	26.68	75	88.97
1080	4.99	108.2	75	95.36
1081	195.51	164.94	72	115.5
1082	185.44	46.88	73	100.61
1083	170.18	119.28	72	72.78
1084	124.58	156.73	78	61.83
1085	22.23	43.27	74	96.26
1086	91.16	101.56	76	8.98
Drivers: 9
id	x	y	end	sensitivity
693	107.3	20.89	73	1.19
694	33.2	54.53	71	1.5
695	138.42	24.89	72	1.92
696	36.31	105.96	73	1.45
697	187.81	173.28	72	1.32
698	128.35	89.13	73	1.72
699	160	123.78	74	1.36
700	91.83	43.34	72	1.49
701	45.66	62.77	72	0.87
Period: 72
Tasks:19
id	x	y	end	c
1087	97.11	35.34	75	64.72
1088	113.2	142.55	75	44.55
1089	80.29	4.6	80	97.41
1090	156.9	170.28	75	90.43
1091	79.77	145.43	74	49.73
1092	167.02	26.38	74	99.56
1093	46.06	77.46	75	58.46
1094	111.16	137.06	74	38.7
1095	6.64	190.58	75	130.08
1096	179.27	188.42	73	118.75
1097	132.52	123.61	73	40.19
1098	140.87	123.15	73	46.97
1099	173.52	193.83	76	119.2
1100	87.1	14.87	78	86.1
1101	150.47	140.99	73	65.02
1102	84.93	81.29	75	24.02
1103	29.85	137.71	76	79.64
1104	105.02	36.25	77	63.95
1105	5.63	106.91	74	94.62
Drivers: 10
id	x	y	end	sensitivity
702	61.55	148.18	75	0.63
703	11.87	27.37	73	1.01
704	150.06	91.6	74	0.69
705	179.15	12.6	74	1.9
706	93.88	23.1	72	0.68
707	176.69	156.9	73	1.78
708	88.69	12.98	75	1.57
709	121.14	196.1	76	1.4
710	197.6	23.33	74	1.48
711	161	198.31	75	0.66
Period: 73
Tasks:13
id	x	y	end	c
1106	82.83	51.36	76	51.58
1107	2.48	199.09	76	139.03
1108	18.93	147.44	78	93.93
1109	146.11	186.29	76	97.84
1110	161.23	162.33	79	87.37
1111	106.3	9.48	75	90.74
1112	194.73	181.41	74	124.91
1113	162.63	10.08	75	109.58
1114	95.14	43.37	76	56.84
1115	164.1	126.56	76	69.38
1116	174.91	57.09	77	86.33
1117	8.57	71.52	75	95.76
1118	41.75	71.1	74	65.03
Drivers: 10
id	x	y	end	sensitivity
712	111.07	61.47	75	1.05
713	193.57	149.3	77	0.73
714	91.9	126.5	75	1.03
715	17.81	73.1	75	1.37
716	43.79	56.58	73	1.19
717	129.21	167.68	74	1.15
718	138.49	91.05	75	1.25
719	150.12	199.25	73	1.89
720	3.2	76.74	78	0.99
721	69.47	47.01	74	1.51
Period: 74
Tasks:17
id	x	y	end	c
1119	107.59	191.63	79	91.94
1120	132.31	93.79	77	32.9
1121	165.67	171.11	78	96.79
1122	125.27	114.4	76	29.08
1123	83.01	114.09	77	22.07
1124	194.33	13.12	81	128.24
1125	96.39	17.25	75	82.83
1126	194.23	157.18	77	110.22
1127	70.61	73.28	76	39.72
1128	33.11	102.49	78	66.94
1129	103.71	143.74	75	43.9
1130	190	94.98	78	90.14
1131	121.22	35.6	75	67.81
1132	150.83	81.95	78	53.94
1133	9.97	14.4	77	124.23
1134	177.16	4.12	77	123.07
1135	144.52	195.72	75	105.57
Drivers: 6
id	x	y	end	sensitivity
722	2.1	73.01	76	0.8
723	81.53	116.82	76	1.92
724	168.12	9.62	78	1.09
725	19.11	113.61	76	1.27
726	77	173.23	75	1.65
727	164.52	114.94	76	0.76
Period: 75
Tasks:15
id	x	y	end	c
1136	86.71	146.59	77	48.45
1137	140.34	57.58	81	58.54
1138	61.05	4.47	80	103.17
1139	77.1	52.73	78	52.52
1140	14.76	155.29	78	101.6
1141	143.22	96.16	77	43.39
1142	83.2	193.8	79	95.29
1143	32.93	186.5	79	109.46
1144	63.28	36.43	80	73.41
1145	84.57	164.06	78	65.89
1146	12.17	176.5	75	116.47
1147	141.94	39.87	79	73.31
1148	79.74	33.63	78	69.39
1149	41.09	171.57	76	92.7
1150	65.36	20.47	77	86.75
Drivers: 10
id	x	y	end	sensitivity
728	28.64	27.11	79	0.94
729	36.77	63.14	78	1.4
730	49.17	127.44	76	0.53
731	153.08	187.01	78	0.94
732	117.77	170.98	75	0.6
733	199.83	187.49	76	0.89
734	84.29	176.36	76	1.98
735	150.09	25.21	75	0.58
736	13.07	10.38	79	1.27
737	192.11	65.72	78	0.77
Period: 76
Tasks:16
id	x	y	end	c
1151	44.92	2.46	78	112.02
1152	192.24	94.84	78	92.38
1153	180.21	34.1	80	103.81
1154	131.33	126.61	79	41.11
1155	178.62	48.36	83	94.06
1156	188.23	118.71	77	90.19
1157	50.37	166.43	77	82.92
1158	117.2	17.22	80	84.55
1159	60.5	126.53	77	47.58
1160	127.85	1.47	80	102.39
1161	182.84	91.36	78	83.29
1162	184.91	163.11	76	105.79
1163	136.35	58.47	76	55.19
1164	105.19	142.52	78	42.84
1165	35.57	88.87	80	65.38
1166	109.31	146.97	81	47.88
Drivers: 10
id	x	y	end	sensitivity
738	24.11	91.32	77	1.94
739	122.92	14.65	78	1.96
740	91.86	50.93	77	0.92
741	27.24	163.56	79	1.38
742	164.97	164.24	78	1.22
743	152.01	27.47	77	1.86
744	157.77	164.93	78	0.67
745	107.54	104.61	78	1.77
746	114.79	52.56	78	1.67
747	31.41	150.42	76	1.94
Period: 77
Tasks:13
id	x	y	end	c
1167	20.54	132.06	80	85.68
1168	189.56	190.85	78	127.57
1169	87.72	169.71	82	70.78
1170	70.48	67.84	79	43.65
1171	26.96	114.84	78	74.53
1172	50.6	69.59	80	58.01
1173	122.76	6.36	81	96.37
1174	148.28	144.2	82	65.46
1175	168.47	123.56	82	72.41
1176	8.8	67.25	80	96.9
1177	58.13	17.87	80	92.19
1178	60.95	95.27	80	39.34
1179	142.49	115.63	78	45.27
Drivers: 10
id	x	y	end	sensitivity
748	82.55	163.67	79	1.69
749	180.71	31.85	78	1.95
750	159.22	92.9	77	0.79
751	42.84	71.89	81	1.55
752	99.28	103.49	80	1.09
753	184.18	31.75	78	0.63
754	161.12	69.58	80	1
755	55.49	17.39	78	1.61
756	137.16	88.15	79	0.6
757	146.18	22.59	78	1.55
Period: 78
Tasks:15
id	x	y	end	c
1180	66.66	83.08	80	37.39
1181	117.76	182.62	84	84.51
1182	117.94	139.43	79	43.32
1183	53.55	78.69	79	51.1
1184	60.44	77.73	80	45.4
1185	77.74	48.15	81	56.43
1186	2.74	149.78	78	109.26
1187	146.94	176.82	81	90.03
1188	15.28	196.14	82	128.14
1189	117.45	100.02	83	17.45
1190	168.62	68.55	80	75.48
1191	88.61	68.01	81	33.96
1192	182.66	36.56	80	104.2
1193	106.81	28.58	80	71.74
1194	186.08	74.64	80	89.74
Drivers: 9
id	x	y	end	sensitivity
758	160.49	116.65	79	1.76
759	72.61	108.98	82	1.27
760	94.96	168.96	81	1.59
761	93.21	62.32	80	0.59
762	131.3	190.34	81	1.81
763	24.38	100.42	80	1.6
764	199.93	101.22	82	0.68
765	184.49	184.32	78	0.78
766	170.7	120.89	79	1.53
Period: 79
Tasks:15
id	x	y	end	c
1195	51.93	15.77	80	96.98
1196	33.61	169.93	83	96.43
1197	32.31	114.24	82	69.17
1198	78.71	95.56	84	21.75
1199	118.79	196.04	82	97.86
1200	141.63	164.77	85	76.99
1201	121.6	134.43	83	40.64
1202	67.2	135.83	82	48.58
1203	194.88	188.43	81	129.7
1204	198.83	29.04	79	121.67
1205	191.65	131.02	82	96.76
1206	145.32	0.56	84	109.28
1207	143.55	193	81	102.69
1208	144.74	75.2	84	51.15
1209	172.16	69.42	84	78.37
Drivers: 7
id	x	y	end	sensitivity
767	97.35	44.11	83	1.62
768	61.56	114.58	80	0.57
769	32.4	48.1	80	1.84
770	86.48	129.84	81	0.56
771	123.92	76.11	81	1.56
772	128.97	113.35	80	1.61
773	108.93	143.05	80	1.62
Period: 80
Tasks:15
id	x	y	end	c
1210	83.22	97.33	82	16.99
1211	64.44	47.5	83	63.41
1212	121.24	145.88	84	50.56
1213	160.4	34.55	87	89.06
1214	40.64	162	82	85.83
1215	119.11	2.06	85	99.79
1216	46.85	53.9	80	70.36
1217	101.49	37.54	83	62.48
1218	162.68	98.88	82	62.69
1219	123.94	192.96	83	95.99
1220	175.58	156.73	83	94.5
1221	37.03	189.99	81	109.83
1222	23.08	70.62	82	82.34
1223	87.08	69.46	82	33.16
1224	48.1	75.74	80	57.29
Drivers: 15
id	x	y	end	sensitivity
774	12.3	186.56	82	0.81
775	146.44	20.95	85	1.61
776	149.02	32.07	84	0.61
777	144.52	172.1	82	0.78
778	194.82	102.1	80	1.11
779	195.93	29.18	83	0.95
780	64.65	164.1	82	1.63
781	54.03	23.22	82	0.6
782	145.02	173.13	84	1.1
783	175.92	79.07	83	1.3
784	113.97	183.56	83	0.53
785	83.33	162.91	84	0.54
786	104.01	66.52	81	0.85
787	60.56	96.4	81	1.01
788	43.58	89.54	80	1.67
Period: 81
Tasks:12
id	x	y	end	c
1225	181.11	66.38	85	87.8
1226	15.82	166.96	85	107.56
1227	68.86	125.51	82	40.25
1228	151.55	80.29	82	55.19
1229	82.79	118.71	86	25.42
1230	87.12	45.49	87	56.01
1231	124.44	79.7	82	31.77
1232	44.29	169.16	85	88.81
1233	87.04	89.28	85	16.82
1234	20.31	152.29	83	95.31
1235	81.96	29.78	85	72.5
1236	138.66	101.47	84	38.69
Drivers: 10
id	x	y	end	sensitivity
789	24.19	55.55	83	0.71
790	37.6	127.32	84	1.52
791	98.41	87.51	82	1.11
792	132.2	79.18	81	1.37
793	190.36	132.12	82	1.52
794	9.62	173.29	84	1.05
795	198.02	123.33	81	0.63
796	115.75	171.36	83	1.28
797	36.26	21.86	84	1.58
798	94.47	162.2	82	1.67
Period: 82
Tasks:16
id	x	y	end	c
1237	73.69	37.73	83	67.6
1238	113.32	136.37	86	38.73
1239	169.15	152.51	85	86.83
1240	61.38	101.73	87	38.66
1241	75.79	1.73	84	101.21
1242	13.66	111.43	83	87.09
1243	43.01	60.62	85	69.27
1244	134.79	51.63	88	59.58
1245	60.81	63.47	84	53.58
1246	135.1	189.46	86	96.1
1247	173.37	146.43	82	86.83
1248	79.3	193.34	84	95.61
1249	120.4	184.84	84	87.26
1250	41.52	12.27	84	105.43
1251	95.25	24.2	86	75.95
1252	45.91	86.08	85	55.85
Drivers: 13
id	x	y	end	sensitivity
799	118.07	171.23	83	0.68
800	54.34	57.92	84	1.24
801	96.41	121.93	83	1.37
802	73.91	154.37	84	0.69
803	4.83	177.83	83	0.59
804	43.35	130.01	83	1.98
805	154.69	97.98	83	1.47
806	182.19	128.91	84	1.67
807	176.32	170.63	83	1.53
808	80.48	20	85	1.86
809	130.89	11.53	85	0.56
810	131.8	178.4	83	1.81
811	68.45	170.1	84	1.54
Period: 83
Tasks:12
id	x	y	end	c
1253	196.08	158.75	90	112.62
1254	181.48	179.33	88	113.72
1255	19.97	94.48	89	80.22
1256	161.75	173.32	84	95.86
1257	90.9	53.98	87	46.91
1258	161.24	40.41	85	85.45
1259	149.34	173.15	86	88.23
1260	6.28	54.53	90	104.17
1261	167.07	71.46	87	72.89
1262	59.33	22.44	86	87.58
1263	134.28	58.16	88	54.09
1264	186.72	151.6	85	100.91
Drivers: 7
id	x	y	end	sensitivity
812	101.61	137.33	84	1.06
813	72.61	171.74	88	1.3
814	175.41	193.72	83	0.64
815	159.99	84.04	85	1.12
816	43.86	57.33	83	1.83
817	90.11	38.21	85	1.18
818	23.42	86.28	83	0.88
Period: 84
Tasks:19
id	x	y	end	c
1265	126.71	82.65	85	31.85
1266	145.16	77.49	85	50.46
1267	140.01	24.57	89	85.38
1268	175.02	49.59	90	90.38
1269	14.39	194.01	88	127.15
1270	196.04	155.08	87	110.71
1271	187.2	86.8	87	88.19
1272	146.76	28.28	89	85.62
1273	42.98	16.85	90	100.82
1274	186.13	31.92	87	109.79
1275	76.45	82.66	89	29.25
1276	20.61	133.96	85	86.35
1277	106.28	30.64	90	69.64
1278	40.38	66.26	88	68.5
1279	40.76	128.88	86	65.9
1280	187.66	185.18	87	122.23
1281	16.35	197.57	90	128.52
1282	81.46	112.11	89	22.14
1283	65.07	20.09	91	87.21
Drivers: 10
id	x	y	end	sensitivity
819	151.14	168.42	86	1.11
820	140.07	177.94	84	1.25
821	3.38	90.68	87	1.17
822	155.21	43.61	84	1.26
823	142.95	74.54	85	1.19
824	187.78	161.6	86	1.64
825	138.88	86.64	86	0.81
826	60.65	149.78	86	1.19
827	4.95	161.71	87	0.93
828	125.91	130.05	86	1.44
Period: 85
Tasks:17
id	x	y	end	c
1284	108.36	14.15	87	86.26
1285	144.05	53.49	88	64.06
1286	75.83	117.69	87	29.95
1287	155.08	139.16	89	67.58
1288	155.25	158.54	89	80.5
1289	140.01	57.3	85	58.52
1290	89.96	48.1	88	52.86
1291	120.21	31.65	85	71.28
1292	41.19	138.23	87	70.14
1293	12.8	117.5	88	88.94
1294	75.15	35.4	88	69.21
1295	193.15	83.47	89	94.61
1296	132.97	167.91	88	75.49
1297	87.06	49.83	85	51.81
1298	28.26	161.14	88	94.26
1299	136.39	163.3	88	73.01
1300	35.4	91.74	90	65.13
Drivers: 12
id	x	y	end	sensitivity
829	111.03	31.92	86	1.75
830	15.93	111.3	87	1.66
831	98.76	100.47	87	0.76
832	12.8	31.15	86	1.83
833	163.76	130.93	86	1.67
834	28.13	147.46	85	0.89
835	180.29	52.26	87	1.22
836	198.19	125.91	90	1.58
837	144.78	191.63	91	1.69
838	175.23	182.51	86	1.34
839	185.67	18.11	86	1.38
840	73.96	136.75	87	0.84
Period: 86
Tasks:21
id	x	y	end	c
1301	167	71.59	88	72.77
1302	41.05	57.42	92	72.72
1303	80.99	176.29	88	78.62
1304	143.74	154.61	88	69.97
1305	71.6	15.88	88	88.78
1306	197.23	173.95	87	122.16
1307	187.61	43.54	87	104.23
1308	103.43	21.9	90	78.18
1309	58.38	192.87	87	101.77
1310	113.69	179.04	89	80.22
1311	125.95	164.84	88	69.84
1312	5.47	3.44	91	135.13
1313	63.83	191.69	88	98.57
1314	67.35	99.94	90	32.65
1315	21.11	177.44	89	110.55
1316	146.78	110.75	88	48
1317	134.36	64.81	87	49.18
1318	194.82	10.64	91	130.29
1319	149.76	44.25	89	74.73
1320	186.71	7.08	89	127.09
1321	51.94	115.85	89	50.61
Drivers: 12
id	x	y	end	sensitivity
841	36.95	46.36	89	1.65
842	132.05	53.37	88	1.89
843	199.5	65.19	88	1.96
844	189.31	49.1	87	1.71
845	89.53	107.24	90	0.75
846	158.81	78.71	87	1.97
847	46.95	16.87	90	1.86
848	0.73	28.52	90	0.65
849	28.67	173.86	87	0.81
850	121.14	186	87	1.92
851	9.76	89.59	90	1.28
852	196.49	11.3	88	0.53
Period: 87
Tasks:15
id	x	y	end	c
1322	46.3	187.68	90	102.82
1323	42.51	17.83	90	100.28
1324	58.69	128.44	91	50.15
1325	151.65	103.45	93	51.77
1326	11.72	10.74	91	125.54
1327	66.02	129.56	88	45.04
1328	122.16	146.25	88	51.28
1329	193.17	5.73	90	132.54
1330	121.32	139.88	87	45.22
1331	123.63	100.12	91	23.63
1332	90.11	75.08	88	26.81
1333	199.21	113.74	91	100.16
1334	28.35	166.21	92	97.56
1335	81.22	80.86	87	26.81
1336	39.08	72.56	88	66.81
Drivers: 13
id	x	y	end	sensitivity
853	19.44	107.46	87	0.96
854	43.25	129.03	89	1.31
855	111.26	145.26	88	0.88
856	52.7	189.6	89	1.93
857	86.73	93.43	89	1.46
858	59.21	169.32	87	1.3
859	102.72	73.41	88	1.27
860	116.5	116.51	90	1.85
861	192.4	36.37	87	1.85
862	85.76	20.92	91	0.56
863	137.53	58.03	88	1.45
864	71.73	138.42	91	0.59
865	96.01	98.29	89	0.69
Period: 88
Tasks:17
id	x	y	end	c
1337	118.14	184.69	90	86.61
1338	18.15	83.15	91	83.57
1339	136.93	68.29	91	48.68
1340	191.12	124.95	94	94.47
1341	184.21	39.16	89	103.89
1342	39	106.69	90	61.37
1343	117.28	82.14	95	24.85
1344	150.24	198.16	95	110.27
1345	78.36	173.38	92	76.5
1346	15.7	49.43	90	98.3
1347	199.59	150.3	93	111.57
1348	13.08	115.67	92	88.32
1349	43.63	69.27	90	64.2
1350	133.43	99.91	91	33.43
1351	163.55	135.27	89	72.68
1352	76.35	62.92	90	43.98
1353	63.07	139.56	90	54.12
Drivers: 13
id	x	y	end	sensitivity
866	69.48	35.22	91	1.26
867	148.77	126.93	89	1.02
868	10.19	89.31	93	1.46
869	113.25	117.26	91	1.08
870	5.26	67.01	88	0.93
871	183.37	30.94	91	1.79
872	77.09	42.49	91	1.33
873	92.84	154.12	90	1.6
874	168.72	180.44	90	1.43
875	146.91	80.63	88	1.65
876	42.99	96.5	90	1.12
877	34.24	65.47	88	1.84
878	171.01	106.87	88	0.84
Period: 89
Tasks:20
id	x	y	end	c
1354	169.89	60.77	91	80.15
1355	119.76	20.84	93	81.59
1356	73.44	142.4	91	50.03
1357	85.91	111.72	93	18.33
1358	116.23	2.06	92	99.28
1359	85.09	23.71	95	77.73
1360	198.67	9.9	91	133.62
1361	57.86	153.85	90	68.38
1362	39.3	66.86	90	69.16
1363	172.33	199.56	90	123.06
1364	187.06	71.87	94	91.49
1365	187.6	193.05	93	127.8
1366	30.28	41.59	92	90.95
1367	118.84	189.13	91	91.1
1368	170.01	45.77	92	88.56
1369	133.59	37.67	93	70.8
1370	54.22	91.81	90	46.51
1371	65.6	38.52	92	70.45
1372	103.47	121.02	94	21.3
1373	14.22	110.4	90	86.41
Drivers: 7
id	x	y	end	sensitivity
879	101.46	153.02	89	1.7
880	59.48	92.86	92	1.44
881	143.96	4.07	89	0.87
882	175.47	185.55	92	0.74
883	143.59	126	90	1.76
884	81.67	42.13	90	1.96
885	89.19	4.35	89	1.86
Period: 90
Tasks:19
id	x	y	end	c
1374	123.71	179.26	94	82.73
1375	80.14	75.82	90	31.29
1376	100.64	172.53	92	72.53
1377	137.9	158.29	90	69.53
1378	183.54	94.7	94	83.71
1379	61.96	19.6	94	88.94
1380	124.17	156.46	93	61.42
1381	37.01	31.91	91	92.76
1382	14.13	101.26	94	85.88
1383	36.42	71.76	94	69.57
1384	43.83	113.07	91	57.67
1385	7.73	130.33	91	97.13
1386	102.16	184.11	92	84.14
1387	50.41	140.19	95	63.83
1388	38.81	120.16	93	64.43
1389	95.09	113.56	93	14.42
1390	197.63	197.26	94	137.81
1391	56.22	77.12	93	49.4
1392	199.96	34.6	90	119.45
Drivers: 11
id	x	y	end	sensitivity
886	157.44	81.96	93	1.6
887	26.36	16.97	95	1.63
888	9.39	133.95	95	0.78
889	119.89	66.17	92	1.3
890	20.6	99.12	93	1.23
891	126.18	138.27	90	1.94
892	45.95	49.87	92	0.82
893	98.86	168.88	91	0.78
894	145.8	119.67	93	1.52
895	96.11	97.43	91	1.2
896	118.16	54.07	91	1.23
Period: 91
Tasks:20
id	x	y	end	c
1393	134.31	82.04	94	38.73
1394	30.66	117.54	96	71.52
1395	106.96	84.03	94	17.42
1396	164.48	177.38	92	100.72
1397	110.93	40.33	96	60.66
1398	186.18	49.17	94	100.05
1399	178.2	93.4	93	78.48
1400	78.71	85.75	95	25.62
1401	115.13	112.16	94	19.41
1402	127.44	41.57	93	64.55
1403	76.47	76.01	92	33.6
1404	3.8	40.37	92	113.18
1405	147.07	133.15	92	57.57
1406	22.33	7.06	91	121.12
1407	0.49	174.46	95	124.28
1408	187.88	152.13	98	102.18
1409	96.99	74.48	92	25.7
1410	113.64	140.63	99	42.86
1411	157.19	166.9	96	88.01
1412	151.63	193.4	96	106.72
Drivers: 13
id	x	y	end	sensitivity
897	199.44	141.91	94	0.66
898	149.27	50.6	95	1.86
899	116.29	156.86	96	0.83
900	7.65	146.66	92	1.81
901	168.38	23.72	91	0.56
902	182.26	37.24	96	1.59
903	188.23	85.38	94	1.7
904	13.47	162.47	93	1.04
905	132.44	136.19	95	0.92
906	154.07	61.29	93	1.72
907	131.07	6.12	92	1.4
908	183.6	45.2	92	1.49
909	135.96	69.81	94	0.64
Period: 92
Tasks:12
id	x	y	end	c
1413	95.98	5.75	98	94.34
1414	55.69	159.24	95	73.98
1415	24.29	97.64	96	75.75
1416	11.21	1.55	99	132.57
1417	139.48	46.12	96	66.8
1418	33.01	152.8	93	85.3
1419	116.1	162.53	95	64.57
1420	183.31	153.12	98	98.8
1421	103.27	188.87	95	88.93
1422	153.56	121.29	94	57.64
1423	38.23	90.98	93	62.43
1424	87.37	84.38	100	20.09
Drivers: 14
id	x	y	end	sensitivity
910	68.76	86.14	96	1.45
911	198.73	134.14	95	1.09
912	25.24	17.09	92	0.98
913	22.15	107.29	95	0.89
914	188.5	100.95	95	0.51
915	112.55	109.08	93	1.61
916	131.29	8.24	94	1.16
917	27.56	37.36	94	1.13
918	149.84	125.51	97	1.32
919	68.32	59.84	93	0.61
920	62.91	122.35	93	1.13
921	25.01	183.69	98	1.63
922	42.2	159.53	93	0.61
923	125.68	150.06	95	1.32
Period: 93
Tasks:15
id	x	y	end	c
1425	183.67	9.43	96	123.3
1426	196.41	128.9	102	100.65
1427	113.9	79.14	100	25.07
1428	164.7	132.63	94	72.46
1429	192.1	56.5	95	101.86
1430	29.31	169.51	97	99.14
1431	17.43	65.39	96	89.53
1432	34.46	169.63	96	95.62
1433	67.96	82.08	96	36.71
1434	97.98	170.21	97	70.24
1435	132.99	75.03	96	41.37
1436	166.81	122.86	98	70.61
1437	85.72	190.57	95	91.69
1438	155.19	29.79	95	89.3
1439	116.48	35.82	97	66.26
Drivers: 7
id	x	y	end	sensitivity
924	16.01	125.52	94	1.59
925	151.2	3.68	93	0.62
926	3.22	157.52	95	1.3
927	128.21	68.07	93	0.94
928	126.3	185.83	94	1.2
929	146.26	152.48	98	1.97
930	194.61	166.61	94	0.81
Period: 94
Tasks:10
id	x	y	end	c
1440	20.89	148.15	100	92.61
1441	25.34	179.19	99	108.84
1442	3.02	44.27	97	111.85
1443	92.55	170.24	95	70.63
1444	141.8	198.86	99	107.33
1445	8.06	140.5	95	100.46
1446	57.19	166.6	99	79.17
1447	45.95	186.77	99	102.23
1448	188.58	11.96	96	124.89
1449	189.84	49.13	96	103.24
Drivers: 14
id	x	y	end	sensitivity
931	124.97	107.56	94	0.87
932	109.2	7.67	95	1.93
933	84.67	93.34	98	1.27
934	157.14	164.07	98	1.89
935	8.34	99.82	96	1.03
936	45.04	167.53	96	1.15
937	21.01	114.58	98	1
938	190.44	4.81	98	1.89
939	172.7	157	95	1.19
940	170.79	10.8	97	1.5
941	199.15	52.83	95	1.46
942	92.91	193.59	96	0.98
943	169.46	137.91	97	1.32
944	108.09	155.67	95	1.8
Period: 95
Tasks:10
id	x	y	end	c
1450	6.73	75.31	99	96.48
1451	87.93	91.65	98	14.68
1452	141.85	139.49	97	57.54
1453	122.16	43.67	98	60.53
1454	175.94	53.33	97	89.13
1455	32.04	136.18	101	76.99
1456	104.92	195.2	100	95.33
1457	191.75	4.2	99	132.65
1458	165.19	150.81	99	82.65
1459	147.86	61.29	99	61.56
Drivers: 10
id	x	y	end	sensitivity
945	185.78	169.51	97	0.81
946	173.76	50.45	98	0.55
947	92.14	87.26	96	1.87
948	186.86	112.26	96	0.94
949	7.94	97.64	96	1.7
950	89.42	162.3	96	1.67
951	32.18	164.46	95	0.64
952	94.17	185.37	97	0.94
953	82.64	25.95	96	1.05
954	35.25	146.72	100	0.87
Period: 96
Tasks:11
id	x	y	end	c
1460	49.99	114.1	97	51.96
1461	75.05	190.03	98	93.42
1462	145.92	195.87	99	106.3
1463	13.93	140.9	96	95.29
1464	137.48	189.44	97	96.98
1465	55.76	107.17	99	44.82
1466	183.15	149.47	99	96.75
1467	128.45	199.32	98	103.31
1468	60.74	121.71	99	44.86
1469	114.58	20.21	97	81.11
1470	124.36	167.2	99	71.48
Drivers: 10
id	x	y	end	sensitivity
955	81.34	69.99	98	1
956	39.73	37.01	97	1.15
957	161.52	198.61	97	1.92
958	198.83	44.75	96	1.99
959	144.49	52.61	97	1.12
960	67.1	175.96	98	0.93
961	15.47	43.24	100	0.51
962	164.79	29.08	102	0.93
963	71.01	174.4	99	0.75
964	144.62	155.92	98	0.94
Period: 97
Tasks:23
id	x	y	end	c
1471	34.6	115.41	98	67.19
1472	168.65	45.82	102	87.45
1473	167.55	131.2	98	74.41
1474	160.69	165.46	100	89.27
1475	51.91	7.36	100	104.38
1476	117.76	195.46	100	97.1
1477	114.13	148.65	99	50.66
1478	195.48	159.13	97	112.31
1479	65.9	93.75	100	34.67
1480	98.77	21.21	100	78.8
1481	156.31	0.1	101	114.68
1482	9.29	185.75	99	124.83
1483	13.99	43.78	100	102.75
1484	59.2	47.67	100	66.36
1485	96.99	197.05	100	97.1
1486	145.07	116	100	47.83
1487	147.17	165.5	98	80.72
1488	171.43	197.96	99	121.24
1489	61.17	148.18	102	61.88
1490	32.41	38.37	97	91.47
1491	91.87	37.91	99	62.62
1492	148.65	175.06	97	89.45
1493	155.48	176.18	101	94.24
Drivers: 8
id	x	y	end	sensitivity
965	69.7	43.35	99	1.42
966	14.15	197.07	97	1.1
967	170.78	61.14	99	1.61
968	3.43	133.64	101	1.09
969	179.18	197.25	98	1.77
970	84.03	43.62	98	1.79
971	60.63	193.16	99	0.84
972	44.09	36.24	97	1.53
Period: 98
Tasks:18
id	x	y	end	c
1494	119.77	29.53	101	73.19
1495	129.19	190.06	98	94.67
1496	87.9	149.18	102	50.65
1497	119.68	62.67	99	42.2
1498	169.09	189.36	100	112.95
1499	132.11	111.62	98	34.15
1500	153.49	192.82	102	107.13
1501	19.63	31.16	98	105.82
1502	124.74	148.14	104	54.13
1503	105.93	21.77	101	78.45
1504	149.04	143.47	100	65.53
1505	76.31	127.18	103	36.06
1506	91.58	37.18	104	63.38
1507	131.03	169.27	102	75.9
1508	197.59	151.62	99	110.4
1509	106.53	184.51	101	84.76
1510	141.04	181.79	103	91.51
1511	44.78	166.22	103	86.22
Drivers: 9
id	x	y	end	sensitivity
973	149.24	53.22	104	1.78
974	89.91	7.23	100	1.95
975	180.43	187.31	98	1.31
976	172.53	10.25	99	1.36
977	160.08	80.29	101	0.53
978	170.55	165.15	98	1.6
979	145.73	173.88	101	1.16
980	155.95	23.46	100	1.43
981	8.19	197.65	98	1.93
Period: 99
Tasks:16
id	x	y	end	c
1512	16.88	54.78	101	94.62
1513	92.58	159.4	103	59.86
1514	69.31	44.39	99	63.52
1515	97.02	92.52	102	8.05
1516	197.4	83.38	101	98.81
1517	190.31	126.02	104	93.98
1518	177.27	68.62	105	83.4
1519	75.32	108.7	102	26.17
1520	196.38	161.31	102	114.23
1521	96.93	69.12	102	31.03
1522	195.07	116.43	103	96.48
1523	176.04	122.45	105	79.28
1524	161.83	148.55	102	78.61
1525	187.38	12.77	101	123.47
1526	47.6	157.72	101	77.96
1527	25.04	2.98	104	122.6
Drivers: 11
id	x	y	end	sensitivity
982	177.95	153.64	100	1.7
983	135.26	80.99	102	1.64
984	104.18	102.23	100	1.09
985	128.76	15.49	100	0.99
986	128.96	61	102	1.07
987	99.46	61.95	99	1.99
988	25.64	5.13	101	1.09
989	172.05	95.56	101	1.58
990	49.49	13.16	100	0.69
991	56.79	103.55	100	1.35
992	129.1	4.02	99	0.65
Period: 100
Tasks:8
id	x	y	end	c
1528	46.79	71.5	106	60.36
1529	105.45	78.74	104	21.95
1530	134.27	2.29	102	103.55
1531	195.33	60.32	106	103.26
1532	91.96	177.81	100	78.22
1533	171.04	170.09	102	99.8
1534	196.27	183.68	101	127.55
1535	41.2	43.08	105	81.84
Drivers: 12
id	x	y	end	sensitivity
993	33.49	90.4	104	0.97
994	146.23	61.92	101	1.64
995	199.04	26.62	102	1.34
996	140.01	138.33	100	1.55
997	136.14	175.85	101	1.06
998	67.58	131.72	104	1.43
999	168.28	83.52	102	1.3
1000	133.25	145.45	104	0.53
1001	100.25	81.13	103	1.05
1002	161.79	156.92	103	1.94
1003	28.81	115.88	101	1.45
1004	121.17	164.7	101	0.7
