Periods: 100
Task Arrival Rate: 5
Task Average Time: 2
Driver Arrival Rate: 5
Driver Average Time: 1
Period: 1
Tasks:6
id	x	y	end	c
1	43.27	67.28	4	65.49
2	31.43	199.37	5	120.73
3	171.62	133.21	2	78.95
4	6.85	25.7	5	119.15
5	86.68	158.83	3	60.32
6	84.58	106.14	4	16.6
Drivers: 7
id	x	y	end	sensitivity
1	181.73	142.02	2	1.3
2	39.55	170.54	4	2
3	43.47	151.56	2	1.57
4	53.82	44.35	2	0.96
5	82.87	176.18	1	1.41
6	180.12	57.42	3	0.7
7	97.48	81.88	1	0.99
Period: 2
Tasks:2
id	x	y	end	c
7	136.64	65.33	6	50.44
8	85.19	178.87	3	80.25
Drivers: 5
id	x	y	end	sensitivity
8	135.12	14.7	2	0.95
9	147.34	106.93	3	1.08
10	135.91	155.29	5	1.08
11	124.49	41.01	2	1.28
12	66.41	92.53	4	1.02
Period: 3
Tasks:7
id	x	y	end	c
9	118.28	39.58	6	63.12
10	69.1	21.92	5	83.97
11	96.17	164.06	5	64.17
12	26.09	198.16	3	122.87
13	9.34	123.84	4	93.74
14	42.4	35.32	4	86.61
15	158.04	131.96	5	66.26
Drivers: 12
id	x	y	end	sensitivity
13	5.64	117.04	3	1.55
14	24.32	103.51	4	1.56
15	12.7	71.98	4	0.88
16	34.67	72.27	5	1.08
17	62.34	138.44	3	0.7
18	78.11	145.14	3	0.74
19	2.69	120.96	5	1.32
20	143.29	120.92	3	1.09
21	102.64	84.13	4	1.64
22	98.84	138.27	3	1.22
23	146.89	161.88	4	0.53
24	107.65	58.39	6	0.79
Period: 4
Tasks:0
id	x	y	end	c
Drivers: 2
id	x	y	end	sensitivity
25	16.47	27.84	4	1.52
26	181.09	49.24	6	0.78
Period: 5
Tasks:5
id	x	y	end	c
16	23.42	1.29	6	124.93
17	106.05	38.1	6	62.19
18	145.51	154.11	6	70.7
19	90.48	47.64	7	53.22
20	99.38	150.64	5	50.64
Drivers: 6
id	x	y	end	sensitivity
27	48.92	94.87	6	1.5
28	98.57	178.01	5	1.95
29	115.16	105.94	5	0.77
30	75.35	92.08	5	0.85
31	6.18	106.07	6	1.59
32	89.92	146.29	6	0.99
Period: 6
Tasks:3
id	x	y	end	c
21	148.15	135.32	8	59.72
22	197.8	71.44	8	101.88
23	54.72	0.43	10	109.38
Drivers: 3
id	x	y	end	sensitivity
33	148.06	79.66	7	1.11
34	185.85	46.23	6	0.56
35	112.33	192.27	7	1.86
Period: 7
Tasks:4
id	x	y	end	c
24	182.06	156.11	8	99.41
25	117.49	26.1	9	75.94
26	182.96	185.45	8	119.1
27	137.33	51.69	12	61.05
Drivers: 3
id	x	y	end	sensitivity
36	111.75	50.25	8	1.86
37	130.69	192.15	9	1.47
38	185.73	30.37	8	0.61
Period: 8
Tasks:6
id	x	y	end	c
28	34.67	143.09	10	78.26
29	127.58	110.94	8	29.67
30	100.81	38.58	10	61.43
31	182.75	134	11	89.46
32	155.85	181.56	10	98.85
33	4.13	56.09	9	105.45
Drivers: 6
id	x	y	end	sensitivity
39	166.58	195.29	8	0.67
40	59.29	140.85	9	1.42
41	116.47	81.84	9	1.43
42	42.59	14.73	8	1.32
43	188	187.94	9	0.61
44	24.99	80.99	11	1.83
Period: 9
Tasks:4
id	x	y	end	c
34	136.88	47.23	11	64.38
35	122.32	121.89	11	31.26
36	196.89	163.61	9	115.9
37	139.8	4.68	11	103.3
Drivers: 3
id	x	y	end	sensitivity
45	83.12	17.28	10	0.65
46	154.41	144.8	13	0.9
47	154.54	7.73	10	1.98
Period: 10
Tasks:5
id	x	y	end	c
38	177.42	7.21	12	120.85
39	102.83	150.43	12	50.51
40	117.4	11.2	11	90.49
41	27.58	95.96	13	72.53
42	169.19	106.99	11	69.54
Drivers: 5
id	x	y	end	sensitivity
48	192.95	182.71	10	1.17
49	12.22	37.74	11	1.48
50	18.81	147.07	14	0.72
51	77.61	0.08	10	0.93
52	136.43	150.43	10	1.37
Period: 11
Tasks:5
id	x	y	end	c
43	50.87	42.53	13	75.61
44	177.4	36.7	12	99.99
45	94.36	9.94	12	90.24
46	12.05	188.33	12	124.65
47	46.19	163.73	11	83.41
Drivers: 5
id	x	y	end	sensitivity
53	14.3	138.81	12	1.98
54	18.59	9.75	13	0.75
55	95.79	68.73	11	1.56
56	4.99	60.52	11	1.87
57	125.11	140.86	11	1.96
Period: 12
Tasks:6
id	x	y	end	c
48	42.21	127.09	13	63.82
49	164.07	102.56	14	64.12
50	88.84	94.67	14	12.37
51	76.85	191.93	12	94.8
52	183.14	110.12	14	83.75
53	75.08	147.58	14	53.71
Drivers: 4
id	x	y	end	sensitivity
58	97.15	7.24	15	1.78
59	35.68	79.28	13	1.97
60	49.42	29.57	16	0.74
61	148.53	183.75	13	0.54
Period: 13
Tasks:5
id	x	y	end	c
54	112.13	95.07	15	13.09
55	187.15	110.72	15	87.81
56	142.32	160.59	16	73.91
57	59.53	178.68	15	88.48
58	109.96	181.33	17	81.94
Drivers: 4
id	x	y	end	sensitivity
62	141.22	110.43	14	1.05
63	57.46	16.01	13	1.89
64	42.7	82.93	15	1.47
65	170.77	16.63	14	1.54
Period: 14
Tasks:4
id	x	y	end	c
59	154.45	101.08	14	54.46
60	41.9	42.44	19	81.78
61	150.09	10.92	17	102.2
62	135.68	54.43	15	57.88
Drivers: 7
id	x	y	end	sensitivity
66	126.2	85.85	15	1.33
67	154.02	60.8	14	0.79
68	158.73	90.37	15	0.8
69	177.46	93.78	16	1.9
70	149.54	141.61	16	1.39
71	50.08	124.58	14	1.51
72	169.28	17.82	16	0.99
Period: 15
Tasks:4
id	x	y	end	c
63	75.29	53.76	18	52.43
64	148.48	195.81	18	107.38
65	75.43	121.56	16	32.69
66	134.52	130.02	16	45.75
Drivers: 9
id	x	y	end	sensitivity
73	38.2	145.33	16	2
74	126.58	63.7	16	1.01
75	13.6	115.55	15	1.8
76	197.33	6.97	17	1.2
77	78.18	73.91	15	1.3
78	126.98	59.56	16	1.8
79	79.83	95.42	16	0.81
80	57.17	74.24	15	1.94
81	174.89	40.25	15	1.02
Period: 16
Tasks:5
id	x	y	end	c
67	132.64	70.93	17	43.71
68	190.73	79.45	17	93.03
69	105.69	77.25	19	23.45
70	170.43	74.38	21	74.95
71	22.08	183.47	20	114.19
Drivers: 9
id	x	y	end	sensitivity
82	47.35	46.46	18	0.71
83	176.58	196.15	17	0.8
84	12.29	95.74	16	0.52
85	134.98	31.92	16	1.58
86	96.32	121.2	16	0.73
87	129.97	147.28	17	1.38
88	36.55	1.31	17	1.94
89	147.95	148.25	16	0.62
90	162.39	76.66	17	1.95
Period: 17
Tasks:5
id	x	y	end	c
72	66.68	74.58	17	41.91
73	20.77	175.17	21	109.22
74	102.7	152.52	17	52.59
75	177.42	16.59	17	113.8
76	39.76	20.21	18	99.98
Drivers: 5
id	x	y	end	sensitivity
91	172.12	80.17	19	0.53
92	30.33	50.09	17	0.65
93	81.33	196.67	20	1.95
94	109	3.66	17	0.61
95	106	35.05	17	1.69
Period: 18
Tasks:6
id	x	y	end	c
77	14.72	140.46	20	94.39
78	199.46	8.65	21	135.04
79	33.79	122.83	23	70.04
80	195.32	170.28	20	118.43
81	190.97	98.84	22	90.98
82	31.64	197.94	19	119.44
Drivers: 7
id	x	y	end	sensitivity
96	14.25	58.64	18	1.8
97	111.14	178.43	18	1.48
98	186.78	53.07	18	0.55
99	0.53	51.76	20	0.51
100	23.15	76.63	19	1.85
101	3.29	102.45	19	1.54
102	48.77	25.64	20	1.15
Period: 19
Tasks:4
id	x	y	end	c
83	60.48	98.4	22	39.55
84	119.01	86.4	21	23.37
85	122.01	66.87	20	39.77
86	17.11	131.54	22	88.69
Drivers: 1
id	x	y	end	sensitivity
103	24.04	78.88	19	1.53
Period: 20
Tasks:3
id	x	y	end	c
87	121.86	138.44	21	44.22
88	87.16	135.34	21	37.6
89	20.04	32.29	22	104.78
Drivers: 6
id	x	y	end	sensitivity
104	125.62	97.17	20	1.02
105	41.45	15.47	22	0.66
106	41.77	46.01	20	1.15
107	15.56	96.41	21	0.59
108	21.47	18.47	20	0.55
109	110.14	174.6	20	1.85
Period: 21
Tasks:2
id	x	y	end	c
90	89.71	75.93	22	26.18
91	45.19	165.58	23	85.47
Drivers: 11
id	x	y	end	sensitivity
110	161.05	153.94	23	1.98
111	153.19	107.76	23	0.7
112	94.88	123.71	23	0.74
113	150.27	5.8	23	0.86
114	31.06	198.36	21	0.78
115	32.46	156.09	23	0.54
116	97.99	184.21	23	1.24
117	161.88	121.92	23	1.76
118	50.28	68.45	24	1.34
119	3.96	9.17	21	0.95
120	158.6	190.06	23	0.58
Period: 22
Tasks:3
id	x	y	end	c
92	89.44	4.4	23	96.18
93	114.42	133.52	25	36.49
94	128.29	55.41	24	52.81
Drivers: 8
id	x	y	end	sensitivity
121	121.23	180.1	23	0.75
122	19.91	79.48	22	1.13
123	54.04	169.29	22	1.35
124	24.2	27.05	23	1.3
125	196.62	178.25	25	0.94
126	176.66	47.83	22	1.36
127	94.53	197.05	23	1.14
128	82.96	182.93	22	0.54
Period: 23
Tasks:5
id	x	y	end	c
95	55.32	56.56	25	62.32
96	90.67	136.95	27	38.11
97	152.78	158.26	28	78.61
98	163.62	32.96	26	92.42
99	193.3	48.8	25	106.43
Drivers: 8
id	x	y	end	sensitivity
129	13.15	15.31	24	1.34
130	45.62	87.32	23	1.05
131	139.48	161.26	25	0.85
132	184.47	197.16	23	0.53
133	24.87	26.64	24	1.1
134	166.52	171.88	24	1.62
135	195.73	42.86	25	1.59
136	168.41	61.01	23	1.27
Period: 24
Tasks:5
id	x	y	end	c
100	196.46	50.75	27	108.31
101	72.74	56.54	25	51.3
102	148.4	74.96	24	54.49
103	174.17	95.01	26	74.34
104	98.52	151.41	24	51.43
Drivers: 11
id	x	y	end	sensitivity
137	119.01	128.07	26	1.64
138	165.81	17.74	25	1.74
139	190.82	88.12	25	1.4
140	6.36	142.24	24	1.75
141	42.61	45.77	24	0.95
142	103.51	82.23	25	1.87
143	14.25	131.42	25	1.35
144	136.98	20.51	25	0.51
145	69.64	154.53	24	1.8
146	103.61	91.02	26	0.87
147	150.65	54.23	26	1.42
Period: 25
Tasks:4
id	x	y	end	c
105	38.04	107.57	26	62.42
106	0.64	152.02	26	112.15
107	38.09	170.96	27	94.17
108	67.02	3.45	26	102.03
Drivers: 3
id	x	y	end	sensitivity
148	33.13	121.41	27	0.84
149	108.57	80.7	25	1.49
150	16.18	199.61	26	1.98
Period: 26
Tasks:2
id	x	y	end	c
109	16.61	36.2	28	105
110	61.43	176.42	28	85.6
Drivers: 3
id	x	y	end	sensitivity
151	61.23	88.35	28	1.03
152	26.72	115.96	28	1.39
153	180.02	58.98	27	1.92
Period: 27
Tasks:6
id	x	y	end	c
111	49.77	69.09	33	58.98
112	111.19	3.32	30	97.33
113	146.5	172.9	31	86.47
114	25.61	26.65	31	104.47
115	149.52	120.85	28	53.73
116	12.85	0.79	27	132.05
Drivers: 5
id	x	y	end	sensitivity
154	104.61	180.85	27	1.93
155	18.69	40.57	27	1.17
156	127.7	88.86	28	1.17
157	194.02	68.57	27	1.02
158	77.46	45.19	28	1.43
Period: 28
Tasks:8
id	x	y	end	c
117	12.16	177.34	29	117.04
118	190.58	74	28	94.24
119	115.67	56.38	28	46.35
120	110.74	45.32	31	55.72
121	178.28	176.51	28	109.46
122	93.41	193.83	35	94.06
123	198	68.55	30	102.92
124	30.88	162.33	28	93.07
Drivers: 8
id	x	y	end	sensitivity
159	5.24	197.05	29	1.55
160	93.8	161.52	29	0.94
161	32.07	119.59	29	1.44
162	76.38	71.85	28	1.18
163	130.53	52.61	30	1.19
164	184.83	2.21	29	1.7
165	92.39	127.03	29	1.14
166	190.47	38.58	28	1.4
Period: 29
Tasks:3
id	x	y	end	c
125	32.39	191.79	29	114
126	16.66	103.08	33	83.4
127	102.84	123.67	31	23.84
Drivers: 1
id	x	y	end	sensitivity
167	3.37	139.15	29	1.37
Period: 30
Tasks:3
id	x	y	end	c
128	65.74	38.1	32	70.75
129	17.81	135.19	32	89.41
130	194.84	179.81	31	123.95
Drivers: 4
id	x	y	end	sensitivity
168	88.73	165.72	31	1.14
169	100.2	142.86	30	1.9
170	133.03	169.76	31	1.76
171	161.71	171.59	32	0.65
Period: 31
Tasks:5
id	x	y	end	c
131	80.5	2.99	33	98.95
132	171.23	71.03	32	76.9
133	103.69	34.79	34	65.31
134	20.5	97.15	32	79.55
135	189.87	68.1	35	95.36
Drivers: 8
id	x	y	end	sensitivity
172	157.5	44.62	33	1.08
173	77.49	82.22	33	0.96
174	62.91	92.23	31	1.66
175	46.51	28.09	33	1.42
176	73.05	24.51	32	1.38
177	167.86	190.99	31	1.65
178	199.57	79.41	31	1.44
179	112.07	60.42	32	1.56
Period: 32
Tasks:7
id	x	y	end	c
136	79.21	187.13	33	89.58
137	71.89	167.7	34	73.3
138	175.86	130.99	35	81.95
139	30.49	23.04	33	103.7
140	190.02	126.19	37	93.75
141	67.13	72.47	35	42.88
142	199.88	115.85	32	101.13
Drivers: 1
id	x	y	end	sensitivity
180	4.11	197.04	33	1.08
Period: 33
Tasks:2
id	x	y	end	c
143	192.95	97.16	36	92.99
144	171.6	103.25	34	71.67
Drivers: 4
id	x	y	end	sensitivity
181	177.39	158.89	33	1.9
182	48.83	50.31	34	0.74
183	111.58	54.25	35	1.11
184	19.97	120.42	33	1.87
Period: 34
Tasks:5
id	x	y	end	c
145	151.69	142.53	38	66.94
146	161.93	135.57	37	71.42
147	137.94	47.18	36	65.03
148	124.15	173.26	37	77.14
149	124.61	72.49	35	36.91
Drivers: 9
id	x	y	end	sensitivity
185	27.33	95.49	35	1.3
186	1.31	87.22	35	1.86
187	98.52	63.75	37	1.22
188	6.72	59.89	36	1.8
189	199.95	117.43	38	1.25
190	3.71	57.1	35	1.76
191	73.7	44.45	34	1.08
192	16.75	176.15	34	1.14
193	69.6	122.2	35	1.31
Period: 35
Tasks:4
id	x	y	end	c
150	138.03	96.79	35	38.17
151	28.5	158.9	36	92.64
152	194.11	199.75	39	137.14
153	91.97	98.16	39	8.24
Drivers: 6
id	x	y	end	sensitivity
194	104.79	14.72	37	0.9
195	153.49	97.29	37	1.88
196	186.34	1.35	36	0.91
197	176.09	51.96	36	0.8
198	101.7	37.24	40	0.75
199	167.77	149.89	36	1.02
Period: 36
Tasks:7
id	x	y	end	c
154	162.52	149.88	37	79.98
155	85.23	117.84	37	23.16
156	183.23	160.18	42	102.71
157	63.83	37.22	40	72.45
158	163.09	186.72	37	107.24
159	151.15	178.44	38	93.64
160	151.49	61.88	39	64.07
Drivers: 8
id	x	y	end	sensitivity
200	10.53	193.23	39	1.43
201	127.84	159.53	36	1.1
202	133.8	44.78	38	0.75
203	126.67	171.59	37	1.53
204	154.46	149.84	37	1.67
205	81.94	147.51	36	1.21
206	89.36	116.56	37	1.31
207	172.4	80.36	38	1.7
Period: 37
Tasks:9
id	x	y	end	c
161	141.4	16.37	38	93.32
162	180.26	31.92	41	105.25
163	147.41	11.48	39	100.42
164	122.82	105.23	37	23.41
165	52.45	110.8	37	48.76
166	64.17	45.61	39	65.13
167	104.74	26.06	39	74.09
168	177.72	168.7	40	103.73
169	174.8	76.6	38	78.37
Drivers: 5
id	x	y	end	sensitivity
208	81.59	92.41	37	1.74
209	61.97	68.91	38	0.91
210	183.92	97.26	37	1.34
211	104.71	49.06	39	1.44
212	172.88	161.58	38	1.26
Period: 38
Tasks:4
id	x	y	end	c
170	69	121.61	40	37.79
171	130.69	173.34	41	79.5
172	184.63	40.84	40	103.26
173	30.87	85.45	39	70.64
Drivers: 7
id	x	y	end	sensitivity
213	91.67	42.99	38	1.6
214	2.58	157.37	40	0.82
215	54.26	65.3	38	0.58
216	47.97	182.65	38	1.92
217	116.22	39.75	38	0.65
218	108.35	54.99	38	1.82
219	52.29	45.95	40	0.86
Period: 39
Tasks:3
id	x	y	end	c
174	28.98	166.93	42	97.59
175	23.54	67.68	41	83.01
176	61.98	94.94	40	38.36
Drivers: 6
id	x	y	end	sensitivity
220	142.3	28.74	39	1.66
221	3.14	188.91	40	1.44
222	98.69	147.4	42	1.31
223	62.66	34.57	40	1.68
224	181.78	130.49	40	0.68
225	159.76	35.45	40	0.97
Period: 40
Tasks:2
id	x	y	end	c
177	179.35	135.81	41	87.06
178	61.61	187.75	41	95.78
Drivers: 5
id	x	y	end	sensitivity
226	147.98	147.69	42	0.59
227	45.77	63.35	40	1.03
228	8.19	176.07	41	1.77
229	100.87	96.56	43	0.7
230	142.56	195.73	41	1.73
Period: 41
Tasks:5
id	x	y	end	c
179	48.14	95.85	41	52.03
180	86.1	161.35	46	62.9
181	51.95	32.62	43	82.76
182	28.06	169.24	42	99.85
183	127.74	141.22	42	49.68
Drivers: 8
id	x	y	end	sensitivity
231	74.95	38.83	45	0.72
232	47.91	123.03	43	1.72
233	64.45	101.51	42	0.87
234	87.24	163.48	42	0.7
235	196.71	199.91	41	1.46
236	106.25	14.67	42	0.51
237	6.85	148.71	44	1.48
238	165.65	153.36	41	1.12
Period: 42
Tasks:2
id	x	y	end	c
184	39.62	182.23	44	102.02
185	95.45	162.79	45	62.95
Drivers: 8
id	x	y	end	sensitivity
239	147.03	117.97	47	1.78
240	105.18	195.1	42	1.95
241	80.27	66.3	44	0.8
242	19.24	8.19	43	0.6
243	115.57	112.08	44	0.51
244	174.12	4.98	43	1.13
245	165.56	139.86	42	0.98
246	100.23	197.17	42	1.25
Period: 43
Tasks:4
id	x	y	end	c
186	42.68	197.63	43	113.21
187	182.64	64.27	46	90.03
188	187.2	58.07	46	96.76
189	189.34	189.46	45	126.43
Drivers: 3
id	x	y	end	sensitivity
247	2.95	168.62	43	0.78
248	126.36	196.45	44	1.74
249	85.76	60	43	1.19
Period: 44
Tasks:6
id	x	y	end	c
190	158.5	92.68	46	58.96
191	51.16	21.15	50	92.75
192	102.92	21.42	48	78.63
193	57.29	39.22	44	74.29
194	111.12	64.36	45	37.33
195	126.66	142.09	46	49.82
Drivers: 3
id	x	y	end	sensitivity
250	154.69	53.73	46	1.98
251	2.77	102.45	46	1.59
252	16.5	37.41	46	1.15
Period: 45
Tasks:7
id	x	y	end	c
196	115.17	140.12	46	42.89
197	160.47	10.84	48	107.73
198	71.16	198.84	46	102.96
199	156.84	26.84	46	92.65
200	161.74	118.39	45	64.42
201	138.57	100.77	48	38.58
202	0.39	190.76	51	134.76
Drivers: 3
id	x	y	end	sensitivity
253	46.35	177.68	47	0.98
254	61.29	27.08	48	1.73
255	69.78	43.13	46	0.93
Period: 46
Tasks:3
id	x	y	end	c
203	156.19	130.84	50	64.1
204	96.82	167.44	48	67.51
205	190.08	90.14	47	90.62
Drivers: 4
id	x	y	end	sensitivity
256	98.05	67.71	51	1.67
257	103.45	112.84	48	1.69
258	44.32	147.11	47	1.18
259	28.05	29.03	47	1.53
Period: 47
Tasks:7
id	x	y	end	c
206	170.28	98.35	48	70.3
207	99.27	194.27	51	94.27
208	29.35	188.21	50	113.02
209	66.16	193.54	49	99.47
210	199.38	123.09	49	102.03
211	197.14	136	49	103.6
212	95.76	154.7	48	54.86
Drivers: 4
id	x	y	end	sensitivity
260	109.03	190.99	52	0.8
261	127.44	23.61	47	1.58
262	54.59	185.44	47	1.06
263	39.06	31.4	48	1.37
Period: 48
Tasks:2
id	x	y	end	c
213	164.34	141.81	51	76.73
214	47.63	187.04	48	101.58
Drivers: 4
id	x	y	end	sensitivity
264	0.57	35.81	51	0.76
265	156.14	75.76	48	0.71
266	156.9	195.97	48	1.05
267	143.02	159.14	48	1.75
Period: 49
Tasks:3
id	x	y	end	c
215	117.01	5.76	53	95.76
216	159.05	188.94	53	106.76
217	17.48	169.1	49	107.63
Drivers: 2
id	x	y	end	sensitivity
268	171.9	149.47	49	0.59
269	23.42	61.55	50	0.76
Period: 50
Tasks:3
id	x	y	end	c
218	112.55	167.15	51	68.31
219	159.51	11.52	52	106.63
220	19.25	18.89	52	114.45
Drivers: 5
id	x	y	end	sensitivity
270	154.38	6.99	50	1.2
271	89.3	92.3	52	0.87
272	94.46	128.81	52	1.87
273	196.38	91.24	51	1
274	66.42	157.59	50	0.54
Period: 51
Tasks:7
id	x	y	end	c
221	145.07	118.32	54	48.65
222	126.3	110.41	55	28.29
223	177.94	90.94	53	78.46
224	197.07	155.08	52	111.61
225	199.7	22.12	52	126.51
226	13.42	117.36	54	88.3
227	153.4	155.26	55	76.85
Drivers: 5
id	x	y	end	sensitivity
275	112.25	9.96	51	1.42
276	62.76	51.22	51	1.85
277	167.84	73.24	51	0.8
278	50.51	59.62	54	0.5
279	33.9	128.51	52	1.91
Period: 52
Tasks:6
id	x	y	end	c
228	89.51	160.25	52	61.16
229	175.25	175.99	56	106.94
230	76.8	144.68	53	50.34
231	12.97	27.34	55	113.37
232	81.81	187.8	54	89.66
233	132.96	69.65	56	44.8
Drivers: 5
id	x	y	end	sensitivity
280	58.57	184.41	54	0.82
281	108.12	54.65	52	0.88
282	68.48	158.74	55	0.94
283	166.02	1.9	53	1.46
284	145.37	174.05	53	0.68
Period: 53
Tasks:7
id	x	y	end	c
234	57.49	94.98	54	42.81
235	27.12	27.28	55	102.95
236	55.42	197.3	58	107.03
237	142.34	66.65	54	53.9
238	68.72	168.23	59	75.06
239	176.43	43.97	55	94.77
240	186.01	130.45	55	91.24
Drivers: 9
id	x	y	end	sensitivity
285	10.63	109.46	54	0.89
286	123.48	22.2	53	1.96
287	69.66	43.38	53	0.73
288	157.87	135.6	54	0.78
289	94.65	99.74	53	0.69
290	127.25	130.02	54	1.02
291	148.56	185.31	56	1.39
292	58.16	17.04	53	1.82
293	28.13	33.74	53	0.58
Period: 54
Tasks:7
id	x	y	end	c
241	21.02	130.35	55	84.61
242	183.68	124.81	60	87.28
243	80.98	8.91	54	93.05
244	29.92	119.55	58	72.76
245	65.08	77.43	54	41.58
246	13.78	33.71	55	108.76
247	109.96	71.68	57	30.02
Drivers: 8
id	x	y	end	sensitivity
294	147.3	15.81	56	1.58
295	47.35	21.16	54	1.93
296	190.61	153.74	55	0.78
297	3.01	182.67	55	1.62
298	14.08	140.98	56	1.56
299	53.09	91.32	55	0.79
300	190.15	186.53	54	0.82
301	165.69	9.06	55	1.87
Period: 55
Tasks:8
id	x	y	end	c
248	105.64	20.1	55	80.1
249	91.99	190.72	56	91.07
250	12.06	184.88	57	122.22
251	182.85	100.21	57	82.85
252	19.07	55.98	56	92.13
253	47.41	142.73	58	67.76
254	71.55	29.78	55	75.76
255	175.7	180.05	56	110.17
Drivers: 15
id	x	y	end	sensitivity
302	113.1	161.78	57	1.75
303	136.36	86.82	56	0.77
304	73.04	120.29	56	1.72
305	133.18	156.39	58	0.67
306	3.53	28.36	55	1.63
307	10.6	194.05	56	1.9
308	88.15	64.92	56	1.8
309	33.87	4.86	56	1.49
310	118.36	88.48	55	1.75
311	160.62	3.01	57	1.46
312	166.75	49.1	57	0.59
313	165	19.46	57	1.99
314	165.18	134.59	56	1.97
315	14.69	158.79	55	0.62
316	83.71	174.66	55	1.39
Period: 56
Tasks:4
id	x	y	end	c
256	51.43	93.17	58	49.05
257	125.76	18.39	59	85.58
258	188.28	146.8	58	99.92
259	137.95	124.01	56	44.91
Drivers: 6
id	x	y	end	sensitivity
317	32.02	15.44	58	1.01
318	95.96	75.32	57	0.79
319	137.12	131.96	57	1.39
320	60.94	59.46	60	0.82
321	54.75	21.37	56	1.27
322	135.33	140.07	56	0.78
Period: 57
Tasks:3
id	x	y	end	c
260	70.24	73.19	58	40.06
261	130.66	149.38	58	58.12
262	61.29	98.1	60	38.76
Drivers: 6
id	x	y	end	sensitivity
323	48.94	24.27	57	0.53
324	75.19	124.09	58	0.9
325	58.52	6.85	60	1.39
326	2.09	12.04	57	1.98
327	177.42	63.77	59	1.05
328	151.48	97.02	57	1.82
Period: 58
Tasks:7
id	x	y	end	c
263	89.82	100.88	58	10.22
264	112.46	57.19	60	44.59
265	54.77	150.25	61	67.61
266	151.05	193.58	61	106.6
267	18.31	40.5	60	101.06
268	191.57	10.02	60	128.38
269	62.78	85.07	63	40.1
Drivers: 2
id	x	y	end	sensitivity
329	2.97	35.49	60	1.03
330	111.87	80.83	58	1.48
Period: 59
Tasks:5
id	x	y	end	c
270	152.67	107.71	59	53.23
271	151.46	82.84	61	54.25
272	185.9	147.69	60	98.25
273	42.99	196.62	60	112.19
274	131.55	108.16	59	32.59
Drivers: 7
id	x	y	end	sensitivity
331	0.02	72.68	59	0.6
332	16.22	95.89	59	0.75
333	91.88	124.18	59	1.51
334	133.42	89.26	59	0.61
335	180.63	0.11	59	0.91
336	59.85	88.32	60	1.01
337	167.3	197.06	60	1.65
Period: 60
Tasks:3
id	x	y	end	c
275	14.11	178.9	63	116.63
276	98.52	64.53	61	35.5
277	36.73	153.3	61	82.73
Drivers: 5
id	x	y	end	sensitivity
338	87.83	70.9	60	1.94
339	155.04	45.58	62	0.63
340	115.59	43.82	62	0.97
341	56.44	122.4	62	1.78
342	129.97	162.29	61	0.66
Period: 61
Tasks:6
id	x	y	end	c
278	167.73	195.34	61	116.95
279	199.68	32.55	62	120.36
280	109.71	78.59	64	23.51
281	47.94	180.6	64	95.95
282	110.03	63.19	62	38.15
283	131.34	33	64	73.97
Drivers: 10
id	x	y	end	sensitivity
343	134.57	92.7	62	1.47
344	135.4	139.9	62	0.9
345	37.51	198.14	62	1.9
346	2.03	65.93	63	1.38
347	69.13	120.29	62	1.59
348	26.59	69.01	61	1.18
349	131.05	78.9	61	1.89
350	139.87	85.58	62	0.56
351	114.05	42.64	61	0.63
352	195.52	180.68	62	0.65
Period: 62
Tasks:5
id	x	y	end	c
284	52.07	10.51	63	101.52
285	104.33	168.2	62	68.34
286	8.58	46.42	64	105.96
287	176.36	55.98	62	88.14
288	20.18	97.11	65	79.87
Drivers: 7
id	x	y	end	sensitivity
353	152.78	178.28	63	1.61
354	17.75	30.65	64	0.53
355	94.9	81.62	63	1.22
356	176.23	125.92	63	1.75
357	13.52	174.12	63	0.79
358	199.12	112.21	63	1.21
359	42.39	89.02	63	1.18
Period: 63
Tasks:7
id	x	y	end	c
289	171.68	46.81	66	89.26
290	188.73	170.57	64	113.37
291	35.76	77.95	66	67.92
292	186.16	36.06	66	107.29
293	159.92	22.75	64	97.76
294	68.16	185.79	68	91.51
295	116.72	88.57	67	20.25
Drivers: 3
id	x	y	end	sensitivity
360	191.95	158.74	63	1.4
361	2.41	55.27	63	0.75
362	117.71	162.67	65	0.64
Period: 64
Tasks:9
id	x	y	end	c
296	164.8	109.62	65	65.51
297	99.66	49.16	65	50.84
298	47.6	6.65	66	107.05
299	108.49	134.96	68	35.98
300	108.07	94.55	64	9.74
301	87.03	46.93	67	54.63
302	88.64	168.13	64	69.07
303	50.67	65.18	64	60.38
304	170.38	124.09	67	74.39
Drivers: 3
id	x	y	end	sensitivity
363	138.17	38.03	64	1.52
364	89.66	137.02	65	0.96
365	175.13	194.66	64	1.71
Period: 65
Tasks:5
id	x	y	end	c
305	40.27	11.63	68	106.66
306	198.03	81.35	66	99.79
307	136.49	158.32	66	68.79
308	135.97	104.28	71	36.22
309	141.29	183.7	66	93.33
Drivers: 4
id	x	y	end	sensitivity
366	120.06	49.56	66	0.69
367	24.04	49.09	66	1.24
368	142	144.4	66	1.4
369	19.58	1.14	66	1.19
Period: 66
Tasks:6
id	x	y	end	c
310	63.64	49.08	67	62.57
311	189.75	179.97	71	120.21
312	7.06	173.92	67	118.75
313	183.23	198.9	67	129.26
314	26.2	38.75	69	95.91
315	185.89	65.02	68	92.74
Drivers: 8
id	x	y	end	sensitivity
370	178.28	88.33	66	1.42
371	12.19	199.53	68	1.82
372	195.04	21.32	66	1.36
373	83.74	165.54	66	0.54
374	150.59	91.44	68	0.9
375	117.06	2.96	69	1.36
376	17.93	14.09	66	0.91
377	110.6	179.71	67	1.46
Period: 67
Tasks:5
id	x	y	end	c
316	128.04	58.53	72	50.06
317	33.3	150.37	68	83.58
318	45.53	188.76	70	104.14
319	179.72	139.37	69	88.91
320	89.47	72.91	68	29.06
Drivers: 4
id	x	y	end	sensitivity
378	188.46	140.9	68	0.52
379	111.37	110.55	69	1.3
380	146.1	37.46	67	0.85
381	172.89	111.68	67	1.22
Period: 68
Tasks:3
id	x	y	end	c
321	77.01	106.1	71	23.79
322	27.82	136.68	68	80.97
323	28.73	84.65	70	72.9
Drivers: 1
id	x	y	end	sensitivity
382	34.14	32.32	69	1.07
Period: 69
Tasks:1
id	x	y	end	c
324	118.07	156.77	69	59.58
Drivers: 5
id	x	y	end	sensitivity
383	137.75	164.57	70	0.95
384	91.42	96.51	69	1.88
385	85.32	118.16	69	0.9
386	88.64	79.57	71	1.65
387	152.17	116.89	73	1.11
Period: 70
Tasks:12
id	x	y	end	c
325	123.98	88.06	73	26.79
326	80.63	76.1	71	30.76
327	155.79	2.24	72	112.56
328	107.5	93.39	74	10
329	48.85	82.4	72	54.09
330	128.96	181.95	75	86.92
331	5.31	30.26	74	117.6
332	139.11	55.57	71	59.19
333	137.59	26.75	76	82.33
334	197.29	129.17	72	101.57
335	72.88	62.8	73	46.04
336	152.99	131.95	71	61.88
Drivers: 2
id	x	y	end	sensitivity
388	90.27	49.5	70	1.65
389	144.71	18.05	72	1.03
Period: 71
Tasks:4
id	x	y	end	c
337	113.04	178.52	72	79.6
338	114.91	190.92	72	92.13
339	147.41	42.09	74	74.84
340	185.95	39.54	72	105.08
Drivers: 5
id	x	y	end	sensitivity
390	39.86	165.74	71	1.02
391	77.11	3.49	72	0.77
392	41.91	143.74	72	1.37
393	54.27	18.12	71	1.59
394	39.86	183.85	72	1.56
Period: 72
Tasks:7
id	x	y	end	c
341	165.1	83.32	74	67.2
342	43.12	50.06	76	75.69
343	32.97	118.61	74	69.57
344	107.42	44	74	56.49
345	76.92	18.68	72	84.53
346	124.24	17.75	73	85.75
347	176.16	68.8	75	82.3
Drivers: 5
id	x	y	end	sensitivity
395	178.75	45.73	72	1.82
396	83.76	140.44	74	1.25
397	134.29	4.43	72	1.9
398	136.42	126.19	72	1.73
399	80.37	71.44	72	1.09
Period: 73
Tasks:9
id	x	y	end	c
348	115.57	97.18	75	15.82
349	177.64	147.65	74	91.1
350	150.65	133.99	76	61
351	150.16	86.41	75	51.97
352	141.78	10.3	73	98.95
353	140.14	34.56	74	76.77
354	152.77	185	76	100.05
355	21.9	120.46	73	80.74
356	54.7	4.08	74	106.08
Drivers: 2
id	x	y	end	sensitivity
400	181.55	13.81	74	1.97
401	20.69	164.01	76	0.51
Period: 74
Tasks:6
id	x	y	end	c
357	35.93	103.11	78	64.15
358	48.07	137.56	76	64.09
359	169.79	78.05	77	73.16
360	197.54	13.87	79	130.12
361	27.69	86.5	75	73.56
362	72.97	79.14	75	34.14
Drivers: 9
id	x	y	end	sensitivity
402	186.16	132.14	76	1.49
403	92.17	80.49	75	1.91
404	184.83	53.67	76	1.71
405	107.01	9.18	75	1.32
406	38.24	18.59	74	1.13
407	31.99	171.88	74	1.05
408	26.93	149.97	77	1.83
409	12.71	182.99	75	0.69
410	169.22	192.32	74	0.99
Period: 75
Tasks:5
id	x	y	end	c
363	131.11	195.45	75	100.39
364	25.11	197.35	78	122.82
365	46.24	170.35	78	88.54
366	61.09	29.18	77	80.81
367	197.93	31.51	79	119.5
Drivers: 10
id	x	y	end	sensitivity
411	91.82	179.25	76	1.18
412	68.95	187.27	76	1.87
413	135.3	110.76	75	1.9
414	157.62	40.25	76	0.95
415	37.9	108.64	75	0.91
416	145.47	22.14	75	0.68
417	95.36	49.2	76	1.35
418	38.93	179.35	76	1.42
419	126.97	7.17	76	1.96
420	61.75	122.7	76	1.53
Period: 76
Tasks:4
id	x	y	end	c
368	97.87	191.59	78	91.61
369	67.39	37.89	77	70.15
370	47.96	190.62	79	104.5
371	68.21	16.43	77	89.41
Drivers: 3
id	x	y	end	sensitivity
421	88.37	33.88	76	1.01
422	43.77	190.48	77	0.74
423	180.64	103.3	77	1.04
Period: 77
Tasks:4
id	x	y	end	c
372	90.13	150	80	50.96
373	105.27	121.68	80	22.31
374	4.18	82.19	78	97.46
375	131.12	196.43	80	101.33
Drivers: 3
id	x	y	end	sensitivity
424	72.23	17.52	77	1.61
425	195.98	128.31	77	0.81
426	17.74	38.26	78	1.88
Period: 78
Tasks:4
id	x	y	end	c
376	169.03	69.34	79	75.53
377	46.84	153.9	80	75.7
378	164.98	193.22	81	113.63
379	14.01	135.53	78	93.04
Drivers: 9
id	x	y	end	sensitivity
427	177.98	131.65	78	0.97
428	92.34	187.47	78	1.9
429	4.61	9.53	80	1.46
430	167.68	85.41	79	1.7
431	58.65	143.04	79	1.02
432	129.14	145.22	78	1.79
433	50.67	28.38	79	1.92
434	151.84	85.64	78	1.72
435	193.22	199.2	79	0.84
Period: 79
Tasks:9
id	x	y	end	c
380	180.14	33.44	83	104.18
381	15.41	0.99	81	130.22
382	189.95	4.7	82	131.05
383	141.18	145.15	79	61.11
384	157.79	23.02	81	96.26
385	12.73	69.76	80	92.36
386	172.97	156.44	80	92.25
387	190.3	21.6	83	119.59
388	92.87	24.28	79	76.05
Drivers: 1
id	x	y	end	sensitivity
436	192.5	171.67	79	1.8
Period: 80
Tasks:4
id	x	y	end	c
389	59.55	56.92	80	59.09
390	118.88	112.4	81	22.59
391	32.3	34.71	84	94.05
392	141.32	115.41	81	44.1
Drivers: 8
id	x	y	end	sensitivity
437	82.64	92.69	81	1.25
438	177.64	4.93	82	0.93
439	64.45	122.64	82	1.69
440	149.85	52.64	81	1.02
441	59.68	197.67	80	0.51
442	188.75	199.76	81	1.02
443	102.27	54.11	80	0.76
444	92.74	83.89	82	1.13
Period: 81
Tasks:7
id	x	y	end	c
393	23	34.64	82	101
394	149.15	115.75	82	51.61
395	169.89	116.39	84	71.79
396	195.88	90.63	86	96.34
397	14.58	146.88	84	97.44
398	105.48	113.67	82	14.73
399	4.02	114.95	82	97.14
Drivers: 2
id	x	y	end	sensitivity
445	174.83	8.12	81	1.61
446	153.41	89.5	82	1.47
Period: 82
Tasks:4
id	x	y	end	c
400	4.94	152.73	83	108.71
401	10.75	57.96	84	98.66
402	160.7	196.43	86	113.94
403	38.23	34.38	82	90.12
Drivers: 5
id	x	y	end	sensitivity
447	159.89	147.52	82	0.82
448	46.75	157.04	82	0.56
449	8.13	62.67	83	1.81
450	168.93	52.79	82	1.35
451	7.27	195.51	84	1.29
Period: 83
Tasks:2
id	x	y	end	c
404	41.37	78.54	85	62.43
405	157.33	151.22	85	76.88
Drivers: 9
id	x	y	end	sensitivity
452	140.71	69	84	1.3
453	177.01	133.17	84	1.12
454	44.19	91.98	85	0.7
455	128.6	99.22	85	1.39
456	31.12	37.11	85	1.14
457	26.43	84.64	84	1
458	180.44	154.81	83	1.7
459	30.53	194.71	85	1.61
460	78.91	109.46	85	1.41
Period: 84
Tasks:4
id	x	y	end	c
406	48.86	16.61	87	97.82
407	152.05	93.02	87	52.52
408	54.86	43.38	87	72.41
409	1.5	168.66	87	120.07
Drivers: 4
id	x	y	end	sensitivity
461	150.02	20.89	85	1.15
462	125.09	192.16	85	1.41
463	55.74	65.98	85	0.91
464	74.15	37.05	86	1.57
Period: 85
Tasks:4
id	x	y	end	c
410	170.88	72.85	87	75.9
411	7.63	8.67	88	129.9
412	115.94	62.56	87	40.69
413	150.35	6.46	85	106.23
Drivers: 6
id	x	y	end	sensitivity
465	50.27	172.23	87	1.64
466	120.78	60.17	86	1.39
467	151.94	121.47	86	1.01
468	192.32	87.3	88	1.55
469	139.16	1.05	85	0.55
470	78.79	83.95	85	1.48
Period: 86
Tasks:8
id	x	y	end	c
414	61.29	88.76	86	40.31
415	172.71	66.5	88	80.06
416	27.96	134.89	86	80.04
417	116.31	43.95	88	58.37
418	116.58	170.64	87	72.56
419	131.9	180.64	88	86.72
420	113.47	147.91	89	49.77
421	17	130.28	88	88.35
Drivers: 6
id	x	y	end	sensitivity
471	116.86	72.66	88	1.12
472	47.22	141.27	89	0.54
473	186.7	184.11	87	0.73
474	178.87	94.43	87	0.96
475	137.92	174.96	87	1.68
476	29.07	190.21	86	1.23
Period: 87
Tasks:8
id	x	y	end	c
422	191.28	59.36	90	99.92
423	1.71	165.78	89	118.27
424	43.41	192.66	90	108.57
425	155.14	36.41	87	84.17
426	31.58	98.78	89	68.43
427	196.04	72.31	87	99.95
428	80.57	7.84	90	94.19
429	34.04	126.09	91	70.93
Drivers: 10
id	x	y	end	sensitivity
477	59.16	148.95	88	0.85
478	69.5	99.4	87	1
479	36.74	189.7	88	1
480	40.1	181.86	90	1.6
481	77.6	125.45	87	1.84
482	154.92	172.24	88	1.82
483	99.97	5.72	89	1.12
484	197.04	170.52	88	1.61
485	134.05	92.97	89	1.02
486	101.87	85.58	87	1.31
Period: 88
Tasks:4
id	x	y	end	c
430	27.55	30.79	88	100.19
431	70.81	166.71	89	72.82
432	33.86	117.11	90	68.32
433	23.99	35.02	89	100
Drivers: 1
id	x	y	end	sensitivity
487	181.54	76.96	88	0.52
Period: 89
Tasks:5
id	x	y	end	c
434	180.5	174.07	90	109.39
435	143.89	92.64	92	44.5
436	178	186.75	92	116.66
437	177.76	177.92	94	110.08
438	158.39	36.47	90	86.29
Drivers: 4
id	x	y	end	sensitivity
488	134.94	17.64	90	1.2
489	49.67	152.28	89	1.53
490	116.07	184.47	89	1.99
491	52.3	113.25	90	0.84
Period: 90
Tasks:9
id	x	y	end	c
439	108.42	26.51	92	73.97
440	47.22	160.42	91	80.23
441	2.08	61.98	92	105.04
442	71.73	191.67	92	95.93
443	77.87	198.6	95	101.05
444	55.2	29.35	90	83.66
445	156.46	183.94	95	101.16
446	51.08	181.98	91	95.47
447	7.94	123.34	92	94.97
Drivers: 5
id	x	y	end	sensitivity
492	1.68	61.95	92	1.81
493	13.42	5.11	90	1.18
494	141.05	113.05	92	0.65
495	35.93	140.23	91	1.3
496	36.19	67.94	92	0.75
Period: 91
Tasks:4
id	x	y	end	c
448	61.94	1.06	91	106.01
449	131.64	72.14	93	42.16
450	141.31	111.63	91	42.92
451	69.23	191.4	91	96.44
Drivers: 4
id	x	y	end	sensitivity
497	165.03	164.94	91	1.7
498	124.33	162.87	92	1.98
499	64.93	122.12	95	0.83
500	91.98	63.87	94	1.26
Period: 92
Tasks:3
id	x	y	end	c
452	161.8	198.11	93	115.95
453	40.54	108.01	94	60
454	48.92	77.69	95	55.74
Drivers: 8
id	x	y	end	sensitivity
501	189.25	35.19	93	1.81
502	74.4	131.55	93	1.16
503	152.08	176.26	92	0.82
504	177.67	161	92	1.16
505	97.32	52.97	94	1.33
506	158.78	26.03	93	1.09
507	164.51	40.49	93	1.4
508	54.91	137.77	93	0.73
Period: 93
Tasks:5
id	x	y	end	c
455	50.65	125.7	95	55.64
456	146.92	164.46	95	79.73
457	55.49	109.28	93	45.47
458	168.68	37.38	97	92.94
459	41.03	46.49	95	79.63
Drivers: 2
id	x	y	end	sensitivity
509	195.35	153.13	93	1.92
510	78.97	141.47	94	1.27
Period: 94
Tasks:4
id	x	y	end	c
460	180.69	28.55	94	107.78
461	86.44	128.42	97	31.49
462	56.3	142.31	95	60.83
463	102.1	154.51	97	54.55
Drivers: 2
id	x	y	end	sensitivity
511	111.61	28.95	96	0.58
512	190.3	82.06	96	1.61
Period: 95
Tasks:4
id	x	y	end	c
464	190.22	166.77	97	112.24
465	124.58	96.39	96	24.84
466	3.02	0.77	98	138.75
467	19	135.03	96	88.25
Drivers: 3
id	x	y	end	sensitivity
513	89.62	174.83	95	1.65
514	84.97	174.32	95	1.82
515	134.95	180.77	95	1.87
Period: 96
Tasks:4
id	x	y	end	c
468	136.12	80.27	96	41.16
469	104.32	43.44	101	56.72
470	19.66	149.75	98	94.5
471	171.05	137.63	98	80.4
Drivers: 3
id	x	y	end	sensitivity
516	83.63	87.58	99	0.72
517	10.93	119.97	98	1.16
518	92.22	90.22	96	1.89
Period: 97
Tasks:4
id	x	y	end	c
472	16.9	33.47	100	106.45
473	133.07	54	100	56.65
474	58.31	149.52	100	64.73
475	51.89	162.04	101	78.51
Drivers: 4
id	x	y	end	sensitivity
519	66.9	33.22	98	1.76
520	118.59	138.86	100	0.77
521	198.85	22.83	98	1.48
522	45.25	81.04	97	1.36
Period: 98
Tasks:4
id	x	y	end	c
476	151.06	144.92	99	68.01
477	1.32	192.24	100	135.08
478	124.82	134.9	101	42.83
479	124.33	38.9	102	65.77
Drivers: 6
id	x	y	end	sensitivity
523	184.45	137.74	99	1.25
524	123.43	100.26	98	1.56
525	14.46	164.68	98	1.58
526	119.58	29.35	99	1.58
527	86.39	195.39	98	0.66
528	30.27	119.62	99	1.63
Period: 99
Tasks:3
id	x	y	end	c
480	181.75	87.12	99	82.76
481	99.3	172.62	101	72.62
482	43.6	53.2	101	73.29
Drivers: 9
id	x	y	end	sensitivity
529	166.2	185.82	100	1.5
530	30.3	58.67	99	1.55
531	128.97	58.11	99	0.82
532	47.52	170.68	101	0.71
533	36.33	131.8	100	1.51
534	126.74	117.13	100	1.84
535	172.01	0.66	100	1.04
536	121.06	178.83	101	0.55
537	150.26	40	100	1.74
Period: 100
Tasks:3
id	x	y	end	c
483	138.57	99.42	101	38.57
484	101.51	124.74	100	24.79
485	90.61	38	100	62.71
Drivers: 5
id	x	y	end	sensitivity
538	96.86	57.3	102	1.25
539	102.71	69.19	101	0.7
540	179.06	19.41	100	1.82
541	78.85	129.15	101	0.68
542	53.29	197.89	100	1.74
