Periods: 100
Task Arrival Rate: 15
Task Average Time: 2
Driver Arrival Rate: 10
Driver Average Time: 2
Period: 1
Tasks:11
id	x	y	end	c
1	96.82	194.46	4	94.51
2	28.57	63.71	6	80.12
3	116.98	62.05	2	41.58
4	113.73	30.67	4	70.68
5	192.87	191.99	3	130.72
6	42.19	108.19	4	58.39
7	85.28	15.65	3	85.62
8	63.93	93.48	2	36.65
9	36.7	95.04	2	63.49
10	69.92	176.21	3	81.93
11	59.1	28.25	6	82.59
Drivers: 8
id	x	y	end	sensitivity
1	54.34	35.79	3	1.82
2	180.13	40.66	2	1.14
3	90.62	116.25	6	1.15
4	17.91	194.73	5	1.21
5	8.92	35.32	2	1.79
6	187.93	6.89	2	1.47
7	149.95	191.96	2	0.61
8	152.02	21.61	1	0.69
Period: 2
Tasks:16
id	x	y	end	c
12	165.96	28.62	3	97.19
13	16.51	163.52	3	104.91
14	17.47	192.2	3	123.74
15	55.99	166.17	7	79.47
16	158.14	86.12	4	59.77
17	85.24	53.83	4	48.47
18	45.75	51.98	2	72.45
19	146.5	62.97	4	59.44
20	24.14	29.94	4	103.26
21	35.45	186.85	3	108.21
22	183.04	18.95	7	116.04
23	20.51	125.06	4	83.35
24	175.8	114.2	2	77.12
25	196.84	179.12	6	125.05
26	164.84	76.32	3	69.03
27	83.88	76.74	4	28.3
Drivers: 12
id	x	y	end	sensitivity
9	151.69	87.45	4	1.61
10	89.45	195.03	4	1.49
11	105.44	186.23	2	0.59
12	113.82	183.78	3	0.62
13	121.11	145.21	6	1.47
14	91.21	37.84	2	1.09
15	10.2	90.14	4	1.86
16	101.94	110.98	3	1.09
17	95.32	10.83	6	0.56
18	0.49	71.22	6	1.91
19	111.12	161.76	4	1.4
20	54.68	136.83	3	1.11
Period: 3
Tasks:21
id	x	y	end	c
28	77.31	39.51	5	64.61
29	64.44	53.81	4	58.29
30	64.18	71.88	5	45.54
31	28.82	34.59	5	96.67
32	131.58	41.26	4	66.69
33	127.49	17.85	7	86.63
34	185.58	178.63	4	116.22
35	193.75	173.88	5	119.36
36	91.72	16.88	3	83.53
37	90.75	71.2	3	30.25
38	82.11	141.17	8	44.89
39	110.34	87.3	8	16.38
40	36.78	31.04	4	93.55
41	16.63	45.4	4	99.66
42	20.24	67.43	7	86.15
43	120.56	55.21	4	49.28
44	171.41	11.38	8	113.81
45	36.29	112.03	4	64.84
46	110.4	44.72	4	56.25
47	162.68	159.01	5	86.09
48	189.73	34.14	8	111.31
Drivers: 14
id	x	y	end	sensitivity
21	99.67	44.42	3	0.96
22	43.03	115.16	6	1.88
23	160.03	105.43	5	1.39
24	176.5	188.97	4	0.73
25	39.81	194.69	3	1.12
26	58.32	126.16	5	1.82
27	36.36	178.96	5	1.14
28	54.38	11.77	4	0.85
29	160.08	71.97	5	0.77
30	74.36	19.73	4	0.74
31	132.14	90.74	8	1.16
32	122.37	47.91	5	1.71
33	45.3	153.97	6	1.95
34	72.62	189.59	10	1.86
Period: 4
Tasks:9
id	x	y	end	c
49	27.84	13.1	6	112.95
50	15.18	107.38	5	85.14
51	170.9	167.67	6	98.01
52	73.58	51.26	7	55.44
53	189.55	179.34	4	119.64
54	46.43	3.91	5	110.01
55	148.05	64.31	5	59.85
56	133.99	24.57	6	82.73
57	151.75	170.54	8	87.49
Drivers: 18
id	x	y	end	sensitivity
35	137.6	41.81	5	1.54
36	85.41	66.91	4	1.16
37	112.41	29.86	4	1.45
38	199.82	86.49	6	1
39	187.5	133.03	6	1.93
40	6.62	9.7	7	1.54
41	184.89	44.96	5	0.84
42	183.33	57.28	5	1.76
43	119.28	93.01	4	1.55
44	3.84	89.32	7	1.53
45	141.13	150.81	6	1.17
46	121.19	168.2	4	0.54
47	36.71	128.06	6	1.03
48	129.5	139.65	5	0.67
49	191.4	127.98	7	0.56
50	138.48	81.76	4	0.79
51	103.96	186.29	5	1.21
52	122.71	72.92	6	0.97
Period: 5
Tasks:10
id	x	y	end	c
58	131.74	63.11	6	48.67
59	189.27	65.6	8	95.67
60	106.8	24.63	5	75.68
61	176.4	117.02	7	78.27
62	88.7	71.85	10	30.33
63	56.9	178.83	5	89.84
64	92.12	22.76	5	77.64
65	90.68	198.17	7	98.61
66	41.26	165.15	6	87.72
67	145	20.8	8	91.09
Drivers: 6
id	x	y	end	sensitivity
53	181.99	104.06	7	0.94
54	98.87	30.21	7	1.16
55	54.55	159.71	5	0.54
56	135.17	50.95	7	0.71
57	52.04	158.45	7	1.33
58	51.33	144.1	7	1.2
Period: 6
Tasks:15
id	x	y	end	c
68	98.91	109.11	8	9.17
69	181.49	194.53	7	124.81
70	175.35	183.18	8	112.23
71	169.54	58.27	8	81.1
72	135.77	21.21	6	86.53
73	43.83	31.06	9	88.93
74	114.72	157.65	6	59.5
75	192.48	51.02	9	104.65
76	130.19	77.88	9	37.43
77	145.14	127.26	8	52.73
78	115.34	0.29	8	100.88
79	76.14	54.22	9	51.62
80	134.15	157.13	6	66.56
81	193.48	94.03	10	93.67
82	194.99	147.15	8	106.05
Drivers: 13
id	x	y	end	sensitivity
59	145.38	160.75	7	0.59
60	143.86	82.47	9	1.1
61	135.67	10.96	8	1.06
62	68.57	3.71	12	0.83
63	120.3	123.57	6	0.79
64	53.5	51.89	10	1.46
65	113.69	16.81	8	1.75
66	162.26	143.68	6	1.24
67	152.06	6.05	9	0.74
68	137.88	129.36	7	1.86
69	136.7	175.15	8	0.52
70	95.77	64.81	7	1.94
71	72.57	74.52	6	1
Period: 7
Tasks:12
id	x	y	end	c
83	158.93	83.85	9	61.1
84	196.18	128.95	11	100.44
85	98.26	172.63	8	72.65
86	172.2	95.81	9	72.32
87	17.25	181.09	10	115.86
88	149.09	177.46	9	91.71
89	101.73	128.74	8	28.79
90	100.56	110.25	9	10.27
91	56.95	66.04	10	54.83
92	100.82	150.78	7	50.79
93	199.13	60.17	11	106.83
94	191.34	138.66	7	99.18
Drivers: 6
id	x	y	end	sensitivity
72	192.44	191.27	10	1.17
73	101.48	83.3	7	1.3
74	111.33	172.37	10	0.56
75	177.98	89.45	8	1.23
76	73.45	66.78	10	1.38
77	92.74	102.21	9	1.23
Period: 8
Tasks:16
id	x	y	end	c
95	176.81	66.94	13	83.62
96	178.17	145.97	8	90.69
97	54.35	198.57	9	108.63
98	52.29	171.05	9	85.58
99	113.01	125.28	9	28.43
100	113.42	23.56	10	77.61
101	184.87	23.35	10	114.36
102	142.16	85.65	11	44.54
103	157.23	36.13	10	85.76
104	9.09	81.9	8	92.69
105	112.66	160.47	10	61.78
106	56.01	63.37	9	57.24
107	92.41	62.68	11	38.08
108	0.19	104.36	8	99.91
109	160.68	31.11	9	91.8
110	137.3	160.53	11	71.1
Drivers: 9
id	x	y	end	sensitivity
78	48.53	28.27	11	0.6
79	23.82	135.36	11	1.09
80	164.34	7.1	10	1.86
81	125.06	114.8	11	1.56
82	195.5	24.07	9	1.82
83	179.11	112.68	11	1.56
84	8.81	123.12	13	0.85
85	93.59	78.02	10	1.72
86	100.4	188.84	12	1.46
Period: 9
Tasks:20
id	x	y	end	c
111	182.85	165.15	11	105.4
112	193.93	19.22	10	123.89
113	186.22	154.71	12	102.11
114	157.05	40.82	10	82.2
115	188.26	113.84	9	89.34
116	59.06	150.52	10	65.03
117	146.93	123.91	12	52.67
118	48.45	154.1	15	74.73
119	93.68	185.72	10	85.95
120	185.32	19.73	10	117.14
121	21.79	45.35	10	95.41
122	13.07	160.36	12	105.83
123	177.16	178.04	9	109.74
124	179.7	92.54	12	80.05
125	165.09	111.14	11	66.04
126	89.65	192.88	9	93.45
127	36.32	46.46	11	83.2
128	65.31	168.02	9	76.36
129	59.74	65.89	10	52.77
130	42.56	146.68	13	74.02
Drivers: 7
id	x	y	end	sensitivity
87	187.72	108.35	11	1.83
88	153.26	102.29	10	1.1
89	167.85	147.02	11	1.09
90	3.89	123.88	10	1.89
91	43.77	80.62	11	1.21
92	181.08	95.98	12	1.56
93	153.21	181.53	10	1.16
Period: 10
Tasks:11
id	x	y	end	c
131	65.8	74.16	12	42.86
132	81.92	10.77	11	91.04
133	149.01	33.44	12	82.66
134	7.49	27.97	12	117.25
135	133.19	94.7	12	33.61
136	82.32	58.79	13	44.84
137	149.53	20.55	11	93.62
138	79.9	96.42	11	20.42
139	70.23	98.71	11	29.8
140	63.8	46.8	13	64.35
141	142.66	175.19	14	86.45
Drivers: 5
id	x	y	end	sensitivity
94	133.13	199.89	11	1.33
95	186.47	155.78	13	1.57
96	156.74	119.6	11	0.51
97	34.03	14.15	13	1.04
98	31.57	193.16	12	0.86
Period: 11
Tasks:15
id	x	y	end	c
142	194.25	3.41	12	134.95
143	58.69	30.53	11	80.82
144	149	99.4	13	49
145	101.81	164.42	13	64.45
146	89.85	144.16	12	45.31
147	49.9	188.74	13	101.91
148	162.76	121.73	11	66.42
149	50.02	172.47	14	88.03
150	146.93	164.93	13	80.11
151	131.35	8.52	12	96.7
152	183.33	44.42	15	100.16
153	136.63	191.46	12	98.52
154	155.66	63.56	12	66.53
155	8.85	195.62	12	132.1
156	92.78	59.75	11	40.89
Drivers: 19
id	x	y	end	sensitivity
99	41.34	28.23	12	1.54
100	78.78	95.31	13	1.3
101	39.26	96.03	13	1.89
102	16.93	95.81	11	1.87
103	9.45	164.87	15	1.71
104	30.72	57.02	12	1.41
105	191.25	22.13	13	0.92
106	83.01	136.17	12	0.9
107	109	122.09	13	0.96
108	43.38	29.05	13	1.45
109	117.36	31.79	14	1.4
110	32.06	182.06	14	1.35
111	32.08	31.37	12	0.5
112	128.81	134.3	12	1.4
113	80.25	145.73	12	1.54
114	139.33	63.26	13	0.59
115	130.88	5.8	11	1.79
116	22.03	168.74	14	1.84
117	163.56	48.14	12	1.39
Period: 12
Tasks:12
id	x	y	end	c
157	82.19	47.56	13	55.38
158	181.65	2.56	15	127.13
159	83.88	172.98	12	74.74
160	128.33	88.92	18	30.42
161	52.28	70.06	14	56.33
162	18.96	8.85	12	121.97
163	15.21	92.41	14	85.13
164	195.48	120.18	13	97.59
165	118.16	196.67	13	98.36
166	27.7	179.8	14	107.68
167	144.14	18.56	15	92.63
168	100.99	130.87	13	30.89
Drivers: 10
id	x	y	end	sensitivity
118	130.59	168.69	14	1.78
119	188.2	78.8	16	1.61
120	17.2	63.19	13	1.5
121	108.31	161.77	12	1.47
122	171.39	93.54	14	1.27
123	72.61	23.06	14	1.87
124	159.06	195.7	12	1.47
125	29.81	145.37	12	1.03
126	153.14	29.55	14	1.87
127	184.95	14.66	14	1.83
Period: 13
Tasks:13
id	x	y	end	c
169	185.61	162.57	15	106.04
170	163.92	44.13	15	84.9
171	171.9	168	15	98.96
172	131.45	75.72	14	39.73
173	188.43	122.69	14	91.29
174	148.64	119.62	16	52.45
175	111.51	80.43	14	22.7
176	181.3	168.66	15	106.41
177	20.35	190.67	17	120.69
178	68.19	78.83	14	38.21
179	131.2	52.53	15	56.81
180	178.89	68.31	15	85.02
181	6.28	181.8	15	124.4
Drivers: 6
id	x	y	end	sensitivity
128	145.28	107.33	14	0.78
129	171.18	176.69	18	0.71
130	107.27	123.07	14	0.83
131	183.29	66.77	14	0.9
132	149.42	18.18	14	1.66
133	41.08	156	14	1.47
Period: 14
Tasks:14
id	x	y	end	c
182	36.89	51.64	16	79.51
183	161.11	181.1	15	101.55
184	111.64	4.06	15	96.64
185	90.64	162.21	14	62.91
186	4.91	190.22	17	131.08
187	76.06	47.6	15	57.61
188	130.96	105.39	15	31.43
189	74.54	183.63	14	87.42
190	64.41	1.12	16	105.09
191	119.16	42.72	14	60.4
192	42.67	3.12	14	112.57
193	133.41	108.73	16	34.53
194	182.03	157.82	16	100.36
195	135.89	34.98	16	74.27
Drivers: 13
id	x	y	end	sensitivity
134	150.07	152.71	17	1.5
135	26.35	18.61	14	1.3
136	51.41	92.07	16	1.42
137	9.72	26.04	18	1.22
138	25.43	134.92	17	1.73
139	91.51	63.56	16	1.61
140	139.78	67.1	14	1.3
141	166.92	37.54	17	1.9
142	40.59	42.71	15	1.36
143	49.22	134.28	15	1.5
144	62.11	121.4	18	1.96
145	66.37	138.78	18	0.75
146	85.12	80.68	17	1.82
Period: 15
Tasks:17
id	x	y	end	c
196	38.05	165.99	17	90.51
197	107.43	78.98	18	22.29
198	24.08	53.1	17	89.24
199	139.67	39.36	17	72.46
200	92.4	4.74	16	95.56
201	120.2	118.56	16	27.43
202	54.26	187.61	18	98.83
203	199.08	18.66	18	128.19
204	88.38	83.55	16	20.14
205	56.72	115.1	18	45.84
206	54.12	136.89	18	58.87
207	20.53	87.09	16	80.51
208	126.99	2.72	17	100.95
209	109.24	146.89	19	47.79
210	116.15	31.51	17	70.37
211	169.07	134.2	17	77.07
212	53.86	96.43	16	46.28
Drivers: 13
id	x	y	end	sensitivity
147	149.13	7.87	16	1.1
148	90.38	157.99	16	0.52
149	13.92	23.2	15	0.57
150	8.01	60.3	19	0.82
151	8.29	79.62	16	1.27
152	185.56	105.15	16	1.28
153	53.87	195.97	16	1.32
154	181.63	185.22	17	1.29
155	79.15	51.94	19	1.01
156	62.11	50.61	16	0.62
157	51.52	103.08	16	1.7
158	125.01	198.5	18	1.06
159	193.54	190.62	16	1.22
Period: 16
Tasks:15
id	x	y	end	c
213	174.33	47.49	18	91.01
214	128.93	160.68	17	67.22
215	87.83	72.23	16	30.32
216	156.35	108.34	18	56.96
217	21.77	118.89	18	80.48
218	2.04	150.54	17	110.23
219	166.87	155.69	16	87.02
220	96.36	171.06	16	71.15
221	199.6	186.11	20	131.66
222	189.28	64.34	19	96.14
223	66.75	176.33	18	83.26
224	53.25	199.05	17	109.53
225	66.48	5.45	20	100.32
226	27.58	59.5	19	82.98
227	9.2	89.43	20	91.41
Drivers: 6
id	x	y	end	sensitivity
160	53.11	178.26	21	0.99
161	41.57	191.95	18	1.68
162	138.92	149.9	19	0.95
163	146.03	186.94	17	0.61
164	94.73	109.61	19	1.82
165	166.65	40.62	17	0.84
Period: 17
Tasks:19
id	x	y	end	c
228	184.62	43.95	18	101.5
229	166.53	85.27	18	68.14
230	63.63	161.2	18	71.19
231	2.22	81.05	18	99.6
232	93.01	25.81	17	74.52
233	79.79	88.88	18	23.07
234	58.61	20.71	22	89.44
235	128.29	121.03	20	35.25
236	174.06	73.43	21	78.68
237	147.33	160.78	19	77.03
238	18.29	169.69	21	107.39
239	33.33	49.46	17	83.66
240	192.03	25.39	19	118.47
241	80.25	77.45	18	29.98
242	177.17	144.69	20	89.18
243	191.36	158.86	19	108.68
244	163.21	52.13	18	79.29
245	84.54	131.24	20	34.86
246	120.68	120.37	17	29.03
Drivers: 9
id	x	y	end	sensitivity
166	16.01	83.78	18	1.66
167	86.78	10.68	18	0.68
168	32.88	139.12	17	1.44
169	161.86	101.29	19	1.85
170	126.9	174.28	19	1.52
171	79.62	61.99	20	1.42
172	10.79	180.44	19	1.38
173	181.59	82.29	20	0.68
174	179.86	180.67	23	1.02
Period: 18
Tasks:14
id	x	y	end	c
247	51.54	21.3	23	92.42
248	5.88	39.32	20	111.98
249	138.19	53.86	19	59.89
250	88.14	176.85	20	77.76
251	57.02	71.09	20	51.8
252	141.62	117.69	20	45.22
253	110.54	185.85	20	86.49
254	199.3	110.53	19	99.86
255	82.35	181.63	20	83.52
256	98.38	194.87	18	94.88
257	29.53	160.23	20	92.7
258	158.15	1.67	22	114.24
259	77.07	165.59	18	69.48
260	125.82	63.39	22	44.8
Drivers: 10
id	x	y	end	sensitivity
175	173.76	31.79	21	1.25
176	152.06	110.67	19	0.74
177	150.74	127.75	19	1.9
178	135.99	154.76	19	1.23
179	9.13	152.64	20	1.1
180	20.83	75.67	18	1.95
181	20.36	100.18	18	1.72
182	190.83	12.19	20	1.18
183	143.21	178.71	20	0.74
184	76.78	196.35	23	1.85
Period: 19
Tasks:14
id	x	y	end	c
261	87.72	193.3	22	94.1
262	67.04	133.36	22	46.9
263	167.66	131.74	21	74.73
264	24.39	72.79	22	80.36
265	104.28	40.69	20	59.46
266	147.4	33.47	20	81.69
267	13.58	174.23	21	113.92
268	183.66	147.12	21	96.02
269	192.89	14.55	20	126.22
270	46.31	27.22	21	90.44
271	12.1	91.5	21	88.31
272	87.41	174.6	19	75.65
273	9.56	75.51	21	93.7
274	110.94	15.48	23	85.23
Drivers: 8
id	x	y	end	sensitivity
185	84.35	110.86	19	1.19
186	64.26	186.18	20	1.19
187	21.47	178.07	19	0.76
188	80.31	23.45	22	1.84
189	81.95	79	19	1.02
190	107.34	91.05	21	1.66
191	36.39	141.58	20	1.57
192	87.63	79.26	21	1.17
Period: 20
Tasks:15
id	x	y	end	c
275	155.5	165.55	22	85.89
276	86.66	40.71	22	60.77
277	119.75	141.65	21	46.1
278	109.96	194.03	23	94.56
279	199.49	50.61	22	111.07
280	150.46	123.58	21	55.7
281	62.76	109.67	21	38.48
282	159.58	124.1	23	64.27
283	22.34	15.49	22	114.77
284	125.52	49.13	21	56.91
285	73.17	104.57	23	27.22
286	99.86	184.58	21	84.58
287	156.15	105.58	22	56.43
288	11.35	66.76	22	94.68
289	1.7	98.7	22	98.31
Drivers: 8
id	x	y	end	sensitivity
193	86.58	169.45	21	1.54
194	156.46	149.14	21	0.6
195	19.22	184.3	21	0.95
196	151.46	12.41	23	0.62
197	171.05	93.3	20	1.15
198	111.6	132.6	21	0.55
199	102.64	99.58	24	1.8
200	197.7	101.32	21	0.64
Period: 21
Tasks:19
id	x	y	end	c
290	79.53	78.11	22	29.97
291	42.68	171.68	23	91.78
292	20.77	51.1	24	93.11
293	14.19	17.34	23	119.15
294	152.38	24.9	22	91.56
295	168.64	160.57	22	91.54
296	61.33	79.43	24	43.8
297	145.32	150.02	21	67.5
298	31.67	185.2	21	109.22
299	190.43	156.14	23	106.44
300	76.81	103.32	23	23.43
301	71.84	176.31	23	81.34
302	94.07	95.95	22	7.18
303	3.29	35.52	22	116.23
304	89.3	45.46	24	55.58
305	151.36	73.7	23	57.7
306	145.06	80.94	25	48.93
307	41.23	108.5	22	59.38
308	107.81	100.11	23	7.81
Drivers: 13
id	x	y	end	sensitivity
201	68.31	45.58	22	0.85
202	6.7	7.33	25	1.79
203	20.97	21.27	22	1
204	164.72	163.92	22	1
205	112.36	115.84	25	2
206	171.81	138.54	24	1.18
207	96.29	151.51	22	0.78
208	36.49	106.67	22	0.85
209	122.05	12.8	24	1.64
210	74.44	110.47	24	1.27
211	121.13	131.13	24	0.82
212	160.57	15.78	25	1.49
213	158.84	199.63	21	1.75
Period: 22
Tasks:9
id	x	y	end	c
309	6.79	186.38	25	127.08
310	50.05	70.49	23	58.02
311	184.66	22.77	26	114.59
312	130.55	48.55	26	59.84
313	21.16	31.57	25	104.4
314	88.62	31.26	25	69.68
315	90.1	96.31	22	10.57
316	106.31	137.48	22	38.01
317	73.59	116.25	23	31.01
Drivers: 10
id	x	y	end	sensitivity
214	105.92	59.99	23	1.51
215	17.86	197.56	25	1.33
216	130.9	133.47	25	1.35
217	86.77	162.88	24	0.96
218	25.46	160.93	26	1.55
219	25.65	151.77	25	0.68
220	49.58	174.02	23	1.75
221	39.44	33.77	23	1.46
222	122.81	179.14	24	1.05
223	10.98	55.25	24	1.21
Period: 23
Tasks:14
id	x	y	end	c
318	193.74	87.67	26	94.55
319	49.69	36.77	27	80.8
320	195.94	28.7	25	119.53
321	181.2	97.74	23	81.23
322	173.7	94.81	24	73.88
323	124.7	184.65	26	88.18
324	5.7	95	27	94.43
325	4.44	99.09	27	95.56
326	101.39	77.25	24	22.79
327	83.07	67.89	25	36.3
328	172.7	51.7	27	87.28
329	70.08	144.14	24	53.32
330	166.18	60.13	26	77.26
331	10.62	28.62	25	114.38
Drivers: 16
id	x	y	end	sensitivity
224	80.3	179.5	25	1.5
225	14.34	79.35	24	1.43
226	72.58	173.84	26	0.98
227	186.93	162.62	27	0.91
228	183.84	88.43	24	1.12
229	173.63	31.51	26	1.29
230	153.12	179.71	26	1.64
231	154.7	196.39	26	0.99
232	174.12	116.8	26	0.91
233	73.47	0.92	24	2
234	191.98	171.04	25	1.66
235	183.39	72.36	29	1.4
236	28.1	47.09	24	1.34
237	146.47	191.61	26	1.84
238	72.8	170.02	25	1.36
239	33.5	46.38	24	0.62
Period: 24
Tasks:12
id	x	y	end	c
332	89.44	92.29	29	13.08
333	42.93	85.76	25	58.82
334	87.59	131.83	26	34.16
335	13.31	126.85	29	90.75
336	120.08	182.81	26	85.21
337	69.93	178.64	26	84.19
338	89.26	64.25	28	37.33
339	28.73	141.35	25	82.4
340	182.02	174.46	26	110.78
341	2.29	146.86	25	108.37
342	169.65	176.02	25	103.1
343	43.99	101.25	26	56.02
Drivers: 13
id	x	y	end	sensitivity
240	26.79	138.54	25	1.72
241	48.88	59.17	26	1.98
242	86.62	174.18	26	1.04
243	168.68	95.94	25	0.84
244	99.39	120.37	26	1.46
245	39.33	11.74	28	1.01
246	127.77	38.03	25	1
247	149.34	137.59	28	0.74
248	197.66	187.21	25	0.91
249	170.16	159.37	24	0.56
250	117.65	123.89	25	1.55
251	147.87	59.56	26	0.58
252	75.6	163.71	26	1.84
Period: 25
Tasks:16
id	x	y	end	c
344	111.3	128.01	26	30.2
345	33.57	82.5	27	68.7
346	132.23	56.09	27	54.47
347	58.12	46.57	28	67.89
348	34.24	56.75	28	78.71
349	174.78	101.12	27	74.79
350	39.72	7.67	26	110.27
351	22.71	148.07	26	91.02
352	171.56	4.11	28	119.65
353	23.01	10.04	29	118.41
354	178.42	26.66	27	107.37
355	12.88	39.25	30	106.21
356	193.48	69.54	25	98.32
357	199.61	132.6	26	104.81
358	176.07	99.13	27	76.07
359	69.77	49.45	28	58.9
Drivers: 13
id	x	y	end	sensitivity
253	128.74	135.74	25	0.75
254	110.09	179.12	25	0.52
255	8.9	58.91	30	1.08
256	10.95	80.13	27	1.21
257	45.03	80.3	26	1.21
258	48.77	55.78	27	0.93
259	98.61	14.51	26	1.21
260	132.08	78.57	26	1.93
261	156.97	17.02	27	1.54
262	35.16	145.97	27	0.86
263	133.52	75.66	26	1.93
264	52.77	99.6	25	0.87
265	40.68	83.03	28	1.7
Period: 26
Tasks:16
id	x	y	end	c
360	129.92	198.5	26	102.94
361	57.12	79.41	27	47.57
362	126.03	54.41	28	52.5
363	121.99	186	28	88.77
364	115.25	198.85	29	100.02
365	185.51	65.83	27	92.08
366	109.27	178.26	27	78.81
367	41.24	162.22	26	85.58
368	119.97	159.15	29	62.43
369	52.34	20.89	29	92.36
370	54.69	114.11	27	47.46
371	45.91	184.64	28	100.45
372	94.39	82.25	29	18.62
373	164.32	167	27	92.88
374	126.33	77.23	27	34.81
375	185.12	68.8	26	90.66
Drivers: 7
id	x	y	end	sensitivity
266	183.93	86.41	26	1.61
267	134	150.65	27	1.29
268	190.95	57.52	29	1.65
269	32.61	71.06	27	1.24
270	148.4	124.35	29	0.66
271	67.94	128.98	27	1.5
272	41.69	49.41	26	0.64
Period: 27
Tasks:14
id	x	y	end	c
376	136.05	174.05	29	82.36
377	167	1.99	29	118.72
378	54.71	196.37	30	106.48
379	154.63	190.76	29	105.93
380	87.34	37.92	29	63.36
381	34.55	155.58	27	85.87
382	114.27	69.87	31	33.34
383	79.69	84.54	29	25.52
384	78.18	14.03	29	88.7
385	154.45	17.02	27	99.25
386	109.17	137.57	29	38.67
387	140.83	176.02	31	86.29
388	47.07	36.14	27	82.94
389	136.31	108.48	28	37.29
Drivers: 12
id	x	y	end	sensitivity
273	182.84	63.23	27	0.62
274	70.6	87.68	27	0.72
275	120.47	153.94	30	1.42
276	197.7	58.56	29	1.25
277	168.54	149.44	30	0.63
278	51.21	85.37	30	1.92
279	189.64	28.98	27	1.37
280	155.58	34.18	29	1.32
281	146.48	102.85	28	1.71
282	168.9	55.91	29	0.67
283	99.64	24.6	27	1.16
284	11.05	67.88	30	1.44
Period: 28
Tasks:17
id	x	y	end	c
390	199.95	22.81	30	126.29
391	118.54	128.94	29	34.37
392	77.3	197.04	29	99.66
393	130.23	193.84	30	98.59
394	98.24	66.17	28	33.88
395	21.93	68.14	28	84.32
396	17.01	148.07	29	95.91
397	131.49	189.18	29	94.58
398	157.85	135.17	29	67.7
399	120.54	174.36	29	77.14
400	59.14	52.18	31	62.9
401	116.11	156.75	28	58.99
402	84.39	82.45	30	23.49
403	95.84	106.48	30	7.7
404	145.98	2.31	29	107.97
405	146.95	120.55	29	51.25
406	131.71	47.39	29	61.43
Drivers: 9
id	x	y	end	sensitivity
285	179.97	46.71	30	1.82
286	27.94	101.11	29	0.61
287	154.19	25.88	29	0.9
288	172.02	159.15	29	1.67
289	78.62	127.94	28	1.65
290	114.26	47.84	30	0.5
291	135.79	179.11	30	1.26
292	187.27	43.79	30	0.72
293	89.02	72.23	32	1.12
Period: 29
Tasks:15
id	x	y	end	c
407	163.32	147.63	31	79.23
408	68.39	81.86	32	36.45
409	106.15	199.59	29	99.78
410	92.4	80.06	31	21.34
411	127.24	130.89	32	41.19
412	161.44	41.43	32	84.88
413	113.99	67.89	29	35.03
414	166.84	41.2	33	89.02
415	172.02	145.82	32	85.36
416	43.63	172.14	31	91.55
417	155.62	35.01	33	85.54
418	89.25	129.89	30	31.76
419	4.49	165.78	32	115.97
420	81.11	21.9	30	80.35
421	135.86	100.98	31	35.87
Drivers: 12
id	x	y	end	sensitivity
294	144.51	142.78	31	0.84
295	75.98	183.89	29	0.82
296	102.11	195.67	29	1.07
297	117.22	139.04	31	0.72
298	107.43	51.06	29	1.18
299	143.88	154.33	33	0.8
300	119.88	166.75	32	0.96
301	162.82	78.06	31	0.62
302	160.91	74.58	29	1.22
303	192.34	15.1	29	0.94
304	129.96	38.52	33	1.11
305	176.21	169.56	35	1.8
Period: 30
Tasks:15
id	x	y	end	c
422	36.87	155.25	34	83.89
423	101.29	156.14	39	56.15
424	172.34	43.89	33	91.55
425	36.18	71.68	31	69.82
426	149.69	121.94	30	54.32
427	125.05	120.23	31	32.2
428	173.02	87.79	34	74.03
429	56.1	2.11	32	107.28
430	139.4	162.62	34	73.98
431	45.36	174.92	35	92.73
432	149.3	169.06	33	84.85
433	199.34	120.8	32	101.49
434	136.02	114.22	31	38.73
435	165.75	169.18	32	95.44
436	123.89	150.07	30	55.48
Drivers: 13
id	x	y	end	sensitivity
306	111.88	44.11	30	0.62
307	45.75	115.65	31	1.13
308	66.12	92.6	31	0.92
309	184.22	164.64	30	1.6
310	141.47	7.84	30	1.25
311	52.41	142.52	33	1.44
312	41.75	82.55	34	1.89
313	74.5	190.32	32	1.87
314	103.19	157.07	32	0.68
315	7.81	52.36	31	0.53
316	44.66	107.09	33	1.33
317	138.48	71.82	30	1.59
318	154.51	56.19	31	1.97
Period: 31
Tasks:12
id	x	y	end	c
437	132.68	92.42	35	33.55
438	95.99	39.17	34	60.96
439	13.08	185.09	33	121.64
440	30.96	39.49	32	91.8
441	104.56	80.41	35	20.11
442	184.9	80.72	31	87.06
443	69.71	111.53	34	32.41
444	85.47	96.18	35	15.02
445	89.44	88.62	34	15.52
446	76.15	43.17	37	61.63
447	140.88	104.05	33	41.08
448	99.73	68.82	34	31.18
Drivers: 5
id	x	y	end	sensitivity
319	146.09	58.89	34	0.8
320	147.28	141.98	33	1.92
321	18.25	89.72	34	0.88
322	78.8	61.62	32	1.09
323	151.69	42.2	31	1.81
Period: 32
Tasks:12
id	x	y	end	c
449	159.22	121.28	35	62.93
450	136.17	63.14	36	51.64
451	13.48	142.56	34	96.42
452	115.41	159.42	34	61.39
453	25.25	84.59	35	76.32
454	167.14	184.41	34	107.86
455	195.52	177.16	34	122.79
456	75.36	72.99	33	36.56
457	157.88	98.47	34	57.9
458	120.16	167.94	34	70.87
459	67.29	156.15	38	64.98
460	85.79	148.42	36	50.46
Drivers: 4
id	x	y	end	sensitivity
324	99.3	76.84	36	0.7
325	8.18	78.68	34	1.57
326	138.34	119.13	34	0.58
327	67.67	41.55	35	1.03
Period: 33
Tasks:19
id	x	y	end	c
461	72.48	85.02	37	31.33
462	98.55	116.38	37	16.44
463	14.39	78.12	34	88.36
464	185.65	172.63	34	112.3
465	61.99	158.07	37	69.4
466	181.68	47.59	34	97.05
467	12.9	36.16	34	107.99
468	84.96	199.68	35	100.81
469	44.74	69.3	35	63.22
470	12.85	54.02	36	98.54
471	17.32	182.7	35	116.94
472	174.38	170.56	34	102.52
473	58.28	82.04	36	45.42
474	67.52	56.44	35	54.34
475	165.98	130.23	34	72.58
476	189.87	33.21	35	111.97
477	30.35	179.53	34	105.72
478	147.8	122.5	34	52.83
479	73.9	69.81	33	39.91
Drivers: 11
id	x	y	end	sensitivity
328	139.57	179.54	33	0.87
329	134.19	171.56	35	0.89
330	0.86	0.86	36	0.73
331	67.06	47.26	33	0.77
332	60.32	124.49	37	1.08
333	56.97	65.79	34	0.94
334	20.42	127.58	37	1.89
335	128.24	162.66	33	1.25
336	63.63	31.32	35	1.19
337	14.18	74.46	37	0.9
338	155.19	31.6	33	1.41
Period: 34
Tasks:11
id	x	y	end	c
480	96.61	23.63	39	76.45
481	189.61	101.49	36	89.62
482	199.68	169.11	37	121.29
483	186	30.92	36	110.31
484	193.67	173.56	36	119.1
485	5.67	67.37	34	99.81
486	4	84.1	35	97.31
487	198.25	71.32	38	102.35
488	73.45	99.33	36	26.56
489	28.98	186.9	34	112.23
490	7.55	29.31	35	116.38
Drivers: 14
id	x	y	end	sensitivity
339	19.88	128.86	34	0.96
340	199.14	184.41	40	1.12
341	153.07	199.56	38	1.75
342	41.74	169.37	35	1.65
343	25.55	143.42	37	1.61
344	10.4	66.82	38	1.63
345	199.15	55.56	36	1.97
346	60.64	8.1	36	1.79
347	34.63	5.54	38	1.86
348	189.93	74.42	37	1.75
349	100.95	98.44	35	1.65
350	18.19	197.98	38	0.88
351	51.94	121.95	37	1.54
352	178.86	152.23	37	1.97
Period: 35
Tasks:15
id	x	y	end	c
491	107.03	188.45	38	88.73
492	25.77	123.67	39	77.91
493	160.25	62.74	36	70.84
494	111.05	120.85	36	23.6
495	122.98	105.16	35	23.55
496	80.28	169.76	37	72.49
497	181.45	140.12	37	90.79
498	59.71	168.04	36	79.07
499	26.11	85.31	37	75.34
500	62.17	155.27	37	66.98
501	39.46	13.55	36	105.54
502	43.03	53.03	38	73.84
503	95.95	10.31	37	89.78
504	185.8	146.24	39	97.47
505	111.69	4.6	39	96.11
Drivers: 6
id	x	y	end	sensitivity
353	151.13	14.22	38	0.8
354	15.34	22.76	41	1.36
355	74.1	125.64	36	1.46
356	18.87	66.77	36	0.87
357	55.27	1.36	38	0.64
358	114.18	152.46	38	0.94
Period: 36
Tasks:17
id	x	y	end	c
506	87.47	8.62	39	92.24
507	149.48	4.04	39	107.97
508	25.89	53.84	38	87.31
509	121.89	74.27	41	33.78
510	69.71	28.39	39	77.75
511	188.72	25.95	36	115.56
512	138.52	196.3	38	103.72
513	117.03	27	36	74.96
514	64.09	152.75	39	63.81
515	104.49	108.78	37	9.86
516	99.69	54.49	38	45.51
517	194.64	194.11	39	133.47
518	90.43	98.85	38	9.64
519	26.41	152.62	39	90.47
520	26.16	74.19	36	78.22
521	60.29	169.06	36	79.66
522	101.6	101.94	37	2.51
Drivers: 10
id	x	y	end	sensitivity
359	40.07	132.12	38	1.51
360	47.08	60.48	41	1.36
361	85.77	32.3	40	1.94
362	186.67	104.25	37	0.72
363	125.13	75.32	36	1.88
364	144.04	168.86	43	0.93
365	67.41	161.85	39	1.17
366	73.67	187.01	39	1.97
367	57.59	145.02	40	0.84
368	34.47	124.95	38	1.96
Period: 37
Tasks:17
id	x	y	end	c
523	128.96	92.61	39	29.89
524	146.36	61.92	39	59.99
525	10.21	14.08	40	124.28
526	6.56	170.61	38	117.12
527	173.84	19.81	40	109.01
528	129.43	151.83	39	59.6
529	180.6	116.26	37	82.22
530	65.66	85.49	40	37.28
531	65.49	152.66	39	62.96
532	98.15	119.21	39	19.3
533	28.66	104.68	39	71.49
534	72.86	131.77	42	41.78
535	158.24	62.11	37	69.48
536	187.18	162.02	40	106.99
537	23.36	100.96	41	76.65
538	56.39	198.27	37	107.51
539	123.88	84.82	38	28.3
Drivers: 9
id	x	y	end	sensitivity
369	93.9	58.39	39	0.57
370	112.64	11.94	42	1.55
371	184.93	51.24	38	1.43
372	6.61	149.77	39	1.98
373	107.11	25.43	38	0.95
374	92.56	91.69	37	0.7
375	192.02	90.41	40	1.14
376	128.8	11.72	38	0.86
377	159.68	12.22	38	0.99
Period: 38
Tasks:18
id	x	y	end	c
540	34.21	20.04	38	103.55
541	48.81	8.1	41	105.2
542	56.82	17.41	42	93.2
543	186.92	118.21	40	88.81
544	89.87	158.44	42	59.31
545	119.03	100.48	39	19.04
546	124	77.89	39	32.63
547	118.89	52.17	41	51.43
548	132.36	169.41	41	76.58
549	48.9	66.61	38	61.04
550	122.14	75.5	41	33.02
551	122.48	192.2	42	94.9
552	83.63	96.93	39	16.66
553	65.62	123.42	39	41.6
554	168.52	153	39	86.63
555	75.7	98.86	41	24.33
556	71.31	37.76	39	68.53
557	28.93	134.95	38	79.2
Drivers: 15
id	x	y	end	sensitivity
378	110.13	90.87	41	0.99
379	174.67	161.96	42	1.98
380	130.13	131.72	39	1.43
381	0.96	124.39	41	0.88
382	157.73	69.36	39	1.17
383	54.87	153.31	39	0.77
384	157.56	49.85	38	0.64
385	136.09	95.18	40	0.65
386	65.2	140.49	41	0.8
387	166.48	67.93	45	1.74
388	52.32	124.3	43	1.11
389	15.81	177.99	41	0.92
390	191.72	199.89	41	0.6
391	0.79	76.19	39	0.52
392	98.77	150.28	40	0.55
Period: 39
Tasks:11
id	x	y	end	c
558	161.34	8.33	44	110.3
559	33.84	161.75	40	90.5
560	25.28	62.49	43	83.61
561	51.26	14.64	42	98.3
562	71.07	126.52	41	39.25
563	44.12	103.99	39	56.02
564	160.5	39.12	39	85.83
565	73.74	35.15	40	69.97
566	73.09	157.1	39	63.12
567	166.09	170.94	39	96.96
568	54.82	15.1	41	96.17
Drivers: 5
id	x	y	end	sensitivity
393	49.06	45.42	40	0.7
394	195.85	90.17	41	0.96
395	158.06	160.08	42	0.74
396	14.65	176.7	42	1.63
397	66.12	70.34	40	1.89
Period: 40
Tasks:11
id	x	y	end	c
569	119.84	157.68	45	61
570	62.99	145.35	43	58.54
571	99.91	127.5	43	27.5
572	23.93	36.25	45	99.25
573	137.64	130.51	41	48.45
574	199.53	5.98	44	136.92
575	50.28	58.07	44	65.04
576	123.63	99.23	41	23.64
577	190.27	140.6	43	98.98
578	4.48	163.12	43	114.49
579	137.72	87.5	42	39.74
Drivers: 7
id	x	y	end	sensitivity
398	8.16	57.16	42	1.94
399	153.87	183.28	41	1.09
400	16.07	141.8	42	1.11
401	147.71	163.88	43	0.59
402	145.29	126.13	42	0.65
403	46.72	30.17	40	1.48
404	109.77	46.45	43	1.77
Period: 41
Tasks:20
id	x	y	end	c
580	119.85	161.89	43	65
581	40.36	31.28	42	90.99
582	2.51	24.67	41	123.2
583	157.83	139.9	42	70.26
584	19.75	53.54	43	92.73
585	150.55	2.18	46	110.11
586	32.69	190.24	45	112.58
587	165.48	116.36	43	67.49
588	17.33	16.23	42	117.69
589	42.23	191.2	43	107.96
590	11.47	44.98	45	104.23
591	157.76	75.02	44	62.93
592	85.24	47.38	45	54.65
593	73.2	9.78	44	94.12
594	53.82	126.42	44	53.2
595	189.08	142.06	44	98.51
596	146.33	140.89	41	61.79
597	43.26	48.7	41	76.49
598	191.85	116.75	42	93.36
599	146.21	119.17	45	50.03
Drivers: 15
id	x	y	end	sensitivity
405	191.48	62.58	43	1.41
406	6.14	197.86	41	1.44
407	127.2	157.35	42	0.8
408	167.7	129.97	44	1.76
409	6.6	90.9	42	1.53
410	120.86	162.38	42	0.63
411	11.13	135.99	45	2
412	170.4	180.3	42	1.46
413	69.07	30.1	42	1.1
414	121.53	34.33	42	1.83
415	57.83	117.05	41	1.36
416	34.51	25.05	42	0.58
417	16.29	17.81	46	0.93
418	2.89	57.99	42	1.83
419	190.69	114.69	43	1.5
Period: 42
Tasks:19
id	x	y	end	c
600	169.21	138	45	78.96
601	63.69	198.5	44	104.98
602	110.27	199.4	43	99.93
603	12.61	103.83	44	87.47
604	48.14	92.58	46	52.39
605	175.16	2.85	44	122.83
606	90.44	163.21	48	63.93
607	145.46	43.51	45	72.51
608	100.84	182.46	42	82.46
609	163.23	146.46	46	78.46
610	175.21	185.21	45	113.65
611	112.58	99.75	46	12.58
612	166.73	84.62	45	68.48
613	176.05	183.34	42	112.82
614	123.36	65.71	44	41.49
615	56	183.01	45	93.95
616	57.28	60.94	42	57.89
617	162.05	43.22	44	84.11
618	93.79	164.63	44	64.93
Drivers: 7
id	x	y	end	sensitivity
420	11.53	126.71	43	1.31
421	122.04	53.94	43	1.66
422	198.17	189.95	47	0.7
423	131.07	187.9	44	0.66
424	149.66	57.71	43	0.8
425	183.52	143.95	45	1.13
426	78.19	13.21	45	1.01
Period: 43
Tasks:14
id	x	y	end	c
619	141.21	166.92	47	78.59
620	41.82	169.56	44	90.68
621	47.44	186.02	46	100.81
622	14.34	78.87	44	88.23
623	52.12	60.79	44	61.89
624	23.46	124.92	47	80.49
625	195.04	186.71	44	128.65
626	147.2	112.36	45	48.79
627	35.41	134.88	46	73.41
628	133.91	51.6	47	59.1
629	127.4	174.91	43	79.76
630	51.77	18.26	47	94.91
631	4.29	121.41	45	98.08
632	99.89	48.08	45	51.92
Drivers: 8
id	x	y	end	sensitivity
427	61.5	195.97	47	1.71
428	148.47	34.12	45	1.45
429	0.52	176.44	45	1.06
430	171.76	105.4	43	0.99
431	96.12	104.51	44	1.44
432	65.98	113.54	44	0.7
433	65.98	2.67	45	1.17
434	133.74	160.35	44	0.96
Period: 44
Tasks:21
id	x	y	end	c
633	193.73	189.24	47	129.42
634	66.39	117.96	47	38.11
635	103.56	107.05	44	7.9
636	5.37	150.73	46	107.37
637	67.79	77.13	45	39.5
638	29.15	152.81	46	88.37
639	23.98	1.81	44	124.18
640	136.81	15.01	48	92.62
641	47.49	141.91	47	67.18
642	84.69	96.87	44	15.63
643	154.09	139.42	45	66.93
644	161.18	24.7	47	97.02
645	133.78	182.24	46	88.91
646	157.33	42.34	45	81.31
647	118.59	102.28	49	18.73
648	152.75	28.56	45	88.8
649	124.81	119.36	45	31.47
650	148.51	174.01	45	88.49
651	100.61	73.64	51	26.37
652	120.72	121.96	48	30.19
653	130.85	138.6	49	49.41
Drivers: 11
id	x	y	end	sensitivity
435	63.18	16.81	47	1.59
436	176.55	8.86	46	1.33
437	135.05	159.74	48	1.14
438	59.85	82.18	50	1.64
439	199.01	197.44	47	0.54
440	158.84	86.54	47	1.49
441	40.89	188.34	44	1.2
442	124.92	58.02	46	0.73
443	47.32	56.35	47	1.16
444	156.61	117.35	46	0.67
445	153.55	167.27	46	1.04
Period: 45
Tasks:18
id	x	y	end	c
654	9.77	49.61	45	103.35
655	14.49	147.64	47	97.89
656	139.2	20.91	48	88.27
657	137.74	15.23	45	92.79
658	167.23	37.35	48	91.9
659	5.04	153.57	49	109.03
660	156.11	117.95	47	58.91
661	136.26	116.64	49	39.9
662	103.93	114.93	47	15.44
663	40.69	43.34	49	82.02
664	182.69	134.66	45	89.66
665	72.58	78.8	48	34.66
666	9.18	8.19	47	129.14
667	72.15	50.51	47	56.79
668	82.45	1.26	47	100.29
669	35.1	136.25	46	74.34
670	135.17	56.6	45	55.86
671	23.64	152.57	52	92.71
Drivers: 11
id	x	y	end	sensitivity
446	75.58	148.09	47	1.58
447	140.26	24.57	46	1.89
448	148.01	180.77	47	1.78
449	77.69	155.1	48	0.84
450	38.89	104.1	47	1.71
451	71.7	34.99	48	1.32
452	186.99	168.28	46	1.95
453	70.5	123.07	46	1.76
454	75.75	176.66	53	1.41
455	6.74	131.59	50	1.43
456	53.47	145.97	46	1.57
Period: 46
Tasks:16
id	x	y	end	c
672	133.23	193.49	46	99.22
673	74.22	182.45	46	86.39
674	138.24	104.25	48	38.48
675	138.41	194.81	48	102.29
676	198.47	158.13	50	114.35
677	187	57.29	46	96.92
678	184.78	162.73	47	105.46
679	30.44	183.12	48	108.39
680	17.89	79.8	50	84.56
681	130.54	14	48	91.26
682	60.89	196.39	48	104.02
683	178.96	38.86	49	99.86
684	65.97	40.91	49	68.19
685	65.52	150.07	47	60.79
686	165.54	79.26	49	68.74
687	22.01	21.67	46	110.54
Drivers: 5
id	x	y	end	sensitivity
457	33.81	4.27	48	1.45
458	84.61	34.83	47	1.49
459	127.8	36.66	48	0.73
460	139.73	114.35	49	1.73
461	22.08	88.37	47	1.91
Period: 47
Tasks:16
id	x	y	end	c
688	28.03	143.12	49	83.9
689	62.65	41.69	50	69.25
690	60.9	35.94	49	75.05
691	35.27	193.22	50	113.49
692	31.73	36.5	51	93.24
693	85.38	139.55	48	42.17
694	60.67	163.05	51	74.31
695	126.81	86.67	49	29.94
696	177.74	149.51	48	92.17
697	196.72	93.49	48	96.94
698	49.19	154.19	51	74.28
699	6.84	131.87	50	98.46
700	2.31	173.18	50	122.06
701	140.33	119.9	48	44.97
702	193.59	127.71	49	97.61
703	173.08	138.83	50	82.76
Drivers: 7
id	x	y	end	sensitivity
462	17.6	15.41	49	1.68
463	91.32	145.52	50	1
464	111.74	92.33	49	1.18
465	17.36	174.91	49	1.97
466	72.19	75.35	49	1.29
467	156.7	31.3	48	1.04
468	41.17	97.28	48	1.81
Period: 48
Tasks:18
id	x	y	end	c
704	1.48	5.91	49	136.23
705	66.61	13.53	50	92.69
706	108.78	81.08	50	20.86
707	120.8	112.75	48	24.4
708	173.48	181.88	50	110.02
709	71.52	137.47	52	47.06
710	61.06	108.29	49	39.81
711	110.84	38.33	50	62.62
712	138.36	176.88	50	85.92
713	9.19	38.19	51	109.85
714	94.36	62.86	50	37.57
715	42.94	181.25	52	99.28
716	78.93	9.55	51	92.87
717	181.93	180.96	52	115.18
718	105.45	67.94	50	32.52
719	174.18	195.06	49	120.58
720	11.8	35.39	53	109.33
721	30.5	132.53	48	76.74
Drivers: 9
id	x	y	end	sensitivity
469	143.48	48.87	51	1.17
470	17.29	67.58	48	0.9
471	110.21	168.01	50	0.84
472	143.97	158.49	49	0.78
473	100.55	64.31	49	1.76
474	66.01	176.91	49	1.28
475	77.58	148.52	51	1.63
476	37.65	174.8	53	1.89
477	127.08	82.75	50	1.4
Period: 49
Tasks:14
id	x	y	end	c
722	39.49	123.26	52	64.83
723	179.44	3.19	49	125.23
724	123.81	137.96	53	44.81
725	54.91	69.68	50	54.34
726	167.77	138.76	51	78.07
727	99.35	186.26	49	86.26
728	17.91	160.66	51	102.07
729	160.12	100.42	54	60.12
730	82.86	62.41	50	41.31
731	121.05	101.24	49	21.09
732	160.3	89.18	52	61.26
733	137.85	98.06	54	37.9
734	33.27	180.34	50	104.44
735	82.76	80.22	50	26.24
Drivers: 7
id	x	y	end	sensitivity
478	39.95	199.41	51	1.6
479	11.93	133.52	50	1.4
480	129	114.03	52	0.85
481	52.34	42.14	51	1.84
482	52.77	27.3	51	0.55
483	107.12	74.28	51	1.01
484	97.43	195.11	53	1.97
Period: 50
Tasks:14
id	x	y	end	c
736	104.53	159.28	50	59.45
737	53.95	96.53	51	46.18
738	97.03	83.94	50	16.33
739	177.98	140.23	54	87.75
740	8.27	178.14	52	120.5
741	170.42	99.26	52	70.42
742	196.36	77.17	51	99.03
743	16.4	63.7	52	91.14
744	187.67	110.76	50	88.33
745	71.13	130.53	54	42.02
746	187.43	137.56	53	95.16
747	56.09	167.29	52	80.35
748	103.58	10.54	52	89.53
749	148.36	32.39	54	83.13
Drivers: 7
id	x	y	end	sensitivity
485	136.61	185.37	53	1.34
486	104.02	4.02	53	1.18
487	191.66	80.93	52	0.97
488	190.21	141.03	52	0.59
489	67.22	28.85	52	0.7
490	165.22	100.87	51	0.64
491	41.16	64.3	52	1.15
Period: 51
Tasks:16
id	x	y	end	c
750	166.33	166.77	54	94.12
751	160.61	66.65	51	69.18
752	183.87	198.01	53	129
753	130.64	118.51	56	35.8
754	178.09	97.33	55	78.14
755	77.94	78.6	56	30.73
756	113.26	177.55	53	78.68
757	161.5	31.47	54	92.08
758	16.03	157.06	55	101.52
759	181.01	9.59	51	121.39
760	137.62	23.65	51	85.12
761	64.04	100.25	51	35.96
762	17.6	37.54	57	103.4
763	89.2	33.07	52	67.8
764	41.8	186.06	54	103.89
765	68.67	126.78	53	41.22
Drivers: 11
id	x	y	end	sensitivity
492	183.38	8.95	52	1.08
493	85.72	147.16	54	1.18
494	177.3	41.41	54	1.46
495	21.76	184.54	54	0.63
496	151.54	130.27	52	0.69
497	168.1	27.26	52	1.79
498	110.49	56.27	55	0.51
499	141	159.46	53	1.4
500	176.99	92.43	51	1.1
501	13.16	191.5	52	1.76
502	24.31	59.32	53	0.53
Period: 52
Tasks:12
id	x	y	end	c
766	130.55	90.19	53	32.09
767	52.91	14.15	54	97.92
768	18.13	13.05	52	119.43
769	119.66	119.16	52	27.45
770	91.09	65.4	57	35.73
771	134.91	47.62	54	62.95
772	23.46	170.36	53	103.97
773	142.19	196.07	57	104.93
774	32.27	152.17	53	85.49
775	35.69	108.48	55	64.87
776	193.37	34.98	54	113.78
777	144.62	34.63	57	79.15
Drivers: 9
id	x	y	end	sensitivity
503	12.1	146.37	55	1.25
504	11.47	140.15	53	1.16
505	7.44	193.17	52	1.27
506	168.34	107.24	54	1.49
507	110.56	5.69	55	1.09
508	41.04	178.53	53	1.98
509	161.67	92.36	54	0.99
510	145.26	13.91	54	1.27
511	122.12	165.62	52	1.68
Period: 53
Tasks:17
id	x	y	end	c
778	162.94	4.97	53	113.98
779	181.81	105.73	55	82.01
780	194.53	172.73	55	119.27
781	32.93	70.35	55	73.33
782	78.44	18.87	54	83.95
783	136.16	66.54	56	49.27
784	123.79	158.44	53	63.1
785	125.9	53.67	54	53.08
786	108.32	170.1	54	70.59
787	179.98	173.65	55	108.72
788	117.8	118.6	54	25.74
789	147.89	6.86	54	104.73
790	3.87	28.36	54	119.89
791	44.65	62.1	56	67.08
792	81.34	28.21	56	74.18
793	153.86	45.21	56	76.83
794	31.16	103.52	55	68.93
Drivers: 7
id	x	y	end	sensitivity
512	97.55	29.48	55	0.95
513	107.99	90.07	57	1.99
514	103.24	189.53	54	1.98
515	116.87	146.55	55	0.88
516	41.93	181.97	54	1.94
517	21.36	0.38	56	0.75
518	26.73	74.13	55	0.53
Period: 54
Tasks:16
id	x	y	end	c
795	16.09	131.98	55	89.8
796	143.08	16.84	56	93.66
797	160.99	1.55	56	115.81
798	147.76	151.1	55	69.94
799	38.3	124.71	59	66.46
800	117.02	67.65	56	36.55
801	16.94	95.88	55	83.16
802	139.98	170.42	55	80.98
803	130.86	78.41	56	37.66
804	143.16	154.09	55	69.2
805	79.24	65.3	57	40.44
806	191.1	84.9	55	92.34
807	9.54	24.57	56	117.78
808	122.84	167.62	59	71.37
809	37	172.45	58	96.01
810	48.29	184.82	57	99.34
Drivers: 9
id	x	y	end	sensitivity
519	188.7	113.63	56	0.92
520	97.83	105.67	56	1.04
521	9.13	154.01	55	0.77
522	82.96	145.09	54	1.55
523	12.84	49.65	55	0.64
524	90.4	187.2	56	0.7
525	106.63	137.71	56	1.94
526	150.54	129.56	58	1.83
527	82.91	131.03	55	1.04
Period: 55
Tasks:13
id	x	y	end	c
811	174.73	126.97	56	79.45
812	189.46	192.05	58	128.36
813	172.59	163.98	58	96.76
814	11.32	76.02	56	91.87
815	91.75	90.82	56	12.34
816	175.3	81.26	56	77.6
817	183.64	19.89	60	115.82
818	39.7	180.39	56	100.49
819	68.09	131.79	60	45.04
820	106.1	136.68	56	37.18
821	113.06	88.23	57	17.58
822	117.19	68.78	56	35.64
823	175.29	168.13	57	101.54
Drivers: 14
id	x	y	end	sensitivity
528	30.88	15.07	59	0.82
529	36.87	22.6	57	1.21
530	25.27	110.2	57	1.97
531	5.08	164.19	58	1.1
532	177.09	45.66	58	0.51
533	22.61	52.9	57	1.33
534	14.95	94.65	58	1.58
535	74.49	153.15	55	1.59
536	186.28	96.25	59	0.77
537	54.59	189.37	56	1.67
538	40.99	95.82	55	0.81
539	100.41	118.3	57	0.75
540	96.89	121.2	57	1.89
541	135.58	6.73	56	1.68
Period: 56
Tasks:19
id	x	y	end	c
824	120.03	126.62	60	33.31
825	37.5	60.1	57	74.15
826	181.49	187.19	63	119.34
827	51.35	52.4	56	68.06
828	33.02	13.13	57	109.69
829	20.98	40.94	58	98.65
830	160.46	31.88	60	91.08
831	145.11	199.28	57	109.05
832	107.04	48.66	57	51.82
833	103.69	112.95	58	13.47
834	44.35	93.27	62	56.06
835	56.74	61.48	57	57.92
836	145.14	185.35	57	96.55
837	71.37	92.48	57	29.6
838	82.34	33.98	58	68.34
839	42.91	99.29	60	57.09
840	145.73	83.1	58	48.75
841	65.25	47.62	57	62.86
842	15.4	11.36	56	122.53
Drivers: 14
id	x	y	end	sensitivity
542	46.25	91.11	59	1.44
543	116.81	74.99	57	1.01
544	31.35	149.82	57	1.46
545	60.46	144.03	56	1.83
546	147.87	36.19	57	1.3
547	71.77	8.34	56	0.57
548	93.22	107.19	57	0.63
549	29.5	178.38	59	1.58
550	191.62	89.74	57	1.85
551	137.88	79.15	59	0.77
552	51.46	117.49	57	0.75
553	140.58	89.62	56	1.27
554	126.05	137.12	58	1.16
555	193.87	19.4	57	0.9
Period: 57
Tasks:18
id	x	y	end	c
843	4.25	28.35	61	119.59
844	182.81	114.53	60	84.08
845	117.29	105.04	59	18.01
846	25.83	167.41	61	100.23
847	40.99	125.34	59	64.22
848	34.79	40.56	60	88.24
849	11.93	48.03	57	102.26
850	121.2	114.48	57	25.67
851	20.59	112.9	59	80.45
852	77.75	71.13	58	36.45
853	159.17	100.51	57	59.17
854	74.17	83.92	58	30.43
855	172.05	130.55	58	78.26
856	33.06	32.71	58	94.92
857	21.8	91.08	58	78.71
858	143.12	48.96	58	66.82
859	119.6	87.74	59	23.12
860	188.09	38.86	60	107.23
Drivers: 7
id	x	y	end	sensitivity
556	63.47	60.6	58	0.62
557	55.34	54.34	58	0.86
558	151.17	60.62	60	1.04
559	159.51	137.62	58	1.84
560	115.28	65.41	59	0.92
561	197.3	110.07	58	1.9
562	108.07	90.54	58	1.02
Period: 58
Tasks:25
id	x	y	end	c
861	189.37	97.19	58	89.41
862	9.34	30.23	60	114.4
863	117.62	32.61	61	69.66
864	1.14	199.85	62	140.51
865	29.19	0.45	60	122.16
866	140.45	198.38	62	106.37
867	25.46	40.24	58	95.54
868	75.83	2.85	59	100.11
869	159.88	144.03	58	74.33
870	23.64	19.39	59	111.04
871	37.79	21.27	59	100.34
872	90.67	46.31	60	54.49
873	135.11	71.71	58	45.09
874	63.26	53.12	59	59.56
875	37.24	190.65	59	110.26
876	163.82	168.39	59	93.54
877	5.45	35.42	60	114.5
878	66.11	9.01	60	97.1
879	157.61	191.74	60	108.33
880	47.35	25.48	61	91.24
881	114.32	9.98	60	91.15
882	157.23	69.66	60	64.77
883	14	75.54	60	89.41
884	84.08	23.52	59	78.12
885	16.67	66.78	61	89.71
Drivers: 14
id	x	y	end	sensitivity
563	15.86	10.53	61	1.56
564	141.09	146.16	60	1.88
565	111.44	16.04	60	1.96
566	66.95	57.69	58	0.77
567	71.53	176.24	61	0.9
568	193.68	64.32	59	0.99
569	30.02	138.8	62	1.84
570	17.03	37.78	62	1.87
571	63.66	187.32	59	1.29
572	44.79	43.04	59	1.98
573	166.14	50.55	59	1.3
574	158.86	116.77	59	1.52
575	148.11	121.88	59	1.57
576	132.62	198.24	61	1.01
Period: 59
Tasks:17
id	x	y	end	c
886	88.44	84.27	60	19.52
887	180.13	90.83	59	80.65
888	107.23	102.51	60	7.65
889	4.38	178.27	62	123.57
890	119.27	198.14	61	100.01
891	121.68	185.73	61	88.43
892	36.23	127.91	63	69.61
893	17.02	197.53	60	128.05
894	80.17	5.5	61	96.56
895	97.45	131.82	59	31.92
896	114.04	163.65	63	65.18
897	169.41	181.57	62	107.1
898	170.44	189.82	63	114.15
899	62.28	162.99	61	73.42
900	173.81	199.74	60	124.08
901	151.8	190.58	66	104.35
902	173.81	190.57	59	116.84
Drivers: 11
id	x	y	end	sensitivity
577	45.59	197.75	60	1.9
578	65.33	98.65	60	0.97
579	71.48	131.64	62	0.98
580	84.01	41.33	60	1.55
581	96.73	98.31	60	1.22
582	21.84	195.58	59	0.78
583	154.69	163.04	64	1.28
584	171.82	23.34	61	1.66
585	49.19	65.25	61	0.74
586	81.99	155.75	61	0.54
587	137.81	24.05	62	1.3
Period: 60
Tasks:10
id	x	y	end	c
903	20.6	179.8	62	112.57
904	26.69	31.5	62	100.33
905	106.67	173.07	64	73.37
906	116.03	199.34	65	100.63
907	180.97	108.87	62	81.45
908	16.41	17.24	61	117.63
909	36.81	92.43	60	63.64
910	19.69	63.01	60	88.42
911	183.28	186.12	61	119.8
912	134.14	1.66	62	104.1
Drivers: 11
id	x	y	end	sensitivity
588	114.51	164.42	63	1.01
589	37.3	131.78	63	0.98
590	122.61	71.2	62	1.97
591	35.37	14.03	62	1.7
592	4.52	73.05	62	1.21
593	19.62	29.72	63	1.92
594	137.43	176.59	60	1.96
595	119.66	96.23	60	1.2
596	72.49	104.17	61	0.97
597	188.35	190.81	61	0.87
598	171.96	162.05	63	1.95
Period: 61
Tasks:16
id	x	y	end	c
913	29.76	116.74	61	72.21
914	74.47	7.63	68	95.83
915	94.36	104.1	65	6.97
916	187.58	78.04	62	90.29
917	179.88	198.16	61	126.56
918	127.22	190.44	62	94.45
919	12.05	2.49	62	131.31
920	110.01	150.56	63	51.54
921	164.07	6.95	65	112.97
922	73.48	93.92	62	27.21
923	166.82	87.45	67	67.99
924	62.52	191.71	64	99.07
925	74.23	196.65	63	100.03
926	33.36	114.77	62	68.26
927	160.16	122.33	64	64.17
928	185.3	25.87	63	113.01
Drivers: 9
id	x	y	end	sensitivity
599	54.62	59.54	64	1.13
600	149.1	164.13	63	0.64
601	104.36	24.46	63	0.91
602	37.81	58.67	63	1.45
603	110.74	76.95	65	0.94
604	98.76	197.83	65	1.56
605	172.85	37.83	64	1.22
606	54.43	39.92	61	1.97
607	172.98	31.2	63	0.67
Period: 62
Tasks:29
id	x	y	end	c
929	22.95	96.02	62	77.15
930	167.93	194.9	66	116.71
931	184.05	52.09	66	96.75
932	23.35	28	64	105.16
933	35.81	151.6	64	82.36
934	177.97	171.76	64	105.97
935	93.74	81.26	63	19.76
936	50.21	51.2	62	69.72
937	75.33	150.24	65	55.97
938	189.12	165.12	64	110.38
939	152.96	116.03	63	55.33
940	20.77	179.29	66	112.09
941	123.71	91.15	66	25.31
942	35.16	161.62	63	89.45
943	104.76	70.14	64	30.24
944	58.87	75.46	63	47.89
945	52.15	144.62	64	65.43
946	109.98	178.4	63	79.03
947	75.2	99.77	63	24.8
948	178.65	47.63	66	94.49
949	91.94	130.21	63	31.27
950	127.9	196.83	66	100.77
951	148.76	61.48	63	62.14
952	58.76	65.55	64	53.74
953	197.34	153.49	63	111.07
954	18.56	12.37	63	119.63
955	108.98	124.89	65	26.46
956	60.43	9.65	62	98.64
957	90.39	181.15	68	81.72
Drivers: 9
id	x	y	end	sensitivity
608	118.17	125.26	65	1.08
609	173.75	48.6	63	1.92
610	94.5	148.82	65	0.53
611	1.19	176.8	66	1.46
612	118.64	155.3	62	1.54
613	86.54	162.77	64	1.81
614	163.17	139.2	62	1.19
615	75.03	42.96	65	1.1
616	23.63	87.74	63	1.6
Period: 63
Tasks:15
id	x	y	end	c
958	35.58	56.72	64	77.61
959	0.46	180.17	63	127.81
960	35.34	44.36	64	85.3
961	65.16	114.46	67	37.72
962	36.68	48.61	64	81.55
963	177.63	59.19	66	87.7
964	149.07	151.86	65	71.4
965	57.17	8.59	65	100.95
966	85.86	196.03	65	97.07
967	199.96	20.85	66	127.5
968	146.88	6.24	66	104.83
969	154.06	146.96	65	71.61
970	161.01	115.88	66	63.04
971	139.6	148.86	63	62.89
972	3.19	152.84	66	110.29
Drivers: 6
id	x	y	end	sensitivity
617	53.59	165.97	65	0.85
618	95.22	33.02	67	1.16
619	39.61	138.24	65	1.19
620	122.53	61.33	68	1.25
621	173.27	145.33	65	1.98
622	137.72	57.34	66	0.5
Period: 64
Tasks:18
id	x	y	end	c
973	17.99	21.09	66	113.81
974	149.07	135.73	66	60.7
975	18.96	166.24	69	104.67
976	62.5	179.42	65	87.83
977	88.21	36.92	65	64.17
978	7.8	53.97	67	103.05
979	192.72	143.15	67	102.27
980	188.9	127.03	65	92.92
981	67.35	111.32	66	34.56
982	2.89	179.69	67	125.62
983	155.29	17.22	69	99.55
984	138.86	87.23	67	40.9
985	81.18	118.68	64	26.52
986	24.85	136.08	66	83.36
987	63.96	47.14	67	63.98
988	20.26	98.55	67	79.75
989	24.31	67.22	67	82.48
990	76.07	55.62	67	50.42
Drivers: 10
id	x	y	end	sensitivity
623	4.74	76.68	65	1.08
624	66.43	86.87	64	1.74
625	91.65	29.21	66	1.56
626	31.09	82.24	66	1.22
627	40.2	43.45	64	1.59
628	22.07	174.71	68	0.82
629	12.6	162.29	71	0.69
630	197.56	125.72	66	0.69
631	124.59	138.71	64	1.49
632	138.67	64.05	65	0.91
Period: 65
Tasks:12
id	x	y	end	c
991	34.1	156.01	66	86.49
992	121.58	88.29	66	24.55
993	81.46	75.76	66	30.52
994	94.41	32.59	72	67.64
995	178.62	192.84	66	121.66
996	84.58	163.57	67	65.41
997	185.56	20.9	66	116.52
998	74.29	1.86	69	101.45
999	56.26	117.6	71	47.15
1000	47.5	148.25	69	71.3
1001	180.21	195.64	65	124.82
1002	85.92	49.93	66	52.01
Drivers: 22
id	x	y	end	sensitivity
633	21.81	196.5	66	0.54
634	20.27	42.92	67	1.45
635	151.17	40.95	67	1.14
636	87.44	151.59	65	1.36
637	94.45	60.42	66	1.18
638	140.37	94.03	66	1.63
639	172.23	36.85	71	0.52
640	149.39	89.07	67	1.18
641	98.64	180.16	66	1.17
642	13.66	20.18	69	1.77
643	44.18	163.25	65	1.12
644	103.69	49	66	0.95
645	76.24	145	68	1.27
646	108.3	181.45	67	1.46
647	108.76	84.72	67	0.73
648	41.41	159.79	67	1.83
649	112.87	76.45	67	0.64
650	188.68	189.02	65	1.74
651	134.34	96.3	65	1.1
652	145.43	48.28	65	0.76
653	58.91	36.84	69	1.96
654	90.92	147.35	67	1.03
Period: 66
Tasks:11
id	x	y	end	c
1003	173.64	23.39	70	106.26
1004	120.64	35.21	67	68
1005	28.68	81.77	68	73.61
1006	139.11	122.4	69	45.07
1007	68.17	62.21	68	49.41
1008	46.49	76.86	68	58.3
1009	134.25	16.49	68	90.26
1010	187.52	9.41	67	125.96
1011	116.09	188.19	68	89.65
1012	148.28	91.82	69	48.97
1013	94.54	126.93	66	27.48
Drivers: 9
id	x	y	end	sensitivity
655	63.52	135.45	66	1.97
656	71.84	37.43	68	1.41
657	117.56	173.35	67	1.23
658	87.47	41.86	69	0.68
659	159.36	194.07	67	1.66
660	14.31	145.26	68	1.61
661	80.74	153.6	71	1.76
662	120.97	147.97	69	1.72
663	79.74	107.97	68	1.34
Period: 67
Tasks:21
id	x	y	end	c
1014	114.01	116.69	68	21.79
1015	83.15	52.19	67	50.69
1016	187.5	141.36	70	96.78
1017	88.43	93.72	72	13.16
1018	73.65	187.76	69	91.63
1019	5.64	183.82	67	126.21
1020	5.97	44.42	70	109.23
1021	51.84	9	70	102.96
1022	141.73	117.93	69	45.42
1023	162.56	131.35	68	69.98
1024	37.14	50.91	68	79.76
1025	22.63	143.83	68	88.92
1026	46.48	81	68	56.79
1027	54.14	32.7	69	81.44
1028	48.72	77.22	68	56.11
1029	135.92	183.66	70	91.05
1030	57.7	77.71	71	47.81
1031	125.28	23.45	67	80.62
1032	17.72	178.28	72	113.57
1033	171.84	151.87	72	88.61
1034	149.63	89.69	71	50.69
Drivers: 10
id	x	y	end	sensitivity
664	15.82	56.14	70	1.47
665	119.74	175.24	70	0.84
666	89.39	177.76	69	0.84
667	53	0.14	67	1.75
668	84.94	192.2	70	0.99
669	31.46	10.46	67	1.59
670	94.64	183	67	0.51
671	130.83	127.49	68	1.47
672	67.28	122.49	69	1.21
673	58.15	45.03	69	0.84
Period: 68
Tasks:17
id	x	y	end	c
1035	189.37	153.48	69	104.15
1036	79.34	169.94	77	72.93
1037	140.67	54.34	70	61.15
1038	41.6	175.25	69	95.25
1039	128.18	112.76	69	30.93
1040	149.82	119.45	73	53.48
1041	134.67	51.77	68	59.4
1042	22.57	123.33	70	80.87
1043	53.05	55.77	72	64.5
1044	103.36	37.96	70	62.13
1045	139.27	11.57	69	96.76
1046	11.48	36.69	73	108.83
1047	183.04	116.95	72	84.75
1048	153.92	13.41	71	102.01
1049	158.52	140.95	68	71.42
1050	3.26	178.76	71	124.75
1051	180.81	74.75	68	84.66
Drivers: 18
id	x	y	end	sensitivity
674	181.67	153.79	70	1.03
675	189.06	159.46	71	0.93
676	74.24	120.01	68	1.97
677	18.57	150.99	72	1.81
678	23.67	11.24	71	0.69
679	192.94	94.58	72	1.84
680	84.41	197.64	69	1.47
681	190.66	169.98	71	1.34
682	42.42	91.08	69	1.75
683	42.67	96.43	69	0.78
684	11.92	20.57	69	1.43
685	37.33	182.95	70	1.21
686	58.14	8.95	70	0.63
687	98.84	161.78	70	1.53
688	112.11	45.69	72	1.83
689	103.96	36.88	68	1.44
690	43.08	29.91	69	1.29
691	0.9	55.97	70	1.14
Period: 69
Tasks:17
id	x	y	end	c
1052	34.98	54.68	70	79.26
1053	63.83	102.23	70	36.24
1054	191.93	32.87	70	113.83
1055	22.19	167.08	71	102.73
1056	0.19	179.47	73	127.58
1057	10.13	162.18	71	109.28
1058	131.15	48.59	71	60.11
1059	115.82	42.91	71	59.24
1060	86.51	134.3	75	36.86
1061	19.7	109.01	69	80.8
1062	83	70.24	73	34.27
1063	163.97	107.59	71	64.42
1064	191.49	109.48	73	91.98
1065	99.39	10	72	90
1066	25.72	89.11	70	75.07
1067	144.09	35.84	70	77.85
1068	111.98	73.77	74	28.84
Drivers: 12
id	x	y	end	sensitivity
692	161.65	196.04	70	0.7
693	154.65	199.43	71	2
694	139.28	152.35	71	1.07
695	87.54	7.36	69	0.75
696	75.19	193.52	71	1.14
697	32.88	127.8	73	0.75
698	28.22	47.66	74	1.16
699	3.91	68.56	70	1.16
700	187.85	127.49	71	0.95
701	84.39	91.84	70	1.03
702	80.45	57.12	73	1.44
703	107.85	36.54	71	0.95
Period: 70
Tasks:10
id	x	y	end	c
1069	182.31	83.68	71	83.91
1070	75.82	82.73	73	29.71
1071	54.1	188.3	70	99.52
1072	193.92	3.29	73	134.81
1073	188.31	163.52	71	108.78
1074	97.4	130.51	73	30.62
1075	24.7	55.66	75	87.38
1076	198.75	128.09	73	102.67
1077	120.57	147.47	71	51.74
1078	108.75	190.45	75	90.87
Drivers: 10
id	x	y	end	sensitivity
704	134.26	97.56	71	1.01
705	18.26	149.12	71	1.2
706	73.51	142.03	76	1.47
707	182.86	26.28	71	1.79
708	178.6	23.18	73	1.97
709	9.91	102.77	74	0.99
710	21.53	107.34	71	1.29
711	121.84	116.9	72	1.63
712	146.58	199.32	71	1.58
713	159.22	140.68	71	0.8
Period: 71
Tasks:15
id	x	y	end	c
1079	185.9	108.39	73	86.31
1080	128.97	11.81	75	92.83
1081	14.28	198.45	72	130.54
1082	186.98	144.98	72	97.92
1083	32.02	103.43	73	68.07
1084	175.88	153.97	73	93.12
1085	84.25	81.37	71	24.4
1086	68.34	134.47	75	46.8
1087	168.36	177.3	71	103.19
1088	70.35	129.72	72	41.98
1089	47.01	33.64	74	84.92
1090	124.22	111.65	73	26.88
1091	161.72	112.93	76	63.06
1092	34.08	15.67	76	107.04
1093	50.67	56.61	74	65.7
Drivers: 16
id	x	y	end	sensitivity
714	41.71	70.53	75	1.85
715	75.14	37.89	75	0.97
716	119.91	145.86	73	1.94
717	118.7	63.56	72	0.95
718	199.92	106.39	72	0.63
719	120.98	66.69	72	1.84
720	142.49	54.26	74	1.8
721	199.1	165.23	73	1.41
722	77.95	98.84	73	1.22
723	140.45	29.18	72	0.83
724	141.74	11.88	76	1.67
725	174.22	66.1	77	0.65
726	1.74	178.23	73	0.64
727	6.61	51.87	71	0.81
728	82.1	108.26	74	0.67
729	165.05	15.45	73	1.93
Period: 72
Tasks:15
id	x	y	end	c
1094	189.79	158.1	75	106.95
1095	58.99	97.65	72	41.08
1096	93.81	13.1	73	87.12
1097	146.89	50.44	74	68.23
1098	121.62	2.08	73	100.28
1099	37.2	46.65	75	82.4
1100	77.05	9.56	72	93.31
1101	69.51	74.03	73	40.05
1102	195.61	145.66	76	105.95
1103	170.79	59.63	73	81.49
1104	36.32	116.2	75	65.71
1105	149.64	10.68	73	102.19
1106	128.07	49.55	73	57.73
1107	162.58	85.14	75	64.32
1108	16.91	101.34	75	83.1
Drivers: 7
id	x	y	end	sensitivity
730	0.87	130.55	75	1.85
731	142.58	100.52	75	1.24
732	149.3	184.44	76	1.22
733	113.9	104.05	75	0.95
734	154.27	187.77	73	0.63
735	47.67	159.08	73	0.82
736	147.91	63.95	72	1.18
Period: 73
Tasks:13
id	x	y	end	c
1109	11.9	145.86	75	99.32
1110	0.14	111.66	76	100.54
1111	58.44	39.56	76	73.35
1112	80.4	10.99	74	91.14
1113	98.35	162.92	75	62.94
1114	156.45	184.96	79	102
1115	71.07	185.8	75	90.55
1116	99.19	11.25	74	88.75
1117	42.96	105.51	74	57.31
1118	61.66	105.6	76	38.75
1119	50.2	38.43	75	79.19
1120	91.22	33.21	73	67.36
1121	36.34	129.1	75	70
Drivers: 6
id	x	y	end	sensitivity
737	104.94	76.66	74	1.54
738	14.23	150.93	76	0.75
739	184.01	55.2	74	1.04
740	167.49	26.96	78	1.05
741	28.59	184.41	75	0.71
742	109.05	66.49	74	1.22
Period: 74
Tasks:17
id	x	y	end	c
1122	83.03	198.59	75	100.04
1123	55.36	177.2	74	89.18
1124	87.57	92.36	80	14.59
1125	50.87	37.51	77	79.49
1126	12.1	146.4	76	99.4
1127	140.13	159.79	75	72.01
1128	134.59	1.85	75	104.07
1129	29.78	81.03	77	72.74
1130	120.41	21.15	78	81.45
1131	153.91	109.43	74	54.73
1132	154.09	49.43	77	74.05
1133	19.96	82.94	78	81.84
1134	102.84	171.46	75	71.52
1135	187.02	65.76	74	93.51
1136	177.41	16.4	77	113.94
1137	170.75	132.15	76	77.71
1138	84.31	76.75	76	28.05
Drivers: 12
id	x	y	end	sensitivity
743	88.89	1.84	75	1.7
744	66.21	187.78	76	0.79
745	165.89	161.9	77	0.64
746	143.43	84.75	75	1.69
747	148.87	157.68	77	1.77
748	98.73	196.84	75	1.57
749	3.04	101.58	77	1.89
750	81.22	12.52	77	1.27
751	189.6	168.7	74	0.66
752	30.29	116.45	77	1.83
753	25.85	70.59	75	0.87
754	174.21	170.76	75	1.34
Period: 75
Tasks:12
id	x	y	end	c
1139	166.48	189.03	80	111.11
1140	63.32	50.72	76	61.43
1141	110.6	185.14	75	85.8
1142	13.72	75.79	75	89.61
1143	125.7	113.8	77	29.17
1144	88.18	3.14	76	97.58
1145	110.4	106.8	77	12.43
1146	96.14	14.04	78	86.05
1147	171.5	16.14	75	110.2
1148	63.29	153.04	77	64.5
1149	2.89	144.07	75	106.64
1150	197.01	131.75	77	102.07
Drivers: 14
id	x	y	end	sensitivity
755	94.22	44.22	76	1.68
756	146.36	78.87	78	0.93
757	144.66	182.77	77	0.54
758	165.54	25.66	77	1.59
759	163.49	128.63	77	0.86
760	186.06	49.33	75	1.13
761	125.37	26.83	78	1.54
762	161.17	10.66	76	1.27
763	81.82	131.83	77	1.31
764	128.4	12.26	76	0.96
765	99.56	120.24	76	0.65
766	186.89	106.88	76	0.5
767	61.52	56.37	78	0.8
768	191.12	74.38	77	0.81
Period: 76
Tasks:13
id	x	y	end	c
1151	173.21	65.22	78	81.05
1152	115.07	12.83	77	88.46
1153	92.25	146.42	78	47.06
1154	85.64	151.98	77	53.93
1155	74.34	149.83	78	56.05
1156	181.84	175.73	77	111.5
1157	106.35	175.09	76	75.36
1158	121.84	112.7	78	25.26
1159	92.96	9.03	80	91.24
1160	159.37	141.34	78	72.34
1161	188.85	156.29	78	105.18
1162	185.4	154.31	76	101.21
1163	97.44	106.76	80	7.23
Drivers: 7
id	x	y	end	sensitivity
769	11.14	141.42	79	1.59
770	65.34	18.77	77	1.14
771	42.37	109.92	77	0.84
772	161.53	189.94	78	0.57
773	150.82	169.21	79	1.69
774	81.11	34.31	79	1.04
775	50.22	55.14	77	1.92
Period: 77
Tasks:14
id	x	y	end	c
1164	126.09	14.14	80	89.74
1165	13.19	39.52	81	105.8
1166	114.72	124	79	28.15
1167	46.32	31.49	79	87.04
1168	119.22	194.73	79	96.66
1169	4.75	31.82	78	117.14
1170	46.19	21.03	77	95.56
1171	53.33	127.02	80	53.93
1172	25.1	53.53	79	88.14
1173	191.46	158.12	80	108.36
1174	103.8	19.42	78	80.67
1175	42.2	78.18	79	61.78
1176	168.17	66.25	80	76.07
1177	131.86	81.24	78	36.97
Drivers: 13
id	x	y	end	sensitivity
776	97.28	171.16	79	1.99
777	192.23	96.61	80	0.76
778	180.35	119.54	80	0.51
779	47.46	150.91	81	0.68
780	46.56	45.34	78	0.99
781	189.86	74.73	78	1.73
782	168.89	96.38	79	0.94
783	137	37.2	79	1.77
784	74.22	172.34	80	1.64
785	86.69	94.6	77	1.88
786	129.3	23.35	80	1.56
787	41.16	127.15	77	1.05
788	51.37	107.38	80	0.52
Period: 78
Tasks:11
id	x	y	end	c
1178	45.23	46.9	81	76.28
1179	153.76	175.43	81	92.63
1180	86.4	145.92	79	47.89
1181	127.32	62.41	83	46.47
1182	106.98	141.75	79	42.33
1183	160.13	62.76	81	70.73
1184	122.13	32.24	82	71.28
1185	45.82	36.1	78	83.78
1186	171.24	42.22	79	91.73
1187	23.11	51.92	80	90.68
1188	134.5	7.32	81	98.89
Drivers: 10
id	x	y	end	sensitivity
789	199.88	153.11	79	0.83
790	44.77	24.71	82	1.67
791	87.98	15.48	80	1.98
792	68.04	30.22	79	1.08
793	76.69	1.07	81	1.59
794	54.99	177.48	82	0.61
795	163.75	67.66	80	1
796	40.2	69.97	81	0.51
797	48.9	128.99	79	1.57
798	148.39	21.79	78	1.73
Period: 79
Tasks:10
id	x	y	end	c
1189	124.97	62.18	83	45.32
1190	64.03	186.57	80	93.75
1191	125.36	63.26	81	44.64
1192	167.4	153.16	80	85.84
1193	162.89	26.77	80	96.53
1194	137.27	60.82	82	54.08
1195	130.97	158.82	82	66.48
1196	149.61	197.22	79	109.15
1197	194.59	15.41	81	126.9
1198	186.32	21.93	81	116.39
Drivers: 19
id	x	y	end	sensitivity
799	121.81	174.01	81	0.71
800	90.25	56.46	81	1.06
801	185.36	183.41	79	0.89
802	97.17	32.13	81	0.87
803	112.59	3.96	81	1.76
804	161.9	161.71	80	1.22
805	15.34	107.99	80	1.12
806	46.24	20.15	85	1.71
807	185	11.95	81	1.63
808	174.2	17.03	81	1.22
809	158.93	160.24	81	0.5
810	182.44	135.83	82	0.58
811	124.45	29.04	81	1.14
812	61.33	81.68	80	0.68
813	50.37	99.08	82	1.37
814	130.26	19.87	80	0.61
815	71	28.99	80	1.63
816	122.8	82.12	82	0.79
817	162.67	129.01	81	0.86
Period: 80
Tasks:15
id	x	y	end	c
1199	19.75	113.63	80	81.4
1200	43.68	180.08	82	97.9
1201	52.9	8.81	85	102.64
1202	25.67	0.73	80	124.01
1203	171.52	132.44	82	78.53
1204	30.67	132.19	80	76.44
1205	122.6	118.14	84	28.98
1206	150.09	132.26	81	59.58
1207	120.15	7.94	85	94.24
1208	153.02	69.23	83	61.3
1209	55.46	122.29	81	49.81
1210	11.86	77.03	82	91.08
1211	84.97	28.82	82	72.75
1212	97.55	148.65	82	48.71
1213	81.6	160.93	85	63.65
Drivers: 12
id	x	y	end	sensitivity
818	192.32	32.08	80	1.9
819	35.46	177.1	83	0.69
820	138.1	117.27	82	1.18
821	129.38	98.89	80	1.3
822	32.46	143.07	81	1.23
823	110.81	135.66	82	1.82
824	60.98	92.54	82	1.56
825	117.88	137.93	82	1.11
826	95.25	128.96	81	0.84
827	90.01	143.35	81	1.74
828	56.17	182.71	83	1.82
829	31.93	20.43	83	0.79
Period: 81
Tasks:16
id	x	y	end	c
1214	87.4	62.22	82	39.83
1215	64.98	38.46	82	70.81
1216	102.16	30.46	83	69.57
1217	54.07	159.52	82	75.18
1218	176.17	124.74	83	80.09
1219	73.44	153.19	83	59.45
1220	52.48	62.84	84	60.32
1221	128.49	141.99	85	50.74
1222	47.53	97.06	83	52.55
1223	46.82	110.68	84	54.24
1224	53.66	183.57	82	95.56
1225	14.23	124.62	82	89.23
1226	133.27	167.31	82	75.08
1227	38.57	79.47	83	64.77
1228	82.1	114.77	83	23.21
1229	131.92	196.63	85	101.77
Drivers: 15
id	x	y	end	sensitivity
830	135.06	90.07	82	1.84
831	79.8	162.45	84	0.96
832	15.77	27.58	84	0.69
833	115.02	165.59	81	1.8
834	133.22	92.72	82	1.36
835	198.65	125.3	82	0.74
836	32.42	44.75	83	0.87
837	164.66	190.52	83	0.74
838	84.3	69.06	83	1.3
839	157.06	161.13	84	1.29
840	33.23	2.98	82	1.92
841	68.58	59.76	83	0.67
842	53.42	166.79	83	0.75
843	179.44	182.7	83	1.75
844	159.93	50.39	83	0.63
Period: 82
Tasks:18
id	x	y	end	c
1230	98.97	161.47	83	61.48
1231	99.77	26.38	85	73.62
1232	119.74	20.8	84	81.62
1233	123.04	179.98	85	83.23
1234	181.36	67.5	83	87.61
1235	119.17	136.88	83	41.56
1236	103.74	102.33	86	4.41
1237	23.09	118.77	86	79.17
1238	117.2	173.28	83	75.27
1239	184.83	177.27	83	114.75
1240	194.03	16.93	89	125.47
1241	167.44	131.51	87	74.44
1242	78.68	135.38	83	41.31
1243	78.21	35.28	86	68.29
1244	173.72	127.49	84	78.68
1245	80.98	22.11	83	80.18
1246	125.42	80.63	83	31.96
1247	147.22	25.56	85	88.15
Drivers: 8
id	x	y	end	sensitivity
845	112.94	151.81	82	0.62
846	106.15	7.99	86	0.82
847	151.57	70.69	83	1.6
848	39.64	45.64	82	0.95
849	88.1	151.33	83	1.32
850	97.75	165.21	87	1.8
851	94.32	108.41	85	1.31
852	157.93	131.92	83	1.55
Period: 83
Tasks:14
id	x	y	end	c
1248	24.2	81.76	84	77.96
1249	52.88	177.89	83	91.03
1250	158.9	108.56	85	59.52
1251	185.56	122.54	85	88.48
1252	149.93	133.06	87	59.88
1253	142.7	107.73	85	43.39
1254	85.33	127.14	85	30.85
1255	19.36	131.65	85	86.63
1256	129.52	69.15	85	42.7
1257	68.37	17.78	86	88.09
1258	175.98	111.05	84	76.78
1259	158.26	3.59	85	112.65
1260	55.99	74.68	85	50.77
1261	5.69	178.94	83	122.99
Drivers: 7
id	x	y	end	sensitivity
853	169.96	141.39	85	0.95
854	26.98	199.95	84	0.52
855	22.8	161.59	86	1.92
856	192.54	99.6	83	0.51
857	158.42	182.67	86	0.93
858	132.94	104.66	86	0.81
859	191.05	162.11	84	1.56
Period: 84
Tasks:13
id	x	y	end	c
1262	151	12	89	101.71
1263	186.97	46.34	84	102.19
1264	115.58	64.62	85	38.66
1265	20.37	53.51	85	92.21
1266	155.64	136.18	85	66.37
1267	198.57	71.15	85	102.71
1268	51.43	77.26	87	53.63
1269	186.88	185.11	85	121.62
1270	47.92	47.35	86	74.06
1271	68.54	36.37	85	70.98
1272	47.35	144.2	85	68.74
1273	180.43	61.03	87	89.37
1274	74.44	128.54	86	38.31
Drivers: 10
id	x	y	end	sensitivity
860	101.36	57.15	85	1.83
861	3.81	31.1	86	1.4
862	134.79	58.81	86	0.55
863	156.9	58.13	86	1.98
864	89.34	38.71	84	1.6
865	1.09	152.82	85	1.82
866	92.83	4.01	89	1.95
867	118.9	85.76	88	1.9
868	74.58	39.73	86	0.78
869	64.34	106.39	87	1.68
Period: 85
Tasks:20
id	x	y	end	c
1275	49.45	28.63	85	87.46
1276	34.78	113.86	89	66.68
1277	35.86	141.93	87	76.63
1278	3.28	104.51	86	96.83
1279	191.52	92.02	87	91.87
1280	65.29	128.85	85	45.13
1281	176.81	45.2	87	94.35
1282	175.36	57.19	88	86.67
1283	66.16	46.53	89	63.28
1284	112.22	166.93	88	68.04
1285	157.52	8.39	86	108.17
1286	128.21	64.65	85	45.23
1287	168.9	186.01	89	110.2
1288	28.35	63.32	85	80.49
1289	170.98	185.21	87	110.9
1290	74.41	140.02	86	47.5
1291	43.46	125.38	87	61.98
1292	65.44	164.73	90	73.38
1293	21.11	25.25	87	108.68
1294	113.15	178.25	85	79.35
Drivers: 9
id	x	y	end	sensitivity
870	44.99	40.99	89	1.65
871	91.46	39.15	86	0.78
872	29.26	125.81	86	1.7
873	184.17	101.86	88	1.42
874	122.32	199.03	86	1.7
875	120.61	51.78	90	1.16
876	138.97	185.29	85	2
877	91.75	158.2	86	1.08
878	195.42	125.53	86	1.85
Period: 86
Tasks:11
id	x	y	end	c
1295	136.81	37.65	87	72.41
1296	37.94	162.24	88	87.89
1297	95.72	136.72	86	36.97
1298	24.3	147.28	87	89.25
1299	99.07	5.13	90	94.87
1300	13.76	110.07	90	86.83
1301	136.48	40.82	88	69.52
1302	100.51	25.31	86	74.69
1303	73.15	134.6	88	43.8
1304	37.22	68.06	90	70.44
1305	106.02	2.63	88	97.56
Drivers: 8
id	x	y	end	sensitivity
879	77.41	129.68	89	1.33
880	71.55	198.42	90	1.71
881	9.93	146.53	89	0.51
882	36.83	72.41	89	0.93
883	169.07	67.12	87	1.6
884	41.01	88.06	90	1.16
885	154.52	55.66	87	1.14
886	96.92	43.89	87	0.67
Period: 87
Tasks:10
id	x	y	end	c
1306	62.58	121.92	87	43.37
1307	42.09	119.4	92	61.07
1308	25.3	129.13	89	80.18
1309	43.69	145.43	89	72.35
1310	0.82	180.14	89	127.51
1311	120.41	111.47	91	23.41
1312	174.93	10.25	90	116.92
1313	47.89	110.37	88	53.13
1314	73.27	57.52	88	50.19
1315	76.04	8.52	90	94.57
Drivers: 6
id	x	y	end	sensitivity
887	40.91	48.53	88	0.66
888	148.01	117.21	89	1.06
889	16.88	72	89	1.15
890	138.37	95.62	88	1.14
891	21.04	89.84	89	0.76
892	174.46	81.02	88	2
Period: 88
Tasks:13
id	x	y	end	c
1316	70.6	113.83	91	32.49
1317	114.82	139.54	91	42.23
1318	191.68	93.43	88	91.92
1319	77.61	111.12	90	25
1320	153.58	51.21	88	72.47
1321	94.42	110.34	92	11.75
1322	198.12	41.97	89	114
1323	123.38	25.68	89	77.91
1324	12.27	184.77	90	121.99
1325	139.51	143.58	91	58.82
1326	88.55	81.48	89	21.77
1327	87.42	19.17	91	81.8
1328	195.61	182.88	89	126.53
Drivers: 8
id	x	y	end	sensitivity
893	76.63	181.58	91	1.27
894	171.75	183.16	91	1.88
895	140.3	63.51	89	1.61
896	85.07	124.47	89	0.7
897	199	5.75	90	1.92
898	166.83	87.54	90	1.15
899	72.27	142.5	90	0.99
900	187.38	70.29	89	1.83
Period: 89
Tasks:13
id	x	y	end	c
1329	63.29	14.1	92	93.42
1330	56.51	92.2	90	44.18
1331	108.54	93.72	90	10.6
1332	19.36	34.5	90	103.89
1333	20.31	36.82	91	101.7
1334	6.72	159.46	90	110.62
1335	9.28	21.51	91	119.96
1336	0.03	70.84	91	104.14
1337	122.67	27.51	91	75.95
1338	196.55	49.64	92	108.89
1339	113.72	98.76	92	13.78
1340	71.97	175.78	90	80.8
1341	183.55	146.11	93	95.43
Drivers: 12
id	x	y	end	sensitivity
901	84.12	156.79	90	0.59
902	127.14	152.27	92	1.4
903	86.05	136.89	89	0.57
904	78.66	61.56	94	0.89
905	192.31	37.77	90	1.42
906	181.16	103.25	89	1.48
907	58.92	62.65	92	1.57
908	28.24	34.69	91	1.82
909	126.01	20.03	89	1.24
910	178.83	80.92	92	1.49
911	48.62	89.86	92	1.83
912	9.5	147.54	90	1.07
Period: 90
Tasks:15
id	x	y	end	c
1342	44.67	75.67	92	60.44
1343	23.52	21.51	92	109.59
1344	143.19	42.31	92	72.07
1345	65.89	160.29	92	69.27
1346	107.06	45.24	91	55.21
1347	67.43	193.55	91	99.06
1348	7.94	42.71	91	108.43
1349	69.04	134.86	93	46.62
1350	103.47	148.83	94	48.95
1351	43.19	86.21	91	58.46
1352	150.45	199.81	90	111.84
1353	122.67	100.66	90	22.68
1354	195.31	1.57	92	137.01
1355	170.36	110.19	92	71.09
1356	131.15	199.11	94	103.89
Drivers: 13
id	x	y	end	sensitivity
913	1.8	109.03	90	1.71
914	54.02	119.01	91	0.86
915	17.93	64.42	94	0.98
916	36.82	119.23	90	1.4
917	5.59	150.87	91	0.58
918	23.27	109.65	91	1.59
919	3.97	88.29	94	1.48
920	157.55	124.7	90	0.8
921	138.38	57.08	92	1.56
922	148.82	85.17	93	0.59
923	155.59	64.77	92	1.49
924	19.45	86.56	92	0.62
925	66.33	46.27	91	0.97
Period: 91
Tasks:14
id	x	y	end	c
1357	199.21	153.79	93	112.85
1358	78.55	113.53	92	25.36
1359	72.06	163.2	91	69.1
1360	133.12	159.13	95	67.77
1361	51.92	74.64	92	54.36
1362	159.04	178.62	94	98.32
1363	35.47	142.39	93	77.21
1364	103.29	79.42	95	20.84
1365	123.17	59.54	94	46.62
1366	186.43	163.12	92	107.02
1367	151.67	177.71	93	93.32
1368	161.54	67.14	93	69.76
1369	140.58	195.51	91	103.77
1370	46.05	183.99	94	99.82
Drivers: 7
id	x	y	end	sensitivity
926	94.54	104.35	96	1.53
927	2.66	40.54	91	1.22
928	135.28	74.82	91	0.8
929	73.54	197.04	94	1.56
930	79.06	191.13	91	1.52
931	34.25	128.24	93	1.87
932	167.25	132.89	92	0.9
Period: 92
Tasks:11
id	x	y	end	c
1371	124.61	90.09	97	26.53
1372	9.63	158.49	93	107.65
1373	65.35	47.33	95	63.05
1374	105.11	32.08	93	68.11
1375	31.51	143.94	93	81.37
1376	21	191.67	93	121.01
1377	32.57	15.94	92	107.76
1378	3.87	103.49	94	96.19
1379	162.84	42.6	95	85.11
1380	95.18	173.79	93	73.95
1381	110.14	184.75	95	85.35
Drivers: 12
id	x	y	end	sensitivity
933	62.13	57.35	94	0.93
934	184.87	68.11	96	1.21
935	54.61	82.9	94	0.51
936	27.69	189.87	93	1.49
937	33.75	191.22	92	0.59
938	34.34	174.99	96	1.99
939	39	71.83	93	0.95
940	106.58	53.42	94	0.91
941	86.02	33.97	94	1.68
942	180.72	195.15	95	1.81
943	173.16	112.43	94	1.07
944	127.49	162.99	95	1.11
Period: 93
Tasks:5
id	x	y	end	c
1382	163.48	115.55	97	65.36
1383	61.8	162.34	93	73.11
1384	132.26	82.62	94	36.64
1385	166.84	86.91	95	68.11
1386	38.78	109.55	93	61.96
Drivers: 8
id	x	y	end	sensitivity
945	197.29	101.43	93	0.6
946	104	65.76	94	1.79
947	26.82	157.77	96	0.65
948	151.12	80.3	94	0.57
949	197.4	49.42	96	1.89
950	188.66	46	95	1.62
951	199.71	187.61	98	0.65
952	165.8	94.79	97	0.69
Period: 94
Tasks:17
id	x	y	end	c
1387	12.7	55.59	99	97.95
1388	147.24	184.04	95	96.41
1389	94.79	55.23	97	45.07
1390	111.58	51.49	97	49.87
1391	168.05	167.69	94	95.98
1392	79.33	56.26	99	48.38
1393	33.23	55.45	98	80.27
1394	121.21	72.46	95	34.76
1395	83.07	178.1	96	79.91
1396	77.4	29.57	98	73.97
1397	130.75	9.41	97	95.67
1398	30.73	69.15	96	75.83
1399	8.85	94.26	97	91.33
1400	88.5	170.39	97	71.32
1401	160.52	30.72	94	91.99
1402	162.35	74.15	99	67.5
1403	109.09	118.14	95	20.29
Drivers: 12
id	x	y	end	sensitivity
953	194.04	198.3	97	1.55
954	45.65	170.81	96	1.08
955	184.95	187.74	95	1.97
956	145.93	58.8	97	0.64
957	150.83	38.32	96	1.61
958	20.97	94.84	97	1.12
959	58.1	164.43	97	1.67
960	194.8	120.56	96	0.81
961	26.45	1.07	98	1.72
962	12.03	33.56	97	0.62
963	94.32	184.97	96	1.35
964	176.89	51.08	95	1.89
Period: 95
Tasks:20
id	x	y	end	c
1404	123.75	35.59	96	68.65
1405	17.31	78.56	96	85.42
1406	182.23	159.97	96	101.78
1407	34.07	134.32	100	74.33
1408	173.76	164.39	96	97.91
1409	54.51	70.4	96	54.27
1410	121.8	177.68	96	80.68
1411	115.92	54.26	100	48.43
1412	196.96	178.58	98	124.8
1413	52.96	2.49	96	108.26
1414	37.19	12.31	98	107.86
1415	145.38	6.84	97	103.62
1416	70.65	79.43	99	35.84
1417	36.41	106.15	98	63.89
1418	191.61	133.1	97	97.41
1419	101.65	53.93	96	46.1
1420	151.12	158.91	99	78
1421	171.22	199.58	95	122.43
1422	91.03	135.31	97	36.43
1423	18.3	9.33	98	122.05
Drivers: 6
id	x	y	end	sensitivity
965	131.56	98.95	95	1.29
966	188.4	187.68	97	0.64
967	44.8	165.24	96	0.86
968	4.45	108.89	99	1.18
969	107.8	196.81	97	1.93
970	28.14	161.1	96	1.38
Period: 96
Tasks:21
id	x	y	end	c
1424	147.35	177.69	99	90.98
1425	86.18	10.05	98	91.01
1426	32.37	20.65	98	104.26
1427	97.06	160.38	97	60.45
1428	137.55	159.37	96	70.25
1429	5.75	88.17	97	94.99
1430	109.69	60.97	96	40.21
1431	55.36	92.56	100	45.26
1432	7.23	179.27	99	122.02
1433	10.34	27.84	97	115.09
1434	170.18	59.62	98	80.97
1435	111.99	106.48	99	13.63
1436	70.5	20.26	99	85.02
1437	173.52	80.21	96	76.14
1438	119.93	52.73	98	51.3
1439	107.25	71.89	96	29.03
1440	7.32	36.42	97	112.39
1441	123.18	175.98	96	79.44
1442	176.55	47.86	96	92.62
1443	9.29	14.37	97	124.74
1444	172.11	66.07	97	79.69
Drivers: 16
id	x	y	end	sensitivity
971	123.52	153.87	97	0.54
972	127.72	176.02	98	1.9
973	169.89	194.02	98	1.18
974	111.78	13.93	99	0.7
975	169.67	25.9	99	0.74
976	55.27	93.55	99	1.89
977	116.95	145.09	98	1.13
978	98.98	145.39	97	0.63
979	195.25	20.04	97	1.14
980	99.89	94.15	96	1.05
981	183.77	165.68	97	1.8
982	75.13	72.95	99	1.4
983	127.63	137.15	99	0.81
984	170.68	27.68	100	0.78
985	139.16	25.49	98	1.86
986	35.11	22.5	98	0.71
Period: 97
Tasks:17
id	x	y	end	c
1445	40.58	111.61	100	60.54
1446	147.89	104.91	100	48.14
1447	175.15	187.41	99	115.27
1448	195.82	101.16	98	95.83
1449	95.39	63.12	99	37.17
1450	182.6	167.54	98	106.7
1451	156.78	146.28	101	73.25
1452	76.15	20.81	99	82.7
1453	48.38	71.91	100	58.77
1454	31.96	33.24	99	95.32
1455	151.41	86.7	99	53.1
1456	61.94	52.44	99	60.91
1457	117.68	89.63	99	20.5
1458	45.7	155.18	98	77.42
1459	172.5	75.95	98	76.38
1460	63.96	98.48	98	36.07
1461	71.23	30.26	101	75.44
Drivers: 7
id	x	y	end	sensitivity
987	25.99	125.61	100	1.88
988	176.02	5.99	103	0.61
989	189.93	72.77	97	1.94
990	123.92	20.85	99	1.47
991	174.12	34.97	98	0.89
992	57.65	3.3	97	0.88
993	171.62	79.73	97	0.6
Period: 98
Tasks:12
id	x	y	end	c
1462	29.36	64.77	103	78.94
1463	176.96	151.16	101	92.41
1464	57.86	15.58	99	94.35
1465	111.95	14.68	99	86.15
1466	146.03	45.11	100	71.64
1467	99.23	43.24	99	56.77
1468	155.9	120.33	100	59.48
1469	42.94	27.48	103	92.28
1470	126.25	6.49	101	97.12
1471	38.87	115.2	99	62.99
1472	70.67	91.87	101	30.44
1473	165.97	22.71	99	101.62
Drivers: 16
id	x	y	end	sensitivity
994	56.52	121.1	101	1
995	196.17	192.38	100	1.48
996	181.62	32.27	100	1.85
997	36.6	138.24	99	1.56
998	38.78	145.19	104	0.94
999	174.53	158	101	1.01
1000	199.06	14.33	99	0.76
1001	199.27	196.5	101	1.8
1002	75.96	22.6	98	0.74
1003	84.57	140.78	99	0.76
1004	25.9	19.22	102	0.53
1005	43.03	96.11	99	0.64
1006	190.01	61.68	99	0.85
1007	79.5	174.62	101	0.96
1008	161.43	10.22	98	0.82
1009	184.49	122.52	99	0.76
Period: 99
Tasks:9
id	x	y	end	c
1474	2.84	166.3	99	117.63
1475	187.06	66.25	101	93.37
1476	180.48	54.8	102	92.3
1477	123.28	25.37	106	78.18
1478	13.49	7.57	101	126.6
1479	151.17	66.75	103	61.02
1480	114.76	66.38	101	36.72
1481	134.01	58.66	99	53.53
1482	24.18	64.3	100	83.8
Drivers: 7
id	x	y	end	sensitivity
1010	109.66	17.63	100	1.04
1011	142.91	27.81	103	0.81
1012	173.52	168.57	101	1.21
1013	18.94	59.28	101	1.9
1014	107.1	68.9	100	0.91
1015	187.52	174.47	101	1.34
1016	126.99	171.28	100	0.52
Period: 100
Tasks:14
id	x	y	end	c
1483	24.97	60.96	103	84.58
1484	133.55	11.81	102	94.36
1485	1.25	153.46	100	112.29
1486	51.27	195.43	102	107.15
1487	60.4	41.08	101	70.99
1488	127.44	76.87	100	35.89
1489	140.5	194.86	102	103.14
1490	71.16	123.39	102	37.13
1491	122.89	162.71	100	66.76
1492	143.46	76.06	105	49.62
1493	53.99	179.81	102	92.12
1494	79.81	80.12	100	28.33
1495	38.14	169.9	102	93.34
1496	73.58	56.02	101	51.31
Drivers: 14
id	x	y	end	sensitivity
1017	194.38	157.88	102	0.88
1018	67.92	3.1	101	1.83
1019	70.67	45.16	102	1.99
1020	32.48	96.33	103	0.97
1021	146.12	19.74	100	1.78
1022	166.61	27.68	101	0.79
1023	123.42	1.48	101	1.99
1024	184.32	168.11	101	0.99
1025	152.84	159.97	104	1.35
1026	45.33	182.97	104	1.66
1027	44.32	56.63	101	1.22
1028	167.96	112.13	101	0.65
1029	198.04	96.71	104	0.57
1030	109.56	12.83	101	0.82
