Periods: 100
Task Arrival Rate: 15
Task Average Time: 2
Driver Arrival Rate: 15
Driver Average Time: 1
Period: 1
Tasks:18
id	x	y	end	c
1	199.26	72.89	2	102.9
2	193.99	92.52	2	94.29
3	21.29	146.68	1	91.51
4	30.34	134.28	3	77.64
5	89.6	102.61	1	10.72
6	29.37	33.11	4	97.28
7	190.62	198.6	5	133.92
8	110.88	30.1	4	70.74
9	98.72	54.01	4	46.01
10	135.36	57.39	2	55.37
11	65.43	52.79	3	58.51
12	81.29	108.55	2	20.57
13	57.32	100.72	2	42.69
14	139.41	102.13	3	39.47
15	59.39	119.2	2	44.92
16	47.25	151.92	4	74.02
17	36.82	164.96	3	90.62
18	149.91	96.89	3	50.01
Drivers: 12
id	x	y	end	sensitivity
1	115.76	58.72	1	1.9
2	84.52	106.96	5	1.68
3	77.95	182.38	2	1.43
4	59.87	190.04	4	1.74
5	55.61	194.47	2	1.24
6	55.15	70.01	3	0.6
7	166.15	103.33	1	1.49
8	58.42	7.61	3	0.84
9	60.06	50.54	3	1.98
10	160.31	79.26	1	0.61
11	29.43	168.05	1	1.58
12	195.87	152.07	3	1.01
Period: 2
Tasks:13
id	x	y	end	c
19	41.42	136.1	4	68.81
20	175.26	156.73	6	94.25
21	71.06	176.34	5	81.64
22	180.49	45.94	3	96.96
23	78.22	2.56	3	99.84
24	76.09	13.99	4	89.27
25	87.93	0.78	3	99.95
26	101.56	9.24	3	90.77
27	2.32	150.67	4	110.04
28	31.69	61.17	4	78.57
29	60.38	0.14	3	107.43
30	130.98	29.21	4	77.27
31	140.32	160.51	6	72.71
Drivers: 17
id	x	y	end	sensitivity
13	184.54	27.93	3	0.76
14	106.75	180.13	4	1.19
15	49.82	141.4	3	1.95
16	116.26	40.12	3	1.5
17	99.54	179.18	3	0.72
18	173.6	72.44	4	1.89
19	148.2	62.76	2	1.88
20	64.53	112.27	3	1.69
21	73.54	17.68	4	1.07
22	36.89	168.14	2	1.84
23	58.7	39.55	5	0.66
24	38.28	12.22	3	1.32
25	19.42	139.87	2	1.16
26	137.79	72.45	3	0.88
27	158.46	126.87	2	1.03
28	85.19	51.46	6	0.59
29	53.46	185.73	2	0.58
Period: 3
Tasks:11
id	x	y	end	c
32	93.72	14.97	8	85.26
33	85.4	28.36	5	73.11
34	194.62	196.59	3	135.21
35	47.33	127.6	6	59.46
36	134.83	129.48	4	45.63
37	163.38	100.35	5	63.38
38	8.6	160.54	7	109.63
39	149.24	44.06	4	74.52
40	40.96	38.52	6	85.24
41	17.42	89.17	4	83.29
42	59.86	129.67	7	49.92
Drivers: 19
id	x	y	end	sensitivity
30	184.38	125.01	4	0.62
31	139.4	10.15	3	1.81
32	106.21	168.84	3	0.62
33	64.42	199.91	3	1.98
34	3.57	190.47	3	1.72
35	124.54	8.32	3	1.79
36	77.48	142.72	5	1.22
37	96.84	61.05	3	1.92
38	3.92	46.67	6	0.64
39	108.79	138.04	3	1.53
40	38.39	15.02	5	1.93
41	146.71	45.59	6	1.2
42	62.57	184.14	4	1.27
43	113.82	2.45	5	0.51
44	35.31	156.78	4	1.98
45	78.44	60.51	4	0.99
46	151.52	87.62	6	1.56
47	81.05	160.71	3	1.49
48	117.2	64.35	4	0.95
Period: 4
Tasks:10
id	x	y	end	c
43	193.72	70.38	5	98.29
44	105.01	12.38	7	87.76
45	133.36	187.12	9	93.29
46	119.95	95.43	4	20.47
47	183.7	13.72	7	120.21
48	150	159.12	7	77.43
49	62.68	78.25	5	43.2
50	176.16	22.04	4	108.99
51	3.39	127.69	6	100.5
52	46.89	122.94	5	57.85
Drivers: 10
id	x	y	end	sensitivity
49	45.58	5.95	5	1.18
50	104.73	29.48	6	1.89
51	61.92	193.35	8	0.75
52	111.7	85.85	4	2
53	80.29	172.53	6	1.93
54	148.93	159.91	8	1.68
55	139.34	61.51	6	1.28
56	189.78	151.47	6	0.54
57	99.29	129.08	4	1.23
58	5.73	99.84	4	1.79
Period: 5
Tasks:21
id	x	y	end	c
53	11.15	80.56	7	90.95
54	100.45	121.64	6	21.64
55	129.6	59.66	5	50.03
56	102.09	4.86	7	95.16
57	146.66	194.58	8	105.46
58	76.6	116.78	5	28.79
59	135.17	69.02	7	46.87
60	64.78	29.35	6	78.94
61	17.14	75.6	6	86.38
62	60.1	79.8	7	44.72
63	54.69	42.98	7	72.83
64	144.93	76.88	8	50.53
65	79.07	181.11	6	83.77
66	162.86	33.73	8	91.34
67	146.24	65.68	6	57.58
68	139.15	173.39	5	83.18
69	60.85	189.38	6	97.58
70	86.63	155.2	7	56.8
71	114.55	5.75	8	95.37
72	156.55	45.61	7	78.46
73	55.37	191.28	7	101.61
Drivers: 11
id	x	y	end	sensitivity
59	156.62	186.05	5	1.21
60	77.82	162.86	5	0.97
61	183.24	103.81	6	0.55
62	192.21	88.83	7	0.55
63	145.75	75.25	5	0.7
64	129.86	96.87	6	1.78
65	188.56	102.93	5	0.83
66	67.71	58.15	6	1.74
67	86.34	165.1	5	1.39
68	90.26	13.46	8	1.29
69	92.42	8.48	7	0.84
Period: 6
Tasks:16
id	x	y	end	c
74	103.57	57.17	9	42.98
75	156.35	33.52	8	87.15
76	112.35	3.28	7	97.51
77	141.14	180.54	10	90.44
78	170.93	134.82	7	79.02
79	137.38	24.1	12	84.61
80	40.59	128.82	9	66.03
81	117.47	69.61	7	35.05
82	58.67	32.8	8	78.89
83	150.94	132.56	8	60.46
84	55.58	126.76	10	51.86
85	79.25	56.99	7	47.75
86	120.33	121.99	9	29.95
87	175.93	97.63	12	75.97
88	40.01	149.43	8	77.73
89	83.41	147.26	8	50.09
Drivers: 25
id	x	y	end	sensitivity
70	49.21	112.18	6	1.66
71	176.65	29.72	7	1.14
72	17.21	128.02	6	0.55
73	5.22	14.15	6	0.55
74	89.18	74.06	6	0.9
75	115.67	168.88	9	1.42
76	196.27	25.5	7	1.34
77	124.8	146.98	6	0.51
78	70.65	175.17	8	1.82
79	31.27	90.47	7	0.77
80	28.93	158.47	6	0.95
81	21.83	101.97	6	1.94
82	118.24	91.44	9	0.68
83	154.22	119.22	10	0.73
84	18.46	128.62	6	1.43
85	0.38	136.47	7	1.5
86	137.25	182.01	6	1.94
87	55.58	120.44	8	1.88
88	27.97	17.86	7	0.54
89	161.1	89.28	7	0.99
90	170.55	125.78	6	1.65
91	48.96	4.01	7	1.22
92	45.22	101.06	6	0.69
93	126.88	150.78	10	0.67
94	92.78	84.99	7	1.93
Period: 7
Tasks:13
id	x	y	end	c
90	163.48	141.77	10	75.99
91	22.13	139.11	8	87.14
92	152.1	73.07	10	58.65
93	108.24	2.47	7	97.88
94	46.09	182.7	9	98.72
95	90.27	82.73	9	19.82
96	67.99	45.38	11	63.31
97	143.64	91.32	11	44.49
98	16.73	179.21	8	114.93
99	35.76	113.28	11	65.6
100	92.95	90.52	9	11.81
101	115.18	43.68	9	58.33
102	176.92	97.33	8	76.97
Drivers: 17
id	x	y	end	sensitivity
95	31.93	46.62	8	1.41
96	22.14	153.03	7	0.75
97	79.22	106.64	9	1.53
98	19.64	109.52	7	0.7
99	29.99	78.9	10	1.72
100	152.33	63.43	7	1.24
101	140.19	135.9	8	1.39
102	72.04	2.83	7	1.43
103	155.99	134.54	7	1.58
104	107.08	10.51	7	1.53
105	117.09	149.74	9	1.38
106	66.91	194.28	10	1.56
107	107.68	192.7	11	0.53
108	80.53	79.41	7	1.39
109	8.63	29.99	8	0.77
110	74.68	118.55	8	0.51
111	167.26	131.45	8	0.87
Period: 8
Tasks:15
id	x	y	end	c
103	130.86	5.83	10	99.1
104	143.4	63.26	14	56.86
105	182.16	46.12	12	98.25
106	143.26	138.78	9	58.1
107	171.75	52.69	12	85.94
108	58.99	69.75	9	50.96
109	159.57	163.58	10	87.13
110	45.55	129.62	10	61.99
111	72.22	178.32	11	83.1
112	10.63	183.77	10	122.49
113	185.35	121.16	10	87.93
114	50.03	113.06	10	51.65
115	195.8	115.3	13	97.01
116	61.01	169.41	10	79.61
117	93.15	143.85	10	44.38
Drivers: 16
id	x	y	end	sensitivity
112	144.96	175.1	10	1.21
113	92.36	30.22	11	1.57
114	65.18	58.4	8	1.26
115	70.23	72.63	8	1.07
116	4.63	122.62	8	0.74
117	82.47	45.89	10	1.01
118	191.33	159.1	10	1.78
119	140.88	165.45	10	1.39
120	121.48	10.87	9	1.48
121	61.47	23.53	8	1.7
122	193.38	17.24	9	0.83
123	1.15	95.42	9	1.81
124	196.38	98.41	8	0.88
125	176.19	152.1	9	0.83
126	111.74	75.31	9	0.64
127	189.4	164.61	8	0.68
Period: 9
Tasks:12
id	x	y	end	c
118	0.86	4.34	14	137.77
119	149.96	106.86	12	50.43
120	162.43	70.84	12	68.9
121	140.45	130.98	11	50.95
122	5.19	39.97	13	112.22
123	24.33	140.78	11	85.96
124	156.62	187.36	10	104.1
125	28.37	48.87	13	88.01
126	149.26	85.1	11	51.46
127	157.66	156.34	15	80.62
128	130.02	194.38	13	99.04
129	189.83	20.02	10	120.28
Drivers: 5
id	x	y	end	sensitivity
128	127.65	85.54	11	1.59
129	51.54	108.12	9	1.18
130	181.52	164.9	10	1.86
131	71.42	193.42	10	1.48
132	50.71	114.75	10	1.15
Period: 10
Tasks:20
id	x	y	end	c
130	192.91	74.16	12	96.44
131	35.06	170.35	12	95.74
132	31.23	103.47	12	68.86
133	176.45	185.27	13	114.52
134	85.18	152.85	11	54.89
135	67.51	53.98	12	56.33
136	198.23	84.22	10	99.49
137	20.67	22.46	13	110.93
138	98.56	52.48	14	47.54
139	155.04	191.86	12	107.09
140	25.64	24.29	12	106.12
141	47.4	184.75	10	99.75
142	119.99	58.53	11	46.04
143	160.83	84.98	11	62.66
144	133.34	194.69	12	100.39
145	169.67	112.22	14	70.73
146	26.47	67.98	12	80.2
147	83.81	90	11	19.03
148	170.17	61.28	13	80.14
149	113.33	67.2	15	35.41
Drivers: 13
id	x	y	end	sensitivity
133	155.08	113.5	11	1.49
134	124.82	38.29	10	0.8
135	179.79	66.04	10	1.1
136	127.27	31.51	11	1.49
137	76.48	51.34	13	0.88
138	40.21	192.51	12	1.35
139	188.8	184.5	10	1.87
140	67.46	157.41	12	0.67
141	119.2	138.8	11	1.42
142	49.98	115	10	1.46
143	66.21	148.81	13	1.02
144	171.6	160.15	10	0.63
145	28.12	35.6	10	1.79
Period: 11
Tasks:22
id	x	y	end	c
150	1.47	140.68	12	106.6
151	88.6	176.54	14	77.38
152	129.19	9.89	14	94.72
153	53.13	148.22	12	67.25
154	13.44	91.27	12	87
155	49.45	186.9	12	100.53
156	166.46	138.92	13	77.02
157	74.29	131.3	12	40.51
158	0.65	157.72	13	114.9
159	142.2	105.06	13	42.5
160	145.52	104.96	15	45.79
161	35.33	69.73	12	71.4
162	184.07	105.98	11	84.28
163	50.22	178.76	12	93.17
164	118.37	152.98	13	56.07
165	148.27	194.08	16	105.74
166	0.28	182.8	14	129.61
167	77.81	167.39	12	70.95
168	121.7	175.42	11	78.48
169	4.56	47.89	12	108.74
170	169.07	6.59	12	116.17
171	166.54	121.19	12	69.83
Drivers: 10
id	x	y	end	sensitivity
146	199.02	112.97	14	0.8
147	29.31	179.99	12	1.65
148	167.2	140.84	15	0.51
149	69.75	132.04	11	1.6
150	28.05	27.19	11	0.92
151	67.38	37.79	11	1.21
152	98.96	87.14	12	1.76
153	18.63	141.91	11	0.92
154	174.45	173.63	12	0.68
155	179.01	44.23	12	1.5
Period: 12
Tasks:13
id	x	y	end	c
172	55.36	116.02	14	47.43
173	44.4	47.59	13	76.41
174	106.98	186.1	13	86.38
175	139.44	73.02	14	47.79
176	28.53	88.69	14	72.36
177	45.46	192.1	14	107.04
178	104.82	173.1	20	73.26
179	58.92	133.62	15	53.08
180	144.18	83.13	13	47.29
181	184.01	42.96	16	101.54
182	96.64	186.25	18	86.32
183	51.22	36.19	13	80.32
184	72.36	137.35	14	46.46
Drivers: 13
id	x	y	end	sensitivity
156	99.64	147.25	13	1.55
157	149.52	21.73	13	1.16
158	63.58	138.97	12	1.51
159	99.6	29.88	12	1.59
160	175.88	85.38	12	1.59
161	77.69	40.31	13	0.82
162	178.71	56.62	13	0.59
163	101.29	176.49	12	1.01
164	178.97	41.55	14	1.61
165	41.09	72.86	13	0.58
166	100.42	102.11	13	0.55
167	53.23	96.5	14	1.54
168	38.61	19.21	14	0.85
Period: 13
Tasks:13
id	x	y	end	c
185	139.95	196.93	16	104.84
186	92.57	100.93	14	7.49
187	198.2	13.51	14	130.86
188	62.96	150.99	15	63.02
189	188.96	166.75	15	111.22
190	195.83	55.77	14	105.54
191	85.93	199.12	16	100.11
192	113.81	60.22	14	42.11
193	116.66	137.64	15	41.16
194	8.46	71.76	14	95.8
195	159.33	97.51	13	59.38
196	92.07	48.58	17	52.03
197	186.52	135.95	15	93.69
Drivers: 9
id	x	y	end	sensitivity
169	181.56	196.6	14	0.75
170	82.31	37.27	14	0.57
171	172.28	36.55	15	1.23
172	5.89	150.19	14	0.63
173	113.59	165.63	14	0.62
174	98.03	139.04	13	0.87
175	64.47	126.41	15	1.21
176	54.05	105.56	13	1.68
177	199.46	85.48	13	1.27
Period: 14
Tasks:20
id	x	y	end	c
198	92.98	137.44	16	38.09
199	81.29	2.07	15	99.7
200	47.08	54.84	18	69.57
201	44.62	85.51	20	57.24
202	16.86	87.66	16	84.05
203	175.56	192.75	15	119.63
204	91.14	86.52	16	16.13
205	61.7	34.47	16	75.9
206	182.76	63.21	17	90.57
207	52.43	34.37	14	81.06
208	56.28	127.77	17	51.79
209	86.62	4.01	14	96.92
210	55.45	115.24	17	47.08
211	8.42	83.98	17	92.97
212	68.7	130.25	15	43.53
213	145.98	121.36	17	50.7
214	171.5	50.3	16	87.08
215	19.56	50.5	15	94.45
216	59.75	86.97	19	42.31
217	181.23	73.27	17	85.51
Drivers: 10
id	x	y	end	sensitivity
178	30.21	132.83	14	1.8
179	165.25	7.32	16	0.84
180	17.34	186.22	16	0.64
181	113.42	86.11	15	0.52
182	81.56	102.18	15	1.06
183	31.54	68.02	14	1.43
184	124.3	136.72	14	1.92
185	8.29	21.06	16	0.53
186	124.51	37.9	16	0.55
187	14.38	157.95	15	1.56
Period: 15
Tasks:13
id	x	y	end	c
218	90.18	17.64	17	82.94
219	41.86	193.92	16	110.46
220	177.97	174.13	16	107.59
221	123.17	15.29	17	87.82
222	42.99	30.63	15	89.79
223	151.18	31.27	16	85.69
224	62.17	193.57	19	100.93
225	181.95	100.37	17	81.95
226	3.94	64.54	17	102.4
227	139.87	161.47	17	73.27
228	177.66	18.16	16	112.82
229	2.53	188.54	16	131.68
230	183.57	148.59	16	96.67
Drivers: 14
id	x	y	end	sensitivity
188	24.75	93.09	17	0.74
189	111.85	186.75	17	0.88
190	82.91	77.73	17	0.97
191	64.73	3.81	17	1.63
192	164.85	76.96	15	1.27
193	56.87	86.45	15	1.45
194	42.13	108.95	15	0.79
195	81.87	148.38	17	0.55
196	36.73	155.11	15	0.78
197	198.37	111.68	17	1.42
198	199.67	138.95	15	1.8
199	155.95	132.79	17	1.42
200	175.65	63.09	18	1.19
201	61.19	173.61	16	1.68
Period: 16
Tasks:14
id	x	y	end	c
231	69.26	5.06	18	99.79
232	89.65	51.33	16	49.76
233	35.07	163.84	17	91.06
234	39.91	44.4	19	81.87
235	108.98	27.75	17	72.81
236	185.82	99.03	17	85.83
237	19.37	24.3	20	110.6
238	77.65	121.45	18	30.98
239	169.83	145.78	16	83.5
240	56.39	194.64	20	104.2
241	96.88	11.4	18	88.65
242	15.41	99.62	21	84.59
243	143.19	51.15	17	65.21
244	86.78	113.65	17	19
Drivers: 13
id	x	y	end	sensitivity
202	76.3	180.4	17	1.24
203	159.77	34.81	17	1.08
204	15.36	49.96	17	1.56
205	191.59	70.44	17	1.17
206	10.99	2.72	17	0.93
207	158.88	175.97	16	1.41
208	171.55	156.79	16	1.05
209	120.01	69.31	16	1.32
210	47.67	184.94	18	0.88
211	16.95	40.78	16	1.03
212	183.02	28.42	17	1.01
213	190.87	76.46	20	1.03
214	71.91	125.15	18	0.51
Period: 17
Tasks:17
id	x	y	end	c
245	45.16	169.66	22	88.66
246	36.8	46	20	83.13
247	172.28	44.78	18	90.96
248	69.74	127.13	19	40.64
249	101.87	87.61	20	12.53
250	128.73	67.06	19	43.71
251	173.85	0.47	19	123.94
252	138.94	79.7	18	43.91
253	123.08	4.3	17	98.44
254	134.68	145.55	19	57.25
255	65.61	127.03	19	43.74
256	25.03	94.29	18	75.19
257	191.78	130.22	19	96.63
258	151.3	62.25	17	63.69
259	168.87	14.21	20	110.01
260	173.06	178.78	21	107.44
261	129	11.61	18	93.03
Drivers: 22
id	x	y	end	sensitivity
215	64	7.48	17	0.74
216	146.62	102.21	17	0.95
217	23.6	98.8	18	1.42
218	187.65	185.89	17	1.63
219	77.35	24.62	17	1.66
220	125.7	88.94	20	2
221	146.15	30.11	18	1.66
222	188.6	44.24	17	1.46
223	87.4	168.05	18	1.6
224	195.98	192.33	17	1.31
225	177.71	103.26	17	1.24
226	56.66	28.24	18	1.81
227	122.23	193.36	17	1.84
228	159.84	153	19	1.3
229	57.53	41.8	17	1.97
230	61.64	1.4	17	1.86
231	103.57	43.71	18	0.88
232	56.62	121.18	19	1.97
233	102.64	23.6	19	0.66
234	132.81	47.73	20	1.95
235	142.68	77.9	18	1.94
236	179.59	58.37	20	0.91
Period: 18
Tasks:13
id	x	y	end	c
262	199.41	93.74	23	99.61
263	115.43	108.24	19	17.49
264	52.37	150.3	20	69.27
265	187.9	23.69	23	116.4
266	105.33	197.36	21	97.51
267	123.38	40.14	21	64.26
268	141.99	172.45	22	83.74
269	11.96	106.74	19	88.3
270	10.6	77.46	19	92.2
271	191.41	172.01	19	116.37
272	0.97	120.32	19	101.09
273	195.94	102.64	22	95.98
274	19.77	79.48	20	82.81
Drivers: 15
id	x	y	end	sensitivity
237	69.59	38.95	18	0.5
238	196.98	104.16	18	0.78
239	24.53	175.52	21	1.48
240	188.43	42.43	18	0.93
241	19.95	48.98	18	1.65
242	87.02	132.96	20	1.55
243	191.53	194.57	20	0.88
244	84.01	169.94	18	0.98
245	82.49	175.91	19	1.3
246	81.77	133.88	19	0.56
247	8.08	104.02	18	0.96
248	151.65	66.84	19	1.1
249	15.1	106.03	20	1.52
250	10.81	51.89	18	1.17
251	3.01	126.58	18	0.9
Period: 19
Tasks:10
id	x	y	end	c
275	46.89	98.22	21	53.14
276	173.04	36.63	20	96.7
277	57.98	79.02	21	46.97
278	24.83	58.09	19	86.06
279	110.08	5.27	19	95.26
280	190.69	118.58	20	92.57
281	189.02	178.37	24	118.6
282	33.06	167.95	19	95.38
283	140.97	109.32	20	42.02
284	44.77	52.33	20	72.96
Drivers: 13
id	x	y	end	sensitivity
252	1.5	110.5	19	1.96
253	73.73	142.28	19	1.49
254	185.92	64.33	20	1.92
255	4.31	135.01	19	1.49
256	75.6	100.5	20	0.64
257	87.5	63.58	21	0.96
258	164.79	39.06	21	1.64
259	123.56	98.5	20	1.84
260	138.99	68.68	19	1.83
261	43.53	45.01	19	0.89
262	31.24	185.89	20	1.89
263	41.6	44.91	21	0.87
264	73.87	69.98	20	1.34
Period: 20
Tasks:18
id	x	y	end	c
285	124.18	184.5	20	87.89
286	31.44	79.56	23	71.54
287	113.49	149.06	20	50.88
288	78.3	197.48	23	99.87
289	60.93	7.92	21	100.03
290	121.54	149.45	21	53.94
291	94.18	62.69	20	37.76
292	26.8	130.85	26	79.44
293	167.52	48.06	22	85.19
294	56.99	185.16	22	95.4
295	179.96	65.66	22	87.02
296	104.01	149.86	21	50.02
297	79.91	173.49	22	76.19
298	95.91	34.71	22	65.42
299	21.58	67.81	22	84.77
300	75.35	158.41	21	63.4
301	138.36	28.17	22	81.43
302	93.25	178.01	21	78.3
Drivers: 24
id	x	y	end	sensitivity
265	149.36	69.38	22	1.95
266	103.53	61.3	23	1.09
267	93.14	36.23	20	0.76
268	64.3	136.73	20	0.92
269	51.98	49.83	22	0.96
270	173.46	40.68	20	1.81
271	177.47	189.9	21	1.23
272	142.31	87.86	22	0.63
273	26.18	139.51	20	0.74
274	123.45	46.79	21	1.43
275	117.54	120.38	21	1.39
276	190	67.81	20	0.55
277	18.3	61.86	20	0.63
278	167.82	135.21	22	1.15
279	80.59	69.15	20	0.88
280	150.98	86.56	20	1.35
281	95.8	33.53	20	1.04
282	188.43	124.1	21	1.39
283	52	156.09	21	0.97
284	164.28	117.2	20	1.9
285	71.18	145.94	21	1.75
286	0.86	19.03	21	1.13
287	140.48	23.73	20	1.73
288	188.83	7.04	21	0.54
Period: 21
Tasks:25
id	x	y	end	c
303	187.74	7.78	22	127.29
304	94.07	4.61	23	95.57
305	189.92	169.37	24	113.57
306	175.63	144.34	22	87.67
307	106.95	40.49	21	59.91
308	174.66	183.94	22	112.34
309	108.25	68.44	22	32.62
310	80.13	96.28	23	20.22
311	81.22	99.54	22	18.79
312	176.86	80.3	25	79.34
313	146.43	167.03	24	81.54
314	171.24	190.7	26	115.33
315	48.05	123.88	22	57.18
316	135.5	70.51	22	46.15
317	178.61	185.37	22	116.05
318	62.26	187.52	24	95.31
319	80.3	140.96	21	45.45
320	136.63	142.75	22	56.3
321	135.52	192.28	21	98.88
322	27.6	24.73	23	104.44
323	84.48	104.25	22	16.09
324	51.01	21.78	23	92.3
325	45.49	144.44	25	70.33
326	12.26	144.58	21	98.42
327	43.85	147.56	22	73.59
Drivers: 19
id	x	y	end	sensitivity
289	10.52	24.11	24	1.78
290	182.27	59.33	21	1.3
291	28.52	130.88	22	1.88
292	132.11	164.62	22	1.08
293	137.03	123.82	22	1.71
294	149.96	88.1	23	1.95
295	189.3	164.71	23	0.54
296	147.37	113.63	23	1.15
297	129.14	185.69	23	0.64
298	93.97	177.26	24	1.83
299	134.81	44.28	21	1.34
300	109.67	88.91	22	1.32
301	84.72	155.92	22	0.95
302	158.95	135.58	23	0.79
303	168.03	78.94	23	1.25
304	82.87	18.25	21	1.74
305	169.7	68.1	21	0.66
306	195.79	59.94	22	0.53
307	121.53	136.08	24	1.68
Period: 22
Tasks:23
id	x	y	end	c
328	59.71	166.45	24	77.71
329	24.28	115.69	25	77.33
330	105.01	33.67	24	66.52
331	138.57	190.77	24	98.62
332	138.4	3.01	27	104.32
333	195.6	16.53	24	126.91
334	146.29	127.35	26	53.77
335	109.51	142.65	23	43.7
336	110.05	11.09	24	89.48
337	141.91	165.71	27	77.94
338	118.72	192.91	25	94.78
339	94.27	42.76	23	57.53
340	168.66	179.39	26	104.96
341	165.78	197.69	22	117.77
342	38.4	135.96	22	71.33
343	66.29	94.2	25	34.21
344	69.85	112.23	23	32.54
345	52.45	47.97	24	70.48
346	53.09	60.84	25	61.11
347	188.54	69.84	26	93.54
348	96.83	191.83	24	91.88
349	187.19	187.56	27	123.57
350	64.13	145.73	23	58.12
Drivers: 13
id	x	y	end	sensitivity
308	101.25	158.65	23	1.28
309	89.53	135.44	23	1.25
310	190.47	138.66	22	0.92
311	13.16	141	23	1.49
312	176.89	89.03	23	1.04
313	44.58	154.88	22	1.38
314	174.05	10.9	23	0.56
315	129.33	84.89	22	0.57
316	105.72	187.52	24	1.1
317	120.79	47.78	23	1.85
318	121.01	95.8	23	0.81
319	64.21	18.37	22	0.87
320	36.11	89.83	23	1.16
Period: 23
Tasks:21
id	x	y	end	c
351	150.05	54.64	27	67.55
352	169.35	19.22	25	106.47
353	99.64	110.98	27	10.99
354	8.33	133.99	26	97.77
355	181.44	148.8	24	94.94
356	175.6	79.7	23	78.28
357	145.73	103.98	25	45.9
358	17.75	104.92	26	82.4
359	42.08	4.62	25	111.59
360	140.54	198.41	25	106.43
361	10.58	63.83	26	96.46
362	137.08	98.5	24	37.11
363	138.63	168.26	24	78.43
364	71.4	41.31	23	65.29
365	113.68	198.2	24	99.15
366	162.23	158.37	23	85.32
367	158.25	24.73	26	95.18
368	78.32	198.37	26	100.73
369	190.27	108.64	26	90.68
370	18.68	69.6	26	86.82
371	63.43	66.13	26	49.85
Drivers: 24
id	x	y	end	sensitivity
321	29.56	112.98	25	1.78
322	156.06	192.3	25	1.3
323	40.46	160.19	25	1.95
324	31.17	5.99	24	0.63
325	110.19	158.65	23	1.58
326	20.84	112.07	25	0.65
327	32.27	19.94	26	0.74
328	23.47	121.72	24	1.03
329	39.48	58.14	24	0.94
330	143.2	73.42	24	1.51
331	87.1	26.17	23	1.5
332	73.49	160.51	24	1.66
333	182.27	80.24	23	1.68
334	184.51	189.73	25	1.02
335	44.71	21.91	23	1.16
336	4.78	121.14	24	0.69
337	168.66	153.52	24	1.62
338	176.85	85.33	25	0.93
339	172.22	34.51	25	0.87
340	11	14.42	26	1.43
341	130.07	199.66	24	0.74
342	165	0.88	25	1.33
343	189.51	40.28	23	0.83
344	24.76	193.24	24	1.64
Period: 24
Tasks:14
id	x	y	end	c
372	43.9	174.09	26	92.93
373	56.89	19.27	26	91.52
374	117.4	88.7	25	20.75
375	49.4	126.91	27	57.31
376	62.12	63.07	24	52.9
377	0.88	158.46	24	115.08
378	163.66	13.93	25	107.05
379	131.62	98.14	26	31.67
380	185.68	100.45	26	85.68
381	1.17	97.94	27	98.85
382	12.14	191.19	26	126.63
383	30.93	13.9	25	110.38
384	161.55	133.94	26	70.29
385	97.74	177.32	25	77.35
Drivers: 12
id	x	y	end	sensitivity
345	12.41	199.49	25	0.6
346	77.05	56.52	27	0.9
347	82	94.13	26	1.05
348	87.01	143.69	28	1.44
349	141.98	185.84	26	0.54
350	83.52	24.15	26	0.76
351	114.59	116.53	25	0.68
352	130.57	63.69	24	0.63
353	86.85	81.8	24	1.22
354	136.28	89.99	27	0.87
355	8.87	191.53	24	1.29
356	199.45	87.78	24	0.81
Period: 25
Tasks:13
id	x	y	end	c
386	23.2	126.69	26	81.31
387	85.35	189.59	26	90.78
388	39.7	90.07	28	61.11
389	116.23	31	26	70.88
390	95.47	27.06	25	73.08
391	104.21	146.85	27	47.04
392	25.63	46.68	26	91.51
393	7.94	61.86	27	99.65
394	183.19	147.74	26	95.91
395	154.09	160.06	27	80.83
396	158.48	178.19	26	97.64
397	38.37	136.77	28	71.77
398	11.59	195.98	25	130.49
Drivers: 8
id	x	y	end	sensitivity
357	126.45	164.64	25	1.17
358	134.77	111.1	25	1.4
359	109.6	117.3	26	0.6
360	174.17	45.2	26	1.18
361	99.58	64.34	25	1.69
362	11.11	143.11	27	1.71
363	94.33	7.51	25	0.81
364	88.32	83.48	25	1.35
Period: 26
Tasks:12
id	x	y	end	c
399	130.47	25.3	29	80.68
400	58.41	182.58	26	92.46
401	100.63	89.51	28	10.51
402	33.8	29.11	29	96.99
403	23.2	22.97	28	108.77
404	135.35	116.29	27	38.92
405	85.65	171.09	30	72.52
406	74.72	181.21	28	85.05
407	81.19	97.86	30	18.93
408	178.31	169.33	27	104.59
409	184.74	67.71	29	90.68
410	21.44	137.18	29	86.91
Drivers: 15
id	x	y	end	sensitivity
365	127.42	47.2	27	0.81
366	24.25	69.79	26	0.74
367	25.26	46.37	27	0.7
368	51.83	142.36	27	1.53
369	108.4	100.58	29	0.92
370	11.42	75.08	27	1.7
371	60.71	100.63	27	1.07
372	65.51	151.21	27	1.17
373	110.5	146.22	26	0.79
374	53.1	184.6	26	0.64
375	85.4	5.68	26	1.5
376	110.16	32.46	26	1.29
377	129.06	188.67	26	1.01
378	159.44	61.43	26	1.16
379	56.2	129.75	27	1.09
Period: 27
Tasks:17
id	x	y	end	c
411	24.71	53.59	28	88.44
412	91.54	107.08	29	11.03
413	28.96	18.97	28	107.76
414	133.81	59.51	28	52.75
415	143.05	4.28	29	104.96
416	183.62	37.78	29	104.23
417	15.38	178.93	29	115.72
418	3.48	103.42	28	96.58
419	187.66	51.91	28	99.98
420	126.05	41.75	30	63.81
421	44.51	109.32	29	56.27
422	56.32	79.11	30	48.42
423	32.83	143.55	28	80.05
424	119.72	177.02	30	79.5
425	171.31	15.57	29	110.51
426	9.19	170.39	29	114.9
427	38.99	55.42	31	75.56
Drivers: 18
id	x	y	end	sensitivity
380	106.67	172.75	27	1.29
381	83.64	28.46	28	1.7
382	112.15	149.5	27	1.36
383	7	39	29	1.63
384	100.53	112.53	27	1.92
385	71.55	61.31	27	1.19
386	144.08	79.18	28	1.49
387	36.71	27.11	29	0.86
388	123.97	5.13	31	0.54
389	133.33	187.3	28	1.4
390	15.34	141.24	27	1.73
391	184.21	121.59	27	0.96
392	174.11	179.95	29	1.88
393	29.88	177.74	28	1.13
394	175.7	13.58	28	1.32
395	111.77	181.02	28	0.89
396	14.21	148.14	29	0.64
397	110.77	48.7	28	1.88
Period: 28
Tasks:17
id	x	y	end	c
428	160.74	100.7	32	60.74
429	78.38	103.94	29	21.98
430	199.58	4.63	30	137.88
431	134.3	12.4	28	94.08
432	57.76	162.69	30	75.59
433	153.3	150.16	31	73.19
434	24.3	75.85	29	79.46
435	149.5	125.77	30	55.81
436	117.12	169.31	30	71.39
437	106.41	112.75	30	14.27
438	43.43	26.38	30	92.84
439	62.83	153.6	31	65.23
440	61.1	165.83	31	76.46
441	16.97	87.59	29	83.95
442	107.6	102.9	32	8.13
443	120.26	4.92	31	97.21
444	16	115.61	29	85.44
Drivers: 13
id	x	y	end	sensitivity
398	5.98	21.4	28	1.07
399	129.57	151.9	29	0.88
400	98.2	61.71	28	1.2
401	5.72	103.42	28	0.78
402	199.43	107.75	29	1.62
403	113.82	138.96	28	0.88
404	197.77	36.39	30	0.61
405	78.04	184.2	29	1.46
406	73.86	69.21	28	0.57
407	27.53	22.36	29	1.18
408	49.61	188.68	30	1.96
409	41.58	110.35	29	1.87
410	107.97	139.33	28	1.2
Period: 29
Tasks:16
id	x	y	end	c
445	182.85	73.5	31	86.98
446	59.2	103.58	33	40.96
447	104.35	54.79	31	45.42
448	68.96	101.6	31	31.08
449	81.69	187.55	30	89.44
450	124.27	42.85	33	62.09
451	71.85	119.61	29	34.31
452	42.16	135.47	31	67.85
453	81.38	79.09	30	28
454	189.14	52.37	32	101.07
455	91.45	148.89	31	49.63
456	194.19	157.39	32	110.3
457	164.71	114.88	34	66.4
458	49.89	41.11	32	77.32
459	69.07	19.94	30	85.83
460	58.81	68.29	30	51.98
Drivers: 16
id	x	y	end	sensitivity
411	59.47	135.36	29	1.16
412	113.04	164.61	29	0.76
413	101.84	50.21	31	1.54
414	124.5	42.02	31	0.92
415	33.41	58.95	30	1.13
416	183.2	125.12	29	1.65
417	127.6	74.46	29	1.66
418	34.72	181.36	29	0.67
419	71.82	189.12	30	1.93
420	166.21	12.68	32	1.95
421	126.48	175.37	30	1.78
422	83.48	101.88	32	1.01
423	191.26	46.14	30	1.53
424	15.21	180.08	29	1.93
425	103.24	53.01	31	0.66
426	132.91	124.95	33	1.95
Period: 30
Tasks:16
id	x	y	end	c
461	47.96	39.36	31	79.91
462	118.93	83.74	32	24.95
463	141.85	163.39	35	75.96
464	168.74	65.51	32	76.91
465	99	147.13	31	47.14
466	193.63	22.19	34	121.74
467	64.63	86.45	31	37.88
468	129.49	170.84	31	76.73
469	165.55	112.11	31	66.66
470	33.51	197.15	34	117.72
471	186.86	59.39	32	95.88
472	64.24	122.1	32	42.04
473	15.15	73.78	31	88.81
474	198.22	110.07	32	98.73
475	10.42	121.54	31	92.13
476	183.22	21.28	31	114.55
Drivers: 12
id	x	y	end	sensitivity
427	143.4	112.96	32	1.16
428	174.44	105.27	31	1.47
429	148.38	179.54	31	1.36
430	188.47	102.64	30	0.56
431	189.49	167.59	31	1.82
432	124.55	111.62	31	1.35
433	57.84	88.63	32	0.68
434	185.88	89.21	30	1.46
435	40.97	95.86	31	1.37
436	179.92	16.09	31	0.82
437	87.97	192.85	30	1.24
438	40.15	143.79	30	2
Period: 31
Tasks:9
id	x	y	end	c
477	181.81	60.28	32	90.94
478	87.82	140.51	31	42.3
479	157.01	45.3	33	79.01
480	95.79	13.52	32	86.58
481	98.52	92.91	32	7.24
482	68.15	54.67	31	55.4
483	172.17	150.62	35	88.15
484	186.9	167.8	32	110.22
485	34.1	185.35	34	107.83
Drivers: 13
id	x	y	end	sensitivity
439	28.62	12.75	32	0.7
440	78.5	81.68	33	1.93
441	46.9	1.06	32	1.84
442	113.51	174.85	32	1.69
443	148.59	100.19	33	1.68
444	23.85	119.95	32	0.59
445	170.65	180.86	31	0.96
446	33	55.03	32	1.55
447	20.58	127.8	32	1.08
448	175.93	153.27	31	1.43
449	78.66	60.48	32	0.64
450	190.33	37.71	31	1.81
451	95.3	68.85	34	0.71
Period: 32
Tasks:16
id	x	y	end	c
486	0.14	148.71	34	111.11
487	102.32	76.81	35	23.31
488	118.58	6.13	35	95.69
489	158.35	72.58	33	64.47
490	89.55	173.36	33	74.1
491	105.81	190.58	37	90.77
492	191.87	3.74	35	133.06
493	17.57	65.21	36	89.47
494	163.59	34.92	35	90.99
495	101	171.63	36	71.64
496	195.03	156.7	32	110.66
497	92.11	44.95	34	55.61
498	117.48	9.59	33	92.08
499	171.04	77.19	39	74.61
500	32.43	160.43	33	90.65
501	172.4	83.16	35	74.33
Drivers: 16
id	x	y	end	sensitivity
452	151.16	55.65	33	1.91
453	169.26	139.9	32	1.03
454	65.63	24.5	32	1.13
455	24.98	31.8	33	1.32
456	182.73	50.72	33	1.36
457	132.57	30.86	34	2
458	109.83	137.53	32	1.31
459	5.92	105.16	34	1.43
460	12.07	144.8	34	1.56
461	88.61	77.56	32	0.5
462	142.93	184.65	33	0.81
463	99.41	168.69	32	1.46
464	150.78	152.01	32	0.89
465	22.36	124.21	32	1.48
466	192.15	96.66	32	1.32
467	77.2	80.39	33	1.62
Period: 33
Tasks:14
id	x	y	end	c
502	70.31	115.8	35	33.63
503	23.76	41.32	34	96.21
504	23.83	80.21	35	78.7
505	61.9	181.64	36	90.09
506	171.31	8.36	36	116.12
507	7.61	30.41	34	115.67
508	148.35	162.02	33	78.64
509	109.96	118.97	40	21.43
510	118.93	137.31	34	41.84
511	15.97	21.33	35	115.11
512	136.85	82.62	39	40.74
513	19.16	94.76	34	81.01
514	47.85	161.87	37	80.92
515	13.05	45.04	36	102.86
Drivers: 12
id	x	y	end	sensitivity
468	57.6	28.21	34	0.89
469	47.28	52.54	34	1.51
470	33.45	78.87	34	1.35
471	195.07	130.04	33	1.82
472	191.47	155.92	34	1.95
473	73.4	169.91	35	1.11
474	129.88	128.76	35	1.57
475	17.21	49.73	34	1.03
476	27.47	42.55	33	1
477	81.82	59.9	35	1.41
478	156.09	30.18	34	1.53
479	38.34	115.31	38	1.38
Period: 34
Tasks:9
id	x	y	end	c
516	15.23	94.59	35	84.94
517	104.86	9.07	38	91.06
518	190.2	54.52	39	101.02
519	188.96	149.51	36	101.81
520	67.42	40.84	34	67.54
521	118.71	82.98	37	25.29
522	115.58	141.93	38	44.73
523	165.18	3.4	37	116.53
524	106.4	57.16	35	43.32
Drivers: 21
id	x	y	end	sensitivity
480	57.78	144.83	34	1.37
481	41.7	160.21	35	1.93
482	83.12	127.81	35	0.74
483	131.76	33.2	35	1.65
484	8.73	40.86	35	0.78
485	185.62	90.34	35	1.03
486	35.11	93.99	35	0.71
487	77.73	199.65	34	1.45
488	85.03	136.54	36	1.75
489	86.39	170.46	38	1.1
490	196.49	124.9	35	0.72
491	12.41	193.03	34	1.42
492	162.56	4.55	37	1.93
493	99.79	35.1	36	0.64
494	138.95	176.59	34	1.61
495	56.97	45.31	35	1.62
496	150.43	66.66	35	1.99
497	89.4	195.12	36	0.71
498	182.54	73.06	35	1.21
499	52.53	6.27	34	0.75
500	187.07	52.67	35	1.61
Period: 35
Tasks:7
id	x	y	end	c
525	116.5	184.72	40	86.31
526	171	174.36	37	102.81
527	187.89	94.76	38	88.05
528	98.45	173.04	36	73.06
529	45.56	178.23	39	95.31
530	18.69	172.99	38	109.27
531	40.63	53.56	36	75.38
Drivers: 16
id	x	y	end	sensitivity
501	175.61	43.79	39	1.73
502	97.76	7.84	35	0.69
503	141.56	86.66	35	1.27
504	53.91	131.63	35	1.56
505	37.21	58.02	37	1.38
506	106.94	96.3	36	1.37
507	145.77	140.15	35	1.73
508	13.6	37.64	36	1.9
509	189.46	92.85	38	0.79
510	100.3	43.31	38	1.79
511	39.34	103.69	37	1.61
512	143.69	117.61	37	0.96
513	25.64	123.63	36	0.67
514	166.08	194.2	37	1.7
515	173	190.1	35	1.11
516	179.2	185.33	35	0.5
Period: 36
Tasks:13
id	x	y	end	c
532	164.19	137.44	38	74.31
533	72.4	72.82	37	38.74
534	91	168.73	40	69.32
535	51.23	1.6	36	109.82
536	67.69	150.02	40	59.55
537	43.36	167.55	39	88.15
538	3.49	32.93	39	117.53
539	130.65	175.98	36	81.93
540	122.25	139.65	36	45.47
541	133.62	147.57	39	58.25
542	46.82	41.83	38	78.82
543	126.01	43.18	41	62.49
544	65.26	191.97	37	98.31
Drivers: 14
id	x	y	end	sensitivity
517	47.11	30.87	39	1.07
518	14.53	97.97	36	1.07
519	197.99	132.54	36	1.77
520	62.04	110.47	37	0.9
521	172.76	158.92	36	0.88
522	22.43	100.39	36	0.51
523	186.68	14.54	37	0.84
524	193.78	114.6	38	1.18
525	194.41	128.56	37	1.7
526	29.7	186.33	38	1.09
527	159.47	6.63	39	0.55
528	104.73	15.92	37	0.71
529	171.06	6.76	37	0.55
530	172.17	120.72	37	1.01
Period: 37
Tasks:12
id	x	y	end	c
545	119.16	114.61	44	24.09
546	58.22	177.44	39	87.99
547	137.28	93.27	38	37.88
548	120.14	184.01	38	86.39
549	159.05	143.71	37	73.47
550	133.91	102.95	38	34.04
551	28.17	192.82	39	117.37
552	170.52	60.2	40	80.98
553	172.96	148.01	38	87.34
554	106.78	74.07	39	26.8
555	128.27	22.85	39	82.17
556	108.71	84.59	39	17.7
Drivers: 11
id	x	y	end	sensitivity
531	94.17	132.18	38	1.34
532	37.37	126.78	40	0.98
533	128.18	59.24	38	0.86
534	72.15	69.48	37	0.59
535	24.94	74.04	37	1.65
536	12.4	65.22	40	0.56
537	41.71	133.44	37	0.55
538	136.16	71.91	37	1.38
539	81.78	5.98	37	1.05
540	59.94	107.74	38	0.61
541	170.44	145.69	39	1.92
Period: 38
Tasks:15
id	x	y	end	c
557	48.36	199.66	39	112.24
558	145.51	86.29	40	47.53
559	42.4	8.78	40	107.88
560	138.38	133.12	38	50.69
561	70.2	71	39	41.58
562	150.74	187.94	40	101.53
563	185.55	175.06	39	113.81
564	50.95	174.99	39	89.61
565	170.18	137.37	40	79.51
566	89.87	92.42	38	12.65
567	89.59	11.65	39	88.96
568	106.91	29.65	39	70.69
569	168.21	11.35	45	111.85
570	190.46	68.24	41	95.87
571	53.59	131.48	41	56.08
Drivers: 16
id	x	y	end	sensitivity
542	5.75	155.86	40	1.6
543	96.25	182.89	39	1.81
544	78.49	118.9	40	0.89
545	140.08	74.82	38	1.57
546	135.14	124.22	39	0.68
547	107.29	182.26	40	1.09
548	42.68	174.56	38	1.55
549	3.28	4.98	38	0.83
550	177.48	64.65	40	1.98
551	61.77	139.36	41	0.71
552	5.95	13.66	38	1.78
553	57.29	1.14	39	1.76
554	11.02	187.08	41	0.97
555	10.74	152.91	38	0.91
556	117.3	164.7	38	0.69
557	27.74	149.15	41	1.65
Period: 39
Tasks:19
id	x	y	end	c
572	105.06	65.79	42	34.58
573	9.65	72.91	40	94.32
574	28.53	142.95	41	83.38
575	90.55	31.58	41	69.07
576	174.07	132.43	42	80.86
577	106.6	149.06	41	49.5
578	119.51	72.6	44	33.64
579	146.53	39.17	40	76.59
580	143.79	72.7	42	51.6
581	66.04	93.32	41	34.61
582	34.78	50.13	40	82.1
583	2.33	23.84	40	123.85
584	3.04	121.86	41	99.39
585	150.52	14.16	40	99.6
586	3.47	8.64	42	132.91
587	192.28	92.63	40	92.57
588	34.88	154.95	44	85.21
589	158.3	46.49	44	79.13
590	198.33	70.9	42	102.55
Drivers: 14
id	x	y	end	sensitivity
558	110.25	140.1	39	1.85
559	69.73	121.71	39	1.41
560	150	127.38	39	0.52
561	190.98	20.26	40	0.72
562	111	32.5	40	1.24
563	137.25	46.61	39	1.02
564	157.51	155.23	40	0.68
565	22.11	1.66	40	1.39
566	14.99	136.43	39	1.9
567	115.15	48.93	39	1.05
568	148.1	177.39	41	1.51
569	98.79	58.58	41	1.35
570	84.19	77.24	39	0.51
571	176.55	193.13	40	0.75
Period: 40
Tasks:23
id	x	y	end	c
591	38.68	112.84	40	62.65
592	96.75	138.29	44	38.43
593	174.28	73.09	40	79
594	151.8	87.16	42	53.37
595	160.01	83.39	40	62.27
596	98.69	153.63	41	53.65
597	189.94	76.41	41	92.98
598	161.04	139.11	41	72.49
599	152.86	167.05	40	85.38
600	197.34	59.27	40	105.52
601	72.47	190.25	43	94.36
602	115.9	64.38	41	39.01
603	182.47	131.87	42	88.41
604	192.02	75.14	40	95.32
605	154.26	105.99	41	54.59
606	181.41	73.38	42	85.65
607	193.86	77.73	43	96.47
608	172.81	18.07	43	109.61
609	119.14	130.42	42	35.94
610	199.02	156.83	46	114.17
611	70.36	95.58	43	29.97
612	180.11	112.9	42	81.14
613	22.04	184.75	40	115.15
Drivers: 15
id	x	y	end	sensitivity
572	12.78	3.58	40	1.61
573	153.44	148.57	41	1.16
574	154.99	133.87	40	0.6
575	155.49	65.22	40	1.62
576	18.97	52.37	40	0.7
577	29.21	49.39	41	1.77
578	63.63	119.03	40	0.77
579	104.18	23	41	1.32
580	196.87	112.17	42	0.7
581	198.94	7.67	40	1.93
582	145.96	57.83	42	0.54
583	63.06	177.83	41	1.69
584	99.71	83.26	41	1.54
585	88.96	107.93	43	1.16
586	30.1	13.33	40	0.85
Period: 41
Tasks:15
id	x	y	end	c
614	169.46	32.64	41	96.76
615	175.9	69.15	43	81.93
616	152.6	17.15	44	98.14
617	5.25	111.91	44	95.5
618	133.12	89.65	42	34.7
619	35.19	101.97	43	64.84
620	192.93	40.42	41	110.39
621	106.67	55.54	45	44.96
622	13.68	78.9	43	88.86
623	197.3	109.32	48	97.75
624	7.82	176.52	44	119.8
625	50.16	58.76	42	64.69
626	12.17	110.46	45	88.45
627	127.77	26.16	44	78.89
628	161.34	10.05	42	108.87
Drivers: 20
id	x	y	end	sensitivity
587	101.21	162.72	42	0.63
588	63.92	167.28	44	1.59
589	128.78	48.83	41	1.12
590	109.25	57.3	41	0.67
591	71.51	34.25	41	1.36
592	129.74	99.51	41	1.66
593	11.87	146.41	41	1.95
594	181.31	98.09	43	0.66
595	199.14	180.97	43	0.84
596	164.34	180.89	42	1.19
597	57.54	89.77	43	0.78
598	65.19	72.23	41	0.52
599	58.31	149.9	41	1.46
600	171.32	199.13	41	1.69
601	51.67	61.32	41	1.16
602	160.83	33.5	41	1.2
603	16.09	144.33	41	1.33
604	177.36	38.27	43	1.99
605	94.99	141.53	41	1.14
606	180.83	32.2	41	1.87
Period: 42
Tasks:20
id	x	y	end	c
629	175	41.21	44	95.3
630	95.07	127.7	45	28.14
631	11.22	186.68	42	124.08
632	13.45	126.29	44	90.45
633	98.73	189.32	44	89.33
634	27.06	25.94	42	103.95
635	75.53	167.14	43	71.46
636	34.59	135.51	42	74.43
637	89.63	136.71	45	38.15
638	70.11	146.73	46	55.47
639	81.4	19.86	43	82.27
640	51.46	80.7	46	52.24
641	151.34	99.53	46	51.34
642	0.26	195.47	45	138.07
643	1.45	151.43	45	111.16
644	33.22	8.79	43	113.04
645	158.72	4.62	43	112.01
646	38.87	105.86	45	61.41
647	84.36	57.29	47	45.48
648	11.01	22.34	44	118.11
Drivers: 15
id	x	y	end	sensitivity
607	93.08	67.88	42	1
608	117.67	88.71	42	1.66
609	146.55	90.09	42	1.94
610	125.09	78.37	42	1.78
611	159.35	33.18	42	0.77
612	160.77	169.44	43	0.78
613	0.56	38.81	43	1.55
614	118.53	23.74	45	0.79
615	178.41	119.33	42	0.67
616	96.88	88.9	43	1.65
617	18.21	162.54	45	1.78
618	167	110.03	43	1.21
619	107.64	84.83	42	1.3
620	56.39	100.98	42	1.85
621	189.24	151.32	42	1.22
Period: 43
Tasks:12
id	x	y	end	c
649	162.3	101.15	45	62.31
650	94.72	48.82	46	51.45
651	35.82	92.85	44	64.58
652	173.59	71.02	44	79.09
653	181.42	60.86	44	90.34
654	158.56	135.76	43	68.62
655	187.99	42.09	44	105.34
656	1.11	43.66	46	113.81
657	31.14	147.65	46	83.74
658	119.04	97.56	44	19.2
659	138.1	82.63	44	41.87
660	84.52	75.73	45	28.79
Drivers: 17
id	x	y	end	sensitivity
622	17.67	99.63	46	0.96
623	44.9	133.21	44	1.56
624	145.88	85.79	43	1.23
625	131.6	91.42	44	1.01
626	12.19	143.83	44	0.64
627	116.09	174.75	43	1.44
628	36.12	78.7	43	1.24
629	80.02	172.96	43	0.8
630	0.51	143.14	44	0.81
631	104.56	133.34	43	1.4
632	192.25	22.98	43	0.9
633	32.89	123.4	45	0.93
634	134.46	53.8	45	0.86
635	182.8	21.22	43	1.81
636	50.62	196.05	43	0.93
637	39.87	76.76	44	0.87
638	44.13	56.49	44	1.92
Period: 44
Tasks:6
id	x	y	end	c
661	58.36	35.96	45	76.39
662	180.42	168.76	47	105.81
663	44.5	173.63	48	92.2
664	49.84	14.12	47	99.46
665	143.68	102.03	44	43.73
666	62.28	192.12	44	99.54
Drivers: 15
id	x	y	end	sensitivity
639	68.86	173.25	46	0.79
640	33.25	114.33	44	1.88
641	99.5	133.38	46	0.75
642	178.22	170.8	45	1.37
643	38.9	124.01	45	0.87
644	26.33	87.82	44	0.65
645	135.9	62.57	45	1.87
646	20.54	3.18	45	0.92
647	122.97	117.6	44	1.64
648	134.36	142.52	47	1.16
649	169.71	16.59	46	1.9
650	193.85	147.48	44	1.21
651	173.87	102.15	44	1.72
652	70.85	8.56	45	1.52
653	47.13	106.48	45	0.86
Period: 45
Tasks:16
id	x	y	end	c
667	48.03	38.19	45	80.75
668	129.71	142.77	45	52.08
669	97.37	151.96	49	52.03
670	193.86	81.03	46	95.76
671	138.91	72.41	49	47.7
672	102.87	189.97	47	90.02
673	33.34	69.93	46	73.13
674	170.1	10.3	49	113.84
675	171.63	125.6	51	76.07
676	197.92	157.4	45	113.5
677	100.3	181.34	46	81.34
678	87.96	193.57	48	94.34
679	84.51	116.84	48	22.88
680	51.06	79.3	47	53.14
681	50.52	115.81	46	51.94
682	125.62	147.47	47	53.94
Drivers: 22
id	x	y	end	sensitivity
654	138.25	104.47	47	1.6
655	114.9	180.26	45	1.49
656	64.41	51.58	47	1.56
657	134.47	4.32	47	1.76
658	16.35	98.81	45	0.98
659	124.07	139.32	45	0.61
660	167.3	131.7	46	1.5
661	167.34	20.95	46	1.46
662	78.65	88.85	45	1.48
663	74.32	145.64	46	1.66
664	166.55	128.98	48	1.05
665	23.3	69.11	45	1.51
666	197.49	69.2	45	1.47
667	46.45	131.66	46	0.53
668	26.24	69.76	47	1.12
669	166.53	99.23	45	0.75
670	67.25	9.71	46	0.62
671	84.92	159.07	48	1.27
672	16.23	36.93	45	1.85
673	180.43	43.25	46	1.77
674	49.66	26.33	47	0.66
675	63.08	121.43	49	1.86
Period: 46
Tasks:14
id	x	y	end	c
683	64.73	22.81	47	84.87
684	131.79	162.31	46	69.95
685	103.42	184.74	48	84.81
686	84.17	173.51	50	75.2
687	74.48	9.22	48	94.3
688	7.59	186.41	49	126.52
689	139.99	97.96	46	40.04
690	114.67	174.01	47	75.45
691	111.38	188.39	48	89.12
692	140.27	113.42	48	42.45
693	95.59	194.4	49	94.5
694	177.33	163.62	46	100.14
695	101.7	152.77	50	52.8
696	97.97	154.61	51	54.65
Drivers: 17
id	x	y	end	sensitivity
676	173.16	56.82	46	1.81
677	113.75	35.34	49	1.92
678	13.82	65.06	46	1.98
679	122.14	85.74	47	0.6
680	59.45	89.9	46	0.76
681	95.69	47.42	47	1.05
682	129.2	65.74	47	0.89
683	141.76	168.33	48	0.87
684	66.07	89.34	46	1.67
685	30.23	25.68	46	1.95
686	10.69	184.48	47	1.61
687	62.15	147.82	46	1.17
688	116.12	59.79	46	1.19
689	21.96	177.7	46	1.19
690	140.07	128.2	47	0.52
691	97.73	153.8	47	1.11
692	145.57	25.17	47	0.61
Period: 47
Tasks:14
id	x	y	end	c
697	35.55	3.91	50	115.7
698	80.35	77.56	48	29.83
699	59.55	58.28	48	58.11
700	10.8	193.26	49	129.05
701	159.72	39.09	49	85.3
702	199.37	63.78	48	105.77
703	178.74	134.49	49	85.96
704	118	120.6	48	27.36
705	40.7	93.03	48	59.71
706	83.39	22.5	51	79.26
707	80.24	133.28	50	38.7
708	83.99	90.48	49	18.63
709	45.69	105.07	53	54.55
710	51.51	71.57	51	56.21
Drivers: 11
id	x	y	end	sensitivity
693	182.11	62.09	49	1.08
694	194.37	48.76	47	1.98
695	127.67	186.7	48	0.6
696	139.08	54.35	47	1.1
697	119.73	0.94	47	1.67
698	78.67	129.67	48	1.27
699	85.23	17.34	50	1.05
700	193.71	41.07	47	1.11
701	93.42	52.56	47	1.53
702	173.41	81.05	49	1.8
703	153.62	55.47	48	0.93
Period: 48
Tasks:16
id	x	y	end	c
711	114.34	152.95	50	54.86
712	176.23	73.14	49	80.82
713	51.74	26.54	49	87.89
714	137.77	82.22	50	41.75
715	152.66	130.59	48	60.9
716	116.55	134.08	49	37.89
717	19.32	124.12	50	84.21
718	30.46	136.1	50	78.35
719	89.65	197.71	49	98.26
720	58.24	194.36	49	103.19
721	172.65	42.99	51	92.35
722	0.61	44.05	51	114.06
723	112.69	17.91	48	83.07
724	96.7	78.64	48	21.61
725	89.97	166.68	50	67.43
726	157.86	79.77	49	61.29
Drivers: 14
id	x	y	end	sensitivity
704	85.61	80.27	49	0.7
705	137.24	25.25	48	0.89
706	126.46	163.63	49	1.86
707	103.28	183.3	50	0.58
708	156.56	116.49	48	1.91
709	142.63	175.03	48	1.66
710	170.85	177.82	51	1.06
711	51.41	12.84	49	0.64
712	152.37	79.87	48	1.03
713	55.35	56.15	49	1.5
714	150.06	187.43	51	1.8
715	57.9	79.54	49	1.29
716	186.4	108.71	50	1.73
717	68.83	82.72	53	1.15
Period: 49
Tasks:18
id	x	y	end	c
727	101.51	127.9	55	27.94
728	186.23	142.91	52	96.32
729	162.16	124.72	53	66.9
730	48.46	100.34	49	51.54
731	92.11	153.18	55	53.76
732	55.48	155.3	50	70.99
733	95.74	72.52	52	27.81
734	19.67	10.22	54	120.47
735	27.26	121.8	50	75.94
736	141.06	67.01	51	52.67
737	192.42	115.4	50	93.69
738	134.3	38.22	50	70.66
739	109.84	36.84	55	63.92
740	137.29	114.71	55	40.09
741	189.43	9.69	49	127.1
742	183.13	186.65	50	120.08
743	27.21	161.7	50	95.42
744	6.03	161.32	50	112.21
Drivers: 17
id	x	y	end	sensitivity
718	179.16	94.22	50	1.85
719	138.45	41.95	50	0.68
720	153.59	162.02	50	0.92
721	37.54	0.97	49	0.61
722	120.99	190.3	51	1.39
723	113.78	113.43	51	0.79
724	154.23	112.14	51	0.84
725	139.56	131.93	49	0.63
726	7	34.19	51	1.41
727	17.84	172.78	49	1.68
728	80.03	73.85	50	1.26
729	141.11	131.29	49	1.56
730	25.09	165.65	49	0.59
731	95.34	178.24	49	1.51
732	143.9	115.14	49	0.7
733	36.12	177.58	50	1.88
734	89.45	172.35	50	1.58
Period: 50
Tasks:7
id	x	y	end	c
745	101.87	28.46	53	71.56
746	113.73	19.25	52	81.91
747	35.23	117.98	52	67.22
748	189.76	103.35	51	89.82
749	74.91	14.67	53	88.94
750	68.22	26.76	53	79.84
751	182.92	99.83	52	82.92
Drivers: 20
id	x	y	end	sensitivity
735	23.18	177.01	50	1.33
736	167.33	121.91	52	1.66
737	92.28	95.16	50	0.59
738	62.47	139.33	51	0.65
739	96.29	159.94	51	1.55
740	187.36	154.42	50	1.37
741	197.07	189.57	53	1.3
742	29.84	17.56	51	0.88
743	52.36	159.9	52	1.42
744	40.32	14.51	51	1.97
745	2.03	100	52	0.61
746	74	68.58	50	1.06
747	15.77	85.31	51	1.59
748	125.43	121.52	50	1.95
749	111.69	98.92	52	1.75
750	18.85	70.88	51	1.34
751	98.36	34.77	50	1
752	115.65	142.8	51	1.54
753	199.77	137.56	50	1.8
754	87.79	54.86	52	1.64
Period: 51
Tasks:11
id	x	y	end	c
752	122.9	132.5	56	39.76
753	140.26	11.87	51	96.89
754	113.58	16.92	54	84.18
755	97.52	76.5	53	23.63
756	85.28	4.05	54	97.07
757	182.66	38.71	53	102.9
758	18.21	49.62	53	96.06
759	97.56	174.98	56	75.02
760	123.24	186.39	53	89.46
761	113.1	189.56	53	90.51
762	134.46	173.76	53	81.41
Drivers: 14
id	x	y	end	sensitivity
755	33.33	13.72	51	1.34
756	10.65	42.8	52	1.78
757	156.01	88.67	51	1.64
758	128.85	52.75	52	1.5
759	57.67	11.72	51	0.81
760	110.44	77.76	51	1.88
761	0.16	16.79	53	0.54
762	62.92	191.7	51	1.17
763	172.17	199.14	52	1.64
764	148.05	159.63	53	1.5
765	72.04	178.07	51	1.86
766	20.19	60.77	52	1.19
767	11.57	62.19	53	0.92
768	199.43	4.99	51	1.82
Period: 52
Tasks:15
id	x	y	end	c
763	143.75	35.68	52	77.79
764	116.03	126.14	54	30.66
765	131.92	146.45	52	56.36
766	42.89	123.33	54	61.69
767	89.49	124.72	52	26.86
768	186.54	175.33	52	114.73
769	189.44	194.42	54	130.06
770	39.21	19.94	53	100.52
771	67.78	58.24	54	52.74
772	147.07	112.21	58	48.63
773	17.68	59.95	52	91.55
774	138.7	46.97	55	65.65
775	171.89	93.79	53	72.16
776	190.7	134.17	54	96.92
777	33.96	117.37	54	68.29
Drivers: 13
id	x	y	end	sensitivity
769	157.91	34.68	53	0.77
770	112.95	189.25	54	1.57
771	13.01	157.11	54	1.05
772	88.12	117.72	54	1.66
773	111.55	72.84	55	0.68
774	38.09	33.27	52	1.02
775	90.69	179.33	54	1.88
776	112.22	171.86	52	1.77
777	159.23	46.27	53	0.9
778	118.77	121.77	52	1.51
779	119.87	53.28	56	1.78
780	147.84	24.72	53	1.86
781	167.76	189.04	54	1.95
Period: 53
Tasks:12
id	x	y	end	c
778	80.86	4.04	53	97.85
779	176.41	74.94	54	80.41
780	109.47	24.5	55	76.09
781	159.14	34.38	58	88.34
782	36.85	52.58	55	78.97
783	173.45	94.65	56	73.64
784	22.36	137.48	54	86.21
785	25.11	54.65	53	87.55
786	73.7	110.06	54	28.16
787	163.97	80.32	55	66.93
788	153.91	12.24	54	103
789	15.86	3.89	56	127.74
Drivers: 12
id	x	y	end	sensitivity
782	30.4	79.58	55	0.51
783	85.07	184.69	56	1.33
784	174.04	178.43	55	1.36
785	71.51	149.08	54	1.37
786	79.88	111.28	53	1.9
787	61.43	113.35	54	2
788	157.61	90.53	54	0.98
789	95.73	175.28	55	1.9
790	47.54	41.15	53	1.02
791	73.51	84.89	54	1.84
792	154.68	115.18	53	0.69
793	85.12	193.95	53	1.7
Period: 54
Tasks:15
id	x	y	end	c
790	28	159.17	54	93.19
791	122.49	137.65	55	43.86
792	54.21	181.46	57	93.45
793	30.49	111.83	55	70.51
794	3.02	32.97	55	117.89
795	100.91	71.5	55	28.51
796	179.21	28.7	55	106.57
797	153.44	88.89	56	54.58
798	84.49	195.31	57	96.56
799	120.8	105.47	55	21.51
800	159.06	157.82	56	82.65
801	44.51	40.61	55	81.28
802	63.27	37.81	57	72.23
803	90.49	46.39	56	54.45
804	49.85	12.91	56	100.5
Drivers: 12
id	x	y	end	sensitivity
794	167.05	96.71	55	1.79
795	116.26	5.94	57	1.19
796	143.78	146.22	54	1.67
797	12.17	42.87	56	0.8
798	172.28	50.64	54	1.84
799	101.51	199.86	54	0.91
800	189.3	148.26	56	0.96
801	91.28	22.34	55	1.62
802	106.7	141.91	55	1.7
803	42.75	32.19	54	1.97
804	38.58	86.75	56	1.32
805	71.64	130.57	54	1.63
Period: 55
Tasks:16
id	x	y	end	c
805	178.59	156.23	55	96.63
806	133.03	198.77	55	104.15
807	89.08	23.28	56	77.49
808	144.71	107.06	56	45.26
809	118.86	109.22	59	20.99
810	79.83	159.86	55	63.17
811	192.55	175.87	58	119.67
812	115.4	16.94	57	84.48
813	118	17.69	56	84.26
814	168.46	165.13	56	94.49
815	50.53	126.4	56	56.07
816	158.26	192.38	58	109.22
817	190.23	88.65	56	90.94
818	41.83	70.54	58	65.2
819	132.28	108.38	58	33.35
820	123.82	158.35	57	63.02
Drivers: 13
id	x	y	end	sensitivity
806	87.02	111.53	55	1.12
807	60.88	107.79	57	1.26
808	138.36	17.55	57	1.51
809	100.51	112.77	55	0.98
810	173.02	186.45	57	1.54
811	151.93	67.02	56	1.82
812	12.04	49.84	58	1.54
813	127.51	54.7	56	1.24
814	62.36	2.9	56	1.78
815	190.72	129.3	55	1.96
816	58.23	165.44	56	1.67
817	122.74	115.69	57	1.68
818	96.4	73.57	57	1.65
Period: 56
Tasks:22
id	x	y	end	c
821	24.75	2.18	57	123.42
822	124.46	41.98	57	62.97
823	91.95	151.85	58	52.47
824	29.97	19.72	57	106.53
825	184.43	52.49	57	96.88
826	98.48	177.45	57	77.46
827	83.97	176.7	57	78.36
828	159.13	66.92	58	67.75
829	169.33	111.07	58	70.21
830	59.51	22.35	59	87.57
831	199.44	83.06	57	100.87
832	190.64	176.18	59	118.4
833	55.08	85.34	56	47.25
834	190.54	40.54	60	108.32
835	38.07	26.38	59	96.2
836	137.84	198.74	59	105.74
837	199.07	125.32	59	102.25
838	3.38	107.14	57	96.88
839	112.33	192.43	61	93.25
840	100.38	124.95	56	24.95
841	143.55	185.02	58	95.52
842	28.94	4.37	59	119.14
Drivers: 20
id	x	y	end	sensitivity
819	190.67	72.18	57	1.22
820	74.69	120.17	56	1.72
821	114.39	77.56	57	0.67
822	140.56	27.16	57	1.23
823	183.12	82.71	56	0.93
824	185.22	172.79	57	1.08
825	35.08	106.1	56	1.6
826	29.92	17.06	58	1.8
827	152.93	197.59	57	0.71
828	22	1.64	57	1.21
829	148.79	51.78	56	1.77
830	90.27	134.31	57	0.79
831	32.68	18.37	60	0.94
832	8.94	109.13	56	1.91
833	34.72	111.3	56	0.63
834	100.38	18.45	58	1.24
835	104.14	95.55	59	1.17
836	66.99	0.93	56	1.48
837	32.29	125.54	57	1.22
838	182.75	152.82	56	1.9
Period: 57
Tasks:18
id	x	y	end	c
843	100.69	79.97	57	20.04
844	60.38	31.34	59	79.27
845	191.61	34.22	58	112.78
846	189.51	19.71	61	120.24
847	123.33	131.26	58	39.01
848	8.97	108.02	58	91.38
849	3.08	29.24	59	120
850	176.32	144.89	61	88.54
851	6.21	137.19	59	100.89
852	82.2	32.66	59	69.65
853	92.36	157.75	60	58.25
854	28.92	11.1	61	113.82
855	137.9	126.75	58	46.39
856	22.8	112.52	60	78.21
857	190.21	5.8	58	130.43
858	84.51	12.73	57	88.63
859	179.12	42.21	60	97.98
860	13.65	159.83	58	105.05
Drivers: 9
id	x	y	end	sensitivity
839	198.12	71.39	57	1.77
840	18.42	114.98	58	1.43
841	116.24	31.24	58	1.92
842	6.98	196.79	57	0.87
843	70.28	66.19	58	1.98
844	154.12	3.55	58	1.4
845	171.28	69.52	57	1.64
846	96.62	171.6	59	0.57
847	77.08	140.67	57	1.09
Period: 58
Tasks:14
id	x	y	end	c
861	191.95	134.1	59	98.07
862	130.03	189.68	61	94.57
863	35.07	161.05	60	89.12
864	188.41	158.69	60	106.12
865	182.85	189.69	61	122.1
866	84.84	44.75	59	57.29
867	115.26	60.98	60	41.9
868	12.01	2.67	59	131.21
869	110.54	73.12	59	28.87
870	181.71	172.11	62	108.98
871	84.78	41.76	60	60.2
872	164.37	46.37	60	83.78
873	82.8	39.71	62	62.7
874	97.8	130.39	58	30.47
Drivers: 18
id	x	y	end	sensitivity
848	14.51	106.23	59	1.5
849	132.28	1.01	58	1.44
850	8.33	114.18	59	1.78
851	118.61	31.5	58	1.76
852	182.39	176.43	58	1.59
853	124.17	38.43	58	0.56
854	188.45	193.33	59	1.07
855	108.5	130.11	60	1.39
856	85.79	131.06	59	1.26
857	167.77	106.9	59	1.31
858	154.72	10.07	59	0.5
859	130.55	0.48	59	1.33
860	180.53	84.34	60	1.92
861	123.64	37.32	59	0.54
862	140.31	185.17	59	1.56
863	42.96	139.81	59	1.11
864	121.17	15.26	59	1.21
865	181.74	182.09	58	1.88
Period: 59
Tasks:9
id	x	y	end	c
875	105.47	79.01	61	21.69
876	7.93	2.92	63	133.8
877	128.67	55.24	61	53.15
878	191.11	27.61	61	116.37
879	111.59	30.42	63	70.54
880	56.72	88.97	59	44.66
881	150.12	152.06	64	72.27
882	85.9	167.33	59	68.79
883	40.57	33.84	60	88.93
Drivers: 12
id	x	y	end	sensitivity
866	161.96	197.66	61	0.96
867	194.43	199.73	60	1.01
868	184.19	153.86	62	1.03
869	25.06	72.12	59	0.56
870	130.86	117.36	59	0.97
871	54.02	79.04	59	1.95
872	85.22	105.47	61	1.34
873	28.12	133.73	59	1.27
874	157.46	8.01	59	0.91
875	89.65	136.39	61	1.37
876	16.39	40.76	59	0.54
877	88.59	60.57	61	1.25
Period: 60
Tasks:19
id	x	y	end	c
884	128.22	114.02	64	31.51
885	128.57	145.53	62	53.75
886	164.53	113.74	60	65.98
887	186.05	185.3	64	121.16
888	178.08	154.18	64	95.04
889	136.57	168.6	63	77.74
890	10.6	24.61	60	116.94
891	182.62	91.12	62	83.1
892	96.35	74.05	60	26.21
893	8.07	20.42	61	121.59
894	13.66	177.2	61	115.82
895	2.07	122.67	62	100.52
896	39.05	75.52	62	65.68
897	73.1	65.29	61	43.91
898	104.84	127.05	65	27.48
899	179.79	74.32	62	83.82
900	193.96	183.65	61	125.8
901	175.64	66.03	62	82.92
902	104.7	166.95	65	67.11
Drivers: 14
id	x	y	end	sensitivity
878	130.95	32.91	60	1.34
879	106.73	91.73	61	1.07
880	114.82	126.16	62	0.7
881	162.72	190.76	61	0.52
882	29.62	32.33	60	1.88
883	51.86	122.57	63	0.63
884	171.04	152.39	60	1.92
885	193.85	130.95	60	1.02
886	119.09	112.04	62	0.73
887	129.71	191.28	62	0.67
888	91.37	75.85	60	1.85
889	132.78	39.38	60	1.3
890	32.35	197.58	62	1.54
891	13.92	18.05	60	1.08
Period: 61
Tasks:21
id	x	y	end	c
903	87.65	53.86	61	47.76
904	78.29	183.06	61	85.85
905	64.97	192.05	62	98.49
906	95.66	172.42	62	72.55
907	80.84	44.53	63	58.69
908	52.23	11.29	62	100.75
909	75.37	143.67	64	50.14
910	98.58	106.77	62	6.92
911	35.76	117.36	62	66.54
912	56.45	166.77	61	79.72
913	30.94	92.74	66	69.44
914	115.2	66.11	61	37.14
915	93.55	195.82	64	96.04
916	22.79	94.39	63	77.41
917	53.51	84.85	65	48.9
918	2.19	23.91	63	123.92
919	62.41	5.08	64	102.09
920	46.13	4.02	63	110.06
921	121.81	24.25	64	78.83
922	14.2	156.84	62	102.92
923	190.15	173.62	62	116.39
Drivers: 20
id	x	y	end	sensitivity
892	72.11	120.03	62	1.14
893	85.05	127.43	62	1.92
894	10.71	116.46	64	1.03
895	176.38	103.44	62	1.7
896	92.31	38.52	63	0.81
897	170	147.72	64	1.87
898	31.57	190.21	62	1.32
899	79.54	71.64	61	1.76
900	32.18	120.36	62	1.56
901	24.21	9.12	64	1.21
902	178.95	95.42	62	1.39
903	39.37	170.27	62	0.69
904	86.25	106.99	61	0.59
905	33.14	6.4	63	1.53
906	25.66	80.61	63	1.01
907	83.66	2.74	62	1.89
908	108.21	2.45	61	1.99
909	198.37	47.82	62	1.52
910	63.54	91.46	64	1.57
911	13.56	107.18	61	1.29
Period: 62
Tasks:13
id	x	y	end	c
924	4.02	87.47	65	96.79
925	195.42	102.02	62	95.44
926	174.57	93.88	62	74.82
927	198.18	62.91	66	104.95
928	134.04	188.96	69	95.25
929	21.14	183.6	66	114.93
930	24.29	101.5	64	75.72
931	163.08	144.32	65	77.09
932	33.84	32.71	64	94.37
933	53.92	159.78	64	75.48
934	43.95	184.42	63	101.33
935	70.92	11.05	64	93.58
936	92.75	67.2	62	33.59
Drivers: 13
id	x	y	end	sensitivity
912	67.84	15.61	63	0.64
913	87.52	140.02	63	1.97
914	161.66	166.03	63	0.67
915	49.09	15.03	64	0.91
916	120.89	185.22	62	0.67
917	167.36	108.3	63	0.78
918	192.24	152.92	62	0.74
919	191.6	59.34	63	0.78
920	161.38	72.2	63	1.79
921	58.84	36.81	62	1
922	125.26	23.49	64	1.53
923	16.32	137.6	64	1.54
924	121.98	74.92	63	1.94
Period: 63
Tasks:21
id	x	y	end	c
937	163.21	15.24	64	105.73
938	42.15	150.91	63	77.06
939	166.51	55.74	64	79.89
940	144.92	133.45	64	56.01
941	123.96	130.03	64	38.42
942	43.77	107.95	65	56.79
943	118.6	99.15	63	18.62
944	67.77	11.36	66	94.32
945	186.63	115.81	66	88.06
946	139.48	86.97	67	41.57
947	5.43	179.78	64	123.73
948	107.68	161.02	66	61.5
949	105.27	29.91	66	70.29
950	114.38	32.21	64	69.3
951	78.57	119.55	65	29.01
952	73.08	64.04	65	44.92
953	176.68	165.62	64	100.92
954	105.71	46.11	63	54.19
955	40.28	133.96	64	68.7
956	193.37	12.6	64	127.89
957	76.34	86.96	64	27.02
Drivers: 11
id	x	y	end	sensitivity
925	108.22	41.16	65	1.96
926	142.55	175.38	64	1.01
927	73.98	180.69	63	1.98
928	81.16	188.97	63	0.73
929	16.68	178.91	64	0.71
930	141.5	137.38	63	1.1
931	107.71	139.34	68	1.19
932	31.9	117.47	67	0.66
933	137.18	152.32	63	1.38
934	171.22	128.41	64	0.9
935	40.83	180.82	64	1.76
Period: 64
Tasks:10
id	x	y	end	c
958	9.08	105.32	65	91.08
959	177.92	122.02	65	80.97
960	53.88	168.2	65	82.33
961	11.6	120.99	64	90.86
962	34.49	28.74	64	96.8
963	50.98	66.05	66	59.63
964	139.42	53.01	67	61.34
965	43.24	126.69	66	62.72
966	161.47	46.19	66	81.7
967	58.56	84.6	67	44.21
Drivers: 14
id	x	y	end	sensitivity
936	54.49	86.9	65	0.61
937	81.26	143.88	66	1.82
938	16.12	179.85	64	0.5
939	184.09	54.58	67	1.77
940	157.02	79.47	66	1.3
941	107	55.79	64	1.86
942	9.22	126.83	65	1.55
943	147.73	21.48	64	0.64
944	28.74	144.3	64	1.15
945	191.81	73.99	64	1.67
946	33.23	136.57	66	1.82
947	169.45	157.59	65	1.08
948	94.68	155.86	65	1.91
949	128.52	79.96	66	1.78
Period: 65
Tasks:17
id	x	y	end	c
968	196.02	141.1	68	104.45
969	80.37	24.79	67	77.73
970	104.26	146.25	66	46.45
971	196.71	21.59	66	124.5
972	137.3	180.92	67	89.1
973	111.39	133.13	70	35.03
974	199.85	119.67	65	101.77
975	77.89	105.83	67	22.87
976	57.65	130.27	66	52.06
977	187.19	19.12	69	118.93
978	10.98	110.99	66	89.7
979	170.87	70.27	68	76.85
980	187.52	135.27	68	94.36
981	118.17	153.52	68	56.52
982	128.15	69.12	66	41.79
983	174.34	84.85	67	75.87
984	45.68	130.21	68	62.16
Drivers: 15
id	x	y	end	sensitivity
950	14.3	165.64	67	0.53
951	19.55	74.74	66	0.76
952	134.43	108.63	67	0.93
953	31.82	151.74	68	1.74
954	104.69	163.71	66	1.49
955	47.02	48.96	67	1.18
956	134.77	9.38	65	0.59
957	39.95	65.62	67	1.5
958	113.27	71.67	65	1.28
959	6.37	195.21	65	1.37
960	39.64	12.61	66	1.23
961	143.63	54	65	0.98
962	183.71	171.18	66	1.35
963	98.41	131.03	65	0.74
964	154.65	6.11	67	1.33
Period: 66
Tasks:17
id	x	y	end	c
985	33.27	99.21	69	66.73
986	154.63	172.34	69	90.65
987	159.4	159.63	66	84.17
988	9.69	48.68	66	103.87
989	132.23	31.74	68	75.49
990	63.05	197.14	68	103.93
991	69.73	83.51	70	34.47
992	176.89	72.16	70	81.77
993	151.44	84.96	69	53.59
994	5.36	174.69	66	120.56
995	118.22	74.07	68	31.69
996	130.35	131.5	71	43.74
997	19.18	31.94	71	105.66
998	47.14	195.27	67	108.95
999	93.48	196.72	71	96.94
1000	19.7	156.27	69	98.05
1001	102.76	47.2	66	52.87
Drivers: 9
id	x	y	end	sensitivity
965	174.02	193.4	66	1.5
966	184.7	105.26	66	1.7
967	108.96	95.87	67	1.6
968	22.82	180.05	68	0.65
969	14.57	118.9	67	0.91
970	19.2	115.92	69	0.55
971	5.32	162.56	68	0.89
972	117.58	190.4	67	0.71
973	197.91	87.87	66	1.33
Period: 67
Tasks:10
id	x	y	end	c
1002	94.09	56.05	67	44.35
1003	112.7	102.79	69	13
1004	58.91	63.06	71	55.25
1005	97.28	59.13	67	40.96
1006	190.68	184.72	69	124.1
1007	66.97	138.07	69	50.4
1008	79.9	41.03	67	62.3
1009	91.29	151.48	68	52.21
1010	140.25	104.83	69	40.54
1011	132.37	43.01	69	65.54
Drivers: 15
id	x	y	end	sensitivity
974	79.72	170	67	1.69
975	161.93	35.54	67	1.25
976	56.58	119.29	68	1.45
977	151.49	4.67	67	0.63
978	132.37	172.06	68	1.53
979	98.33	51.04	68	1.5
980	109.45	15.81	67	1.12
981	36.11	54.69	68	1.6
982	163.68	7.52	67	1.95
983	61.7	67.8	69	1.36
984	111.85	5.73	70	1.46
985	79.32	69.17	70	0.52
986	149.38	101.17	70	1.31
987	186.64	91.93	67	0.95
988	43.09	57.22	68	1.61
Period: 68
Tasks:11
id	x	y	end	c
1012	25.74	138.95	70	83.85
1013	0.93	57.29	72	107.88
1014	4.72	76.73	69	98.08
1015	71.2	91.34	70	30.07
1016	54.95	44.64	71	71.37
1017	184.32	100.5	71	84.32
1018	19.04	75.29	71	84.65
1019	18.33	190.96	68	122.24
1020	10.83	46.66	68	103.91
1021	27.63	66.24	71	79.86
1022	113.35	173.53	69	74.73
Drivers: 13
id	x	y	end	sensitivity
989	31.89	19.9	68	1.2
990	48.83	155.12	70	1.54
991	36.07	113.8	68	1.42
992	12.36	136.79	69	2
993	1.57	17.47	69	1.9
994	12.56	102.72	70	1.01
995	30.5	187.18	69	1.18
996	72.54	45.62	70	1
997	48.3	16.67	69	1.41
998	66.13	54.59	70	1.78
999	157.18	154.68	70	1.29
1000	168.76	49.05	68	1.34
1001	158.29	104.36	70	1.95
Period: 69
Tasks:16
id	x	y	end	c
1023	38.11	27.36	69	95.43
1024	188.92	163.76	70	109.42
1025	67.88	192.98	72	98.37
1026	132.79	93.36	69	33.46
1027	3.18	156.37	70	112.03
1028	159.16	126.78	71	64.94
1029	37.55	45.31	69	83.01
1030	16.04	126.63	69	88.08
1031	178.32	169.14	71	104.47
1032	6.65	28.53	71	117.57
1033	21.73	132.79	70	84.86
1034	126.44	164.33	74	69.55
1035	149.85	26.61	70	88.72
1036	127.4	54.15	70	53.41
1037	172.58	73.53	71	77.26
1038	13.08	71.75	71	91.4
Drivers: 19
id	x	y	end	sensitivity
1002	22.34	51.26	72	1.93
1003	92.4	39.39	70	1.26
1004	188.49	64.2	70	1.63
1005	177.93	161.55	69	0.85
1006	153.79	131.02	69	1.81
1007	27.48	153.23	72	1.07
1008	139.87	18.08	72	0.87
1009	165.15	63.04	70	0.62
1010	146.51	114.13	69	1.62
1011	89.59	179.61	71	0.99
1012	199.04	120.3	69	1.43
1013	188.13	138.48	70	1.38
1014	19.71	38.52	70	1.1
1015	162.01	105.9	69	1.41
1016	92.84	13.5	71	1.84
1017	110.75	2.86	70	1.21
1018	96.75	147.4	70	1.47
1019	175.17	35.23	69	1.1
1020	32.88	109.4	70	1.33
Period: 70
Tasks:20
id	x	y	end	c
1039	3.45	21.94	71	124.16
1040	89.43	174.43	72	75.18
1041	182.28	135.76	70	89.71
1042	143.21	196.92	70	106.12
1043	8.73	55.71	72	101.45
1044	136.78	59.58	73	54.65
1045	67.55	78.9	74	38.71
1046	28.58	162.46	71	94.88
1047	190.37	181.36	72	121.6
1048	178.65	30.28	70	105.1
1049	155.08	198.7	70	113.03
1050	31.04	157.2	71	89.6
1051	87.12	96.89	70	13.25
1052	180.09	14.29	72	117.31
1053	93.14	9.67	72	90.59
1054	157.07	111.94	72	58.31
1055	140.64	191.35	71	99.98
1056	96.48	126.4	74	26.63
1057	183.38	150.16	73	97.3
1058	176.34	150.85	70	91.73
Drivers: 11
id	x	y	end	sensitivity
1021	36.02	28.39	71	0.69
1022	47.46	21.91	71	1.27
1023	122.33	56.15	72	1.63
1024	115.36	6.84	71	0.56
1025	11.35	26.24	70	1.45
1026	26.28	94.4	72	1.41
1027	185.49	63.08	71	1.57
1028	124.6	31.6	70	1.81
1029	14.63	189.2	70	1.38
1030	48.23	158.44	70	0.96
1031	166.65	62.44	74	0.61
Period: 71
Tasks:13
id	x	y	end	c
1059	24.7	50.77	73	89.96
1060	24.4	186.97	76	115.24
1061	48.56	38.45	75	80.22
1062	73.04	153.36	74	59.78
1063	26.08	175.4	72	105.59
1064	30.65	4.52	73	118.01
1065	20.19	37.26	71	101.52
1066	106.35	90.09	72	11.77
1067	44.89	165.98	72	85.97
1068	7.97	161.67	77	110.78
1069	55.54	159.36	73	74.16
1070	77.04	153.71	73	58.41
1071	38.19	130.93	72	69.12
Drivers: 14
id	x	y	end	sensitivity
1032	15.11	15.79	72	0.53
1033	144.67	101.01	71	1.46
1034	57.93	151.52	76	1.69
1035	149.35	141.47	74	1.84
1036	1.16	139.21	73	0.59
1037	84.92	160.43	72	0.65
1038	71.19	55.04	72	1.93
1039	76.36	48.43	72	0.79
1040	164.94	170.02	71	0.64
1041	156.11	105	73	1.53
1042	28.32	83.7	72	1.54
1043	115.29	101.58	71	1.27
1044	158.21	182.02	74	1.55
1045	68.81	94.6	71	0.9
Period: 72
Tasks:14
id	x	y	end	c
1072	178.78	114.02	72	80.02
1073	33.97	68.38	75	73.21
1074	186.38	193.17	74	127.05
1075	36.55	196.91	73	115.83
1076	188.89	51.23	74	101.39
1077	50.87	15.23	75	97.98
1078	16.79	19.86	72	115.53
1079	46.07	13.66	74	101.8
1080	147.68	137.6	74	60.72
1081	43.53	82.52	73	59.11
1082	103.94	105.93	73	7.12
1083	56.95	140.21	73	58.91
1084	132.1	142.3	72	53.1
1085	12.93	50.38	76	100.22
Drivers: 20
id	x	y	end	sensitivity
1046	83.78	63.7	72	0.82
1047	190.56	182.58	72	1.89
1048	8.74	99.37	73	0.93
1049	165.79	142	75	0.79
1050	99.51	130.5	72	0.94
1051	172.44	89.9	76	1.45
1052	35.96	4.94	74	0.61
1053	57.13	64.97	72	1.34
1054	156.4	132.58	72	1.29
1055	191.18	139.33	72	1.57
1056	148.1	53.15	76	1.12
1057	157.75	133.4	72	0.71
1058	72.22	91.59	72	1.54
1059	40.21	155.01	72	1.67
1060	192.93	126	74	1.86
1061	140.38	16.61	75	1.84
1062	124.92	125.67	73	1.4
1063	168.07	148.46	72	1.95
1064	174.8	117.12	73	0.51
1065	120.12	197.02	72	1.68
Period: 73
Tasks:12
id	x	y	end	c
1086	156.46	38.05	74	83.82
1087	108.29	128.51	74	29.69
1088	142.62	20.1	74	90.56
1089	199.32	145.83	76	109.38
1090	115.8	117.35	74	23.47
1091	189.16	91.68	76	89.55
1092	25.83	165.06	76	98.66
1093	189.64	99.62	74	89.64
1094	78.78	22.35	73	80.5
1095	109.79	171.42	76	72.09
1096	77.09	135.61	75	42.34
1097	37.25	49.86	75	80.32
Drivers: 15
id	x	y	end	sensitivity
1066	102.05	194.45	73	1.72
1067	39.19	175	73	1.55
1068	134.63	88.92	74	1.04
1069	120.27	176.47	74	1.67
1070	40.8	105.62	73	0.72
1071	39.3	194.86	73	0.91
1072	80.33	4.54	74	1.05
1073	82.03	0.15	74	1.22
1074	131.65	59.57	74	0.95
1075	119.03	54.6	74	1.9
1076	148.33	194.03	74	1.84
1077	156.76	118.64	75	1.77
1078	16.99	152.91	74	1.68
1079	76.57	67.16	74	1.13
1080	129.15	84.58	74	0.82
Period: 74
Tasks:16
id	x	y	end	c
1098	65.34	47.26	78	63.11
1099	96.22	56.11	75	44.05
1100	132.45	117.8	76	37.01
1101	35.13	29.98	74	95.45
1102	31.96	36.94	76	92.77
1103	115.27	65.06	78	38.13
1104	12.83	71.35	77	91.76
1105	192	22.4	76	120.36
1106	3.07	139.77	76	104.77
1107	14.47	61.36	75	93.85
1108	32.94	7.13	75	114.55
1109	10.8	13.86	77	124
1110	61.14	171.36	75	81.25
1111	32.35	38.81	75	91.22
1112	125.17	117.44	78	30.62
1113	12.84	191.6	76	126.44
Drivers: 15
id	x	y	end	sensitivity
1081	143.85	71.42	76	1
1082	144.31	1.7	76	0.87
1083	120	6.37	77	1.66
1084	15.48	123.57	77	1.49
1085	6.22	77.96	74	1.75
1086	131.35	25.84	74	1.22
1087	29.19	131.06	74	0.86
1088	122.43	105.96	74	0.68
1089	97.99	82.5	74	1.39
1090	132.63	51.11	75	0.7
1091	27.45	174.12	74	0.85
1092	13.08	196.86	75	1.91
1093	109.55	196.84	74	1.72
1094	159.5	76.12	76	1.34
1095	16.99	60.98	74	1.25
Period: 75
Tasks:18
id	x	y	end	c
1114	106.93	158.29	80	58.7
1115	159.35	54.1	76	75.03
1116	48.21	177.61	78	93.3
1117	40.14	43.32	77	82.44
1118	195.37	140.29	76	103.53
1119	69.87	16.43	77	88.84
1120	195.26	78.92	77	97.56
1121	84.14	21.84	75	79.75
1122	137.63	60.42	76	54.61
1123	144.93	142.18	77	61.63
1124	158.4	147.39	77	75.21
1125	173.09	36.43	78	96.87
1126	180.74	69.68	76	86.25
1127	40.56	84.36	76	61.46
1128	109.08	171.59	77	72.16
1129	90.41	123.23	79	25.13
1130	104.47	73.86	78	26.52
1131	3.13	56.97	79	106
Drivers: 16
id	x	y	end	sensitivity
1096	174.04	139.73	75	1.35
1097	110.91	133.75	75	0.96
1098	183.99	77.79	75	0.72
1099	1.48	97.48	76	0.74
1100	22.49	113.56	76	0.72
1101	46.59	165.72	77	1.89
1102	176.1	32.65	76	1.6
1103	132.76	184.03	76	0.52
1104	41.38	114.41	77	0.72
1105	89.26	54.82	75	1.97
1106	26.3	114.1	75	1.57
1107	184.62	72.07	76	0.58
1108	1.69	34.86	75	0.85
1109	7.47	129.02	77	1.52
1110	103.02	88.07	78	1.85
1111	64.95	37.7	75	1.28
Period: 76
Tasks:16
id	x	y	end	c
1132	27.61	47.19	79	89.61
1133	153.95	18.99	79	97.33
1134	135.2	67.15	76	48.15
1135	152.18	195.53	76	108.85
1136	48	48.46	76	73.21
1137	80.61	67.1	77	38.19
1138	52.84	133.15	79	57.65
1139	173.65	96.55	77	73.73
1140	9.62	51.43	79	102.6
1141	139.98	117.38	80	43.59
1142	170.19	28.85	79	99.94
1143	56.56	33.59	77	79.36
1144	125.23	128.47	78	38.04
1145	190.08	3.27	78	132.18
1146	3.04	63.79	78	103.5
1147	151.38	117.22	79	54.19
Drivers: 21
id	x	y	end	sensitivity
1112	178.88	128.15	76	1.52
1113	76.83	165.42	77	1.53
1114	92.1	100.11	76	1
1115	154.91	12.29	76	1.1
1116	178.93	91	77	1.39
1117	9.72	9.11	76	1.4
1118	187.79	25.94	76	1.42
1119	69.18	170.46	76	0.87
1120	107.5	20.93	77	1.75
1121	163.31	169.55	78	1.31
1122	131.02	56.55	77	0.96
1123	95.63	15.58	77	0.53
1124	163.71	139.34	76	1.52
1125	38.66	36.85	79	0.78
1126	155.61	120.76	76	1.21
1127	121.5	3.9	79	1.27
1128	165.98	54.68	77	1.14
1129	187.54	115.34	78	1.83
1130	194.83	87.2	76	1.8
1131	119.2	79.92	78	1.64
1132	71.39	0.31	77	1.68
Period: 77
Tasks:16
id	x	y	end	c
1148	107.95	44.33	83	56.23
1149	31.55	15.41	78	108.82
1150	17.65	196.04	78	126.51
1151	107.09	147.1	79	47.63
1152	171.27	14.3	80	111.46
1153	118.9	49.63	81	53.8
1154	2.5	20.9	79	125.55
1155	199.34	145.66	78	109.33
1156	76.73	80.56	79	30.32
1157	89.29	9.86	77	90.77
1158	153.22	0.38	78	112.94
1159	101.05	161.91	80	61.92
1160	171.78	27.31	80	102.16
1161	115.05	35.79	78	65.95
1162	103.71	111.83	79	12.4
1163	72.56	0.25	80	103.46
Drivers: 16
id	x	y	end	sensitivity
1133	86.65	80.42	78	1.07
1134	176.47	65.34	79	0.52
1135	171.44	135.28	80	1.94
1136	153.17	24.8	79	1.87
1137	111.74	88.81	77	0.91
1138	94.62	8.51	77	1.68
1139	167.04	126.71	78	0.87
1140	112.81	35.36	77	1.58
1141	66.98	82.83	77	1.57
1142	177.89	53.82	78	0.7
1143	89.86	25.63	78	1.61
1144	111	111.7	77	1.86
1145	47.25	198.35	81	1.68
1146	99.55	196.56	80	1.86
1147	154.33	101.09	78	0.67
1148	117.55	53.08	77	1.99
Period: 78
Tasks:16
id	x	y	end	c
1164	106.19	4.93	79	95.27
1165	153.65	0.75	81	112.82
1166	93.1	39.13	78	61.26
1167	35.48	147.95	81	80.39
1168	130.22	48.39	81	59.81
1169	97.19	193.9	79	93.94
1170	109.82	187.16	79	87.71
1171	27.93	191.78	81	116.69
1172	148.09	88.94	78	49.35
1173	98.55	175.51	79	75.52
1174	184.34	37.13	78	105.19
1175	143.88	195.46	80	105.06
1176	79.65	109.52	79	22.47
1177	35.78	48.98	79	82.02
1178	8.87	155.58	83	106.74
1179	68.84	145.63	81	55.25
Drivers: 14
id	x	y	end	sensitivity
1149	128.09	102.5	78	1.76
1150	6.92	106.38	79	1.99
1151	57.48	97.08	78	0.88
1152	192.63	146.15	79	1.72
1153	2.6	181.81	79	1.73
1154	123.33	47.51	80	1.62
1155	9.72	94.76	80	1.46
1156	198.73	113.05	79	1.06
1157	90.5	65.67	78	1.42
1158	161.39	54.1	79	1.81
1159	131.09	1.92	79	1.73
1160	6.13	99.01	80	0.9
1161	6.87	167.06	78	1.83
1162	97.1	54.72	78	0.6
Period: 79
Tasks:12
id	x	y	end	c
1180	190.38	88.71	80	91.08
1181	126.83	55.61	83	51.87
1182	165.11	197.27	83	117.05
1183	128.7	51.27	81	56.55
1184	153	14.35	81	100.72
1185	171.26	138.7	81	81.09
1186	18.82	148.26	80	94.44
1187	159.8	165.61	82	88.77
1188	187.22	114.74	80	88.46
1189	112.76	158.21	83	59.59
1190	18.65	162.63	80	102.67
1191	89.38	71.83	85	30.11
Drivers: 18
id	x	y	end	sensitivity
1163	176.21	32.4	80	1.17
1164	91.41	24.75	79	1.62
1165	59.8	159.57	81	1.77
1166	195.59	160.81	80	0.92
1167	178.02	172.95	79	0.97
1168	194.24	25.81	79	1.73
1169	184.34	151.82	79	1.74
1170	83.12	88.38	80	1.39
1171	14.85	124.48	79	1.7
1172	128.67	32.14	79	1.88
1173	136.01	43.6	80	0.98
1174	6.26	196.39	80	1.37
1175	77.39	140.58	80	0.96
1176	160.37	110.91	80	1.29
1177	74.73	147.07	79	0.87
1178	131.16	21.75	79	1.27
1179	74.18	198.23	81	0.68
1180	160.91	36.69	80	1.02
Period: 80
Tasks:13
id	x	y	end	c
1192	113.64	85.2	81	20.13
1193	116.46	103.86	83	16.91
1194	198.01	125.76	82	101.34
1195	10.4	198.83	80	133.4
1196	148.77	157.22	83	75.18
1197	174.96	150.86	81	90.59
1198	198.15	171.63	80	121.51
1199	181.27	67.03	82	87.7
1200	47.04	160.14	85	80.13
1201	143.72	83.72	82	46.65
1202	192.71	84.76	83	93.95
1203	172.57	147.44	80	86.7
1204	174.62	169.26	82	101.81
Drivers: 20
id	x	y	end	sensitivity
1181	117.04	72.52	81	1.95
1182	118.21	84.2	82	1.65
1183	198.74	65.11	81	1.08
1184	99.13	50.72	80	1.9
1185	88.91	9.57	80	1.31
1186	118.03	197.36	81	1.85
1187	154.09	176.05	80	1.98
1188	115.28	71.46	80	1.64
1189	67.9	80.69	81	1.73
1190	127.41	125.32	80	1.08
1191	73.12	56.02	80	0.88
1192	153.16	149.2	82	1.7
1193	186.25	85.83	81	1.78
1194	186.46	169.02	80	1.97
1195	95.31	7.01	82	1.27
1196	141.62	23.72	80	1.37
1197	51.96	136.12	81	0.64
1198	176.48	23.34	82	0.6
1199	188.32	35.82	82	1.95
1200	181.97	160.74	81	1.95
Period: 81
Tasks:14
id	x	y	end	c
1205	53.17	111.93	85	48.33
1206	186.85	135.31	82	93.75
1207	99.28	52.56	81	47.45
1208	170.29	55.74	83	83.06
1209	10.48	87.35	82	90.41
1210	110.56	24.47	81	76.26
1211	187.05	120.53	81	89.44
1212	138.17	61.69	83	54.08
1213	10	110.04	84	90.56
1214	155.03	6.22	82	108.73
1215	134.4	97.6	81	34.48
1216	78.1	121.54	82	30.72
1217	76.52	29.81	81	74.01
1218	29.3	73.21	83	75.61
Drivers: 16
id	x	y	end	sensitivity
1201	191.41	77.96	82	1.3
1202	168.06	78.7	81	0.56
1203	91.3	159.25	82	1.04
1204	195.34	103.11	82	1.5
1205	111.21	38.7	82	1.27
1206	171	25.52	82	1.6
1207	180.03	12.16	83	1.88
1208	160.23	7.32	82	0.83
1209	193.8	63.21	82	1.05
1210	0.86	29.54	82	0.7
1211	118.84	197.85	81	1.07
1212	25.74	60.25	81	0.97
1213	152.47	163.03	83	1.16
1214	120.61	72.42	84	0.78
1215	44.28	68.81	82	1.39
1216	138.18	65.29	81	1.26
Period: 82
Tasks:6
id	x	y	end	c
1219	16.4	118.53	83	85.63
1220	159.94	92.22	83	60.44
1221	167	52.36	84	82.21
1222	7.27	63.43	83	99.68
1223	98.05	34.65	86	65.38
1224	170.99	167.82	85	98.18
Drivers: 17
id	x	y	end	sensitivity
1217	78.91	165.89	83	1.34
1218	160.34	76.08	82	1.05
1219	116.69	156.29	82	0.75
1220	126.97	32.87	85	1
1221	112.66	171.77	83	1.6
1222	177.07	121.71	83	1.75
1223	3.23	157.88	84	0.81
1224	90.06	99.04	83	1.3
1225	83.04	59.28	83	1
1226	89.27	62.22	82	1.57
1227	166.27	176.89	82	0.52
1228	33.33	93.78	87	1.35
1229	111.34	192.37	83	1.96
1230	74.87	72.63	83	0.76
1231	141.57	21.72	83	1.83
1232	38.66	24.91	83	1.35
1233	23.42	31.34	82	1.11
Period: 83
Tasks:16
id	x	y	end	c
1225	132.14	100.69	84	32.15
1226	14.29	80.48	83	87.9
1227	181.32	32.9	85	105.43
1228	40.49	61.5	85	70.88
1229	2.11	118.08	86	99.55
1230	24.07	31.77	84	102.08
1231	151.73	121.84	85	56.15
1232	108.19	170.93	84	71.4
1233	34.17	165.27	85	92.7
1234	84.32	156.56	83	58.69
1235	54.71	60.08	86	60.37
1236	48.71	87.58	84	52.77
1237	55.3	61.76	85	58.83
1238	190.95	117.4	87	92.6
1239	145.52	68.22	84	55.52
1240	136.55	180.2	83	88.14
Drivers: 16
id	x	y	end	sensitivity
1234	93.26	139.6	85	1.73
1235	184.84	153.84	84	1.67
1236	14.54	28.39	85	1.61
1237	71	26.9	85	0.97
1238	45.22	178.97	84	0.5
1239	58.57	116.21	83	1.14
1240	46.71	5.22	84	0.87
1241	99.95	12.53	85	1.64
1242	103.14	156.68	85	1.79
1243	43.68	44.26	83	0.86
1244	75.27	146.9	83	0.6
1245	161.95	102.07	84	1.32
1246	154.78	149.61	83	1.86
1247	13.17	164.7	86	1.14
1248	177.62	94.76	83	1.56
1249	27.36	8.39	83	1.79
Period: 84
Tasks:17
id	x	y	end	c
1241	188.45	142.89	84	98.3
1242	177.36	148.19	86	91.14
1243	49.17	2.8	84	109.69
1244	47.64	132.7	86	61.73
1245	17.23	117.17	87	84.53
1246	82.11	62.03	85	41.97
1247	48.37	153.27	87	74.18
1248	38.12	42.2	86	84.68
1249	138	81.34	86	42.33
1250	179.33	171.97	84	107.11
1251	142.12	188.01	86	97.57
1252	179.35	113.69	90	80.52
1253	168.35	48.43	87	85.62
1254	14.81	195.1	86	127.68
1255	41.5	169.93	88	91.17
1256	111.9	94.05	85	13.3
1257	123.28	51.99	84	53.36
Drivers: 17
id	x	y	end	sensitivity
1250	131.93	32.8	84	0.61
1251	93.44	52.37	86	0.54
1252	23.76	153.29	84	1.26
1253	83.6	21.85	85	0.82
1254	140.57	152.44	85	0.97
1255	196.33	160.97	86	1.56
1256	20.69	76.64	85	1.15
1257	172.31	87.93	85	0.75
1258	174.64	83.9	84	1.62
1259	171.09	53.34	85	0.87
1260	117.58	18.36	86	0.93
1261	47.62	32.29	84	1.48
1262	118.91	62.13	84	1.75
1263	174.45	155.46	85	1.11
1264	32.81	117.89	87	0.6
1265	171.14	122.85	85	0.84
1266	156.45	80.21	85	1
Period: 85
Tasks:13
id	x	y	end	c
1258	196.89	49.75	87	109.15
1259	27.61	187.2	85	113.33
1260	181.02	189.97	88	121.07
1261	176.88	68.95	86	82.91
1262	10.88	169.5	87	113.02
1263	35.57	133.58	87	72.66
1264	5.62	118.01	85	96.08
1265	39.51	48.79	89	79.26
1266	94.2	82.55	90	18.39
1267	84.61	155.82	88	57.9
1268	198.07	2.9	87	138.01
1269	53.49	88.94	87	47.81
1270	133.15	103.61	87	33.35
Drivers: 15
id	x	y	end	sensitivity
1267	166.14	116.01	86	1.72
1268	190.77	80.64	86	1.82
1269	195.28	129.46	87	0.65
1270	60.33	60.66	86	0.69
1271	101.54	28.55	86	1.14
1272	91.1	192.74	86	0.93
1273	199.53	94.57	88	0.81
1274	171.07	149.49	90	0.9
1275	44.6	189.29	85	1.23
1276	30.75	157.59	86	0.69
1277	172.52	92.79	85	1.81
1278	154.99	14.27	87	1.16
1279	156.04	46.5	86	1.72
1280	194.51	171.29	86	1.28
1281	141.21	169.71	86	1.9
Period: 86
Tasks:15
id	x	y	end	c
1271	119.82	62.54	87	42.38
1272	103.58	1.66	89	98.41
1273	172.27	60.83	87	82.2
1274	23.13	98.47	86	76.89
1275	195.87	5.08	88	134.91
1276	93.46	110.86	88	12.68
1277	148.69	14.3	87	98.57
1278	57.36	109.37	86	43.66
1279	55.48	75.56	88	50.79
1280	28.77	95.68	88	71.36
1281	174.69	60.08	87	84.69
1282	3.14	79.03	88	99.1
1283	130.74	178.85	87	84.63
1284	103.92	28.94	89	71.17
1285	180.53	111.86	86	81.4
Drivers: 12
id	x	y	end	sensitivity
1282	151.59	46.56	86	1.63
1283	90.43	50.17	88	0.56
1284	70.12	12.53	87	1.89
1285	74.48	13.32	88	0.8
1286	76.01	48	87	1.02
1287	104.9	129.46	87	1.86
1288	69.04	136.1	88	1.18
1289	57.18	46.85	87	1.07
1290	142.93	93.4	86	1
1291	143.79	158.38	86	1.08
1292	96.11	197.47	86	0.71
1293	94.02	113.82	86	1.73
Period: 87
Tasks:17
id	x	y	end	c
1286	75.19	61.92	91	45.45
1287	97.91	179.98	87	80.01
1288	118.91	17.22	92	84.91
1289	171.54	192.68	92	117.08
1290	179.95	7.22	90	122.48
1291	119.85	89.28	88	22.56
1292	72.07	71.88	90	39.63
1293	32.14	160.13	89	90.67
1294	100.93	55.54	90	44.47
1295	32.53	24.65	91	101.14
1296	179.85	122.21	88	82.88
1297	116.58	120.24	87	26.16
1298	17.41	173.08	88	110.28
1299	96.3	92.37	88	8.48
1300	99.69	16.3	91	83.7
1301	137.06	42.6	90	68.32
1302	153.64	28.33	87	89.52
Drivers: 11
id	x	y	end	sensitivity
1294	188.16	37.43	87	0.8
1295	103.96	91.46	88	0.85
1296	101.03	13.69	89	0.64
1297	8.55	148.83	89	1.98
1298	103.73	15.65	87	1.26
1299	111.77	100.08	87	0.95
1300	168.67	18.9	89	0.93
1301	178.83	151.17	88	2
1302	6.22	92.99	87	1.85
1303	34.96	51.35	87	1.7
1304	150.72	143.01	88	1.47
Period: 88
Tasks:17
id	x	y	end	c
1303	110.26	133.48	90	35.02
1304	141.38	60.13	90	57.46
1305	62.81	80.22	88	42.12
1306	163.58	125.36	89	68.45
1307	68.68	152.9	90	61.48
1308	7.14	16.56	90	124.84
1309	97.48	72.84	91	27.28
1310	171.9	173.88	89	103.09
1311	180.52	11.67	91	119.52
1312	73.71	159.23	90	64.8
1313	180.6	54.28	90	92.66
1314	136.37	97.09	88	36.49
1315	97.53	147.42	90	47.48
1316	164.99	98.5	89	65.01
1317	109.45	59.66	90	41.43
1318	15.35	158.5	91	102.9
1319	188.47	81.59	90	90.37
Drivers: 19
id	x	y	end	sensitivity
1305	53.04	56.07	89	1.77
1306	37.12	165.14	88	1.05
1307	103.28	27.87	89	1.84
1308	8.97	148.26	93	1.12
1309	134.51	153.82	90	1.81
1310	173.04	57.44	89	1.17
1311	45.38	157.72	89	1.09
1312	6.61	133.17	89	1.87
1313	159.47	143.28	88	1.01
1314	159.48	145.98	90	0.77
1315	121.66	134.53	88	0.82
1316	88.9	79.17	89	1.14
1317	60.04	65.36	88	0.65
1318	131.97	21.8	88	1.63
1319	176.51	98.17	89	1.88
1320	85.88	168.28	93	1.24
1321	116.8	39.54	89	1.93
1322	18.98	91.73	88	0.98
1323	100.77	18.79	88	1.91
Period: 89
Tasks:13
id	x	y	end	c
1320	90.15	117.97	91	20.49
1321	124.53	153.53	91	58.88
1322	122.59	82.4	91	28.64
1323	101.74	192.16	90	92.18
1324	76.84	193.3	91	96.13
1325	143.2	43.02	93	71.5
1326	99.26	88.11	93	11.91
1327	145.21	70.15	91	54.18
1328	155.99	20.54	89	97.2
1329	182.67	83.18	91	84.36
1330	33.24	179.32	91	103.68
1331	86.22	15.75	91	85.37
1332	30.08	180.01	90	106.26
Drivers: 22
id	x	y	end	sensitivity
1324	90.14	133.44	89	1.76
1325	188	101.28	91	1.49
1326	15.83	19.14	91	1.54
1327	68.39	191.35	90	0.79
1328	82.67	181.67	90	1.69
1329	134.84	76.69	90	1.76
1330	1.15	122.59	90	1.15
1331	26.98	129.27	89	0.76
1332	139.24	36.76	90	1.62
1333	111.17	125.25	90	1.3
1334	76.58	35.14	90	1.13
1335	125.12	187.05	91	0.56
1336	198.57	178.86	90	1.9
1337	189.06	114.59	90	1.21
1338	14.16	109.34	89	1.96
1339	133.66	47	89	1.04
1340	167.38	186.51	90	0.67
1341	167.24	93.76	89	1.98
1342	46.37	9.17	89	0.72
1343	182.8	20.64	91	1.37
1344	39.18	156.84	90	1.38
1345	17.55	137.84	90	0.59
Period: 90
Tasks:12
id	x	y	end	c
1333	161.74	172.14	91	94.95
1334	180.79	143.95	91	91.97
1335	107.25	96.09	90	8.24
1336	124.08	82.12	90	29.99
1337	32.2	143.76	91	80.7
1338	100.71	195.46	92	95.46
1339	114.33	46.21	90	55.67
1340	90.31	159.6	92	60.38
1341	53.14	106.11	91	47.26
1342	194.78	157.7	94	110.96
1343	69.65	17.19	93	88.2
1344	159.85	40.75	91	84.22
Drivers: 14
id	x	y	end	sensitivity
1346	85.38	138.23	93	0.58
1347	119.91	128.64	90	1.01
1348	186.3	7.4	90	0.6
1349	144.83	79.56	90	1.3
1350	167.27	85.99	90	1.4
1351	129.72	174.63	91	1.22
1352	110.87	2.29	90	1.05
1353	164.63	36.34	92	0.64
1354	173.23	64.05	91	1.98
1355	127.07	80.04	91	1.98
1356	174.28	113.21	92	0.83
1357	120.19	142.43	91	0.65
1358	197.9	137.78	92	1.95
1359	47.43	32.71	92	1.23
Period: 91
Tasks:13
id	x	y	end	c
1345	87.96	169.16	93	70.2
1346	156.47	174.71	93	93.65
1347	129.11	187.4	96	92.12
1348	198.66	30.94	96	120.43
1349	122.4	25.24	92	78.04
1350	184.52	65.15	93	91.42
1351	91.8	103.58	93	8.95
1352	51.75	157.6	92	75.14
1353	159.83	54.23	94	75.33
1354	176.23	68.42	94	82.51
1355	160.57	87.98	92	61.75
1356	148.61	191.85	96	103.92
1357	25.82	22.9	93	106.99
Drivers: 18
id	x	y	end	sensitivity
1360	146.17	89.9	91	1
1361	121.11	160.54	92	1.47
1362	95.81	128	94	1.11
1363	177.03	60.95	92	0.59
1364	135.93	77.44	92	1.68
1365	35.05	180.23	92	1.48
1366	171.18	44.26	92	1.19
1367	94.65	145.5	93	1.78
1368	167.19	111.8	91	0.78
1369	183.24	96.1	91	1.73
1370	190.05	20.2	93	1.03
1371	188.29	122.7	92	1.91
1372	164.11	149.32	91	1.1
1373	153.63	153.84	93	1.31
1374	7.35	21.72	94	0.79
1375	102.31	18.15	91	0.94
1376	15.94	77.06	92	1.8
1377	130.16	161.77	94	1.91
Period: 92
Tasks:15
id	x	y	end	c
1358	64.25	192.22	95	98.91
1359	116.41	179.04	94	80.73
1360	142.74	25.72	97	85.7
1361	90.95	7.92	93	92.52
1362	113.41	83.43	95	21.32
1363	29.75	189.21	92	113.55
1364	129.25	185.61	95	90.47
1365	172.78	186.26	93	112.86
1366	22.92	113.8	95	78.31
1367	2.69	168.66	92	119.09
1368	49.8	138.36	94	63.18
1369	94.07	87.66	94	13.69
1370	2.04	137.39	95	104.85
1371	177.73	84.89	95	79.19
1372	152.69	144.69	93	69.09
Drivers: 11
id	x	y	end	sensitivity
1378	98.85	12.92	93	0.9
1379	1.13	59.81	93	0.52
1380	10.98	167.12	93	1.76
1381	97.26	132.95	95	0.89
1382	36.07	8.92	94	1.23
1383	29.12	19.24	92	0.63
1384	143.3	6.7	92	1.82
1385	155.44	11.55	93	0.81
1386	141.54	145.61	92	1.26
1387	107.83	61.5	94	1.59
1388	127.29	51.61	92	1.68
Period: 93
Tasks:20
id	x	y	end	c
1373	99.46	193.2	96	93.2
1374	121.63	164.04	94	67.59
1375	39.68	139.33	94	72.01
1376	48.88	142.6	96	66.54
1377	66.43	102.11	94	33.64
1378	37.96	97.62	99	62.09
1379	57.6	17.45	94	92.8
1380	103.29	92.9	94	7.83
1381	46	49.97	94	73.61
1382	149.79	75.93	94	55.3
1383	146.72	185.65	95	97.56
1384	162.18	6.89	95	111.96
1385	5.04	49.11	97	107.74
1386	62.84	95.22	94	37.47
1387	83.58	140.38	97	43.59
1388	148.86	145.51	94	66.77
1389	123.85	141.49	95	47.86
1390	96.76	117.07	96	17.37
1391	101.43	82.65	97	17.41
1392	72.6	101.48	96	27.44
Drivers: 17
id	x	y	end	sensitivity
1389	190.34	191.79	94	0.58
1390	119.76	64.64	96	1.81
1391	40.58	179.71	94	1.09
1392	161.36	30.75	95	1.69
1393	40.06	64.79	95	0.71
1394	139.16	8.71	93	1.04
1395	163	165.12	94	0.83
1396	122.49	27.84	94	0.71
1397	3.8	157.9	94	1.58
1398	65.8	159.6	94	0.93
1399	89.2	169.87	94	1.17
1400	56.02	73.02	96	0.63
1401	158.81	64.4	93	0.92
1402	74.66	147.77	93	1.46
1403	106.14	184.21	94	1.35
1404	164.57	93.22	94	0.83
1405	103.87	156.16	95	0.59
Period: 94
Tasks:17
id	x	y	end	c
1393	184.34	12.45	98	121.57
1394	58.95	143.91	98	60.11
1395	75.42	34.71	99	69.76
1396	90.42	80.29	94	21.91
1397	181.22	73.91	94	85.31
1398	126.29	37.16	94	68.12
1399	157.84	39.47	95	83.72
1400	78.57	85.49	96	25.88
1401	151.35	182.02	96	96.77
1402	101.7	63.48	95	36.56
1403	50.78	4.8	96	107.17
1404	120.34	88.75	97	23.24
1405	167.17	120.98	94	70.37
1406	2.65	55.44	95	107.06
1407	46.99	91.57	96	53.68
1408	72.66	176.63	95	81.36
1409	199.02	148.29	96	110.17
Drivers: 16
id	x	y	end	sensitivity
1406	125.99	95.7	95	0.87
1407	114.23	159.74	98	0.57
1408	162.62	76.36	96	0.63
1409	24.94	71.93	96	0.99
1410	130.88	19.1	96	1.17
1411	37.77	41.36	95	0.97
1412	75.07	114.28	96	1.05
1413	42.18	32.38	95	1.19
1414	52.27	5.72	96	0.58
1415	69.82	152.1	95	0.89
1416	8.27	51.95	94	1.6
1417	114.14	173.61	94	0.99
1418	86.86	111.31	94	1.37
1419	117.17	199.14	96	0.86
1420	111.29	52.93	94	1.8
1421	189.49	45.85	94	1.22
Period: 95
Tasks:19
id	x	y	end	c
1410	70.19	15.17	95	89.92
1411	32.62	74.73	98	71.96
1412	18.6	74.82	96	85.21
1413	65.54	116.33	98	38.13
1414	93.9	20.24	98	79.99
1415	43.55	175.62	96	94.37
1416	76.38	52.85	96	52.74
1417	83.46	56.69	98	46.36
1418	145.33	134.76	96	57.12
1419	130.79	161.06	95	68.38
1420	153.35	67.31	96	62.57
1421	127.58	24.58	95	80.3
1422	63.32	171.97	96	80.78
1423	127.39	95.6	97	27.74
1424	115.14	151.4	95	53.58
1425	56.17	84.68	96	46.43
1426	167.95	128.6	96	73.72
1427	13.83	176.23	95	115.05
1428	45.24	141	96	68.41
Drivers: 14
id	x	y	end	sensitivity
1422	72.11	117.23	98	0.71
1423	108.02	36.27	96	1.9
1424	166.59	143.12	95	1.16
1425	106.55	195.14	98	1.44
1426	0.03	135.64	96	1.23
1427	179.67	10.11	97	1.72
1428	39.84	96.4	97	1.32
1429	6.94	112.21	95	1.3
1430	43.97	46.81	95	1.99
1431	39.91	133.92	95	0.77
1432	60.3	91.26	95	0.7
1433	146.02	183.63	96	1.21
1434	105.99	124.92	96	1.84
1435	76.33	99.9	95	1.96
Period: 96
Tasks:10
id	x	y	end	c
1429	122.73	162.16	101	66.19
1430	12.75	56.26	97	97.6
1431	104.7	113.3	99	14.11
1432	186.42	170.82	99	111.73
1433	161.95	186.65	97	106.52
1434	154.66	195.11	98	109.7
1435	31	78.22	97	72.36
1436	149.89	28.47	98	87.21
1437	4.81	83.06	97	96.69
1438	113.48	141.24	100	43.39
Drivers: 20
id	x	y	end	sensitivity
1436	16.41	125.52	96	0.64
1437	174.01	0.18	99	1.51
1438	5.45	143.05	98	1.34
1439	96.47	94.78	96	1.11
1440	85.39	107.83	97	0.62
1441	175.21	6.96	97	0.74
1442	37.73	64.95	96	0.8
1443	69.8	168.21	97	1.85
1444	23.68	14.96	99	1.13
1445	133.63	156.68	96	1.1
1446	190.88	193.13	97	1.76
1447	15.79	196.66	98	1.43
1448	78.03	115.69	98	1.85
1449	116.6	65.84	96	1.35
1450	67.61	192.69	96	1.53
1451	166.71	125.3	97	1.57
1452	49.62	149.26	97	1.43
1453	128.68	163.62	97	1.32
1454	52.36	95.53	96	0.74
1455	9.9	89.35	98	0.82
Period: 97
Tasks:25
id	x	y	end	c
1439	138.61	53.5	98	60.44
1440	133.19	96.69	99	33.35
1441	13.01	79.02	100	89.48
1442	24.3	193.5	98	120.3
1443	113.57	59.76	99	42.47
1444	154.43	165.55	100	85.2
1445	91.53	25.01	98	75.47
1446	99.31	87.78	99	12.24
1447	0.12	2.53	98	139.56
1448	17.81	44.4	98	99.23
1449	82.36	103.77	99	18.04
1450	88.7	102.27	98	11.53
1451	36.15	126.33	101	69.07
1452	142.31	133.28	98	53.83
1453	62.77	83.73	101	40.63
1454	67.92	0.05	97	104.97
1455	13.1	48.6	100	100.96
1456	93.02	101.69	97	7.18
1457	151.52	166.73	100	84.3
1458	28.24	140.48	99	82.39
1459	34.15	135.45	100	74.79
1460	22.93	194.57	101	122
1461	67.24	57.7	100	53.5
1462	91.67	17.45	98	82.97
1463	98.18	177.49	100	77.51
Drivers: 9
id	x	y	end	sensitivity
1456	107.5	88.69	98	1.58
1457	163.4	89.09	101	1.11
1458	89.76	63.09	98	1.1
1459	36.7	54.02	99	1.16
1460	81.13	87.6	97	0.87
1461	54.14	93.04	99	1.56
1462	41.36	48.63	99	1.48
1463	39.27	10.22	98	0.63
1464	153.82	163.45	97	0.92
Period: 98
Tasks:13
id	x	y	end	c
1464	197.49	6.67	98	134.96
1465	164.39	14.54	101	107
1466	39.18	171.96	99	94.22
1467	60.78	62.49	100	54.27
1468	53.09	21.97	102	91.05
1469	173.69	164.5	99	97.93
1470	181.56	33.36	99	105.32
1471	112.48	168.46	102	69.59
1472	43.52	34.77	101	86.28
1473	37.04	126.6	100	68.35
1474	90.53	133.39	100	34.71
1475	178.22	47.67	99	94.11
1476	158.77	28.96	99	92.2
Drivers: 8
id	x	y	end	sensitivity
1465	104.86	146.24	98	1.08
1466	118.95	142.66	100	0.78
1467	45.51	80.02	99	1.93
1468	161.63	166.69	99	1.86
1469	30.02	159.41	98	1.15
1470	133.86	78.11	98	0.75
1471	172.91	110.76	98	0.87
1472	19.27	68.36	98	0.66
Period: 99
Tasks:14
id	x	y	end	c
1477	179.47	94.71	100	79.65
1478	35.31	29.46	101	95.71
1479	17.53	68.6	103	88.25
1480	182.66	8.76	103	123.12
1481	188.05	31.25	100	111.71
1482	177.91	169.2	102	104.2
1483	136.09	86.02	102	38.7
1484	43.22	55.25	101	72.29
1485	28.01	1.93	102	121.66
1486	41.45	161.8	100	85.13
1487	192.91	99.2	101	92.91
1488	120.52	184.93	101	87.37
1489	30.33	34.86	101	95.38
1490	99.87	104.88	102	4.88
Drivers: 10
id	x	y	end	sensitivity
1473	159.25	18	100	1.33
1474	56.78	50.11	99	0.86
1475	123.48	117.61	100	0.83
1476	163.16	54.69	100	0.9
1477	40.04	97.14	99	1.78
1478	154.73	90.27	101	1.7
1479	57.61	69.43	100	1.72
1480	140.62	16.67	99	1.8
1481	182.15	64.09	100	1.36
1482	72.33	71.24	100	0.85
Period: 100
Tasks:14
id	x	y	end	c
1491	58.84	149.26	102	64.19
1492	164.17	124.38	101	68.65
1493	63.27	198.49	101	105.12
1494	144.13	194.29	103	104.11
1495	134.59	71.77	107	44.65
1496	127.78	34.09	102	71.53
1497	37.6	93.71	101	62.72
1498	69.72	60.82	102	49.52
1499	171.38	140.01	104	81.83
1500	3.68	168.86	101	118.4
1501	57.86	144.02	101	60.94
1502	13.27	61.42	105	94.92
1503	6.99	93.37	102	93.25
1504	179.42	17.22	100	114.72
Drivers: 16
id	x	y	end	sensitivity
1483	62.79	136.64	100	0.51
1484	164.21	44.45	101	0.57
1485	33.92	72.79	102	1.59
1486	30.27	13.61	100	1.46
1487	16.02	162.26	101	0.58
1488	19.76	190.49	103	1.85
1489	139.52	1.79	100	1.69
1490	179.75	93.06	101	0.87
1491	14.74	24.9	104	1.26
1492	125.12	166.59	100	1.59
1493	70.17	119.83	100	1.73
1494	174.48	116.7	102	1.94
1495	91.95	94.34	100	1.16
1496	108.75	154.51	101	1.98
1497	74.74	84.45	100	1.85
1498	65.18	5.01	101	1.62
