Periods: 100
Task Arrival Rate: 15
Task Average Time: 2
Driver Arrival Rate: 15
Driver Average Time: 1
Period: 1
Tasks:18
id	x	y	end	c
1	30.51	188.62	4	112.62
2	160.52	10.03	5	108.43
3	108.46	93.75	3	10.52
4	157.67	194.69	1	110.87
5	135.39	142.83	1	55.56
6	8.47	17.28	3	123.37
7	80.4	17.01	3	85.27
8	182.55	20.49	2	114.61
9	38.33	192.1	5	110.84
10	171.25	155.84	2	90.52
11	77.95	184.66	6	87.48
12	116.1	17.67	3	83.89
13	164.33	42.05	1	86.58
14	109.76	45.85	6	55.02
15	137.8	7.62	1	99.81
16	128.34	150.54	3	57.94
17	176.09	121.71	2	79.13
18	23.47	58.24	1	87.18
Drivers: 15
id	x	y	end	sensitivity
1	75.56	100.98	4	0.82
2	15.83	128.33	2	1
3	64	160.23	2	1.96
4	117.12	16.28	2	1.67
5	156.29	62.77	3	1.57
6	48.45	129.06	2	1.49
7	91.11	24.4	3	0.79
8	50.61	44.56	1	1.33
9	96.52	46.95	2	0.9
10	4.5	12.29	2	0.65
11	182.27	58.66	1	1.21
12	28.92	131.16	1	0.51
13	30.09	17.18	1	1.45
14	50.7	173.28	2	1.53
15	48.11	73.06	1	1.89
Period: 2
Tasks:13
id	x	y	end	c
19	173.23	15.6	3	111.74
20	131.63	147.57	2	57.13
21	67.46	86.18	5	35.35
22	106.57	148.44	3	48.88
23	175.58	28.44	4	104.08
24	172.43	167.29	4	98.86
25	125.27	125.45	3	35.86
26	22.49	148.05	4	91.2
27	186.6	117.72	3	88.39
28	22.99	108.72	6	77.5
29	15.11	197.83	4	129.53
30	110.87	113.96	5	17.69
31	193.68	75.35	2	96.87
Drivers: 15
id	x	y	end	sensitivity
16	156.59	176.64	2	1.31
17	147	112.55	3	0.91
18	121.46	91.28	4	1.55
19	37.96	114.94	2	0.84
20	97.26	121.62	4	0.75
21	165.07	80.87	3	1.25
22	46.77	116.81	3	1.83
23	194.04	197.66	3	1.94
24	182.32	72.01	2	1.8
25	92.05	162.17	2	1.94
26	1.25	112.99	2	1.66
27	151.3	110.87	2	1.8
28	194.81	42.13	3	1.22
29	131.44	4.08	4	1.45
30	194	71.02	4	1.11
Period: 3
Tasks:17
id	x	y	end	c
32	194.43	123.15	3	97.23
33	92.14	19.59	7	80.79
34	54.35	165.15	3	79.55
35	68.21	134.72	5	47.08
36	106.89	77.53	7	23.5
37	101.39	113.76	4	13.83
38	35.17	146.48	5	79.77
39	184.03	59.17	7	93.42
40	68.55	26.91	5	79.57
41	7.32	74.94	7	96.01
42	168.09	45.72	7	87.08
43	113.97	99.77	5	13.97
44	57.62	20.45	4	90.13
45	82.47	42.08	4	60.51
46	109.69	137.03	5	38.28
47	75.38	177.48	5	81.3
48	51.07	156.57	4	74.8
Drivers: 18
id	x	y	end	sensitivity
31	103.43	191.21	4	0.98
32	94.75	66.51	4	0.53
33	186.53	28.28	4	1.34
34	124.55	19.52	3	1.25
35	163.83	59.06	5	1.82
36	161.67	105.71	4	0.73
37	166.11	0.43	3	1.82
38	42.88	166.45	5	1.11
39	48.31	144.08	5	1.84
40	105.05	8.45	3	1.07
41	9.1	99.83	5	1.58
42	95.96	192.93	3	0.6
43	134.91	131.27	4	1.75
44	104.02	176.85	6	1.9
45	181.13	109.91	3	1.59
46	131.36	36.35	4	1.69
47	141.65	4.33	6	1.78
48	103.53	37.39	4	1.21
Period: 4
Tasks:12
id	x	y	end	c
49	149.57	164.11	7	81.04
50	189.91	70.67	5	94.57
51	142.82	111.2	7	44.26
52	197.2	155.15	5	111.76
53	42.68	96.49	5	57.43
54	151.72	13.45	6	100.83
55	155.93	17.54	7	99.64
56	187.43	28.19	5	113.14
57	191.92	89.3	5	92.54
58	153.37	11.4	5	103.43
59	129.83	14.87	6	90.21
60	128.44	153.23	6	60.35
Drivers: 23
id	x	y	end	sensitivity
49	16.58	126.96	6	0.84
50	177.28	183.69	7	1.94
51	91.29	122.94	4	0.71
52	27.67	58.63	6	1.87
53	108.54	74.87	4	0.83
54	190.63	130.89	4	0.65
55	162.07	21.4	4	0.98
56	104.79	95.22	5	1.7
57	173.23	70.08	4	1.34
58	179.29	48.87	4	1.36
59	74.01	39.88	5	0.54
60	84.77	143.18	6	1.39
61	125.34	106.67	5	1.75
62	183.48	190.52	5	0.93
63	58.09	189.95	6	1.1
64	38.17	39.73	7	1.86
65	93.79	0.01	4	1.99
66	172.15	197.65	5	0.88
67	115.44	168.9	4	0.79
68	197.25	22.18	4	0.76
69	61.12	52.58	6	0.86
70	7.71	84.16	4	1.4
71	150.59	189.02	4	0.81
Period: 5
Tasks:14
id	x	y	end	c
61	63.17	197.21	6	103.95
62	10.63	46.92	5	103.94
63	194.45	189.53	6	130.14
64	80.36	128.43	6	34.55
65	145.51	75.81	10	51.54
66	99.66	45.28	7	54.72
67	42.59	125.8	11	62.94
68	140.99	188.82	7	97.82
69	60.73	30.85	6	79.52
70	53.51	117	8	49.5
71	48.61	49.64	7	71.95
72	7.58	6.65	5	131.36
73	99.62	163.18	6	63.18
74	77.87	171.3	6	74.66
Drivers: 19
id	x	y	end	sensitivity
72	138.87	97.81	5	1.88
73	124.5	124.16	6	0.92
74	61.42	178.23	5	1.97
75	28.58	93.07	6	1.37
76	56.24	48.22	5	0.53
77	1.82	52.31	8	1.97
78	55.69	23.73	7	1
79	119.33	172.72	6	0.88
80	39.19	74.2	5	1.5
81	31.97	15.12	5	1.59
82	70.57	168.85	5	1.53
83	132.19	169.86	7	1.69
84	121.58	124.6	5	1.84
85	174.04	172.45	5	1.55
86	161.3	102.66	6	0.7
87	0.09	3.55	5	0.71
88	157.68	99.36	7	1.28
89	120.59	167.16	7	1.52
90	1.12	14.33	5	0.79
Period: 6
Tasks:25
id	x	y	end	c
75	178.93	108.99	9	79.44
76	166.58	32.03	10	95.15
77	165.32	72.22	9	70.98
78	91.5	198.94	10	99.3
79	179.77	120.52	9	82.37
80	8.21	187.05	8	126.5
81	185.45	131.02	8	90.91
82	27.63	138.48	7	81.96
83	180.9	99.21	6	80.9
84	8.92	119.31	8	93.1
85	66.36	89.17	8	35.34
86	33.68	95.67	7	66.46
87	90.25	168.61	7	69.3
88	11.06	54.55	9	99.88
89	49.5	98.89	6	50.51
90	60.28	49.15	8	64.52
91	91.49	124.32	10	25.77
92	81.72	29.04	7	73.28
93	180.9	166.46	11	104.7
94	112.04	150.77	8	52.18
95	150.25	79.84	7	54.14
96	19.43	196.12	9	125.42
97	88.32	115.01	9	19.02
98	155.41	21.26	10	96.28
99	61.36	18.39	10	90.3
Drivers: 16
id	x	y	end	sensitivity
91	51.51	45.06	8	0.65
92	191.75	138.94	7	1.77
93	94.45	163.77	6	1.95
94	74.97	173.03	8	0.75
95	142.87	168.12	7	1.98
96	96.95	38.32	7	0.68
97	126	106.42	7	1.36
98	191.32	6.64	7	1.1
99	140.2	88.02	6	1.68
100	163.92	52.46	8	0.79
101	56.64	176.94	6	1.07
102	76.81	143.19	6	1.16
103	119.89	152.65	7	0.84
104	25.93	41.45	6	1.87
105	66.24	106.05	7	1.87
106	160.37	34.64	7	0.58
Period: 7
Tasks:12
id	x	y	end	c
100	141.02	90.52	7	42.1
101	81.84	33.65	11	68.79
102	54.18	70.91	9	54.27
103	70.55	83.63	9	33.69
104	153.27	53.53	12	70.69
105	79.6	165.53	7	68.63
106	107.57	111.72	8	13.95
107	49.1	72.71	9	57.75
108	14.14	119.78	8	88.11
109	71.95	168.75	9	74.25
110	66.68	75.17	9	41.55
111	0.81	31.16	8	120.74
Drivers: 21
id	x	y	end	sensitivity
107	94.37	163.29	8	0.85
108	76.58	199.97	7	0.73
109	27.77	37.01	7	1.03
110	167.58	149.05	7	1.13
111	71.49	52.17	8	1.87
112	123.57	88.7	7	1.22
113	65.35	138.8	8	1.65
114	146.39	13.8	7	1.24
115	123.7	21.29	7	1.18
116	126.14	119.03	7	1.62
117	174.04	40.72	7	1.35
118	120.25	26.39	7	0.77
119	133.58	115.29	7	1.71
120	184.49	159	7	0.77
121	91.99	51.01	7	0.96
122	14.25	19.51	9	1.89
123	56.55	81.98	7	0.62
124	77.3	151.67	7	1.73
125	57.89	167.34	7	0.59
126	66.81	183.62	8	1.17
127	186.85	111.02	9	1.82
Period: 8
Tasks:14
id	x	y	end	c
112	6.92	147.13	10	104.33
113	23.23	37.97	9	98.7
114	169.4	62.16	10	79.05
115	149.89	32.25	11	84.14
116	172.57	90.19	10	73.23
117	24.5	85.25	12	76.93
118	193.22	64.5	9	99.75
119	35.68	185.89	9	107.3
120	131.11	3.57	9	101.32
121	181.63	10.15	8	121.39
122	28.42	54.35	11	84.9
123	190.18	179.84	9	120.44
124	140.38	181.21	10	90.7
125	168.15	40.5	9	90.47
Drivers: 16
id	x	y	end	sensitivity
128	87.24	58.73	10	0.62
129	3.74	119.2	10	1.06
130	173.08	83.04	8	1.27
131	166.68	51.02	10	1.83
132	36.22	92.41	8	1.56
133	146.07	82.26	11	1.43
134	44.88	184.26	10	1.85
135	116.56	42.02	10	1.29
136	129.94	23.33	10	0.52
137	138.43	175.09	8	0.65
138	172.11	174.8	8	1.39
139	88.26	114.23	9	0.57
140	52.2	37.73	8	0.97
141	160.48	145.63	8	1.44
142	21.56	27.39	9	0.75
143	181.6	27.66	8	1.12
Period: 9
Tasks:21
id	x	y	end	c
126	63.98	150.5	12	62.03
127	149.61	171.29	11	86.85
128	44.45	162.44	11	83.57
129	78.71	138.63	11	44.11
130	49.45	133.83	9	60.83
131	84.26	111.69	10	19.61
132	99.2	78.92	13	21.1
133	144.33	83.28	11	47.38
134	31.47	72.49	10	73.85
135	49.9	111.29	11	51.36
136	172.27	196.08	12	120.23
137	190.45	150.09	13	103.39
138	100.58	29.37	11	70.63
139	52.49	192.71	12	104.17
140	96.31	154.77	10	54.89
141	51.01	138.75	12	62.46
142	18.67	113.93	12	82.51
143	171.56	43.79	9	91
144	185.9	157.96	9	103.63
145	119.62	175.23	13	77.75
146	140.8	117.31	11	44.32
Drivers: 13
id	x	y	end	sensitivity
144	197.6	147.06	9	1.45
145	48.13	139.67	10	1.41
146	30.02	161.12	10	1.19
147	157.96	154.99	10	1.18
148	164.53	56	10	1.4
149	188.08	174.76	10	1.73
150	146.78	50.25	13	0.91
151	164.37	41.05	9	0.94
152	189	119.94	13	1.62
153	199.18	160.28	10	1.74
154	36.73	108.77	10	1.45
155	108.2	66.26	9	1.43
156	96.28	104.28	9	1.14
Period: 10
Tasks:7
id	x	y	end	c
147	2.42	132.19	13	102.75
148	58.18	15.29	12	94.47
149	122.4	90.6	11	24.29
150	124.26	56.57	10	49.75
151	170.83	124.46	10	74.93
152	93.81	133.4	13	33.97
153	70.37	194.44	11	98.98
Drivers: 21
id	x	y	end	sensitivity
157	71.23	195.11	10	1.78
158	192.55	115.83	11	1.13
159	188.5	164.59	12	1.55
160	83.77	0.09	11	1.4
161	182.88	189.91	10	1.29
162	178.81	168	11	1.95
163	191.7	54.93	14	1.16
164	115.01	102.14	10	0.51
165	21.99	146.03	11	1.3
166	85.46	117.45	11	0.75
167	119.01	171.89	10	1.25
168	180.8	15.79	10	1.46
169	136.62	30.03	10	1.73
170	22.32	17.27	12	0.85
171	111.85	147.85	13	1.06
172	61.59	92.18	10	1.61
173	13.04	99.5	11	1.67
174	29.19	20.82	11	1.16
175	107.28	75.46	13	1.84
176	59.96	46.58	10	1.04
177	46.52	62.32	10	0.64
Period: 11
Tasks:19
id	x	y	end	c
154	19.51	123.49	12	83.85
155	88.31	174.38	12	75.29
156	186.65	28.9	11	112.09
157	89.43	129.32	11	31.17
158	191.11	105.28	13	91.26
159	122.38	64.37	17	42.08
160	119.16	43.64	12	59.53
161	32.01	60.85	15	78.46
162	70.51	135.4	14	46.07
163	105.96	169.34	12	69.6
164	171.81	185.62	11	111.75
165	177.94	82.31	14	79.92
166	95.88	82.47	13	18.01
167	154.44	182.72	13	99.03
168	90.6	58.48	15	42.57
169	90.19	126.37	15	28.14
170	57.33	165.88	16	78.49
171	74.62	112.85	12	28.45
172	16.28	134.84	12	90.68
Drivers: 21
id	x	y	end	sensitivity
178	184.81	137.71	12	1.18
179	3.89	104.78	11	1.34
180	72.27	129.39	13	1.37
181	172.86	14.96	11	0.92
182	108.67	78.6	13	0.64
183	88.75	82.71	12	1.78
184	63.42	149.21	11	1.88
185	27.21	26.85	12	1.49
186	119.02	51.97	12	1.39
187	177.82	30.35	12	1.85
188	197.88	152.57	12	1.69
189	163.08	173.21	12	1.9
190	133.13	140.59	12	0.99
191	107.7	25.25	12	0.57
192	20.96	101.63	12	1.49
193	182.47	95.59	11	0.64
194	48.05	173.16	12	1.51
195	123.9	167.22	11	1.37
196	21.22	0.03	11	0.54
197	25.23	61.86	12	1.14
198	48.89	198.9	11	1.56
Period: 12
Tasks:14
id	x	y	end	c
173	48.02	91.49	12	52.67
174	128.88	135.67	14	45.9
175	146.59	117.46	15	49.75
176	137.77	195.95	14	103.12
177	30.98	90.02	14	69.74
178	155.33	199.56	13	113.9
179	64.51	146.09	13	58.17
180	74.39	75.79	12	35.24
181	152.11	52.51	16	70.5
182	14.55	175.13	15	113.78
183	167.11	82.02	13	69.48
184	188.77	83.52	16	90.29
185	151.29	22.26	12	93.14
186	74.7	44.85	13	60.68
Drivers: 15
id	x	y	end	sensitivity
199	20.89	150.99	14	1.95
200	108.94	100.87	12	0.73
201	34.57	26.14	12	0.56
202	146.65	66.75	12	0.94
203	113.49	130.18	15	1.88
204	162.77	167	14	1.08
205	132.61	125.1	14	1.14
206	53.94	97.97	14	1.39
207	36.9	51.42	13	0.82
208	40.28	82.2	13	1.9
209	148.51	65.36	12	1.42
210	193.58	134.96	15	1.38
211	43.04	132.48	15	1.93
212	116.71	154.84	13	1
213	177.35	163.62	13	1.23
Period: 13
Tasks:11
id	x	y	end	c
187	69.24	138.23	16	49.07
188	22.69	183.66	15	113.91
189	108.21	106.23	13	10.31
190	78.04	47.82	14	56.61
191	103.46	169.09	14	69.18
192	179.68	62.06	14	88.25
193	14.3	51.23	16	98.61
194	118.78	80.64	14	26.97
195	15.11	103.39	16	84.96
196	175.58	64.61	17	83.46
197	153.9	149.69	16	73.31
Drivers: 18
id	x	y	end	sensitivity
214	140.02	186.77	14	0.93
215	132.05	76.82	15	1.91
216	115.44	131.87	13	1.13
217	35.82	122.44	14	0.91
218	52.33	196.13	16	1.73
219	38.47	126.37	15	0.55
220	87.16	124.23	13	1.73
221	41.14	16.31	13	0.73
222	177.68	198.85	15	1.18
223	21.82	1.07	13	1.2
224	170.86	96.78	14	1.38
225	180.72	143.86	15	1.93
226	51.47	148.16	15	1.88
227	36.11	132.03	13	1.32
228	148.86	144.44	15	1.72
229	3.98	1.09	13	1.1
230	72.26	117.81	14	1.75
231	43.87	119.27	14	1.35
Period: 14
Tasks:10
id	x	y	end	c
198	141.36	58.4	16	58.66
199	160.86	48.47	16	79.75
200	60.51	106.72	16	40.06
201	61.03	186.33	15	94.72
202	117.92	64.67	16	39.61
203	156.32	144.98	19	72.08
204	27.16	187.66	17	113.97
205	156.32	33.39	15	87.23
206	167.27	155.55	16	87.24
207	64.71	59.52	14	53.7
Drivers: 13
id	x	y	end	sensitivity
232	167.75	153.13	15	1.27
233	92.72	99.6	14	1.53
234	20.06	52.51	15	1.29
235	49.07	0.23	15	0.8
236	25.82	21.44	14	1.42
237	97.27	17.64	15	1.63
238	22.31	169.34	15	1.8
239	30.31	98.52	15	1.04
240	140.62	42.41	16	0.93
241	71.61	8.17	16	2
242	87.23	111.14	14	1.89
243	159.73	80.76	15	0.95
244	24.96	146.04	14	1.99
Period: 15
Tasks:19
id	x	y	end	c
208	20.44	66.27	15	86.41
209	175.81	175.08	17	106.7
210	129.69	54.86	17	54.03
211	51.54	83.51	18	51.19
212	104.07	130.55	19	30.82
213	155.17	64.46	16	65.63
214	182.47	99.23	17	82.47
215	132.09	102.39	15	32.18
216	186.97	163.61	16	107.75
217	139.32	70.76	18	49
218	28.86	123.81	16	75.02
219	112.15	117.47	16	21.28
220	156.92	133.49	15	66.04
221	182.66	92.27	15	83.02
222	182.86	176.36	17	112.68
223	67.16	153.83	16	63.06
224	104.5	176.94	17	77.07
225	80.18	94.88	15	20.47
226	77.14	66.27	15	40.75
Drivers: 15
id	x	y	end	sensitivity
245	14.13	80.61	15	0.91
246	25.74	131.97	17	1.94
247	60.85	120.08	15	1.99
248	40.61	183.68	15	1.72
249	143.31	30.42	15	1.81
250	190.94	130.98	16	1.53
251	134.85	47.43	15	1.98
252	72.3	159.1	16	1.12
253	196.28	163.96	18	1.97
254	84.44	40.91	15	1.33
255	21.11	124.66	18	1.55
256	112.55	192.01	15	0.85
257	9.44	125.85	16	0.69
258	2.17	135.53	18	0.53
259	136.71	191.26	15	1.52
Period: 16
Tasks:14
id	x	y	end	c
227	2.52	65.68	19	103.35
228	39.63	182.56	19	102.28
229	7	22.18	16	121.26
230	185.74	153.79	19	101.22
231	138.6	151.61	21	64.45
232	165.6	192.51	17	113.41
233	157.64	69.64	18	65.15
234	26.48	147.67	19	87.62
235	139.21	80.17	18	43.94
236	10.45	192.41	21	128.68
237	115.57	117.44	18	23.38
238	1.47	163.63	19	117.29
239	48.57	131.33	17	60.22
240	56.44	6.78	21	102.9
Drivers: 10
id	x	y	end	sensitivity
260	47.91	135.17	16	1.93
261	168.61	169.13	17	1.33
262	69.25	31.56	17	1.64
263	149.33	8.08	16	1.55
264	183.26	12.55	17	1.85
265	182.78	50.36	19	0.76
266	174.2	37.41	16	1.52
267	30.81	8.45	16	0.76
268	174.56	164.66	16	1.54
269	101.07	188.25	16	0.85
Period: 17
Tasks:24
id	x	y	end	c
241	185.72	28.44	19	111.66
242	100.78	22.75	18	77.25
243	99.36	192.25	20	92.25
244	93.43	34.75	19	65.58
245	93.16	24.81	19	75.5
246	34.12	172.46	19	97.93
247	79.39	150.46	18	54.51
248	89.78	31.06	22	69.69
249	92.22	192.98	17	93.3
250	49.78	3.53	18	108.76
251	78.53	59.79	20	45.58
252	199.79	163.34	18	118.19
253	25.28	74.04	18	79.1
254	188.71	103.58	19	88.78
255	38.89	90.36	19	61.87
256	115.19	59.14	20	43.59
257	184.41	128.34	18	89.04
258	185.29	31.71	17	109.26
259	31.28	97.43	17	68.77
260	104.25	88.91	19	11.88
261	13.5	196.1	17	129.3
262	106.44	10.51	18	89.72
263	150.61	196.13	19	108.64
264	50.94	167.11	20	83.13
Drivers: 16
id	x	y	end	sensitivity
270	118.58	104.02	17	1.58
271	7.61	159.47	17	0.62
272	74.01	188.72	17	1.98
273	94.67	153.71	18	1.6
274	82.65	26.34	18	0.61
275	33.76	21.06	18	1.78
276	96.3	27.36	17	0.78
277	147.64	153.5	18	1.85
278	11.85	56.77	18	1.58
279	125.8	81.48	17	0.54
280	31.25	145.46	17	0.66
281	36.59	32.66	17	0.85
282	180.98	165.6	20	1.21
283	28.19	125.35	20	0.99
284	39.32	133.96	18	0.54
285	163.32	145.96	18	1.62
Period: 18
Tasks:12
id	x	y	end	c
265	52	94.67	20	48.3
266	101.26	45.21	22	54.8
267	96.07	100.57	20	3.97
268	192.39	137.44	21	99.69
269	181.56	23.97	21	111.5
270	76.8	39.26	20	65.02
271	50.11	136.54	20	61.84
272	20.01	109.78	19	80.59
273	182.83	176.34	21	112.64
274	112.74	166.2	18	67.41
275	104.73	178.44	22	78.58
276	145.78	67.88	21	55.92
Drivers: 13
id	x	y	end	sensitivity
286	168.41	135.7	20	1.57
287	122.22	18.22	18	1.55
288	27.49	1.1	19	0.76
289	146.87	81.26	18	1.43
290	46.09	66.51	20	0.58
291	35.99	32.35	18	1.48
292	83.75	99.32	18	1.54
293	111.99	174.88	20	1.13
294	108.53	128.26	18	1.33
295	89.97	118.27	18	1.73
296	45.49	141.49	18	1.2
297	20.16	27.25	19	1.07
298	122.95	131.62	19	0.75
Period: 19
Tasks:18
id	x	y	end	c
277	157.06	155.42	21	79.54
278	52.33	190.85	22	102.6
279	21.63	110.9	20	79.12
280	103.54	102.11	21	4.12
281	0.91	171.93	21	122.44
282	1.24	158	20	114.53
283	194.61	129.04	22	98.97
284	161.05	5.73	22	112.31
285	166.46	121.15	21	69.74
286	150.98	181.06	23	95.76
287	27.21	153.81	21	90.52
288	130.14	173.16	21	79.13
289	24.3	189.92	19	117.54
290	132.48	39.21	21	68.92
291	160.19	195.7	20	113.05
292	37.94	78.75	20	65.6
293	82.74	67.82	23	36.52
294	152.34	44.45	21	76.32
Drivers: 16
id	x	y	end	sensitivity
299	18.79	10.47	20	0.64
300	132.45	21.69	21	1.06
301	181.61	20.77	19	0.71
302	19.25	136.85	19	1.93
303	49.73	58.85	20	1.53
304	61.35	103.02	21	1.91
305	76.63	148.42	20	0.68
306	26.2	85.64	20	1.85
307	24.41	17.47	19	0.56
308	62.85	54.25	22	0.55
309	14.89	152.57	20	0.86
310	153.84	119.27	21	1.82
311	191.43	84.99	20	1.47
312	128.01	63.89	21	1.47
313	135.08	142.3	21	1.38
314	29.58	28.71	21	0.79
Period: 20
Tasks:19
id	x	y	end	c
295	75.46	166.98	22	71.33
296	19.29	133.18	21	87.26
297	19.57	195.42	20	124.8
298	149.54	38.27	24	79.15
299	33.49	110.19	22	67.29
300	99.78	12.46	25	87.54
301	27.73	91.59	22	72.76
302	80.73	68.9	21	36.59
303	32.56	188.7	21	111.43
304	81.69	20.87	21	81.22
305	85.38	20.75	20	80.59
306	174.75	46.84	24	91.73
307	152.04	19.14	23	96.16
308	134.21	128.72	22	44.67
309	185.32	63.64	20	92.74
310	79.3	157.69	23	61.29
311	171.78	66.98	25	79.01
312	121.7	184.29	22	87.04
313	189.22	186.79	22	124.47
Drivers: 17
id	x	y	end	sensitivity
315	104.09	184.36	20	1.32
316	38.88	39.16	21	0.59
317	156.45	24.18	21	1.82
318	8.31	96.51	20	1.91
319	4.57	14.58	22	0.6
320	20.26	76.25	21	0.69
321	65.09	152.19	20	1.97
322	11.95	51.18	20	0.56
323	124.08	65.77	20	0.83
324	158.42	24.14	22	1.63
325	137.9	144.59	21	1.84
326	31.4	117.24	23	1.88
327	48.87	102.51	21	1.55
328	96.52	66.27	21	1.02
329	78.83	58.5	23	0.87
330	196.78	90.17	22	0.7
331	169.1	51.75	20	1.5
Period: 21
Tasks:24
id	x	y	end	c
314	43.42	141.77	23	70.33
315	71.59	2.52	21	101.54
316	2.26	132.07	22	102.87
317	138.94	193.99	21	101.74
318	83.61	6.46	23	94.97
319	30.25	119.65	23	72.47
320	115.15	120.76	24	25.7
321	94.88	4.58	21	95.56
322	2.6	146.4	23	107.89
323	2.8	195.48	23	136.25
324	110.23	146.63	23	47.74
325	173.37	123.31	23	76.98
326	169.09	72.17	23	74.48
327	91.12	36.54	21	64.08
328	52.36	47.18	21	71.13
329	185.9	67.46	22	91.86
330	1.67	20.38	22	126.52
331	70.15	7.4	21	97.29
332	28.5	14.55	23	111.42
333	52.82	31.6	23	83.09
334	116.6	34	24	68.06
335	196.98	135.74	23	103.36
336	119.05	15.78	24	86.35
337	166.17	165.96	22	93.43
Drivers: 15
id	x	y	end	sensitivity
332	110.18	81.3	21	0.62
333	69.52	96.47	22	1.96
334	184.15	115.47	22	1.45
335	148.42	11.14	21	1.92
336	129.1	173.76	23	0.72
337	182	27.16	21	0.73
338	86.25	181.16	24	1.73
339	164.2	90.92	22	1.58
340	113.84	30.34	21	0.78
341	146.86	151.62	22	1.84
342	153.25	139.8	22	0.57
343	103.54	189.09	21	0.51
344	134.96	12.2	21	0.82
345	59.81	50.59	21	1.22
346	117.34	157.93	23	1.09
Period: 22
Tasks:14
id	x	y	end	c
338	101.27	0.3	22	99.71
339	45.12	178.39	24	95.69
340	125.45	112.78	22	28.48
341	140.51	67.83	23	51.73
342	44.92	186.62	23	102.65
343	145.39	81.04	25	49.19
344	25.22	172.78	25	104.35
345	129.97	90.95	26	31.31
346	171.47	105.29	23	71.67
347	152.56	78.4	26	56.83
348	81.72	152.4	22	55.5
349	45.09	76.88	28	59.58
350	101.05	92.18	23	7.89
351	66.52	4.31	25	101.38
Drivers: 12
id	x	y	end	sensitivity
347	10.59	50.88	22	0.75
348	199.92	183.87	24	1.57
349	151.56	186.86	22	1.86
350	134.83	74.82	22	1.13
351	131.99	57.28	23	1.34
352	101.55	85.57	23	1.75
353	175.98	169.54	22	1.26
354	105.51	188.32	22	0.9
355	100.67	73.81	22	1.3
356	193.89	144.37	24	1.73
357	81.98	70.78	22	1.02
358	16.55	118.93	23	1.41
Period: 23
Tasks:17
id	x	y	end	c
352	193.97	164.66	25	114.07
353	2.48	102.64	25	97.56
354	42.64	54.92	23	72.95
355	161.31	86.47	24	62.79
356	187.27	50.97	23	100.1
357	136.88	26.13	24	82.56
358	16.27	105.27	24	83.9
359	162.98	195.99	26	114.81
360	63.27	108.54	26	37.71
361	25.21	172.79	25	104.36
362	174.93	124.23	25	78.75
363	172	106.47	26	72.29
364	20	92.86	23	80.32
365	100.7	104.85	24	4.9
366	167.25	0.32	24	120.24
367	164.29	89.58	25	65.13
368	63.52	63.78	24	51.41
Drivers: 16
id	x	y	end	sensitivity
359	10.82	92.1	24	1.66
360	90.94	77.46	24	0.77
361	122.15	104.29	23	0.57
362	77.98	159.89	23	0.62
363	79.17	131.27	25	0.87
364	199.5	76.41	24	0.73
365	53.5	87.55	24	1.68
366	152.04	158.16	24	0.87
367	191.19	92.87	25	1.86
368	83.74	106.01	25	1.99
369	132.44	148.42	25	0.95
370	195.59	71.55	27	0.89
371	152.78	125.25	23	1.75
372	1.64	170.15	23	0.62
373	193.08	149.86	27	1
374	151.12	49.99	25	0.78
Period: 24
Tasks:10
id	x	y	end	c
369	197.72	178.71	27	125.48
370	174.4	15.81	25	112.35
371	104.39	32.21	26	67.93
372	124.58	96.79	25	24.79
373	4.22	74.14	26	99.21
374	108.77	166.5	26	67.08
375	175.14	85.33	26	76.56
376	63.98	79.38	26	41.5
377	188.12	195.39	28	129.86
378	1.43	56.23	24	107.85
Drivers: 10
id	x	y	end	sensitivity
375	28.96	97.24	27	1.12
376	105.06	29.31	24	0.56
377	183.74	46.65	24	1.35
378	124.96	123.7	24	1.12
379	92.79	29.19	26	1.25
380	166.8	0.95	24	1.64
381	92.51	125.52	24	0.54
382	94.7	70.06	25	1.83
383	177.26	197.71	26	0.86
384	86.88	15.12	26	1.82
Period: 25
Tasks:19
id	x	y	end	c
379	154.16	171.97	29	90.07
380	45.7	187.12	25	102.66
381	65.58	75.1	27	42.48
382	191.73	184.43	26	124.67
383	2.8	195.52	28	136.28
384	6.45	113.12	27	94.47
385	128.8	58.93	26	50.16
386	23.49	150.25	27	91.54
387	150.05	161.89	25	79.6
388	78.56	11.4	28	91.16
389	12.33	57.45	27	97.45
390	71.27	199.89	27	103.94
391	157.36	147.14	28	74.25
392	12.87	177.62	28	116.69
393	162.13	18.36	26	102.59
394	14.44	93.48	26	85.81
395	92.92	196.5	28	96.76
396	64.87	103.64	26	35.32
397	87.08	188.21	25	89.15
Drivers: 18
id	x	y	end	sensitivity
385	106.27	112.28	26	0.91
386	62.19	23.74	27	1.27
387	19.43	153.39	28	1.86
388	51.97	74.47	26	1.1
389	89.15	6.31	25	1.32
390	5.01	136.99	25	0.66
391	180.68	166.85	25	0.76
392	163.69	28.18	25	1.38
393	192.38	49.15	26	1.74
394	85.1	88.74	25	1.03
395	11.02	186.02	25	1.05
396	67.03	65.38	25	1.14
397	193.6	94.91	27	1.56
398	53.51	29.41	29	1.9
399	54.42	150.49	26	0.76
400	145.69	2.91	25	1.75
401	55.47	191.38	28	1.62
402	25.99	39.21	26	0.95
Period: 26
Tasks:15
id	x	y	end	c
398	172.49	193.23	28	118.1
399	100.62	26.49	28	73.51
400	184.84	97.39	27	84.88
401	198.39	27.64	28	122.13
402	93.17	57.17	26	43.37
403	178.12	176.73	27	109.5
404	149.23	27.61	27	87.54
405	116.6	34.22	26	67.84
406	87.44	38.56	29	62.71
407	83.3	135.66	30	39.38
408	45.96	174.4	30	91.95
409	139.39	167.51	27	78.16
410	54.73	141.18	31	61.2
411	6.42	190.16	27	129.95
412	151.36	103.21	28	51.46
Drivers: 15
id	x	y	end	sensitivity
403	170.96	45.61	28	0.9
404	15.45	15.87	26	1.1
405	58.49	194.07	28	1.69
406	99.28	175.21	26	1.51
407	53.35	179.09	26	1.76
408	129.46	107.22	26	0.86
409	48.09	127.41	26	0.93
410	28.67	39.58	27	1.04
411	103.86	175.85	26	1.35
412	141.04	150	29	0.95
413	29.23	54.96	26	0.6
414	192.01	13.25	27	1.13
415	13.96	130.56	26	1.39
416	71.66	21.41	27	1.84
417	191.35	188.92	28	1.06
Period: 27
Tasks:21
id	x	y	end	c
413	133.13	16.04	29	90.26
414	70.98	3.75	30	100.53
415	87.01	85.63	27	19.37
416	35.16	129.36	28	71.18
417	181.73	127.91	28	86.36
418	133.37	53.95	30	56.87
419	116.74	23.12	31	78.68
420	71.64	71.88	27	39.94
421	155.29	106.67	27	55.69
422	111.33	132.65	27	34.56
423	17.47	32.19	29	106.81
424	40.7	18.3	30	100.95
425	7.06	52.45	27	104.4
426	193.67	96.13	31	93.75
427	51.54	82.22	31	51.62
428	32.59	199.37	28	120.08
429	154.82	141.32	28	68.65
430	165.91	156.57	28	86.86
431	78.07	179.08	28	82.06
432	117.74	186.29	28	88.09
433	44.63	162.49	30	83.49
Drivers: 21
id	x	y	end	sensitivity
418	98.58	199.73	27	1.94
419	66.86	100.84	27	0.51
420	108.06	178.24	28	0.72
421	45.54	57.52	28	0.9
422	162.81	64.56	30	1.66
423	62.17	41.37	27	1.18
424	162.59	106.33	27	1.13
425	97.12	141.79	27	1.57
426	44	90.96	27	1.62
427	106.6	117.97	29	1.02
428	80.57	3.08	27	0.92
429	126.9	71.95	27	1.87
430	9.16	157.11	27	1.83
431	132.47	79.01	28	0.67
432	111.08	15.3	27	1.1
433	90.42	83.21	27	1.42
434	98.53	104.89	27	0.85
435	112.01	190.93	28	1.07
436	127.43	165.16	28	0.58
437	110.21	46.72	28	1.88
438	120.04	180.43	29	0.93
Period: 28
Tasks:21
id	x	y	end	c
434	82.83	10.78	31	90.86
435	49.37	32.5	30	84.38
436	114.07	19.87	30	81.36
437	193.74	182.62	28	124.95
438	179.04	174.34	31	108.51
439	14.03	122.5	28	88.87
440	189.5	92.09	33	89.85
441	93.49	144.08	30	44.56
442	74.23	169.58	29	74.2
443	22.94	120.26	29	79.68
444	186.41	129.35	30	91.26
445	109.87	91.6	32	12.96
446	185.78	176.04	31	114.63
447	159.63	196.31	28	113.28
448	2.49	151.43	31	110.24
449	158.9	115.69	28	60.95
450	79.44	100.34	30	20.56
451	74.21	144.56	31	51.49
452	153.11	147.06	30	70.96
453	93.43	54.61	28	45.86
454	171	93.89	29	71.26
Drivers: 12
id	x	y	end	sensitivity
439	94.99	161.35	28	1.91
440	59.84	26.9	30	0.87
441	125.03	180.24	30	1.4
442	94.07	28.16	28	0.82
443	198.2	192.87	28	1.25
444	22.79	66.75	30	0.52
445	197.18	151.76	29	0.95
446	91.15	166.66	29	0.73
447	148.71	177.79	30	0.79
448	186.65	117.72	29	1.11
449	158.87	101.57	33	1.01
450	121.36	57.69	30	0.82
Period: 29
Tasks:8
id	x	y	end	c
455	64.88	115.7	31	38.47
456	184.54	151.28	33	98.88
457	20.69	10.27	32	119.76
458	47.63	151.96	32	73.77
459	116.63	170.44	30	72.38
460	101.5	164.54	32	64.56
461	4.38	123.85	32	98.55
462	73.44	128.32	30	38.83
Drivers: 21
id	x	y	end	sensitivity
451	136.54	55.34	29	1.01
452	88.71	84.22	30	1.61
453	184.64	106.59	29	1.68
454	24.39	171.56	29	1.86
455	7.81	115.93	30	1.61
456	109.42	76.68	29	1.9
457	178.05	10.41	31	1.86
458	141.29	33.96	32	0.77
459	137.82	18.83	30	0.83
460	129.65	144.07	31	1.47
461	123.45	162.13	29	1.91
462	119.74	118.08	30	0.62
463	153.53	179.77	32	0.9
464	72.31	152.69	31	0.95
465	168.95	15.69	31	0.71
466	139.76	183.94	30	1.19
467	180.52	124.75	29	1.85
468	66.41	61.12	30	0.78
469	198.96	147.9	29	1.51
470	57.57	57.74	30	1.07
471	184	181.05	32	1.94
Period: 30
Tasks:15
id	x	y	end	c
463	191.96	92.68	30	92.25
464	3.63	89.36	34	96.96
465	105.58	185.49	32	85.67
466	114.41	56.04	30	46.26
467	37.14	47.62	31	81.82
468	121.91	59.13	31	46.37
469	65.61	78.74	32	40.43
470	192.15	41.86	32	108.96
471	55	77.7	31	50.22
472	175.26	183.31	32	112.27
473	12.72	73.86	35	91.11
474	146.75	131.9	31	56.6
475	130.87	180.45	36	86.17
476	55.94	146.92	32	64.36
477	62.94	129.44	32	47.33
Drivers: 19
id	x	y	end	sensitivity
472	67.92	98.56	30	0.99
473	73.02	17.66	31	1.93
474	170.63	53.19	30	1.67
475	70.81	3.97	30	1.11
476	27.55	129.24	30	0.72
477	133.2	159.42	31	0.72
478	11.76	103.85	32	0.89
479	39.82	115.65	30	1.14
480	118.03	81.8	33	0.88
481	6.49	176.02	30	1.74
482	89.63	8.09	30	1.27
483	156.73	2.51	30	1.79
484	61.59	98.12	30	1.46
485	3.24	124.93	31	1.75
486	63.42	49.82	30	1.61
487	191.37	167.08	30	1.59
488	187.32	37	32	1.31
489	138.96	36.38	31	1
490	67.3	109.51	31	1.66
Period: 31
Tasks:13
id	x	y	end	c
478	192.69	9.01	34	129.89
479	194.67	133.55	35	100.44
480	111.49	74.25	33	28.2
481	113.87	196.67	32	97.66
482	59.11	29.23	33	81.73
483	13.37	56.2	32	97.07
484	79.64	90.83	33	22.33
485	189.09	161.92	35	108.49
486	162.72	29.11	32	94.65
487	136.14	82.04	31	40.36
488	115.31	56.19	32	46.41
489	68.4	119.76	33	37.27
490	195.75	54.65	31	105.95
Drivers: 10
id	x	y	end	sensitivity
491	155.8	146.27	31	1.42
492	107.98	125.9	33	1.63
493	20.87	101.62	34	1.57
494	166	57.23	33	0.7
495	37.9	48.02	32	1.55
496	149.94	20.58	34	1.42
497	158.15	184.23	33	1.51
498	4.03	133.04	31	0.68
499	85.93	22.61	32	1.22
500	137.98	23.04	32	0.77
Period: 32
Tasks:14
id	x	y	end	c
491	161.42	132.49	33	69.48
492	132.53	94.17	33	33.05
493	197.3	100.18	32	97.3
494	149.82	157.25	33	75.89
495	126.03	79.52	36	33.12
496	196.55	58.85	33	104.95
497	198.81	96.5	35	98.87
498	22.13	81.35	32	80.07
499	124	95.69	33	24.38
500	7.93	129.33	35	96.63
501	90.52	156.99	36	57.77
502	148.32	172.47	34	87.1
503	63.89	74.83	35	44.02
504	68.84	34.8	34	72.26
Drivers: 18
id	x	y	end	sensitivity
501	36.17	44.39	34	0.59
502	43.39	98.16	34	1.86
503	58.03	9.42	32	1.54
504	41.02	129.33	35	1.76
505	55.88	122.58	33	1.13
506	138.83	17.82	36	1.48
507	193.69	128.45	32	0.6
508	40.35	111.03	32	1.37
509	23.64	79.47	33	1
510	176.04	98.68	32	1.62
511	89.42	137.52	35	1.78
512	72.33	26.57	32	1.07
513	0.1	169.31	33	0.74
514	101.79	149.31	32	1.35
515	103.69	100.43	32	0.66
516	64.52	13.69	34	1.59
517	35.96	53.11	34	0.52
518	126.43	77.93	33	0.53
Period: 33
Tasks:12
id	x	y	end	c
505	23.74	193.6	35	120.73
506	63.87	142.5	33	55.78
507	131.98	50.86	34	58.63
508	80.58	179.53	34	81.87
509	64.14	175.31	35	83.41
510	113.74	197.47	36	98.43
511	136.69	75.26	33	44.25
512	146.99	6.63	35	104.53
513	37.08	97.38	33	62.97
514	102.17	3.99	37	96.03
515	169.83	101.86	35	69.85
516	74.12	98.23	35	25.94
Drivers: 13
id	x	y	end	sensitivity
519	77.27	16.26	33	0.86
520	54.99	104.37	34	1.26
521	91.51	185.78	33	1.34
522	141.32	99.9	33	0.93
523	18.56	154.07	34	1.52
524	135.54	13.77	35	0.9
525	169.35	61.33	33	0.66
526	23.75	182.64	34	1.11
527	33.71	46.92	34	0.91
528	53.94	117.5	35	1.15
529	173.54	126.98	33	1.45
530	136.73	68.25	33	1.41
531	35.29	13.57	33	1.62
Period: 34
Tasks:19
id	x	y	end	c
517	144.74	101.68	36	44.77
518	183.68	16.78	35	118.02
519	193.38	43.98	37	108.89
520	128.84	163	37	69.29
521	58.33	111.59	34	43.25
522	139.44	30.19	35	80.18
523	125.84	131.61	37	40.83
524	72.27	104.3	34	28.06
525	124.68	19.49	35	84.21
526	162.69	49.3	36	80.63
527	160.51	80.37	36	63.61
528	136.9	176.58	36	85.01
529	109.68	98.74	38	9.76
530	181.74	197.57	34	127.28
531	190.19	109.45	35	90.68
532	119.3	95.9	38	19.73
533	80.99	35.63	38	67.12
534	187.72	94.69	37	87.88
535	174.76	13.08	36	114.65
Drivers: 15
id	x	y	end	sensitivity
532	75.72	37.88	35	1.3
533	62.05	46.25	34	1.16
534	188.9	101.95	36	1.94
535	165.25	160.92	36	1.87
536	147.46	172.9	34	1.3
537	8.55	65.96	37	1.6
538	153.99	154.13	35	0.6
539	80.36	164.92	34	1.96
540	129.74	24.93	35	1.48
541	35.49	180.96	35	0.84
542	40.72	14.3	34	0.76
543	198.66	38.2	37	0.83
544	187.61	167.96	34	1.99
545	80.49	21.6	36	1.92
546	103.81	134.83	35	1.78
Period: 35
Tasks:18
id	x	y	end	c
536	65.99	159.77	36	68.77
537	67.66	88.72	37	34.25
538	192.82	3.49	38	133.9
539	178.75	14.83	35	116
540	66.9	69.15	37	45.25
541	72.59	42.77	37	63.46
542	131.67	30.06	37	76.78
543	53.58	160.86	38	76.54
544	88.14	39.84	39	61.32
545	51.3	136.2	36	60.68
546	75.33	98.78	36	24.7
547	129.49	119.86	38	35.55
548	45.8	126.74	38	60.44
549	98.69	182.86	36	82.87
550	91.4	16.62	38	83.82
551	17.29	10.77	41	121.67
552	44.15	153.78	38	77.53
553	81.64	180.94	38	83
Drivers: 16
id	x	y	end	sensitivity
547	182.23	144.26	35	1.57
548	31.27	186.11	35	1.7
549	154.25	179.89	36	1.56
550	70.99	29.43	37	1.28
551	97.24	6.99	36	0.73
552	189.76	183.81	35	1.14
553	169.92	32.09	35	1.96
554	130.54	15.52	35	1.59
555	115.54	57.91	36	1.53
556	151.43	145.5	35	1.28
557	193.49	73.46	36	1.31
558	152.84	173.37	35	0.78
559	151.39	158.92	36	1.76
560	81.96	173.06	35	1.45
561	103.87	40.08	36	0.53
562	80.07	118.8	37	1.74
Period: 36
Tasks:18
id	x	y	end	c
554	38.6	74.41	39	66.52
555	62.64	25.02	39	83.77
556	136.73	59.1	36	54.97
557	3.16	154.57	37	111.16
558	5.99	35.59	37	113.96
559	60.38	45.56	38	67.33
560	90.85	100.48	37	9.16
561	149.57	119.28	37	53.19
562	125.62	56.8	39	50.23
563	1.81	126.48	38	101.7
564	148.48	169.87	39	85.04
565	26.97	19.54	38	108.66
566	106.61	107.83	39	10.25
567	43.2	83.28	39	59.21
568	143.85	48.32	37	67.78
569	138.11	141.29	38	56.19
570	181.46	23.07	39	112.04
571	91.48	12.49	37	87.92
Drivers: 13
id	x	y	end	sensitivity
563	63.73	106.58	37	1.26
564	79.9	9.78	37	1.05
565	128.84	159.56	37	1.37
566	6	31.57	37	1.53
567	170.37	130.56	36	1.63
568	181.31	63.23	36	1.44
569	79.09	5.47	36	1.46
570	82.45	15.59	36	0.7
571	187.3	76.94	36	1.51
572	48.63	114.21	39	1.59
573	30.34	31.98	36	1.66
574	126.53	114.49	38	1.68
575	155.81	180.59	36	0.76
Period: 37
Tasks:12
id	x	y	end	c
572	64.02	156.29	40	66.81
573	100.56	39.23	40	60.77
574	66.14	19.02	38	87.77
575	28.92	75.37	39	75.23
576	66.15	169.18	41	77.02
577	30.35	66.14	37	77.44
578	48.12	178.08	38	93.74
579	184.19	39.11	38	103.9
580	154.85	56.54	39	69.98
581	134.56	197.39	39	103.34
582	178.82	79.89	40	81.34
583	51.27	2.21	40	109.26
Drivers: 15
id	x	y	end	sensitivity
576	77.84	133.95	38	1.37
577	127.32	197.27	38	1.56
578	22.89	171.34	37	1.85
579	67.36	55.92	38	1.5
580	108.12	17.2	37	1.69
581	6.32	119.93	38	0.71
582	130.88	158.45	39	1.73
583	3.7	25.38	37	1.83
584	189.36	95.51	38	0.74
585	84.62	44.73	38	0.9
586	45.8	44.66	38	1.3
587	164.73	191.91	37	1.22
588	129.82	37.04	38	1.25
589	126.92	126.93	37	1.94
590	59.82	163.11	38	1.7
Period: 38
Tasks:18
id	x	y	end	c
584	2.02	61.03	39	105.45
585	143.58	145.57	40	63.05
586	184.06	149.55	39	97.58
587	9.68	148.07	40	102.32
588	144.73	99.74	41	44.73
589	22.23	11.54	41	117.79
590	2.8	89.58	41	97.76
591	29.61	20.01	38	106.55
592	41.32	30.82	38	90.72
593	107.57	22.18	42	78.19
594	181.39	139.82	39	90.61
595	145.66	83.7	40	48.48
596	128.76	157.6	41	64.38
597	83.73	74.6	39	30.16
598	154.67	76.39	40	59.55
599	3.38	181.52	40	126.42
600	85.48	105.74	40	15.61
601	157.56	146.92	43	74.26
Drivers: 13
id	x	y	end	sensitivity
591	147.49	137.47	38	1.16
592	138.44	155.2	39	1.12
593	94.16	73.8	40	1.82
594	29.49	32.45	38	1.16
595	156.41	118.78	39	1.75
596	100.4	123.25	38	1.04
597	196.66	108.92	40	1.89
598	144.42	135.38	39	0.8
599	97.79	81.42	38	1.73
600	165.35	43.52	41	1.42
601	116.58	166.41	38	1.04
602	111.99	198.55	38	1.39
603	21.65	140.59	40	1.06
Period: 39
Tasks:12
id	x	y	end	c
602	174.08	92.08	40	74.5
603	192.27	10.25	40	128.72
604	75.72	4.38	39	98.65
605	17.94	86.97	43	83.09
606	75.2	95.55	44	25.2
607	176.02	181.26	42	111.28
608	151.53	82.02	45	54.58
609	47.76	31.26	41	86.34
610	43.05	92.81	39	57.4
611	43	174.48	41	93.79
612	151.37	96.39	43	51.5
613	109.6	174.65	41	75.26
Drivers: 16
id	x	y	end	sensitivity
604	87.17	22.29	39	1.12
605	181.55	72.03	41	1.17
606	46.74	166.97	39	0.93
607	169.21	11.78	40	0.99
608	2.78	95.83	40	1.25
609	169.1	94.23	39	1.3
610	124.4	112.48	39	1.73
611	8.78	73.31	42	1.94
612	27.3	17.5	41	0.78
613	99.87	175.6	41	1.34
614	65.96	119.96	40	1.12
615	133.76	42.15	41	0.73
616	41.86	54.61	40	0.69
617	164.19	29.69	41	0.71
618	174.03	171.29	40	1.23
619	22.38	166.6	42	0.77
Period: 40
Tasks:13
id	x	y	end	c
614	74.12	101.91	40	25.95
615	22.93	106.01	45	77.3
616	151.9	125.5	42	57.83
617	140.46	44.72	41	68.5
618	19.48	40	45	100.42
619	89.82	192.99	40	93.55
620	167.51	58.34	40	79.33
621	110.54	41.66	42	59.28
622	134.36	134.42	43	48.63
623	183.18	105.26	41	83.35
624	34.11	194.27	42	115.01
625	22.97	185.03	42	114.73
626	177.5	148.69	42	91.53
Drivers: 14
id	x	y	end	sensitivity
620	154.55	105.73	40	1.26
621	196.94	160.22	42	1.82
622	160.86	169.79	40	1.52
623	107.21	2.39	41	1.72
624	113.74	113.05	40	0.63
625	0.44	115.6	41	1.74
626	76.36	167.21	41	1.64
627	135.16	16.56	40	1.74
628	100.71	14.09	40	1.57
629	195.67	81.63	43	1.39
630	43.62	89.27	40	1.81
631	47.95	184.69	41	1.89
632	25.51	18.59	42	1.16
633	198.77	168.06	40	0.98
Period: 41
Tasks:10
id	x	y	end	c
627	11.39	183.69	44	121.88
628	194.2	164.04	41	113.91
629	147.85	123.54	41	53.33
630	40.81	181.83	43	100.99
631	54.09	102.91	42	46
632	154.34	117.98	44	57.24
633	114.57	109.13	41	17.19
634	35.53	38.55	44	89.06
635	30.76	43.43	46	89.41
636	179.37	96.91	42	79.43
Drivers: 17
id	x	y	end	sensitivity
634	199.25	83.97	42	0.57
635	128.37	111.35	42	1.22
636	171.99	57.95	41	0.73
637	168.62	49.38	42	0.79
638	34.7	117.89	41	1.02
639	138.19	4.3	41	1
640	175.66	110.41	42	1.7
641	108.75	98.26	44	1.57
642	147.72	156.83	44	1.45
643	198.41	75.65	41	1.49
644	151.99	54.1	41	1.67
645	187.65	130.16	42	1.04
646	47.11	89.65	43	1.06
647	196.44	159.41	41	0.68
648	87.24	129.75	42	0.74
649	13.7	49.94	43	0.78
650	135.05	79.37	42	1.09
Period: 42
Tasks:9
id	x	y	end	c
637	166.53	49.08	46	83.78
638	82.97	69.04	44	35.33
639	43.7	196.14	46	111.41
640	6.1	83.9	45	95.27
641	125.06	163.24	44	68.02
642	80.99	139.86	44	44.16
643	55.88	198.4	44	107.84
644	68.7	169.2	46	75.95
645	24.92	165.68	44	99.75
Drivers: 8
id	x	y	end	sensitivity
651	43.06	26.42	42	1.31
652	134.87	141.34	43	0.69
653	87.99	71.71	43	1.3
654	40.54	147.16	44	1.15
655	7.12	98.59	43	0.92
656	179.66	163.65	42	0.7
657	96.11	77.98	44	1.42
658	147.9	47.26	43	0.67
Period: 43
Tasks:17
id	x	y	end	c
646	104.88	15.63	44	84.51
647	169.13	195.51	47	117.9
648	70.46	181.61	45	86.79
649	36.23	42.19	46	86.07
650	140.76	45.85	44	67.78
651	171.46	10.97	46	114.16
652	139.4	92.79	43	40.05
653	40.96	199.56	44	115.75
654	52.6	106.97	47	47.91
655	41.76	124.63	45	63.23
656	98.11	163.13	47	63.16
657	70.52	172.55	44	78.31
658	134.28	185.19	44	91.83
659	33.52	175.52	44	100.61
660	113.93	101.84	44	14.05
661	118.56	153.47	43	56.6
662	168.69	186.24	44	110.25
Drivers: 10
id	x	y	end	sensitivity
659	35.78	159.99	44	1.84
660	60.31	99.22	47	0.72
661	154.32	32.81	44	1.11
662	9.49	77.19	44	1.07
663	105.5	111.67	44	0.58
664	145.15	51.07	45	1.59
665	63.99	136.22	44	1.31
666	186.31	91.18	43	1.14
667	184.38	18.38	45	1.31
668	50.49	76.83	46	0.64
Period: 44
Tasks:13
id	x	y	end	c
663	12.06	172.58	47	114.02
664	94.42	118.19	47	19.03
665	127.15	22.56	46	82.06
666	114.66	197.56	47	98.66
667	111.84	62.3	45	39.52
668	99.89	74.46	44	25.54
669	21.39	90.86	46	79.14
670	42.26	30.83	48	90.1
671	31.29	135.35	45	77.27
672	2.32	155.47	46	112.33
673	129.12	138.68	45	48.42
674	60.63	82.26	45	43.18
675	117.46	169.84	45	71.99
Drivers: 12
id	x	y	end	sensitivity
669	50.76	33.53	46	0.94
670	82.19	50.64	45	1.76
671	25.48	118.01	46	1.9
672	102.59	73.26	44	1.98
673	170.51	119.59	44	0.62
674	63.55	6.51	45	1.7
675	135.59	147.35	45	0.92
676	7	177.15	47	0.68
677	54.16	26.14	46	1.64
678	74.44	120.56	45	0.87
679	118	9.3	46	1.09
680	89.84	66.79	44	1.95
Period: 45
Tasks:11
id	x	y	end	c
676	48.84	155.87	48	75.75
677	97.85	191.07	48	91.1
678	36.44	61.01	46	74.57
679	41.78	194.8	46	111.25
680	185.05	48.23	46	99.57
681	95.73	60.23	46	40
682	41.12	136.59	48	69.32
683	106.24	94.32	48	8.44
684	58.25	32.45	47	79.41
685	68.42	38.15	46	69.45
686	148.9	163.21	45	79.92
Drivers: 14
id	x	y	end	sensitivity
681	94.65	131.19	46	1.32
682	61.56	31.22	46	1.71
683	36.74	180.14	45	1.12
684	166.05	120.25	45	1
685	60.99	82.75	45	1.45
686	30.7	199.74	45	0.6
687	44.67	148.17	47	1.45
688	63.78	110.39	45	0.75
689	198.22	101.53	46	1.65
690	198.54	138.6	45	0.83
691	117.85	0.69	46	0.58
692	97.42	90.85	46	1.25
693	32.37	183.94	45	1.58
694	115.59	65.5	46	1.73
Period: 46
Tasks:18
id	x	y	end	c
687	122.15	59.42	49	46.23
688	166.26	87.66	46	67.4
689	91.2	103.78	49	9.58
690	36.16	187.98	47	108.7
691	49.57	144.78	48	67.44
692	5.04	63.57	49	101.71
693	160.6	92.43	49	61.07
694	145.8	115.8	49	48.45
695	140.7	170.67	47	81.55
696	142.49	44.49	47	69.91
697	38.74	116.49	47	63.44
698	69.41	133.06	48	45.04
699	107.17	72.75	46	28.18
700	144.74	60.54	49	59.66
701	146.19	59.11	46	61.69
702	47.21	77.92	47	57.22
703	38.33	4.28	46	113.87
704	36.46	86.04	49	65.06
Drivers: 12
id	x	y	end	sensitivity
695	73.14	176.14	46	2
696	153.8	178.84	48	0.92
697	54.19	181.97	48	0.6
698	143.25	52.96	48	1.78
699	163.71	18.51	47	0.81
700	154.16	80.78	46	1.42
701	66.11	105.52	48	1.2
702	166.39	27.95	49	1.15
703	69.81	32.73	46	1.28
704	101.34	3.13	47	0.6
705	13.56	123.31	47	1.93
706	186.72	59.6	46	1.99
Period: 47
Tasks:13
id	x	y	end	c
705	53.59	40.17	49	75.72
706	10.36	147.39	49	101.4
707	157.85	80.41	48	61.08
708	84.73	140.43	48	43.22
709	196.51	7.07	48	133.98
710	132.35	37.79	52	70.12
711	183.03	21.83	53	114.04
712	84.77	86.11	47	20.61
713	56.37	38.28	49	75.58
714	196.59	2.8	49	137.03
715	121.99	118.37	48	28.65
716	8.65	33.56	51	112.96
717	141.82	189.61	50	98.89
Drivers: 24
id	x	y	end	sensitivity
707	2.35	122.67	48	1.84
708	152.97	100.42	47	0.51
709	105.68	196.46	47	0.76
710	34.42	41.92	49	1.24
711	35.78	182	47	1.79
712	70.42	92.57	48	0.59
713	158.12	74.12	48	1.14
714	12.62	116.3	48	1.41
715	167.66	36.8	47	1.72
716	157.52	23.54	48	0.51
717	18.68	188.06	48	1.76
718	140.84	56.56	47	1.95
719	21.37	88.06	47	1.7
720	155.31	151.2	49	1.32
721	185.37	105.48	50	0.7
722	145.9	27.04	47	1.65
723	112.71	196.27	47	0.81
724	89.13	53.16	49	1.04
725	99.45	85.53	47	1.08
726	102.14	165.7	49	1.59
727	195.95	29.54	47	0.6
728	46.16	67.93	47	0.66
729	25.49	178.83	49	1.09
730	72.98	121.41	47	1.17
Period: 48
Tasks:9
id	x	y	end	c
718	4.19	132.79	48	101.27
719	153	188.28	50	102.97
720	3.89	199.37	50	138.24
721	139.12	175.01	48	84.6
722	114.79	21.91	49	79.48
723	131.22	135.53	51	47.3
724	33.49	158.78	49	88.76
725	155.09	50.81	50	73.86
726	194.35	143.78	50	104.01
Drivers: 22
id	x	y	end	sensitivity
731	13.91	148.24	48	0.53
732	104.88	151.28	49	0.74
733	88.36	187.52	49	0.92
734	134.64	165.85	49	0.93
735	128.95	43.31	49	0.83
736	115.99	52.48	48	1.07
737	148.59	197.89	49	1.76
738	11.31	180.63	50	1.79
739	30.5	181.29	48	1.63
740	179.23	8.08	48	0.86
741	128.64	88.37	50	0.56
742	63.59	102.62	48	1.09
743	158.96	75.73	48	1.82
744	4.05	83.09	48	1.26
745	0.97	196.29	50	1.97
746	144.65	118	49	1.12
747	69.59	86.38	48	1.24
748	67.17	74.19	50	1.64
749	84.25	179.38	50	1.54
750	15.94	156.98	49	1.29
751	20.08	140.41	48	1.13
752	1.77	9.6	49	1.64
Period: 49
Tasks:20
id	x	y	end	c
727	118.89	126.66	51	32.67
728	147.27	46.83	52	71.14
729	50.18	100.21	50	49.82
730	42.77	186.61	53	103.81
731	153.13	1.43	50	111.98
732	4.57	63.36	52	102.22
733	161.84	24.53	50	97.57
734	15.26	101.53	49	84.75
735	148.1	111.54	50	49.46
736	127	52.97	52	54.23
737	123.93	170.53	49	74.48
738	69.13	132.94	51	45.14
739	172.36	170.96	53	101.35
740	97.12	58.09	49	42.01
741	93.85	171.77	52	72.03
742	184.28	50.27	54	97.86
743	29.83	152.38	51	87.56
744	96.58	15.36	53	84.71
745	131.52	38.51	50	69.1
746	41.1	38.4	51	85.23
Drivers: 19
id	x	y	end	sensitivity
753	166.12	75.07	51	1.5
754	116.88	36.57	49	0.77
755	148.44	58.66	49	1.41
756	189.42	113.18	50	1.49
757	1.95	194.88	51	1.97
758	145.37	91.13	49	1.94
759	57.44	189.69	51	1.34
760	38.5	48.08	50	0.74
761	0.2	182.38	51	1.39
762	195.19	97.51	51	1.3
763	109.74	10.49	51	0.81
764	179.09	199.35	51	0.95
765	101.78	102.73	51	0.71
766	195.19	189.77	50	1.88
767	48.19	177.14	49	0.76
768	3.6	162.22	51	1.19
769	12.7	86.31	50	1.1
770	1.68	89.81	51	0.58
771	152.58	58.32	49	1.87
Period: 50
Tasks:17
id	x	y	end	c
747	59.27	50.51	51	64.1
748	72.81	82.71	51	32.22
749	31.42	41.55	52	90.11
750	198.38	36.45	52	117.12
751	39.36	131.99	54	68.56
752	85.93	182.98	52	84.16
753	85.64	107.52	51	16.21
754	90.69	112.03	52	15.21
755	11.75	113.13	50	89.22
756	162.62	98.98	50	62.63
757	21.34	62.16	51	87.29
758	186.41	103.41	50	86.48
759	40.22	22.04	55	98.24
760	93.29	43.73	51	56.67
761	39.27	195.32	54	113.02
762	166.35	138.97	54	76.95
763	70.25	1.01	52	103.36
Drivers: 26
id	x	y	end	sensitivity
772	3.84	54.06	51	1.91
773	91.6	83.02	51	1.51
774	161.8	129.29	52	1.62
775	71.75	105.28	51	1.38
776	122.24	69.98	51	0.92
777	15.19	29.63	50	1.17
778	19.52	94.94	51	0.54
779	94.69	51.76	51	1.24
780	111.36	161.89	51	0.91
781	103.27	109.5	52	1.29
782	64.78	194.51	51	1.19
783	73.92	42.01	51	1.3
784	162.53	54.4	51	1.55
785	57.36	78.44	51	1.21
786	161.39	78.76	50	0.75
787	114.27	102.04	53	1.14
788	28.98	104.75	51	0.83
789	32.45	18.14	51	0.58
790	112.99	62.31	51	1.26
791	192.63	71.76	50	0.75
792	15.27	18.72	53	0.91
793	126.73	24.88	51	1.9
794	161.19	140.55	53	1.64
795	54.69	116.11	50	1.23
796	132.78	15.69	51	1.08
797	1.78	127.13	51	0.72
Period: 51
Tasks:15
id	x	y	end	c
764	2.93	39.55	52	114.35
765	57.23	36.72	54	76.38
766	80.58	154.58	52	57.93
767	190.41	82.38	53	92.11
768	193.79	19.31	52	123.72
769	34.3	153.82	52	84.93
770	143.38	192.57	51	102.23
771	39.12	120.39	51	64.2
772	5.22	53.38	51	105.63
773	77.61	155.88	54	60.2
774	144.09	158.74	53	73.45
775	21.67	175.86	52	109.04
776	163.77	122.11	53	67.49
777	188.48	10.75	52	125.68
778	192.24	164.03	54	112.29
Drivers: 12
id	x	y	end	sensitivity
798	55.03	174.86	52	1.72
799	133.44	118.86	52	1.74
800	179.71	69.01	52	0.66
801	59.22	110	51	0.58
802	27.87	123.86	51	1.37
803	19.41	169.15	52	1.66
804	135.78	160.37	52	1.68
805	128.4	148.46	52	1.75
806	72.06	152.48	53	1.45
807	81.59	198.1	53	1.18
808	143.73	49.86	52	0.97
809	9.77	157.26	53	1.18
Period: 52
Tasks:14
id	x	y	end	c
779	104.34	76.48	52	23.92
780	65.81	16.02	54	90.67
781	34.45	32.74	54	93.92
782	164.39	185.35	54	106.91
783	12.08	160.24	53	106.58
784	136.64	100.44	53	36.64
785	87.1	3.07	53	97.78
786	111.37	137.65	56	39.33
787	174.72	12.36	55	115.17
788	35.11	132.54	55	72.59
789	80.92	44.25	56	58.92
790	11.87	183.38	54	121.32
791	36.15	185.44	53	106.66
792	10.85	59.91	55	97.75
Drivers: 23
id	x	y	end	sensitivity
810	155.66	186.76	55	0.8
811	25.12	181.96	53	0.51
812	184.55	104.03	54	1.53
813	170.23	141.88	54	1.77
814	21.01	177.75	57	1.41
815	46.3	26.55	53	1.29
816	96.87	103.65	53	1.87
817	25.9	8.15	52	1.44
818	85.43	176.08	54	1.47
819	75.04	74.59	53	0.72
820	102.89	166.46	54	1.31
821	77.37	132.47	53	1.97
822	142.21	192.16	53	1.5
823	57.53	105.48	53	0.85
824	156.54	193.76	53	1.84
825	34.21	13.05	52	1.07
826	191.05	89.48	54	1.8
827	21.75	11.83	52	1.82
828	27.07	171.67	52	1.81
829	64.71	11.85	52	1.03
830	111.26	135.3	52	0.54
831	98.01	133.37	52	0.83
832	149.84	193.54	53	1.52
Period: 53
Tasks:7
id	x	y	end	c
793	97.16	38.22	54	61.85
794	162.52	10.38	54	109.27
795	31.79	64.71	53	76.8
796	140.98	83.67	57	44.11
797	67.11	190.53	55	96.32
798	60.09	132.75	54	51.63
799	147.6	25.95	53	88.03
Drivers: 9
id	x	y	end	sensitivity
833	194.9	198.35	55	0.82
834	194.95	154.46	55	1.53
835	117.79	36.82	55	1.25
836	120.22	159.8	55	1.68
837	181.75	187.93	55	1.78
838	5.35	11.16	53	1.29
839	2.83	33.26	54	0.8
840	13.53	176.54	53	1.57
841	10.79	170.21	53	1.27
Period: 54
Tasks:19
id	x	y	end	c
800	19.83	84.77	54	81.6
801	49.06	99.56	57	50.94
802	53.1	171.22	57	85.28
803	162.29	31.02	55	92.94
804	130.44	169.73	55	76.08
805	20.71	46.07	55	95.89
806	141.39	65.42	55	53.93
807	56.82	162.18	57	75.7
808	112.81	6.11	59	94.76
809	191.87	178.92	57	121.11
810	194.37	36.52	57	113.73
811	42.75	154.73	54	79.2
812	28.94	175.17	59	103.44
813	191.74	38.79	58	110.29
814	184.91	121.35	57	87.55
815	189.86	29.06	57	114.49
816	103.79	105.48	56	6.66
817	179.09	188.61	54	118.77
818	79.86	151.28	57	55.09
Drivers: 11
id	x	y	end	sensitivity
842	162.62	99.82	56	0.75
843	183.68	54.6	55	0.92
844	184.65	69.18	56	1.36
845	95.65	37.64	54	0.84
846	165.01	59.57	55	1.56
847	111.76	155.42	56	1.48
848	192.36	187.84	54	0.64
849	10.78	167.29	55	1.29
850	186.71	84.44	55	0.73
851	124.28	127.52	56	1.17
852	36.69	101.5	54	1.96
Period: 55
Tasks:19
id	x	y	end	c
819	16.69	140.57	57	92.66
820	59.59	29.72	55	81.07
821	41.7	72.77	56	64.35
822	106.1	98.35	57	6.32
823	3.84	176.57	57	122.92
824	130.87	27.79	57	78.53
825	49.18	38.76	56	79.58
826	40.35	22.22	58	98.02
827	15.05	53.16	59	97.01
828	178.54	43.01	56	97.04
829	157.08	22.66	57	96.12
830	119.29	119.86	57	27.69
831	193.8	29.03	55	117.62
832	118.73	47.2	59	56.02
833	51.82	103.55	59	48.31
834	149.48	122.8	56	54.48
835	82.29	123.68	58	29.57
836	135.07	167.89	56	76.41
837	33.07	92.99	57	67.3
Drivers: 12
id	x	y	end	sensitivity
853	157.76	96.05	56	1.54
854	114.74	111.25	56	1.93
855	116.44	51.17	55	1.95
856	36.74	106.31	55	0.73
857	19.65	34.58	56	0.91
858	44.44	85.7	57	1.13
859	3.42	39.9	56	1.35
860	185.42	179.37	55	0.53
861	13.78	82.49	56	1.71
862	165.8	0.52	55	1.75
863	107.6	142.19	55	0.8
864	198.32	52.07	55	1.26
Period: 56
Tasks:9
id	x	y	end	c
838	130.13	108.56	58	31.32
839	102.22	178.18	59	78.21
840	2.18	43.51	57	112.96
841	179.38	44.88	58	96.64
842	142.86	133.71	58	54.53
843	30.19	125.18	57	74.21
844	111.81	107.22	57	13.84
845	123.2	171.47	57	75.14
846	193.96	11.99	59	128.74
Drivers: 15
id	x	y	end	sensitivity
865	166.03	93.52	57	1.03
866	77.36	137.46	58	0.51
867	154.19	109.1	57	1.8
868	102.7	180.96	56	1.35
869	2.35	8.09	58	0.76
870	13.32	107.28	56	1.79
871	72.34	64.37	57	1.96
872	190.32	113.74	57	1.21
873	67.04	175.45	58	0.53
874	52.97	52.92	56	1.57
875	138.82	130.43	56	0.85
876	2.04	119.85	56	1.21
877	102.07	8.74	56	1.52
878	97.98	100.26	56	1.03
879	34.4	183.24	56	1.74
Period: 57
Tasks:21
id	x	y	end	c
847	10.1	145.5	61	100.76
848	67.56	6.74	61	98.74
849	7.77	188.11	60	127.55
850	188.75	50.14	60	101.8
851	99.45	98.91	60	1.22
852	152.38	27.25	58	89.65
853	18.31	54.08	58	93.71
854	198.33	12.72	57	131.48
855	158.04	90.07	58	58.88
856	116.17	96.1	60	16.63
857	65.06	108.88	60	36.05
858	34.72	102.77	62	65.34
859	181.86	108.55	59	82.31
860	139.03	8.01	58	99.93
861	109.67	180.9	57	81.48
862	116.39	68.33	59	35.66
863	102.82	40.63	59	59.44
864	169.46	128.44	59	75.06
865	146.16	132.99	58	56.74
866	57.35	18.33	61	92.14
867	65.17	124.88	59	42.8
Drivers: 23
id	x	y	end	sensitivity
880	76.65	128.03	57	1.69
881	122.4	70.05	60	0.91
882	74.62	198.32	57	2
883	98.86	102.95	57	1.89
884	105.98	188.21	57	1.67
885	196.28	183.39	58	0.76
886	95.47	93.74	57	1.96
887	96.73	43.2	57	1.88
888	197.87	133.36	59	1.78
889	65.18	19.24	57	1.75
890	103.77	131.93	58	1.24
891	189.95	130.77	57	1.72
892	33.19	193.92	59	1.63
893	198.42	27.01	58	1.95
894	89.07	135.87	58	1.99
895	72.47	131.72	57	0.52
896	126.99	96.96	58	0.87
897	47.88	4.72	58	1.42
898	43.37	97.16	59	1.77
899	25.65	126.21	58	0.71
900	80.27	75.65	58	0.61
901	163.42	50.61	57	1.45
902	51.59	63.04	57	0.85
Period: 58
Tasks:14
id	x	y	end	c
868	39.45	169.26	58	92
869	29.8	164.55	60	95.37
870	179.81	51.97	59	93.15
871	184.71	40	62	103.81
872	78.71	66.13	59	40.01
873	105.18	11.19	61	88.96
874	170.66	123.03	59	74.32
875	107.16	13.71	59	86.59
876	0.69	106.58	62	99.53
877	5.16	133.48	60	100.58
878	41.32	24.18	60	95.87
879	130.23	160.96	64	68.04
880	2.14	42.51	63	113.5
881	129.03	145.04	59	53.58
Drivers: 14
id	x	y	end	sensitivity
903	199.02	27.56	58	1.79
904	104.72	79.89	59	1.55
905	42	162.19	59	0.67
906	114.61	52.02	60	1.07
907	121.72	85.42	62	1.77
908	20.95	35.61	61	0.59
909	46.51	105.64	58	0.57
910	155.32	149.27	59	0.9
911	117.04	118.8	59	1.18
912	13.74	85.76	59	0.53
913	69.94	60.6	59	1.5
914	39.9	36.21	60	1.74
915	114.38	180.02	58	1.94
916	194.79	0.46	59	1.23
Period: 59
Tasks:15
id	x	y	end	c
882	81.18	47.48	61	55.79
883	137.19	171.86	63	80.91
884	32.14	13.11	61	110.25
885	84.19	21.34	63	80.23
886	57.06	67.49	63	53.86
887	160.6	62.55	61	71.24
888	185.68	170.42	62	110.91
889	110.71	56.91	61	44.4
890	56.06	170.02	62	82.67
891	169.6	37.2	59	93.74
892	40.47	135.61	60	69.37
893	76.07	48.45	60	56.83
894	105.94	17.43	59	82.78
895	47.1	131.76	60	61.7
896	66.75	72.07	59	43.42
Drivers: 8
id	x	y	end	sensitivity
917	170.72	75.46	60	1.38
918	83.14	159.84	60	1.68
919	41.11	66.09	59	1.94
920	193.09	69.33	61	0.62
921	1.47	118.63	60	1.45
922	57.49	172.58	59	1.22
923	44.42	6.5	59	1.65
924	50.29	110.18	60	1
Period: 60
Tasks:13
id	x	y	end	c
897	132.24	110.05	60	33.77
898	192.87	43.97	63	108.46
899	148.63	30.82	63	84.56
900	164.17	171.76	64	96.27
901	184.27	93.76	63	84.5
902	132.43	115.91	62	36.12
903	27.24	64.42	61	80.99
904	168.9	194.5	61	116.95
905	124.38	105.39	63	24.97
906	74.01	188.95	61	92.67
907	73.77	46.16	62	59.89
908	186.59	132.04	64	92.33
909	109.05	51.33	60	49.5
Drivers: 11
id	x	y	end	sensitivity
925	109.23	5.24	61	1.82
926	107.02	75.93	60	1.46
927	136.77	69.57	62	1.83
928	149.91	132.56	62	1.57
929	43.17	183.8	61	1.2
930	72.43	67.68	60	1.03
931	190.12	155.53	60	1.7
932	173.99	2.01	60	0.97
933	26.32	101.83	60	0.78
934	170.65	72.19	61	0.9
935	137	145.01	61	0.81
Period: 61
Tasks:21
id	x	y	end	c
910	122.01	113.35	63	25.74
911	190	91.69	63	90.38
912	153.67	49.61	62	73.62
913	133.77	135.84	62	49.24
914	151.88	40.62	61	78.85
915	54.86	28.51	61	84.55
916	190.89	189.91	66	127.85
917	40.39	72.17	63	65.79
918	48.55	77.88	64	56
919	23.21	102.03	64	76.82
920	95.58	172.9	61	73.03
921	174.79	15.85	62	112.58
922	65.11	197.85	63	103.88
923	88.02	167.56	62	68.61
924	75.41	56.24	64	50.2
925	194.14	187.26	64	128.36
926	114.45	107.99	64	16.51
927	192.51	186.53	64	126.67
928	10.63	108.31	61	89.76
929	192.81	113.48	62	93.78
930	105.62	114.07	63	15.15
Drivers: 17
id	x	y	end	sensitivity
936	65.53	41.1	61	0.81
937	198.75	4.47	63	1.98
938	81.12	14.19	63	1.92
939	17.12	104.06	62	1.58
940	62.8	60.71	63	1.4
941	127.91	79.38	63	1.15
942	65.34	22.57	67	1.83
943	152.93	97	61	1.84
944	176.32	120.4	62	1.9
945	119.94	113.53	62	0.62
946	68.64	23.16	62	1.06
947	182.05	65.13	62	1.91
948	168.89	19.19	63	1.23
949	85.4	41.75	61	1.25
950	62.3	162.24	62	0.91
951	34.3	59.82	63	1.66
952	64.48	7.71	62	1.1
Period: 62
Tasks:9
id	x	y	end	c
931	177.67	152.92	62	93.98
932	100.59	84.49	62	15.52
933	49.62	60.79	63	63.84
934	142.77	128.07	63	51.16
935	22.55	4.02	66	123.33
936	105.31	96.46	66	6.38
937	129.8	191.65	64	96.37
938	32.59	114.43	66	68.94
939	175.72	95.18	68	75.87
Drivers: 10
id	x	y	end	sensitivity
953	160.63	46.71	64	1.07
954	121.34	51.44	64	1.75
955	92.93	102.59	63	1.64
956	44.17	94.28	63	0.78
957	154.87	53.5	64	0.92
958	106.46	86.12	63	1.44
959	155.35	89.51	62	0.99
960	121.8	7.32	62	1.13
961	98.96	14.71	63	0.6
962	112.59	123.46	62	0.65
Period: 63
Tasks:4
id	x	y	end	c
940	189.03	147.46	65	100.89
941	39.12	25.69	63	96.06
942	193.54	191.21	66	130.65
943	198.71	92.25	64	99.01
Drivers: 19
id	x	y	end	sensitivity
963	47.1	69.3	67	1.48
964	170.68	121.28	63	1.39
965	23.43	79.79	64	0.98
966	90.54	74.82	64	1.9
967	189.28	109.64	64	0.52
968	108.15	15.61	65	1.84
969	58.79	142.27	64	1.98
970	130.54	67.12	64	1.63
971	34.74	35.6	63	0.54
972	173.21	4.46	64	1.27
973	75.18	94.35	63	1.91
974	43.55	56.81	64	0.71
975	106.81	66.42	68	1.73
976	95.31	193.36	63	0.87
977	167	25.93	65	0.88
978	198.31	185.66	65	0.68
979	128.15	110.23	64	1.72
980	190.43	98.94	64	1.46
981	16.69	96.68	63	1.49
Period: 64
Tasks:12
id	x	y	end	c
944	55.76	43.59	65	71.69
945	12.22	24.37	68	115.87
946	38.2	80.84	69	64.7
947	109.95	80.39	65	21.99
948	64.49	182.23	65	89.57
949	86.14	198.21	65	99.18
950	127.9	198.19	67	102.08
951	12.8	97.45	65	87.24
952	126.69	58.2	65	49.59
953	91.48	148.83	66	49.57
954	76.4	42.98	66	61.71
955	178.4	118.28	64	80.5
Drivers: 17
id	x	y	end	sensitivity
982	110.44	13.88	65	1.48
983	74.05	55.49	64	1.27
984	103.05	181.44	64	1.19
985	158.12	127.09	64	1.66
986	59.66	67.03	64	1.54
987	191.54	25.2	66	1
988	183.76	155.24	66	1.1
989	80.77	191.67	65	0.98
990	196.2	1.71	64	0.96
991	134.69	85.88	65	1.78
992	147.2	172.1	66	1.54
993	12.15	57.04	64	1.36
994	167.69	195.02	65	0.71
995	106.96	175.9	66	1.49
996	91.29	86.69	65	0.61
997	165.21	124.21	65	0.78
998	96.42	149.14	65	1.28
Period: 65
Tasks:18
id	x	y	end	c
956	57.15	0.27	70	108.55
957	9.39	50.79	65	103.11
958	111.5	56.43	67	45.06
959	162.26	15	68	105.36
960	121.47	11.52	65	91.05
961	91.84	152.47	71	53.1
962	113.01	85.48	66	19.5
963	64.2	21.08	67	86.66
964	164.3	77.01	69	68.29
965	128.15	160.3	67	66.55
966	11.14	19.05	69	120.2
967	16.27	55.25	67	94.94
968	11.42	40.89	66	106.49
969	113.06	95.78	67	13.72
970	67.77	50.9	67	58.73
971	12.14	139.45	67	96.31
972	163.69	17.16	66	104.49
973	20.03	159.97	67	99.96
Drivers: 17
id	x	y	end	sensitivity
999	74.13	24.74	68	1.11
1000	48.34	125.51	65	1.32
1001	102.71	137.85	66	0.63
1002	130.95	159.06	67	1.59
1003	12.72	165.69	66	0.85
1004	172.19	184.68	66	0.99
1005	57.94	109.75	67	1.26
1006	166.05	186.07	68	1.89
1007	141.96	130.46	68	0.98
1008	194.1	114.43	66	1.65
1009	91.71	171.98	66	1.82
1010	143.17	72.82	66	0.51
1011	31.33	152.47	66	1.03
1012	54.19	180.5	65	0.98
1013	154.63	192.52	66	1.38
1014	125.74	126.73	69	1.67
1015	50.43	173.85	65	0.97
Period: 66
Tasks:15
id	x	y	end	c
974	15.37	87.36	69	85.57
975	163.64	189.99	69	110.22
976	92.31	16.97	69	83.39
977	112.66	104.74	68	13.52
978	114.55	176.17	67	77.55
979	145.63	104.59	67	45.86
980	120.92	112.06	68	24.15
981	155.11	58.24	69	69.14
982	136.03	8.08	69	98.73
983	185.63	140.64	66	94.78
984	23.47	172.26	68	105.25
985	128.28	53.59	67	54.35
986	167.96	72.36	67	73.37
987	157.65	132.83	69	66.34
988	180.62	197.84	68	126.78
Drivers: 14
id	x	y	end	sensitivity
1016	27.36	79.36	68	1.13
1017	102.27	28.01	66	0.99
1018	59.26	19.1	67	1.81
1019	137.91	139.56	66	1.81
1020	86.41	170.69	66	1.35
1021	144.8	149.06	66	1.42
1022	74.26	128.95	66	1.29
1023	14.97	90.3	68	0.53
1024	13.47	101.51	66	1.6
1025	26.85	37.81	68	0.52
1026	24.65	151.57	68	1.11
1027	72.63	149.88	67	2
1028	163.47	17.6	67	0.62
1029	167.52	112.33	68	1.54
Period: 67
Tasks:19
id	x	y	end	c
989	30.78	94.48	68	69.44
990	71.13	34.58	70	71.51
991	43.65	144.46	69	71.78
992	105.97	173.38	70	73.62
993	95.59	5.01	70	95.09
994	175.82	147.66	68	89.56
995	29.59	196.8	68	119.7
996	20.62	89.67	70	80.05
997	45.58	38.8	69	81.9
998	98.23	13.65	72	86.37
999	185.54	84.54	70	86.93
1000	121.54	157.64	69	61.53
1001	3.93	28.57	69	119.72
1002	49.8	194.01	71	106.57
1003	17.61	16.68	68	117.18
1004	115.75	138.1	70	41.23
1005	18.06	128.71	72	86.82
1006	23.31	179.74	69	110.63
1007	17.86	37.43	72	103.26
Drivers: 16
id	x	y	end	sensitivity
1030	3.69	24.14	67	1.16
1031	106.84	72.17	68	0.66
1032	144.79	11.74	68	1.29
1033	114.07	12.15	69	1.72
1034	185.91	145.32	67	1.9
1035	116.1	114.76	67	1.89
1036	166.76	63.18	68	0.8
1037	41.49	193.02	70	1.51
1038	112.29	186.52	69	0.53
1039	116.46	118.22	68	1.3
1040	53.97	136.41	68	1.12
1041	4.19	182.22	69	0.61
1042	26.37	5.7	67	0.98
1043	57.2	17.2	69	0.84
1044	35.44	8.1	67	0.88
1045	165.35	174.74	68	1.21
Period: 68
Tasks:25
id	x	y	end	c
1008	150.33	70.76	71	58.21
1009	22.37	174.74	70	107.76
1010	192.44	104.64	70	92.56
1011	107.7	46.18	72	54.37
1012	131.25	142.93	70	53.1
1013	65.64	38.57	70	70.39
1014	128.46	129.97	68	41.33
1015	157.37	194.72	70	110.74
1016	5.26	75.16	69	97.94
1017	143.54	154.52	69	69.77
1018	165.99	196.71	71	117.08
1019	176.99	130.79	68	82.92
1020	63.16	118.17	73	41.08
1021	74.02	12.13	70	91.63
1022	80.41	156.25	68	59.56
1023	164.18	61.39	70	74.9
1024	58.77	72.43	71	49.6
1025	66.6	145.98	71	56.83
1026	49.96	116.2	68	52.6
1027	51.19	71.7	70	56.42
1028	40.85	133.33	71	67.89
1029	16.56	5.68	72	125.93
1030	45.77	29.4	70	89.02
1031	94.07	16.41	71	83.8
1032	76.49	58.45	70	47.74
Drivers: 15
id	x	y	end	sensitivity
1046	162.81	65.85	69	1.21
1047	19.47	76.07	69	1.16
1048	7.2	54.86	68	1.32
1049	124.79	131.08	68	0.88
1050	20.74	130.38	69	1.43
1051	131.73	197.72	68	1.64
1052	1.92	114.5	70	1.1
1053	60.07	158.4	69	1.51
1054	115.34	190.23	71	1.98
1055	162.45	8	68	1.66
1056	9.9	51.57	69	0.77
1057	182.04	123.02	68	1.81
1058	143.18	115.62	69	1.39
1059	169.83	175.57	69	1.68
1060	107.39	39.95	69	0.83
Period: 69
Tasks:12
id	x	y	end	c
1033	79.59	153.56	70	57.32
1034	77.01	189.68	69	92.58
1035	32.67	102.49	70	67.38
1036	84.06	61.66	70	41.52
1037	178.61	159.79	70	98.76
1038	33.77	94.14	70	66.49
1039	106.15	69.93	74	30.69
1040	29.86	161.42	69	93.23
1041	140.5	156.44	70	69.47
1042	14.71	18.53	71	117.95
1043	117.05	115.68	73	23.16
1044	56.05	11.43	71	98.87
Drivers: 14
id	x	y	end	sensitivity
1061	182.22	52.9	71	1.98
1062	113.1	14.52	72	0.56
1063	70.13	36.33	69	0.77
1064	153.98	70.11	69	1.96
1065	38.57	36.7	69	1.36
1066	148.36	144.71	69	1.89
1067	133.29	114.31	69	1.16
1068	73.06	182.71	71	1.35
1069	144.64	68.73	70	0.66
1070	187.99	146.09	70	1.39
1071	25.25	198.97	70	0.97
1072	43.11	127.25	69	1.35
1073	104.5	31.24	70	1.93
1074	123.99	86.82	69	0.73
Period: 70
Tasks:18
id	x	y	end	c
1045	75.47	164.3	71	68.82
1046	60.35	121.06	72	44.9
1047	115.71	158.97	73	61.03
1048	172.13	12.7	71	113.24
1049	39.5	138.86	71	71.91
1050	168.72	117	72	70.79
1051	3.19	195.63	70	136.08
1052	131.9	135.88	70	48.01
1053	42.24	9.14	72	107.67
1054	199.76	173.89	71	124.14
1055	73.04	169.11	71	74.18
1056	177.79	146.04	70	90.39
1057	38.44	113.19	70	62.96
1058	179.75	119.78	75	82.17
1059	74.09	186.26	70	90.07
1060	103.73	185.7	71	85.78
1061	97.97	101.8	71	2.71
1062	13.74	106.48	71	86.5
Drivers: 11
id	x	y	end	sensitivity
1075	44.61	132.42	72	1.25
1076	32.65	0.68	71	0.67
1077	13.24	124.07	71	0.78
1078	103.9	72.61	73	1.43
1079	20.7	19.41	71	1.36
1080	47.73	94.32	71	1.58
1081	27.08	198.24	73	1.02
1082	10.55	77.27	71	1.13
1083	87.65	69.02	71	1.26
1084	62.96	29.59	73	1.52
1085	9.55	26.82	70	0.7
Period: 71
Tasks:10
id	x	y	end	c
1063	133.05	16.23	72	90.05
1064	131.36	42.92	73	65.13
1065	147.98	102.81	73	48.06
1066	67.31	119.06	74	37.84
1067	192.01	195.12	71	132.34
1068	79.35	24.73	73	78.05
1069	182.07	4.11	75	126.22
1070	81.78	51.34	74	51.96
1071	173.15	98.51	71	73.17
1072	111.03	111.51	74	15.94
Drivers: 24
id	x	y	end	sensitivity
1086	96.56	6.85	74	1.71
1087	96.4	37.13	72	1.12
1088	172.7	41.21	72	1.33
1089	90.73	153.47	73	1.42
1090	83.61	30.16	72	1.99
1091	179.41	127.78	73	1.47
1092	101.78	141.84	71	1.65
1093	99.23	141.05	71	1.23
1094	32.5	135.12	74	1.21
1095	128.54	28.32	71	1.27
1096	120.87	87.01	72	1.79
1097	130.64	46.94	72	0.68
1098	137.61	42.45	71	1.59
1099	192.75	186.6	71	0.53
1100	14.79	103.09	71	0.74
1101	44.33	6.08	73	1.27
1102	147.38	165.16	71	1.66
1103	82.11	137.01	73	1.19
1104	114.92	141.68	71	1.49
1105	62.24	164.41	71	0.96
1106	32.18	16.72	72	0.74
1107	189.45	11.46	72	0.87
1108	151.49	108.14	72	0.82
1109	8.3	181.87	72	1.88
Period: 72
Tasks:15
id	x	y	end	c
1073	73.89	85.04	74	30.09
1074	191.83	127.75	76	95.93
1075	79.19	134.09	77	39.94
1076	181.02	107.34	76	81.35
1077	171.02	98.88	73	71.03
1078	95.64	9.39	74	90.71
1079	63.66	172.66	72	81.24
1080	25.34	16.11	73	112.3
1081	22.63	152.19	74	93.33
1082	174.04	76.8	77	77.59
1083	140.24	186.23	73	95.16
1084	100.01	163.8	74	63.8
1085	1.49	199.07	73	139.71
1086	180.61	177.6	72	111.89
1087	126.25	117.5	73	31.55
Drivers: 23
id	x	y	end	sensitivity
1110	103.3	21.98	73	1.19
1111	36.72	159.02	73	1.62
1112	0.03	178.91	72	1.63
1113	8.39	63.33	75	1.34
1114	194.06	16.12	73	1.31
1115	129.13	41.33	76	1.84
1116	183.73	121.53	73	1.22
1117	74.9	119.83	72	1.47
1118	45.43	23.2	74	0.92
1119	122.39	125.21	72	1.77
1120	58.44	187.82	75	1.2
1121	6.55	190.48	73	1.22
1122	180.8	127.4	72	0.85
1123	169.76	192.93	72	0.83
1124	168.68	99.23	73	1.16
1125	99.67	170.64	72	1.12
1126	77.88	34.07	72	1.99
1127	119.02	9.05	73	0.69
1128	104.27	181.29	73	0.78
1129	189.73	163.37	72	0.55
1130	13.95	45.01	73	1.84
1131	28.6	199.26	72	0.92
1132	40.48	4.04	75	1.09
Period: 73
Tasks:10
id	x	y	end	c
1088	28.58	39.09	74	93.87
1089	18.36	64.1	78	89.18
1090	62.3	54.77	76	58.88
1091	6.54	60.69	76	101.39
1092	124.75	5.33	74	97.85
1093	55.45	91.11	74	45.43
1094	133.99	101.38	76	34.02
1095	125.07	110.95	74	27.36
1096	121.27	118.38	77	28.11
1097	41.21	100.23	75	58.79
Drivers: 20
id	x	y	end	sensitivity
1133	23.4	13.48	74	1.37
1134	136.65	165.03	76	0.51
1135	179.16	126.01	75	1.71
1136	20.49	175.49	73	0.82
1137	74.76	127.74	74	1.54
1138	113.97	83.31	73	1.42
1139	3.93	157.33	75	0.95
1140	115.74	70.52	74	1.93
1141	35.18	137.05	74	1.75
1142	58.77	28	73	1.85
1143	39.81	158.92	74	0.7
1144	45.54	98.72	73	1.24
1145	35.82	123.29	74	0.93
1146	130.11	135.09	76	0.79
1147	166.79	196.77	73	0.7
1148	74.05	100.25	74	1.04
1149	93.11	121.17	76	1.73
1150	79.53	73.63	74	0.69
1151	41.47	136.67	75	0.58
1152	105.23	40.55	73	0.51
Period: 74
Tasks:13
id	x	y	end	c
1098	104.5	126.65	77	27.03
1099	154.74	168.12	75	87.39
1100	178.32	120.36	74	80.92
1101	76.44	150.44	74	55.67
1102	60.7	181.14	77	90.16
1103	40.37	149.54	78	77.52
1104	47.4	130.21	78	60.66
1105	186.21	176.17	76	115.04
1106	92.07	192.94	75	93.28
1107	169.42	159.37	79	91.35
1108	76.38	128.64	75	37.12
1109	3.04	113.21	74	97.86
1110	152	124.43	78	57.45
Drivers: 19
id	x	y	end	sensitivity
1153	65.45	135.64	74	1.17
1154	185.6	94.08	75	0.81
1155	8.19	162.8	75	1.2
1156	150.23	51.82	75	1.35
1157	28.67	73.77	74	1.71
1158	183.43	41.15	75	0.66
1159	121.89	102.49	75	0.97
1160	181.63	11.18	74	0.8
1161	65.04	74.36	76	1.28
1162	150.71	97.49	74	0.91
1163	93.15	139.37	76	1.11
1164	37.26	139.51	74	0.64
1165	6.56	40.93	74	1.68
1166	68.81	53.58	74	1.92
1167	58.25	158.96	75	1.24
1168	165.8	11.81	74	1.68
1169	16.9	89.89	74	1.75
1170	198.72	62.93	75	1.16
1171	28.86	111.39	75	1.44
Period: 75
Tasks:10
id	x	y	end	c
1111	23.58	148.77	75	90.66
1112	44.5	114.84	76	57.45
1113	134.68	11.48	78	95.07
1114	45.07	18.02	77	98.68
1115	44.95	49.48	76	74.72
1116	140.43	10.89	76	97.85
1117	1.99	184.05	76	129.11
1118	60.84	72.67	78	47.75
1119	165.3	134.42	76	73.82
1120	109.07	185.15	78	85.63
Drivers: 11
id	x	y	end	sensitivity
1172	106.38	124.89	76	1.23
1173	74.52	197.82	75	0.88
1174	100.12	112.52	76	0.71
1175	166.52	52.48	76	1.38
1176	40.13	125.66	78	0.58
1177	196.9	19.34	75	1.23
1178	178.45	0.93	77	1.73
1179	157.19	146.3	76	1.53
1180	97.85	23.7	75	1.45
1181	86.16	45.84	76	0.77
1182	193.41	191.52	79	1.22
Period: 76
Tasks:16
id	x	y	end	c
1121	198.48	166.17	77	118.65
1122	139.47	129.49	79	49.27
1123	124.23	129.53	78	38.2
1124	80.33	14.41	78	87.82
1125	81.6	11.67	77	90.23
1126	152.62	27.4	78	89.66
1127	157.67	75.65	77	62.6
1128	60.93	199.93	79	107.3
1129	196.38	166.13	78	116.89
1130	23.45	56.89	78	87.85
1131	188.42	2.04	79	131.96
1132	173.94	44.87	79	92.23
1133	135.73	94.48	77	36.15
1134	170.75	19.5	78	107.17
1135	31.16	65	78	77.23
1136	88.96	154.8	80	55.9
Drivers: 19
id	x	y	end	sensitivity
1183	117.95	179.4	76	1.13
1184	173.16	3.71	78	1.26
1185	199.43	23.72	77	1.7
1186	161.9	100.54	76	0.97
1187	58.21	39.85	76	1.06
1188	91.63	189	76	1.27
1189	188.62	60.84	78	0.93
1190	193.04	34.3	77	1.29
1191	95.85	15.44	76	0.86
1192	42.85	47.61	77	0.6
1193	21.5	185.21	77	0.53
1194	172.12	181.34	78	1.24
1195	1.31	185.86	76	1.65
1196	31.85	171.32	79	0.61
1197	10.96	170.34	77	1.46
1198	185.89	37.53	78	1.46
1199	61.14	185.33	77	1.25
1200	139.41	126.58	76	0.76
1201	182.28	13.94	76	1.82
Period: 77
Tasks:15
id	x	y	end	c
1137	165	158.53	83	87.47
1138	151.42	49.72	79	71.92
1139	132.67	152.17	78	61.56
1140	52.4	168.79	79	83.65
1141	61.59	60.05	78	55.42
1142	165.72	91.17	79	66.31
1143	19.4	1.2	81	127.51
1144	188.6	149.96	80	101.72
1145	15.79	165.12	80	106.45
1146	83.82	151.32	77	53.81
1147	152.87	166.51	79	84.96
1148	40.81	23.46	77	96.76
1149	7.17	134.7	82	99.1
1150	59.51	168.52	78	79.59
1151	64.42	67.04	78	48.5
Drivers: 12
id	x	y	end	sensitivity
1202	167.52	65.59	78	1.35
1203	57.3	150.64	77	0.96
1204	5.49	5.47	80	1.35
1205	161.12	46.28	77	1.93
1206	197.81	8.32	78	1.14
1207	4.5	3.77	78	0.69
1208	18.18	18.24	79	1.18
1209	33.69	145.9	78	1.52
1210	45.18	20.24	79	0.95
1211	37.38	15.88	78	1.31
1212	16.6	35.38	79	1.66
1213	90.31	107.32	77	1.16
Period: 78
Tasks:24
id	x	y	end	c
1152	118.47	60.6	82	43.51
1153	20.45	93.3	82	79.83
1154	63.89	38.83	80	71.03
1155	124.07	137.19	80	44.3
1156	109.05	15.24	81	85.24
1157	61.4	181.06	80	89.78
1158	90.77	96.19	80	9.99
1159	184.26	124.9	80	87.86
1160	56.14	178.74	81	90.13
1161	132.06	129.75	81	43.74
1162	59.18	141.36	79	58.11
1163	51.2	171.17	79	86.29
1164	119.5	25.46	82	77.05
1165	127.55	91.25	83	28.91
1166	41.59	26.29	81	94.05
1167	93.24	171.8	81	72.12
1168	42.67	159.88	81	82.9
1169	142.46	45.42	83	69.15
1170	101.59	87.64	79	12.46
1171	190.04	116	80	91.45
1172	38.5	178.88	80	100.02
1173	49.48	124.88	81	56.31
1174	124.07	199.68	79	102.54
1175	57.78	125.68	85	49.42
Drivers: 11
id	x	y	end	sensitivity
1214	5.12	147.55	78	0.7
1215	178.24	146.67	80	0.65
1216	96.9	135.96	78	0.94
1217	198.4	38.78	79	0.8
1218	186.62	93.07	79	1.97
1219	135.4	101.55	80	0.7
1220	105.82	10.72	79	0.55
1221	111.83	123.04	81	1.11
1222	115.09	127.01	79	0.96
1223	154.86	62.32	79	1.02
1224	32.3	141.05	78	1.61
Period: 79
Tasks:7
id	x	y	end	c
1176	140.71	131.88	83	51.71
1177	198.9	180.09	81	127.26
1178	44.53	44.01	82	78.81
1179	89.97	79.14	80	23.15
1180	118.7	185.79	79	87.8
1181	6.39	174.59	80	119.69
1182	183.61	135.92	80	91
Drivers: 18
id	x	y	end	sensitivity
1225	11.59	95.39	80	1.65
1226	128.9	63.8	79	0.9
1227	159.12	189.53	82	1.71
1228	143.76	101.52	80	1.01
1229	32.21	83.05	81	1.46
1230	27.76	73.58	80	1.13
1231	151.66	109.45	79	1.51
1232	49.12	184.79	82	0.81
1233	36.23	28.85	83	1.51
1234	2.77	46.4	81	1.79
1235	199.58	176.84	79	1.89
1236	5.29	173.46	79	0.91
1237	12	153.37	79	1.16
1238	44.3	52.78	79	0.98
1239	62.28	156.23	80	0.89
1240	3.85	174.36	80	1.9
1241	57.01	95.3	82	1.24
1242	14.06	29.21	81	1.17
Period: 80
Tasks:20
id	x	y	end	c
1183	64.21	182.27	83	89.72
1184	10.04	140.05	80	98.47
1185	147.97	77.01	80	53.19
1186	86.29	105.01	80	14.6
1187	187.82	181.14	82	119.57
1188	169.63	25.25	84	102.16
1189	195.02	98.78	82	95.03
1190	163.93	125.97	82	69
1191	54.94	46.7	82	69.79
1192	82.05	184.41	80	86.3
1193	20.68	2.6	82	125.61
1194	118.77	170.65	82	73.1
1195	135.82	136.75	83	51.32
1196	167.49	184.85	84	108.42
1197	123.44	64.12	81	42.86
1198	63.72	9.34	81	97.65
1199	155.73	70.8	82	62.92
1200	82.39	59.05	83	44.58
1201	51.64	9.78	81	102.36
1202	183.07	7.57	80	124.27
Drivers: 12
id	x	y	end	sensitivity
1243	183.56	34.07	81	1.55
1244	145.36	5.13	82	1.82
1245	166.78	14.22	80	0.64
1246	156.28	98.37	80	0.78
1247	124.74	80.2	80	1.51
1248	165.31	186.16	81	1.11
1249	138.57	110.01	81	1.76
1250	77.67	161.22	81	1.73
1251	122.23	70.52	81	1.38
1252	41.12	7.99	81	1.7
1253	115.47	137.13	80	0.69
1254	27.07	52.46	81	1.88
Period: 81
Tasks:14
id	x	y	end	c
1203	74.36	177.7	85	81.82
1204	0.78	146.47	84	109.56
1205	53.18	195.81	81	106.64
1206	115.26	62.84	87	40.17
1207	113.13	198.23	82	99.1
1208	98.65	12.12	81	87.89
1209	45.26	99.9	83	54.74
1210	159.79	17.5	84	101.89
1211	20.47	22.17	84	111.28
1212	101.85	73.1	83	26.96
1213	176	122.4	84	79.23
1214	146.49	172.41	81	86.05
1215	59.03	193.79	83	102.35
1216	102.16	138.81	82	38.87
Drivers: 19
id	x	y	end	sensitivity
1255	121.27	154.11	83	0.53
1256	85.76	95.67	81	2
1257	18.7	23.33	82	1.71
1258	86.96	197.3	81	1.58
1259	68.72	42.02	81	1.73
1260	103.18	84.91	82	0.98
1261	154.07	179.59	81	1.58
1262	144.89	177.69	81	1.1
1263	140.14	174.92	81	0.56
1264	137.11	151.75	81	0.81
1265	20.57	105.91	83	0.88
1266	194.62	142.92	83	0.92
1267	172.25	37.64	84	1.36
1268	27.25	119.35	82	0.84
1269	21.51	189.34	84	1.84
1270	111.11	21.09	81	0.81
1271	120.86	56.48	81	1.97
1272	46.44	73.29	82	1.98
1273	143.82	6.67	82	2
Period: 82
Tasks:21
id	x	y	end	c
1217	131.25	30.18	85	76.49
1218	178.59	69.55	83	84.28
1219	144.62	145.56	83	63.77
1220	56.84	169.35	84	81.68
1221	166.2	92.19	85	66.66
1222	53.33	185	83	96.97
1223	78.5	48.71	86	55.61
1224	60.78	38.63	83	72.83
1225	37.15	5.8	83	113.24
1226	51.06	94.4	82	49.26
1227	127.91	172.34	84	77.54
1228	129.72	176.55	84	82.12
1229	117.95	175.34	86	77.45
1230	131.82	177.44	86	83.72
1231	12.59	176.43	85	116.11
1232	149.38	194.95	83	107.02
1233	143.4	91.35	82	44.25
1234	136.77	177.17	84	85.48
1235	16.45	167.94	84	107.69
1236	120.14	90.83	84	22.13
1237	171.23	26.28	82	102.51
Drivers: 17
id	x	y	end	sensitivity
1274	148.62	90.02	82	1.28
1275	105.2	85.92	83	1.28
1276	138.96	61.08	84	0.9
1277	35.02	136.97	83	1.25
1278	164.07	184.31	83	1.32
1279	116.04	127.87	82	0.61
1280	27.18	152.64	82	1.2
1281	195.13	48.75	83	1.47
1282	125.03	37.43	82	0.54
1283	152.99	174.03	83	1.86
1284	147.49	137.95	82	1.56
1285	140.96	29.94	82	1.58
1286	56.22	6.13	83	0.52
1287	62.74	26.36	82	1.1
1288	185.07	178.44	82	1.95
1289	70.87	57	83	1.52
1290	27.39	29.36	84	1.24
Period: 83
Tasks:16
id	x	y	end	c
1238	85.42	45.43	83	56.48
1239	33.33	12.96	85	109.64
1240	159.03	131.42	85	66.87
1241	177.41	57.55	83	88.29
1242	100.47	98.39	84	1.68
1243	59.06	125.74	85	48.36
1244	179.6	191.92	84	121.6
1245	160.06	42.72	84	83
1246	26.7	107.72	84	73.71
1247	6.98	28.1	86	117.57
1248	90.87	13.07	84	87.41
1249	79.91	52.62	83	51.46
1250	106.91	143.59	85	44.13
1251	83.76	133.02	85	36.8
1252	173.1	114.32	86	74.49
1253	82.39	130.29	83	35.04
Drivers: 9
id	x	y	end	sensitivity
1291	40.53	122.75	83	1.78
1292	21.49	120.89	84	0.98
1293	166.2	78.65	83	0.55
1294	95.51	151.63	83	1.02
1295	1.35	91.61	83	1.71
1296	54.09	147.54	85	1.42
1297	68.96	17.97	84	1.52
1298	102.98	152.89	84	1.98
1299	104.36	131.25	84	1.71
Period: 84
Tasks:16
id	x	y	end	c
1254	70.93	170.89	85	76.62
1255	186.93	197.66	90	130.75
1256	106.19	198.31	87	98.5
1257	146.41	23.16	86	89.77
1258	141.39	118.97	88	45.53
1259	16.48	114.76	89	84.81
1260	97.97	111.67	86	11.85
1261	14.39	180.6	85	117.58
1262	138.16	162.77	86	73.46
1263	9.17	193.58	86	130.41
1264	116.99	12.53	89	89.1
1265	107.11	21.78	86	78.54
1266	39.49	150	88	78.49
1267	112.75	188.18	88	89.1
1268	190.05	114.22	85	91.17
1269	86.43	79.5	85	24.58
Drivers: 13
id	x	y	end	sensitivity
1300	69.42	77.86	84	0.86
1301	162.59	10.58	84	1.27
1302	88.6	1	86	1.79
1303	65.19	96.05	84	1.1
1304	29.63	112.18	85	1.79
1305	63.57	58.76	86	1.33
1306	68.93	50.38	84	0.5
1307	82.34	37.72	87	1.1
1308	165.63	85.14	86	0.57
1309	65.77	3.13	84	1.64
1310	178.14	182.97	86	0.83
1311	6.75	20.46	86	0.96
1312	70.86	47.69	87	1.02
Period: 85
Tasks:16
id	x	y	end	c
1270	194.03	169.88	89	117.15
1271	159.69	199.79	87	116.28
1272	82.92	119.09	87	25.62
1273	162.86	92.44	87	63.31
1274	10.06	129.98	85	94.81
1275	162.54	68.79	87	69.9
1276	123.57	180.04	86	83.44
1277	100.47	39.23	87	60.77
1278	68.62	193.53	87	98.65
1279	93.69	40.17	89	60.16
1280	61.67	165.52	89	75.91
1281	133.44	92.33	86	34.31
1282	35.6	170.12	87	95.21
1283	29.15	89.55	85	71.62
1284	120.33	175.72	86	78.4
1285	8.33	189.48	86	128.1
Drivers: 11
id	x	y	end	sensitivity
1313	5.48	161.49	86	1.53
1314	114.74	129.92	88	1.7
1315	28.77	121.99	87	1.04
1316	139.11	147.06	86	1.2
1317	162.26	192.97	87	0.96
1318	199.11	28.09	87	0.64
1319	173.72	90.63	87	1.84
1320	106.87	180.5	86	1.28
1321	98.27	30.92	88	1.26
1322	155.84	117.18	88	0.74
1323	50.37	195.91	85	0.68
Period: 86
Tasks:11
id	x	y	end	c
1286	75.53	194.37	88	97.49
1287	3.5	47.03	88	110.08
1288	0.49	182.67	87	129.37
1289	18.73	77.83	86	84.24
1290	136.23	183.41	88	90.94
1291	63.84	170.56	88	79.29
1292	20.48	22.54	89	111.01
1293	50.19	114.45	86	51.86
1294	25.14	192.54	87	119.03
1295	61.67	147.98	87	61.41
1296	194.69	84.62	90	95.93
Drivers: 21
id	x	y	end	sensitivity
1324	196.43	102.35	87	1.73
1325	39.88	19.69	86	1.37
1326	87.79	130.74	87	1.2
1327	85.1	115.39	87	1.76
1328	14	116.52	86	0.6
1329	91.83	69.22	88	1.62
1330	48.35	91.91	87	1.95
1331	44.11	40.83	88	0.76
1332	81.44	178.69	86	0.97
1333	145.94	184.51	87	1.58
1334	70.03	57.11	89	1.18
1335	97.84	90.32	87	0.82
1336	100.93	12.79	86	0.64
1337	21.71	134.25	87	1.8
1338	126.91	8.02	89	1.98
1339	114.26	28.73	87	1.62
1340	55.15	93.57	86	1.98
1341	0.87	153.26	86	1.24
1342	28.83	124.89	88	1.31
1343	63.56	144.91	87	0.97
1344	10.86	158.23	88	1.25
Period: 87
Tasks:13
id	x	y	end	c
1297	66.46	87.4	88	35.83
1298	194.35	24.47	88	120.86
1299	157.93	6.19	94	110.26
1300	80.69	14.68	88	87.48
1301	130.41	10.58	89	94.45
1302	127.52	3.91	88	99.95
1303	45.62	65.66	89	64.32
1304	172.17	44.22	91	91.21
1305	85.09	13.58	88	87.7
1306	28.04	198.41	87	121.91
1307	136.32	116.8	87	40.02
1308	132.26	178.37	87	84.75
1309	27.26	85.28	91	74.21
Drivers: 13
id	x	y	end	sensitivity
1345	174.37	102.34	89	0.54
1346	112.17	126.35	89	0.65
1347	25.87	143.76	87	1.82
1348	25.91	71.25	89	1.43
1349	132.38	135.41	87	1.91
1350	22.5	162.65	88	0.5
1351	79.25	157.96	89	0.96
1352	189.89	128.1	87	0.93
1353	117.06	173.04	90	1
1354	190.34	52.9	87	1.63
1355	71.95	164.4	90	1.85
1356	162.37	159.76	87	1.57
1357	0.2	94.22	90	1.34
Period: 88
Tasks:17
id	x	y	end	c
1310	127.87	53.07	88	54.58
1311	191.47	152.05	90	105.24
1312	177.91	27.98	90	106.1
1313	10.63	77.85	90	92.07
1314	51.67	151.38	89	70.54
1315	56.18	85.37	90	46.2
1316	174.41	98.81	88	74.42
1317	84.26	194.76	89	96.06
1318	22.73	16.82	91	113.53
1319	118.39	84.8	89	23.86
1320	14.04	62.34	91	93.85
1321	171.11	115.27	92	72.73
1322	86.88	58.38	89	43.64
1323	95.37	98.65	91	4.82
1324	34.74	48.61	88	83.07
1325	136.12	179.37	90	87.2
1326	199.03	187.42	90	132.1
Drivers: 14
id	x	y	end	sensitivity
1358	160.25	193.23	88	0.64
1359	54.05	185.61	88	0.65
1360	81.75	78.94	89	1.91
1361	18.21	34.81	88	1.67
1362	6.38	42.96	88	1.58
1363	53.38	49.19	89	0.83
1364	31.4	1.56	90	1.04
1365	8.16	38.26	89	0.71
1366	141.45	183.22	88	0.51
1367	150.18	105.26	89	1.13
1368	37.24	131.17	88	1.81
1369	10.84	71.52	89	1.96
1370	68.33	1.09	89	0.83
1371	115.25	151.2	88	0.84
Period: 89
Tasks:16
id	x	y	end	c
1327	67.27	88.46	91	34.7
1328	145.38	53.56	90	64.93
1329	4.25	94.97	89	95.88
1330	21.35	146.68	91	91.46
1331	19.39	140.82	93	90.36
1332	131.29	172.09	91	78.59
1333	52.01	11.77	89	100.44
1334	46.26	65.72	91	63.74
1335	8.62	68.86	92	96.54
1336	80.94	126.01	91	32.25
1337	77.49	109.88	91	24.58
1338	35.36	24.24	89	99.59
1339	87.88	177.48	89	78.42
1340	83.93	28.29	89	73.49
1341	62.64	89.51	92	38.8
1342	140.34	113.04	94	42.4
Drivers: 17
id	x	y	end	sensitivity
1372	47.21	199.98	91	0.88
1373	29.68	126.43	89	1.1
1374	107.09	40.39	89	0.85
1375	128.59	145.68	91	0.67
1376	128.12	1.85	89	1.4
1377	157.72	133.52	90	1.92
1378	140.52	150.55	91	0.84
1379	114.48	0.28	91	1.15
1380	120.52	10.37	91	1.34
1381	78.09	51.78	91	1.94
1382	14.7	7.44	90	1.19
1383	13.78	183.81	89	1.35
1384	145.45	103.13	90	0.56
1385	4.76	71.19	90	1.2
1386	161.7	132.67	89	1.29
1387	184.15	143.04	92	0.54
1388	97.99	153.64	90	0.79
Period: 90
Tasks:19
id	x	y	end	c
1343	69.61	93.71	93	31.03
1344	24.28	175.46	93	106.9
1345	161.16	148.41	90	78
1346	199.66	160.36	92	116.51
1347	141.61	43.14	95	70.46
1348	108.01	124.28	90	25.57
1349	96.23	111.75	91	12.34
1350	186.26	197.65	92	130.29
1351	1.69	25.55	90	123.32
1352	19.62	136.01	91	88.08
1353	195.31	76.18	90	98.24
1354	130.91	21.96	91	83.94
1355	132.98	174.61	92	81.57
1356	194.6	103.73	92	94.67
1357	183.48	111.16	92	84.22
1358	4.93	34.23	94	115.6
1359	86.47	177.13	91	78.31
1360	169.03	14.11	90	110.19
1361	1.25	80.36	92	100.68
Drivers: 18
id	x	y	end	sensitivity
1389	24.22	178.45	90	1.88
1390	15.58	31.2	90	1.22
1391	155.74	4.5	90	1.89
1392	74.31	91.57	90	1.56
1393	147.87	174.24	91	0.66
1394	76.19	27.8	91	0.72
1395	171.44	148.41	93	1.48
1396	30.07	139.69	90	0.6
1397	187.07	15.97	90	1.77
1398	136.65	187.09	94	1.92
1399	101.3	3.01	91	1.27
1400	51.67	7.63	90	1.5
1401	9.89	77.13	90	0.96
1402	26.82	139.52	90	0.52
1403	21.23	116.62	90	0.6
1404	90.58	115.65	92	0.55
1405	92.88	127.74	91	0.78
1406	12.1	41.16	91	1.19
Period: 91
Tasks:16
id	x	y	end	c
1362	74.97	129.38	95	38.6
1363	53.03	197.18	93	107.94
1364	159.71	101.96	93	59.74
1365	58.58	58.86	91	58.38
1366	158.27	132.72	94	66.83
1367	189.46	108.43	92	89.86
1368	115.16	193.23	93	94.45
1369	54.03	155.06	91	71.73
1370	8.96	98.29	91	91.06
1371	142.25	88.46	96	43.8
1372	131.42	125.36	93	40.38
1373	54.1	40.23	93	75.36
1374	91.08	21.16	94	79.34
1375	98.01	117.57	95	17.68
1376	141	48.04	92	66.19
1377	123.33	28.78	91	74.94
Drivers: 19
id	x	y	end	sensitivity
1407	102.83	174.25	93	1.38
1408	8.44	27.54	93	1.69
1409	199.99	153.75	92	0.74
1410	38.77	25.7	93	0.63
1411	33.91	111.69	92	0.97
1412	98.29	198.29	92	1.8
1413	142.16	143.09	92	1.07
1414	88.54	148.01	95	1.52
1415	100.09	57.92	95	0.84
1416	167.55	19.08	92	1.92
1417	167.96	9.68	92	1.41
1418	189.67	35.37	92	1.92
1419	156.58	69.93	94	1.2
1420	146.6	95.1	92	0.68
1421	102.81	19.08	91	1.75
1422	154.5	68.27	92	0.53
1423	3.56	55.56	92	1.9
1424	99.12	140.37	92	0.88
1425	81.77	41.67	91	1.97
Period: 92
Tasks:25
id	x	y	end	c
1378	133.29	151.61	92	61.42
1379	16.35	65.33	92	90.55
1380	0.31	36.4	95	118.25
1381	183.42	136.67	93	91.12
1382	116.98	154.74	93	57.31
1383	107.58	135.32	94	36.12
1384	11.72	55.23	92	98.98
1385	112.59	165.52	92	66.72
1386	195.94	77.68	92	98.5
1387	185.12	131.34	94	90.71
1388	32.57	64.06	95	76.41
1389	123.92	58.61	93	47.8
1390	116.91	124.9	93	30.1
1391	34.05	94.66	93	66.17
1392	107.94	159.96	93	60.48
1393	51.44	5.9	95	105.89
1394	166.5	126.58	94	71.62
1395	56.96	52.5	94	64.1
1396	136.63	72.17	93	46
1397	15.27	22.27	96	114.98
1398	6.51	117.63	96	95.14
1399	96.83	118.88	93	19.14
1400	174	9.15	95	117.17
1401	117.27	175.03	95	76.99
1402	36.23	143.79	92	77.36
Drivers: 13
id	x	y	end	sensitivity
1426	2.42	104.2	93	1.25
1427	154.18	33.9	92	0.54
1428	87.9	77.47	93	0.81
1429	108.41	136.65	93	0.84
1430	108.94	127.89	92	1.63
1431	76.02	170.16	92	1.28
1432	96.63	139.08	92	1.87
1433	37.3	68.51	95	0.93
1434	15.96	7.08	92	0.84
1435	59.83	180.17	93	1.87
1436	147.07	128.66	92	0.75
1437	9.17	170.95	95	1.27
1438	112.27	11.52	92	1.12
Period: 93
Tasks:14
id	x	y	end	c
1403	65.01	172.39	96	80.4
1404	147.87	188.79	96	100.87
1405	174.22	114.29	95	75.58
1406	99.56	78.46	94	21.54
1407	129.08	155.74	94	62.87
1408	153.23	139.15	93	66.08
1409	154.12	177.88	95	94.84
1410	197.12	62.55	96	104.09
1411	22.56	199.69	95	126.23
1412	193.36	56.17	99	103.14
1413	67.69	35.3	95	72.32
1414	103.77	30.67	94	69.43
1415	151.21	146.17	97	68.95
1416	192.9	97.47	94	92.93
Drivers: 11
id	x	y	end	sensitivity
1439	64.09	165.01	93	0.71
1440	28.97	11.25	95	1.14
1441	109.57	130.86	93	1.76
1442	121.05	35.66	93	1.7
1443	152.71	159.39	95	0.5
1444	113.13	66.82	94	0.88
1445	159.08	25.95	94	1.59
1446	161.74	64.63	94	1.18
1447	18.4	144.04	93	1.88
1448	180.99	37.92	93	1.66
1449	179.29	171.49	93	0.73
Period: 94
Tasks:17
id	x	y	end	c
1417	1.31	191.39	95	134.51
1418	142.65	142.25	95	60.03
1419	123.23	136.14	98	42.96
1420	70.41	130.5	97	42.49
1421	39.3	125.02	96	65.65
1422	49.76	134.05	96	60.69
1423	18.39	34.09	97	104.9
1424	80.36	53.54	94	50.44
1425	38.29	96.17	97	61.83
1426	89.46	154.61	99	55.62
1427	98.8	51.59	94	48.42
1428	111.76	128.61	98	30.93
1429	108.14	193.03	95	93.39
1430	152.04	155.98	97	76.43
1431	27.89	95.25	100	72.27
1432	136.26	96.57	95	36.42
1433	185.16	101.63	95	85.18
Drivers: 10
id	x	y	end	sensitivity
1450	43.16	156.69	94	1.28
1451	36.98	113.96	94	1.42
1452	50.5	195.75	94	1.65
1453	177.83	168.37	94	0.52
1454	54.77	50.42	94	1.31
1455	19.35	108.61	94	0.93
1456	166.89	3	99	1.93
1457	4.59	78	94	1.1
1458	1.3	172.96	96	0.67
1459	113.4	24.27	96	0.71
Period: 95
Tasks:15
id	x	y	end	c
1434	187.09	49.11	96	100.87
1435	112.28	179.87	97	80.81
1436	63.59	109.9	97	37.73
1437	34.21	63.54	99	75.22
1438	30.55	38.74	98	92.61
1439	16.63	129.57	96	88.46
1440	110.65	185.68	99	86.34
1441	122.41	65.5	96	41.14
1442	27.86	63.3	97	80.94
1443	110.04	192.38	96	92.92
1444	33.76	33.17	98	94.1
1445	93.52	99.74	96	6.49
1446	70.95	108.17	97	30.18
1447	192.66	60.71	96	100.65
1448	96.13	192.92	95	93
Drivers: 13
id	x	y	end	sensitivity
1460	146.53	40.81	97	1.62
1461	134.79	14.34	96	0.58
1462	7.54	194.83	97	0.73
1463	171.22	42.9	95	0.85
1464	180.22	40.06	96	1.8
1465	156.95	125.66	96	0.52
1466	115.12	5.52	95	0.67
1467	99.93	74.91	96	1.62
1468	190.23	118.53	95	1.4
1469	8.32	24.58	95	1.91
1470	125.9	12.85	97	1.98
1471	9.42	72.31	95	0.95
1472	7.15	94.4	95	0.99
Period: 96
Tasks:17
id	x	y	end	c
1449	51.32	156.15	96	74.31
1450	173.06	3.8	96	120.8
1451	1.91	192.69	99	134.96
1452	99.19	153.93	97	53.94
1453	112.46	196.63	101	97.43
1454	163.12	59.51	99	74.99
1455	51.7	106.98	99	48.8
1456	48.93	35.25	97	82.47
1457	74.97	23.98	99	80.03
1458	113.12	7.72	100	93.21
1459	66.71	110.11	97	34.79
1460	160.86	161.75	98	86.7
1461	138.21	60	99	55.32
1462	56.2	191.84	96	101.75
1463	155.38	146.75	96	72.47
1464	149.41	121.12	101	53.73
1465	75.52	140.58	97	47.39
Drivers: 19
id	x	y	end	sensitivity
1473	78.89	11.87	101	0.64
1474	167.76	131.92	96	1.24
1475	61.21	146.49	96	1.51
1476	53.68	52.47	96	0.54
1477	154.39	182.03	96	0.99
1478	195.02	90.21	96	1.67
1479	157.65	66.08	96	1.52
1480	151.93	22.86	97	0.61
1481	159.34	118.97	96	1.78
1482	20.47	125.76	97	1.78
1483	143.09	72.79	96	0.79
1484	176.57	80.62	96	1.76
1485	173.62	193.01	96	1.91
1486	186.69	105.85	96	1.16
1487	112.58	66.88	97	1.56
1488	56.98	11.65	98	1.5
1489	181.34	189.81	98	0.64
1490	124.97	110.88	96	1.06
1491	150.76	168.44	97	0.81
Period: 97
Tasks:10
id	x	y	end	c
1466	184.42	145.95	101	96.12
1467	33.01	117.9	101	69.34
1468	180.52	174.64	97	109.79
1469	37.97	96.27	100	62.14
1470	136.28	170.73	98	79.49
1471	151.1	140.79	97	65.38
1472	113.51	137.74	98	40.09
1473	33.05	55.83	98	80.21
1474	150.86	136.56	100	62.64
1475	18.58	61.1	101	90.24
Drivers: 20
id	x	y	end	sensitivity
1492	141.05	168.89	97	1.89
1493	74.17	23.57	99	0.97
1494	178.09	55.81	98	1.86
1495	182.26	189.98	98	0.7
1496	17.87	67.85	98	1.78
1497	86.63	68.08	100	1.08
1498	161.12	193.61	97	1.94
1499	146.51	188.54	97	1.11
1500	143.05	6.53	98	0.67
1501	123.58	132.61	97	0.52
1502	190.64	149.39	98	1.26
1503	68.85	113.8	97	1.78
1504	181.27	92.41	98	0.8
1505	89.53	198.42	99	0.65
1506	119.55	114.59	99	1.74
1507	182.66	37.25	100	1.14
1508	20.81	147.43	99	1.81
1509	150.91	144.68	97	0.76
1510	111.72	186.5	97	1.46
1511	59.15	144.23	97	0.57
Period: 98
Tasks:17
id	x	y	end	c
1476	189.72	170.4	99	114.04
1477	61.84	21.77	100	87.04
1478	85.79	22.73	103	78.57
1479	184.53	151.88	101	99.18
1480	48.07	93.21	99	52.37
1481	32.41	183.52	102	107.44
1482	173.37	129.21	99	78.97
1483	75.77	157.19	99	62.11
1484	192.47	116.05	99	93.85
1485	79.94	55.36	98	48.94
1486	69.31	37.61	102	69.53
1487	0.82	37.07	99	117.46
1488	150.08	35.53	99	81.64
1489	142.95	16.3	98	94.08
1490	20.03	139.96	100	89.4
1491	100.47	138.04	100	38.04
1492	131.98	194.24	98	99.52
Drivers: 14
id	x	y	end	sensitivity
1512	192.15	188.46	99	0.99
1513	94.57	21.41	98	1.17
1514	117.81	73.59	99	2
1515	62.82	177.84	98	0.86
1516	116.95	10.01	102	1.06
1517	132.89	159.16	98	1.07
1518	50.83	105.67	98	1.41
1519	21.01	183.22	99	1.51
1520	95.71	164.99	99	0.69
1521	59.91	12.62	98	1.15
1522	129.43	108.65	100	1.09
1523	188.17	71.61	99	1.83
1524	88.88	173.6	98	2
1525	154.52	70.77	99	1.74
Period: 99
Tasks:14
id	x	y	end	c
1493	14.56	182.05	100	118.46
1494	93.71	58.97	99	41.51
1495	124.62	112.62	103	27.67
1496	71.13	111.47	102	31.07
1497	16.96	194.21	101	125.58
1498	146.52	126.31	101	53.44
1499	101.25	180.77	100	80.78
1500	9.08	184.23	100	123.94
1501	53.33	147.27	100	66.43
1502	1.3	121.37	103	100.99
1503	149.78	3.78	102	108.33
1504	20.96	138.39	101	87.87
1505	113.07	39.74	100	61.66
1506	9.37	37.69	101	109.98
Drivers: 16
id	x	y	end	sensitivity
1526	52.93	199.89	99	1.59
1527	99.46	167.44	99	1.19
1528	135.88	180.47	99	1.76
1529	93.59	50.22	100	1.52
1530	167.57	18.05	101	1.25
1531	69.41	100.26	100	0.53
1532	151.16	41.23	99	1.95
1533	56.74	137.93	100	1.87
1534	140.16	58.96	101	0.63
1535	184.69	18.62	103	0.96
1536	113.81	73.98	99	0.59
1537	46.51	59.87	99	0.76
1538	3.28	162.22	101	1.3
1539	144.75	54.16	100	0.54
1540	42.19	121.76	100	1.67
1541	19.19	79.64	100	0.82
Period: 100
Tasks:15
id	x	y	end	c
1507	112.51	39.36	103	61.92
1508	93.17	0.31	102	99.92
1509	80.29	169.15	101	71.9
1510	68.78	26.1	103	80.22
1511	145.23	60.17	105	60.27
1512	0.11	13.21	103	132.33
1513	1.97	76.07	105	100.91
1514	109.39	11.16	103	89.33
1515	42.1	14.43	103	103.32
1516	57.51	133.81	103	54.3
1517	157.37	154.37	102	79.04
1518	170.87	193.21	101	117.09
1519	76.72	34.98	103	69.06
1520	49.05	83.42	100	53.58
1521	36.01	66.03	102	72.45
Drivers: 12
id	x	y	end	sensitivity
1542	86.43	69.88	100	1.24
1543	48.24	165.31	104	0.69
1544	116.16	125.7	101	0.92
1545	187.67	197.74	100	1.23
1546	94	102.92	100	0.58
1547	22.52	2.72	100	1.48
1548	23.38	118.37	100	0.55
1549	136.73	161.17	100	0.78
1550	63.57	17.66	100	1.04
1551	90.31	173.49	105	1.14
1552	27.57	112.63	101	1.8
1553	101.2	63.89	100	0.66
