Periods: 100
Task Arrival Rate: 5
Task Average Time: 1
Driver Arrival Rate: 10
Driver Average Time: 3
Period: 1
Tasks:8
id	x	y	end	c
1	88.19	169.27	1	70.27
2	44.44	96.02	1	55.7
3	183.01	118.94	3	85.14
4	124.83	15.68	2	87.9
5	109.2	166.78	3	67.41
6	169.75	138.8	1	79.82
7	87.8	35.98	6	65.17
8	13.73	105.44	2	86.44
Drivers: 12
id	x	y	end	sensitivity
1	167.64	103.6	2	1.44
2	14.86	139.12	1	1.52
3	108.89	128.7	3	0.92
4	199.52	84.36	4	0.6
5	191.98	111.56	3	1.68
6	159.66	176.07	8	0.61
7	91.75	195.22	4	0.7
8	16.88	159.88	3	0.95
9	9.71	183.01	7	0.99
10	1.4	184.71	5	0.79
11	156.97	49.82	5	0.91
12	100.18	151.24	2	0.65
Period: 2
Tasks:4
id	x	y	end	c
9	73.51	118.71	2	32.43
10	158.81	171.22	2	92.36
11	114.63	103.07	2	14.95
12	76.92	155.6	3	60.2
Drivers: 8
id	x	y	end	sensitivity
13	190.56	169.52	6	1.58
14	164.26	65.23	8	0.6
15	190.15	65.84	4	1.75
16	111.51	44.11	7	1.85
17	117.12	144.52	7	1.51
18	62.05	128	5	1.52
19	171.56	98.46	3	1.64
20	133.68	133.99	6	0.53
Period: 3
Tasks:2
id	x	y	end	c
13	37.09	129.53	5	69.5
14	80.2	140.97	4	45.5
Drivers: 12
id	x	y	end	sensitivity
21	75.17	93.52	6	1.88
22	195.48	3.85	5	1.86
23	12.78	104.46	7	0.87
24	48.89	128.85	8	1.24
25	165.58	130.13	9	1.71
26	190.79	18.27	7	0.91
27	29.5	115.89	5	0.86
28	101.34	192.65	7	0.99
29	4.47	3.88	4	0.51
30	95.59	153.26	9	1.29
31	166.98	76.06	4	1.83
32	137.33	152.5	9	1.75
Period: 4
Tasks:4
id	x	y	end	c
15	39.46	150	5	78.52
16	184.32	156.58	5	101.54
17	199.77	198.29	4	140.05
18	110.94	125.12	4	27.4
Drivers: 13
id	x	y	end	sensitivity
33	3.86	165.88	6	1.56
34	156.16	36.91	10	1.55
35	94.1	36.18	6	0.82
36	96.7	103.2	4	0.97
37	184.99	65.14	6	1.99
38	40.22	184.18	8	0.78
39	89.08	159.66	6	1.89
40	134.91	129.45	6	1.82
41	73.05	180.38	4	1.92
42	83.11	185.28	8	1.83
43	119.29	77.42	7	1.42
44	45.07	108.13	4	1.45
45	126.45	126.77	5	1.64
Period: 5
Tasks:6
id	x	y	end	c
19	164.07	83.2	5	66.24
20	160.83	22.17	5	98.78
21	138.12	174.73	7	83.89
22	109.02	127.94	5	29.36
23	17.77	95.43	6	82.36
24	167.43	156.28	6	87.83
Drivers: 12
id	x	y	end	sensitivity
46	163.92	44.59	7	0.88
47	8.52	50.07	14	1.94
48	147.69	192.21	10	1.66
49	121.51	118.55	7	1.86
50	27.26	47.64	8	1.23
51	23.82	24.13	7	1.69
52	1.01	99.13	7	1.85
53	8.94	91.97	9	0.59
54	110.78	139.65	9	1.6
55	114.12	189.69	9	0.77
56	42.92	79.98	6	1.07
57	16.74	68	5	0.68
Period: 6
Tasks:8
id	x	y	end	c
25	102.23	152.66	7	52.71
26	35.85	171.06	8	95.73
27	136.35	190.67	6	97.69
28	31.31	80.6	9	71.38
29	113.55	184.41	8	85.49
30	103.89	36.59	6	63.53
31	146.66	19.91	6	92.69
32	28.07	84.09	7	73.67
Drivers: 12
id	x	y	end	sensitivity
58	114.04	150.6	9	0.95
59	154.8	62.18	12	1.02
60	124.41	147.28	9	1.75
61	3.98	178.74	9	1.99
62	77.22	74.44	9	1.09
63	190.34	53.44	8	1.68
64	9.62	7.79	9	0.73
65	85.97	16.84	10	1.85
66	179.75	127.97	7	0.82
67	64.2	148.04	12	1.56
68	144.6	80.36	9	1.4
69	148.13	50.07	11	1.17
Period: 7
Tasks:9
id	x	y	end	c
33	57.38	102.1	10	42.67
34	70.49	126.94	9	39.96
35	126.04	184.03	8	87.97
36	61.13	36.37	8	74.56
37	159.98	60.83	9	71.64
38	191.46	33.37	10	113.16
39	197.88	3.27	9	137.61
40	148.73	154.73	9	73.28
41	149.26	27.05	8	88.02
Drivers: 5
id	x	y	end	sensitivity
70	94.94	36.87	10	0.52
71	60.49	125.63	10	0.93
72	26.46	196.43	14	1.12
73	0.14	40.97	8	1.63
74	35.88	109.84	10	1.95
Period: 8
Tasks:8
id	x	y	end	c
42	94.47	26.99	9	73.22
43	135.47	54.45	10	57.73
44	193.12	149.3	8	105.37
45	196.1	176.78	8	123.01
46	135.4	173.96	8	82
47	175.48	162.16	10	97.78
48	152.87	185.71	9	100.7
49	80.31	124.69	8	31.58
Drivers: 13
id	x	y	end	sensitivity
75	7.6	22.23	9	0.53
76	42.96	52.49	10	1.51
77	177.89	137.87	15	1.63
78	59.29	88.53	9	0.56
79	5.98	114.4	12	0.76
80	5.66	163.53	9	0.65
81	108.18	179.53	10	0.62
82	197.46	85.19	10	1.51
83	66.24	61.53	11	1.77
84	108	107.12	10	1.52
85	87.82	137.76	10	0.56
86	101.59	148.99	11	1.92
87	73.42	160.12	12	1.12
Period: 9
Tasks:7
id	x	y	end	c
50	27.68	72.7	9	77.3
51	178.96	40.9	10	98.63
52	6.75	49.64	9	105.98
53	156.24	160.64	9	82.71
54	46.24	164.43	10	83.91
55	62.88	102.77	11	37.22
56	181.93	154.54	10	98.42
Drivers: 13
id	x	y	end	sensitivity
88	184.06	134.84	11	1.29
89	5.06	56.22	11	1.52
90	160.71	51.16	12	1.09
91	147.21	62.18	12	0.98
92	42.66	156.83	10	1.54
93	193.67	100.05	16	1.3
94	81.63	189.91	10	1.43
95	143.78	9.42	13	0.64
96	54.54	198.85	15	0.55
97	18.07	42.18	11	1.8
98	103.39	113.95	14	1.81
99	82.76	192.88	13	0.75
100	111.61	49.26	13	0.59
Period: 10
Tasks:4
id	x	y	end	c
57	23.15	77.08	11	80.2
58	132.09	34.13	11	73.27
59	99.8	6.3	11	93.7
60	110.87	195.2	11	95.82
Drivers: 9
id	x	y	end	sensitivity
101	59	81.78	14	1.93
102	92.57	173.18	16	1.49
103	123.81	150.12	11	1.86
104	105.92	103.53	13	0.71
105	94.74	112.43	13	1.98
106	160.49	37.59	12	1.49
107	182.1	125.39	13	1.39
108	155.47	7.22	12	0.68
109	71.09	74.38	14	1.57
Period: 11
Tasks:4
id	x	y	end	c
61	96.8	153.03	11	53.13
62	0.39	128.47	12	103.6
63	183.4	172.13	14	110.26
64	96.42	80.92	12	19.41
Drivers: 10
id	x	y	end	sensitivity
110	196.98	96.47	12	1.85
111	21.69	179.78	14	0.82
112	74.15	26.82	13	1.7
113	147.55	11.95	15	0.88
114	97.81	52.14	15	1.1
115	138.56	14.44	12	1.21
116	46.74	119.45	14	0.84
117	87.27	133.8	11	1.55
118	169.25	71.61	13	1.14
119	165.76	12.22	13	1.29
Period: 12
Tasks:5
id	x	y	end	c
65	73.56	34.87	15	70.29
66	120.71	34.33	12	68.86
67	192.14	14.44	13	125.74
68	134.34	111.14	13	36.1
69	110.88	114.74	13	18.32
Drivers: 10
id	x	y	end	sensitivity
120	139.76	84.68	15	1.82
121	160.74	188.31	13	0.79
122	149.69	154.29	12	0.68
123	170.1	77.06	16	1.07
124	67.12	78.21	16	1.17
125	128.13	138.89	13	0.86
126	133.92	106.15	15	1.19
127	103.17	10.6	13	1.72
128	197.46	101.61	16	1.04
129	107.42	85.77	15	0.65
Period: 13
Tasks:8
id	x	y	end	c
70	97.91	104.19	13	4.68
71	86.97	162.72	13	64.06
72	120.04	188.72	15	90.96
73	158.68	31.55	14	90.16
74	114.48	155.1	14	56.97
75	91.48	196.56	15	96.94
76	82.82	196.6	15	98.12
77	13.22	145.03	14	97.77
Drivers: 7
id	x	y	end	sensitivity
130	123.75	59.48	18	0.72
131	176.76	122.66	16	0.91
132	152.64	79.12	15	1.54
133	93.74	162.65	13	0.61
134	46.76	191.5	15	1.3
135	15.42	102.71	18	0.62
136	180.31	129.53	15	1.7
Period: 14
Tasks:7
id	x	y	end	c
78	133.02	179.46	14	86.05
79	5.09	122.72	15	97.59
80	146.04	123.44	14	51.66
81	66.06	52.76	15	58.17
82	153.54	126.33	15	59.66
83	181.72	46.28	15	97.8
84	108.35	110.82	14	13.67
Drivers: 3
id	x	y	end	sensitivity
137	136.27	95.13	19	0.72
138	92.43	67.59	17	1.37
139	12.73	8.64	18	1.21
Period: 15
Tasks:5
id	x	y	end	c
85	12.29	189.5	16	125.31
86	193.13	139.57	16	101.19
87	143.4	7.7	15	101.99
88	24.94	61.93	15	84.16
89	165.81	24.07	17	100.48
Drivers: 8
id	x	y	end	sensitivity
140	87.4	36.13	18	1.22
141	161.02	147.14	18	2
142	36.66	13.27	15	1.76
143	190.58	89.18	18	0.55
144	164.17	95.19	18	1.91
145	182.96	74.63	19	0.89
146	158.57	94.6	17	1.52
147	146.98	68.58	17	1.88
Period: 16
Tasks:3
id	x	y	end	c
90	69.31	164.59	18	71.51
91	188.34	175.73	16	116.36
92	177.02	63.07	18	85.42
Drivers: 8
id	x	y	end	sensitivity
148	147.95	17.47	17	1
149	92.8	121.54	17	1.95
150	174.16	194.24	17	1.5
151	54.78	159.07	17	1.51
152	93.39	75.25	18	1.12
153	196.73	107.36	17	1.51
154	110.58	101.91	20	1.4
155	131.97	190	17	0.69
Period: 17
Tasks:5
id	x	y	end	c
93	21.06	179.77	17	112.23
94	118.87	197.84	17	99.64
95	150.97	91.52	17	51.67
96	130.38	159.95	20	67.21
97	153.28	2.49	17	111.12
Drivers: 11
id	x	y	end	sensitivity
156	39.92	111.68	19	1.43
157	72.58	188.9	20	1.18
158	117.04	110.72	21	1.63
159	119.93	104.03	20	1.24
160	88.42	39.33	20	1.64
161	122.16	142.22	21	0.98
162	118.65	59.77	18	1.24
163	79.7	112.77	20	1.68
164	187.57	53.52	20	1.91
165	1.74	8.41	21	1.32
166	1.64	44.71	24	1.04
Period: 18
Tasks:5
id	x	y	end	c
98	88.83	76.09	18	26.39
99	73.93	34.64	19	70.37
100	76.46	132.65	19	40.25
101	160.85	82.41	18	63.34
102	83.16	114.11	21	21.97
Drivers: 10
id	x	y	end	sensitivity
167	119.48	72.17	23	1.8
168	106.2	193.5	23	1.12
169	130.63	82.19	19	0.91
170	111.74	11.72	21	0.76
171	115.23	1.85	21	0.6
172	180.11	52.96	19	1.14
173	117.57	14.83	25	1.82
174	196.02	109.38	23	1.29
175	197.14	175.02	21	1.88
176	45.88	172.29	23	1.42
Period: 19
Tasks:2
id	x	y	end	c
103	123.76	132.34	20	40.13
104	111.12	92.86	21	13.21
Drivers: 11
id	x	y	end	sensitivity
177	15.86	120.89	20	1.6
178	39.95	74.94	21	0.97
179	85.4	194.34	24	0.62
180	159.58	46.42	22	1.4
181	111.05	47.08	21	1.01
182	40.87	102.77	22	0.89
183	144.34	132.45	21	0.62
184	74.79	66.37	23	0.63
185	81.72	106.63	21	0.52
186	125.91	29.23	23	0.79
187	87.19	177.11	24	1.56
Period: 20
Tasks:3
id	x	y	end	c
105	65.81	55.81	23	55.87
106	184.68	20.06	21	116.45
107	113.58	183.57	20	84.67
Drivers: 11
id	x	y	end	sensitivity
188	195.57	6.24	26	1.06
189	13.4	178.49	24	1.16
190	137.37	0.29	22	1.57
191	181.91	95.62	25	1.75
192	131.36	173.98	23	1.1
193	56.67	146.18	22	1.58
194	5.26	98.04	27	0.66
195	59.91	25.22	23	1.24
196	187.69	77.44	21	1.75
197	98.74	79.43	21	1.95
198	46.75	43.72	23	1.74
Period: 21
Tasks:0
id	x	y	end	c
Drivers: 11
id	x	y	end	sensitivity
199	118.38	44.72	24	1
200	26.87	166.53	26	0.61
201	137.48	187.47	26	1.49
202	74.45	13.34	26	1.93
203	31.93	197.24	22	1.77
204	6.51	95.97	22	1.96
205	116.24	63.58	24	1.63
206	65.05	117.04	27	1.69
207	44.84	159.39	22	1.84
208	177.86	15.66	22	0.5
209	19.59	186.75	26	1.49
Period: 22
Tasks:6
id	x	y	end	c
108	122.79	16.27	22	86.78
109	147.61	142.69	23	63.95
110	162.34	86.07	23	63.88
111	82.21	96.19	22	18.19
112	91.57	115.41	23	17.57
113	197.79	63.57	24	104.36
Drivers: 14
id	x	y	end	sensitivity
210	166.15	10.45	25	0.51
211	154.46	147.26	25	1.55
212	178.4	2.07	28	1.05
213	189.43	106.89	26	0.52
214	132.54	29.24	26	1.35
215	152.42	159.41	23	0.85
216	82.99	31.29	24	1.76
217	130.7	183.18	27	1.33
218	72.87	110.14	24	0.93
219	39.91	96.96	25	1.46
220	151.16	122.08	26	0.63
221	69.46	173.31	24	1.29
222	15.63	168.29	24	1.1
223	163.12	71.01	26	1.54
Period: 23
Tasks:5
id	x	y	end	c
114	146.92	141.76	23	62.81
115	120.04	198.09	24	100.12
116	113.05	147.93	23	49.67
117	4.6	76.79	23	98.18
118	43.77	114.66	24	58.11
Drivers: 8
id	x	y	end	sensitivity
224	6.65	138.17	29	0.91
225	44.42	162.78	26	1.66
226	166.03	20.19	28	1.96
227	96.28	94.21	27	1.6
228	166.27	43.72	25	1.55
229	164.99	34.35	28	1.59
230	1.02	6.54	23	1.72
231	136.02	12.91	30	1.87
Period: 24
Tasks:5
id	x	y	end	c
119	154.19	173.47	24	91.29
120	129.37	155.38	24	62.69
121	153.96	47.06	30	75.59
122	170.63	86.49	25	71.91
123	25.35	85.62	24	76.02
Drivers: 8
id	x	y	end	sensitivity
232	113.36	96.25	25	1.93
233	147.97	23.13	30	1.42
234	183	68.87	28	0.99
235	183.85	6.11	24	1.46
236	50.97	36.86	26	1.55
237	64.83	108.27	28	1.88
238	3.48	75.38	29	0.79
239	143.75	6.08	26	1.19
Period: 25
Tasks:3
id	x	y	end	c
124	7.53	101.74	27	92.49
125	85.48	142.95	26	45.34
126	180.95	23.07	26	111.67
Drivers: 11
id	x	y	end	sensitivity
240	53.7	59.83	28	0.59
241	92.31	174.45	27	0.66
242	193.61	172.13	28	0.58
243	184.31	122.14	26	1.07
244	151.72	178.54	26	1.4
245	67.15	38.87	28	1.13
246	103.35	20.64	27	1.97
247	100	139.6	26	1.26
248	4.82	62.6	26	1.49
249	3.71	39.49	27	1.89
250	22.32	95.83	29	1.29
Period: 26
Tasks:7
id	x	y	end	c
127	78.81	32.54	27	70.71
128	171.67	102.69	28	71.72
129	18.07	8.37	26	122.92
130	127.18	72.43	27	38.72
131	15.8	178	26	114.78
132	141.55	177.95	27	88.33
133	141.48	186.11	26	95.58
Drivers: 11
id	x	y	end	sensitivity
251	12.26	40.57	30	1.2
252	152.18	59.68	32	1.84
253	177.65	102.19	28	1.23
254	72.54	161.36	28	0.88
255	164.9	30.9	29	1.57
256	47.78	26.85	29	0.92
257	56.38	47.97	29	1.64
258	17.42	53.19	27	1.94
259	163.26	96.57	26	1.59
260	42.86	54.88	29	1.17
261	45.59	40.28	31	1.7
Period: 27
Tasks:5
id	x	y	end	c
134	97.13	80.94	27	19.27
135	87.51	193.16	28	93.99
136	172.28	117.03	28	74.26
137	66.38	183.01	27	89.56
138	1.77	187.74	27	131.71
Drivers: 14
id	x	y	end	sensitivity
262	32.72	175.19	32	0.75
263	11.12	75.94	31	1.27
264	16.38	138.83	29	0.62
265	54.78	90.48	30	0.96
266	56.97	189.07	29	0.53
267	154.05	112.12	31	1.74
268	92	50.95	34	0.97
269	116.43	30.85	32	1.15
270	176.04	73.29	30	1.41
271	1.13	109.19	31	0.6
272	82.71	167.59	31	1.65
273	98.16	97.52	28	1.59
274	117.18	101.73	30	0.8
275	177.65	81.97	27	1.21
Period: 28
Tasks:3
id	x	y	end	c
139	167.85	115.5	29	69.6
140	194.57	82.88	28	96.11
141	178.78	22.88	29	110.24
Drivers: 8
id	x	y	end	sensitivity
276	96.05	155.21	34	1.6
277	5.53	75.15	31	1.93
278	18.06	151.65	30	1.76
279	13.45	71.23	32	1.14
280	80.45	26.88	30	0.68
281	82.68	86.71	32	1.13
282	73.94	58.54	29	1.65
283	27.66	43.14	30	1.56
Period: 29
Tasks:3
id	x	y	end	c
142	90.54	184.63	31	85.16
143	68.08	104.91	29	32.3
144	178.56	106.59	30	78.84
Drivers: 12
id	x	y	end	sensitivity
284	72.36	57.59	33	0.99
285	141.56	70.72	31	1.35
286	129.64	37.82	31	1.7
287	85.8	95.9	31	0.92
288	147.64	198.17	31	1.25
289	104.53	95.19	32	1.33
290	167.98	158.41	35	1.98
291	176.5	106.09	32	1.99
292	70.77	175.52	33	1.73
293	26.36	40.14	31	1.67
294	57.96	142.7	32	0.56
295	155.24	67.23	33	1.62
Period: 30
Tasks:3
id	x	y	end	c
145	38.02	131.39	32	69.48
146	126.38	105.28	31	26.9
147	29.48	116.48	31	72.42
Drivers: 8
id	x	y	end	sensitivity
296	18.49	59.32	34	1.44
297	75.74	119.77	34	1.15
298	18.9	101.23	32	1.91
299	38.38	43.32	31	1.31
300	64.46	63.69	34	1.57
301	36.52	82.59	35	1.46
302	105.21	34.65	35	1.55
303	102.98	38.83	32	0.64
Period: 31
Tasks:6
id	x	y	end	c
148	136.44	198.47	32	105
149	169.85	180.58	31	106.64
150	14.15	87.96	31	86.69
151	58.89	72.82	32	49.28
152	139.15	185.83	34	94.34
153	83.87	199.86	32	101.15
Drivers: 12
id	x	y	end	sensitivity
304	105.31	82.5	37	1.27
305	117.83	46.49	33	0.93
306	120.53	7.9	31	1.67
307	47.55	190.9	38	1.1
308	67.65	198.54	38	0.97
309	1.98	35.34	33	1.72
310	63.01	123.69	33	0.83
311	6.42	75.2	34	0.97
312	136.81	22.99	33	0.78
313	108.05	62.4	34	1.66
314	147.16	33.91	36	0.87
315	11.86	18.08	32	1.6
Period: 32
Tasks:7
id	x	y	end	c
154	46.62	39.23	34	80.89
155	96.08	80.33	34	20.06
156	4.75	75.88	33	98.26
157	85.76	127.98	33	31.4
158	59.71	125.64	33	47.76
159	190.81	151.41	32	104.35
160	126.52	180.78	34	85.02
Drivers: 8
id	x	y	end	sensitivity
316	79.75	92.07	37	1.57
317	199.1	145.61	35	0.67
318	111.58	68.47	35	1.48
319	114.45	130.59	38	1.03
320	52.84	199.13	34	1.33
321	163.26	37.46	33	1.58
322	40.78	129.31	35	1.25
323	99	150.5	33	0.58
Period: 33
Tasks:5
id	x	y	end	c
161	109.61	73.87	38	27.84
162	27.94	73.97	35	76.62
163	86.08	79.86	34	24.48
164	130.51	163.55	35	70.49
165	185.14	152.37	33	99.96
Drivers: 17
id	x	y	end	sensitivity
324	86.88	83.27	35	0.7
325	77.42	65.57	39	1.4
326	167.58	16.77	38	1.44
327	31.29	105.59	38	0.97
328	71.67	133.95	37	0.61
329	51.4	5.57	36	1.08
330	47.98	91.89	38	0.8
331	165.81	74.64	36	0.77
332	133.59	114.06	36	0.96
333	65.65	70.88	37	1.03
334	156.33	198.91	34	1.21
335	126.8	93.86	38	1.16
336	176.86	89.01	34	0.53
337	170.09	181.91	38	1.39
338	52.95	106.77	36	1.69
339	27	42.14	34	1.68
340	144.03	129.19	40	0.92
Period: 34
Tasks:6
id	x	y	end	c
166	196.93	39.54	36	114.24
167	199.29	15.36	37	130.47
168	63.33	198.14	34	104.77
169	90.19	141.69	35	42.83
170	32.96	151.98	35	84.83
171	21.46	42.77	35	97.18
Drivers: 5
id	x	y	end	sensitivity
341	91.35	14.68	37	1.21
342	22.43	167.58	36	1.05
343	55.79	11.23	36	1.93
344	159.44	173.21	37	1.7
345	11.18	163.86	40	1.27
Period: 35
Tasks:4
id	x	y	end	c
172	14.19	56.32	38	96.29
173	118.65	48.57	36	54.71
174	89.26	21.89	36	78.84
175	37.61	5.36	35	113.35
Drivers: 10
id	x	y	end	sensitivity
346	46.32	170.97	37	1.3
347	78.23	75.6	36	1.15
348	101.85	124.65	37	1.35
349	84.05	114.85	35	1.24
350	141.51	174.48	37	1.5
351	88.9	163.58	40	1.07
352	0.3	164.39	36	1.99
353	181.48	49.61	39	0.72
354	120.54	193.84	38	0.53
355	75.76	9.62	36	1.63
Period: 36
Tasks:7
id	x	y	end	c
176	113.36	100.43	37	13.37
177	169.63	49.21	37	86.19
178	25.25	15.1	36	113.12
179	15.48	43.3	37	101.78
180	147.57	53.5	36	66.52
181	32.34	69.72	40	74.13
182	114.31	41.19	36	60.53
Drivers: 13
id	x	y	end	sensitivity
356	68.08	70.9	37	1.87
357	36.78	149.85	36	1.41
358	60.42	33.7	43	1.72
359	137.61	120.32	41	1.4
360	80.76	118.34	39	1.62
361	169.46	63.54	42	1.07
362	199.94	86.15	39	0.91
363	13.94	101.78	40	0.96
364	109.36	66.84	38	1.67
365	126.7	79.93	40	0.59
366	198.75	159.42	39	1.87
367	33.1	170.9	39	0.65
368	186.77	47.73	38	0.88
Period: 37
Tasks:4
id	x	y	end	c
183	83.59	131.42	37	35.45
184	25.31	15.06	37	113.11
185	111.81	162.85	39	63.95
186	131.73	23.21	38	83.09
Drivers: 13
id	x	y	end	sensitivity
369	168.55	196.05	43	1.1
370	99.01	20.85	40	1.37
371	13.64	21.14	40	1.43
372	22.29	157.43	41	1.96
373	170.47	173.63	38	0.77
374	52.23	163.62	37	1.05
375	91.54	129.68	38	1.18
376	84.62	47.99	38	1.02
377	134.03	141.56	39	0.9
378	36.99	132.94	39	0.74
379	138.42	79.23	41	1.88
380	17.8	161.72	41	1.93
381	161.45	59.78	39	1.55
Period: 38
Tasks:8
id	x	y	end	c
187	10.02	185.83	39	124.35
188	91.1	39.19	39	61.46
189	190.66	134.31	38	96.94
190	165.9	112.85	38	67.14
191	158.08	192.86	38	109.53
192	28.3	167.22	38	98.28
193	153.11	22.87	38	93.65
194	129.89	23.67	39	81.97
Drivers: 3
id	x	y	end	sensitivity
382	152.52	71.57	40	0.91
383	59.21	47.32	42	1.86
384	20.92	24.65	39	1.52
Period: 39
Tasks:7
id	x	y	end	c
195	2.74	118.36	40	98.98
196	184.95	8.73	39	124.69
197	93.62	185.18	40	85.42
198	140.87	191.8	39	100.49
199	92.34	35.31	39	65.14
200	24.52	120.01	41	78.09
201	12.26	188.61	41	124.7
Drivers: 9
id	x	y	end	sensitivity
385	27.63	111.51	43	1.32
386	61.62	58.77	46	1.7
387	28.19	60.02	44	0.85
388	29.2	180.7	40	0.94
389	195.4	28.32	41	1.62
390	2.33	132.41	43	1.19
391	4.82	175.99	41	0.59
392	133.04	139.7	43	0.94
393	129.89	193.01	41	0.63
Period: 40
Tasks:2
id	x	y	end	c
202	198.39	123.09	42	101.06
203	23.32	17.2	43	112.85
Drivers: 5
id	x	y	end	sensitivity
394	0.49	74.7	41	0.6
395	107.17	5.71	44	0.97
396	2.55	10.76	41	0.55
397	47.24	80.66	43	1.53
398	20.66	115.82	41	1.08
Period: 41
Tasks:0
id	x	y	end	c
Drivers: 10
id	x	y	end	sensitivity
399	186.7	159.31	44	1.35
400	27.73	170.62	43	0.69
401	53.43	77.36	45	1.64
402	37.1	192.92	47	0.89
403	14.73	152.35	47	0.74
404	177.92	35.72	42	1.26
405	24.1	69.59	44	1.8
406	152.24	3.1	46	0.58
407	113.62	133.53	49	0.75
408	28.16	56.6	44	1.42
Period: 42
Tasks:6
id	x	y	end	c
204	68.17	48.6	44	60.46
205	114.75	36.01	43	65.67
206	117.19	195.55	44	97.08
207	162.53	126.51	42	67.92
208	114.77	9.46	43	91.74
209	99.21	61.37	42	38.64
Drivers: 17
id	x	y	end	sensitivity
409	15.77	148.66	46	1.3
410	79.97	14.08	45	1.8
411	36.82	89.53	45	0.54
412	11.24	8.72	44	1.11
413	152.4	117.37	42	1.25
414	31.19	193.77	49	1.42
415	78.93	24.69	43	1.33
416	117.42	180.68	44	0.91
417	147.09	53.33	48	0.71
418	195.28	108.22	43	1.48
419	160.84	117.7	45	1.95
420	182.85	10.61	45	1.56
421	113.66	179.08	44	1.8
422	12.78	99.11	45	1.9
423	125.34	52.26	46	0.63
424	183.27	144.16	44	0.79
425	153.89	151.72	46	1.28
Period: 43
Tasks:4
id	x	y	end	c
210	145.21	82.75	44	48.39
211	116.78	164.96	45	67.09
212	164.34	148.07	46	80.31
213	199.77	10.36	46	134.12
Drivers: 8
id	x	y	end	sensitivity
426	71.73	34.65	49	1.48
427	42.68	7.5	47	1.33
428	30.22	174.91	44	0.73
429	177.27	76.63	44	1.01
430	143.66	38.87	48	2
431	8.15	146.14	45	1.76
432	20.4	77.82	46	0.79
433	141.68	44.99	48	1.95
Period: 44
Tasks:4
id	x	y	end	c
214	6.77	164	46	113.08
215	184.03	11.2	44	122.26
216	177.19	55.45	47	89.12
217	123.64	71.79	45	36.81
Drivers: 8
id	x	y	end	sensitivity
434	178.48	139.46	46	1.96
435	21.95	28.99	48	0.89
436	36.01	73.77	46	0.63
437	78.99	42.89	46	1.71
438	152.25	39.81	47	0.67
439	9.53	87.83	45	1.23
440	169.25	177.39	47	0.63
441	31.76	48.39	46	1
Period: 45
Tasks:4
id	x	y	end	c
218	76.98	151.62	45	56.52
219	58.23	0.56	45	107.86
220	105.04	13.41	46	86.74
221	7.98	74.16	46	95.58
Drivers: 13
id	x	y	end	sensitivity
442	32.65	62.44	47	1.86
443	34.07	178.4	49	0.77
444	190.21	76.13	46	1
445	18.91	36.44	49	0.94
446	54.9	104.84	47	0.55
447	16.24	28.39	51	0.65
448	180.76	141.11	47	1.66
449	191.16	92.23	48	1.76
450	191.62	55.41	47	1.7
451	25.06	8.8	50	1.65
452	79.55	176.07	49	1.11
453	163.66	146.32	49	0.81
454	13.29	167.02	47	1.09
Period: 46
Tasks:4
id	x	y	end	c
222	97.88	50.9	46	49.15
223	185.5	197.45	47	129.64
224	60.92	115.46	48	42.03
225	44.94	47.14	46	76.33
Drivers: 13
id	x	y	end	sensitivity
455	34.53	158.95	47	1.88
456	33.51	47.04	46	1.54
457	137.5	8.56	49	0.66
458	173.13	186.31	46	1.21
459	28.99	162.26	49	1.38
460	19.43	196.13	47	1.83
461	43.1	127.32	49	1.99
462	50.22	154.53	48	1.54
463	74.28	146.11	47	1.68
464	160.17	161.63	52	1.99
465	104.9	7.47	47	0.73
466	133.88	148.77	49	1.34
467	188.54	89.59	48	1.3
Period: 47
Tasks:7
id	x	y	end	c
226	85.05	135.01	47	38.07
227	164.67	73.27	47	69.98
228	68.56	44.31	48	63.95
229	90.88	29.33	47	71.26
230	144.86	23.68	48	88.53
231	19.5	137.89	47	88.97
232	22.15	84.94	49	79.29
Drivers: 8
id	x	y	end	sensitivity
468	104.2	95.42	50	0.67
469	30.04	123.14	51	0.98
470	168.65	93.41	51	1.32
471	78.72	100.05	50	1.94
472	56.78	165.7	54	0.73
473	171.71	158.75	50	0.8
474	20.01	192.79	51	1.57
475	76.25	138.7	49	0.78
Period: 48
Tasks:5
id	x	y	end	c
233	188.9	159.2	49	106.81
234	57.57	170.41	49	82.21
235	84.45	128.1	48	32.12
236	83.62	31.45	49	70.48
237	32.54	73.64	49	72.43
Drivers: 11
id	x	y	end	sensitivity
476	129.27	117.86	51	1.46
477	15.78	192.79	50	1.43
478	161.33	169.34	50	1.2
479	173.13	99.23	49	1.68
480	103.52	22.55	50	0.6
481	50.28	151.23	53	1.1
482	114.83	40.33	52	0.54
483	98.92	199.86	50	0.68
484	123.38	113.8	50	0.9
485	162.6	192.15	52	1.44
486	169.47	36.23	52	1.51
Period: 49
Tasks:8
id	x	y	end	c
238	117.69	26.34	50	75.75
239	106.04	127.91	50	28.56
240	68.59	75.06	51	40.11
241	120.47	7.48	52	94.76
242	142.68	68.17	50	53.24
243	113.99	132.81	50	35.67
244	26.34	16.97	51	110.99
245	157.28	94.74	51	57.52
Drivers: 13
id	x	y	end	sensitivity
487	56.34	28.53	50	0.86
488	149.4	101.06	50	1.4
489	56.89	99.22	51	0.6
490	51.83	115.16	55	0.54
491	178.34	97.64	52	0.98
492	164.55	48.02	51	1
493	50.15	0.25	53	1.94
494	38.69	74	54	1.49
495	48.5	18.53	49	1.67
496	59.52	174.42	50	0.77
497	7.04	50.37	51	1.77
498	24.37	186.09	50	1.24
499	140.57	153.38	52	1.26
Period: 50
Tasks:5
id	x	y	end	c
246	102.59	169.5	52	69.55
247	146.07	62.18	50	59.61
248	130.25	150.07	50	58.5
249	83.8	72.78	51	31.68
250	55.14	33.7	50	80.05
Drivers: 14
id	x	y	end	sensitivity
500	90.71	79.45	55	1.12
501	193.77	23.4	52	0.52
502	44.57	184.12	51	1.94
503	109.67	1.39	55	1.3
504	159.51	92.1	51	1.89
505	174.67	115.03	54	1.39
506	41.89	145.87	54	1.97
507	73.76	83.13	53	0.66
508	177.87	154.28	53	0.82
509	59.67	111.83	53	1.38
510	65.27	102.97	51	1.27
511	56.32	167.27	54	1.98
512	118.94	8.81	53	0.89
513	122.26	42.32	53	0.51
Period: 51
Tasks:7
id	x	y	end	c
251	120.24	112.42	52	23.75
252	137.09	36.65	53	73.41
253	13.79	109.55	51	86.74
254	171.22	13.62	52	111.95
255	57.76	189.98	51	99.4
256	32.9	57.25	51	79.56
257	72.93	160.54	53	66.32
Drivers: 6
id	x	y	end	sensitivity
514	84.33	43.89	53	1.69
515	71.76	190.08	57	1.91
516	183.65	60.99	53	1.66
517	66.5	100.44	55	1.5
518	177.11	110.61	56	1.13
519	55.53	177.52	52	0.99
Period: 52
Tasks:6
id	x	y	end	c
258	108.56	164.81	53	65.37
259	91.88	130.51	53	31.57
260	39.78	112.74	52	61.55
261	171.78	115.84	53	73.51
262	184.78	23.68	53	114.07
263	154.2	181.98	56	98.28
Drivers: 7
id	x	y	end	sensitivity
520	45.44	106.02	55	0.97
521	27.13	126.09	56	0.75
522	61.84	116.18	59	1.99
523	94.89	162.89	54	0.61
524	166.1	159.73	56	0.59
525	175.5	70.97	53	0.58
526	145.47	15.72	53	1.61
Period: 53
Tasks:2
id	x	y	end	c
264	198.59	137.22	55	105.38
265	130.09	143.36	53	52.78
Drivers: 13
id	x	y	end	sensitivity
527	141.27	188.83	58	1.94
528	157.81	33.99	55	1.57
529	130.65	187.11	55	1.54
530	104.87	153.09	55	1.34
531	48.13	156.98	56	1.8
532	156.9	142.83	54	0.85
533	148.8	91.03	57	1.58
534	12.99	60.77	55	1.45
535	63.48	47.31	59	1.98
536	90.98	155.16	57	1.65
537	9.19	72.23	58	1
538	92.23	50.58	55	1.58
539	93.23	64.16	57	1.05
Period: 54
Tasks:9
id	x	y	end	c
266	106.53	62.26	55	38.3
267	0.95	58.86	56	107.25
268	10.48	4.34	54	131.01
269	150.44	143.18	56	66.4
270	102.18	58.93	56	41.13
271	114.72	105.36	56	15.67
272	126.75	30.87	54	74.13
273	86.24	71.74	55	31.43
274	71.17	111.27	55	30.95
Drivers: 13
id	x	y	end	sensitivity
540	191.18	144.33	58	1.26
541	104.61	183.26	57	0.83
542	179.5	9.28	60	1.03
543	133.46	86.8	58	1.2
544	26.7	73.25	55	1.76
545	181.34	93.34	60	0.6
546	149.86	117.88	58	0.7
547	149.94	58.74	58	1.3
548	154.45	180.76	59	1.61
549	101.6	141.47	57	0.73
550	167.52	133.79	57	1.87
551	42.46	109.6	56	1.96
552	105.98	182.33	56	0.54
Period: 55
Tasks:4
id	x	y	end	c
275	186.88	112.21	55	87.73
276	27.26	176.9	56	105.85
277	24.08	174.36	58	106.27
278	14.8	103.84	56	85.29
Drivers: 11
id	x	y	end	sensitivity
553	105.43	157.73	57	0.62
554	166.13	110.22	58	0.97
555	0.43	8.03	56	1.91
556	89.73	92.38	59	1.03
557	160.93	67.32	55	1.77
558	169.2	73.9	61	1.06
559	129.29	98.77	58	1.98
560	197.73	27.09	57	1.21
561	31.12	174.86	55	1.49
562	10.63	123.62	60	1.06
563	155.23	78.06	58	1.2
Period: 56
Tasks:8
id	x	y	end	c
279	4.26	17.31	57	126.51
280	23.45	98.81	59	76.56
281	168.61	139.02	56	78.93
282	163.76	135.22	56	72.84
283	89.44	138.27	56	39.7
284	183.76	157.6	56	101.65
285	177.14	26.99	57	106.21
286	3.33	163.5	58	115.66
Drivers: 6
id	x	y	end	sensitivity
564	71.48	133.55	58	1.36
565	103.17	84.49	58	1.7
566	53.9	34.34	58	1.32
567	60.27	179.81	61	1.11
568	40.38	145.7	57	1.85
569	67.37	53.45	57	0.71
Period: 57
Tasks:6
id	x	y	end	c
287	48.23	84.09	58	54.16
288	30.38	131.3	57	76.33
289	186.79	114.52	58	88
290	44.36	76.17	57	60.53
291	36.87	83	59	65.38
292	130.4	30.94	57	75.45
Drivers: 8
id	x	y	end	sensitivity
570	159.79	89.28	58	1.11
571	118.5	69.64	60	1.13
572	61.1	77.2	60	0.63
573	93.25	138.82	59	1.59
574	70.12	93.26	60	1.14
575	125.07	104.26	60	1.92
576	10.57	38.8	60	1.75
577	180.81	173.83	61	1.05
Period: 58
Tasks:6
id	x	y	end	c
293	9.39	173.55	60	116.7
294	56.83	160.17	58	74.05
295	149.71	63.04	58	61.94
296	89.45	136.42	59	37.92
297	39.16	30.66	58	92.25
298	32.27	179	58	104.06
Drivers: 8
id	x	y	end	sensitivity
578	146.47	52.47	60	1.76
579	66.38	39.57	61	0.75
580	59.38	182.27	59	1.19
581	5.02	182.48	61	1.23
582	198.98	68.8	60	1.66
583	67.26	4.39	59	1
584	195.84	165.54	60	1.77
585	84.81	30.64	60	1.79
Period: 59
Tasks:7
id	x	y	end	c
299	93.54	99.56	59	6.47
300	105.73	23.13	61	77.08
301	163.64	72.66	61	69.26
302	46.53	3.41	60	110.4
303	81.16	75.35	59	31.03
304	141.78	160.9	59	73.85
305	168.1	21.84	60	103.67
Drivers: 9
id	x	y	end	sensitivity
586	56.42	1.12	62	1.87
587	3.52	53.16	63	0.58
588	100.09	79.68	60	1.66
589	70.76	62.24	61	1.43
590	27.25	143.66	63	0.53
591	114.62	15.39	66	1.36
592	17.54	157.65	64	1.5
593	35.31	42.36	62	1.99
594	97.14	53.66	64	1.55
Period: 60
Tasks:10
id	x	y	end	c
306	132.84	102.53	61	32.94
307	156.43	109.95	61	57.3
308	163.2	6.15	61	113.15
309	135.63	31.69	61	77.04
310	25.54	4.52	61	121.08
311	105.06	133.09	61	33.47
312	136.75	193.94	60	100.87
313	57.71	5.32	60	103.7
314	109.52	19.67	60	80.89
315	40.87	187.58	60	105.67
Drivers: 8
id	x	y	end	sensitivity
595	46.81	17.34	67	1.04
596	55.65	185.04	62	1.28
597	46.73	67.49	62	1.14
598	41.46	107.85	62	1
599	85.65	9.46	61	1.07
600	42.44	30.65	62	1.58
601	13.51	178.54	62	1.56
602	1.67	108.3	62	1.16
Period: 61
Tasks:4
id	x	y	end	c
316	111.84	140.52	62	42.21
317	161.61	61.35	62	72.73
318	13.83	170.78	62	111.51
319	146.56	113.95	62	48.6
Drivers: 11
id	x	y	end	sensitivity
603	67.48	176.36	62	1.38
604	163.27	42.22	64	1.95
605	185.57	125.98	66	1.62
606	24.53	33.42	63	1.49
607	155.21	116.38	64	0.83
608	27.56	106.15	62	0.64
609	39.33	115.89	68	0.8
610	88.68	142.82	63	1.39
611	24.53	141.81	65	0.58
612	116.94	81.66	65	0.52
613	163.28	3.86	61	1.04
Period: 62
Tasks:5
id	x	y	end	c
320	154.94	147.09	64	72.36
321	118.4	149.23	62	52.56
322	123.78	76.36	63	33.53
323	168.04	138.18	62	78.02
324	88.13	174.39	62	75.33
Drivers: 11
id	x	y	end	sensitivity
614	77.4	142.56	69	0.56
615	26.13	167.72	63	0.64
616	58.25	16.45	63	1.07
617	142.23	62.9	65	1.5
618	173.71	112.69	63	0.78
619	11.62	40.44	66	1.52
620	129.9	152.76	63	1.66
621	119.64	42.09	63	1.05
622	84.01	187.01	67	1.74
623	189.6	56.01	66	1.11
624	74.38	155.98	66	0.9
Period: 63
Tasks:3
id	x	y	end	c
325	186.7	138.5	65	94.86
326	31.7	93.81	63	68.58
327	190.7	171.23	66	115.33
Drivers: 4
id	x	y	end	sensitivity
625	154.38	26.17	67	1.48
626	94	15.4	68	1.51
627	127.44	35.93	66	1.2
628	92.55	84.42	63	1.91
Period: 64
Tasks:1
id	x	y	end	c
328	70.85	181.76	64	86.8
Drivers: 9
id	x	y	end	sensitivity
629	104.69	86.91	65	1.53
630	31.43	120.41	65	1.56
631	20.5	44.29	67	0.78
632	39.07	74.89	66	1.63
633	98.69	72.95	69	1.88
634	28.78	176.74	70	1.64
635	47.54	94.44	67	0.74
636	66.26	40.56	68	1.22
637	143.81	8.39	68	1.79
Period: 65
Tasks:6
id	x	y	end	c
329	55.82	12.46	66	98.06
330	129.43	44.53	65	62.79
331	158.22	116.16	69	60.42
332	22.04	19.97	65	111.73
333	99.35	37.12	66	62.88
334	82.51	30.58	66	71.59
Drivers: 9
id	x	y	end	sensitivity
638	107.39	192.32	67	1.78
639	73.39	125.67	68	1.04
640	141.82	57.33	71	0.67
641	171.54	179.56	69	0.52
642	30.49	90.25	67	1.76
643	120.54	185.83	68	2
644	185.93	73.53	69	1.14
645	191.4	169	69	0.67
646	198.27	115.62	70	0.86
Period: 66
Tasks:5
id	x	y	end	c
335	29.69	92.4	67	70.72
336	31.66	55.57	70	81.51
337	118.52	141.25	68	45.22
338	35.57	134.85	67	73.25
339	153.89	116.24	66	56.28
Drivers: 8
id	x	y	end	sensitivity
647	125.82	75.58	70	1.26
648	63.03	131.5	66	1.84
649	82.42	98.12	69	1.6
650	54.83	30.76	70	0.52
651	144.85	73.14	69	1.73
652	32.88	161.59	70	0.64
653	196.58	18.55	72	1.43
654	35.23	162.25	70	0.86
Period: 67
Tasks:5
id	x	y	end	c
340	10.14	144.85	68	100.43
341	72.91	155.29	67	61.57
342	163.47	80.92	69	66.28
343	131.02	42.31	67	65.5
344	149.35	158.24	69	76.34
Drivers: 7
id	x	y	end	sensitivity
655	191.61	189	71	0.82
656	191.29	114.13	71	1
657	105.85	59.91	70	1.8
658	75.4	15.6	71	0.52
659	135.01	162.91	69	1.21
660	48.23	132.44	72	0.71
661	74.07	66.55	69	1.67
Period: 68
Tasks:6
id	x	y	end	c
345	72.65	162.62	70	68.33
346	98.25	76.51	73	23.56
347	39.4	136.93	68	70.97
348	3.86	65.69	68	102.08
349	186.28	128.98	68	91.02
350	159.98	18.86	69	100.9
Drivers: 10
id	x	y	end	sensitivity
662	111.92	17.46	70	1.01
663	8.3	142.84	74	1.21
664	191.43	96.21	71	0.85
665	135.33	168.3	72	1.53
666	48.88	191.58	71	0.6
667	108.33	167.06	71	1.9
668	76.6	93.7	70	1.39
669	197.04	91.46	69	1.38
670	79.91	28.94	71	1.26
671	156	14.83	74	0.68
Period: 69
Tasks:4
id	x	y	end	c
351	67.47	86.47	71	35.23
352	181.15	176.3	70	111.39
353	83.09	82.25	70	24.52
354	117.73	23.55	69	78.48
Drivers: 6
id	x	y	end	sensitivity
672	93.77	26.92	73	0.83
673	60.86	88.71	73	0.87
674	101.65	28.95	74	1.79
675	162.47	116.89	73	1.68
676	152.38	124.54	75	1.65
677	78.81	183.01	74	1.82
Period: 70
Tasks:7
id	x	y	end	c
355	143.1	7.64	70	101.92
356	80.2	193.72	71	95.79
357	82.85	182.65	70	84.41
358	179.3	14.77	73	116.42
359	122.61	65.37	71	41.36
360	149.55	174.48	70	89.46
361	192.13	107.35	71	92.42
Drivers: 6
id	x	y	end	sensitivity
678	173.35	168.57	73	1.55
679	154.42	194.37	76	1.69
680	51.71	76.69	71	1.38
681	13.82	18.09	72	1.49
682	118.95	117.44	73	1.75
683	48.73	145.76	74	1.52
Period: 71
Tasks:2
id	x	y	end	c
362	64.19	162.86	72	72.34
363	41.96	71.93	73	64.47
Drivers: 12
id	x	y	end	sensitivity
684	108.75	29.16	72	1.71
685	12.71	118.97	77	0.86
686	73.9	175.52	74	0.89
687	132.58	129.15	75	0.7
688	176.57	83.83	72	0.72
689	14.01	26.9	76	1.26
690	163.01	103.48	73	1.44
691	86.46	172.38	74	1.29
692	190.41	119.49	74	1.92
693	46.21	11.17	74	1.5
694	192.57	2.12	75	1.95
695	143.21	129.68	76	1.34
Period: 72
Tasks:2
id	x	y	end	c
364	27.38	154.67	74	90.9
365	57.37	55.06	74	61.94
Drivers: 10
id	x	y	end	sensitivity
696	132.05	162.99	73	0.86
697	186.63	86.86	75	1.07
698	141.56	33.75	74	1.16
699	83.26	74.69	75	0.97
700	67.93	152.1	74	1.92
701	190.39	41.07	73	1.27
702	67.97	169.81	74	1.21
703	154.23	39.52	74	1.8
704	172.34	27.16	74	0.95
705	86.97	141.15	80	1.66
Period: 73
Tasks:1
id	x	y	end	c
366	28.87	105.8	73	71.37
Drivers: 16
id	x	y	end	sensitivity
706	17.64	54.9	78	1.79
707	90.81	191.68	76	0.9
708	158.4	93.3	76	0.94
709	107.74	64.67	78	1.08
710	102.08	92	76	1.18
711	158.19	180.13	74	1.3
712	140.46	198.74	75	1.2
713	50.18	29.59	74	1.75
714	94.82	146.32	75	0.94
715	139.07	163.61	79	1.67
716	153.72	132.88	77	0.59
717	161.09	62.11	73	1.58
718	104.91	128.97	80	0.76
719	2.84	1.38	78	1.9
720	43.58	3.5	78	1.65
721	105.8	89.62	77	1.38
Period: 74
Tasks:5
id	x	y	end	c
367	153.68	34.31	74	84.83
368	26.57	132.44	74	80.28
369	96.07	33.58	75	66.54
370	68.16	116.51	74	35.87
371	193.72	102.26	76	93.75
Drivers: 10
id	x	y	end	sensitivity
722	60.52	189.04	74	1
723	29.45	40.29	78	0.78
724	104.25	38.95	75	0.91
725	178.03	181.31	76	0.56
726	164.5	174.13	74	1.45
727	154.86	94.61	76	1.7
728	88.73	60.97	78	0.84
729	193.11	66	77	1.92
730	176.51	127.15	76	1.32
731	190.35	150.8	79	0.71
Period: 75
Tasks:8
id	x	y	end	c
372	198.73	71.99	76	102.63
373	34.46	135.34	76	74.46
374	153.07	157.68	75	78.38
375	118.88	77.04	75	29.73
376	15.61	25.28	78	112.72
377	115.05	162.4	75	64.19
378	117.56	162.19	77	64.62
379	35.02	7.35	75	113.17
Drivers: 4
id	x	y	end	sensitivity
732	12.62	85.34	76	1.63
733	21.23	89.83	77	0.77
734	78.87	109.45	80	1.07
735	61.41	140.67	79	1.29
Period: 76
Tasks:1
id	x	y	end	c
380	179.28	45.31	77	96.31
Drivers: 10
id	x	y	end	sensitivity
736	8.34	27.6	81	1.67
737	138.84	24.6	76	1.62
738	73.45	118.54	76	0.74
739	115.87	139.22	80	1.9
740	97.01	116.64	78	1.19
741	152.42	115.48	78	0.95
742	198.63	1.02	80	1.74
743	169.32	50.82	77	1.57
744	5.34	150.9	79	1.18
745	199.66	43.91	79	0.55
Period: 77
Tasks:4
id	x	y	end	c
381	47.27	77.73	78	57.24
382	67.41	150.92	78	60.46
383	164.67	169.83	78	95.18
384	34.38	102.58	81	65.67
Drivers: 14
id	x	y	end	sensitivity
746	178.16	14.63	78	1.06
747	197.46	174.47	78	1.2
748	132.95	143.92	83	1.1
749	23.98	98.1	80	0.54
750	53.65	150.98	78	1.18
751	127.6	179.45	80	1.92
752	186.2	100.74	81	1.03
753	77.78	7.83	78	1.88
754	67.19	131.35	85	1.18
755	190.4	25.03	80	1.06
756	36.35	82.96	80	1.37
757	179.3	155.98	78	0.68
758	1.61	91.72	82	1.19
759	62.09	42.13	78	0.68
Period: 78
Tasks:3
id	x	y	end	c
385	3.19	164.55	80	116.36
386	115.98	131.36	78	35.2
387	38.01	157.93	78	84.84
Drivers: 13
id	x	y	end	sensitivity
760	172.49	16.76	79	0.53
761	57.9	81.34	78	1.77
762	128.91	100.52	81	0.79
763	105.95	1.11	81	1.08
764	80.41	24.97	79	1.11
765	6.8	71.56	81	1.5
766	106.21	105.17	78	1.44
767	116.34	198.86	82	1.11
768	104.04	133.36	80	0.55
769	83.3	18.31	78	0.76
770	153.09	72.17	82	1.82
771	53.22	90.13	81	1.45
772	77.73	18.02	84	1.56
Period: 79
Tasks:6
id	x	y	end	c
388	106.75	154.95	79	55.36
389	59.05	144.57	82	60.53
390	98.37	114.18	79	14.27
391	148.15	198.15	81	109.32
392	145.2	194.45	80	104.71
393	177.67	139.98	81	87.36
Drivers: 15
id	x	y	end	sensitivity
773	47.37	141.33	80	1.9
774	173.96	90.69	83	1.03
775	50.85	155.77	80	0.83
776	27.23	141.14	81	1.96
777	104.21	118.83	84	0.71
778	105.56	181.55	80	1.19
779	25.05	139	84	1.24
780	170.25	198.41	83	1.14
781	157.81	184.28	82	0.83
782	31.66	176.26	83	0.88
783	74.42	132.46	82	1.59
784	182.06	153.31	83	1.85
785	155.97	22.94	84	1.05
786	94.83	78.41	80	1.36
787	36.83	153.25	81	1.54
Period: 80
Tasks:7
id	x	y	end	c
394	52.19	162.28	82	78.51
395	121.83	169.85	81	73.18
396	149.65	17.4	81	96.37
397	37.48	1.65	81	116.54
398	44.81	34.25	80	85.84
399	17.89	45.79	83	98.39
400	37.57	130.01	80	69.27
Drivers: 11
id	x	y	end	sensitivity
788	3.29	23.72	81	1.55
789	109.4	76.22	83	2
790	31.74	136.95	81	0.71
791	16.7	83.2	86	0.98
792	145.42	145.83	81	1.52
793	198.18	56.33	84	1.03
794	17.18	87.95	84	1.15
795	105.16	0.05	82	0.99
796	112.47	14.24	81	1.63
797	127.81	147.76	82	1.17
798	126.26	99.66	83	1.14
Period: 81
Tasks:4
id	x	y	end	c
401	15.34	175.84	81	113.66
402	28.12	100.86	82	71.89
403	170.43	199.52	81	121.92
404	116.65	64.69	81	39.04
Drivers: 10
id	x	y	end	sensitivity
799	8.79	156.93	85	1.24
800	1.69	45.33	87	0.65
801	32.01	61.45	82	1.42
802	18.16	19.29	83	1.76
803	137.93	137.78	87	1.13
804	75.08	52.56	84	1.99
805	144.53	47.39	85	1.56
806	69.56	76.88	83	0.78
807	166.81	48.92	81	1.55
808	153.64	88.76	81	1.18
Period: 82
Tasks:5
id	x	y	end	c
405	81.87	130.05	84	35.1
406	95.31	73.83	83	26.59
407	151.55	176.89	82	92.57
408	146.43	181.54	84	93.83
409	31.43	117.74	83	70.83
Drivers: 12
id	x	y	end	sensitivity
809	14.05	16.21	86	0.92
810	168.44	18.47	86	1.78
811	131.57	38.19	86	1.05
812	124.01	160.81	85	2
813	55.81	83.26	83	1.68
814	3.58	53.28	82	0.81
815	124.39	15.4	83	0.58
816	147.13	66.79	85	1.45
817	182.7	44.58	85	1.78
818	164.4	188.14	84	1.44
819	60.34	125.61	84	1.54
820	15.15	52.19	84	1.55
Period: 83
Tasks:4
id	x	y	end	c
410	42.82	28.14	85	91.83
411	108.83	144.63	86	45.5
412	53.07	177.73	84	90.8
413	25.73	74.44	84	78.55
Drivers: 5
id	x	y	end	sensitivity
821	67.74	165.77	89	0.7
822	88.63	23.61	84	1.79
823	91.79	195.05	85	1.59
824	104.82	12.2	87	0.96
825	59.1	165.06	85	1.04
Period: 84
Tasks:7
id	x	y	end	c
414	154.29	66.9	85	63.58
415	198.59	173.32	86	122.87
416	193.45	69.89	85	98.18
417	144.7	75.32	84	51.06
418	137.69	111.33	85	39.36
419	196.33	189.09	87	131.21
420	94.92	16.44	85	83.71
Drivers: 13
id	x	y	end	sensitivity
826	155.9	169.29	86	1.2
827	85.25	157	86	1.99
828	39.03	10.97	90	1.17
829	184.69	61.08	84	0.79
830	107.42	26.1	86	1.14
831	165.05	128.57	85	1.08
832	176.41	167.3	85	1.1
833	169.3	0.85	88	1.67
834	190.64	47.08	87	1.75
835	128.6	75.3	85	0.9
836	133.85	48.59	88	0.67
837	58.17	22.16	88	1.64
838	39.17	65.81	85	1.14
Period: 85
Tasks:5
id	x	y	end	c
421	167.3	102.33	85	67.34
422	6.88	14.19	87	126.63
423	198.58	112.88	87	99.42
424	64.98	53.09	88	58.54
425	131.21	82.55	85	35.76
Drivers: 7
id	x	y	end	sensitivity
839	181	95.24	87	0.63
840	12.71	190.31	89	1.05
841	4.87	195.08	89	1.43
842	68.75	170.86	89	0.61
843	95.86	188.9	85	1.44
844	102.19	86.61	89	0.56
845	130.63	105.59	87	0.81
Period: 86
Tasks:9
id	x	y	end	c
426	64.69	181.34	87	88.67
427	90.36	25.05	86	75.57
428	45.31	179.03	86	96.11
429	167.1	67.36	88	74.62
430	74.8	130.35	89	39.45
431	5.65	113.03	89	95.25
432	101.95	8.35	87	91.67
433	154.68	22.08	86	95.19
434	129.29	88.3	86	31.54
Drivers: 8
id	x	y	end	sensitivity
846	112.81	125.18	86	1.4
847	102.27	65.41	91	1.19
848	92.28	86.75	90	0.66
849	138.22	78.08	90	1.73
850	17.11	15.78	91	0.56
851	98.17	25.69	90	1.29
852	177.69	35.52	88	0.98
853	121.95	156.63	89	1.24
Period: 87
Tasks:9
id	x	y	end	c
435	174.68	82.22	89	76.77
436	14.01	148.79	87	98.87
437	121.51	128.55	87	35.75
438	107.64	148.31	88	48.91
439	151.1	58.93	87	65.56
440	149.98	183.47	87	97.29
441	15.59	101.11	91	84.42
442	195.59	56.19	89	105.15
443	82.52	22.39	88	79.55
Drivers: 9
id	x	y	end	sensitivity
854	45.08	129.54	91	0.52
855	103.36	8.05	89	1.4
856	5	38.94	91	0.84
857	165.48	160.52	91	1.45
858	149.22	14.67	88	1.83
859	135.46	75.49	94	1.26
860	170.77	37.36	88	1.72
861	46.17	88.2	89	0.8
862	59.02	180.05	94	0.68
Period: 88
Tasks:5
id	x	y	end	c
444	170.13	137.59	88	79.57
445	78.42	132.12	90	38.7
446	132.94	174.29	88	81.27
447	115.52	138.59	90	41.59
448	102.35	50.7	89	49.36
Drivers: 5
id	x	y	end	sensitivity
863	191.16	143.87	93	0.74
864	18.28	189.48	90	0.55
865	29.12	3.93	91	1.9
866	194.36	170.72	90	0.57
867	129.12	68.25	91	1.25
Period: 89
Tasks:3
id	x	y	end	c
449	149.99	130.27	89	58.44
450	108.98	87.67	92	15.25
451	0.55	64.18	89	105.7
Drivers: 7
id	x	y	end	sensitivity
868	64.8	9.09	93	1.3
869	196.58	89.03	90	1.36
870	178.12	132.05	93	0.74
871	178.56	128.99	90	1.19
872	50.9	133.8	91	1.68
873	108.43	87.1	91	1.76
874	91.42	6.97	92	0.92
Period: 90
Tasks:2
id	x	y	end	c
452	29.01	60.61	90	81.19
453	104.46	175.68	92	75.81
Drivers: 4
id	x	y	end	sensitivity
875	84.17	77.8	95	1.78
876	5.85	157	93	0.74
877	178.53	189.88	93	1.81
878	99.08	73.58	91	1.74
Period: 91
Tasks:6
id	x	y	end	c
454	133.88	114.67	94	36.92
455	18.46	36.79	91	103.17
456	3.56	171.37	93	119.98
457	49.51	63.4	92	62.36
458	1.66	46.48	91	111.96
459	162.47	107.75	91	62.95
Drivers: 10
id	x	y	end	sensitivity
879	78.29	191.07	96	1.82
880	14.83	138.44	93	1.6
881	184.01	59.12	93	1.25
882	180.11	131.99	94	1.62
883	162.83	142.71	95	2
884	78.51	109.81	94	0.93
885	146.08	143.25	92	1.21
886	84.51	82.3	97	1.99
887	70.23	140.32	93	0.92
888	198.53	15.3	96	0.98
Period: 92
Tasks:4
id	x	y	end	c
460	70.43	171.52	92	77.39
461	174.22	28.91	93	102.77
462	98.75	41.17	93	58.84
463	121.56	56.41	92	48.63
Drivers: 7
id	x	y	end	sensitivity
889	138.94	66.93	95	1.44
890	197.19	184.93	100	1.81
891	92.23	45.18	94	0.88
892	152.48	178.51	96	1.17
893	86.89	8.73	96	1.79
894	138.48	30.24	92	1.47
895	118.41	80.68	97	1.68
Period: 93
Tasks:10
id	x	y	end	c
464	142.36	30.17	93	81.67
465	196.84	100.79	95	96.84
466	41.55	20.57	94	98.62
467	41.11	64.04	93	69
468	119.29	94.34	95	20.1
469	183.23	146.72	95	95.45
470	183.36	182.76	95	117.47
471	32.28	84.9	96	69.38
472	28.18	195.63	93	119.6
473	69.18	73.67	94	40.54
Drivers: 13
id	x	y	end	sensitivity
896	75.01	89.96	94	1.5
897	167.55	25.91	96	0.5
898	3.93	194.34	97	1
899	13.09	127.29	95	1.56
900	90.74	163.76	95	1.08
901	174.42	84.34	95	0.86
902	157.02	70.25	94	0.65
903	19.48	29.15	94	0.82
904	198.33	6.55	95	1.14
905	34.9	38.18	96	1.22
906	38.16	42.53	95	0.66
907	129.78	164.3	95	1.47
908	144.57	161.3	94	1.25
Period: 94
Tasks:4
id	x	y	end	c
474	192.55	26.06	96	118.46
475	18.21	69.28	94	87.37
476	33.79	126.95	95	71.48
477	167.41	129.78	96	73.7
Drivers: 11
id	x	y	end	sensitivity
909	95.14	158.32	99	1.24
910	51.59	83.01	96	1.04
911	47.56	175.69	96	1.79
912	25.36	126.82	97	1.86
913	134.07	144.59	98	1.75
914	79.53	144.05	95	0.6
915	91.05	115.87	97	1.2
916	76.46	99.39	98	1.64
917	86.09	91.43	94	0.55
918	125.44	175.33	98	1.82
919	179.55	109.15	100	1.12
Period: 95
Tasks:3
id	x	y	end	c
478	192.02	89.59	95	92.61
479	86.19	28.86	95	72.47
480	65.11	158.86	96	68.42
Drivers: 7
id	x	y	end	sensitivity
920	188.61	170.67	98	1.19
921	128.3	144.42	97	1.94
922	190.15	64.62	97	1.57
923	62.42	29.86	97	0.91
924	109.32	75.68	96	1.43
925	4.14	189.65	98	1.44
926	124.18	87.94	98	1.7
Period: 96
Tasks:1
id	x	y	end	c
481	90.61	19.58	96	80.97
Drivers: 7
id	x	y	end	sensitivity
927	128.04	22.47	100	0.77
928	189.45	84.06	100	1.37
929	178.36	152.19	96	1.3
930	25.88	1.41	99	1.13
931	187.51	43.72	102	1.26
932	93.31	175.97	100	1.18
933	64.25	93.75	99	1.43
Period: 97
Tasks:8
id	x	y	end	c
482	45.51	112.67	100	55.94
483	79.81	110.32	97	22.67
484	137.1	17.75	98	90.23
485	96.78	132.13	98	32.29
486	77.1	45.3	97	59.3
487	182.41	17.19	97	116.83
488	104.83	145	97	45.26
489	86.53	173.7	99	74.92
Drivers: 13
id	x	y	end	sensitivity
934	150.83	179.31	99	1.21
935	1.39	179.83	100	1.67
936	129.03	2.5	98	1.26
937	87.03	192.23	98	0.56
938	185.65	167.74	98	0.83
939	56.02	94.61	97	1.97
940	178.22	31.92	100	1.17
941	45.24	49.33	100	1.22
942	111.41	186.54	102	1.73
943	98.63	164.5	98	1.37
944	179.01	185.89	98	0.72
945	173.75	79.8	99	1.67
946	120.86	17.21	100	1.17
Period: 98
Tasks:4
id	x	y	end	c
490	149.25	64.2	99	60.89
491	68.99	99.58	98	31.01
492	121.94	38.77	98	65.04
493	58.23	197.25	100	105.84
Drivers: 13
id	x	y	end	sensitivity
947	81.61	110.26	104	1.05
948	195.47	164.08	101	1.27
949	19.05	116.39	101	0.74
950	81.44	65.43	104	1.4
951	14.37	64.29	101	1.87
952	114.58	2.68	100	0.78
953	114.58	28.48	103	1.38
954	68.42	132.62	99	0.52
955	125.43	146.63	102	1.81
956	28.7	75.01	101	1.49
957	172.01	164.29	104	1.99
958	60.34	136.15	102	0.94
959	172.38	25.33	98	1.58
Period: 99
Tasks:1
id	x	y	end	c
494	109.18	64.25	100	36.91
Drivers: 10
id	x	y	end	sensitivity
960	158.9	29.93	102	0.72
961	49.19	175.22	104	1.41
962	147.99	136.25	100	1.09
963	95.69	33.09	101	1.59
964	93.3	130.31	102	0.89
965	45.01	124.56	102	1.34
966	165.89	7.89	102	0.73
967	27.08	47.46	103	0.95
968	159.52	48.69	101	1.67
969	157.11	47.69	102	1.54
Period: 100
Tasks:3
id	x	y	end	c
495	108.25	39.52	100	61.04
496	23.82	13.37	102	115.36
497	154.07	11.65	101	103.58
Drivers: 7
id	x	y	end	sensitivity
970	190.03	45.53	103	1.36
971	94.35	181.62	105	1.8
972	38.24	139.17	103	1.6
973	86.74	186.63	103	1.64
974	191.41	59.69	102	1.09
975	77.6	155.17	101	0.92
976	179.22	61	105	1
