Periods: 100
Task Arrival Rate: 10
Task Average Time: 1
Driver Arrival Rate: 10
Driver Average Time: 1
Period: 1
Tasks:8
id	x	y	end	c
1	62.84	43.48	1	67.64
2	86.78	163.16	2	64.53
3	126.83	116.16	3	31.32
4	76.31	15.55	1	87.71
5	133.74	171.47	1	79.03
6	26.16	4.75	1	120.52
7	113.17	176.1	2	77.23
8	152.23	20.56	1	95.07
Drivers: 6
id	x	y	end	sensitivity
1	106.85	52.73	2	1.82
2	137.36	162.81	3	0.53
3	33.11	7.71	1	1.46
4	119.85	99.67	1	1.68
5	7.21	191.01	2	1.88
6	52.8	11.04	1	1.99
Period: 2
Tasks:10
id	x	y	end	c
9	9.73	15.79	4	123.45
10	166.81	163.02	3	91.84
11	175.63	78.47	3	78.63
12	34.28	114.07	2	67.21
13	73.99	58.82	4	48.71
14	129.55	182.79	3	87.91
15	10.48	102.47	2	89.55
16	176.49	103.98	4	76.59
17	41.96	174.48	4	94.42
18	118.87	89.16	5	21.76
Drivers: 12
id	x	y	end	sensitivity
7	51.84	13.85	3	0.82
8	2.97	157.35	4	1.24
9	13.95	42.36	4	0.96
10	29.16	120.31	3	0.66
11	119.39	121.32	2	1.51
12	145.31	133.97	2	1.24
13	86.57	65.4	2	1.88
14	134.77	114.3	3	1.66
15	116.72	117.88	4	1.41
16	162.89	83.69	2	1.8
17	136.84	190.33	2	0.67
18	81.2	169.56	5	1.08
Period: 3
Tasks:7
id	x	y	end	c
19	189.59	181.25	4	120.95
20	115.08	83.35	4	22.46
21	146.59	136.37	3	59.11
22	26.9	109.77	3	73.75
23	160.78	45.8	4	81.44
24	44.51	119.25	3	58.73
25	58.56	88.57	5	42.99
Drivers: 10
id	x	y	end	sensitivity
19	21.73	141.18	3	0.68
20	191.92	82.71	4	0.77
21	55.17	4.29	4	0.61
22	128.57	193.99	3	0.9
23	41.85	64.26	3	1.1
24	18.83	2.73	4	0.78
25	35.91	169.92	3	0.76
26	176.2	17.8	6	1.63
27	17.08	169.19	5	1.15
28	105.83	84.67	3	0.51
Period: 4
Tasks:7
id	x	y	end	c
26	38.46	88.2	4	62.66
27	48.14	110.95	4	53
28	112.39	156.48	4	57.82
29	43.18	124.55	5	61.9
30	26.55	199.86	6	123.96
31	63.18	5.8	4	101.14
32	142.12	177.63	5	88.32
Drivers: 12
id	x	y	end	sensitivity
29	109.67	163.74	4	1.08
30	188.31	138.6	7	1.77
31	24.62	160.18	4	1.6
32	37.69	55.6	5	1.6
33	174.66	175.91	4	1.04
34	85.71	131.06	4	0.89
35	36.46	185.2	5	1.86
36	116.29	11.45	5	1.7
37	18.64	153.66	4	1.93
38	154.16	145.79	5	1.06
39	5.84	55.79	4	0.52
40	172.12	132.55	6	0.53
Period: 5
Tasks:11
id	x	y	end	c
33	125.34	181.5	5	85.35
34	150.3	39.87	5	78.39
35	176.99	27.8	5	105.55
36	44.27	23.52	7	94.63
37	60.2	53.24	7	61.4
38	193.38	195.96	5	133.9
39	113.76	175.84	7	77.08
40	35.6	176.67	6	100.13
41	161.82	60.59	8	73.31
42	17.7	34.04	7	105.47
43	99.26	54.2	8	45.81
Drivers: 12
id	x	y	end	sensitivity
41	142.09	138.95	6	1.54
42	175.26	159.46	6	1.33
43	82.73	111.5	6	1.82
44	157.02	191.44	6	1.17
45	66.35	105.83	6	0.95
46	112.52	7.34	7	1.65
47	113.81	29.67	6	1.05
48	114.18	100.78	6	0.62
49	32.77	188.55	5	1.44
50	22.53	99.23	5	1.81
51	52.8	91.18	7	1.9
52	139.51	51.32	5	0.93
Period: 6
Tasks:16
id	x	y	end	c
44	127.58	168.6	6	73.94
45	23.16	117.5	9	78.81
46	29.29	40.43	8	92.46
47	153.96	137.09	6	65.48
48	18.38	28.03	7	108.82
49	48.97	176.15	7	91.67
50	69.59	130.37	9	42.98
51	123.52	8.92	7	94.07
52	135.38	84.43	7	38.65
53	170.98	110.47	8	71.75
54	150.46	149.54	6	70.71
55	23.98	105.94	6	76.25
56	160.72	83.93	7	62.81
57	154.41	69.86	8	62.2
58	128.88	116.31	8	33.17
59	189.65	190.53	9	127.41
Drivers: 6
id	x	y	end	sensitivity
53	27.31	27.1	8	1.64
54	36.58	53.69	6	1.68
55	94.94	118.9	6	1.3
56	64.99	126.47	7	1.84
57	67.61	8.98	6	0.8
58	109.1	119.71	7	0.79
Period: 7
Tasks:16
id	x	y	end	c
60	131.1	50.62	7	58.36
61	137.18	110.51	8	38.64
62	44.58	108.91	7	56.13
63	18.36	9.91	7	121.58
64	24.56	142.32	9	86.5
65	7.77	82.79	8	93.82
66	70.77	180.61	7	85.75
67	8.66	91.44	8	91.74
68	143.84	37.98	9	75.95
69	135.57	171.49	9	79.85
70	103.52	101.06	7	3.68
71	26.46	88.94	7	74.37
72	138.96	155.74	7	68.01
73	37.16	106.75	8	63.2
74	128.67	112.75	8	31.38
75	76.57	65.91	9	41.37
Drivers: 10
id	x	y	end	sensitivity
59	49.9	52.91	9	1.59
60	69.66	21.41	8	0.91
61	193.97	98.92	8	0.8
62	33.7	55.67	8	1.38
63	122.34	171.5	9	1.07
64	24.55	71.96	10	1.12
65	181.34	148.85	10	0.64
66	138.54	27.11	7	0.77
67	32.7	173.34	7	1.38
68	115.49	145.96	8	1.14
Period: 8
Tasks:10
id	x	y	end	c
76	55.83	192.65	9	102.64
77	51.43	77.51	9	53.52
78	134.64	124.75	9	42.57
79	17.65	124.14	9	85.82
80	43.08	134.95	10	66.79
81	3.61	28.54	9	119.99
82	158.18	131.01	8	65.93
83	195.86	106.23	9	96.06
84	20.31	174.85	9	109.33
85	83.31	15.98	9	85.66
Drivers: 13
id	x	y	end	sensitivity
69	189.77	83.82	8	0.91
70	28.5	192.06	9	1.06
71	125.39	153.06	9	1.3
72	14.04	25.49	8	1.71
73	188.4	57.57	8	1.68
74	186.78	185.54	9	1.16
75	8.8	139.83	9	1.67
76	163.03	101	11	1.83
77	182.54	196.31	11	1.24
78	146.33	115.44	8	0.7
79	121.47	103.72	9	0.8
80	87.82	72.41	10	0.62
81	94.5	58.46	9	0.58
Period: 9
Tasks:9
id	x	y	end	c
86	111.72	77.76	9	25.14
87	165.35	193.59	12	114.15
88	49.76	155.06	11	74.54
89	142.15	56.6	9	60.5
90	165.16	26.54	10	98.19
91	19.41	60.62	10	89.7
92	154.81	89.64	9	55.78
93	158.5	169.91	10	91.16
94	158.45	0.78	11	115.16
Drivers: 7
id	x	y	end	sensitivity
82	65.88	142.56	10	0.67
83	132.81	96.43	10	1
84	149.67	28.43	9	1.38
85	65.75	133.28	10	1.18
86	23.45	71.13	9	0.56
87	83.04	27.44	10	1.13
88	61.31	178.77	11	1.05
Period: 10
Tasks:4
id	x	y	end	c
95	143.92	84.38	12	46.61
96	193.04	104.69	10	93.16
97	97.42	27.48	11	72.57
98	174.13	160.79	11	95.87
Drivers: 8
id	x	y	end	sensitivity
89	70.61	79.69	11	1.68
90	85.25	75.8	12	0.56
91	18.25	129.84	12	0.83
92	62.97	168.54	13	0.58
93	51.09	37.68	12	1.96
94	86.26	42.8	13	1.78
95	118.78	198.78	11	1.73
96	142.06	86.73	10	0.92
Period: 11
Tasks:6
id	x	y	end	c
99	28.72	90.69	13	71.89
100	10.44	35.7	13	110.25
101	17.24	25.4	12	111.42
102	56.64	37.78	11	75.84
103	29.72	119.64	11	72.97
104	111.19	95.53	11	12.05
Drivers: 12
id	x	y	end	sensitivity
97	138.99	134.19	12	1.19
98	53.45	174.1	11	1.97
99	137.73	112.32	12	0.56
100	145.66	98.14	13	1.02
101	147.64	191.67	11	1.42
102	142.34	42.25	11	0.51
103	154.98	148.13	12	0.68
104	84.2	123.36	14	0.58
105	179.92	4.82	14	1.68
106	180.83	8.55	13	1.15
107	101.43	103.43	12	0.78
108	12.58	170.22	12	1.62
Period: 12
Tasks:3
id	x	y	end	c
105	105.9	63.97	14	36.51
106	72.69	170.42	12	75.53
107	2.82	133.35	15	102.74
Drivers: 11
id	x	y	end	sensitivity
109	15.5	77.9	13	1.18
110	69.65	138.99	13	0.96
111	93.34	76.53	12	1.61
112	140.57	163.32	12	1.13
113	168.63	90.84	12	1.76
114	85.39	146.35	14	1.84
115	13.25	174.03	13	1.28
116	73.67	2.86	12	1.37
117	37.11	96.02	15	1.63
118	183.05	39.77	12	0.93
119	116.47	67.29	13	1.69
Period: 13
Tasks:11
id	x	y	end	c
108	143.12	34.18	13	78.69
109	115.18	8.38	16	92.87
110	178.52	188.28	13	118.15
111	44.09	60.41	15	68.51
112	22.71	6.16	13	121.57
113	47.03	28.39	14	89.07
114	166.22	15.07	13	107.69
115	29.09	135.97	13	79.51
116	74.58	144.65	13	51.38
117	89.81	67.04	15	34.5
118	66.29	25.74	14	81.55
Drivers: 9
id	x	y	end	sensitivity
120	177.61	190.17	13	0.74
121	27.63	20.91	16	1.81
122	193.03	92.62	13	0.85
123	170.8	163.05	13	1.52
124	6.07	181.08	14	0.87
125	143.44	67.76	14	1.66
126	127.15	187.1	15	1.13
127	110.98	29.68	15	1.45
128	150.41	178.86	13	1.35
Period: 14
Tasks:9
id	x	y	end	c
119	93.92	101.69	16	6.31
120	41.62	108.19	14	58.95
121	118.78	101.35	15	18.83
122	142.57	17.55	17	92.79
123	148.46	182.45	14	95.64
124	179.3	180.16	14	112.76
125	170.39	53.62	16	84.3
126	107.3	137.07	14	37.78
127	6.36	44.04	14	109.09
Drivers: 7
id	x	y	end	sensitivity
129	112.9	80.06	16	1.24
130	112.65	14.21	18	1.48
131	154.21	94.68	14	1.7
132	193.8	44.7	17	1.8
133	164.13	32.63	16	0.51
134	117.32	44.89	15	0.63
135	23.19	0.05	14	0.64
Period: 15
Tasks:8
id	x	y	end	c
128	53.88	3.32	15	107.12
129	34.92	1.44	15	118.11
130	3.67	113.43	17	97.26
131	133.66	31.82	16	76.04
132	144.6	22.28	15	89.61
133	145.74	25.17	16	87.7
134	187.81	183.42	16	121.12
135	153.22	159.55	15	79.87
Drivers: 11
id	x	y	end	sensitivity
136	120.62	39.27	15	1.42
137	180.51	59.34	15	1.64
138	129.43	24.67	15	0.53
139	0.5	196.88	17	1.99
140	195.67	155.91	15	1.82
141	152.8	4.39	16	1.8
142	180.4	7.44	16	1.36
143	133.51	14.51	15	0.53
144	167.26	198.4	15	1.48
145	102.77	58.29	15	1.41
146	29.75	84.49	15	0.82
Period: 16
Tasks:13
id	x	y	end	c
136	106.72	178.21	16	78.5
137	60.96	102.81	16	39.14
138	45.22	176.75	17	94.29
139	105.25	153.22	18	53.48
140	174.94	25.25	16	105.85
141	120.36	133.48	17	39.18
142	85.79	169.31	17	70.75
143	8.74	193.61	17	130.73
144	22.99	131.84	20	83.33
145	105.12	174.36	16	74.54
146	167.26	125.78	16	72.03
147	45.86	174.23	17	91.88
148	189.14	122.19	17	91.86
Drivers: 16
id	x	y	end	sensitivity
147	172.54	63.31	17	1.7
148	122.5	88.54	18	0.66
149	52.35	60.05	16	1.42
150	24.97	70.23	16	1.91
151	168.54	84.91	16	1.34
152	18.03	167.6	18	1.38
153	65.27	0.99	17	1
154	4.77	135.76	17	1.19
155	186.84	172.5	17	1.01
156	77.29	99.91	17	1.21
157	7.21	5.87	17	0.53
158	161.17	13.02	16	0.69
159	46.58	87.03	20	1.17
160	127.55	164.03	18	1.11
161	40.24	40.19	17	1.17
162	152.38	45.15	17	1.72
Period: 17
Tasks:13
id	x	y	end	c
149	56.94	170.22	18	82.37
150	136.28	25.4	17	82.95
151	61.38	70.15	19	48.81
152	156.33	50.63	20	74.9
153	183.39	164.98	17	105.72
154	123.29	64.67	17	42.32
155	107.78	89.34	17	13.2
156	148.83	88.84	17	50.09
157	96.09	25.16	18	74.94
158	111.38	10.61	19	90.11
159	156.14	153.12	18	77.29
160	55.02	95.42	19	45.21
161	42.3	129.05	18	64.6
Drivers: 7
id	x	y	end	sensitivity
163	16.93	27.2	17	1.44
164	190.47	59.14	17	0.94
165	187.28	30.01	19	1.47
166	178.69	1.43	17	1.38
167	6.38	48.2	18	0.54
168	104.41	40.5	18	1.09
169	75.96	83.58	17	1.94
Period: 18
Tasks:15
id	x	y	end	c
162	18.7	57.7	20	91.65
163	0.31	104.34	19	99.78
164	26.96	194.26	20	119.25
165	119.25	6.13	18	95.82
166	31.71	160.06	20	90.94
167	65.08	130.92	18	46.64
168	165.97	14.19	19	108.24
169	47.21	147.21	18	70.82
170	96.16	70.63	18	29.62
171	191.44	87.53	19	92.29
172	173.39	142.92	18	85.02
173	90.57	60.04	19	41.06
174	28.86	10.32	19	114.47
175	50.36	66.27	18	60.02
176	25.2	133.86	18	82.11
Drivers: 8
id	x	y	end	sensitivity
170	97.55	159.37	19	1.9
171	64.72	62.84	19	0.66
172	158.05	187.14	20	1.92
173	131.12	14.2	18	1.98
174	177.36	96.78	19	1.4
175	109.88	73.57	18	0.71
176	163.04	71.28	19	1.79
177	33.15	78.22	19	0.83
Period: 19
Tasks:10
id	x	y	end	c
177	131.09	48.25	21	60.37
178	59.86	58.02	20	58.08
179	174.47	97.89	19	74.5
180	157.88	28.69	21	91.84
181	86.82	88.8	19	17.3
182	106.32	72.11	19	28.6
183	100.94	61.98	21	38.03
184	18.44	149	19	95.15
185	117.72	122.87	20	28.93
186	173.81	53.31	20	87.34
Drivers: 6
id	x	y	end	sensitivity
178	128.15	24.84	19	1.97
179	108.65	165.36	21	1.14
180	62.01	172.39	21	1.18
181	113.37	59.84	21	1.68
182	81.07	104.51	20	0.56
183	10.75	22.18	19	1.09
Period: 20
Tasks:17
id	x	y	end	c
187	4.81	141.22	21	103.73
188	37.04	30.89	23	93.49
189	175.09	146.84	21	88.5
190	154.48	162.94	21	83.24
191	192.82	89.38	20	93.43
192	11.2	90.51	20	89.31
193	126.48	143.75	20	51.14
194	151.42	126.32	20	57.76
195	79.13	49.83	24	54.34
196	106.9	173.13	21	73.45
197	172.57	160.46	21	94.46
198	117.09	11.8	20	89.84
199	46.9	10.23	21	104.3
200	1.69	118.04	22	99.95
201	19.17	25.68	21	109.8
202	152.77	190.68	20	104.92
203	13.78	5.93	20	127.61
Drivers: 11
id	x	y	end	sensitivity
184	173.24	115.71	22	1.07
185	124.2	96.21	22	0.59
186	30.58	171.56	20	0.53
187	164.53	34.26	21	0.78
188	68.83	169.92	21	1.19
189	18	145.69	22	0.67
190	82.38	97.09	21	1.22
191	156.08	53.15	22	1.2
192	151.09	115.29	20	1.66
193	71.92	61.26	21	1.92
194	58.32	139.48	21	0.71
Period: 21
Tasks:8
id	x	y	end	c
204	46.61	130.71	22	61.59
205	56.02	99.56	21	43.98
206	115.45	14.48	22	86.9
207	191.32	163.22	23	111.07
208	27.45	136.76	21	81.33
209	10.64	35.46	21	110.23
210	7.05	186.45	22	126.94
211	113.56	101.33	22	13.63
Drivers: 7
id	x	y	end	sensitivity
195	179.53	99.85	22	0.85
196	54.91	62.29	22	1.97
197	32.53	79.81	21	1.95
198	144.35	178.77	23	1.77
199	13.33	122.89	22	1.24
200	127.72	68.72	21	0.59
201	155.63	54.27	23	1.21
Period: 22
Tasks:9
id	x	y	end	c
212	187.25	161.68	22	106.85
213	66.53	57.84	22	53.83
214	41.73	7.65	22	109.2
215	110.25	110.92	24	14.98
216	105.61	187.75	23	87.93
217	49.09	134.11	24	61.28
218	0.48	122.79	24	102.1
219	141.33	97.6	22	41.4
220	182.69	1.03	23	128.97
Drivers: 12
id	x	y	end	sensitivity
202	75.52	9.86	22	1.22
203	63.58	26.31	23	1.56
204	119.93	117.12	23	0.83
205	51.15	131.9	23	1.54
206	27.48	96.94	24	1.81
207	128.69	68.32	23	1.04
208	66.49	72.04	22	1.58
209	131.15	156.36	25	1.89
210	191.95	152.92	23	0.77
211	51.06	137.23	23	1.62
212	188.49	82.62	22	1.39
213	174.07	65.11	23	0.57
Period: 23
Tasks:3
id	x	y	end	c
221	123.75	142.61	23	48.78
222	127.51	16.29	26	88.11
223	128.29	170.07	24	75.57
Drivers: 15
id	x	y	end	sensitivity
214	130.65	164.19	23	1.4
215	66.39	141.32	26	1.75
216	156.17	198.37	25	1.95
217	184.48	53.07	24	1.11
218	19.15	163.93	27	0.9
219	163.35	72.79	25	1.78
220	57.55	187.07	25	0.58
221	128.36	73.31	23	1.12
222	174.29	13.38	23	1.44
223	27.15	88.24	23	1.31
224	97.12	115.07	24	1.51
225	92.7	16.73	23	1.96
226	65.33	143.24	25	1.33
227	155.55	18.86	23	1.54
228	55.64	140.94	23	1.74
Period: 24
Tasks:11
id	x	y	end	c
224	37.75	190.96	25	110.22
225	191.72	33.36	24	113.37
226	168.21	190.24	24	113.12
227	114.09	118.67	24	23.39
228	46.46	53.5	24	70.91
229	13.85	55.84	24	96.81
230	113.08	117.55	24	21.89
231	139.99	168.14	29	79.01
232	152.58	167.38	25	85.47
233	24.69	83.73	26	77.05
234	38.91	158.23	25	84.4
Drivers: 7
id	x	y	end	sensitivity
229	113.82	34.9	25	1.35
230	64.81	135.39	24	0.73
231	68.62	43.76	28	1.05
232	78.68	182.95	25	1.02
233	74.04	115.43	24	0.81
234	116.26	160.26	24	1.75
235	186.15	60.63	24	2
Period: 25
Tasks:8
id	x	y	end	c
235	8.27	39.51	26	109.88
236	188.09	146.68	25	99.69
237	24.75	4.56	26	121.54
238	174.92	193.11	25	119.51
239	2.44	186.24	26	130.21
240	146.91	22.45	26	90.63
241	78.13	11.77	27	90.9
242	125.86	199.25	25	102.56
Drivers: 6
id	x	y	end	sensitivity
236	47.47	53.35	26	1.34
237	165.74	59.16	27	1.22
238	5.53	8.92	25	0.75
239	122.12	112.88	25	1.64
240	58.86	21.5	25	0.65
241	118	122.71	25	1.41
Period: 26
Tasks:14
id	x	y	end	c
243	116.47	112.54	27	20.7
244	24.27	12.84	27	115.46
245	72.37	109.74	27	29.3
246	34.32	133.92	28	73.92
247	194.88	166.89	26	116.09
248	72.39	63.44	26	45.81
249	27.85	115.99	29	73.9
250	7.47	136.49	28	99.47
251	12.87	34.52	28	108.99
252	145.82	12.24	27	99
253	78.23	47.18	27	57.13
254	36.79	197.89	29	116.52
255	17.12	25.27	28	111.6
256	147.16	25.06	29	88.54
Drivers: 11
id	x	y	end	sensitivity
242	30.18	32.09	26	0.94
243	37.43	135.14	26	1.21
244	10.78	112.36	29	1.77
245	66.77	150.01	27	0.64
246	3.85	183.85	27	1.58
247	107.48	58.02	28	0.9
248	37.25	141.57	28	1.8
249	113.82	39.86	26	1.82
250	100.08	100.37	28	1.42
251	152.76	53.96	26	1.97
252	95.42	87.36	29	1.2
Period: 27
Tasks:14
id	x	y	end	c
257	150.87	85.91	27	52.79
258	157.54	156.76	29	80.82
259	84.76	60.99	29	41.88
260	86.63	68.16	27	34.53
261	53.53	36.38	28	78.78
262	77.33	106.09	28	23.47
263	75.3	136.19	29	43.82
264	103.66	198.81	27	98.88
265	32.27	161.52	29	91.5
266	132.68	34.87	29	72.87
267	24.4	23.12	27	107.82
268	152.53	175.14	27	91.68
269	141.88	96.16	27	42.06
270	133.58	30.82	28	76.9
Drivers: 10
id	x	y	end	sensitivity
253	14.22	70.19	28	1.75
254	182.78	102.97	27	0.83
255	166.96	88.03	28	1.12
256	161.66	171.78	27	0.69
257	74.04	25.34	28	0.93
258	64.17	10.9	28	1.29
259	195.76	132.36	27	1.92
260	142.01	133.29	27	1.08
261	29.43	169.12	27	1.93
262	198.72	48.39	27	1.99
Period: 28
Tasks:8
id	x	y	end	c
271	28.72	76.42	28	75.08
272	51.45	143.22	29	65
273	189.8	51.29	30	102.16
274	81.5	94.14	28	19.41
275	131.91	91.66	28	32.98
276	59.4	176.92	28	86.98
277	103.98	96.66	29	5.2
278	77.04	176.52	29	79.89
Drivers: 7
id	x	y	end	sensitivity
263	152.16	87.9	28	0.75
264	77.94	50.99	28	1.58
265	92.6	174.66	30	1.71
266	153.02	17.62	28	0.81
267	63.24	147.13	30	1.12
268	175.05	135.59	28	1.43
269	15.24	191.16	30	0.79
Period: 29
Tasks:7
id	x	y	end	c
279	173.28	179.27	29	107.95
280	168.33	17.46	30	107.15
281	108.95	122.45	31	24.17
282	99.8	71.75	29	28.25
283	82.27	130.92	29	35.64
284	5.11	8.01	29	132.16
285	22.2	98.59	30	77.81
Drivers: 8
id	x	y	end	sensitivity
270	10.37	5.78	32	1.32
271	119.37	174.53	30	1.89
272	54.32	178.09	29	0.94
273	185.49	78.03	30	0.75
274	12.78	126.01	31	1.33
275	197.67	53.65	31	1.73
276	38.53	129.47	31	0.59
277	23.7	8.77	30	1.83
Period: 30
Tasks:9
id	x	y	end	c
286	41.23	85.84	31	60.45
287	12.48	81.21	33	89.51
288	84.3	190.01	30	91.37
289	22.76	106.71	31	77.53
290	125.08	110.87	32	27.33
291	16.38	150.53	32	97.7
292	22.15	188.52	30	117.88
293	80.2	37.2	31	65.85
294	82.16	64.7	31	39.55
Drivers: 10
id	x	y	end	sensitivity
278	75.28	114.57	32	0.93
279	6.04	57.05	30	0.71
280	109.01	155.23	31	1.6
281	54.96	4.21	31	1.53
282	176.7	1.41	31	1.7
283	184.64	138.69	32	1.06
284	183.24	105.89	31	0.66
285	152.98	83.43	32	1.85
286	150.51	51.93	31	0.8
287	44.41	152.7	30	0.8
Period: 31
Tasks:9
id	x	y	end	c
295	140.47	129.24	32	49.93
296	18.49	105.89	31	81.72
297	8.71	157.31	32	107.79
298	54.15	12.93	32	98.4
299	74.64	123.46	32	34.55
300	166.89	187.36	32	110.03
301	11.64	35.08	31	109.65
302	80.74	124.73	32	31.35
303	135.88	166.77	32	75.8
Drivers: 18
id	x	y	end	sensitivity
288	114.24	7.51	31	0.65
289	51.73	136.03	32	0.81
290	149.64	114.48	33	1.88
291	188.64	46.34	35	1.47
292	37.4	112.26	32	0.72
293	193.94	41.71	34	0.67
294	42.75	134.11	35	1.38
295	101.83	95.99	35	1.09
296	146.07	119.67	32	0.86
297	194.54	13.06	32	1.36
298	80.89	68.19	31	1.7
299	130.87	46.1	31	0.53
300	152.46	125.64	31	1.89
301	121.14	73.55	32	1.22
302	190.93	31.79	33	0.51
303	139.6	67.32	31	1.12
304	172.33	51.35	31	0.89
305	144.86	138.02	33	1.02
Period: 32
Tasks:8
id	x	y	end	c
304	165.72	10.57	32	110.98
305	118.14	144.75	33	48.29
306	197.27	196.86	36	137.27
307	153.17	169.29	34	87.34
308	37.09	89.57	33	63.77
309	173	192.23	33	117.62
310	130.55	93.92	33	31.15
311	58.43	178.82	32	89.11
Drivers: 9
id	x	y	end	sensitivity
306	160.54	9.63	34	1.99
307	157.25	129.96	35	0.8
308	1.9	124.15	33	0.71
309	14.54	156.88	33	1.89
310	42.58	166.07	34	1.56
311	129.9	109.72	34	0.84
312	27.58	177.21	33	0.51
313	153.36	168.04	33	1.17
314	102.92	59.65	34	0.61
Period: 33
Tasks:10
id	x	y	end	c
312	66.38	44.8	35	64.63
313	171.51	148.92	33	86.64
314	122.45	55.15	35	50.16
315	173.23	182.57	35	110.37
316	92.33	197.43	33	97.73
317	7.04	52.13	35	104.56
318	195.11	107.01	34	95.37
319	45.15	36.23	33	84.11
320	48.89	55	35	68.1
321	96.01	143.92	34	44.1
Drivers: 14
id	x	y	end	sensitivity
315	84.99	79.55	35	0.69
316	166.55	118.24	34	1.45
317	52.61	35.67	34	0.85
318	28.57	182.99	33	1.24
319	95.55	64.76	33	0.81
320	174.4	184.68	35	1.08
321	52.66	76.51	33	1.48
322	85.98	182.87	35	0.62
323	126.18	160.38	35	1.01
324	123.62	59.81	36	1.17
325	173.14	122.16	35	1.55
326	58.75	81.06	35	0.67
327	174.54	83.5	34	1.98
328	137.4	170.95	33	1.93
Period: 34
Tasks:11
id	x	y	end	c
322	70.16	73.89	35	39.65
323	128.23	77.78	34	35.93
324	168.14	5.25	34	116.71
325	196.05	45.33	35	110.52
326	53.86	99.83	34	46.14
327	102.09	114.72	34	14.87
328	166.84	193.2	34	114.69
329	113.81	4.25	34	96.74
330	163.76	47.65	36	82.5
331	105.08	19.92	34	80.24
332	72.71	58.2	35	49.92
Drivers: 5
id	x	y	end	sensitivity
329	76.95	77.94	35	1.85
330	34.2	96.1	35	1.01
331	125.97	185.59	35	0.5
332	193.35	43.18	36	1.93
333	67.62	75.03	37	1.9
Period: 35
Tasks:10
id	x	y	end	c
333	146.36	163.89	35	78.94
334	66.59	3.08	35	102.52
335	170.76	124.63	36	74.92
336	102.24	118.29	37	18.43
337	43.84	161.99	37	83.65
338	92.04	185.43	36	85.8
339	51.39	133.46	37	59.01
340	111.23	47.9	36	53.3
341	167.3	179.22	35	103.95
342	197.02	70.69	35	101.35
Drivers: 6
id	x	y	end	sensitivity
334	184.08	142.09	36	1.34
335	181.51	162.51	35	1.79
336	22.8	88.31	36	0.9
337	21.02	67.44	38	1.7
338	148.99	153.66	38	1.48
339	124.17	128.81	36	1.42
Period: 36
Tasks:9
id	x	y	end	c
343	157.41	140.05	36	70
344	34.83	146.7	39	80.17
345	140.45	75.02	38	47.54
346	102.89	192.58	36	92.63
347	65.92	104.87	39	34.43
348	90.42	152.52	39	53.39
349	119.32	25.67	37	76.8
350	43.12	33.19	36	87.74
351	186.95	22.06	38	116.77
Drivers: 15
id	x	y	end	sensitivity
340	21.93	69.99	36	0.76
341	195.29	135.95	38	1.1
342	169.34	55.46	39	0.92
343	5.63	70.66	38	1.8
344	48.31	187.25	36	0.87
345	185.29	153.96	36	1.87
346	86.58	115.64	39	1.84
347	68.66	9.22	36	1.98
348	115.2	86.07	36	1.17
349	139.4	99.53	37	0.77
350	101.6	10.71	37	0.78
351	159.46	79.09	36	1.52
352	116.75	53.02	36	0.66
353	79.25	61.11	37	1.74
354	30.34	131.14	37	0.56
Period: 37
Tasks:12
id	x	y	end	c
352	41.1	189.04	38	106.76
353	158.28	120.19	39	61.68
354	165.19	28.08	39	97.07
355	177.1	58.56	37	87.53
356	35.21	80.27	38	67.73
357	123.32	103.5	39	23.58
358	190.94	47.85	37	104.83
359	179.1	5.92	39	122.91
360	31.66	186.75	38	110.44
361	72.72	39.7	39	66.18
362	183.51	87.19	37	84.49
363	184.91	166.77	37	108.02
Drivers: 7
id	x	y	end	sensitivity
355	9.94	51.17	37	1.08
356	174.99	19.19	38	1.68
357	32.68	149.92	37	1.43
358	20.54	107.68	38	1.39
359	194.18	67.99	39	0.52
360	123.74	141	39	0.54
361	4.76	43.32	37	1.19
Period: 38
Tasks:10
id	x	y	end	c
364	109.55	104.15	38	10.41
365	102.71	164.86	38	64.92
366	191.37	103.81	38	91.45
367	141.33	29.76	38	81.5
368	194.56	171.27	38	118.41
369	127.4	25.56	40	79.32
370	158.94	121.55	39	62.76
371	149.54	20.57	40	93.61
372	69.22	185.05	38	90.45
373	194.71	65.41	40	100.83
Drivers: 15
id	x	y	end	sensitivity
362	36.82	82.22	40	1.31
363	110.13	92	39	1.39
364	72.27	165.54	38	1.6
365	193.62	72.43	41	1.74
366	16.43	156.4	40	0.92
367	187.62	163.86	41	0.57
368	70.75	90.24	39	0.66
369	29.71	105.42	39	0.9
370	101.22	9.01	39	1.76
371	41.01	7.62	39	1.11
372	182.38	13.54	38	0.77
373	125.82	199.99	40	0.66
374	45.31	37.88	38	1.77
375	110.27	71.98	39	1.3
376	56.31	139.93	42	1.95
Period: 39
Tasks:7
id	x	y	end	c
374	0.09	119.4	39	101.78
375	188.02	68.88	40	93.36
376	36.82	163.4	39	89.51
377	164.63	35.67	39	91.19
378	21.41	19.08	43	112.8
379	3.16	126.62	39	100.43
380	133.94	27.72	43	79.85
Drivers: 9
id	x	y	end	sensitivity
377	148.38	60.53	39	0.57
378	79.86	109.73	39	1.12
379	163.38	167.09	41	0.74
380	18.57	148.3	41	1.65
381	169.22	29.24	40	0.83
382	192.06	33.97	39	1.95
383	132.28	53.04	39	0.7
384	126.14	166.45	40	0.77
385	171.07	177.06	43	1.59
Period: 40
Tasks:5
id	x	y	end	c
381	84.14	54.1	40	48.56
382	150.12	58.23	41	65.24
383	191.51	43.37	41	107.62
384	139.32	157.17	40	69.39
385	10.05	169.89	41	113.91
Drivers: 6
id	x	y	end	sensitivity
386	63.56	44.6	41	0.58
387	54.74	148.77	40	1.31
388	173.22	134.97	41	0.84
389	179.24	98.75	40	0.53
390	69.21	160.42	43	1.82
391	93.55	1.22	41	1.45
Period: 41
Tasks:9
id	x	y	end	c
386	10.5	169.91	41	113.57
387	60.31	137.59	43	54.67
388	69.08	19.53	44	86.21
389	138.26	149.7	42	62.72
390	184.56	61.74	41	92.81
391	33.23	139.45	42	77.55
392	29.89	166.95	42	96.94
393	127.86	20.91	41	83.85
394	111.65	97.26	43	11.97
Drivers: 10
id	x	y	end	sensitivity
392	14.64	113.93	42	0.56
393	1.72	175.06	43	0.67
394	8.13	114.08	41	0.82
395	157.77	191.44	45	0.7
396	143.92	10.32	43	1.29
397	71.79	115.14	41	1.61
398	168.59	108	42	0.84
399	163.97	32.6	43	1.8
400	107.46	12.71	42	0.88
401	18.93	29.07	43	0.83
Period: 42
Tasks:10
id	x	y	end	c
395	38.71	183.25	43	103.38
396	152.76	11.73	43	102.84
397	67.64	136.75	44	48.97
398	81.66	146.3	44	49.8
399	119.15	184.84	43	86.97
400	120.75	138.29	42	43.55
401	134.05	167.87	42	75.93
402	190.55	18.7	46	121.69
403	132.53	160.66	42	68.83
404	194.37	22.6	44	122.05
Drivers: 8
id	x	y	end	sensitivity
402	154.11	3.88	42	1.64
403	70.63	192.32	42	1.46
404	186.84	95.57	43	1.68
405	102.09	64.06	44	0.85
406	178.02	20.19	44	1.34
407	185.93	30.55	43	1.15
408	126.31	108.13	43	1.67
409	122.52	125.2	43	1.17
Period: 43
Tasks:8
id	x	y	end	c
405	55.85	27.78	43	84.65
406	165.89	105.78	43	66.14
407	66.28	73.83	43	42.68
408	186.87	40.8	46	105.12
409	64.05	4.56	45	101.99
410	186.76	149.49	44	99.88
411	82.55	118.25	43	25.25
412	129.56	66.38	45	44.77
Drivers: 11
id	x	y	end	sensitivity
410	147.55	63.01	43	1.61
411	7.26	40.82	43	1.87
412	52.21	9.41	45	1.39
413	151.14	170.56	43	0.95
414	193.54	108.53	44	1.24
415	5.71	132.68	44	0.68
416	24.36	123.58	43	1.49
417	74.78	47.15	44	1.48
418	158.75	95.48	43	0.67
419	5.21	11.5	45	1.2
420	178.51	176.45	44	1.29
Period: 44
Tasks:9
id	x	y	end	c
413	36.93	128.87	45	69.36
414	119.32	59.35	45	45.01
415	59.88	144.02	44	59.56
416	189.27	169.67	46	113.24
417	140.74	177.48	44	87.54
418	7.13	168.2	45	115.22
419	80.54	155.28	46	58.61
420	184.6	197.87	46	129.37
421	143.88	138.71	44	58.51
Drivers: 8
id	x	y	end	sensitivity
421	42.26	42.79	45	1.81
422	1.94	161.98	46	0.6
423	45.87	95.95	44	0.79
424	130.19	68.51	45	0.94
425	31.76	37.07	44	1.12
426	194.19	76.5	44	0.88
427	171.55	168.89	46	1.57
428	4.92	34.59	44	1.48
Period: 45
Tasks:10
id	x	y	end	c
422	176.25	134.02	47	83.5
423	194.1	181.63	45	124.57
424	142.59	146.34	46	62.94
425	126.37	132.04	47	41.5
426	65.65	131.91	46	46.88
427	185.31	15.93	46	119.77
428	192.16	112.02	47	92.94
429	131.52	22.93	45	83.27
430	69.19	17.25	45	88.3
431	196.37	24.63	45	122.34
Drivers: 12
id	x	y	end	sensitivity
429	122.44	158.71	45	0.81
430	151.59	13.5	46	1.7
431	136.03	164.66	48	1.54
432	15.79	163.02	46	1.21
433	18.09	135.91	46	0.64
434	58.85	23.75	46	1.7
435	158.72	66.48	45	1.97
436	7.11	140	47	1.8
437	74.12	144.21	45	0.69
438	49.2	16.73	45	1.96
439	110.41	73.55	45	1.01
440	50.45	173.84	46	1.08
Period: 46
Tasks:11
id	x	y	end	c
432	135.28	89	46	36.96
433	155.26	114.04	46	57.02
434	192.62	72.31	46	96.67
435	131.64	49.35	47	59.72
436	50.64	179.65	48	93.7
437	122.8	55.88	47	49.66
438	165.68	136.82	46	75.3
439	162.59	118.87	47	65.37
440	157.65	197.02	48	112.86
441	142.86	6.46	48	102.89
442	109.83	131.87	46	33.35
Drivers: 15
id	x	y	end	sensitivity
441	0.61	170.77	48	0.52
442	174.14	91.15	49	0.56
443	19.44	135.68	47	1.93
444	65.84	153.81	47	1.14
445	161.9	51.88	46	0.98
446	139.4	129.88	49	1.22
447	78.15	126.16	48	1.78
448	168.09	19.2	46	0.66
449	136.63	47.42	47	1.38
450	119.16	121.2	46	0.94
451	77.06	164.97	46	1.11
452	80.55	142.76	47	0.95
453	189.45	179.33	47	1.55
454	175.47	71.11	48	1.47
455	7.78	196.86	46	1.58
Period: 47
Tasks:12
id	x	y	end	c
443	195.46	33.18	47	116.52
444	133.63	109.08	49	34.83
445	195.68	182.25	47	126.17
446	161.57	107.73	48	62.05
447	148.11	117.17	47	51.08
448	16.89	158.93	47	101.88
449	111.48	199.08	47	99.74
450	81	10.75	47	91.25
451	189.11	193.67	47	129.29
452	54.88	57.5	48	61.98
453	74.97	53.97	48	52.4
454	72.88	46.95	48	59.58
Drivers: 10
id	x	y	end	sensitivity
456	129.73	184.87	47	0.58
457	2.73	11.56	49	0.87
458	139.61	113.83	48	1.81
459	76.58	8.85	47	0.97
460	29.71	60.81	49	1.37
461	29.04	144.12	47	1.64
462	141.48	104.09	47	1.04
463	110.3	194.57	48	1.88
464	30.02	64.11	47	1.71
465	36.79	98.46	49	1.79
Period: 48
Tasks:8
id	x	y	end	c
455	3.98	125.07	49	99.24
456	184.43	113.58	49	85.52
457	109.98	66.03	50	35.41
458	112.39	17.63	50	83.3
459	44.18	83.65	48	58.17
460	65.01	117.81	49	39.26
461	166.2	18.77	49	104.79
462	86.7	65.89	49	36.61
Drivers: 7
id	x	y	end	sensitivity
466	175.95	100.5	49	1.42
467	197.34	91.21	49	1
468	79.51	154.52	48	1.84
469	130.3	144.65	48	1.4
470	128.64	186.57	50	1.23
471	49.23	140.66	50	1.6
472	146.41	14.51	48	0.92
Period: 49
Tasks:11
id	x	y	end	c
463	97.13	1.86	49	98.18
464	85.24	88.66	50	18.61
465	50.96	129.94	49	57.46
466	120.99	102.89	49	21.19
467	78.97	101.42	49	21.08
468	187.71	150.57	50	101.24
469	180.33	120.48	50	82.9
470	110.63	162.01	50	62.91
471	59.92	10.32	51	98.23
472	184.87	134.74	51	91.7
473	150.17	183.49	51	97.4
Drivers: 10
id	x	y	end	sensitivity
473	66.57	66.04	50	1.68
474	17.2	149.21	51	1.59
475	164.61	67.69	51	1.38
476	82.33	78.82	51	0.66
477	168.52	125.71	50	1.85
478	161.74	112.81	49	0.89
479	184.18	43.04	51	1.1
480	38.22	93.43	49	1.99
481	104.61	39.5	52	1.22
482	89.54	185.51	50	1.22
Period: 50
Tasks:12
id	x	y	end	c
474	59.53	111.29	52	42.02
475	142.74	168.49	52	80.73
476	170.06	181.86	52	107.75
477	83.69	61.01	50	42.26
478	137.6	77.16	51	43.99
479	136.39	7.59	52	99.32
480	107.76	163.79	51	64.26
481	42.12	6.44	51	110.02
482	149.5	163.32	51	80.37
483	27.07	160.47	50	94.74
484	75.54	136.11	51	43.61
485	51.85	111.46	51	49.49
Drivers: 8
id	x	y	end	sensitivity
483	193.98	63.89	50	1.26
484	83.56	70.6	51	1.41
485	151.84	33.42	51	1.97
486	153.26	23.83	52	1.55
487	29.67	5.34	51	1.46
488	164.68	29.36	50	0.83
489	170.34	136.59	50	1.1
490	82.2	50.58	51	1.51
Period: 51
Tasks:21
id	x	y	end	c
486	49.86	24.09	52	90.97
487	60.59	2.15	53	105.49
488	48.1	159.08	52	78.64
489	113.24	20.98	53	80.12
490	56.32	73.8	51	50.94
491	16.18	129.91	51	89
492	83.32	29.5	53	72.45
493	12.26	153.04	52	102.53
494	23.41	53.48	51	89.61
495	142.72	22.75	52	88.28
496	91.8	163.36	53	63.89
497	108.31	2.53	52	97.82
498	138.27	88.95	51	39.83
499	174.91	99.61	52	74.91
500	153	174.12	51	91.12
501	10.29	52.46	53	101.53
502	101.31	85.06	52	15
503	135.32	71.78	52	45.21
504	98.82	197.59	53	97.6
505	23.97	38.88	53	97.55
506	176.29	147.34	54	89.78
Drivers: 5
id	x	y	end	sensitivity
491	14.8	54.99	52	1.59
492	9.14	0.95	51	0.75
493	102.99	190.14	51	1.83
494	9.88	18.8	51	1
495	196.64	94.9	54	1.43
Period: 52
Tasks:7
id	x	y	end	c
507	160.75	67.24	53	69.02
508	194.82	34.67	52	115.15
509	172.37	190.36	52	115.77
510	60.45	78.05	52	45.23
511	90	154.14	53	55.06
512	74.31	91.32	54	27.12
513	70.59	98.23	54	29.46
Drivers: 9
id	x	y	end	sensitivity
496	185.67	145.28	54	1.65
497	182.91	90.38	53	0.99
498	150.79	65.16	54	1.13
499	126.93	132.52	54	1.72
500	16.8	75.66	52	0.69
501	46.88	98.89	54	0.53
502	95.48	32.4	52	1.74
503	10.95	15.74	52	1.13
504	15.58	174.32	52	0.74
Period: 53
Tasks:15
id	x	y	end	c
514	126.08	113.33	54	29.29
515	86.74	112.75	54	18.4
516	169.28	25.54	55	101.71
517	26.12	183.26	55	111.31
518	143.02	77.19	55	48.69
519	77.83	4.48	53	98.06
520	91.66	193.79	53	94.16
521	168.83	198.18	54	119.9
522	60.51	138.35	55	55.05
523	182.95	179.54	53	114.92
524	84.48	46.61	53	55.6
525	150.45	1.9	53	110.31
526	163.48	71.72	53	69.49
527	158.44	106.39	54	58.79
528	89.96	24.46	54	76.2
Drivers: 16
id	x	y	end	sensitivity
505	41.99	132.49	55	0.85
506	76.26	33.29	53	0.69
507	164.43	184.59	54	1.08
508	170.45	2.91	54	1.11
509	120.21	70.19	56	0.75
510	17.25	69.34	55	0.96
511	125.65	0.61	54	0.88
512	51.48	34.66	55	1.92
513	42.42	66.23	53	0.57
514	60.44	27.63	53	1.19
515	68.77	159.32	55	1.47
516	168.95	155.24	53	1.73
517	40.67	10.33	57	0.75
518	82.55	81.51	53	0.96
519	194.59	20.94	54	1.34
520	98.89	157.61	54	1.78
Period: 54
Tasks:7
id	x	y	end	c
529	68.6	119.68	56	37.06
530	86.71	78.16	56	25.57
531	20.18	8.04	54	121.77
532	71.58	4.86	55	99.29
533	194.62	55.74	55	104.46
534	107.34	81.84	55	19.59
535	185.16	78.59	55	87.81
Drivers: 8
id	x	y	end	sensitivity
521	46.82	80.91	54	1.38
522	136.23	26.76	58	0.53
523	139.55	166.01	55	0.96
524	66.21	38.76	54	0.81
525	112.08	82.77	55	0.92
526	170.32	43.67	54	1.04
527	147.58	112.79	55	0.8
528	146.18	192.87	55	0.7
Period: 55
Tasks:8
id	x	y	end	c
536	163.06	42.62	56	85.26
537	49.58	18.51	55	95.83
538	177.17	78.44	55	80.13
539	152.5	43.02	55	77.48
540	127.39	38.19	55	67.61
541	116.79	29.84	56	72.14
542	166.48	143.44	56	79.41
543	96.65	6.32	56	93.74
Drivers: 10
id	x	y	end	sensitivity
529	11.63	183.03	58	1.2
530	35.9	70.37	55	1.18
531	137.6	188.75	56	1.5
532	157.74	154.17	55	1.59
533	110.49	125.27	55	1.15
534	33.25	106.34	57	0.85
535	0.73	136.26	55	1.34
536	194.89	27	56	0.57
537	77.23	189.61	57	1.01
538	63.5	40.9	56	0.61
Period: 56
Tasks:11
id	x	y	end	c
544	0.34	140.07	56	107.41
545	113.02	89.71	57	16.6
546	187.11	90.47	58	87.63
547	77.95	176.43	56	79.55
548	95.65	119.47	58	19.95
549	61.82	123.58	58	44.87
550	138.81	96.2	56	39
551	146.51	22.56	59	90.33
552	160.95	7.41	56	110.85
553	163.77	180.96	57	103.06
554	126.61	165.01	61	70.25
Drivers: 8
id	x	y	end	sensitivity
539	113.5	86.13	57	1
540	48.15	8.63	59	1.71
541	80.07	116.78	61	1.98
542	22.39	89.12	56	1.19
543	78.44	97.2	56	1.74
544	166.09	131.04	57	1.74
545	185.32	100.23	58	1.79
546	76.9	92.09	58	1.27
Period: 57
Tasks:8
id	x	y	end	c
555	169.63	185.32	58	110.13
556	14.92	173.08	58	112.16
557	99.24	180.79	60	80.79
558	43.76	157.78	60	80.63
559	28.83	70.33	57	77.11
560	27.95	136.3	57	80.68
561	121.93	85.14	57	26.49
562	35.54	185.16	57	106.81
Drivers: 6
id	x	y	end	sensitivity
547	124.99	121.28	57	1.86
548	149.1	153.09	59	0.54
549	134.29	113.33	57	0.89
550	132.8	21.25	57	0.83
551	180.02	141.22	59	1.74
552	62.56	42.94	60	1.48
Period: 58
Tasks:15
id	x	y	end	c
563	65.72	18.29	58	88.61
564	44	127.26	59	62.28
565	182.21	141.16	59	91.94
566	17.25	17.87	58	116.59
567	40.76	73.48	59	64.91
568	52.24	192.55	59	104.15
569	172.31	24.23	60	104.74
570	45.15	69.16	60	62.93
571	69.93	193.25	61	97.98
572	191.15	15.23	58	124.48
573	61.95	117.26	58	41.78
574	174.48	56.53	58	86.24
575	174.29	40.52	59	95.17
576	113.9	39.57	58	62.01
577	191.8	111.08	60	92.47
Drivers: 11
id	x	y	end	sensitivity
553	75.8	120.81	61	1.51
554	53.97	102.57	59	1.76
555	82.92	76.86	58	1.35
556	103.41	149.37	61	0.96
557	101.63	70.79	58	1.92
558	68.88	145.85	58	0.54
559	72.13	44.67	59	0.98
560	87.39	185.56	59	0.52
561	78.41	182.07	60	0.95
562	45.91	46.39	58	1.14
563	128.06	60.07	58	1.59
Period: 59
Tasks:6
id	x	y	end	c
578	40.7	63.42	61	69.67
579	39.96	165.37	61	88.76
580	26.54	115.59	60	75.1
581	177.47	145.12	61	89.65
582	55.04	55.74	61	63.09
583	199.1	173.02	61	123.1
Drivers: 16
id	x	y	end	sensitivity
564	32.43	193.14	60	1.82
565	198.18	47.71	59	1.21
566	39.06	60.06	59	1.6
567	161.86	185.85	60	1.79
568	184.06	97.33	60	1.11
569	81.07	180.91	61	1.35
570	46.02	46.49	60	1.57
571	192.56	6.71	59	1.68
572	145.92	161.01	60	1.23
573	47	115.54	59	1.48
574	169.06	51.85	62	0.55
575	160.54	181.47	60	1.17
576	105.91	138.91	59	1.01
577	141.9	1.9	60	0.53
578	107.01	199.92	59	1.19
579	121.6	24.8	61	0.87
Period: 60
Tasks:7
id	x	y	end	c
584	37.85	160	61	86.39
585	156.18	132.77	60	65.04
586	107.09	106.52	63	9.63
587	24.67	159.91	61	96.25
588	168.95	9.15	62	114.05
589	26.53	109.58	61	74.09
590	121.67	19.95	60	82.93
Drivers: 11
id	x	y	end	sensitivity
580	139.46	18.4	62	1.85
581	192.94	70.43	63	1.7
582	129.69	160.19	60	1.24
583	129.48	146.56	61	1.2
584	184.46	193.2	60	1.62
585	44.23	6.48	61	1.26
586	39.54	174.78	63	1.92
587	24.64	166.21	60	1.9
588	189.91	58.63	61	1.9
589	172.67	161.55	60	0.86
590	185.71	130.43	60	2
Period: 61
Tasks:6
id	x	y	end	c
591	193.43	86.07	64	94.46
592	124.47	41.14	64	63.74
593	111.25	20.79	62	80
594	71.29	120.6	62	35.34
595	55.82	179.23	61	90.72
596	58.92	116.36	61	44.22
Drivers: 9
id	x	y	end	sensitivity
591	180.42	98.21	63	0.9
592	15.73	35.68	61	0.83
593	173.01	34.57	61	1.8
594	78.22	69.92	61	1.51
595	113.13	146.29	65	0.81
596	174.64	149.57	61	1.46
597	123.71	54.96	62	0.82
598	21.34	152.74	62	1.25
599	13.13	2.84	62	0.67
Period: 62
Tasks:10
id	x	y	end	c
597	91.43	67.95	63	33.18
598	162.85	118.57	62	65.54
599	171.08	131.78	63	77.86
600	103.71	30.25	63	69.85
601	126.8	138.68	62	47.06
602	73.11	21.57	63	82.91
603	104.11	157.73	63	57.88
604	119.17	10.48	63	91.55
605	51.42	110.5	63	49.7
606	103.81	162.29	62	62.41
Drivers: 10
id	x	y	end	sensitivity
600	59.03	134.01	62	0.83
601	174.64	96.78	63	1.68
602	84.79	107	63	1.1
603	54.68	131.5	62	1.11
604	133.45	93.19	62	0.64
605	53.66	144.93	63	0.94
606	135.94	77.05	63	1.65
607	15.04	143.19	63	1.61
608	95.6	18.42	62	1.34
609	141.67	80.18	62	0.81
Period: 63
Tasks:14
id	x	y	end	c
607	59.14	5.27	64	103.17
608	168.32	64.59	63	76.95
609	124.58	15.36	64	88.14
610	14.55	53.27	64	97.39
611	154.05	153.03	64	75.72
612	99.84	61.08	64	38.92
613	142.56	158.13	65	72.04
614	86.58	29.09	64	72.17
615	49.95	87.89	63	51.49
616	106.95	172.02	65	72.35
617	122.98	103.35	63	23.22
618	174.89	198.73	63	123.92
619	144.06	127.42	63	51.9
620	119.44	135.02	63	40.05
Drivers: 6
id	x	y	end	sensitivity
610	89.66	66.05	63	1.44
611	35.66	171.58	63	0.68
612	114.61	6.63	64	1.79
613	196.1	184.8	66	0.94
614	46.45	21.19	63	0.68
615	81.72	99.28	64	0.66
Period: 64
Tasks:9
id	x	y	end	c
621	10.02	128.81	65	94.48
622	89.83	126.98	65	28.83
623	135.8	97.16	64	35.91
624	93.73	132.3	65	32.9
625	52.59	102.53	65	47.48
626	47.09	22.32	66	93.99
627	110.13	100.7	64	10.15
628	19.13	76.21	66	84.3
629	193.95	148.66	64	105.8
Drivers: 10
id	x	y	end	sensitivity
616	42.66	175.78	65	0.94
617	34.53	77.13	64	0.58
618	159.76	135.3	64	0.51
619	20.28	19.02	64	1.24
620	154.4	21.82	65	1.85
621	147.94	107.8	64	0.86
622	18.07	47.01	65	0.94
623	52.21	168.96	64	1.48
624	179.58	139.03	65	0.9
625	29.18	115.94	64	1.02
Period: 65
Tasks:8
id	x	y	end	c
630	26.75	124.29	66	77.17
631	114.82	15.98	65	85.32
632	14.28	47.1	65	100.73
633	33.45	155.11	65	86.41
634	139.15	99.49	67	39.15
635	67.16	47.45	67	61.97
636	173.33	16.97	66	110.78
637	142.84	45.84	65	69.05
Drivers: 10
id	x	y	end	sensitivity
626	12.06	60.41	65	0.81
627	164.65	182.97	65	1.91
628	187.64	133.23	67	1.33
629	127.58	88.88	68	1.24
630	165.46	69.47	66	0.78
631	116.36	99.48	65	1.8
632	136.56	106.42	66	0.7
633	137.04	82.66	66	1.48
634	96.21	191.33	68	1.09
635	177.83	29.95	66	0.55
Period: 66
Tasks:10
id	x	y	end	c
638	62.17	178.91	67	87.51
639	110.26	12.54	67	88.06
640	106.31	171.85	67	72.13
641	145.71	190.46	67	101.35
642	29.91	156.45	66	90
643	72.73	9.87	66	94.17
644	74.99	143.6	67	50.26
645	183.66	153.13	66	99.1
646	28.19	183.13	67	109.85
647	102.42	51.81	66	48.25
Drivers: 8
id	x	y	end	sensitivity
636	140.41	55.26	66	0.98
637	2.62	144.42	67	1.4
638	165.29	131.15	68	0.72
639	34.16	140.81	66	1.45
640	13.49	3.8	68	0.63
641	168.12	60.19	67	1.6
642	90.23	9.51	68	0.91
643	9.42	57.08	66	1.36
Period: 67
Tasks:6
id	x	y	end	c
648	59.22	58.93	68	57.88
649	121.76	154.8	68	58.96
650	132.86	176.94	69	83.66
651	177.71	100.08	67	77.71
652	100.36	177.77	67	77.77
653	136.37	71.86	68	45.99
Drivers: 9
id	x	y	end	sensitivity
644	89.95	118.71	68	0.91
645	77.21	172.93	68	0.96
646	193.52	9.99	67	0.66
647	14.89	72.15	67	1.53
648	57.44	51.03	69	1.04
649	132.44	18.27	68	1.76
650	177.61	71.79	67	1.49
651	97.54	34.4	69	0.85
652	9.78	79.94	69	1.5
Period: 68
Tasks:7
id	x	y	end	c
654	77.47	162.79	68	66.71
655	149.9	154.53	71	73.92
656	18.16	163.05	68	103.31
657	193.17	76.62	68	96.06
658	54.19	49.33	69	68.31
659	125.41	187.01	68	90.64
660	105	151.55	68	51.79
Drivers: 10
id	x	y	end	sensitivity
653	129.47	151.08	69	1.63
654	49.07	130.11	70	1.12
655	152.07	98.28	69	1.35
656	69.87	26.02	69	1.11
657	129.76	61.05	68	0.58
658	176.04	194.9	68	1.16
659	39.3	194.85	68	0.92
660	65.25	66.07	69	1.15
661	39.97	167.31	69	1.18
662	133.45	192.18	70	1.77
Period: 69
Tasks:14
id	x	y	end	c
661	161.23	128.8	69	67.67
662	9.27	98.53	69	90.74
663	13.17	124.43	69	90.2
664	139.38	42.02	69	70.09
665	129.3	183.7	69	88.68
666	161.61	134.27	69	70.5
667	99.02	120.93	69	20.95
668	189.63	158.32	70	106.93
669	130.79	87.24	70	33.33
670	140.27	193.67	69	101.96
671	145.42	8.73	69	101.95
672	178.19	92.93	69	78.51
673	45.04	189.57	69	105.09
674	98.87	23.06	69	76.95
Drivers: 11
id	x	y	end	sensitivity
663	33.84	112.45	69	1.61
664	146.08	149.36	69	1.75
665	161.4	156.05	69	0.66
666	32.4	18.4	70	1.29
667	96.02	186.05	69	0.95
668	146.07	196.3	69	1.2
669	56.89	118.01	70	0.8
670	137.64	87.91	71	0.83
671	126.57	183.76	70	1.05
672	19.02	107.13	73	1.49
673	75.53	37.14	75	1.3
Period: 70
Tasks:6
id	x	y	end	c
675	113.12	136.5	70	38.79
676	72.32	26.58	73	78.46
677	131.09	105.66	70	31.6
678	31.17	193.94	71	116.46
679	172.19	64.73	71	80.35
680	10.07	177.41	74	118.66
Drivers: 10
id	x	y	end	sensitivity
674	138.87	23.88	72	1.99
675	153.95	93.48	70	0.91
676	12.13	173.86	71	1.44
677	170.14	130.62	72	0.77
678	76.72	54.32	70	0.66
679	151.16	9.86	71	1.53
680	76.43	134.21	72	1.22
681	182.14	149.4	72	1.21
682	119.94	11.36	71	0.93
683	162.94	91.77	70	0.93
Period: 71
Tasks:9
id	x	y	end	c
681	0.08	158.44	72	115.76
682	41	95.68	71	59.16
683	38.88	176.16	71	97.65
684	76.39	164.45	74	68.64
685	121.12	174.22	72	77.17
686	181.36	176.03	72	111.36
687	44.21	46.1	72	77.57
688	76.74	108.23	72	24.67
689	190.45	107.73	73	90.78
Drivers: 7
id	x	y	end	sensitivity
684	183.58	50.41	73	0.84
685	193.94	188.81	72	1.62
686	42.83	66.57	71	0.7
687	104.66	49.63	73	1.47
688	44.39	33.7	71	1.3
689	26.38	159.21	71	0.51
690	71.22	93.41	73	1.36
Period: 72
Tasks:11
id	x	y	end	c
690	128.94	187.72	74	92.37
691	199.92	90.62	73	100.36
692	85	179.8	74	81.2
693	3.96	190.27	73	131.8
694	76.33	100.68	72	23.68
695	145.11	49.85	75	67.45
696	27.94	107.03	73	72.4
697	3.65	124.51	73	99.42
698	63.93	105.18	72	36.44
699	33.98	69.92	73	72.55
700	164.98	108.62	73	65.55
Drivers: 13
id	x	y	end	sensitivity
691	64.88	26.96	72	1.62
692	198.84	47.35	74	1.57
693	3.57	182.24	73	0.58
694	163.13	155.9	73	1.7
695	118.25	189.96	74	1.75
696	188.85	105.39	73	0.78
697	174.24	181.24	73	0.81
698	102.47	104.57	73	0.8
699	3.83	122.59	73	1.08
700	102.01	142.03	73	1.89
701	198.31	65.92	72	1.59
702	199.58	187.22	72	1
703	91.67	124.86	73	1.11
Period: 73
Tasks:8
id	x	y	end	c
701	97.34	108.63	73	9.03
702	116	53.5	76	49.18
703	23.81	115.52	73	77.75
704	191.44	167.23	76	113.5
705	75.5	114.06	75	28.25
706	114.75	163	74	64.7
707	160.98	165.51	76	89.5
708	14.36	90.09	74	86.21
Drivers: 16
id	x	y	end	sensitivity
704	175.92	125.56	75	0.95
705	39.86	61.11	75	1.55
706	194.97	9.9	76	1.16
707	121.92	118.21	73	1.24
708	83.19	80.95	74	1.56
709	48.3	166.29	75	1.95
710	68.05	149.93	75	1.05
711	158.39	106.39	75	1.13
712	139.01	40.69	75	1.92
713	178.25	57.45	74	1.36
714	120.06	121.3	73	0.82
715	197.4	3.28	74	1.65
716	43.91	102.99	74	0.96
717	190.81	106.42	73	1.13
718	18.07	171.47	74	0.58
719	120.84	69.28	74	1.34
Period: 74
Tasks:12
id	x	y	end	c
709	11.68	23.49	76	116.85
710	55.9	144.94	75	62.96
711	156.94	111.82	74	58.15
712	77.41	106.48	76	23.5
713	175.01	148.85	75	89.51
714	197.94	95.29	74	98.05
715	5.03	141.9	75	103.8
716	93.65	26.65	75	73.62
717	61.36	54.61	76	59.61
718	163.09	86.11	74	64.6
719	69.79	72.89	75	40.59
720	73.97	27.98	76	76.58
Drivers: 13
id	x	y	end	sensitivity
720	194.83	190.32	74	1.14
721	106.47	37.36	75	1.58
722	62.89	179.03	74	1.13
723	45.31	123.08	75	1.24
724	64.49	107.8	76	1.19
725	187.02	88.98	75	1.37
726	65.65	92.38	75	1.58
727	79.27	158.46	74	1.5
728	170.12	54.59	75	1.32
729	134.05	60.17	77	0.56
730	112.14	45.56	76	1.77
731	48.69	176.69	75	1.16
732	139.78	117.46	76	1.4
Period: 75
Tasks:11
id	x	y	end	c
721	30.37	6.48	75	116.59
722	161.78	150.21	77	79.61
723	166.51	58.98	78	78.14
724	59.16	146.36	77	61.78
725	184.09	20.75	75	115.55
726	80.24	31.1	77	71.68
727	17.45	157.03	76	100.33
728	151.96	58.72	75	66.36
729	55.62	66.18	75	55.8
730	134.48	194.02	75	100.14
731	47.04	23.61	77	92.95
Drivers: 7
id	x	y	end	sensitivity
733	114.27	160.89	75	0.76
734	163.44	42.98	75	0.95
735	6.39	91.31	76	1.32
736	125.52	186.73	75	0.52
737	6.67	61.9	75	1.57
738	50	183.67	78	0.83
739	138.97	198.45	76	1.43
Period: 76
Tasks:14
id	x	y	end	c
732	69.14	199.06	76	103.76
733	74.99	53.76	76	52.57
734	116.4	109.55	81	18.98
735	91	23.77	76	76.76
736	189.27	197.49	77	132.19
737	109.62	153.17	77	54.03
738	183.14	61.19	77	91.75
739	38.72	185.2	78	104.95
740	38.34	187.21	76	106.81
741	115.39	121.93	77	26.79
742	69.52	4.61	78	100.14
743	86.58	14.66	76	86.39
744	66.42	164.02	77	72.29
745	177.37	150.31	78	92.29
Drivers: 12
id	x	y	end	sensitivity
740	20.25	137.08	77	0.69
741	156.53	108.4	76	1.7
742	107.26	109.48	76	0.76
743	113.94	90.66	77	0.58
744	120.19	5.36	76	0.63
745	42.03	3.16	77	1.5
746	58.4	190	76	1.94
747	83.12	62.13	78	1.63
748	184.14	105.61	77	1.05
749	111.03	144.08	79	0.66
750	59.38	190.33	77	1.51
751	95.56	9.11	78	1.36
Period: 77
Tasks:9
id	x	y	end	c
746	38.18	25.18	80	97.06
747	73.57	62.16	79	46.16
748	90.89	156.46	78	57.19
749	71.97	99.71	79	28.03
750	44.55	115.75	78	57.64
751	150.33	181.55	80	95.83
752	137.53	154.97	78	66.56
753	111.05	16.27	78	84.46
754	163.46	191.5	78	111.35
Drivers: 13
id	x	y	end	sensitivity
752	167.69	160.33	79	1.79
753	118.43	103.77	77	1.05
754	152.7	113.9	81	1.31
755	3.27	1.32	78	1.86
756	100.42	77.88	79	1.92
757	35.65	33.65	78	1.33
758	92.23	25.58	81	0.5
759	41.04	71.73	78	1.54
760	29.52	67.82	77	0.59
761	165.81	67.43	80	0.66
762	44.84	171.2	77	1.81
763	124.68	39.59	80	1.55
764	167.91	109.45	79	1.26
Period: 78
Tasks:12
id	x	y	end	c
755	120.43	148.68	80	52.79
756	56.55	188.64	79	98.72
757	197.76	80.97	80	99.59
758	81.75	53.87	79	49.61
759	123.16	167.75	80	71.6
760	131.93	130.66	81	44.27
761	32.69	106.91	80	67.66
762	83.41	61.71	79	41.73
763	53.3	103.98	80	46.87
764	5.37	117.48	78	96.23
765	88.41	40.6	78	60.52
766	65.27	55.84	79	56.18
Drivers: 5
id	x	y	end	sensitivity
765	81.13	69.78	78	0.79
766	104.52	146.02	78	1.63
767	45.46	17.79	78	0.9
768	65.45	170.78	78	1.38
769	128.03	56.51	79	0.71
Period: 79
Tasks:9
id	x	y	end	c
767	104.76	87.56	80	13.32
768	74.92	65.33	81	42.79
769	74.57	149.84	81	55.95
770	41.2	162.14	80	85.55
771	57.08	164.28	79	77.29
772	105.32	68.44	81	32.01
773	62.17	107.91	79	38.65
774	180.56	58.64	81	90.56
775	131	85.43	79	34.25
Drivers: 8
id	x	y	end	sensitivity
770	101.14	15.71	80	1.52
771	173.72	152.17	80	0.91
772	120.96	67.4	80	1.15
773	9.43	60.52	80	1.82
774	151.65	83.37	82	0.53
775	111.13	68.36	83	1.26
776	8.88	130.41	82	0.92
777	132.29	40.76	79	0.79
Period: 80
Tasks:13
id	x	y	end	c
776	80.74	170.01	82	72.61
777	65.82	72.82	81	43.67
778	0.3	178.11	80	126.65
779	53.7	162.9	80	78.1
780	129.69	12.85	82	92.07
781	92.48	183.36	81	83.7
782	180.04	40.04	82	100.01
783	28.43	184.19	81	110.5
784	24.16	83.18	81	77.68
785	99.53	135.39	81	35.39
786	118.53	143.59	81	47.37
787	164.63	91.24	82	65.22
788	9.64	78.75	81	92.83
Drivers: 8
id	x	y	end	sensitivity
778	105.38	169.81	81	0.77
779	94.76	102.31	81	1.76
780	82.62	164.84	80	1.02
781	32.12	93.1	81	1.47
782	128.74	196.02	82	0.76
783	195.19	3.57	81	1.7
784	196.05	161.46	80	1.59
785	103.59	155.53	80	0.74
Period: 81
Tasks:8
id	x	y	end	c
789	24.8	177.83	84	108.22
790	120.83	8.58	82	93.76
791	62.07	115.12	81	40.83
792	169.04	29.3	81	98.82
793	127.78	96.97	81	27.94
794	159.36	133.19	82	68.01
795	168.62	18.21	82	106.76
796	17.73	182.16	81	116.27
Drivers: 14
id	x	y	end	sensitivity
786	46.94	26.32	85	1.62
787	177.51	184.04	83	0.57
788	72.4	147.2	81	0.87
789	32.44	67.53	83	0.52
790	47.22	69.49	81	1.17
791	27.38	9.97	82	1.85
792	58.68	176.47	82	0.92
793	121.95	94.59	81	0.62
794	194.74	99.28	81	0.72
795	110.95	101.71	81	1.7
796	159.65	53.07	81	1.71
797	118.64	1.84	81	1.72
798	110.36	11.69	82	1.69
799	164.55	184.85	82	0.94
Period: 82
Tasks:11
id	x	y	end	c
797	177.72	14.1	82	115.84
798	184.69	153.06	82	99.94
799	16.15	113.9	84	84.99
800	169.27	155.05	83	88.48
801	1.11	67.26	82	104.17
802	19.24	84.94	83	82.15
803	191.21	93.06	82	91.47
804	51.05	80.93	83	52.53
805	17.7	132.09	85	88.33
806	54.45	106.72	82	46.04
807	89.91	50.62	84	50.4
Drivers: 9
id	x	y	end	sensitivity
800	53.23	79.57	83	0.59
801	102.03	142.65	84	1.26
802	100.12	186.21	83	1.26
803	81.16	131.54	85	1.89
804	13.07	20.21	83	1.37
805	92.93	131.94	82	0.83
806	155.83	61.9	82	1.31
807	110.08	174.84	83	1.14
808	48.41	167.14	83	1.79
Period: 83
Tasks:15
id	x	y	end	c
808	174.46	91.89	85	74.9
809	72.8	38.75	87	67.02
810	165.27	116.06	86	67.22
811	87.2	39.47	85	61.87
812	14.96	122.36	85	87.93
813	144.96	71.87	83	53.03
814	153.87	1.33	84	112.42
815	83.79	59.96	83	43.2
816	29.66	117.08	84	72.38
817	76.24	69.28	83	38.84
818	167.76	59.68	86	78.85
819	170.78	47.83	87	87.93
820	76.74	72.52	85	36
821	134.79	182.88	84	89.89
822	78.02	138.01	85	43.91
Drivers: 12
id	x	y	end	sensitivity
809	56.36	114.22	83	1.59
810	85.11	186.99	84	0.73
811	30.02	52.24	87	1.26
812	179.99	61.25	85	0.75
813	136.27	196.75	86	1.33
814	184.58	134.4	85	1.91
815	85.27	80.39	85	0.7
816	177.21	99.71	86	0.88
817	8.78	125.58	83	0.65
818	45.75	112.4	84	1.12
819	48.47	152.08	85	1.93
820	39.1	61.65	83	0.61
Period: 84
Tasks:13
id	x	y	end	c
823	116.3	35.22	85	66.8
824	168.41	143.97	87	81.32
825	8.08	42.86	85	108.23
826	107.65	22.58	85	77.8
827	6.33	75.66	85	96.78
828	67.25	197.13	84	102.5
829	117.15	115.5	84	23.12
830	0.06	88.86	85	100.56
831	76.19	89.41	85	26.06
832	178.27	22.41	85	110.21
833	71.83	94.82	86	28.64
834	25.72	41.53	84	94.53
835	166.35	29.24	85	97
Drivers: 12
id	x	y	end	sensitivity
821	142.86	23.6	86	1.35
822	121.7	121.09	85	0.97
823	31.4	122.5	86	1.17
824	143.94	6.62	85	1.28
825	130.46	191.09	84	1.34
826	163.38	149.63	85	1.77
827	58.53	77.75	84	1.43
828	125.24	55	84	1.59
829	21.83	59.15	85	1.2
830	96.12	181.04	85	1.52
831	165.46	112.54	85	1.51
832	142.57	179.91	84	1.04
Period: 85
Tasks:10
id	x	y	end	c
836	139.09	52.95	85	61.17
837	57.02	134.71	85	55.25
838	180	29.73	85	106.48
839	86.03	27.58	87	73.76
840	43.24	198.78	87	113.93
841	14.29	84.12	85	87.17
842	137.02	167.33	87	76.84
843	157.48	60.3	86	69.86
844	77.45	165.49	85	69.26
845	64.31	11.23	87	95.68
Drivers: 8
id	x	y	end	sensitivity
833	138.95	77.49	85	1.1
834	28.84	19.54	85	0.54
835	198.33	16.52	86	1.63
836	81.81	196.04	85	1.2
837	139.77	71.79	85	1.5
838	41.77	138.98	85	1.74
839	47.31	158.42	85	1.76
840	143.68	73.31	86	1.65
Period: 86
Tasks:6
id	x	y	end	c
846	181.71	96.99	86	81.77
847	61.76	99.33	88	38.25
848	101.27	126.02	88	26.05
849	27.81	164.76	87	96.98
850	71.68	162.42	86	68.54
851	13.9	87.19	86	87.05
Drivers: 14
id	x	y	end	sensitivity
841	37.67	5.13	87	0.9
842	118.18	146.93	86	1.17
843	76.36	130.6	88	1.74
844	146.34	3.99	88	0.76
845	39.8	46.51	88	0.69
846	160.97	65.46	87	0.98
847	144.95	14.94	87	1.49
848	63.85	5.35	87	1.63
849	51.98	133.97	88	1.91
850	122.33	115.23	87	1.9
851	50.99	151.92	87	0.52
852	83.23	179.15	88	0.72
853	56.45	109.27	89	0.56
854	179.43	1.33	87	0.6
Period: 87
Tasks:9
id	x	y	end	c
852	39.77	68.74	89	67.86
853	83.31	190.48	88	92.01
854	195.32	127.47	89	99.2
855	84.23	23.8	87	77.81
856	199.2	77.26	89	101.77
857	132.88	49.23	88	60.49
858	154.39	116.84	88	56.94
859	80.92	14.14	88	87.95
860	54.25	145.91	87	64.81
Drivers: 16
id	x	y	end	sensitivity
855	11.18	96.13	88	1.51
856	145.81	112.91	88	0.95
857	51.4	88.04	87	1.85
858	156.94	197.71	89	0.9
859	137.93	164.85	87	1.75
860	195.75	9.91	89	1.3
861	113.58	23.16	87	1.23
862	178.63	47.95	87	1.61
863	141.88	73.45	87	1.29
864	184.83	54.76	88	1.48
865	130.66	27.75	88	1.57
866	175.38	28.54	87	1.09
867	159.14	16.45	88	0.77
868	177.71	119.61	88	1.04
869	111.71	117.7	88	1.12
870	186.21	86.85	87	0.86
Period: 88
Tasks:14
id	x	y	end	c
861	136.04	137.67	89	52.13
862	31.37	136.67	92	77.81
863	187.42	101.1	90	87.43
864	195.93	78.96	89	98.21
865	114.53	69.41	89	33.87
866	169.87	39.01	91	92.74
867	66.76	142.09	89	53.63
868	36.21	33.81	88	91.93
869	114.56	62.85	88	39.9
870	185.04	138.2	90	93.23
871	169.89	39.01	88	92.76
872	151.51	152.78	89	73.75
873	99.53	76.49	90	23.51
874	99.27	88.45	88	11.57
Drivers: 9
id	x	y	end	sensitivity
871	199.16	134.69	91	1.23
872	175.11	155.75	89	1.93
873	34.28	94.11	89	1.98
874	51.29	174.55	91	0.72
875	149.78	46.45	88	0.7
876	38.56	124.98	88	1.61
877	100.7	121.93	89	1.42
878	150.48	183.2	90	1.3
879	36.8	158.54	88	0.92
Period: 89
Tasks:8
id	x	y	end	c
875	110.05	68.12	91	33.43
876	23.21	57.14	91	87.94
877	146.7	85.75	89	48.83
878	52.6	94.47	92	47.72
879	130.31	180.54	91	86.05
880	74.05	178.29	89	82.48
881	150.79	113.79	93	52.63
882	61.45	87.74	90	40.45
Drivers: 6
id	x	y	end	sensitivity
880	100.57	68.46	89	1.57
881	104.31	168.39	89	1.27
882	110.36	6.07	91	1.52
883	156.72	47.64	89	1.2
884	148.4	71.03	90	1.16
885	38.34	196.42	90	1.56
Period: 90
Tasks:5
id	x	y	end	c
883	129.06	101.25	91	29.09
884	97.37	59.45	90	40.64
885	21	137.94	90	87.64
886	135.52	89.2	92	37.13
887	1.3	143.33	91	107.79
Drivers: 6
id	x	y	end	sensitivity
886	1.69	86.47	90	1.07
887	100.72	125.25	90	1.2
888	78.73	158.78	91	0.79
889	41.94	30.79	91	0.82
890	2.03	107.73	90	0.96
891	158.8	18.47	92	0.79
Period: 91
Tasks:9
id	x	y	end	c
888	11.34	88.95	92	89.35
889	26.74	109.49	91	73.87
890	58.02	22.83	94	87.85
891	28.25	175.57	92	104.21
892	47.16	17.61	91	97.88
893	78.99	39.66	91	63.89
894	19.07	120.59	92	83.51
895	140.82	63.53	92	54.74
896	159.77	8.27	93	109.48
Drivers: 5
id	x	y	end	sensitivity
892	167.79	2.55	91	1.41
893	14.38	179.21	91	0.77
894	192.78	87.99	92	1.25
895	143.39	151.71	92	0.6
896	47.81	95.15	94	1.72
Period: 92
Tasks:10
id	x	y	end	c
897	188.17	33.44	92	110.47
898	190.54	142.52	94	100.03
899	89.18	180.29	92	81.02
900	51.72	94.73	94	48.57
901	148.3	152.57	92	71.39
902	120.81	33.11	93	70.05
903	111.6	157.83	96	58.98
904	108.73	32.14	92	68.42
905	41.77	103.71	95	58.35
906	193.43	135.82	93	100.06
Drivers: 8
id	x	y	end	sensitivity
897	165.45	46.5	93	1.71
898	136.51	128.86	94	0.87
899	84.25	63.28	93	1.55
900	139.56	82.04	92	1.66
901	88.76	34.15	93	0.83
902	70.6	55.22	94	0.74
903	116.35	78.59	93	0.68
904	47.55	180.84	94	0.67
Period: 93
Tasks:13
id	x	y	end	c
907	85.69	174.36	94	75.72
908	109.18	140.76	94	41.78
909	83.16	106.4	95	18.02
910	71.31	130.79	95	42.08
911	39.48	111.04	94	61.52
912	126.1	51.61	93	54.98
913	93.7	128.71	93	29.39
914	170.26	84.91	94	71.86
915	159.04	86.66	93	60.53
916	123.94	40.64	94	64.01
917	180.88	110.28	95	81.53
918	104.32	21.53	93	78.59
919	28.61	36.44	94	95.58
Drivers: 10
id	x	y	end	sensitivity
905	144.5	72.57	96	1.24
906	73.21	91.76	94	1.53
907	176.02	175.37	93	1.63
908	168.28	185.2	93	1.15
909	150.38	145.38	93	1.6
910	129.36	52.82	94	0.74
911	170.21	151.7	96	1.83
912	133.27	139.61	93	1.72
913	88.79	164.38	93	0.58
914	5.29	23.39	97	1.58
Period: 94
Tasks:13
id	x	y	end	c
920	149.16	44.79	96	73.92
921	34.17	145.84	96	80.22
922	25.39	117.59	96	76.66
923	13.75	76.07	95	89.51
924	73.17	117.78	95	32.19
925	3.05	77.92	94	99.43
926	117.26	53.91	94	49.22
927	118.48	113.68	96	22.99
928	132.33	74.79	96	41
929	24.82	138.53	94	84.48
930	131.07	52.21	96	57
931	187.71	58.04	94	97.23
932	133.68	183.71	94	90.23
Drivers: 7
id	x	y	end	sensitivity
915	77.17	27.67	94	0.69
916	55.31	131.57	95	1.66
917	144.3	180.07	95	1.86
918	71.99	155.04	96	1.46
919	88.45	39.52	94	1.34
920	83.15	140.25	98	1.84
921	0.98	165.79	97	0.9
Period: 95
Tasks:6
id	x	y	end	c
933	127.89	175.42	96	80.41
934	133.85	152.9	95	62.8
935	186.47	12.5	97	123.02
936	80.79	117.98	95	26.31
937	2.94	0.42	95	139.06
938	195.09	184.05	95	126.91
Drivers: 7
id	x	y	end	sensitivity
922	151.76	139.3	96	1.22
923	1.71	90.61	95	1.5
924	9.94	114.86	97	0.64
925	160.21	34.75	95	1.76
926	110.27	191.96	96	0.6
927	184.02	179.13	95	1.11
928	75.64	181.82	97	0.66
Period: 96
Tasks:8
id	x	y	end	c
939	11.75	55.66	97	98.76
940	5.85	102.62	96	94.19
941	123.59	181.52	100	84.86
942	109.5	128.53	97	30.07
943	119.33	1.08	96	100.79
944	117.33	43.46	98	59.14
945	105.54	88.45	96	12.81
946	86.93	177.51	96	78.6
Drivers: 10
id	x	y	end	sensitivity
929	185.92	70.44	98	1.36
930	185.76	54.11	97	1.68
931	24.27	114.82	96	1.67
932	112.09	121.29	96	1.48
933	29.3	111.62	96	1.19
934	32.19	137.66	96	1.76
935	194.71	198.99	96	1.41
936	15.41	95.96	97	1.14
937	42.03	141.47	99	1.96
938	135.57	92.09	97	1.99
Period: 97
Tasks:9
id	x	y	end	c
947	132.43	147.53	97	57.54
948	119.8	5.69	98	96.37
949	159.91	111.4	97	60.98
950	52.67	192.66	97	104.05
951	97.09	72.85	98	27.31
952	184.23	49.51	98	98.2
953	153.92	23.5	98	93.59
954	196.36	117.82	98	97.99
955	3.54	45.02	97	111.03
Drivers: 11
id	x	y	end	sensitivity
939	39.92	166.07	99	0.54
940	63.74	174.85	97	1.94
941	84.23	68.53	97	0.86
942	189.91	171.61	99	1.6
943	184.29	143.07	99	1.48
944	125.16	192.51	97	1.37
945	116.97	185.53	97	1.31
946	3.84	175.9	97	1.22
947	170.4	89.11	99	1.94
948	198.81	48.76	98	0.63
949	14.86	33.88	98	0.92
Period: 98
Tasks:13
id	x	y	end	c
956	111.76	145.1	98	46.61
957	104.39	65.2	100	35.08
958	116.07	107.01	99	17.53
959	51.78	32.99	99	82.56
960	132.44	40.97	98	67.36
961	133.43	175.91	99	82.95
962	40.17	65.77	98	68.93
963	56.73	25.66	98	86.02
964	120.27	162.6	98	65.8
965	179.78	198.62	99	126.85
966	174.81	5.65	99	120.41
967	45.98	160.92	100	81.42
968	89.17	188.73	99	89.39
Drivers: 16
id	x	y	end	sensitivity
950	175.25	72.56	101	1.63
951	131.36	124.88	99	1.03
952	163.3	138.71	98	1.47
953	13.29	48.15	98	1.24
954	87.65	139.4	100	0.72
955	90.5	173.91	100	1.98
956	167.07	20.42	99	2
957	42.69	14.85	98	0.73
958	153.17	174.22	99	0.74
959	42.16	62.45	98	1.54
960	49.15	111.42	98	1.96
961	133.95	61.92	99	0.87
962	118.35	170.64	101	0.9
963	116.65	33.2	99	1.7
964	71.49	123.74	98	1.68
965	184.21	71.09	102	1.01
Period: 99
Tasks:12
id	x	y	end	c
969	3.09	26.97	102	121.35
970	65.49	154.38	100	64.41
971	128.72	197.9	100	102.03
972	77.57	41.15	99	62.98
973	13.74	121.26	99	88.84
974	186.72	150.78	102	100.49
975	108.68	23.05	100	77.44
976	60.09	110.17	100	41.19
977	19.4	103.07	100	80.66
978	182.49	43.71	99	99.87
979	80.1	193.22	99	95.32
980	36	71.9	100	69.9
Drivers: 13
id	x	y	end	sensitivity
966	4.1	84.13	100	1.24
967	62.78	27.75	101	1.76
968	27.53	175.33	100	1.46
969	97.09	81.09	100	0.84
970	47.67	51.62	101	1.85
971	25.65	103.06	99	0.79
972	135.91	77.22	102	1.12
973	54.35	129.07	100	1.42
974	34.81	63.39	100	1.51
975	47.49	47.06	101	0.68
976	80.64	115.99	101	1.64
977	39.17	50.4	99	1.47
978	177.69	97.04	100	0.9
Period: 100
Tasks:13
id	x	y	end	c
981	195.41	155.24	100	110.25
982	168.09	189.98	101	112.84
983	40.72	172.19	100	93.41
984	36.85	130.61	101	70.18
985	184.18	66.52	101	90.59
986	50.43	105.58	102	49.88
987	5.69	179.76	104	123.52
988	38.81	23.49	101	97.97
989	60.13	42.26	102	70.17
990	40.48	32.35	102	90.11
991	167.37	97.7	101	67.41
992	62.22	75.38	101	45.09
993	44.66	10.75	103	105.01
Drivers: 8
id	x	y	end	sensitivity
979	67.1	1.58	104	0.62
980	126.57	106.18	101	1.61
981	160.14	93.55	101	0.77
982	51	125.65	100	1.08
983	159.01	20.41	102	1.41
984	164.3	154.45	100	1.21
985	58.47	133.78	100	1.78
986	147.27	105.63	102	1.03
