Periods: 100
Task Arrival Rate: 10
Task Average Time: 3
Driver Arrival Rate: 5
Driver Average Time: 1
Period: 1
Tasks:8
id	x	y	end	c
1	37.58	153.13	1	81.97
2	63.86	130.1	3	47.03
3	134.77	177.28	4	84.74
4	4.42	86.9	4	96.47
5	145.28	19.04	4	92.76
6	123.14	128.72	5	36.88
7	176	41.81	5	95.72
8	87.14	107.23	3	14.75
Drivers: 5
id	x	y	end	sensitivity
1	129.53	33.52	2	1.78
2	169.69	26.87	1	1.21
3	65.76	76.78	2	0.54
4	13.15	35.15	2	1.03
5	57.45	172.79	2	1.72
Period: 2
Tasks:5
id	x	y	end	c
9	49.37	73.45	2	57.17
10	132.26	197.66	3	102.85
11	170.89	92.68	7	71.27
12	130.8	22.44	5	83.45
13	132.64	69.75	6	44.5
Drivers: 4
id	x	y	end	sensitivity
6	168.79	137.77	3	1.32
7	63.76	47.56	2	0.66
8	56.88	113.37	5	1.25
9	169.44	103.7	4	1.88
Period: 3
Tasks:8
id	x	y	end	c
14	68.63	120.74	7	37.61
15	177.7	53.13	6	90.74
16	54.47	115.74	4	48.17
17	181.22	179.55	4	113.69
18	10.24	96.43	8	89.83
19	18.07	106.8	5	82.21
20	107.46	76.73	5	24.44
21	56.74	31.45	6	81.06
Drivers: 2
id	x	y	end	sensitivity
10	16.27	48.79	3	1.56
11	145.17	115.17	4	1.05
Period: 4
Tasks:8
id	x	y	end	c
22	109.8	192.62	7	93.14
23	30.49	162.75	6	93.64
24	110.18	63.93	7	37.48
25	34.07	59.28	4	77.49
26	170.97	142.67	9	82.81
27	171.09	137.65	6	80.44
28	117.72	182.78	6	84.66
29	28.27	68.92	7	78.17
Drivers: 5
id	x	y	end	sensitivity
12	79.7	140.63	5	1.2
13	45.47	149.31	4	1.85
14	155.17	132.21	7	0.65
15	135.43	126.94	5	1.95
16	130.04	98.56	4	0.92
Period: 5
Tasks:15
id	x	y	end	c
30	6.25	60.42	10	101.76
31	149.36	188.81	7	101.61
32	85.66	81.81	14	23.16
33	69.2	155.98	8	63.89
34	131.26	142.24	9	52.55
35	122.74	112.56	5	25.98
36	83.89	91.55	8	18.19
37	124.33	144.21	8	50.46
38	102.7	11.26	10	88.78
39	85.28	70.21	15	33.23
40	175.55	145.85	7	88.37
41	53.26	74.99	11	53.01
42	61.1	55.51	7	59.1
43	164.04	173.61	10	97.57
44	134.96	47.74	9	62.88
Drivers: 6
id	x	y	end	sensitivity
17	146.01	48.31	5	1.61
18	27.35	159.45	7	0.96
19	89.56	82.54	5	1.08
20	82.84	167.38	7	0.79
21	159.51	56.5	6	1.48
22	141.29	153.98	6	0.86
Period: 6
Tasks:7
id	x	y	end	c
45	19.87	181.33	10	114.17
46	109.43	191.91	9	92.39
47	162.71	2.2	11	116.18
48	106.92	109.56	7	11.8
49	78.24	106.58	11	22.73
50	30.69	73.94	9	74.05
51	79.72	25.12	10	77.58
Drivers: 9
id	x	y	end	sensitivity
23	31.44	182.58	6	0.85
24	17.44	22.86	8	0.59
25	154.7	48.38	7	1.09
26	66.83	144.4	9	0.77
27	32.23	182.99	7	0.85
28	140.46	24.4	7	0.97
29	57.49	125.36	6	0.85
30	71.2	197.68	6	1.72
31	92.25	151.88	8	1.23
Period: 7
Tasks:12
id	x	y	end	c
52	8.23	117.18	9	93.36
53	155.86	15.38	12	101.39
54	50.2	161.41	8	79.06
55	158.27	70.01	10	65.53
56	48.25	121.39	8	56
57	41.13	175.8	11	95.98
58	175.67	5.59	9	120.99
59	38.86	65.34	10	70.28
60	177.25	137.53	12	85.88
61	111.35	5.11	7	95.57
62	141.3	112.05	11	43.02
63	189.81	12.53	9	125.37
Drivers: 4
id	x	y	end	sensitivity
32	35.55	46.94	7	1.8
33	2.43	198.43	8	1
34	0.91	41.01	8	1.82
35	23.43	115.08	9	1.83
Period: 8
Tasks:3
id	x	y	end	c
64	164.64	40.07	11	88.15
65	66.34	159.39	11	68.27
66	88.03	41.02	11	60.18
Drivers: 6
id	x	y	end	sensitivity
36	134.67	112.84	8	1.28
37	128.28	113.87	9	1.06
38	193.48	63.89	9	1.64
39	165.89	153.85	9	0.98
40	71.53	144.74	12	0.69
41	179.65	186.86	8	0.52
Period: 9
Tasks:5
id	x	y	end	c
67	23.66	111.29	12	77.17
68	80.27	145.65	14	49.73
69	63.68	82.41	12	40.36
70	154.51	88.62	11	55.69
71	150.5	162.26	10	80.17
Drivers: 4
id	x	y	end	sensitivity
42	33.32	188.31	10	0.56
43	66.33	92.67	9	1.39
44	52.74	40.25	9	1.88
45	2.55	127.99	10	1.43
Period: 10
Tasks:8
id	x	y	end	c
72	57.84	13.4	13	96.32
73	19.43	175.34	11	110.31
74	110.26	9	13	91.58
75	190.7	188.56	14	126.76
76	18.09	107.85	11	82.29
77	31.37	191.64	11	114.49
78	137.87	53.97	13	59.61
79	171.37	35.64	14	96.1
Drivers: 6
id	x	y	end	sensitivity
46	16.87	189.1	10	1.15
47	59.74	42.31	10	0.68
48	171.32	161.5	10	1.39
49	60.78	18.91	11	1.73
50	58.02	71.96	10	1.81
51	172.43	196.99	14	1.29
Period: 11
Tasks:14
id	x	y	end	c
80	129.09	190.4	14	94.97
81	108.01	101.41	14	8.13
82	47.01	37.68	13	81.8
83	6.85	47.23	14	107.06
84	108.76	6.35	11	94.06
85	132.11	166.94	13	74.24
86	131.39	70.76	14	42.9
87	68.92	135.24	15	46.99
88	86.06	128.52	13	31.74
89	7.44	178.19	14	121.17
90	163.63	10.03	12	110.2
91	150.56	55.66	15	67.25
92	20.16	188.35	14	119.08
93	60.84	182.51	13	91.33
Drivers: 8
id	x	y	end	sensitivity
52	82.8	50.16	12	0.58
53	110.96	61.52	11	1.19
54	190.1	186.87	12	0.61
55	186.99	162.47	13	1.86
56	86.81	171.65	13	1.45
57	0.94	187.11	11	1.96
58	170.12	129.8	11	1.52
59	69.12	10.26	12	0.66
Period: 12
Tasks:19
id	x	y	end	c
94	43.16	18.45	18	99.4
95	116.69	12.52	15	89.06
96	149.88	1.66	13	110.27
97	78.21	81.12	12	28.83
98	57.99	40.47	13	72.86
99	130.65	100.55	15	30.65
100	2.61	53.46	14	107.94
101	47	63.87	17	64.14
102	5.2	125.64	17	98.21
103	176.1	155.12	12	93.97
104	118.58	110.77	12	21.48
105	48.6	14.44	12	99.81
106	48.88	9.83	15	103.65
107	80.3	33.62	20	69.24
108	170.36	99.74	15	70.36
109	93.3	173.67	16	73.97
110	124.7	10.15	13	93.18
111	166.52	147.76	12	81.89
112	116.1	196.52	13	97.85
Drivers: 8
id	x	y	end	sensitivity
60	30.89	185.25	14	0.66
61	185.33	129.71	13	0.63
62	60.6	87.71	13	1
63	172.14	139.57	13	1.1
64	59.03	144.3	12	1.61
65	32.64	22.43	15	0.58
66	93.41	84.47	13	1.86
67	179.36	126.99	13	1.78
Period: 13
Tasks:8
id	x	y	end	c
113	137.81	143.33	15	57.51
114	99.96	99.27	17	0.73
115	100.58	129.63	13	29.64
116	52.06	83.28	15	50.77
117	123.59	2.92	15	99.91
118	125.99	21.54	17	82.65
119	16.18	115.37	15	85.22
120	69	87.81	16	33.31
Drivers: 5
id	x	y	end	sensitivity
68	169.32	37.25	16	1.24
69	105.54	147.54	13	0.73
70	182.27	47.73	13	1.73
71	119.94	126.44	14	1.56
72	17.81	167.06	16	1.79
Period: 14
Tasks:14
id	x	y	end	c
121	152.19	81.69	19	55.31
122	60.31	76.69	18	46.03
123	149.04	6.14	15	105.9
124	190.1	155.31	20	105.72
125	80.94	43.57	16	59.56
126	44.46	197.07	16	111.84
127	18.79	183.64	19	116.58
128	161.33	139.41	16	72.9
129	64.88	167.27	17	75.89
130	94.79	179.6	16	79.77
131	69.33	90.12	15	32.22
132	129.55	101.95	18	29.61
133	164.14	120.97	15	67.48
134	69.84	5.17	16	99.51
Drivers: 8
id	x	y	end	sensitivity
73	31.73	59.98	15	0.84
74	157.07	150.8	14	0.82
75	135.98	107.21	14	1.23
76	19.51	48.03	18	0.93
77	143.15	66.7	15	1.49
78	47.51	55.64	16	0.7
79	185.6	151.71	15	0.56
80	165.92	147.37	16	0.58
Period: 15
Tasks:12
id	x	y	end	c
135	121.78	22.37	17	80.63
136	49.45	68.67	18	59.47
137	119.62	186.91	16	89.1
138	164.13	56.27	18	77.62
139	96.23	136.73	23	36.92
140	22.17	21.94	18	110.23
141	42.75	116.1	17	59.47
142	164.45	119.32	16	67.28
143	61.41	103.1	17	38.71
144	101.7	185.72	18	85.74
145	147.28	94.48	16	47.6
146	67.5	38.8	22	69.29
Drivers: 7
id	x	y	end	sensitivity
81	91.44	68.45	16	0.77
82	155.25	2.86	15	1.3
83	101.74	98.21	16	1.5
84	21.79	143.33	17	0.83
85	193.06	33.17	16	1.89
86	45.97	163.56	15	0.99
87	144.57	186.52	16	0.58
Period: 16
Tasks:10
id	x	y	end	c
147	116.02	89.43	20	19.19
148	6.88	88.17	17	93.87
149	130.71	48.66	19	59.82
150	48.43	168.87	17	86.04
151	128.91	166.17	19	72.21
152	151.46	143.88	18	67.63
153	171.02	193.96	22	117.78
154	97.41	49.19	19	50.88
155	191.85	156.45	16	107.81
156	109.44	93.76	17	11.32
Drivers: 2
id	x	y	end	sensitivity
88	173.25	138.9	16	1.79
89	49.06	84.43	17	1.02
Period: 17
Tasks:8
id	x	y	end	c
157	153.19	196.8	24	110.45
158	18.56	58.08	19	91.6
159	112.62	98.61	19	12.7
160	151.38	74.61	20	57.31
161	80.52	129.07	21	34.99
162	4.3	147.76	18	106.96
163	160.03	139.33	18	71.77
164	44.8	10.39	19	105.25
Drivers: 5
id	x	y	end	sensitivity
90	52.5	142.28	18	1.37
91	189.48	173.87	17	1.45
92	116.94	34.23	18	1.38
93	22.23	82.65	20	1.64
94	140.8	23.82	17	1.72
Period: 18
Tasks:11
id	x	y	end	c
165	163.57	64.02	20	73.05
166	47.06	78.53	20	57.13
167	78.02	176.11	21	79.22
168	82.4	62.09	22	41.8
169	36.82	58.47	23	75.61
170	71.62	48.44	22	58.85
171	5.8	142.69	19	103.42
172	132.94	8.35	20	97.39
173	119.85	117.15	22	26.23
174	4.98	106.69	21	95.26
175	168.25	51.18	19	83.91
Drivers: 4
id	x	y	end	sensitivity
95	29.4	76.1	18	0.58
96	113.5	8.59	18	1.96
97	15.62	79.03	20	1.09
98	184.89	70.24	18	1.88
Period: 19
Tasks:7
id	x	y	end	c
176	65.29	62.54	20	51.07
177	83.81	34.48	21	67.49
178	198.49	196.41	25	137.82
179	13.31	33.69	21	109.14
180	32.28	107.53	22	68.14
181	145.8	21.96	21	90.49
182	54.85	83.22	22	48.17
Drivers: 4
id	x	y	end	sensitivity
99	81.67	77.58	20	1.39
100	173.5	110.97	20	1.35
101	67.97	87.04	21	1.16
102	35.68	8.24	19	1.17
Period: 20
Tasks:16
id	x	y	end	c
183	67.98	80.86	23	37.3
184	67.85	20.69	25	85.58
185	178.08	58.5	25	88.42
186	97.47	160.64	22	60.69
187	62.83	43.34	21	67.76
188	117.2	7.52	22	94.07
189	130.57	166.95	26	73.6
190	9.39	43.27	23	106.9
191	29.57	85.04	21	72
192	16.15	170.24	22	109.38
193	21.55	106.68	21	78.73
194	78.03	34.03	23	69.53
195	127	167.57	22	72.76
196	117.99	23.38	22	78.7
197	116.82	124.5	21	29.72
198	85.86	48.96	24	52.96
Drivers: 7
id	x	y	end	sensitivity
103	47.71	185.13	20	1.97
104	104.24	197.72	21	0.76
105	148.79	153.49	20	1.46
106	6.84	153.03	20	1.22
107	180.91	24.51	20	1.8
108	15.38	105.48	21	1.21
109	15.24	175.47	20	0.91
Period: 21
Tasks:6
id	x	y	end	c
199	145.13	69.72	24	54.35
200	178.24	26.73	24	107.19
201	142.96	78.41	22	48.08
202	12.47	100.67	24	87.53
203	98.66	186.08	24	86.09
204	174.21	147.61	23	88.17
Drivers: 4
id	x	y	end	sensitivity
110	114.81	132.05	23	1.43
111	116.59	21.58	23	0.65
112	163.03	140.26	23	1.61
113	108.52	152.74	21	1.74
Period: 22
Tasks:6
id	x	y	end	c
205	184.61	95.43	23	84.73
206	163.12	65.31	25	72.02
207	49.18	131.6	29	59.84
208	38.58	109.02	24	62.08
209	158.29	77.98	24	62.31
210	84.96	188.65	25	89.92
Drivers: 3
id	x	y	end	sensitivity
114	43.66	51.32	22	1.19
115	49.8	87.02	22	0.58
116	17.11	193	22	1.56
Period: 23
Tasks:4
id	x	y	end	c
211	194.69	195.06	26	134.17
212	175.25	195.86	26	121.87
213	105.41	87.3	25	13.8
214	5.32	57.95	26	103.6
Drivers: 8
id	x	y	end	sensitivity
117	3.42	175.08	23	1.33
118	153.82	56.74	24	1.58
119	148.4	105.77	24	1.02
120	46.13	18.58	24	1.87
121	195.69	136.24	24	1.4
122	122.32	193.63	25	1.56
123	71.27	116.17	24	1.41
124	140.16	136.09	25	1.02
Period: 24
Tasks:17
id	x	y	end	c
215	78.23	106.58	27	22.74
216	168.68	141.32	28	80.15
217	35.09	108.19	29	65.42
218	145.14	42.76	24	72.9
219	101.88	14.84	31	85.18
220	125.87	24.11	28	80.18
221	188.52	85.43	25	89.71
222	59.73	98.12	31	40.31
223	158.58	178.79	28	98.18
224	182.64	165.06	29	105.18
225	63.39	84.08	30	39.92
226	28.47	191.96	28	116.5
227	42.03	162.39	26	85.16
228	89.62	158.87	25	59.78
229	4.85	48.57	26	108.16
230	60.37	175.97	26	85.69
231	95.03	139.91	27	40.22
Drivers: 3
id	x	y	end	sensitivity
125	99.07	166.66	24	0.7
126	91.42	137.02	25	1.54
127	0.01	70.5	25	1.94
Period: 25
Tasks:11
id	x	y	end	c
232	160.4	65.32	29	69.65
233	184.38	152.76	28	99.52
234	129.72	9.08	29	95.65
235	40.5	23.23	27	97.13
236	88.02	185.56	30	86.39
237	144.32	51.21	28	65.91
238	184.97	114.96	29	86.28
239	65.48	121.8	26	40.83
240	83.17	119.35	27	25.65
241	186.01	135.25	25	92.95
242	76.77	1.46	29	101.24
Drivers: 5
id	x	y	end	sensitivity
128	125.16	80.98	26	1.9
129	183.96	73.59	25	1.62
130	93.15	150.68	25	1.34
131	148.09	32.11	26	1.99
132	83.97	64.56	27	0.59
Period: 26
Tasks:11
id	x	y	end	c
243	1.13	100.81	29	98.87
244	97.77	125.6	29	25.7
245	164.04	191.41	29	111.61
246	72.74	25.66	27	79.18
247	193.49	58.87	31	102.14
248	21.35	155.96	29	96.53
249	36.7	93.26	33	63.66
250	20.33	178.63	31	111.94
251	184.64	193.71	29	126.28
252	80.75	179.28	30	81.58
253	1.32	111.36	32	99.33
Drivers: 5
id	x	y	end	sensitivity
133	95.34	116.59	29	1.3
134	67.67	193.46	26	1.19
135	130.79	178.08	26	1.81
136	85.73	184.57	26	1.92
137	109.75	12.62	26	1.59
Period: 27
Tasks:8
id	x	y	end	c
254	164.77	189	31	110.07
255	172.33	22.86	28	105.75
256	48.65	89.51	29	52.41
257	40.25	107.31	31	60.2
258	131.52	145.31	30	55.2
259	83.08	118.69	28	25.21
260	168.36	69.59	31	74.82
261	8	25.58	29	118.33
Drivers: 5
id	x	y	end	sensitivity
138	98.04	65.5	30	1.73
139	26.42	165.1	29	1.29
140	171.83	196.12	27	1.3
141	111.92	50.32	27	1.63
142	4.55	51.21	27	1.98
Period: 28
Tasks:7
id	x	y	end	c
262	117.3	131.05	34	35.54
263	26.51	173.39	33	103.86
264	199.01	127.25	32	102.69
265	90.58	79.03	32	22.99
266	148.56	87.81	29	50.07
267	29.22	34.7	30	96.3
268	38.96	54.19	30	76.32
Drivers: 5
id	x	y	end	sensitivity
143	52.73	29.44	30	1.18
144	196.84	130.65	28	1.69
145	190.28	105.22	29	1.05
146	158.24	198.85	29	1.55
147	25.57	47.76	28	1.91
Period: 29
Tasks:12
id	x	y	end	c
269	103.78	167.55	34	67.66
270	15.35	183.45	33	118.87
271	2.54	76.86	34	100.17
272	131.83	36.06	32	71.42
273	52.89	164.04	31	79.5
274	134.45	182.34	31	89.26
275	135.54	152.99	32	63.8
276	180.13	102.95	32	80.18
277	19.82	177.71	30	111.66
278	93.99	190	31	90.2
279	103.47	50.13	31	49.99
280	195.4	112.89	32	96.27
Drivers: 7
id	x	y	end	sensitivity
148	132.27	133.3	29	1.69
149	84.83	5.16	30	0.65
150	162.15	180.77	29	1.99
151	103.4	0.34	29	1.56
152	84.76	191.35	29	0.83
153	129.82	9.5	29	1.13
154	116.43	195.99	29	0.6
Period: 30
Tasks:12
id	x	y	end	c
281	169.81	31.12	31	98.07
282	47.64	187.05	34	101.58
283	75.19	42.63	33	62.5
284	43.58	132.27	36	65
285	59.2	123.5	33	47.08
286	192.5	83.48	32	93.96
287	141.46	137.95	31	56.21
288	87.97	109.92	34	15.59
289	70.54	110.28	35	31.2
290	146.84	149.29	37	68
291	130.01	93.25	32	30.76
292	87.04	34.14	31	67.12
Drivers: 8
id	x	y	end	sensitivity
155	48.25	41.3	32	0.51
156	165.24	60	31	1.27
157	190.91	92.26	30	1.22
158	131.37	68.98	31	1.52
159	196.28	29.28	30	0.6
160	73.48	169.39	33	1.42
161	113.78	163.34	31	0.61
162	141.48	78.79	31	0.93
Period: 31
Tasks:16
id	x	y	end	c
293	31.68	148.12	32	83.57
294	146.47	1.87	33	108.58
295	123.97	18.04	33	85.39
296	146.16	142.45	31	62.71
297	157.01	157.37	34	80.88
298	193.47	163.36	34	112.92
299	180.17	121.81	33	83.08
300	44.7	41.96	36	80.17
301	159.55	16.84	40	102.28
302	176	60.73	34	85.55
303	85.12	183.1	36	84.42
304	121.11	181.26	34	83.96
305	169.05	169.87	34	98.23
306	85.54	67.43	33	35.64
307	86.61	19.28	34	81.82
308	181.81	54.43	34	93.65
Drivers: 6
id	x	y	end	sensitivity
163	154.52	177.13	33	0.87
164	67.45	170.13	33	1.67
165	181.9	191.93	31	0.66
166	99.71	77.28	33	1.37
167	11.16	179.33	31	1.74
168	158.2	12.98	32	0.85
Period: 32
Tasks:8
id	x	y	end	c
309	150.72	66.64	39	60.71
310	32.77	34.93	35	93.56
311	168.24	42.9	34	88.98
312	154.84	117.88	34	57.68
313	79.64	107.02	35	21.54
314	135.29	2.29	34	103.89
315	66.23	73.48	35	42.94
316	107.82	182.14	33	82.51
Drivers: 4
id	x	y	end	sensitivity
169	112.75	63.92	33	1.67
170	165.29	58.19	35	0.93
171	162.68	26.14	33	0.99
172	67.61	35.53	33	1.94
Period: 33
Tasks:11
id	x	y	end	c
317	196.91	28.86	34	120.22
318	73.17	56.36	37	51.23
319	73.66	32.05	35	72.88
320	110.05	131.1	33	32.68
321	19.63	156.21	39	98.08
322	121.54	194.39	36	96.82
323	14.8	170.95	35	110.87
324	101.91	74.83	35	25.24
325	26.95	92.17	36	73.47
326	170.59	121.02	38	73.65
327	162.42	7.03	35	111.98
Drivers: 9
id	x	y	end	sensitivity
173	56.46	95.95	37	1.12
174	166.32	156.53	37	1.81
175	72.77	198.16	34	1.84
176	152.64	3.71	37	0.55
177	127.04	199.49	35	0.79
178	11.87	134.85	33	1.21
179	199.94	14.85	34	0.67
180	127.98	196.55	33	1.18
181	186.81	133.31	33	0.71
Period: 34
Tasks:10
id	x	y	end	c
328	36.49	124.49	40	68.07
329	50.45	73.29	36	56.29
330	127.14	33.22	36	72.08
331	45.1	26.59	37	91.67
332	28.44	1.91	34	121.42
333	20.12	135.47	38	87.4
334	167.52	148.86	39	83.34
335	157.5	110.91	37	58.53
336	47.02	59.13	38	66.91
337	84.97	158.37	39	60.27
Drivers: 5
id	x	y	end	sensitivity
182	41.56	70.9	35	1.24
183	13.27	87.68	34	1.77
184	146.9	14.56	36	0.64
185	102.27	183.59	34	1.05
186	166.55	120.46	34	1.44
Period: 35
Tasks:7
id	x	y	end	c
338	162.89	195.81	36	114.61
339	68.74	120.98	35	37.65
340	82.17	190.42	40	92.16
341	12.77	156.46	37	103.91
342	7.77	99.65	37	92.23
343	122.18	12.41	36	90.35
344	103.18	147.66	41	47.77
Drivers: 5
id	x	y	end	sensitivity
187	60.09	7.73	40	0.74
188	6.44	159.75	36	1.22
189	60.96	52.49	37	1.09
190	193.96	187.14	38	1.98
191	64.47	42.86	36	0.74
Period: 36
Tasks:10
id	x	y	end	c
345	145.75	7.52	38	103.18
346	94.58	105.21	41	7.52
347	197.06	147.62	37	108.11
348	0.61	45.06	39	113.56
349	121.12	184.16	41	86.77
350	77.76	33.84	40	69.8
351	70.15	112.19	40	32.24
352	98.46	38.59	39	61.43
353	164.77	30.07	40	95.32
354	123.66	179.62	38	83.06
Drivers: 5
id	x	y	end	sensitivity
192	103.56	155.01	36	0.52
193	30.76	126.68	38	0.89
194	65.37	52.26	36	0.94
195	180.61	71.65	36	1.91
196	24.26	103.33	38	1.09
Period: 37
Tasks:9
id	x	y	end	c
355	118.79	151.05	38	54.4
356	44.58	55.98	38	70.78
357	57.98	148	37	63.79
358	168.88	93.22	41	69.21
359	179.68	173.37	39	108.31
360	17.79	16.84	39	116.94
361	99.33	92.11	37	7.92
362	136.66	15.51	42	92.1
363	87.87	93.73	39	13.65
Drivers: 2
id	x	y	end	sensitivity
197	59.67	49.56	38	1.17
198	75.55	160.93	37	1.32
Period: 38
Tasks:10
id	x	y	end	c
364	192.47	63.41	39	99.45
365	36.54	192.83	39	112.45
366	76.55	70.03	44	38.05
367	89.18	27.39	39	73.41
368	7.19	25	42	119.33
369	145.31	155.48	39	71.63
370	101.14	81.37	39	18.66
371	182.77	126.46	41	86.9
372	38.25	118.32	45	64.41
373	128.45	180.78	43	85.64
Drivers: 1
id	x	y	end	sensitivity
199	139.69	102.24	39	1.1
Period: 39
Tasks:3
id	x	y	end	c
374	114.48	194.69	40	95.79
375	95.14	29.58	41	70.59
376	158.81	137.56	41	69.78
Drivers: 5
id	x	y	end	sensitivity
200	153.3	4.35	41	0.96
201	187.32	56.9	39	1.74
202	18.94	155.89	40	1.78
203	155.68	15.54	40	0.98
204	5.58	169.05	41	0.51
Period: 40
Tasks:8
id	x	y	end	c
377	10.25	185.67	44	124.07
378	47.74	33.99	45	84.19
379	198.15	87.02	44	99
380	142.06	103.1	43	42.17
381	58.92	136.97	43	55.27
382	19.45	57.66	44	91
383	174.09	3.87	47	121.37
384	170.51	75.52	40	74.64
Drivers: 4
id	x	y	end	sensitivity
205	120.23	52.7	40	1.82
206	44.84	95.38	42	0.81
207	162.53	14.39	41	1.23
208	4.02	151.98	41	0.74
Period: 41
Tasks:10
id	x	y	end	c
385	134.88	102.46	46	34.97
386	127.12	8.78	42	95.17
387	18.02	84.87	45	83.36
388	95.88	124.12	43	24.47
389	175.56	70.19	45	81.23
390	68.85	152.46	43	61.01
391	121.39	20.67	43	82.16
392	193.01	21.54	42	121.68
393	49.86	77.99	42	54.76
394	171.41	92.19	42	71.84
Drivers: 7
id	x	y	end	sensitivity
209	41.9	135.55	41	0.68
210	2.27	182.21	41	1.22
211	171.05	173.89	41	1.07
212	154.01	156.33	41	0.54
213	20.43	9	43	1.78
214	153.24	157.53	41	1.73
215	81.34	66.25	42	1.21
Period: 42
Tasks:12
id	x	y	end	c
395	10.57	77.27	45	92.27
396	146.59	116.97	43	49.58
397	161.61	30.63	43	92.78
398	26.42	32.53	42	99.83
399	187.97	91.84	44	88.35
400	145.29	87.34	43	47.03
401	79.05	171.81	44	74.8
402	134.32	193.02	44	99.15
403	20.45	105.48	47	79.74
404	56.12	143.94	45	62.1
405	17.07	112.17	48	83.82
406	53.97	186.38	46	97.88
Drivers: 4
id	x	y	end	sensitivity
216	110.78	76.3	42	1.25
217	168.1	67.79	42	1.52
218	0.1	50.79	45	1.73
219	134.81	8.14	43	1.11
Period: 43
Tasks:10
id	x	y	end	c
407	51.53	137.89	45	61.52
408	123.4	164.29	47	68.42
409	128.26	80.06	47	34.59
410	138.69	33.6	44	76.85
411	37.46	184.1	46	104.8
412	117.06	125.22	48	30.45
413	157.96	143.61	48	72.53
414	94.94	78.96	47	21.64
415	128.47	96.61	43	28.67
416	12.52	177.04	46	116.57
Drivers: 3
id	x	y	end	sensitivity
220	34.25	15.46	44	1.75
221	68.62	185.4	45	1.46
222	116.82	105.93	43	1.06
Period: 44
Tasks:12
id	x	y	end	c
417	129.47	131.67	45	43.26
418	81.06	68.77	48	36.52
419	164.92	141.98	48	77.31
420	127.16	173.83	46	78.67
421	50.7	83.26	46	52.06
422	95.03	126.42	47	26.88
423	57.32	76.52	49	48.71
424	17.72	123.59	47	85.59
425	195.09	58.96	47	103.57
426	65.63	121.29	45	40.43
427	16.79	77.94	47	86.08
428	39.54	143.22	47	74.32
Drivers: 11
id	x	y	end	sensitivity
223	76.22	44.59	44	1.04
224	143.65	69.89	45	1.89
225	23.39	134.73	46	1.91
226	169.89	197.25	44	1.3
227	142.51	162.41	44	1.05
228	146.26	67.58	45	1.65
229	46.68	133.63	46	0.52
230	61.95	123.42	45	0.59
231	128.85	194.11	45	0.88
232	84.49	50.58	46	0.99
233	20.41	30.78	45	1.66
Period: 45
Tasks:12
id	x	y	end	c
429	120.77	145.09	46	49.64
430	119.18	117.95	49	26.27
431	101.32	156.15	51	56.17
432	138.8	136.04	50	52.96
433	124.2	119.87	47	31.31
434	176.88	47	46	93.38
435	74.79	6.36	50	96.97
436	93.28	165.2	56	65.55
437	2.02	26.64	49	122.4
438	130.79	188.45	45	93.66
439	198.93	51.31	51	110.26
440	12.99	102.21	47	87.04
Drivers: 9
id	x	y	end	sensitivity
234	91.68	126.17	45	0.71
235	63.37	108.14	46	1.08
236	141.23	24.05	46	1.13
237	175.24	126.32	47	1.44
238	151.69	13.44	47	1.7
239	81.03	168.53	47	1.79
240	34.65	42.29	46	0.66
241	133.97	73.64	46	1.69
242	194.1	77.08	46	1.02
Period: 46
Tasks:12
id	x	y	end	c
441	159.97	96.52	51	60.07
442	113.91	117.05	50	22
443	77.72	32.62	46	70.97
444	123.66	114.34	49	27.67
445	14.91	184.88	48	120.19
446	41.93	26.25	51	93.87
447	53.9	151.21	48	68.9
448	59	110.37	51	42.29
449	181.63	193.84	52	124.38
450	193.04	193.04	51	131.58
451	94.45	32.67	50	67.56
452	178.03	82.01	49	80.08
Drivers: 5
id	x	y	end	sensitivity
243	80.05	58.45	46	0.79
244	176.39	48.52	48	1.59
245	97.05	76.23	46	1.73
246	134.95	9.4	47	1.39
247	28.14	183.95	48	1.34
Period: 47
Tasks:9
id	x	y	end	c
453	65.83	113.15	49	36.61
454	61.28	182.49	48	91.13
455	144.64	104.41	52	44.86
456	175.41	44.08	54	93.88
457	80.09	187.99	49	90.21
458	63.07	44.26	52	66.86
459	79.04	160.66	52	64.18
460	117.06	5.31	48	96.21
461	139	6.38	51	101.42
Drivers: 4
id	x	y	end	sensitivity
248	78.29	115.13	48	0.77
249	79.53	115.53	50	0.79
250	32.87	12.41	47	1.85
251	109.92	24.6	48	0.97
Period: 48
Tasks:6
id	x	y	end	c
462	176.63	176.08	53	107.98
463	167.6	122.64	50	71.29
464	191.69	141.48	49	100.64
465	85.12	125.06	51	29.14
466	23.64	130.48	50	82.22
467	14.78	149.4	52	98.5
Drivers: 3
id	x	y	end	sensitivity
252	47.72	91.2	52	1.51
253	107.96	180.25	49	1.92
254	60.43	144	48	1.18
Period: 49
Tasks:12
id	x	y	end	c
468	101.85	24.27	53	75.75
469	161.76	134.66	51	70.82
470	26.02	154.9	52	92.13
471	174.42	75.24	53	78.43
472	101.59	103.25	55	3.62
473	2.76	123.27	52	99.99
474	144.82	115.58	52	47.45
475	79.37	87.6	51	24.07
476	137.69	27	51	82.16
477	141.05	118.74	51	45.13
478	42.21	176.59	50	95.95
479	84.29	190.98	53	92.33
Drivers: 3
id	x	y	end	sensitivity
255	17.99	1.65	52	1.54
256	73.46	52.18	49	0.66
257	198.53	94.75	50	1
Period: 50
Tasks:10
id	x	y	end	c
480	187.48	31.91	53	110.86
481	0.53	2.71	52	139.14
482	73.61	127.49	52	38.11
483	135.16	138.46	53	52.11
484	159.79	17.75	53	101.69
485	3.79	18.85	52	125.86
486	86.3	116.78	53	21.66
487	109.6	95.76	52	10.49
488	17.93	151.36	54	96.82
489	87.21	162.47	53	63.77
Drivers: 3
id	x	y	end	sensitivity
258	44.48	161.6	51	1.88
259	164.72	110.35	51	0.93
260	127.21	56.94	51	0.69
Period: 51
Tasks:12
id	x	y	end	c
490	111.65	75.38	53	27.24
491	54.55	102.61	55	45.52
492	179.22	40.28	53	99.21
493	113.29	82.54	52	21.94
494	177.1	182.64	53	113.02
495	147.49	131.98	51	57.25
496	34.24	181.34	53	104.6
497	85.49	89.45	54	17.94
498	189.2	184.71	53	123.01
499	198.71	109.23	58	99.14
500	58.02	79.54	55	46.7
501	78.61	169.41	58	72.63
Drivers: 3
id	x	y	end	sensitivity
261	186.35	61.45	53	0.95
262	116.14	12.06	51	1.34
263	20.02	84.97	53	1.39
Period: 52
Tasks:9
id	x	y	end	c
502	136.6	70.45	56	47.04
503	49.55	127.6	53	57.51
504	176.18	175.53	55	107.28
505	21.37	160.59	55	99.27
506	69.27	10.8	52	94.34
507	163.75	59.79	55	75.37
508	29.65	146.52	55	84.34
509	58.22	153.81	55	68.13
510	166.3	142.09	54	78.53
Drivers: 5
id	x	y	end	sensitivity
264	39.7	69.95	55	1.81
265	85.05	47.57	52	0.79
266	183.84	47.32	52	1.05
267	162.48	117.26	53	1.24
268	175.05	65.45	52	0.58
Period: 53
Tasks:8
id	x	y	end	c
511	158.27	39.5	56	84
512	37.4	15.83	55	104.9
513	72.94	128.03	57	38.96
514	84.88	83.77	53	22.18
515	2.14	130.66	54	102.55
516	193.74	116.45	55	95.17
517	41.29	32.52	57	89.45
518	59.33	199.6	55	107.58
Drivers: 5
id	x	y	end	sensitivity
269	114.01	194.51	56	1.95
270	129.52	114.28	53	1.9
271	194.82	13.86	54	1.46
272	37.51	135.82	54	1.59
273	136.47	113.08	53	0.94
Period: 54
Tasks:14
id	x	y	end	c
519	57.78	123.6	60	48.37
520	130.49	177.43	56	83.22
521	40.79	126.13	57	64.72
522	124.33	53.64	57	52.36
523	20.02	87.46	59	80.96
524	110.99	170.57	55	71.42
525	74.17	2.01	55	101.34
526	114.75	62.55	56	40.25
527	16.36	183.36	56	118.09
528	123.72	194.75	62	97.67
529	157.81	191.95	56	108.61
530	72.8	198.77	56	102.45
531	150.88	126.79	57	57.5
532	62.23	33.58	58	76.41
Drivers: 7
id	x	y	end	sensitivity
274	151.84	56.02	56	0.51
275	150.03	40.16	55	1.8
276	134.83	75.66	54	1.34
277	43.63	176.69	55	0.84
278	65.71	58.02	55	0.73
279	184.34	167.84	58	1.71
280	94.09	132.48	54	1.33
Period: 55
Tasks:10
id	x	y	end	c
533	6.04	87.95	56	94.73
534	10.39	189.22	60	126.45
535	90.07	183.65	58	84.24
536	133.67	109.76	58	35.06
537	75.94	107.96	58	25.34
538	134.76	119.46	59	39.84
539	157.23	56.99	56	71.59
540	151.65	33.34	57	84.33
541	1.43	194.22	57	136.36
542	120.73	50.4	57	53.76
Drivers: 3
id	x	y	end	sensitivity
281	9.57	90.18	56	1.39
282	73.43	177.6	56	0.53
283	150.83	34.01	55	1.66
Period: 56
Tasks:16
id	x	y	end	c
543	76.28	121.17	57	31.79
544	189.51	141.54	61	98.68
545	124.59	161.57	58	66.3
546	174.36	20.89	58	108.57
547	82.12	140.35	61	44.13
548	62.06	178.36	58	87.06
549	154.91	35.26	58	84.89
550	99.29	189.98	58	89.98
551	167.65	65.26	59	76.05
552	70.29	59.42	58	50.29
553	191.71	169.78	58	115.24
554	176.51	44.9	65	94.29
555	171.05	69.77	58	77.21
556	179.14	196.52	60	124.82
557	62.55	44.82	60	66.69
558	157.04	3.88	58	111.77
Drivers: 6
id	x	y	end	sensitivity
284	141.72	186.29	57	1.98
285	174.52	195.64	56	1.13
286	48.75	133.62	56	1.38
287	169.2	15.1	56	1.39
288	136.32	148.68	56	1.13
289	36.3	144.31	56	1.4
Period: 57
Tasks:9
id	x	y	end	c
559	113.77	132.01	65	34.85
560	73.62	89.06	62	28.56
561	21.08	144.95	59	90.82
562	128.51	134.2	57	44.52
563	14.4	182.53	59	118.91
564	38.59	24.27	60	97.5
565	160.24	156.35	63	82.49
566	197.56	109.02	61	97.98
567	16.3	75.06	61	87.34
Drivers: 5
id	x	y	end	sensitivity
290	12.55	4.56	60	1.54
291	55.82	79.61	59	1.14
292	62.28	178.47	57	1.12
293	196.46	162.87	57	1.59
294	173.29	12.96	58	1.68
Period: 58
Tasks:17
id	x	y	end	c
568	177.5	88.99	61	78.28
569	133.22	181.98	62	88.46
570	140.85	159.16	64	71.89
571	31.68	41.88	60	89.7
572	95.55	24.36	61	75.77
573	155.57	170.92	62	90.1
574	13.53	149	61	99.39
575	139.03	111.58	60	40.71
576	145.11	136.86	59	58.25
577	127.22	172.83	61	77.75
578	100.41	85.99	59	14.02
579	79.25	58.27	60	46.6
580	50.34	17.95	61	95.91
581	104.66	80.92	60	19.64
582	108.86	142.86	62	43.77
583	173.79	60.85	61	83.53
584	68.43	53	61	56.62
Drivers: 3
id	x	y	end	sensitivity
295	44.64	156.12	59	0.86
296	123.57	102	58	1.14
297	77.67	82.98	58	1.43
Period: 59
Tasks:6
id	x	y	end	c
585	179.27	8.43	60	121.11
586	59.31	41.49	62	71.27
587	109.39	129.85	63	31.29
588	86.6	94.25	61	14.58
589	165.61	199.28	60	119
590	145.15	31.73	63	81.85
Drivers: 4
id	x	y	end	sensitivity
298	28.17	147.59	60	0.75
299	100.84	90.22	60	1.35
300	164.76	151.69	59	1.82
301	0.84	58.21	59	1.02
Period: 60
Tasks:13
id	x	y	end	c
591	123.12	41.41	65	62.99
592	179.21	68.94	65	85.08
593	116.4	1.37	64	99.98
594	132.16	56.77	62	53.88
595	60.05	43.97	67	68.81
596	84.7	185.85	63	87.2
597	11.49	166.61	66	110.77
598	136.83	19.89	62	88.17
599	82.19	95.89	63	18.28
600	93.32	187.23	63	87.49
601	101.51	131.43	61	31.47
602	57.16	143.72	63	61.21
603	96.79	114.11	62	14.47
Drivers: 3
id	x	y	end	sensitivity
302	35.53	187.96	62	1.2
303	52.97	94.11	60	0.98
304	157.98	148.11	61	0.64
Period: 61
Tasks:10
id	x	y	end	c
604	99.92	121.88	64	21.88
605	115.76	69.32	64	34.49
606	119.71	113.1	63	23.67
607	69.12	120.53	67	37.08
608	110.94	113.07	62	17.04
609	64.26	42.38	63	67.8
610	16.91	107.29	62	83.41
611	94.23	146.84	64	47.19
612	182.24	132.93	65	88.59
613	81.77	157.65	65	60.46
Drivers: 7
id	x	y	end	sensitivity
305	66.96	170.54	63	1.86
306	24.14	101.25	62	1.29
307	46.82	158.31	64	1.64
308	122.85	132.29	61	1.53
309	199.41	146.51	61	0.76
310	65.61	59.07	62	1.49
311	103.24	181.32	61	1.86
Period: 62
Tasks:8
id	x	y	end	c
614	124.77	48.09	63	57.52
615	31.81	8.17	63	114.38
616	142.45	140.21	66	58.47
617	145.26	186.26	66	97.41
618	24.45	32.86	66	101.07
619	153.23	33.44	69	85.23
620	95	8.16	64	91.98
621	121.42	113.29	64	25.21
Drivers: 5
id	x	y	end	sensitivity
312	56.91	46.13	62	1.57
313	67.06	181.95	62	0.69
314	73.82	96.91	63	1.93
315	12.68	36.1	62	1.63
316	68.87	61.41	64	1.87
Period: 63
Tasks:6
id	x	y	end	c
622	86.85	13.48	65	87.51
623	163.02	72.02	68	68.95
624	192.19	118.76	65	94.08
625	105.32	12.83	67	87.33
626	25.23	44.25	63	93.27
627	92.89	21.83	67	78.49
Drivers: 5
id	x	y	end	sensitivity
317	46.99	124.39	63	1.9
318	169.01	100.01	64	1.11
319	170.23	106.01	65	0.92
320	108.15	87.75	65	1.72
321	92	82.63	65	0.89
Period: 64
Tasks:11
id	x	y	end	c
628	4.15	42.68	65	111.68
629	108.38	82.76	68	19.17
630	131.43	131.04	68	44.17
631	27.85	12.61	66	113.33
632	127.55	40.17	71	65.87
633	128.31	196.22	68	100.3
634	76.59	195.08	66	97.92
635	190.6	21.78	66	119.69
636	107.71	108.81	65	11.71
637	64.08	154.07	64	64.91
638	19.57	115.64	66	81.94
Drivers: 6
id	x	y	end	sensitivity
322	94.3	22.51	65	1.07
323	102.57	24.55	65	1.53
324	95.88	144.49	65	1.25
325	105.38	42.25	65	1.34
326	39.28	74.97	65	1.79
327	30.55	22.84	66	1.61
Period: 65
Tasks:15
id	x	y	end	c
639	142.45	129.35	69	51.61
640	184.85	78.86	66	87.44
641	108	5.53	67	94.81
642	78.26	46.62	68	57.64
643	35.05	190.29	67	111.22
644	94.39	186.99	68	87.17
645	110.29	10.02	66	90.57
646	137.88	34.63	66	75.55
647	157.22	105.99	70	57.53
648	79.84	4.29	68	97.81
649	183.87	131.68	67	89.65
650	112.39	155.45	66	56.82
651	122.91	30.93	66	72.77
652	110.85	170.38	69	71.21
653	164.09	99.65	66	64.09
Drivers: 7
id	x	y	end	sensitivity
328	83.73	121.97	68	1.85
329	120.31	75.7	65	1.47
330	29.09	16.65	67	0.86
331	151.49	74.21	66	1.27
332	26.39	84.29	68	0.71
333	8.98	176.99	66	0.75
334	119.1	197.75	68	1.6
Period: 66
Tasks:6
id	x	y	end	c
654	118.43	144.12	67	47.81
655	168.28	55.54	70	81.48
656	80.67	160.44	68	63.46
657	192.96	150.84	71	105.95
658	181.71	107.2	68	82.03
659	196.14	185.49	68	128.65
Drivers: 2
id	x	y	end	sensitivity
335	94.29	154.71	68	1.21
336	60.62	135.28	66	1.4
Period: 67
Tasks:7
id	x	y	end	c
660	67.41	92.14	71	33.52
661	18.36	32.46	72	105.96
662	105.83	132.66	68	33.18
663	180.23	29.54	69	106.78
664	63.66	138.44	70	52.9
665	81.73	190.39	71	92.22
666	38.49	199.67	72	117.12
Drivers: 6
id	x	y	end	sensitivity
337	123.34	182.88	67	1.86
338	179.94	183.36	68	0.8
339	132.48	130.63	67	0.59
340	160.23	23.22	68	1.42
341	80.91	149.7	68	1.14
342	67.71	176.74	70	1.54
Period: 68
Tasks:8
id	x	y	end	c
667	21.73	182.61	75	113.8
668	94.99	192.07	70	92.21
669	9.86	182.52	70	122.21
670	186.8	27.55	70	113.06
671	15.04	186.46	71	121.22
672	71.85	199.84	72	103.73
673	188	170.71	72	112.89
674	2.91	163.74	70	116.14
Drivers: 7
id	x	y	end	sensitivity
343	181.18	18.05	68	1.56
344	157.5	34.13	71	0.56
345	173.12	88.46	68	1.68
346	125.91	3.57	70	1.01
347	111.31	119.69	68	0.7
348	37.02	90.37	68	1.3
349	178.16	65.99	70	0.86
Period: 69
Tasks:17
id	x	y	end	c
675	107.78	172.43	71	72.85
676	36.08	160.26	74	87.85
677	96.99	178.76	71	78.82
678	146.86	174.04	70	87.62
679	10.36	57.13	77	99.36
680	62.32	55	71	58.69
681	159.36	154.87	72	80.84
682	7.45	12.9	73	127.09
683	93.69	117.11	74	18.24
684	199.46	76.54	77	102.19
685	125.39	131.51	71	40.47
686	166.73	146.66	72	81.43
687	74.39	24.49	72	79.73
688	124.41	4.13	70	98.93
689	142.44	159.26	73	72.89
690	48.76	64.59	71	62.28
691	75.16	159.48	73	64.46
Drivers: 0
id	x	y	end	sensitivity
Period: 70
Tasks:6
id	x	y	end	c
692	68.85	30.26	73	76.38
693	55.61	149.49	74	66.48
694	39.52	72.13	73	66.59
695	57.21	160.79	74	74.34
696	81.78	122.71	75	29.12
697	119.46	84.29	72	25.01
Drivers: 4
id	x	y	end	sensitivity
350	74.21	42.99	70	1.04
351	120.81	157.53	72	0.67
352	163.1	25.14	72	1.53
353	193.19	197.53	72	1.35
Period: 71
Tasks:7
id	x	y	end	c
698	51.03	23.11	77	91.16
699	183.86	69.71	71	89.16
700	64.25	109.18	75	36.91
701	49.26	11.96	72	101.61
702	75.28	119.95	75	31.77
703	167.52	129.28	73	73.6
704	4.41	196.68	73	135.96
Drivers: 1
id	x	y	end	sensitivity
354	162.92	179.3	71	1.45
Period: 72
Tasks:14
id	x	y	end	c
705	26.75	127.57	75	78.27
706	160.65	159.79	73	85.17
707	175.33	135.19	75	83.14
708	182.28	37.48	79	103.34
709	6.37	197	76	134.82
710	108.48	173.76	74	74.25
711	53.74	9.53	76	101.61
712	155.42	109.89	76	56.3
713	48.21	182.96	75	97.8
714	5.38	49.78	75	107.12
715	15.67	163.81	75	105.75
716	69.77	174.13	79	80.06
717	104.64	151.46	78	51.67
718	51.33	31.44	76	84.08
Drivers: 4
id	x	y	end	sensitivity
355	58.52	16.29	73	1.61
356	176.3	24.68	72	1.01
357	75.19	91.43	75	1.13
358	124.06	116.74	73	0.95
Period: 73
Tasks:17
id	x	y	end	c
719	151.09	51	75	70.79
720	36.41	132.65	75	71.48
721	83.48	164.58	78	66.66
722	138.56	143.02	78	57.77
723	30.34	158.51	76	90.97
724	100.21	105.08	78	5.08
725	84.67	80.12	81	25.1
726	142.9	72.03	74	51.21
727	98.85	174.87	77	74.88
728	90.35	13.74	75	86.8
729	149.7	83.1	77	52.49
730	42.63	171.18	77	91.42
731	93.57	18.74	78	81.51
732	175.47	66.28	75	82.66
733	178.48	126.96	76	82.98
734	40.07	101.48	73	59.95
735	67.39	93.8	73	33.19
Drivers: 8
id	x	y	end	sensitivity
359	104.4	42.39	75	1.14
360	88.96	17.68	74	1.41
361	88.83	42.81	73	1.27
362	91.88	83.02	73	1.5
363	53.54	146.05	74	0.76
364	177.95	73.87	74	1.16
365	164.66	170.79	76	0.7
366	169.33	42.31	73	0.77
Period: 74
Tasks:7
id	x	y	end	c
736	110.91	171.59	79	72.42
737	74.21	62.68	75	45.36
738	164.46	93.08	76	64.83
739	124.38	197.28	80	100.29
740	141.54	35.17	74	77
741	6.05	120.6	77	96.18
742	73.73	19.12	74	85.04
Drivers: 9
id	x	y	end	sensitivity
367	80.79	146.52	74	1.74
368	109.32	62.54	75	0.87
369	198.2	1.59	74	1.22
370	20.74	140.07	74	0.56
371	86.84	42.49	75	1.45
372	80.96	139.04	75	0.85
373	116.47	130.46	75	0.83
374	47.72	45.56	75	0.67
375	93.44	14.43	76	1.95
Period: 75
Tasks:11
id	x	y	end	c
743	139.9	142.51	77	58.3
744	128.57	113.73	76	31.7
745	23.94	4.6	80	122.01
746	74.31	111.13	75	28
747	7.61	41.88	79	109.15
748	103.27	0.81	76	99.24
749	6.5	77.1	78	96.26
750	77.44	99.33	77	22.57
751	41.12	153.08	78	79.27
752	0.3	160.26	79	116.5
753	129.77	169.49	80	75.6
Drivers: 8
id	x	y	end	sensitivity
376	3.23	69.6	76	1.75
377	190.07	153.55	75	1.87
378	151.57	98.37	75	1.82
379	60.57	83.96	75	0.52
380	23.44	133.86	76	1.36
381	11.87	199.04	76	0.55
382	190.88	160.89	76	0.92
383	165.94	27.56	75	1.32
Period: 76
Tasks:16
id	x	y	end	c
754	190.44	199.06	78	134.14
755	77.67	166.46	80	70.11
756	179.97	24.22	77	110.17
757	27.88	64.27	77	80.49
758	127.4	74.2	81	37.64
759	40.27	197.94	80	114.72
760	26.87	104.37	77	73.26
761	137.56	50.9	77	61.82
762	179.17	119.22	77	81.47
763	47.91	143.94	77	68.15
764	138.05	4.52	82	102.78
765	35.72	162.36	78	89.56
766	161.88	42.37	80	84.56
767	118.72	78.71	77	28.35
768	52.74	81.87	78	50.62
769	89.76	152.43	78	53.42
Drivers: 4
id	x	y	end	sensitivity
384	146.18	37.25	78	1.49
385	107.85	110.33	77	0.87
386	191.45	196.51	76	0.98
387	118.2	37.64	76	0.87
Period: 77
Tasks:10
id	x	y	end	c
770	11.68	151.39	80	102.18
771	173.19	67.41	78	80.12
772	78.21	80.27	77	29.4
773	114.68	168.22	80	69.78
774	111.67	102.94	80	12.03
775	81.84	135.63	79	39.99
776	53.91	122.34	78	51.22
777	15.19	52.6	80	97.16
778	180.47	41.53	79	99.47
779	114.29	158.76	82	60.47
Drivers: 2
id	x	y	end	sensitivity
388	106.92	104.46	77	0.97
389	6.4	164.76	78	1.66
Period: 78
Tasks:10
id	x	y	end	c
780	171.89	12.35	80	113.36
781	86.99	91.49	81	15.55
782	81.8	193.49	83	95.25
783	91.54	170.77	79	71.27
784	51.41	72.73	83	55.72
785	161.28	107.87	79	61.78
786	103.26	180.15	79	80.22
787	184.43	139.28	85	93.12
788	153.4	134.33	83	63.48
789	76.4	97.52	81	23.73
Drivers: 5
id	x	y	end	sensitivity
390	5.8	166.17	78	1.78
391	122.04	26.13	79	0.61
392	48.37	153.98	80	1.1
393	9.9	171.94	80	1.46
394	166.47	107.22	78	1.96
Period: 79
Tasks:8
id	x	y	end	c
790	67.85	135.58	83	47.95
791	44.8	91.53	81	55.85
792	90.71	105.69	88	10.89
793	70.94	39.73	82	66.91
794	116.44	137.69	82	41.12
795	165.83	68.62	80	72.93
796	9.08	157.55	84	107.6
797	43.86	138.84	80	68.27
Drivers: 5
id	x	y	end	sensitivity
395	95.68	114.34	80	0.53
396	72.65	59.5	79	0.6
397	91.35	127.33	80	1.1
398	174.79	0.35	79	0.62
399	81.7	32.34	80	1.53
Period: 80
Tasks:7
id	x	y	end	c
798	70.75	86.64	81	32.16
799	175.15	15.4	82	113.16
800	36.31	121.25	81	67.14
801	34.47	136.27	83	74.9
802	166.74	146.87	83	81.55
803	74.6	117.87	82	31.06
804	122.64	32.81	86	70.9
Drivers: 3
id	x	y	end	sensitivity
400	109.33	156.67	82	1.01
401	137.48	175.53	80	1.45
402	108.35	126.67	81	1.16
Period: 81
Tasks:8
id	x	y	end	c
805	18.03	118.14	84	83.95
806	181.67	37.96	83	102.56
807	133.72	40.1	84	68.74
808	179.01	158.11	83	98.08
809	130.83	182.35	83	87.93
810	198.41	131.26	82	103.26
811	42.21	162.15	82	84.87
812	43	59.22	85	70.09
Drivers: 3
id	x	y	end	sensitivity
403	140.9	179.83	82	0.85
404	62.14	111.56	82	0.95
405	22.25	161.72	81	0.83
Period: 82
Tasks:16
id	x	y	end	c
813	131	111.01	88	32.9
814	24.44	128.49	84	80.75
815	37.83	31.71	85	92.35
816	40.56	116.28	84	61.63
817	100.43	102.06	87	2.1
818	129.72	75.96	85	38.23
819	185.96	9.62	87	124.73
820	92.67	104.88	83	8.81
821	190.78	86.31	84	91.81
822	165.78	104.8	83	65.95
823	68.89	167.32	87	74.16
824	21.44	169.97	84	105.2
825	189.4	61.79	86	97.22
826	75.29	7.11	87	96.12
827	1.99	100.88	82	98.01
828	48.48	42.19	85	77.44
Drivers: 6
id	x	y	end	sensitivity
406	152.47	21.03	82	1.78
407	25.29	86.18	82	1.06
408	141.18	12.62	86	1.08
409	87.96	90.68	85	0.62
410	21.33	59.81	82	1.41
411	190.23	86.27	82	1.52
Period: 83
Tasks:7
id	x	y	end	c
829	151.34	71.27	85	58.83
830	93.06	120.67	84	21.8
831	115.9	122.97	86	27.94
832	57.73	20.85	86	89.73
833	127.57	28.32	87	76.8
834	65.93	145.12	84	56.54
835	112.77	27.9	85	73.22
Drivers: 5
id	x	y	end	sensitivity
412	198.83	107.35	85	1.55
413	9.99	156.29	83	0.58
414	83.26	165.88	84	1.84
415	198.72	186.99	84	1.99
416	57.74	52.98	83	1.56
Period: 84
Tasks:5
id	x	y	end	c
836	155.61	67.41	87	64.46
837	71.68	24	87	81.11
838	51.34	72.21	85	56.04
839	108.08	161.46	88	61.99
840	92.98	132.06	86	32.82
Drivers: 4
id	x	y	end	sensitivity
417	117.58	69.22	85	0.98
418	120.82	187.71	84	0.74
419	170.36	127.82	85	1.97
420	71.91	25.99	85	1.72
Period: 85
Tasks:14
id	x	y	end	c
841	157.88	85.02	88	59.79
842	168.06	98.22	87	68.08
843	167.67	119.92	87	70.54
844	20.2	84.63	86	81.27
845	123.18	195.23	90	98.01
846	178.18	45.69	88	95.19
847	35.03	37.39	90	90.23
848	13.72	180.68	89	118.12
849	188.96	123.23	86	91.94
850	188.91	133.26	88	94.93
851	135.67	3.38	86	102.99
852	31.93	71.94	87	73.63
853	85.51	142.6	86	45
854	105.81	123.06	91	23.78
Drivers: 3
id	x	y	end	sensitivity
421	7.81	62.12	86	1.1
422	9.25	52.61	87	1.37
423	69.98	26.43	85	1.06
Period: 86
Tasks:7
id	x	y	end	c
855	67.73	120.77	88	38.38
856	175.41	83.04	88	77.29
857	98.29	101.32	88	2.16
858	187.38	33.06	87	110.07
859	97.59	187.9	87	87.93
860	42.51	71.4	88	64.21
861	70.94	9.57	88	94.98
Drivers: 6
id	x	y	end	sensitivity
424	175.75	143.43	86	1.46
425	100.46	20.48	87	1.89
426	20.04	78.08	86	1.28
427	53.31	27.78	88	1.68
428	147.64	75.89	86	1.86
429	72.4	185.07	86	1.27
Period: 87
Tasks:10
id	x	y	end	c
862	194.81	23.86	89	121.6
863	106.42	126.22	89	26.99
864	170.67	10.74	90	113.85
865	192.63	107.91	91	92.97
866	144.01	101.16	90	44.03
867	148.29	116.55	91	51.05
868	79.42	45.18	88	58.56
869	153.06	120.68	89	56.95
870	107.45	199.32	91	99.6
871	185.1	78.85	89	87.69
Drivers: 8
id	x	y	end	sensitivity
430	46.51	35.12	87	0.54
431	136.93	121.87	88	1.16
432	172.21	4.79	87	1.07
433	186.07	144.72	88	0.95
434	132.47	161.07	87	0.95
435	51.84	24.08	89	1.08
436	56.64	181.02	88	1.96
437	38.33	31.33	87	1.54
Period: 88
Tasks:10
id	x	y	end	c
872	104.87	27.96	91	72.2
873	86.01	92.8	90	15.73
874	109.74	114.47	91	17.44
875	2.4	82.68	88	99.12
876	164.69	59.46	91	76.34
877	45.23	155.91	92	78.27
878	144.21	58.33	89	60.75
879	48.26	123.91	89	57
880	68.94	102.45	89	31.16
881	117.14	20.22	90	81.6
Drivers: 6
id	x	y	end	sensitivity
438	190.35	48.59	91	1.09
439	160.53	102.27	88	1.49
440	58.11	110.94	88	1.01
441	144.93	50.57	88	1.91
442	102.62	141	90	1.07
443	12.09	195.52	88	1.45
Period: 89
Tasks:8
id	x	y	end	c
882	167.5	45.42	92	86.81
883	74.6	148.03	95	54.33
884	22.7	0.23	93	126.21
885	1.31	74.92	89	101.83
886	33.28	127.24	91	72.07
887	70.12	190.05	96	94.88
888	176.55	174.16	92	106.58
889	23.87	152.26	92	92.34
Drivers: 4
id	x	y	end	sensitivity
444	118.11	82.34	90	1.43
445	44.77	197.72	90	1.03
446	105.93	199.66	89	0.69
447	105.86	60.07	89	1.27
Period: 90
Tasks:10
id	x	y	end	c
890	121.49	86.82	94	25.21
891	14.51	11.02	94	123.39
892	74.36	13.95	96	89.79
893	147.8	96.13	92	47.96
894	143.44	193.15	92	102.78
895	78.62	159.71	92	63.42
896	92.48	48.75	93	51.8
897	111.11	73.73	92	28.52
898	123.78	91.28	95	25.33
899	186.93	49.63	92	100.47
Drivers: 3
id	x	y	end	sensitivity
448	127.33	143.15	90	1.9
449	51.23	135.03	92	1.48
450	33.6	83.59	91	1.98
Period: 91
Tasks:8
id	x	y	end	c
900	43.95	16.79	91	100.33
901	169.37	178.62	97	104.85
902	93.59	113.72	93	15.14
903	67.41	26.72	92	80.2
904	102.38	166.23	92	66.27
905	153.17	121.34	95	57.29
906	65.7	195.87	97	101.82
907	162.79	119.27	96	65.68
Drivers: 4
id	x	y	end	sensitivity
451	38.56	194.89	92	1.48
452	90.14	37.96	92	0.81
453	16.68	89.78	92	1.18
454	104.82	47.43	93	0.67
Period: 92
Tasks:9
id	x	y	end	c
908	113.57	53.56	96	48.38
909	134.13	35.93	96	72.59
910	188.38	170.08	95	112.79
911	24.2	99.14	93	75.8
912	156.43	112.45	97	57.79
913	173.7	114.73	98	75.16
914	129.29	44.52	97	62.74
915	94.05	185.8	97	86.01
916	98.29	0.12	96	99.89
Drivers: 2
id	x	y	end	sensitivity
455	143.51	162.08	94	1.94
456	147.52	30.08	94	1.96
Period: 93
Tasks:8
id	x	y	end	c
917	64.73	27.23	95	80.87
918	117.92	75.93	95	30.01
919	98.71	41.91	96	58.1
920	20.64	82.02	96	81.37
921	174.16	115.59	96	75.78
922	49.79	182.5	96	96.58
923	168.93	99.42	95	68.93
924	39.84	151	99	78.87
Drivers: 9
id	x	y	end	sensitivity
457	18.17	67.31	93	0.92
458	2.14	19.34	94	1.48
459	27.46	58.1	94	1.42
460	52.83	86.99	94	1.88
461	93.58	22.67	93	1.85
462	123.01	72.41	94	1.34
463	165.47	127.31	94	1.47
464	64.28	44.51	93	1.85
465	94.91	148.27	95	1.9
Period: 94
Tasks:8
id	x	y	end	c
925	59.78	32.71	98	78.39
926	115.69	68.88	100	34.85
927	167.88	129.93	99	74.19
928	44.38	72.01	96	62.27
929	70.93	36.13	95	70.17
930	25.42	35.01	96	98.92
931	187.51	107.99	101	87.87
932	40.11	170.88	99	92.79
Drivers: 5
id	x	y	end	sensitivity
466	9.12	118.26	96	1.92
467	139.77	8.79	97	0.64
468	95.46	61.21	95	0.87
469	6.35	24.21	94	1.53
470	144.3	114.55	95	1.27
Period: 95
Tasks:20
id	x	y	end	c
933	61.07	188.92	98	97.07
934	17.26	25.62	99	111.26
935	170.9	137.7	98	80.3
936	108.8	137.31	98	38.33
937	14.21	10.3	97	124.12
938	31.6	74.36	99	73.05
939	131.31	123.89	98	39.38
940	186.22	183.38	97	119.94
941	144.24	158.36	97	73.23
942	151.82	130.97	96	60.37
943	161.32	117.73	98	63.83
944	172.4	94.86	99	72.58
945	14.24	109.63	100	86.3
946	38.12	1.97	99	115.93
947	106.52	126.56	97	27.35
948	55.41	28.48	97	84.28
949	177.09	104.77	97	77.24
950	51.62	153.46	96	72.1
951	120	65	99	40.31
952	147.27	160.05	97	76.42
Drivers: 8
id	x	y	end	sensitivity
471	71.73	180.28	98	1.69
472	99.87	185.83	95	2
473	110.66	80.32	96	0.51
474	123.75	153.52	95	1.66
475	73.03	55.89	95	0.83
476	27.82	65.31	95	0.89
477	60.76	120.85	95	1.38
478	39.39	189.71	96	1.48
Period: 96
Tasks:7
id	x	y	end	c
953	16.28	150.25	99	97.64
954	13.58	137.65	101	94.27
955	76.99	178.71	104	82
956	5.47	62.99	106	101.52
957	15.78	98.25	98	84.24
958	98.18	166.78	99	66.8
959	164.08	79.82	100	67.18
Drivers: 5
id	x	y	end	sensitivity
479	73.32	179.45	97	0.68
480	60.78	192.61	98	1.7
481	44.71	1.86	99	0.59
482	136.25	72.77	97	1.79
483	110.23	167.54	96	1.43
Period: 97
Tasks:9
id	x	y	end	c
960	195.48	30.06	101	118.36
961	29.06	129.12	97	76.68
962	184.55	92.54	100	84.88
963	166.47	192.35	99	113.78
964	121.7	0.51	102	101.83
965	59.99	136.9	98	54.43
966	116.7	61.42	98	42.04
967	17.49	184.08	100	117.8
968	180.61	199.94	99	128.4
Drivers: 3
id	x	y	end	sensitivity
484	22.47	128.24	100	0.99
485	109.57	113.24	97	1.17
486	102.79	187.84	98	0.89
Period: 98
Tasks:13
id	x	y	end	c
969	62.74	172.08	99	81.14
970	197.94	24.92	98	123.41
971	78.03	58.96	100	46.55
972	83.54	52.71	100	50.07
973	136.19	5.91	104	100.81
974	34.73	47.92	103	83.5
975	136.1	126.24	100	44.63
976	158.88	79.92	103	62.21
977	133.38	22.03	99	84.81
978	171.23	29.11	99	100.49
979	2.7	90.99	102	97.72
980	110.98	110.67	100	15.31
981	180.7	62.28	99	89.08
Drivers: 4
id	x	y	end	sensitivity
487	142.9	11.05	98	1.02
488	161.48	110.43	99	1.29
489	65.45	117.12	98	0.87
490	6.95	198.14	102	1.93
Period: 99
Tasks:12
id	x	y	end	c
982	7.65	164.14	102	112.44
983	110.2	33.35	99	67.43
984	25.63	134.81	102	82.11
985	56.11	43.01	102	71.93
986	53.12	63.3	102	59.54
987	115.39	127.47	106	31.49
988	136.8	155.91	102	66.93
989	40.76	178.87	102	98.64
990	32.48	85.59	101	69.04
991	41.61	128.8	104	65.11
992	156.12	59.95	102	68.95
993	77.11	104.17	100	23.27
Drivers: 6
id	x	y	end	sensitivity
491	59.62	132.64	99	0.58
492	83.12	195.15	102	0.64
493	187.57	71.22	100	1.32
494	169.72	31.23	99	0.65
495	46.11	100.46	99	1.04
496	34.49	154.28	100	1.2
Period: 100
Tasks:14
id	x	y	end	c
994	66.74	73.11	102	42.77
995	147.98	91.38	104	48.75
996	150.32	90.77	103	51.16
997	43.09	192.7	105	108.78
998	46.19	96.62	107	53.92
999	64.55	129.29	105	45.98
1000	8.27	73.46	103	95.49
1001	55.07	123.02	102	50.48
1002	197.45	182.28	102	127.54
1003	22.55	37.2	103	99.71
1004	82.54	192.9	101	94.53
1005	153.34	111.58	104	54.58
1006	174.72	112.9	102	75.83
1007	66.34	80.13	100	39.09
Drivers: 6
id	x	y	end	sensitivity
497	65.05	110.09	102	0.54
498	149.89	12.48	101	1.7
499	141.12	6.04	100	1.03
500	82.19	170.68	102	1.12
501	192.78	185.29	100	1.93
502	187.21	179.34	100	0.85
