Periods: 100
Task Arrival Rate: 10
Task Average Time: 3
Driver Arrival Rate: 15
Driver Average Time: 1
Period: 1
Tasks:24
id	x	y	end	c
1	164.55	131.1	1	71.65
2	159.81	3.84	3	113.24
3	188.12	103.12	3	88.18
4	91.2	141.97	3	42.88
5	83.01	68.53	5	35.76
6	156.42	67.6	3	65.06
7	102.87	124.2	3	24.37
8	143.8	95.15	4	44.07
9	144.1	41.5	5	73.26
10	130.3	127.18	2	40.7
11	197.48	130.41	3	102.11
12	65.58	5.88	2	100.22
13	173.21	2.76	7	121.72
14	52.06	123.13	7	53.23
15	29.82	191.01	4	114.93
16	192.24	71.69	6	96.49
17	128.14	16.89	3	87.74
18	189.21	110.13	4	89.78
19	123.49	96.67	3	23.72
20	188.09	14.51	7	122.75
21	63.66	5.3	3	101.43
22	1.66	95.19	4	98.46
23	169.32	97.69	3	69.36
24	148.61	102.8	3	48.69
Drivers: 9
id	x	y	end	sensitivity
1	89.52	77.9	3	1.21
2	8.55	199.49	2	0.57
3	191.18	64.03	2	1.34
4	188.47	183	1	1.15
5	143.99	87.51	3	1.8
6	3.65	17.36	2	1.08
7	100.67	73.97	1	1.09
8	102.91	149.03	3	1.71
9	179.12	22.49	2	0.74
Period: 2
Tasks:10
id	x	y	end	c
25	36.4	188.16	4	108.71
26	77.79	0.23	7	102.21
27	78.17	138.9	7	44.61
28	76.65	197.15	8	99.92
29	66.72	23.61	4	83.32
30	83.12	47.59	7	55.06
31	21.16	169.75	4	105.27
32	57.42	64.35	6	55.53
33	72.77	18.32	5	86.1
34	92.06	129.05	7	30.12
Drivers: 8
id	x	y	end	sensitivity
10	167.08	136.51	3	1.71
11	128.9	104.01	2	1.63
12	46.83	88.81	2	1.49
13	8.32	78.69	2	1.32
14	89.12	10.82	3	1.51
15	81.3	10.83	6	1.85
16	170.54	162.69	2	0.82
17	48.84	8.13	4	0.98
Period: 3
Tasks:10
id	x	y	end	c
35	26.54	23.87	4	105.79
36	37.85	3.3	5	114.95
37	89.07	73.5	4	28.67
38	32.02	35.64	6	93.61
39	96.42	172.42	5	72.51
40	15.67	25.57	3	112.48
41	19.21	185.47	3	117.61
42	197.79	57.51	3	106.62
43	78.37	74.97	6	33.08
44	133.9	15.78	4	90.79
Drivers: 10
id	x	y	end	sensitivity
18	49.33	4.56	6	1.67
19	12.02	133.41	3	1.59
20	187.02	171.65	4	0.51
21	28.42	80.64	5	0.84
22	22.61	177.37	4	1.71
23	188.36	50.5	4	0.8
24	199.96	40.19	3	1.93
25	178.08	187.89	4	0.53
26	151.73	187.6	3	1.74
27	69.5	108.68	6	0.71
Period: 4
Tasks:8
id	x	y	end	c
45	79.11	146.39	7	50.88
46	89.78	177.86	4	78.53
47	188.78	25.63	10	115.81
48	141.8	142.4	9	59.54
49	48.82	187.02	7	100.95
50	121.45	131.02	6	37.71
51	166.57	21.25	9	103.12
52	27.17	187.21	8	113.62
Drivers: 13
id	x	y	end	sensitivity
28	166.8	9.23	6	1.52
29	111.17	113.05	6	1.42
30	171.52	182.04	4	1.46
31	12.18	36.21	7	0.97
32	167.29	139.85	4	1.72
33	160.45	79.1	6	1.01
34	91.21	101.3	5	1.85
35	97.34	198.69	5	1.07
36	92.22	34.26	4	1.03
37	39.6	120.21	7	0.81
38	132.57	9.06	6	1.51
39	138.1	194.87	6	0.71
40	14.45	117.04	7	1.95
Period: 5
Tasks:11
id	x	y	end	c
53	132.32	54.11	8	56.13
54	104.54	127.19	8	27.57
55	155.65	149.34	10	74.37
56	76.5	97.25	8	23.66
57	187.3	143.58	10	97.57
58	151.72	188.24	7	102.28
59	187.75	188.8	9	124.84
60	130.66	178.3	7	84.09
61	32.99	81.06	6	69.64
62	127.4	121.06	8	34.56
63	32.04	128.31	5	73.62
Drivers: 13
id	x	y	end	sensitivity
41	171.02	129.6	5	0.98
42	185.57	46.14	5	0.9
43	175.21	14.34	6	0.84
44	45.66	140.32	6	1.46
45	79.35	145.8	6	1.69
46	196.11	112.47	5	1.08
47	69.83	86.12	6	0.94
48	23.47	81.75	5	1.16
49	34.71	27.22	5	0.67
50	69.91	30.18	8	1.68
51	111.84	145.84	7	1.41
52	176.68	174.8	6	1.19
53	70.13	187.13	6	0.88
Period: 6
Tasks:11
id	x	y	end	c
64	22.86	195.78	12	122.98
65	55.82	189.11	10	99.46
66	89.45	30.93	10	69.87
67	161.96	131.54	7	69.53
68	189.24	101.19	6	89.25
69	115.46	92.42	10	17.22
70	68.81	179.83	8	85.71
71	122.48	145.61	9	50.85
72	177.96	85.24	9	79.34
73	18.94	160.87	9	101.37
74	103.49	10.96	6	89.11
Drivers: 12
id	x	y	end	sensitivity
54	175.8	53.04	8	1.47
55	36.49	53.83	7	0.65
56	194.22	30.61	6	1.54
57	94.71	25.2	7	0.61
58	169.65	10.54	7	1.07
59	118.15	14.21	6	0.71
60	20.64	139.59	9	1.36
61	118.33	83.29	7	1.13
62	18.77	106.07	6	0.96
63	100.07	178.76	8	0.72
64	120.55	115.99	7	1.62
65	157.73	25.86	8	1.55
Period: 7
Tasks:10
id	x	y	end	c
75	67.63	79.06	12	38.55
76	115.6	56.85	11	45.88
77	41.92	123.3	11	62.58
78	155.91	78.92	10	59.75
79	130.1	170.25	10	76.43
80	167.71	132.93	10	75.29
81	154.4	188.14	10	103.58
82	24.93	15.43	9	113.08
83	29.66	173.41	10	101.67
84	120.11	148.87	10	52.85
Drivers: 10
id	x	y	end	sensitivity
66	197.81	155.76	7	1.28
67	75.46	38.29	9	1.83
68	27.92	13.87	8	1.03
69	17.81	10.66	8	0.7
70	192.58	115.73	7	1.32
71	73.99	42.26	9	0.99
72	16.22	47.4	8	0.96
73	5.96	66.98	8	1.85
74	45.55	30.6	8	1.52
75	194.55	134.57	7	1.91
Period: 8
Tasks:13
id	x	y	end	c
85	45.2	194.3	12	109.07
86	85.35	0.16	12	100.91
87	146.46	9.41	10	101.81
88	134.81	157.58	13	67.28
89	59.52	20.32	14	89.37
90	143.72	184.37	9	95.02
91	193.92	104.95	10	94.05
92	117.36	8.47	10	93.16
93	73.75	101.33	12	26.28
94	114.54	33.03	11	68.53
95	91.45	149.61	12	50.34
96	72.44	96.88	13	27.74
97	38.77	26.66	11	95.54
Drivers: 15
id	x	y	end	sensitivity
76	110.84	123.21	10	0.68
77	164.2	192.08	9	1.03
78	139.6	135.61	9	1.39
79	4.79	147.09	10	0.79
80	33.77	25.5	11	1.32
81	183.9	56.51	8	1.94
82	169.74	42.29	9	1.43
83	110.77	79.79	8	1.85
84	186.67	91.63	8	1.12
85	35.23	8.5	10	1.39
86	134.46	35.88	10	1.19
87	131.34	100.86	11	1.86
88	172.17	167.31	9	1.04
89	26.35	137.01	10	1.65
90	196.89	75.92	9	1.43
Period: 9
Tasks:8
id	x	y	end	c
98	82.53	196.36	13	97.93
99	98.71	51.17	11	48.85
100	1.14	188.53	12	132.71
101	80.44	131.38	12	36.98
102	42.05	81.06	15	60.97
103	157.13	68.49	14	65.24
104	39.59	158.64	11	84.19
105	78.9	147.62	13	52.09
Drivers: 12
id	x	y	end	sensitivity
91	16.83	70.14	9	0.83
92	115.82	126.4	10	1.08
93	133.82	11.03	11	1.71
94	151.59	12.26	10	1.33
95	144.92	100.3	10	1.16
96	122.48	101.48	11	1.35
97	163.18	160.58	9	1.4
98	108.8	114.86	10	1.28
99	195.07	65.97	10	0.89
100	55.9	199.6	10	1.27
101	81.23	59.91	9	0.74
102	0.89	111.31	9	1.53
Period: 10
Tasks:3
id	x	y	end	c
106	173.38	105.5	16	73.59
107	190.78	41.08	13	108.22
108	41.45	119.81	11	61.81
Drivers: 16
id	x	y	end	sensitivity
103	107.71	171.38	12	1.7
104	76.97	95.86	10	1.39
105	65.7	189.64	13	1.32
106	55.33	87.38	12	1.84
107	137.11	2.65	11	1.76
108	53.74	144.94	12	0.62
109	153.36	75.21	11	1.84
110	157.88	42.22	10	1.72
111	87.01	181.72	10	1.61
112	45.19	74.95	11	0.58
113	29.8	42.53	10	1.06
114	102.54	0.93	11	0.75
115	186.4	13.61	11	1.47
116	99.78	27.61	10	1.54
117	10.04	100.35	11	1.43
118	92.18	88.46	11	0.79
Period: 11
Tasks:10
id	x	y	end	c
109	67.51	67.25	16	46.13
110	149.22	39.79	16	77.77
111	107.3	192.38	15	92.67
112	17.6	189.83	13	121.9
113	33.61	86.81	14	67.69
114	45.18	96.8	12	54.91
115	69.65	150.24	12	58.7
116	170.63	60.96	17	80.7
117	65.57	26.63	14	81.05
118	130.32	185.76	14	90.96
Drivers: 16
id	x	y	end	sensitivity
119	167.43	161.94	12	1.12
120	24.58	56.36	12	1.5
121	156.26	60.19	12	1.52
122	73.23	193.98	11	1.71
123	30.16	198.5	12	1.61
124	45.75	90.96	12	1.11
125	43.06	64.57	11	0.87
126	76.63	167.91	11	1.07
127	66.26	121.2	13	0.75
128	34.72	178.55	11	1.33
129	187.71	69.9	12	1.52
130	152.47	135.39	12	1.91
131	31.83	48.64	11	0.68
132	88.56	66.05	12	1.33
133	119.95	38.69	12	0.57
134	196.2	85.47	12	1.81
Period: 12
Tasks:11
id	x	y	end	c
119	142.73	32.14	14	80.19
120	144.3	132.3	13	54.82
121	98.86	156.26	15	56.27
122	10.73	123.23	14	92.24
123	7.1	153.22	14	107.06
124	93.43	177.03	13	77.31
125	12.92	166.36	13	109.48
126	165.86	18.12	18	105.08
127	182.83	32.18	13	107.05
128	107.29	54.47	13	46.11
129	173.62	103.04	13	73.68
Drivers: 13
id	x	y	end	sensitivity
135	36.32	135.07	12	1.34
136	143.83	110.11	15	1.06
137	45.01	136.65	12	1.46
138	163.85	4.54	12	0.65
139	186.7	90.56	13	1.19
140	140.03	167.83	12	0.79
141	182.85	104.72	12	1.39
142	161.61	190.56	12	1.12
143	149.94	152.14	14	1.32
144	71.65	106.35	14	0.68
145	65.73	27.96	13	1.54
146	97.95	141.13	12	1.25
147	69.35	158.88	12	1.31
Period: 13
Tasks:9
id	x	y	end	c
130	72.03	108.74	17	29.3
131	32.32	178.65	14	103.76
132	97.53	170.36	13	70.4
133	40.88	140.1	15	71.44
134	133.29	40.77	17	67.94
135	164.49	92.73	14	64.9
136	109.56	105.74	15	11.15
137	111.07	53.73	16	47.58
138	83.71	28.57	15	73.26
Drivers: 10
id	x	y	end	sensitivity
148	93.85	175.96	14	1.28
149	96.78	98.84	15	1.33
150	29.4	28.54	13	1.78
151	48.97	10.3	13	1.2
152	32.36	126.65	14	0.54
153	23.31	109.46	14	1.69
154	79.01	1.41	15	1.3
155	121.7	121.76	15	1.69
156	119.74	34.65	15	1.12
157	107.57	37.43	14	1.03
Period: 14
Tasks:11
id	x	y	end	c
139	10.62	43.12	18	105.94
140	168.51	93.28	16	68.84
141	17.61	152.12	19	97.49
142	109.16	125.51	17	27.1
143	41.41	121.67	15	62.47
144	90.41	157.77	17	58.56
145	74.23	69.1	16	40.24
146	3.31	72.41	16	100.55
147	129.23	133.25	18	44.27
148	178.61	8.31	15	120.77
149	18.31	81.94	17	83.66
Drivers: 17
id	x	y	end	sensitivity
158	43.39	22.11	15	1.43
159	86.32	146.96	14	0.87
160	101.17	86.34	19	1.78
161	60.03	44.43	14	1.57
162	92.37	101.42	14	1.93
163	192.08	17.02	15	1.9
164	180.96	135.97	15	0.98
165	191.34	66.49	15	0.8
166	25.87	172.11	15	0.94
167	101.52	190.87	14	1.85
168	105.49	69.54	16	1.29
169	42.83	180.08	16	1.34
170	151	84.79	14	1.59
171	12.37	17.69	14	0.74
172	82.65	88.61	15	1.46
173	90.42	96.22	14	1.31
174	66.16	106.16	15	0.93
Period: 15
Tasks:8
id	x	y	end	c
150	22.08	172.59	18	106.49
151	157.04	114.65	19	58.89
152	46.14	141.14	18	67.77
153	93.19	169.35	18	69.68
154	1.28	40.87	15	115.07
155	67.49	177.68	16	84.21
156	43.23	26.46	22	92.9
157	148.18	151.07	16	70.21
Drivers: 11
id	x	y	end	sensitivity
175	82.19	182.79	15	0.63
176	48.25	18.75	15	0.51
177	31.67	168.58	15	1.27
178	188.06	143.64	15	1.19
179	46.51	21.12	16	1.09
180	62.69	193.49	15	1.06
181	171.63	160.76	18	1.28
182	76.08	55.57	15	1.53
183	168.09	25.47	16	1.19
184	104.59	2.05	16	1.73
185	129.89	116.91	17	1.1
Period: 16
Tasks:12
id	x	y	end	c
158	62.25	5.15	17	102.09
159	143.51	70.64	19	52.49
160	188.35	191.43	17	127.14
161	12.02	80.87	20	90.04
162	3.62	160.65	22	113.88
163	186.81	187.03	20	122.92
164	83.36	46.51	19	56.02
165	158.93	153.5	18	79.59
166	44.92	188.85	16	104.54
167	45.03	186.18	18	102.22
168	74.5	100.38	19	25.5
169	10.73	186.97	19	124.63
Drivers: 13
id	x	y	end	sensitivity
186	108.42	161.78	16	0.78
187	97.61	173.38	18	1.55
188	127.72	29.73	16	1.16
189	175.06	101.22	21	1.82
190	118.12	58.32	18	0.7
191	184.2	38.3	16	1.97
192	152.21	190.26	16	0.79
193	149.3	47.41	17	0.94
194	110.76	87.84	16	0.67
195	183.67	80.51	16	0.99
196	98.17	131.5	16	1.79
197	116.62	162.68	16	1.35
198	156.32	178.6	19	0.63
Period: 17
Tasks:7
id	x	y	end	c
170	196.86	34.44	24	116.96
171	154.7	151.3	20	74.99
172	130.93	79.47	20	37.12
173	129.44	110.21	19	31.16
174	109.14	78.39	19	23.46
175	159.56	46.08	20	80.34
176	74.55	48.4	18	57.53
Drivers: 16
id	x	y	end	sensitivity
199	62.63	38.76	18	1.95
200	27.49	102.82	17	1.82
201	131.75	74.02	19	1.75
202	16.29	19.52	18	0.5
203	102.98	42.18	19	0.69
204	103.06	78.26	19	1.3
205	144.56	83.52	19	0.84
206	166.52	56.61	20	0.55
207	146.71	68.91	18	1.19
208	13.44	100.59	17	0.85
209	69.86	82.55	18	1.65
210	156.56	123.98	20	0.93
211	124.81	5.95	17	0.59
212	90.24	46.59	20	1.97
213	63.25	36.03	17	0.86
214	87.56	129.06	17	0.72
Period: 18
Tasks:10
id	x	y	end	c
177	155.86	145.02	19	71.74
178	179.52	156.53	19	97.57
179	118.06	51.21	19	52.03
180	58.02	159.34	21	72.69
181	198.75	105.69	20	98.91
182	89.17	27.4	21	73.4
183	76.57	45.27	20	59.53
184	177.18	131.29	20	83.28
185	44.95	105.27	19	55.3
186	192.68	12.21	22	127.66
Drivers: 9
id	x	y	end	sensitivity
215	147.9	135.3	20	1.49
216	43.1	135.63	19	1.58
217	92.38	142.63	19	1.36
218	70.43	92.98	19	1.21
219	44.63	33.34	18	1.15
220	58.8	188.17	19	0.87
221	98.73	30.79	18	1.38
222	89.01	129.34	19	1.74
223	163.56	129.01	19	1.01
Period: 19
Tasks:10
id	x	y	end	c
187	85.8	28.6	22	72.8
188	64.57	91.14	21	36.52
189	89.25	70.34	23	31.55
190	132.71	183.63	22	89.8
191	6.29	40.61	22	110.94
192	12.08	87.75	22	88.77
193	24.15	76.78	23	79.32
194	187.5	29.27	24	112.51
195	66.7	140.02	23	52.06
196	79	44.65	23	59.2
Drivers: 21
id	x	y	end	sensitivity
224	134.34	178.61	21	1.39
225	102.47	156.08	20	1.5
226	52.71	187.81	19	1.12
227	184.52	164.15	20	0.63
228	69.39	6.4	21	0.7
229	168.68	141.16	20	1.63
230	131.74	103.26	21	1.47
231	184.49	184.64	20	1.72
232	157.07	179.04	19	1.59
233	81.1	5.66	21	1.5
234	185.33	63.38	19	1.07
235	28.25	90.19	20	1.88
236	164.85	114.44	19	1.63
237	154.8	0.2	19	1.22
238	59.5	92.07	20	0.73
239	93.92	193.58	20	1.83
240	147.73	35.06	19	1.89
241	188.96	117.89	19	1.54
242	139.47	102.79	19	1.78
243	51.59	144.87	19	0.62
244	190.81	88.42	20	0.53
Period: 20
Tasks:3
id	x	y	end	c
197	62.58	131.36	22	48.82
198	127.17	185.84	22	90.04
199	112.74	175.38	22	76.45
Drivers: 20
id	x	y	end	sensitivity
245	36.29	188.47	22	1.26
246	124.7	79.78	20	1.17
247	96.1	7.24	21	0.89
248	103.01	77.79	20	1.02
249	145.14	40.88	21	1.14
250	172.62	191.83	21	0.53
251	63.49	146.42	21	0.57
252	116.72	90.23	20	1.26
253	43.91	48.03	20	0.72
254	160.83	40.53	21	1.97
255	115.54	15.54	20	0.67
256	67.54	49.83	21	0.66
257	42.08	129.88	20	0.9
258	29.75	168.88	21	0.68
259	177.61	2.53	20	0.55
260	48.67	75.67	21	1.94
261	164.26	124.16	21	1.83
262	170.89	86.6	20	0.64
263	120.62	184.16	20	1.99
264	74.58	147.9	20	1.15
Period: 21
Tasks:6
id	x	y	end	c
200	80.87	80.33	24	27.44
201	157.47	54.99	24	73
202	84.32	85.61	26	21.28
203	161.29	40.52	26	85.41
204	41.78	137.94	23	69.49
205	2.78	105.83	27	97.39
Drivers: 13
id	x	y	end	sensitivity
265	56.5	169.95	21	0.65
266	168.69	90.91	21	1.98
267	48.39	22.67	21	1.76
268	168.61	104.38	21	1.08
269	2.09	184.94	21	1.52
270	184.84	25.11	22	0.65
271	89.77	115.81	23	1.71
272	168.3	163.38	22	1.88
273	11.23	82.19	21	1.75
274	12.13	37.33	22	0.68
275	43.35	184.92	23	1.08
276	94.86	181.21	22	1.6
277	2.94	112.09	21	1.58
Period: 22
Tasks:7
id	x	y	end	c
206	120.78	126.69	25	33.83
207	53.55	162.23	24	77.65
208	97.68	94.86	26	5.64
209	1.79	153.95	26	112.05
210	129.84	136.4	26	47.07
211	119.09	96.97	25	19.33
212	183.17	156.49	26	100.54
Drivers: 13
id	x	y	end	sensitivity
278	161.04	175.76	23	1.8
279	36.85	197.06	22	1.25
280	91.97	70.32	22	0.69
281	188	52.92	23	1.39
282	149.92	193.37	24	1.11
283	142.13	58.46	25	0.93
284	150.71	110.77	23	1.58
285	110.33	8.39	25	0.76
286	168.7	104	25	1.86
287	173.65	169.23	22	1.64
288	13.01	52.08	22	1.57
289	118.78	69.2	23	1.78
290	44.85	194.44	24	1.21
Period: 23
Tasks:14
id	x	y	end	c
213	55.76	121.83	25	49.33
214	141.52	35.92	26	76.36
215	77.47	47.96	26	56.71
216	181.63	33.79	27	105.11
217	4.56	191.08	25	131.93
218	159.64	180.7	28	100.35
219	112.21	41.45	25	59.81
220	44.72	94.78	30	55.53
221	91.45	105.31	24	10.06
222	133.87	103.8	26	34.08
223	153.21	24.22	25	92.6
224	104.4	77.12	27	23.3
225	75.09	89.24	27	27.13
226	45.97	27.82	24	90.16
Drivers: 16
id	x	y	end	sensitivity
291	96.27	146.88	25	1.14
292	108.07	133.67	23	1.96
293	7.38	84.88	26	1.97
294	103.67	141.23	23	1.58
295	6.68	119.37	24	0.51
296	26.67	21.96	24	0.77
297	194.16	171.18	25	1.35
298	49.6	132.02	24	1.23
299	190.88	83.23	25	1.32
300	67.85	194.63	24	1.83
301	183.78	188.55	23	1.22
302	1	12.18	23	0.87
303	23.77	44.81	24	0.94
304	84.77	5.53	23	0.86
305	90.75	168.29	23	1.34
306	185.98	82.64	23	0.9
Period: 24
Tasks:12
id	x	y	end	c
227	79.97	168.48	29	71.35
228	25.91	176.91	25	106.79
229	162.56	152.05	29	81.38
230	33.34	62.81	25	76.33
231	178.98	54.23	27	91.28
232	191.79	107.58	29	92.1
233	140.07	0.95	26	106.85
234	10.27	82.87	28	91.35
235	36.14	190.69	29	110.92
236	48.56	91.65	30	52.11
237	68.66	91.54	26	32.46
238	53.72	58.1	25	62.43
Drivers: 15
id	x	y	end	sensitivity
307	116.05	196.15	25	1.22
308	65.2	22.55	25	1.05
309	111.26	59.66	24	0.78
310	192	162.69	26	0.64
311	96.82	177.92	27	1.28
312	109.55	74.51	24	1.59
313	176.63	40.98	24	1
314	43.37	165.62	24	0.86
315	194.45	84.19	25	1.92
316	151.82	104.04	24	1.3
317	181.25	28.94	24	1.03
318	102.46	179.8	24	1.79
319	39.76	168.73	25	1.36
320	193.43	189.33	25	1.44
321	128.97	97.51	26	0.6
Period: 25
Tasks:9
id	x	y	end	c
239	93.69	118.46	28	19.51
240	197.56	119.97	31	99.58
241	74.27	176.08	26	80.31
242	38.94	104.19	28	61.2
243	106.92	128.77	29	29.59
244	88.88	165.25	30	66.19
245	110.88	41.22	26	59.78
246	58.02	107.57	25	42.66
247	153.17	49.92	29	73.04
Drivers: 14
id	x	y	end	sensitivity
322	1.49	186.38	25	1.25
323	87.7	131.73	27	1.96
324	68.58	22.8	28	0.99
325	166.85	115.69	25	0.84
326	39.97	117.94	26	1.19
327	82.42	42.66	26	1.11
328	38.43	33.12	27	1.61
329	157.43	181.09	26	0.9
330	67.07	148.5	28	1.4
331	76.95	124.11	26	1.54
332	69.72	75.41	26	1.55
333	90.59	142.25	25	1.07
334	110.73	58.62	25	1.7
335	119.68	1.62	26	1.1
Period: 26
Tasks:12
id	x	y	end	c
248	60.84	172.09	30	82.04
249	181.9	142.21	28	92.14
250	103.33	72.62	30	27.58
251	101.71	163.25	29	63.27
252	93.17	93.22	29	9.62
253	161.92	171.16	27	94.33
254	52.55	189.31	29	101.13
255	197.9	50.54	28	109.68
256	66.1	56.15	28	55.43
257	83.23	171.78	32	73.71
258	62.24	61.75	31	53.75
259	169.61	11.25	32	112.79
Drivers: 17
id	x	y	end	sensitivity
336	23	120.28	28	0.66
337	161.76	84.55	26	1.58
338	45.28	10.45	26	0.69
339	17.37	142.39	27	1.22
340	175.81	42.13	28	0.99
341	156.62	151.49	29	1.07
342	106.57	103.83	27	1.13
343	169.2	54.02	26	0.82
344	193.57	81.48	28	0.89
345	111.66	145.8	29	1.31
346	187.62	134.46	27	1.46
347	59.14	117.63	27	1.91
348	125.63	56.95	26	0.5
349	183.98	68.08	27	1.63
350	78.88	64.36	26	1.14
351	126.5	189.74	27	1.86
352	98.11	181.09	27	0.97
Period: 27
Tasks:10
id	x	y	end	c
260	118.25	80.47	30	26.73
261	167.75	67.54	32	75.12
262	184.14	178.47	29	115.05
263	33.46	148.01	31	82.05
264	150.49	126.55	29	57.05
265	10.9	60.55	31	97.44
266	33.36	88.72	29	67.59
267	173	51.09	27	87.87
268	190.86	177.21	30	119.23
269	136.04	181.34	29	88.97
Drivers: 16
id	x	y	end	sensitivity
353	126.34	1.56	27	0.79
354	68.56	53.7	27	1.57
355	155.14	81.86	28	1.56
356	77.44	54.13	28	0.74
357	81.72	146.82	28	1.69
358	3.28	60.72	29	1.26
359	180.02	152.46	29	0.85
360	132.79	88.51	28	0.68
361	84.35	15.51	29	0.84
362	21.26	187.96	27	0.56
363	71.56	197.79	29	1.84
364	94.75	154.63	29	1.99
365	68.18	57.63	28	1.48
366	148.46	62.35	28	1.19
367	73.21	92.44	30	1.77
368	72.69	186.94	27	1.44
Period: 28
Tasks:8
id	x	y	end	c
270	177.56	51.68	28	91.38
271	101.88	26.43	29	73.59
272	40.57	170.77	30	92.41
273	88.12	4.91	31	95.83
274	73.48	121.77	32	34.31
275	178.31	90.15	30	78.93
276	116.06	145.12	28	47.89
277	104.78	12.41	31	87.72
Drivers: 11
id	x	y	end	sensitivity
369	147.93	27.26	29	1.23
370	48.75	3.15	30	1
371	19.47	30.33	28	1.3
372	46.21	199.6	28	1.91
373	181.85	83.95	28	1.27
374	132.66	53.31	28	0.72
375	50.03	135.28	30	1.34
376	180.22	132.66	28	0.57
377	121.1	37.26	28	1.32
378	27.02	103.4	28	1.3
379	11.08	20.37	28	0.58
Period: 29
Tasks:5
id	x	y	end	c
278	185.71	72.08	31	90.14
279	94.31	16.9	31	83.29
280	41.02	22.59	34	97.32
281	31.22	30.53	30	97.76
282	8.26	4.43	31	132.48
Drivers: 16
id	x	y	end	sensitivity
380	186.77	43.61	29	0.56
381	25.95	147.79	32	1.82
382	77.43	77.96	30	0.63
383	22.25	50.91	30	1.21
384	57.97	45.65	29	0.51
385	108.29	33.88	30	1.81
386	159.87	157.32	29	0.83
387	139.57	133.29	29	1.83
388	151.6	137.19	29	1.42
389	128.95	73.31	29	1.07
390	83.39	73.13	30	1.58
391	84.34	193.39	30	1.05
392	117.92	133.82	31	1.67
393	67.88	177.19	31	1.88
394	152.35	35.03	31	1.26
395	154.5	27.48	31	1.7
Period: 30
Tasks:9
id	x	y	end	c
283	42.37	109.88	32	58.47
284	87.88	43.65	32	57.64
285	3.43	30.12	33	119.2
286	42.45	187.18	36	104.46
287	170.78	159.82	33	92.67
288	166.27	187.1	32	109.44
289	62.89	45.01	33	66.34
290	106.3	150.26	32	50.65
291	121.26	83.54	31	26.89
Drivers: 17
id	x	y	end	sensitivity
396	110.54	83.4	30	0.92
397	155.03	96.63	30	1.58
398	137.03	113.63	31	1.42
399	86.17	20.1	31	1.89
400	199.12	101.21	34	1.01
401	154.97	114.19	30	1.99
402	185.85	7.47	30	1.36
403	84.73	21.98	33	1.86
404	132.8	144.81	31	0.74
405	110.19	8.75	31	1.32
406	102.29	59.65	31	0.56
407	105.94	79.31	30	1.69
408	169.71	148.62	30	0.57
409	187.63	11.58	30	1.81
410	184.92	162.45	31	1.36
411	32.18	67.11	32	1.67
412	135.75	73.05	31	1.79
Period: 31
Tasks:13
id	x	y	end	c
292	181.78	117.37	31	83.6
293	133.34	7.49	33	98.33
294	46.14	5.03	35	109.18
295	48.25	53.68	34	69.45
296	58.79	100.06	33	41.21
297	65.79	51.64	35	59.24
298	38.87	176.81	31	98.17
299	169.09	121.97	33	72.5
300	16.59	176.83	31	113.4
301	83.25	76.12	36	29.17
302	32.65	88.49	34	68.33
303	25.57	48.64	34	90.43
304	106.76	10.39	31	89.86
Drivers: 15
id	x	y	end	sensitivity
413	18.73	31.39	32	1.45
414	166.27	30.21	33	0.65
415	166.53	176.5	31	0.7
416	136.92	10.52	32	1.81
417	92.9	79.86	31	1.05
418	111.56	96.3	34	1.2
419	145.71	79.8	32	0.73
420	151.16	8.99	31	0.73
421	38.18	66.65	32	1.13
422	185.53	173.44	32	0.8
423	149.58	89.32	33	1.99
424	181.08	190.16	33	0.64
425	79.63	138.64	32	1.74
426	156.91	62.15	31	1.78
427	195.6	14.78	34	1.87
Period: 32
Tasks:5
id	x	y	end	c
305	38.51	17.46	34	102.93
306	147.58	151.05	33	69.79
307	83.55	155.78	37	58.16
308	152.27	56.84	35	67.79
309	99.6	107.52	33	7.53
Drivers: 12
id	x	y	end	sensitivity
428	105.36	57.02	33	1.4
429	169.99	101.42	34	1.08
430	115.75	149.28	34	1.58
431	170.35	81.91	32	1.78
432	146.38	140.62	35	1.05
433	137.03	124.34	32	1.43
434	125.03	98.46	32	1.11
435	183.47	161.45	34	1.28
436	135.29	43.06	33	1.28
437	82.44	32.68	33	1.04
438	129.27	190.68	33	1.56
439	121.91	67.24	35	1.62
Period: 33
Tasks:9
id	x	y	end	c
310	193.48	164.62	38	113.64
311	5.35	96.87	35	94.7
312	192.69	132.57	36	98.25
313	151.88	58.97	36	66.14
314	105.43	190.17	35	90.33
315	119.61	40.12	36	63.01
316	125.55	102	34	25.63
317	48.12	50.4	35	71.78
318	27.8	115.36	39	73.82
Drivers: 17
id	x	y	end	sensitivity
440	178.64	108.4	34	1.77
441	116.54	190.09	34	1.67
442	146.46	166.13	33	0.69
443	92.64	37.8	33	1.99
444	157.95	164.61	35	0.51
445	145.6	42.57	33	1.54
446	55.62	160.62	35	1.13
447	145.9	57.45	36	0.84
448	79.72	162.62	35	1.42
449	64.83	197.06	33	1.4
450	108.83	150.71	34	1.73
451	29.98	163.04	35	1.77
452	113.76	84.64	33	0.82
453	185.23	136.44	33	2
454	142.14	118.33	34	0.58
455	38.92	5.12	33	0.77
456	152.47	183.58	34	1.77
Period: 34
Tasks:15
id	x	y	end	c
319	116.58	8.01	36	93.47
320	25.99	7.06	37	118.81
321	180.07	87.39	39	81.06
322	123.07	176.9	35	80.29
323	51.12	198.65	37	110.1
324	36.85	196.69	39	115.49
325	9.55	175.83	37	118.03
326	199.22	115.74	35	100.46
327	84.04	124.3	35	29.07
328	197.21	171.71	35	120.8
329	43.89	75.71	39	61.14
330	184.31	106.02	36	84.52
331	87.5	75.71	39	27.32
332	82.41	112.14	38	21.37
333	141.68	70.09	37	51.3
Drivers: 14
id	x	y	end	sensitivity
457	162.99	46.69	36	1.7
458	53.16	3.85	34	1.89
459	82.44	61.67	36	1.92
460	139.53	186.02	34	0.7
461	120.27	193.19	35	1.97
462	80.97	37.76	36	1.91
463	62.14	6.55	36	1.95
464	22.6	153.52	37	1.23
465	51.45	45.96	36	0.71
466	186.62	41.3	35	0.52
467	196.04	182.31	38	1.45
468	159.66	78.06	34	1.59
469	42.11	9.64	35	1.32
470	48.36	193.49	34	0.58
Period: 35
Tasks:10
id	x	y	end	c
334	148.31	161.93	41	78.54
335	46.12	32.48	36	86.38
336	8.82	32.88	40	113.22
337	134.5	91.74	37	35.48
338	57.4	24.07	36	87.06
339	37.03	19.27	35	102.38
340	72.19	95.39	38	28.19
341	180.29	33	40	104.57
342	153.26	175.11	41	92.08
343	101.52	69.17	39	30.87
Drivers: 15
id	x	y	end	sensitivity
471	191.02	163.95	36	0.67
472	134.29	13.64	35	0.51
473	55.4	93.47	38	0.94
474	165.06	48.27	40	1.43
475	194.8	154.75	35	1.8
476	89.69	116.79	36	0.73
477	187.04	54.54	38	1.62
478	97.69	130.49	35	1.5
479	82.74	179.42	37	1.04
480	72.08	180.99	36	1.15
481	144.14	26.57	36	0.9
482	43.97	28.15	35	1.96
483	104.79	62.63	35	0.66
484	122.55	18.79	35	0.79
485	122.03	10.69	38	0.92
Period: 36
Tasks:8
id	x	y	end	c
344	15.77	88.41	38	85.02
345	162.53	1.16	40	116.96
346	174.86	158.99	40	95.31
347	92.09	68	39	32.96
348	112.22	48.63	38	52.8
349	77.5	107.42	38	23.69
350	147.98	59.22	38	62.97
351	27.13	66.11	36	80.37
Drivers: 17
id	x	y	end	sensitivity
486	44.7	190.14	37	1.39
487	71.39	26.76	37	0.93
488	2.45	113.19	36	0.98
489	73.51	23.37	38	1.44
490	187.02	7.97	36	1.74
491	23.8	46.31	37	0.81
492	56.8	33.82	36	1.61
493	82.57	118.77	36	1.12
494	116.77	72.98	38	1.41
495	96.62	98.12	37	0.77
496	185.59	114.63	37	0.9
497	52.51	146.8	37	0.65
498	166.79	193.53	38	1.72
499	152.04	172.07	38	0.8
500	116.74	119.09	36	0.68
501	65.24	105.9	38	1.93
502	53.26	139.98	36	1.21
Period: 37
Tasks:9
id	x	y	end	c
352	149.9	91.81	39	50.57
353	3.32	22.07	39	124.18
354	76.65	62.67	40	44.03
355	153.01	13.79	40	101.2
356	156.17	190.02	37	106.11
357	142.97	77.95	40	48.3
358	66.23	113.4	41	36.33
359	76.41	104.74	41	24.06
360	91.22	96.93	43	9.3
Drivers: 12
id	x	y	end	sensitivity
503	49.96	90.93	38	1.75
504	134.16	105.58	37	1.62
505	54.5	156.67	39	1.99
506	20.52	119.33	38	1.59
507	171.88	77.83	37	0.53
508	149.78	110.62	37	1.12
509	148.25	188.22	41	0.84
510	0.13	96.02	41	1.84
511	31.71	98.65	38	1.01
512	186.04	110.34	37	1.15
513	193.61	140.74	39	1.68
514	56.11	197.68	37	1.85
Period: 38
Tasks:8
id	x	y	end	c
361	148.3	14.73	45	98
362	54.41	49.89	39	67.75
363	76.19	93.2	41	24.76
364	123.47	6.25	39	96.64
365	5.28	31.21	41	117.06
366	165.72	32.5	41	94.21
367	80.88	195.53	39	97.42
368	14.27	196.61	43	129.16
Drivers: 14
id	x	y	end	sensitivity
515	47.46	69.47	40	0.97
516	174.27	178.22	38	1.82
517	68.26	125.74	39	1.68
518	190.55	161.62	38	1.85
519	125.13	144.81	41	1.5
520	85.07	199.86	40	1.91
521	153.7	134.9	39	1.87
522	160.53	34.98	38	1.53
523	199.51	18.36	38	1.44
524	85.51	44.17	38	1.74
525	173.77	125.84	40	1.38
526	133.31	117.01	41	1.65
527	36.13	16.31	38	1.38
528	121.86	3.84	40	0.81
Period: 39
Tasks:8
id	x	y	end	c
369	139.86	87.26	41	41.85
370	51.52	43.41	41	74.52
371	90.61	77.21	43	24.65
372	140.23	149	49	63.4
373	115.95	135.95	41	39.33
374	37.56	158.07	45	85.27
375	38.61	110.04	43	62.21
376	194.93	72.63	43	98.8
Drivers: 10
id	x	y	end	sensitivity
529	8.15	124.34	41	1.24
530	15.88	5.06	40	1.47
531	169.03	140.13	40	0.68
532	72.42	145.04	40	0.98
533	186.98	153.56	39	1.6
534	198.64	6.85	42	0.89
535	169.01	99.75	42	0.53
536	97.48	35.99	39	1.52
537	142.01	116.79	40	0.58
538	79.92	130.42	41	0.99
Period: 40
Tasks:9
id	x	y	end	c
377	37.82	61.62	40	73.07
378	80.01	182.96	42	85.33
379	135.99	134.96	41	50.17
380	99.97	66.83	42	33.17
381	127.47	38.62	41	67.25
382	137.34	58.85	44	55.57
383	184.98	198.32	41	129.96
384	153.49	52.98	41	71.22
385	112.9	22.43	41	78.64
Drivers: 15
id	x	y	end	sensitivity
539	27.52	68.89	43	0.63
540	48.3	117.53	41	1.69
541	43.72	163.5	41	1.61
542	14.83	143.34	42	0.67
543	182.62	33.68	41	1.35
544	14.52	52.14	42	0.85
545	182.89	148.47	40	0.53
546	112.54	6.52	40	1.72
547	39.52	71.92	40	1.66
548	73.88	197.01	40	1.65
549	102.16	113.72	42	1.59
550	167.4	165.64	43	1.58
551	9.97	25.08	40	0.93
552	98.34	77.24	41	2
553	108.58	133.25	40	1.67
Period: 41
Tasks:10
id	x	y	end	c
386	114.71	103.46	48	15.11
387	8.45	1.18	46	134.71
388	177.3	107.58	44	77.67
389	42.28	121.78	42	61.69
390	175.82	170.05	43	103.23
391	57.77	143.28	43	60.47
392	113.66	1.56	48	99.38
393	88.32	76.91	42	25.88
394	139.42	37.44	43	73.94
395	168.9	32.71	45	96.31
Drivers: 20
id	x	y	end	sensitivity
554	117.96	53.88	42	1.77
555	16.75	7.92	41	1.77
556	75.97	153.48	41	1.08
557	69.54	14.11	42	0.73
558	95.74	158.86	43	1.31
559	173.13	19.83	41	1.04
560	194.23	104.64	41	0.59
561	98.49	24.49	44	0.99
562	3.88	166.23	41	0.71
563	50.12	36.19	42	1.89
564	28.13	59.89	43	0.65
565	166.87	28.43	42	1.98
566	100.84	8.72	41	1.55
567	32.32	19.32	42	1.58
568	13.62	145.59	44	0.75
569	46.19	61.73	41	1.91
570	132.54	190.8	41	1.67
571	136.22	80.6	42	1.56
572	161.62	18.61	42	1.93
573	197.2	94.9	41	1.6
Period: 42
Tasks:17
id	x	y	end	c
396	155.68	129.5	48	63.01
397	104.85	47.84	46	52.38
398	127.72	29.32	48	75.92
399	109.07	57.5	47	43.46
400	141.4	170.71	48	81.94
401	12.95	37.88	44	106.94
402	60.15	54.36	44	60.59
403	110.43	40.16	45	60.74
404	59.39	133.94	44	52.93
405	84.21	86.96	44	20.48
406	82.35	19.81	46	82.11
407	127.02	0.71	46	102.9
408	73.01	13.4	44	90.71
409	153.5	73.33	47	59.78
410	66.42	58.45	43	53.42
411	44.19	29.35	45	90.03
412	111.66	73.28	43	29.15
Drivers: 19
id	x	y	end	sensitivity
574	74.34	128.78	43	1.58
575	7.27	42.61	42	0.9
576	26.44	17.81	42	1.66
577	63.61	4	45	1.22
578	129.15	91.31	43	1.07
579	29.83	91.75	43	1.72
580	118.33	136.58	42	1.7
581	151.55	11.19	42	1.85
582	86.16	48.51	43	1.77
583	171.65	62.52	43	0.89
584	22.48	29.91	46	0.84
585	138.62	130.41	45	1.16
586	192.2	26.96	42	0.73
587	113.18	30.1	43	0.88
588	76.03	12.27	44	0.91
589	196.42	30.39	45	1.02
590	171.01	15.41	44	1.6
591	144.31	4.92	42	0.99
592	36.31	60.33	43	0.57
Period: 43
Tasks:8
id	x	y	end	c
413	125.88	88	43	28.53
414	59.3	0.3	46	107.69
415	199.3	164.4	44	118.35
416	186.86	63.49	49	94.22
417	95.49	83.31	47	17.29
418	116.48	195.98	48	97.38
419	43.65	135.14	44	66.41
420	142.11	154.57	43	68.93
Drivers: 18
id	x	y	end	sensitivity
593	112.69	19.73	43	1.01
594	26.69	45.37	43	0.96
595	118.47	35.35	44	1.19
596	28.1	155.94	43	1.9
597	167.86	112.07	43	1.79
598	158.55	43.31	44	1.81
599	139.23	108.51	43	1.56
600	22.96	190.86	45	1.24
601	184.47	169.01	44	1.95
602	138.05	8.4	46	1.21
603	121.76	107.02	43	1.35
604	151.68	181.59	43	0.62
605	44.21	42.39	43	1.49
606	144.17	98.42	45	1.27
607	73.98	103.39	44	0.98
608	109.55	106.49	45	1.9
609	8.7	182.18	43	1.45
610	197.84	51.92	43	0.71
Period: 44
Tasks:15
id	x	y	end	c
421	191.11	112.47	45	91.96
422	76.44	95.21	45	24.04
423	23.13	128.96	49	82.14
424	112.8	171.63	49	72.76
425	175.33	131.12	47	81.5
426	3.26	75.76	48	99.73
427	98.64	157.83	46	57.85
428	174.46	98.16	47	74.48
429	178.27	2.77	48	124.82
430	186.46	104.56	49	86.58
431	135.48	126.2	46	44.11
432	179.68	133.07	48	86.27
433	199.27	139.23	51	106.74
434	95.84	171.7	49	71.82
435	58.76	191.27	46	100.15
Drivers: 16
id	x	y	end	sensitivity
611	37.62	47.88	45	1.05
612	21.79	96.35	47	1.59
613	159.21	56.16	45	1.77
614	182.22	103.58	46	1.57
615	119.31	74.93	47	0.52
616	199.18	178.55	45	1.96
617	140.89	49.55	44	0.63
618	107.2	119.54	44	1.13
619	129.95	124.06	45	1.77
620	173.66	37.95	44	1.42
621	106.08	118.04	46	1.88
622	11.05	75.66	45	0.99
623	29.9	66.58	47	0.67
624	22.51	60.5	44	1.09
625	9.03	49.22	46	0.93
626	157.53	125.26	44	0.9
Period: 45
Tasks:9
id	x	y	end	c
436	156.01	42.15	48	80.52
437	81.32	180.18	49	82.33
438	38.09	47.39	47	81.24
439	154.59	150	45	74.03
440	62.17	30.42	53	79.2
441	129.62	19.48	48	85.8
442	87.1	191.1	49	92.01
443	122.84	92.77	48	23.96
444	194.89	56.59	48	104.35
Drivers: 12
id	x	y	end	sensitivity
627	168.13	85.08	47	1.16
628	110.04	58.11	47	1.02
629	168.27	28.79	45	1.33
630	10.47	33.32	45	0.95
631	118.08	61.96	46	0.54
632	64.04	196.29	45	1.62
633	15.69	44.28	46	1.25
634	41.37	84.86	46	1.41
635	19.96	77.15	45	0.8
636	92.98	77.81	47	1.64
637	121.89	157.45	48	1.96
638	107.58	84.31	47	1.85
Period: 46
Tasks:6
id	x	y	end	c
445	96.33	98.04	47	4.16
446	184.9	135.72	48	92.11
447	147.21	160.51	46	76.75
448	148.05	107.3	49	48.6
449	72.9	29.66	48	75.38
450	64.84	191.7	52	98.21
Drivers: 20
id	x	y	end	sensitivity
639	107.49	104.64	46	1.42
640	26.41	122.94	46	1.18
641	43.71	17.55	48	0.56
642	180.51	163.41	47	0.89
643	95.72	126.96	47	0.96
644	11.81	62.32	46	0.93
645	116.01	188.9	47	1.56
646	107.6	143.34	46	0.96
647	191.71	102.14	48	1.59
648	74.21	18.05	46	0.7
649	163.74	82.65	46	1.36
650	136.1	148.99	47	1.37
651	169.07	8.59	47	1.35
652	89.66	66.55	48	1.37
653	147.46	64.8	48	1.5
654	94.21	36.49	46	1.59
655	44.48	58.44	46	0.7
656	178.27	110.1	46	0.68
657	2.45	181.89	48	1.94
658	181.2	100.77	46	1.93
Period: 47
Tasks:7
id	x	y	end	c
451	104.54	74.93	49	25.48
452	17.58	68.07	50	88.39
453	14.43	85.95	50	86.72
454	127.3	134.45	56	43.96
455	52.09	157.77	50	75.05
456	87.81	181.28	51	82.19
457	58.68	163.95	50	76.14
Drivers: 13
id	x	y	end	sensitivity
659	156.27	28.78	48	1.95
660	154.1	118.35	48	0.57
661	142.79	6.55	47	1.64
662	190.58	51.18	49	1.48
663	23.56	106.72	48	1.36
664	79.42	31.05	49	1.67
665	171.54	106.65	47	0.61
666	98.65	4.86	47	0.88
667	54.03	73.73	47	0.56
668	107.68	28.73	48	1.31
669	154.44	137.59	48	1.02
670	199.99	134.3	48	1.77
671	38.59	151.04	48	0.73
Period: 48
Tasks:11
id	x	y	end	c
458	59.69	14.56	55	94.47
459	134.07	151.39	50	61.66
460	133.64	49.87	51	60.37
461	12.69	133.87	51	93.65
462	55.24	58.24	51	61.22
463	113.4	107.49	50	15.35
464	49.1	64.76	49	61.91
465	111.46	106.61	56	13.23
466	8.04	2.54	49	134
467	74.3	174.52	49	78.83
468	140.25	133.99	52	52.68
Drivers: 17
id	x	y	end	sensitivity
672	73.61	61.23	48	1.55
673	54.94	163.2	48	1.74
674	98.6	87.64	49	1.86
675	44.01	149.2	50	1.48
676	125.34	188.63	48	1.38
677	98.46	133.97	49	0.56
678	153.3	54.54	50	0.53
679	32.63	171.93	49	1.99
680	17.89	21.03	48	1.58
681	20.09	93.27	49	1.8
682	36.72	70.91	49	1.66
683	41.86	168.33	49	1.89
684	154.22	132.92	48	1.56
685	47.58	183.11	49	1.94
686	175.51	153.14	50	0.78
687	131.46	59.61	48	1.76
688	105.33	6.04	49	0.9
Period: 49
Tasks:12
id	x	y	end	c
469	63.5	4.64	55	102.11
470	108.58	65.45	55	35.6
471	113.87	58.25	52	43.99
472	34.38	51.62	50	81.53
473	75.5	80.18	57	31.51
474	103.23	173.12	51	73.19
475	60.2	58.02	54	57.85
476	95.56	130.01	51	30.34
477	47.65	68.56	49	61.07
478	51.29	17.35	51	95.94
479	107.02	58.33	56	42.26
480	12.04	72.31	52	92.22
Drivers: 16
id	x	y	end	sensitivity
689	182.44	104.53	49	0.55
690	140.34	49.49	50	1.28
691	188.48	169.58	49	1.1
692	149.54	77.74	53	0.95
693	9.65	8.24	51	0.98
694	50.36	143.24	50	1.5
695	196.11	106.17	50	1.7
696	181.66	56.27	50	1.45
697	163.38	156.11	50	0.92
698	100.79	11.98	50	1.75
699	150.01	190.42	51	0.86
700	66.49	85.86	50	1.48
701	99.42	191.23	51	1.24
702	52.92	7.15	50	1.34
703	185.96	181.02	53	1.61
704	9.34	144.11	54	1.22
Period: 50
Tasks:10
id	x	y	end	c
481	11.8	40.38	54	106.46
482	26.69	97.73	53	73.35
483	45.87	98.75	50	54.14
484	31.83	174.04	53	100.64
485	163.21	82.01	52	65.72
486	152.77	33.34	53	85.02
487	87.72	4.16	51	96.62
488	38.28	163.16	51	88.31
489	74.5	75.49	52	35.37
490	66.11	29.33	52	78.38
Drivers: 19
id	x	y	end	sensitivity
705	6.68	2.28	50	1.14
706	18.34	135.32	51	0.96
707	46.37	0.26	51	1.05
708	147.68	17.08	52	0.52
709	36.95	7.93	51	0.87
710	18.17	39.44	53	0.67
711	6.08	190.63	50	1.66
712	115.17	89.23	52	0.53
713	16.6	152.45	52	1.34
714	171.89	40.08	51	1.74
715	20.33	42.36	50	1.14
716	22.24	173.18	50	1.63
717	39.68	125.99	52	0.66
718	65.99	132.76	50	1.64
719	136.12	38.62	51	1.19
720	21.68	198.38	51	1.32
721	145.92	129.19	50	1.84
722	153.44	68.84	51	0.98
723	20.98	92.44	52	1.26
Period: 51
Tasks:6
id	x	y	end	c
491	35.54	117.45	51	66.78
492	79.97	92.05	56	21.55
493	88.03	55.87	55	45.72
494	189.02	147.3	57	100.81
495	50.11	55.51	53	66.85
496	54.58	197.6	54	107.65
Drivers: 20
id	x	y	end	sensitivity
724	19.75	4.63	52	0.61
725	182.69	59.02	52	1.52
726	71.37	90.17	51	1.41
727	88.71	21.47	51	1.44
728	90.75	114.96	52	1.73
729	45.67	80.8	51	1.23
730	67.57	20.3	51	1.01
731	88.54	21.41	53	0.54
732	183.66	108.92	53	1.12
733	44.55	179.55	51	0.72
734	93.33	117.46	52	1.74
735	116.34	72.43	52	1.59
736	130.43	39.9	51	0.52
737	2.08	38.58	52	1.91
738	15.99	109.47	52	1.53
739	73.38	119.85	51	1.31
740	66.08	181.98	52	1.29
741	11.48	172.02	53	0.58
742	82.49	197.61	51	1.55
743	168.89	76.92	54	1.49
Period: 52
Tasks:13
id	x	y	end	c
497	123.64	119.62	54	30.72
498	22.04	9.02	53	119.81
499	190.13	8.58	55	128.38
500	108.82	169.26	52	69.82
501	76.57	89.74	55	25.58
502	39.62	192.91	57	110.81
503	198.98	53.63	57	109.3
504	98.58	159.69	55	59.71
505	175.22	42.2	54	94.86
506	84.62	110.73	55	18.75
507	128.7	90.62	55	30.19
508	22.82	97.06	53	77.24
509	140.66	51.33	58	63.42
Drivers: 13
id	x	y	end	sensitivity
744	80.37	5.33	53	1.63
745	26.29	49.85	53	0.56
746	50.8	109.43	53	1.93
747	89.25	166.58	53	1.54
748	103.35	113.31	53	1.3
749	12.02	90.77	53	0.63
750	149.4	148.47	52	1.87
751	52.41	71.36	52	1.6
752	178.8	43.38	53	1.41
753	33.18	150.4	52	1.42
754	134.27	177.47	54	1.73
755	159.05	151.53	53	1.75
756	150.55	86.79	52	0.8
Period: 53
Tasks:11
id	x	y	end	c
510	165.03	140.71	55	76.72
511	96.29	118.87	55	19.23
512	27.7	93.44	58	72.6
513	6.05	124.26	53	97.03
514	149.15	22.67	56	91.63
515	153.18	179.6	57	95.73
516	148.57	199.41	55	110.64
517	156.89	86.61	55	58.44
518	168.88	30.76	56	97.67
519	108.9	40.59	56	60.07
520	188.11	0.88	56	132.62
Drivers: 12
id	x	y	end	sensitivity
757	9.22	30.91	54	1.44
758	199.73	168.79	53	1.51
759	97.04	172.96	53	1.3
760	192.34	189.85	54	1.62
761	191.08	198.93	53	1.02
762	48.45	161.29	54	1.63
763	120.81	0.24	54	1
764	165.88	153.16	53	1.74
765	87.43	18.8	54	0.86
766	16.6	15.9	54	1.17
767	181.29	153.73	55	1.42
768	77.03	195.48	53	1.56
Period: 54
Tasks:6
id	x	y	end	c
521	53.5	132.35	58	56.65
522	139.11	142.27	57	57.59
523	135.82	153.69	57	64.54
524	103.63	87.42	57	13.09
525	15.08	13.73	56	121.05
526	167.1	192.19	58	114.02
Drivers: 13
id	x	y	end	sensitivity
769	118.12	112.55	56	1.86
770	44.02	150.79	56	0.93
771	70.62	150.76	57	0.81
772	17.14	64.03	55	1.71
773	44.25	159.26	55	0.55
774	189.72	34.21	57	1.55
775	34.38	150.36	56	1.04
776	92.25	11.16	56	1.88
777	0.8	52.34	54	1.74
778	178.64	141.26	57	0.81
779	59.58	96.2	54	1.1
780	173.25	111.99	55	0.79
781	190.26	80.64	54	0.83
Period: 55
Tasks:8
id	x	y	end	c
527	80.51	2.99	57	98.95
528	115.73	157.58	62	59.69
529	32.34	92.6	57	68.06
530	14.34	89.11	61	86.35
531	91.1	51.38	59	49.43
532	114.9	71.09	58	32.52
533	172.75	20.2	59	107.98
534	114.07	3.48	59	97.54
Drivers: 17
id	x	y	end	sensitivity
782	153.11	160.62	56	1.01
783	148.88	107.1	56	0.7
784	175.28	59.87	55	0.54
785	152.96	130.87	57	1.54
786	29.33	179.8	59	1.89
787	152.44	68.15	55	1.88
788	74.51	83.6	55	1.69
789	126.02	27.8	57	1.02
790	94.85	16.17	56	0.61
791	28.51	16.31	56	1.39
792	118.79	44.98	57	1.56
793	19.82	74.49	58	0.86
794	66.39	53.48	55	1.64
795	186.3	13.63	56	1.9
796	22.95	31.92	56	0.64
797	161.81	18.63	56	1.37
798	106.33	48.64	57	1.97
Period: 56
Tasks:10
id	x	y	end	c
535	94.13	74.4	58	26.26
536	27.79	91.74	62	72.68
537	9.99	81.44	59	91.9
538	149.32	191.99	59	104.38
539	9.27	24.25	59	118.19
540	111.71	0.27	59	100.42
541	141.67	33.9	60	78.14
542	77.47	40.34	61	63.77
543	169.44	172.32	59	100.26
544	12.76	125.31	61	90.84
Drivers: 10
id	x	y	end	sensitivity
799	111.36	194.07	57	1.43
800	137.79	72.49	56	1.59
801	56.69	149.57	57	0.72
802	97.54	5.21	56	1.88
803	149.53	127.64	57	0.83
804	119.91	120.54	56	1.07
805	105.91	61.62	58	0.52
806	40.56	168.16	58	1.76
807	35.73	26.78	58	0.58
808	14.97	36.23	58	1.34
Period: 57
Tasks:8
id	x	y	end	c
545	44.5	187.67	60	103.76
546	144.38	49.54	61	67.2
547	189.38	156.59	57	105.79
548	35.36	145.73	61	79.18
549	20.34	158.86	62	99.05
550	160.22	184.85	59	104.05
551	46.93	158.88	57	79.27
552	179.06	102.6	61	79.1
Drivers: 19
id	x	y	end	sensitivity
809	51.29	142.68	59	1.63
810	104.09	134.96	57	1.31
811	109.31	77.42	57	1.51
812	76.86	33.95	57	1.45
813	133.74	101.64	59	1.1
814	155.99	176.04	58	0.61
815	30.95	54.68	58	1.51
816	193.43	87.39	57	1.13
817	137.99	4.13	57	0.59
818	27.11	55.86	57	1.61
819	178.06	70.43	57	0.52
820	131.79	26.29	57	1.03
821	14.93	10.98	57	1.34
822	140.61	40.49	60	1.15
823	171.48	45.75	58	1.75
824	53.01	43.4	58	1.38
825	11.16	126.79	57	0.69
826	140.3	15.89	60	1.45
827	84.77	194.02	58	0.63
Period: 58
Tasks:5
id	x	y	end	c
553	102.67	125.61	62	25.75
554	95.07	71.42	61	29
555	127.73	145.76	62	53.51
556	59.65	110.54	60	41.7
557	54.66	57.02	60	62.47
Drivers: 14
id	x	y	end	sensitivity
828	146.45	87.4	58	1.66
829	79.64	7.53	59	1.54
830	158.01	122.77	58	0.78
831	75.82	69.55	60	1.17
832	93.76	113.52	58	1.72
833	91.29	61.95	59	1.41
834	115.46	95.2	58	0.84
835	137.02	20	58	0.96
836	162.78	16.3	60	1.32
837	77.19	13.11	59	1.06
838	30.79	174.89	60	1.38
839	55.34	156.72	61	0.85
840	184.54	190.49	58	1.88
841	97.46	126.95	60	1
Period: 59
Tasks:11
id	x	y	end	c
558	161.37	15.53	63	104.41
559	19.74	23.79	63	110.68
560	125.53	75.27	62	35.54
561	148.06	127.79	62	55.52
562	124.86	146.7	60	52.9
563	195.85	146.27	59	106.43
564	160.57	187.81	59	106.67
565	3.96	105.93	61	96.22
566	70.84	125.96	64	39.04
567	158.15	183.43	60	101.7
568	49.76	154.34	61	74.01
Drivers: 18
id	x	y	end	sensitivity
842	87.57	70.98	60	0.99
843	198.21	48	60	0.97
844	98.32	154.18	59	1.55
845	49.41	31.08	61	0.8
846	117.46	113.72	60	0.8
847	79.46	46.69	59	1.53
848	196.87	164.41	60	0.68
849	132.51	123.02	60	0.76
850	131.85	48.67	60	1.26
851	119.68	61.7	60	1.15
852	26.05	77.76	61	0.92
853	76.98	132.82	59	1.16
854	27.83	167.62	61	1.92
855	155.1	189.71	61	1.6
856	154.98	165.77	60	1.46
857	93.79	72.45	59	0.99
858	81.71	112.62	60	1.59
859	37.14	22.78	62	1.16
Period: 60
Tasks:6
id	x	y	end	c
569	16.12	1.11	62	129.67
570	196.53	149.97	63	108.7
571	1.02	88.77	64	99.62
572	151.54	180.98	66	95.99
573	80.09	21.72	63	80.77
574	13.73	22.9	63	115.7
Drivers: 17
id	x	y	end	sensitivity
860	87.58	189.87	62	0.97
861	163.06	121.27	60	1.62
862	98.25	62	61	1.96
863	136.28	139.61	60	1.69
864	120.86	22.44	61	1.9
865	77.86	178.12	60	1.49
866	118.61	93.16	62	1.2
867	151.09	143.22	62	1.26
868	74.01	51.23	63	0.7
869	17.22	181.52	60	1.69
870	91.6	55.29	61	1.8
871	25.31	55.4	60	0.57
872	49.85	126.91	62	1.06
873	74.8	103.96	62	1.3
874	146.11	184.38	61	1.71
875	88.36	167.13	60	1.78
876	149.4	77.23	62	0.61
Period: 61
Tasks:8
id	x	y	end	c
575	63.11	92.6	65	37.62
576	36.31	17.15	63	104.5
577	32.8	18.63	63	105.53
578	89.34	64.95	63	36.64
579	139.66	148.53	65	62.67
580	169.25	155.88	62	88.98
581	145.61	53.52	67	65.12
582	34.26	166.28	66	93.35
Drivers: 16
id	x	y	end	sensitivity
877	153.31	57.21	61	1.51
878	67.11	194.46	63	0.51
879	136.38	98.83	63	0.79
880	46.96	15.97	62	0.93
881	88.12	60.52	62	0.68
882	146.73	178.76	63	1.28
883	175.68	106.24	64	0.77
884	159.19	100.78	62	1.48
885	101.08	147.9	61	1.28
886	106.21	27.71	62	1.15
887	146.35	168.6	64	0.68
888	80.26	63.49	62	1.51
889	65.58	73.34	62	1.27
890	10.66	146.8	64	0.79
891	112.79	91.16	61	1.41
892	49.91	34.03	62	1.16
Period: 62
Tasks:13
id	x	y	end	c
583	182.44	25.28	63	111.26
584	43.76	178.75	66	96.77
585	185.53	179.26	64	116.61
586	191.88	197.11	64	133.69
587	183.99	196.61	66	128.01
588	173.27	92.48	65	73.65
589	150.06	136.69	66	62.07
590	195.21	102.56	66	95.24
591	111.17	167.36	64	68.28
592	3.24	66.26	67	102.47
593	107.65	110.16	66	12.72
594	91.35	146.42	66	47.22
595	130.16	102.61	63	30.27
Drivers: 14
id	x	y	end	sensitivity
893	8.34	70.65	63	1.24
894	19.71	103.19	64	1.26
895	134.61	158.88	64	1.6
896	149.52	116.54	62	1.56
897	162.74	96.47	62	1.29
898	134.63	176.52	64	1.14
899	78.98	156.3	62	0.65
900	170.82	83.82	62	1.84
901	12.58	186.2	62	1.01
902	198.09	29.43	63	0.91
903	26.02	119.51	64	0.6
904	117.51	135.84	63	1.5
905	8.6	31.75	64	1.18
906	80.25	52.7	64	1.62
Period: 63
Tasks:8
id	x	y	end	c
596	173.41	101.69	69	73.43
597	64.26	137.05	66	51.48
598	132.88	10.11	66	95.71
599	85.89	97.15	66	14.39
600	126.59	165.79	67	70.96
601	73.11	169.34	64	74.37
602	23.12	182.44	66	112.72
603	193.71	159.59	67	111.05
Drivers: 11
id	x	y	end	sensitivity
907	184.62	82.41	63	1.24
908	42.49	69.22	65	0.84
909	149.8	85.08	63	1.04
910	179.99	63.93	63	1.75
911	196.79	12.27	64	1.72
912	127.95	6.42	63	0.67
913	13.78	91.52	63	1.94
914	111.43	129.38	64	1.2
915	16.19	148.5	64	1.2
916	86.6	192.7	63	0.98
917	135.7	165.85	65	0.55
Period: 64
Tasks:13
id	x	y	end	c
604	14.89	122.19	69	87.96
605	51.63	79.76	66	52.43
606	89.38	92.96	68	12.74
607	94.68	196.88	67	97.03
608	145.55	190.16	68	101.01
609	120.98	56.43	67	48.36
610	124	81.77	68	30.14
611	137.06	112.46	65	39.1
612	53.71	59.47	69	61.53
613	158	115.98	65	60.16
614	110.29	18.4	67	82.25
615	112.82	13.47	66	87.47
616	34.31	70.67	66	71.94
Drivers: 20
id	x	y	end	sensitivity
918	67.14	98.11	64	1.47
919	153.19	171.89	65	1.94
920	82.14	123.88	64	1.64
921	154.56	155.91	67	0.95
922	72.11	104.29	67	0.76
923	113.04	160.7	65	0.76
924	178.36	172.56	64	0.83
925	108.59	20.82	64	1.91
926	49.82	131.7	65	1.13
927	58.48	64.84	64	1.45
928	0.19	185.76	65	0.8
929	120.74	16.31	64	1.09
930	62.93	76.26	65	1.61
931	162.69	189.36	64	1.35
932	144.87	173.97	67	0.63
933	38.74	35.26	65	1.52
934	86.32	184.21	67	0.99
935	189.44	94.41	65	0.86
936	46.46	59.97	64	0.62
937	176.24	71.23	65	1.24
Period: 65
Tasks:16
id	x	y	end	c
617	150.21	151.13	68	71.66
618	110.32	192.11	70	92.69
619	88.41	72.93	68	29.45
620	136.17	148.9	68	60.82
621	21.31	170.14	68	105.41
622	156.15	172.89	68	92.01
623	154.64	125.55	70	60.32
624	33.86	166.91	66	94.08
625	158.84	136.61	69	69.3
626	131.33	46.81	69	61.73
627	183.31	13.22	66	120.3
628	136.52	29.23	68	79.64
629	72.69	115.53	66	31.42
630	48.52	64.85	66	62.34
631	162.94	13.38	66	107.07
632	41.77	157.74	66	82
Drivers: 14
id	x	y	end	sensitivity
938	42.6	68.71	66	0.87
939	83.74	139.05	65	1.36
940	55.5	77.39	65	1.64
941	103.25	167.56	66	1.82
942	90.39	130	66	0.69
943	85.27	140.6	65	1.05
944	48.06	24.69	66	1.4
945	70.57	123.63	67	1.8
946	138.02	71.38	67	1
947	116.99	134.43	66	1.39
948	164.28	180.32	65	1.45
949	103.76	169.29	66	1.3
950	61.58	21.45	65	1.08
951	186.12	7.94	68	1.81
Period: 66
Tasks:6
id	x	y	end	c
633	150.78	147.43	71	69.49
634	195.12	187.43	69	129.2
635	175.44	53.82	69	88.45
636	31.93	143.05	68	80.54
637	35.02	113.96	71	66.46
638	29.66	127.65	69	75.58
Drivers: 10
id	x	y	end	sensitivity
952	1.87	72.62	69	1.01
953	45.6	187.2	66	0.78
954	46.14	187.64	66	1.15
955	60.32	150.25	68	1.51
956	95.25	172.62	67	1.23
957	120.76	109.54	67	1.35
958	78.31	199.47	67	1.63
959	58.16	98.68	66	0.99
960	82.48	85.89	66	1.73
961	80.68	36.31	66	0.55
Period: 67
Tasks:10
id	x	y	end	c
639	147.48	60.12	68	62.01
640	180.93	19.56	70	114.11
641	150.89	155.61	71	75.38
642	39.34	19.51	71	100.79
643	11.06	48.35	68	102.85
644	134.93	153.86	72	64.2
645	121.21	88.89	69	23.94
646	109.25	172.64	70	73.23
647	84.61	33.61	69	68.15
648	74.86	14.26	68	89.35
Drivers: 12
id	x	y	end	sensitivity
962	36.82	91.1	68	0.94
963	146.26	150.44	70	0.8
964	118.89	124.77	67	1.18
965	153.18	32.09	68	1.46
966	24.96	51.06	67	1.69
967	127.69	58.85	68	1.29
968	35.74	21.95	67	1.43
969	76.37	30.26	68	1.14
970	32.24	84.37	67	1.7
971	98.7	75.74	69	0.82
972	150.41	26.19	67	1.37
973	36.2	89.23	67	0.84
Period: 68
Tasks:11
id	x	y	end	c
649	73.11	197.7	71	101.33
650	119.64	29.76	71	72.93
651	49.2	147.43	72	69.5
652	174.08	193.67	73	119.42
653	10.4	72.06	70	93.86
654	63.76	2.59	70	103.93
655	32.6	187.98	74	110.83
656	65.92	16.61	69	90.09
657	58.01	190.43	71	99.7
658	110.42	66.71	72	34.88
659	32.76	82.76	74	69.41
Drivers: 12
id	x	y	end	sensitivity
974	176.67	125.54	70	1.61
975	141.33	160.25	70	1.86
976	37.96	195.77	68	1.12
977	42.49	6.27	69	1.75
978	74.15	81.05	72	1.22
979	1.2	92.56	71	0.55
980	145.02	151.7	72	1.93
981	109.7	3.82	69	1.75
982	178.16	80.93	69	1.12
983	62.33	174.96	69	1.65
984	62.24	152.13	71	0.91
985	172.28	1.02	69	1.39
Period: 69
Tasks:13
id	x	y	end	c
660	149.16	155.3	72	73.99
661	53.58	176.83	72	89.76
662	156.28	142.66	72	70.62
663	10.06	140.42	69	98.61
664	107.66	126.56	74	27.64
665	187.78	95.33	69	87.9
666	33.73	167.28	72	94.44
667	172.42	64.25	73	80.76
668	109.8	92.76	73	12.18
669	5.02	180.63	71	124.59
670	127.18	195.76	70	99.54
671	2.53	88.19	71	98.18
672	2.07	22.78	70	124.71
Drivers: 14
id	x	y	end	sensitivity
986	0.36	176.64	69	0.95
987	120.56	3.64	69	1.2
988	79.12	56.4	71	0.96
989	110.41	6.36	70	0.62
990	128.4	50.07	69	1.25
991	197.04	6.01	69	1.11
992	44.03	75.38	70	1.01
993	118.52	171.45	70	1.73
994	54.69	191.74	71	0.57
995	146.62	195.16	70	1.46
996	86.53	126.66	71	1.99
997	106.19	187.3	69	0.58
998	117.11	191.29	69	1.08
999	191.9	74.98	71	0.58
Period: 70
Tasks:12
id	x	y	end	c
673	93.57	95.12	74	8.07
674	3.05	3.79	72	136.59
675	49.56	35.22	72	82.1
676	12.96	67.08	73	93.06
677	43.23	105.64	73	57.05
678	76.52	199.75	76	102.48
679	62.62	8.76	74	98.6
680	11.09	49.19	73	102.4
681	107.65	46.6	72	53.95
682	117	7.5	72	94.05
683	77.01	158.32	72	62.69
684	57.45	130.79	73	52.52
Drivers: 7
id	x	y	end	sensitivity
1000	67.63	131.26	70	0.72
1001	197.08	192.43	70	1.14
1002	2.75	87.49	71	0.67
1003	132.68	26.47	70	1.89
1004	25.02	14.86	71	1.12
1005	125.54	107.13	70	1.76
1006	31.69	169.69	70	1.61
Period: 71
Tasks:11
id	x	y	end	c
685	101.42	100.7	72	1.58
686	99.7	83.22	71	16.78
687	61.48	170.68	73	80.5
688	170.98	105.94	72	71.23
689	37.26	181.3	74	102.69
690	59.93	118.13	73	43.98
691	8.91	132.19	74	96.61
692	171.16	150	71	86.97
693	137.39	32.66	72	77.02
694	50.72	82.47	76	52.31
695	114.52	185.81	72	87.03
Drivers: 12
id	x	y	end	sensitivity
1007	92.32	182.62	71	0.76
1008	131.07	22.29	73	1.95
1009	53.29	1.64	72	1.59
1010	153.64	47.76	71	1.99
1011	106.02	191.49	72	1.42
1012	17.69	70.16	71	1.54
1013	175.49	6.73	71	0.66
1014	154.92	195.43	72	1.43
1015	17.62	14	71	1.02
1016	117.27	183.87	72	1.9
1017	183.72	112.65	72	1.65
1018	71.56	165.93	73	1.43
Period: 72
Tasks:15
id	x	y	end	c
696	176.37	189.71	77	117.81
697	22.35	187.65	77	117.1
698	42.05	105.92	75	58.25
699	29.2	67.45	74	77.92
700	5.7	133.98	78	100.24
701	90.58	93.83	74	11.26
702	117.03	6.07	75	95.46
703	171.91	18.11	77	108.98
704	1.99	134.53	76	103.91
705	12.24	78.6	73	90.33
706	91.83	173.03	73	73.49
707	132.1	9.65	74	95.88
708	158.77	54.78	73	74.15
709	45.04	184.79	76	101.04
710	150.22	147.55	76	69.16
Drivers: 24
id	x	y	end	sensitivity
1019	124.21	87.72	74	0.54
1020	189.42	108.45	73	1.48
1021	11.95	30.78	73	1.5
1022	67.2	95.6	73	1.77
1023	191.89	45.96	72	1.7
1024	106.13	68.76	72	0.89
1025	90.69	127.76	73	0.86
1026	160.58	72.59	73	1.87
1027	195.96	186.64	73	1.81
1028	173.79	167.61	75	1.19
1029	181.69	123.9	74	1.86
1030	182.43	151.19	72	1.67
1031	182.67	61.47	72	1.05
1032	112.13	115.4	74	1.16
1033	75	165.29	72	1.19
1034	172.38	13.75	72	1.88
1035	75.19	101.37	73	1.43
1036	76.22	144.27	72	1.04
1037	44.28	133.72	74	1.96
1038	80.87	94.21	72	1.86
1039	128.14	137.41	73	1.04
1040	23.17	49.41	72	1.97
1041	56.37	26.51	74	1.84
1042	141.05	34.57	73	1.01
Period: 73
Tasks:6
id	x	y	end	c
711	21.48	31.03	74	104.51
712	136.88	86.75	75	39.19
713	104.46	159.33	76	59.5
714	179.74	116.19	76	81.37
715	34.54	71.26	77	71.49
716	81.17	166.53	75	69.14
Drivers: 11
id	x	y	end	sensitivity
1043	31.51	70.75	73	1.52
1044	185.2	28.77	76	1.49
1045	123.45	182.59	74	1.1
1046	28.24	113.71	74	0.65
1047	94.85	13.77	75	1.04
1048	73.46	138.55	74	1.55
1049	51.41	67.17	74	1.29
1050	77.94	86.07	73	0.67
1051	85.35	55.23	75	0.96
1052	180.5	43.43	73	1.78
1053	177.53	105.74	73	1.48
Period: 74
Tasks:7
id	x	y	end	c
717	126.17	9.75	76	93.97
718	16.92	179.04	80	114.67
719	156.97	127.61	75	63.31
720	178.2	98.44	77	78.22
721	137.27	85.43	80	40.02
722	55.36	85.94	78	46.8
723	5.25	134.3	76	100.77
Drivers: 14
id	x	y	end	sensitivity
1054	90.13	98.1	75	1.32
1055	192.71	16.07	76	1.47
1056	98.34	173.03	75	0.78
1057	181.34	50.93	76	1.52
1058	170.78	108.83	75	1.24
1059	130.62	186.76	74	0.65
1060	119.73	41.96	75	0.56
1061	165.8	86.37	74	1.81
1062	28.57	74.41	76	1.18
1063	176.45	119.14	75	1.2
1064	93.46	5.28	76	0.55
1065	12.83	94.21	74	1.18
1066	10.33	66.8	75	0.64
1067	157.13	99	74	1.18
Period: 75
Tasks:13
id	x	y	end	c
724	86.45	172.9	77	74.15
725	67.3	18.18	77	88.11
726	81.09	81.41	77	26.52
727	174.02	117.91	78	76.16
728	95.64	65.99	76	34.29
729	151.5	82.74	77	54.32
730	142.77	133.95	78	54.61
731	57.29	71.41	79	51.4
732	21.41	116.29	76	80.26
733	176.29	136.82	80	84.71
734	102.6	67.12	76	32.98
735	180.91	57.65	76	91.32
736	108.92	109.99	75	13.39
Drivers: 18
id	x	y	end	sensitivity
1068	144.08	105.72	75	1.78
1069	197.68	96.08	76	0.57
1070	182.11	8.44	76	1.11
1071	87.26	182.92	78	1.21
1072	49.14	149.04	76	1.2
1073	74.87	0.69	75	1.9
1074	148.99	129.62	75	1.75
1075	185.02	178.31	75	0.87
1076	19.56	124.87	76	1.24
1077	1.5	60.5	76	0.78
1078	38.57	186.96	75	1.7
1079	192.05	115.93	75	1.9
1080	125.76	16.57	76	0.88
1081	73.22	131.31	76	0.63
1082	19.43	169.01	76	0.97
1083	56.6	31.69	75	1.71
1084	146.17	65.77	76	1.88
1085	133.64	168.77	76	1.56
Period: 76
Tasks:11
id	x	y	end	c
737	175.24	149.93	82	90.3
738	31.67	49.19	79	85.15
739	26.28	28.16	76	102.94
740	195.37	5.25	78	134.44
741	189.86	93.5	76	90.09
742	61.94	39.19	80	71.74
743	11.35	0.71	78	133.11
744	109.23	59.66	83	41.38
745	184.52	118.1	78	86.44
746	75.67	184.44	76	87.88
747	120.25	62.01	83	43.05
Drivers: 10
id	x	y	end	sensitivity
1086	12.11	3.75	78	1.25
1087	31.27	194.94	77	0.62
1088	189.53	42.19	77	0.83
1089	136.25	59.85	79	1.13
1090	85.14	122.64	77	1.26
1091	10.86	29.57	77	1.5
1092	189.34	197.28	77	1.4
1093	148.22	171.88	76	1.9
1094	192.55	37.04	78	1.87
1095	125.75	49.73	77	1
Period: 77
Tasks:13
id	x	y	end	c
748	2.37	104.9	80	97.75
749	125.28	188.19	79	91.74
750	119.62	64.06	78	40.95
751	124.58	173.94	80	77.92
752	153.5	107	82	53.96
753	95.09	88.66	80	12.36
754	154.88	105.7	81	55.18
755	91.53	6.35	79	94.03
756	104.75	198.71	83	98.82
757	127.72	165.32	80	70.96
758	177.98	116.75	81	79.76
759	1.27	68.66	80	103.58
760	113.02	140.29	79	42.34
Drivers: 12
id	x	y	end	sensitivity
1096	25.54	165.37	77	0.71
1097	162.06	52.49	79	0.89
1098	152.21	56.11	77	1.7
1099	105.44	162.02	78	0.51
1100	101.63	164.61	78	0.91
1101	178.55	71.54	77	1.67
1102	159.72	38.92	77	0.72
1103	110.49	177.44	77	0.88
1104	13.16	27.59	78	0.87
1105	190.85	153.37	78	1.58
1106	122.47	191.01	79	1.09
1107	135.79	41.79	77	1.26
Period: 78
Tasks:13
id	x	y	end	c
761	41.98	14.5	79	103.33
762	105.96	183.23	79	83.44
763	105.97	172.65	80	72.89
764	26.05	134.92	78	81.78
765	63.12	99.62	84	36.88
766	5.03	94.09	79	95.15
767	59.32	56.71	83	59.4
768	144.47	81.35	80	48.22
769	140.26	136.59	80	54.4
770	35.78	134.67	82	72.98
771	174.16	15.99	83	112.06
772	171.5	192.64	82	117.02
773	184.06	177.18	79	114.12
Drivers: 11
id	x	y	end	sensitivity
1108	152.85	128.65	79	0.69
1109	85.71	190.98	80	0.6
1110	104.76	97.28	80	1.82
1111	165.9	169.63	80	1.43
1112	169.22	164.75	78	1.51
1113	34.99	125.3	79	1.26
1114	164.2	29.97	79	0.64
1115	84.11	79.47	78	1.64
1116	42.07	190.87	79	1.96
1117	68.56	172.48	80	1.33
1118	186.05	124.21	79	0.65
Period: 79
Tasks:9
id	x	y	end	c
774	55.63	113.47	82	46.37
775	130.21	23.96	82	81.82
776	11.31	70.77	80	93.38
777	71.92	199.25	82	103.15
778	75.95	98.07	84	24.13
779	134.04	10.74	82	95.53
780	32.84	191.05	81	113.14
781	62.87	7.75	83	99.44
782	73.31	177.8	84	82.25
Drivers: 13
id	x	y	end	sensitivity
1119	15.59	35.85	79	0.52
1120	17.61	73.2	82	1.08
1121	165.84	79.97	79	0.7
1122	158.22	191.26	79	0.74
1123	47.34	127.87	79	1.18
1124	2.72	125.02	80	1.55
1125	73.45	25.27	82	1.8
1126	153.14	65.4	80	0.76
1127	60.14	150.12	80	0.82
1128	80.99	198.16	82	1.84
1129	112.61	14.24	79	1
1130	123.52	156.3	81	1.83
1131	105.95	64.43	81	1.43
Period: 80
Tasks:11
id	x	y	end	c
783	121.39	89.32	86	23.91
784	153.05	173.85	82	90.93
785	50.13	167.05	80	83.56
786	15.55	42.24	83	102.31
787	56.38	128.56	81	52.14
788	58.14	154.61	82	68.81
789	191.25	38	81	110.32
790	32.7	133.51	81	75.18
791	75.24	4.29	81	98.86
792	86.8	30.54	81	70.7
793	161.42	52.22	82	77.82
Drivers: 11
id	x	y	end	sensitivity
1132	176.81	19.81	81	0.59
1133	23.02	96.9	82	1.24
1134	114.25	29.27	81	0.75
1135	131.83	181.38	82	1.31
1136	190.12	43.27	80	1.13
1137	122.45	14.83	83	1.83
1138	37.63	96.71	80	0.53
1139	44.24	36.36	81	1.02
1140	182.73	169.51	81	1.25
1141	107.92	158.91	82	1.4
1142	25.25	154.38	80	0.65
Period: 81
Tasks:8
id	x	y	end	c
794	92.15	98.92	82	7.92
795	140.8	76.75	82	46.96
796	124.31	92.89	84	25.33
797	43.08	34.34	82	86.9
798	172.99	109.93	84	73.66
799	66.08	28.74	85	78.92
800	151.35	63.06	85	63.26
801	187.26	110.82	86	87.93
Drivers: 12
id	x	y	end	sensitivity
1143	119.77	76.09	81	1.64
1144	156.79	61.32	81	1.95
1145	32.75	84.69	84	1.21
1146	170.21	20.61	81	0.94
1147	90.43	168.49	81	1.54
1148	194.5	103.14	81	1.33
1149	13.76	51.38	82	1.41
1150	182.69	96.76	82	1.08
1151	28.75	145.11	82	1.16
1152	76.3	73.05	82	0.83
1153	152.77	78.51	82	1.53
1154	26.28	109.08	82	0.66
Period: 82
Tasks:13
id	x	y	end	c
802	60.78	143.86	84	58.84
803	180.6	11.58	83	119.64
804	67.23	22.74	88	83.92
805	95.35	135.39	85	35.69
806	12.89	25.12	87	114.87
807	53.05	112.76	82	48.65
808	1.4	116.87	90	100.03
809	25.8	197.03	85	122.15
810	37.61	38.04	86	87.93
811	190.24	31.67	84	113.19
812	111.88	45.19	83	56.08
813	107.73	11.93	89	88.41
814	151.6	185.25	88	99.65
Drivers: 15
id	x	y	end	sensitivity
1155	80.65	5.34	82	1.14
1156	142.13	132.12	83	1.15
1157	158.95	28.95	82	1.21
1158	14.65	94.93	84	1.45
1159	34.31	177.22	82	0.54
1160	96.82	6.73	82	1.3
1161	56.89	173.46	82	1.92
1162	132.86	125.67	82	1.39
1163	77.8	195.4	82	1.39
1164	31.45	101.75	83	0.64
1165	87.99	198.81	82	1.81
1166	41.11	107.22	83	1.96
1167	74.74	68.21	83	0.52
1168	52.95	54.79	83	1.9
1169	68.59	161.16	82	1.56
Period: 83
Tasks:12
id	x	y	end	c
815	93.7	170.57	86	70.85
816	90.35	176.71	86	77.31
817	163.74	193.51	86	113.17
818	41.39	165.62	91	87.98
819	141.42	41.45	85	71.72
820	29.34	138.26	85	80.35
821	124.96	163.87	85	68.57
822	157.55	193.34	85	109.66
823	42.39	184.21	85	102.03
824	28.32	108.98	84	72.24
825	26.9	113.65	88	74.36
826	149.94	78.38	87	54.42
Drivers: 18
id	x	y	end	sensitivity
1170	166	123.24	85	1.98
1171	46.6	80.72	84	2
1172	120.74	70.04	83	0.74
1173	107.4	19.86	83	1.72
1174	142.43	192.35	84	1.44
1175	193.79	94.2	84	1.4
1176	59.78	5.24	85	1.73
1177	187.9	14.71	84	0.55
1178	89.45	178.19	85	1.22
1179	138.73	129.76	85	1.23
1180	90.26	197.6	83	1.74
1181	52.72	84.54	84	0.98
1182	117.43	24.51	83	1.7
1183	135.97	125.17	83	0.88
1184	58.7	23.26	85	1.81
1185	188.74	96.16	83	1.23
1186	80.2	8.67	84	1.04
1187	114.93	67.8	83	1.88
Period: 84
Tasks:11
id	x	y	end	c
827	112.07	96.27	89	12.63
828	13	89.9	87	87.58
829	139.38	36.24	87	74.94
830	196.54	192.33	86	133.58
831	130.95	36.87	85	70.31
832	111.42	69.64	88	32.44
833	92.62	64.34	84	36.42
834	18.62	109.29	88	81.91
835	134.27	49.68	86	60.88
836	157.96	27.98	86	92.45
837	197.36	112.67	86	98.18
Drivers: 9
id	x	y	end	sensitivity
1188	101.36	142.58	86	1.91
1189	38.32	88.43	85	0.89
1190	110.66	89.12	85	0.73
1191	62.6	48.17	84	1.75
1192	138.89	31.11	85	1.4
1193	106.77	30.92	86	0.74
1194	145.82	8.14	87	1.68
1195	81.05	60.56	84	1.79
1196	94.59	0.75	86	1.8
Period: 85
Tasks:13
id	x	y	end	c
838	102.25	130.22	90	30.3
839	110.12	60.35	88	40.92
840	71.22	40.71	86	65.91
841	167.6	109.13	88	68.21
842	75.77	97.91	91	24.32
843	66.44	169.07	86	76.79
844	192.38	66.88	87	98.14
845	153.58	173	87	90.55
846	174.76	111.79	90	75.68
847	62.36	194.95	91	102.14
848	69	101.58	87	31.04
849	42.76	84.56	88	59.29
850	86.57	189.86	85	90.86
Drivers: 10
id	x	y	end	sensitivity
1197	175.99	23.73	89	1.82
1198	40.45	196.05	87	1.42
1199	49.82	88.98	85	0.84
1200	110.85	174.15	86	0.94
1201	107.75	60.09	86	0.57
1202	80.11	90.45	86	1.1
1203	95.12	66.48	86	0.7
1204	165.23	117.68	86	1.99
1205	30.05	54.53	87	1.09
1206	190.16	38.8	86	1.8
Period: 86
Tasks:9
id	x	y	end	c
851	140.59	139.77	88	56.83
852	136.54	52.59	89	59.86
853	141.18	28.51	89	82.5
854	174.95	10.38	88	116.83
855	39.65	59.24	90	72.83
856	84.25	15.28	87	86.17
857	130.97	104.05	90	31.23
858	118.16	7.36	89	94.4
859	34.33	0.7	89	119.05
Drivers: 14
id	x	y	end	sensitivity
1207	6.78	127.65	89	1.18
1208	101.17	105.68	88	0.77
1209	131.94	94.26	86	1.44
1210	109.95	145.36	87	1.13
1211	173.13	68.19	87	1.95
1212	149.07	108.39	89	1.32
1213	170.39	193.29	86	1.89
1214	175.86	184.18	86	1.32
1215	148.3	126.95	87	0.6
1216	108.13	55.03	88	0.74
1217	64.89	170.39	87	0.68
1218	125.57	120.65	87	0.75
1219	19.4	119.55	86	0.84
1220	157.91	15.22	87	1.94
Period: 87
Tasks:12
id	x	y	end	c
860	74.41	33.44	88	71.31
861	21.8	119.73	89	80.65
862	55.45	162.72	88	76.93
863	22.36	37.58	95	99.62
864	31.15	197.4	91	119.28
865	78.7	149.96	93	54.31
866	82.88	179.74	87	81.56
867	108.01	173.12	91	73.56
868	7.98	27.25	89	117.3
869	185.16	77.4	89	88.11
870	158.44	65.82	90	67.7
871	26.08	63.51	91	82.44
Drivers: 11
id	x	y	end	sensitivity
1221	58.97	116.6	89	0.54
1222	50.58	53.89	88	0.76
1223	30.97	22.89	88	1.59
1224	94.22	81.33	87	1.35
1225	1.6	150.64	87	1.99
1226	60.6	105.42	89	1.56
1227	72.49	171.76	89	0.78
1228	92.18	155.05	88	1.7
1229	129.23	97.82	88	0.89
1230	89.97	8.45	88	1.5
1231	34.15	67.33	88	1.06
Period: 88
Tasks:19
id	x	y	end	c
872	5.85	76.17	93	97.12
873	176.53	189.12	90	117.47
874	166.11	75.45	93	70.52
875	126.95	188.16	91	92.19
876	10.43	154.64	89	104.92
877	128.47	50.8	94	56.84
878	191.89	121.25	90	94.32
879	117.85	154.61	88	57.45
880	112.25	144.01	91	45.68
881	147.3	83.99	92	49.94
882	180.85	64.18	89	88.43
883	108.87	53.33	91	47.51
884	76.88	172.73	91	76.32
885	179.38	18.55	90	113.73
886	112.26	44.23	90	57.1
887	79.83	121.97	92	29.82
888	140.4	180.3	93	89.89
889	186.24	185.41	91	121.38
890	0.35	108.74	90	100.03
Drivers: 15
id	x	y	end	sensitivity
1232	166.63	172.12	90	0.92
1233	12.5	196.42	88	0.51
1234	114.02	163.16	89	1.09
1235	158.11	5.54	91	1.96
1236	58.84	117.1	89	0.67
1237	157.69	10.68	90	1.96
1238	45.99	189.79	90	0.96
1239	67.58	142.88	88	1.33
1240	38.46	58.25	89	0.63
1241	33.06	47.37	91	1.8
1242	92.53	77.17	88	1.69
1243	107.56	73.71	90	1.11
1244	134.23	43.65	88	0.82
1245	75.99	95.14	93	0.67
1246	135.65	150.58	89	1.36
Period: 89
Tasks:10
id	x	y	end	c
891	183.91	150.25	94	97.81
892	101.06	147.42	92	47.43
893	100.26	2.95	90	97.05
894	61.75	119.29	91	42.84
895	75.76	150.07	95	55.63
896	0.29	110.86	95	100.3
897	20.46	160.24	92	99.78
898	118.99	8.51	93	93.44
899	122.15	119.33	91	29.4
900	171.68	143.91	92	84.06
Drivers: 18
id	x	y	end	sensitivity
1247	7.48	183.86	90	1.63
1248	142.73	48.79	89	1.6
1249	148.48	98.84	90	0.8
1250	83.13	129.39	93	1.96
1251	53.65	153.27	91	0.6
1252	190.14	81.54	89	1.16
1253	94.81	2.53	89	1.62
1254	19.51	108.21	91	1.23
1255	60.84	169.69	89	1.53
1256	77.3	35.77	92	0.5
1257	106.32	117.08	91	1.76
1258	52.75	171.96	91	1.72
1259	146.24	163.87	89	1.35
1260	116.83	98.66	90	1.14
1261	182.34	28	90	0.87
1262	44.11	106.13	89	1.62
1263	187.29	72.64	89	1.28
1264	134.02	94.85	90	0.88
Period: 90
Tasks:13
id	x	y	end	c
901	107.76	77.28	96	24.01
902	49.54	118.67	91	53.8
903	186.23	31.24	95	110.29
904	44.35	48.29	91	75.97
905	145.24	153.87	92	70.35
906	38.62	173.29	93	95.6
907	142.21	44.34	95	69.85
908	58.24	90.28	90	42.88
909	20.14	23.53	93	110.57
910	190.92	93.89	92	91.13
911	46.4	143.2	92	68.84
912	151.73	14.54	92	99.9
913	7.25	153.08	90	106.86
Drivers: 7
id	x	y	end	sensitivity
1265	142.86	76.23	91	1.65
1266	8.47	39.05	93	1.36
1267	171.4	70.87	91	1.22
1268	82.28	38.83	90	1.69
1269	45.48	21.59	90	0.73
1270	170.82	69.64	90	0.64
1271	79.3	21.05	91	1.91
Period: 91
Tasks:11
id	x	y	end	c
914	146.33	95.8	94	46.52
915	87.24	96.53	93	13.22
916	3.78	130.3	93	100.88
917	163.21	115.65	96	65.12
918	69.48	191.31	96	96.28
919	145.97	43.1	94	73.15
920	75.88	54.47	97	51.52
921	86.95	107.91	97	15.26
922	155.39	85.07	91	57.37
923	157.03	87.97	94	58.29
924	43.73	52.45	93	73.67
Drivers: 12
id	x	y	end	sensitivity
1272	61.58	134.97	92	1.66
1273	42.08	178.98	91	0.86
1274	177.89	3.11	91	1.89
1275	167.85	93.73	92	1.27
1276	187.33	131.2	92	0.94
1277	48.05	193.6	92	0.69
1278	169.2	162.73	91	1.77
1279	87.22	100.56	91	1.47
1280	128.7	95.31	91	0.71
1281	187.45	181.74	92	1.55
1282	64.87	25.53	93	1.75
1283	12.7	199.4	93	0.91
Period: 92
Tasks:14
id	x	y	end	c
925	38.97	64.98	99	70.36
926	82.99	177.86	95	79.7
927	157.89	62.2	95	69.14
928	14.14	185.34	95	121.06
929	88.54	96.04	95	12.12
930	147.21	120.58	94	51.5
931	85.85	196.14	94	97.18
932	114.52	72.93	95	30.72
933	193.77	199.51	99	136.73
934	22.3	141.49	96	88.08
935	22.39	88.05	97	78.52
936	190.62	45.6	93	105.69
937	197.82	40.66	93	114.41
938	50.94	34.78	96	81.61
Drivers: 12
id	x	y	end	sensitivity
1284	128.63	169.49	92	1.68
1285	126.01	91.22	94	1.25
1286	88.09	165.25	95	0.86
1287	184.62	32.1	92	0.57
1288	192.03	118.3	93	1.18
1289	20.47	152.07	93	1.98
1290	113.51	172.06	93	1.74
1291	168.68	167.25	94	1.62
1292	33.81	144.16	92	0.74
1293	102.83	169.38	95	1.26
1294	192.67	106.22	92	1.16
1295	61.18	155.07	92	1.49
Period: 93
Tasks:5
id	x	y	end	c
939	185.44	194.76	94	127.59
940	119.76	88.3	97	22.96
941	8.41	199.47	97	135.21
942	35.86	4.33	95	115.18
943	111.8	121.22	97	24.28
Drivers: 18
id	x	y	end	sensitivity
1296	0.13	49.15	93	1.97
1297	168.24	95.13	96	1.29
1298	190.72	139.76	94	0.78
1299	196.03	0.71	93	0.5
1300	56.01	172.66	94	1.85
1301	39.54	39.93	93	0.56
1302	155.4	60.95	94	1.17
1303	69.01	16.04	93	1.88
1304	17.87	108.39	93	1.88
1305	187.48	142.43	94	1.74
1306	154.02	144.81	93	1.32
1307	144.14	88.84	94	0.63
1308	49.74	74.54	93	0.72
1309	13.8	176.69	94	1.53
1310	149.17	45.17	95	1.91
1311	184.42	127.26	93	1.68
1312	107.39	118.06	94	1.35
1313	6.16	49.81	96	0.94
Period: 94
Tasks:14
id	x	y	end	c
944	188.5	76.76	95	91.5
945	145.29	45.08	95	71.19
946	2.25	154.86	97	112.09
947	64.63	83.4	96	39.07
948	16.62	198.04	98	128.7
949	126.71	149.73	99	56.45
950	109	130.56	99	31.86
951	115.67	121.21	98	26.37
952	165.75	19.74	96	103.75
953	11.04	105.4	99	89.12
954	130.09	131.6	96	43.63
955	58.82	21.7	97	88.47
956	32.54	176.5	97	102
957	92.96	17.4	96	82.9
Drivers: 13
id	x	y	end	sensitivity
1314	91.64	168.49	95	1.72
1315	130.01	186.37	95	0.77
1316	7.38	186.84	94	1.31
1317	137.38	17.36	95	1.81
1318	134.65	116.73	94	1.11
1319	66.59	139.58	95	1.07
1320	94.58	195.1	96	1.6
1321	196.54	10.77	95	0.51
1322	76.01	139.91	95	0.87
1323	189.75	36.51	94	1.64
1324	151.42	56.64	95	1.37
1325	86.79	106.08	94	1.87
1326	163.22	146.38	94	1.13
Period: 95
Tasks:5
id	x	y	end	c
958	174.51	149.27	97	89.33
959	185.61	169.08	99	110.01
960	178.46	46.66	99	94.87
961	120.19	181.22	98	83.69
962	94.95	47.91	96	52.33
Drivers: 11
id	x	y	end	sensitivity
1327	92.01	172.92	96	1.79
1328	186.68	180.13	96	1.37
1329	173.01	72.53	96	0.51
1330	48.84	130.36	97	1.26
1331	14.88	85	95	1.3
1332	15.44	93.08	96	1.23
1333	165.34	93.27	95	1.2
1334	132.11	53.91	95	1.85
1335	175.55	89.13	95	1.27
1336	131.63	28	96	1.61
1337	143.29	188.92	95	1.98
Period: 96
Tasks:14
id	x	y	end	c
963	16.34	93.07	99	83.95
964	106.05	5.81	97	94.38
965	154.13	134.11	98	63.98
966	93.8	106.49	102	8.98
967	173.49	26.17	100	104.17
968	105.09	173.73	97	73.91
969	100.8	173.1	102	73.1
970	175.57	0.55	99	124.9
971	109.29	130.97	98	32.33
972	63.58	133.54	99	49.51
973	129.55	193.74	98	98.29
974	105.13	142.73	102	43.04
975	22.8	88.83	99	78
976	76.06	48	98	57.25
Drivers: 22
id	x	y	end	sensitivity
1338	22.66	88.45	96	0.59
1339	65.1	17.79	96	1.5
1340	167.95	163.76	99	1.79
1341	176.73	86.16	98	1.74
1342	127.31	153.47	98	1.5
1343	104.69	189.79	97	1.51
1344	177.8	105.5	99	0.87
1345	55.06	126.23	97	1.8
1346	68.39	114.95	98	1.17
1347	139.52	130.51	98	0.95
1348	6.21	11.57	98	2
1349	72.07	57.71	98	0.86
1350	89.41	181.24	98	1.74
1351	109.64	100.31	99	0.74
1352	44.86	96	98	0.93
1353	1.49	2.87	98	1.89
1354	38.48	64.22	99	0.57
1355	62.74	53.67	98	1.53
1356	61.47	87.27	97	0.98
1357	152.29	41.37	96	0.83
1358	113.59	18.88	97	0.77
1359	114.57	122.29	97	1.24
Period: 97
Tasks:9
id	x	y	end	c
977	120.09	86.8	98	24.04
978	104.38	111.34	100	12.16
979	60.74	177.37	97	86.76
980	89.86	35.04	101	65.75
981	105.94	152.59	99	52.92
982	106.74	99.98	100	6.74
983	158.19	184.41	103	102.52
984	33.4	25.29	97	100.09
985	114.54	27.65	104	73.8
Drivers: 24
id	x	y	end	sensitivity
1360	117.72	168.32	97	1.13
1361	59.47	193.71	98	1.11
1362	44.84	173.17	97	1.8
1363	101.01	167	99	1.33
1364	24.28	42.97	97	1.03
1365	34.41	191.37	97	1.21
1366	6.67	28.85	98	1.85
1367	149.76	181.23	98	1.32
1368	91.33	176.62	97	0.74
1369	102.62	97.14	97	0.53
1370	181.02	143.97	97	1.03
1371	30.9	128.94	98	1.5
1372	92.22	34.92	99	1.01
1373	90.88	78.04	99	0.59
1374	42.47	151.68	98	1.39
1375	99.77	88.34	99	1.5
1376	8.72	109.57	98	1.69
1377	28.03	138.11	97	1.02
1378	185.63	129.93	98	1.2
1379	136.68	138.04	97	1.36
1380	60.04	153.99	97	1.29
1381	142.66	109.45	97	1.13
1382	111.78	100.73	98	0.95
1383	69.01	63.63	97	0.52
Period: 98
Tasks:17
id	x	y	end	c
986	106.32	28.43	99	71.85
987	117.33	88.15	100	20.99
988	54.19	171.99	99	85.33
989	89.29	56.27	100	45.02
990	183.3	7.16	99	124.73
991	96.41	156.59	99	56.7
992	137.23	13.91	100	93.8
993	182.72	102.71	103	82.76
994	132.1	189.68	99	95.25
995	8.54	96.89	100	91.51
996	142.92	66.02	101	54.74
997	27.45	66.06	101	80.1
998	43.66	117.26	104	58.92
999	146.66	126.65	101	53.73
1000	56.25	112.6	99	45.53
1001	35.59	16.71	101	105.29
1002	195.3	185.9	99	128.3
Drivers: 11
id	x	y	end	sensitivity
1384	50.76	91.67	100	2
1385	172.83	5.91	99	1.9
1386	148.75	151.62	99	1.02
1387	176.61	102.97	98	1.22
1388	130.29	131.95	99	0.55
1389	104.78	5.71	102	0.67
1390	14.12	30.75	102	0.83
1391	178.99	18.4	100	1.97
1392	96.71	71.52	98	1.33
1393	157.4	142.93	99	1.26
1394	141.69	183.11	98	1.44
Period: 99
Tasks:9
id	x	y	end	c
1003	66.4	194.82	105	100.6
1004	3.07	63.17	102	103.69
1005	161.96	55.5	101	76.28
1006	56.63	136.43	102	56.64
1007	101.55	25.84	107	74.18
1008	111.12	136.64	102	38.29
1009	9.06	5.17	101	131.39
1010	112.89	64.46	103	37.81
1011	170.1	9.24	103	114.68
Drivers: 14
id	x	y	end	sensitivity
1395	85.12	5.31	99	1.41
1396	170.66	17.69	99	1.66
1397	131.07	76	99	1.43
1398	31.22	28.99	99	1.4
1399	21.53	92.59	99	1.24
1400	183.79	110.96	101	1.7
1401	158.17	162.98	99	0.82
1402	126.6	174.41	100	1.46
1403	117.23	9.43	100	1.3
1404	172.64	192.1	99	0.54
1405	120.06	84.33	100	1.91
1406	40.16	44.69	100	1.4
1407	4.39	37.95	100	0.63
1408	108.66	178.49	100	1.4
Period: 100
Tasks:9
id	x	y	end	c
1012	125.66	149.92	102	56.13
1013	53.54	121.5	101	51.19
1014	106.5	92.68	102	9.79
1015	2.46	180.15	104	126.25
1016	188.15	13.38	103	123.59
1017	149.46	60.59	105	63.24
1018	41.26	103.38	101	58.84
1019	65.33	5.95	103	100.24
1020	191.6	30.73	103	114.84
Drivers: 11
id	x	y	end	sensitivity
1409	76.01	41.12	101	0.66
1410	52.01	126.81	100	0.75
1411	10.78	124.95	100	1.37
1412	144.78	189.28	102	0.57
1413	42.87	101.89	103	0.54
1414	46.95	186.03	100	1.19
1415	21.52	24.66	100	0.91
1416	150.82	109.7	100	0.84
1417	82.09	156.04	102	1.73
1418	3.39	183.8	101	1.24
1419	172.37	186.22	101	0.66
