Periods: 100
Task Arrival Rate: 10
Task Average Time: 3
Driver Arrival Rate: 5
Driver Average Time: 1
Period: 1
Tasks:13
id	x	y	end	c
1	131.76	170.83	4	77.62
2	127.31	158.48	3	64.54
3	119.02	47.69	9	55.66
4	10.43	44.78	7	105.22
5	7.01	123.25	6	95.85
6	60.57	100.74	6	39.44
7	34.94	123.71	4	69.25
8	48.23	157.29	5	77.22
9	94.1	92.47	4	9.57
10	14.47	4.35	7	128.31
11	109.87	78.02	5	24.09
12	115.75	133.35	6	36.88
13	54.77	113.35	2	47.16
Drivers: 3
id	x	y	end	sensitivity
1	48.53	13.85	3	1.81
2	183.76	113.59	3	1.92
3	69.13	14.39	1	0.66
Period: 2
Tasks:6
id	x	y	end	c
14	65.84	86.8	3	36.62
15	186.69	140.07	6	95.5
16	193.39	127.64	2	97.39
17	59.35	129.24	7	50.07
18	42.36	90.23	2	58.46
19	28.01	49.1	5	88.17
Drivers: 4
id	x	y	end	sensitivity
4	71.34	58.52	3	1.54
5	10.2	66.89	2	0.66
6	64.04	131.43	4	0.71
7	27.2	148.54	2	1.83
Period: 3
Tasks:13
id	x	y	end	c
20	126.51	138.57	6	46.8
21	196.79	86.99	5	97.66
22	61.68	8.65	6	99.06
23	71.25	46.5	3	60.74
24	188.09	118.16	6	89.94
25	150.71	153.32	4	73.58
26	145.96	83.23	3	48.92
27	40.8	48.52	8	78.45
28	144.03	59.89	6	59.56
29	61.21	88.44	8	40.48
30	73.39	147.56	4	54.5
31	109.28	153.09	6	53.89
32	91.47	131.24	7	32.38
Drivers: 3
id	x	y	end	sensitivity
8	67.02	108.73	3	1.97
9	182.14	151.87	5	1.03
10	99.17	152.29	3	1.03
Period: 4
Tasks:8
id	x	y	end	c
33	66.27	181.38	8	88.09
34	23.03	32.08	7	102.65
35	113.19	195.42	6	96.33
36	16.81	11.36	6	121.56
37	177.14	50.47	7	91.67
38	99.5	176.27	7	76.27
39	18.76	92.13	9	81.62
40	168.33	107.57	6	68.75
Drivers: 2
id	x	y	end	sensitivity
11	104.38	155.17	4	1.29
12	42.97	43.04	4	1.4
Period: 5
Tasks:10
id	x	y	end	c
41	142.57	55.19	8	61.81
42	54.34	47.5	9	69.58
43	167.36	51.86	8	82.79
44	12.21	44.03	11	104.11
45	12.34	96.1	10	87.75
46	70.78	103.83	6	29.47
47	15.73	32.61	7	107.9
48	15.67	102.77	9	84.38
49	24.61	129.2	11	80.85
50	173.31	46.39	8	90.82
Drivers: 5
id	x	y	end	sensitivity
13	33.16	183.67	6	0.93
14	101.12	1.28	5	0.9
15	30.56	119.83	6	1.58
16	148.46	64.41	6	1.42
17	102.17	62.56	6	0.81
Period: 6
Tasks:10
id	x	y	end	c
51	53.03	161.92	11	77.72
52	44.57	134.31	10	65.19
53	24.66	66.96	10	82.27
54	62.63	37.08	8	73.18
55	124.47	168.4	6	72.65
56	108.88	109.79	11	13.22
57	116.33	60.55	8	42.7
58	65.78	45.59	9	64.28
59	6.98	82.62	10	94.63
60	162.3	9.78	12	109.64
Drivers: 11
id	x	y	end	sensitivity
18	4.38	163.14	6	1.75
19	117.93	8.86	6	1.75
20	27.14	20.04	8	1.76
21	58.27	134.73	8	0.66
22	168.77	3.62	6	0.98
23	126.03	48.94	7	1.74
24	6.06	52.69	7	1.76
25	64.77	109.78	8	0.9
26	95.14	123.46	6	1.03
27	143	37.79	8	0.5
28	70.65	83.65	7	0.93
Period: 7
Tasks:5
id	x	y	end	c
61	27.11	191.74	8	117.17
62	159.82	102.06	8	59.86
63	145.78	24.34	11	88.43
64	182.31	92.87	9	82.62
65	77.36	134.51	9	41.27
Drivers: 2
id	x	y	end	sensitivity
29	138.96	161.97	9	1.29
30	174.63	81.05	9	0.83
Period: 8
Tasks:11
id	x	y	end	c
66	148.27	162.03	11	78.6
67	120.46	163.61	13	66.82
68	88.01	0.9	12	99.82
69	184.14	158.52	10	102.49
70	41.54	160.59	11	84.19
71	26.37	16.11	12	111.62
72	87.03	28.59	13	72.58
73	68.7	4.46	13	100.54
74	136.89	31.99	11	77.37
75	81.18	133.52	14	38.44
76	33.52	24.09	9	100.91
Drivers: 2
id	x	y	end	sensitivity
31	34.1	136.82	10	1.3
32	49.45	138.21	9	0.72
Period: 9
Tasks:6
id	x	y	end	c
77	88.21	131.25	12	33.4
78	179.64	33.93	12	103.48
79	79.2	127.26	13	34.29
80	55.06	133.9	13	56.29
81	113.64	109.94	12	16.88
82	103.59	105.23	10	6.34
Drivers: 5
id	x	y	end	sensitivity
33	116.57	175.47	10	0.89
34	43.55	105.93	11	1.83
35	96.92	22.02	9	1.45
36	8.61	78.01	10	0.76
37	187.31	138.83	9	1.42
Period: 10
Tasks:13
id	x	y	end	c
83	60.17	65.44	14	52.73
84	131.04	77.87	13	38.12
85	158.32	152.94	18	78.76
86	148.07	136.23	13	60.19
87	198.48	163.22	14	117.03
88	91.34	107.66	13	11.56
89	140.35	137.96	16	55.4
90	50.46	77.55	15	54.39
91	73.07	127.16	16	38.25
92	101.93	148.1	12	48.14
93	66.63	71.88	16	43.64
94	187.44	57.8	14	97.09
95	44.08	44.31	13	78.92
Drivers: 6
id	x	y	end	sensitivity
38	15.2	9.51	10	0.65
39	94.83	18.71	10	1.54
40	18.72	123.26	10	1.54
41	40.31	92.55	10	0.8
42	37.77	198.95	10	1.88
43	74.47	77.37	13	0.77
Period: 11
Tasks:14
id	x	y	end	c
96	80.47	91.62	14	21.25
97	34.93	68.15	17	72.45
98	97.42	26.16	14	73.89
99	129.17	12.72	14	92.03
100	114.12	77.95	11	26.18
101	19.45	199.11	13	127.71
102	63.12	189.37	15	96.68
103	167.45	104.47	16	67.6
104	93.63	64.76	13	35.81
105	135.3	126.61	14	44.21
106	129.96	57.08	14	52.34
107	146.79	32.1	13	82.46
108	181.32	153.54	11	97.36
109	47.05	33.56	11	84.96
Drivers: 6
id	x	y	end	sensitivity
44	140.9	48.27	12	1.53
45	120.14	53.48	15	0.8
46	64.75	135.25	14	1.44
47	196.51	66.99	12	0.81
48	104.66	172.39	11	1.38
49	146.93	52.14	14	0.56
Period: 12
Tasks:7
id	x	y	end	c
110	86.4	109.92	15	16.83
111	24.74	171.65	15	103.91
112	187.41	162.26	14	107.32
113	197.34	117.76	14	98.95
114	157.62	84.9	14	59.57
115	190.91	71.14	15	95.38
116	153.33	80.25	14	56.87
Drivers: 2
id	x	y	end	sensitivity
50	43.82	120.54	13	0.63
51	48.89	100.08	13	1.34
Period: 13
Tasks:5
id	x	y	end	c
117	11.32	167.74	16	111.59
118	83.71	133.43	17	37.19
119	168.29	115.77	16	70.09
120	66.76	148.58	17	58.86
121	69.08	180.64	15	86.36
Drivers: 6
id	x	y	end	sensitivity
52	151.93	38.8	13	0.6
53	47.44	156.73	15	0.75
54	123.06	63.65	14	1.32
55	113.52	107.2	14	1.48
56	187.42	113.85	14	0.55
57	187.8	97.81	14	0.5
Period: 14
Tasks:5
id	x	y	end	c
122	145.39	37.29	18	77.41
123	53.53	197.1	16	107.65
124	139.53	176.37	21	85.99
125	78.7	65.73	15	40.35
126	150.13	135.95	16	61.69
Drivers: 5
id	x	y	end	sensitivity
58	145.08	150.66	16	1.21
59	160.91	196.37	15	1.37
60	183.6	54.1	14	1.98
61	88.39	43.52	15	1.74
62	62.45	175.25	15	1.7
Period: 15
Tasks:9
id	x	y	end	c
127	121.15	166.18	20	69.48
128	85.46	157.51	20	59.32
129	39.51	152.81	19	80.3
130	84.14	144.31	17	47.06
131	84.24	121.55	19	26.7
132	53.26	101.75	19	46.77
133	104.63	10.08	18	90.04
134	110.19	139.73	17	41.02
135	71.96	156.58	19	63.15
Drivers: 4
id	x	y	end	sensitivity
63	72.39	17.8	15	1.82
64	54.18	96.34	16	1.12
65	85.69	147.41	16	1.4
66	166.64	17.46	18	0.93
Period: 16
Tasks:15
id	x	y	end	c
136	4.62	23.16	17	122.48
137	7.2	169.78	20	116.11
138	108.05	54.36	18	46.34
139	69.62	91.42	17	31.57
140	102.43	159.37	19	59.42
141	152.04	161.59	22	80.63
142	103.22	36.61	18	63.47
143	197.53	143.86	19	106.94
144	92.17	28.83	19	71.6
145	5.25	28.47	19	118.72
146	177.57	90.79	22	78.11
147	34.6	41.9	19	87.48
148	188.41	127.28	19	92.52
149	23.37	112.58	17	77.66
150	121.99	120.58	20	30.12
Drivers: 1
id	x	y	end	sensitivity
67	129.73	184.51	16	0.83
Period: 17
Tasks:12
id	x	y	end	c
151	148.24	62.82	20	60.91
152	76.81	124.6	19	33.81
153	129.49	24.62	19	80.94
154	92.03	77.78	20	23.61
155	142.3	173.99	22	85.23
156	136.75	130.58	21	47.81
157	35.94	176.21	22	99.56
158	18.53	5.08	18	125.09
159	100.61	107.71	23	7.73
160	11.05	109.42	22	89.45
161	39.6	184.35	19	103.75
162	29.05	156.66	20	90.8
Drivers: 4
id	x	y	end	sensitivity
68	68.03	122.38	17	1.78
69	158.11	188.92	17	1.29
70	38.18	139.89	20	1.79
71	25.64	136.78	17	1.84
Period: 18
Tasks:11
id	x	y	end	c
163	100.76	193.47	21	93.47
164	105	89.57	21	11.57
165	116.66	168.74	21	70.73
166	194.27	14.48	21	127.28
167	16.87	1.94	23	128.55
168	94.53	123.62	20	24.25
169	60.85	109.04	18	40.18
170	131.38	162.11	26	69.59
171	173.3	89.34	26	74.07
172	13.59	140.74	22	95.53
173	35.08	33.92	21	92.63
Drivers: 5
id	x	y	end	sensitivity
72	61.11	123.38	20	1.44
73	154.59	135	19	1.03
74	11.71	190.69	19	1.84
75	14.61	53.03	20	1.26
76	104.91	121.07	19	0.54
Period: 19
Tasks:7
id	x	y	end	c
174	39.81	187.25	20	106
175	16.63	66.34	22	89.91
176	131.19	128.28	20	42.1
177	182.17	49.67	23	96.36
178	164.63	146.12	20	79.4
179	54.53	10.54	21	100.35
180	188.42	116.68	22	89.98
Drivers: 5
id	x	y	end	sensitivity
77	169.53	77.16	19	1.28
78	196.72	113.57	21	1.94
79	14.86	78.43	21	1.15
80	25.66	53.48	19	0.6
81	71.4	48.52	21	1.98
Period: 20
Tasks:11
id	x	y	end	c
181	23.09	189.44	21	117.96
182	0.09	26.94	20	123.77
183	11.75	178.22	23	117.93
184	152.48	180.88	24	96.41
185	2.18	194.68	24	136.14
186	52.37	108.75	21	48.43
187	189.84	76.77	24	92.79
188	121.26	45.56	26	58.44
189	31.14	199.25	21	120.8
190	191.16	84.74	22	92.43
191	125.01	176.24	24	80.24
Drivers: 4
id	x	y	end	sensitivity
82	40.36	127.03	21	1.53
83	53.22	60.45	20	0.69
84	182.97	95.75	21	1.5
85	34.18	71.68	20	0.5
Period: 21
Tasks:15
id	x	y	end	c
192	34.75	193.71	24	114.19
193	176.65	8.63	24	119.26
194	82.56	169.58	24	71.73
195	151.19	147.76	28	70.01
196	6.17	177.5	26	121.7
197	186.95	130.32	24	92.08
198	122.22	128.1	23	35.82
199	145.75	105.11	21	46.03
200	33.06	186.65	27	109.5
201	149.26	196.52	23	108.36
202	178.28	0.59	24	126.53
203	107.28	48	25	52.51
204	57.37	48.9	23	66.55
205	167.8	182.05	25	106.44
206	54	97.99	26	46.04
Drivers: 4
id	x	y	end	sensitivity
86	85.29	148.34	23	1.08
87	46.06	20.69	23	1.4
88	96.54	122.83	21	1.6
89	193.58	114.8	22	1.57
Period: 22
Tasks:7
id	x	y	end	c
207	160.75	164.76	27	88.79
208	134.26	190.46	26	96.73
209	33.74	96.83	26	66.34
210	103.53	19.43	27	80.65
211	12.19	27.99	24	113.56
212	75.29	67.13	24	41.12
213	159.7	70.12	24	66.76
Drivers: 5
id	x	y	end	sensitivity
90	181.77	174.15	22	1.27
91	196.36	14.63	22	1.78
92	137.29	99.92	23	0.69
93	110.99	169.03	24	1.63
94	151.49	124.35	24	1.9
Period: 23
Tasks:15
id	x	y	end	c
214	105.94	31.96	24	68.3
215	166.7	171.31	28	97.64
216	40.16	172.81	25	94.25
217	57.04	24.67	25	86.72
218	183.4	145.89	25	95.19
219	149.03	157.62	26	75.66
220	137.65	91.84	26	38.52
221	87.69	184.62	25	85.51
222	27.58	81.19	28	74.82
223	80.95	110.86	26	21.93
224	92.79	15.8	25	84.51
225	182.35	95.45	26	82.48
226	118.41	105.17	25	19.12
227	167.9	195.11	26	116.86
228	72.31	127.32	23	38.9
Drivers: 1
id	x	y	end	sensitivity
95	91.19	104.31	23	0.97
Period: 24
Tasks:11
id	x	y	end	c
229	120.5	59.16	26	45.7
230	138.12	3.42	27	103.83
231	49.55	103.4	26	50.56
232	28.98	142.5	27	82.77
233	88.08	47.76	27	53.58
234	34.15	54.86	25	79.84
235	96.16	9.12	26	90.96
236	62.23	182.97	27	91.16
237	194.42	41.37	29	111.14
238	136.04	47.78	31	63.45
239	5.52	37.13	26	113.49
Drivers: 9
id	x	y	end	sensitivity
96	116.01	85.65	24	1.8
97	196.44	102.47	24	1.08
98	35.16	27.24	24	0.81
99	128.6	117.11	25	1.57
100	21.04	26.81	24	0.64
101	78.98	130.72	25	0.5
102	153.4	175.53	25	0.53
103	34.41	81.98	25	0.8
104	24.43	34.46	26	1.86
Period: 25
Tasks:11
id	x	y	end	c
240	30.89	150.68	27	85.7
241	129.12	46.86	25	60.6
242	140.78	52.54	28	62.57
243	16.06	50.05	26	97.68
244	187.98	160.39	27	106.71
245	24.14	41.46	28	95.82
246	194.35	142.04	26	103.29
247	102.59	140.25	26	40.33
248	2.91	175.36	30	122.9
249	94.43	59.12	27	41.26
250	199.15	47.35	29	112.26
Drivers: 2
id	x	y	end	sensitivity
105	92.27	40.48	26	1.9
106	39.52	24.11	26	1.29
Period: 26
Tasks:15
id	x	y	end	c
251	106.14	92.41	29	9.76
252	151.59	151.35	28	72.79
253	173.65	47.82	26	90.26
254	73.65	116.47	29	31.07
255	179.73	39.37	28	100.16
256	126.48	131.28	28	40.98
257	131.65	180.04	31	86.07
258	173.06	137.02	28	81.9
259	64.18	91.05	28	36.92
260	0.43	151.96	27	112.31
261	37.34	16.08	29	104.73
262	124	93.38	26	24.9
263	25.47	158.27	28	94.61
264	183.8	43.78	27	100.91
265	138.35	71.31	31	47.89
Drivers: 6
id	x	y	end	sensitivity
107	132.61	132.93	26	0.92
108	26.68	154.76	26	1.92
109	190.34	44.26	31	1.22
110	116.29	102.91	27	1.79
111	85.55	130.27	28	0.98
112	35.01	64.34	27	0.97
Period: 27
Tasks:13
id	x	y	end	c
266	116.13	178.81	32	80.44
267	102.72	158.62	32	58.68
268	57.67	139.91	29	58.18
269	36.16	75.62	29	68.34
270	90.16	183.31	27	83.89
271	67.81	39.7	31	68.35
272	178.22	76.4	29	81.7
273	195.09	171.54	33	119
274	68.72	25.52	29	80.78
275	44.77	7.28	29	107.92
276	155.3	172.51	31	91.19
277	46.1	168.99	30	87.55
278	68.42	62.8	27	48.8
Drivers: 3
id	x	y	end	sensitivity
113	138.21	194.54	28	0.81
114	194.63	173.09	30	1.47
115	62.77	169.44	27	0.96
Period: 28
Tasks:7
id	x	y	end	c
279	159.19	27.94	36	93.25
280	149.43	153.19	31	72.61
281	175.32	124.33	31	79.15
282	114.75	100.44	29	14.76
283	163.7	155.36	32	84.39
284	112.11	146.89	29	48.43
285	23.98	51.19	31	90.34
Drivers: 6
id	x	y	end	sensitivity
116	38.01	108.65	29	1.41
117	72.59	138.65	29	0.9
118	96.1	149.14	30	1
119	199.45	132.45	28	0.55
120	146.26	20.59	29	1.97
121	18.24	61.08	29	1.88
Period: 29
Tasks:9
id	x	y	end	c
286	103.68	133.6	31	33.8
287	167.09	198.06	29	118.81
288	170.04	29.31	34	99.51
289	84.61	110.71	31	18.75
290	145.61	159.09	34	74.65
291	165.86	35.11	34	92.46
292	17.7	107.56	30	82.65
293	54.35	151.73	31	68.99
294	61.79	97.48	31	38.29
Drivers: 2
id	x	y	end	sensitivity
122	1.63	40.31	31	1.7
123	180.87	37.59	30	0.68
Period: 30
Tasks:8
id	x	y	end	c
295	69.46	178.93	34	84.63
296	100.8	84.25	33	15.77
297	165.58	162.58	31	90.65
298	190.91	45.66	33	105.91
299	183.29	19.92	36	115.54
300	187.37	92.43	33	87.7
301	16.45	45.69	32	99.65
302	184.42	136.54	33	91.99
Drivers: 1
id	x	y	end	sensitivity
124	75.91	17.35	30	0.68
Period: 31
Tasks:4
id	x	y	end	c
303	13.72	17.5	32	119.38
304	70.73	108.91	32	30.6
305	179.25	117.26	36	81.11
306	102	129.23	32	29.3
Drivers: 5
id	x	y	end	sensitivity
125	48.45	131.28	33	0.8
126	183.05	189.25	31	0.73
127	41.31	100.41	31	1.23
128	197.6	79.48	32	0.89
129	161.81	198.5	32	0.83
Period: 32
Tasks:11
id	x	y	end	c
307	118.97	86.94	35	23.03
308	87.08	11.03	34	89.9
309	11.82	131.97	35	93.8
310	134.1	102.33	35	34.18
311	21.9	85.35	36	79.46
312	95.69	86.04	34	14.61
313	148.18	98.11	34	48.22
314	118.3	102.14	36	18.42
315	101.97	174.87	33	74.9
316	181.74	35.9	34	103.88
317	181.19	8.95	34	121.99
Drivers: 1
id	x	y	end	sensitivity
130	134.33	176.75	33	1.58
Period: 33
Tasks:9
id	x	y	end	c
318	99.9	52.31	37	47.69
319	17.3	65.62	36	89.56
320	146.34	193.04	37	103.94
321	173.17	64.38	36	81.38
322	155.31	186.87	35	102.98
323	95.34	181.62	38	81.75
324	8.11	145.8	38	102.67
325	164.71	62.2	38	74.94
326	116.4	26.13	36	75.67
Drivers: 4
id	x	y	end	sensitivity
131	54.08	162.99	35	0.77
132	176.54	69.73	33	0.64
133	4.47	55.99	34	1.63
134	57.73	89.96	37	1.73
Period: 34
Tasks:17
id	x	y	end	c
327	22.32	9	38	119.65
328	142.02	195.22	36	104.08
329	142.11	100.78	38	42.12
330	31.93	157.84	36	89.33
331	59.29	78.42	36	46.08
332	124.29	98.78	37	24.32
333	159.8	166.45	35	89.4
334	34.81	197.7	36	117.45
335	118.13	28.8	35	73.47
336	112.59	89.64	36	16.3
337	145.01	12.54	38	98.36
338	123.41	58.27	36	47.85
339	104.97	5.57	39	94.56
340	17.62	80.08	37	84.75
341	198.9	151.08	35	111.31
342	162.6	87.43	35	63.85
343	154.6	154.43	37	77.1
Drivers: 4
id	x	y	end	sensitivity
135	58.51	144.25	34	1.72
136	149.48	91.64	38	1.89
137	189.29	199.23	34	1.48
138	151.81	91.01	34	0.66
Period: 35
Tasks:5
id	x	y	end	c
344	11.53	91	37	88.93
345	178.54	175.58	36	109
346	107.33	22.02	38	78.32
347	45.25	34.31	38	85.51
348	9.93	37.98	38	109.36
Drivers: 1
id	x	y	end	sensitivity
139	122.02	7.21	35	1.84
Period: 36
Tasks:10
id	x	y	end	c
349	80.7	170.11	37	72.72
350	85.93	14.67	43	86.48
351	140.19	87.42	39	42.11
352	1.76	14.18	38	130.45
353	107.27	19.24	38	81.09
354	67.81	78.69	41	38.6
355	109.97	179.46	44	80.08
356	81.99	171.73	39	73.96
357	116.81	4.43	39	97.04
358	40.94	100.85	37	59.07
Drivers: 8
id	x	y	end	sensitivity
140	136.55	183.28	36	1.37
141	157.45	191.74	36	0.56
142	177.45	23.93	36	0.58
143	120.87	186.43	37	1.29
144	26.81	58.09	37	0.95
145	44.28	120.55	36	0.88
146	36.47	140.58	37	1.99
147	95.38	21.23	36	1.53
Period: 37
Tasks:10
id	x	y	end	c
359	110.3	16.95	43	83.69
360	56.27	191.28	41	101.21
361	102.2	37.23	39	62.81
362	4.21	198.63	41	137.49
363	146.81	174.14	39	87.68
364	123.71	42.91	38	61.82
365	109.9	171.83	42	72.51
366	29.29	49.64	39	86.81
367	42.59	133.51	41	66.47
368	70.42	150.43	40	58.47
Drivers: 4
id	x	y	end	sensitivity
148	134.07	172.45	37	1.36
149	87.65	159.28	38	0.62
150	43.53	0.36	39	0.5
151	82.3	148.67	38	1.06
Period: 38
Tasks:12
id	x	y	end	c
369	21.31	155.31	40	96.18
370	117.34	6.53	41	95.06
371	25.25	10.65	41	116.49
372	39.94	59.73	43	72.31
373	166.25	76.8	39	70.19
374	15.11	151.32	43	99.2
375	55.41	80.58	39	48.64
376	29.5	52.77	44	84.86
377	195.78	66.74	39	101.39
378	150.33	198.46	40	110.58
379	62.32	30.42	39	79.13
380	29.57	93.4	40	70.74
Drivers: 5
id	x	y	end	sensitivity
152	148.89	131.63	38	1.43
153	176.25	56.3	39	1.47
154	85.48	141.93	39	1.44
155	34.04	125.48	41	1.7
156	167.62	129.75	38	1.34
Period: 39
Tasks:10
id	x	y	end	c
381	52.81	86.58	40	49.06
382	146.07	139.76	40	60.85
383	69.37	190.19	44	95.25
384	67.09	60.54	39	51.38
385	136.93	136.13	44	51.66
386	198.93	195.74	40	137.67
387	63.47	176.26	45	84.56
388	143.39	82.65	41	46.73
389	173.57	176.23	41	105.94
390	184.29	105.14	40	84.45
Drivers: 3
id	x	y	end	sensitivity
157	117.81	146.1	39	1.16
158	164.58	45.13	39	2
159	74.95	186.65	40	1.22
Period: 40
Tasks:13
id	x	y	end	c
391	74.79	191.45	41	94.86
392	110.9	168.09	41	68.96
393	96.62	64.19	42	35.97
394	154.66	14.87	42	101.17
395	117.68	22.68	43	79.32
396	82.24	141.76	42	45.38
397	162.8	0.79	45	117.42
398	37.71	86.87	43	63.66
399	190.56	79.5	41	92.85
400	76.4	49.97	45	55.32
401	165.83	1.74	42	118.27
402	13.52	52.79	43	98.53
403	194.25	139.55	42	102.21
Drivers: 7
id	x	y	end	sensitivity
160	178.7	30.79	42	1.74
161	168.33	110.49	40	1.47
162	130.46	179.53	40	1.38
163	94.27	148.67	42	1.14
164	59.47	106.76	41	0.57
165	154.94	46.85	40	1.05
166	56.85	37.43	40	1.07
Period: 41
Tasks:11
id	x	y	end	c
404	141.28	7.03	44	101.72
405	4.14	8.8	44	132.31
406	65.18	104.39	42	35.1
407	46.56	113.43	42	55.1
408	92.94	57.07	42	43.51
409	22.64	109.58	44	77.95
410	47.36	171.44	42	88.74
411	184.8	162.12	44	105.12
412	145.81	167.62	43	81.68
413	78.07	157.58	43	61.61
414	134.05	31.97	46	76.08
Drivers: 2
id	x	y	end	sensitivity
167	114.76	154.08	42	1.35
168	118.63	198.23	42	0.8
Period: 42
Tasks:11
id	x	y	end	c
415	145.29	83.64	46	48.15
416	145.52	98.89	43	45.53
417	77.33	20.79	46	82.39
418	38.92	76.27	46	65.53
419	13.14	107.65	44	87.2
420	180.4	127.96	45	85.12
421	128.71	149.38	46	57.12
422	168.03	183.57	45	107.76
423	63.5	28.55	44	80.23
424	51.38	122.49	53	53.57
425	108.93	31.14	46	69.44
Drivers: 6
id	x	y	end	sensitivity
169	171.8	187.21	43	0.94
170	95.29	189.63	43	1.98
171	103.06	176.35	42	0.92
172	152.06	125.17	43	0.58
173	166.54	36.33	42	1.55
174	66.89	191.14	42	1.27
Period: 43
Tasks:9
id	x	y	end	c
426	191.18	10.2	44	127.98
427	55.12	43.65	46	72.04
428	150.33	93.02	50	50.81
429	26.01	179.67	47	108.73
430	123.44	108.18	46	24.83
431	18.78	181.79	47	115.27
432	28.75	185.72	48	111.47
433	26.42	153.69	49	91.09
434	196.19	88.34	46	96.89
Drivers: 5
id	x	y	end	sensitivity
175	139.26	192.31	44	1.66
176	17.67	141.83	45	0.86
177	60.03	157.87	43	1.09
178	155.1	189.44	44	0.87
179	52.63	64.87	43	1.38
Period: 44
Tasks:13
id	x	y	end	c
435	161.27	116.43	47	63.43
436	36.68	25.55	47	97.74
437	181.88	131.88	50	87.87
438	154.74	14.52	46	101.51
439	138.61	24.12	45	85.14
440	56.48	188.34	47	98.48
441	153.84	59.62	46	67.3
442	173.49	31.48	45	100.48
443	127.18	32.13	48	73.11
444	172.17	47.03	48	89.52
445	0.47	15.48	48	130.58
446	192.29	180.1	47	122.2
447	13.69	171.59	49	112.14
Drivers: 4
id	x	y	end	sensitivity
180	4.6	39.02	44	1.52
181	51.04	9.4	45	1.14
182	161.39	0.42	44	1.8
183	132.69	65.67	46	1.82
Period: 45
Tasks:12
id	x	y	end	c
448	166.83	102.58	48	66.88
449	82.94	33.02	46	69.12
450	61.58	162.93	47	73.73
451	30.36	81.26	49	72.12
452	86.35	77.88	47	25.99
453	37.42	2.42	48	115.92
454	87.69	77.84	49	25.35
455	19.08	182.43	48	115.51
456	136.34	53.66	46	58.89
457	198.71	188.64	48	132.67
458	93.2	191.87	46	92.12
459	59.09	69.88	49	50.8
Drivers: 9
id	x	y	end	sensitivity
184	78.83	40.23	45	0.89
185	100.88	35.54	45	1.52
186	134.77	54.98	46	0.9
187	57.24	160.18	46	1.04
188	191	45.85	48	1.8
189	39.07	49.46	46	1.24
190	6.46	33.82	45	0.95
191	92.08	173.26	48	1.78
192	92.17	18.95	47	1.66
Period: 46
Tasks:8
id	x	y	end	c
460	147.78	79.74	46	51.9
461	13.23	172.99	48	113.39
462	107.26	150.99	50	51.5
463	29.55	70.31	53	76.45
464	102.02	117.44	47	17.56
465	125.01	72.18	51	37.41
466	126.77	78.32	48	34.45
467	173.92	61.43	49	83.38
Drivers: 5
id	x	y	end	sensitivity
193	9.18	40.13	46	1.82
194	130.54	139.48	47	1.08
195	59.11	124.22	47	1.64
196	182.55	103.25	47	1.46
197	89.58	174.08	46	1.04
Period: 47
Tasks:13
id	x	y	end	c
468	17.71	22.66	50	112.93
469	180.46	81.67	50	82.52
470	45.98	69.51	50	62.03
471	23.26	178.08	51	109.48
472	11.92	104.47	52	88.19
473	26.63	34.94	51	98.06
474	138.36	39.94	52	71.26
475	39.24	12.67	49	106.39
476	20.06	36.22	50	102.27
477	94.26	109.66	48	11.24
478	75.7	95.15	49	24.78
479	188.33	103.87	49	88.41
480	193.7	1.17	51	136.19
Drivers: 3
id	x	y	end	sensitivity
198	146.71	19.62	49	1.82
199	107.07	105.11	48	1.45
200	125.37	182.78	47	0.7
Period: 48
Tasks:11
id	x	y	end	c
481	64.75	165.21	54	74.13
482	49.02	94.85	50	51.24
483	187.08	139.29	48	95.53
484	32.74	174.22	50	100.16
485	6.13	48.5	50	107.07
486	151.15	72.67	51	57.99
487	180.28	138.39	52	88.99
488	164.59	116.39	53	66.64
489	97.71	115.06	53	15.23
490	191.24	161.24	51	109.89
491	10.19	125.68	50	93.41
Drivers: 5
id	x	y	end	sensitivity
201	14.8	8.26	49	0.52
202	72.9	78.51	48	1.25
203	81.26	134.14	49	1.38
204	60.44	6.38	50	1.17
205	44.56	188.04	48	1.16
Period: 49
Tasks:14
id	x	y	end	c
492	104.37	176.76	52	76.88
493	198.96	46.7	51	112.4
494	7.73	39.22	53	110.49
495	72.69	74.82	52	37.15
496	45.22	101.69	51	54.81
497	113.35	195.33	55	96.26
498	76.51	147	50	52.54
499	50.5	1.15	50	110.55
500	178.29	177.06	54	109.85
501	199.87	163.89	50	118.56
502	70.16	156.67	51	64.05
503	42.67	126.08	50	62.98
504	27.11	147.13	49	86.8
505	164.35	77.14	51	68.29
Drivers: 2
id	x	y	end	sensitivity
206	48.53	20.73	50	0.74
207	135.66	170.82	49	0.92
Period: 50
Tasks:9
id	x	y	end	c
506	108.66	38.73	53	61.88
507	187.66	23.81	51	116.14
508	19.79	122.52	51	83.31
509	63.39	155.7	58	66.65
510	52.6	46.7	52	71.33
511	78.32	38.35	53	65.35
512	149.18	128.33	53	56.76
513	7.24	119.9	55	94.87
514	76.31	65.48	53	41.87
Drivers: 5
id	x	y	end	sensitivity
208	50.84	41.24	50	0.84
209	82.05	43.12	51	1.55
210	140.4	168.32	51	1.63
211	20.48	169.51	52	1.79
212	51.08	190.15	50	1.88
Period: 51
Tasks:7
id	x	y	end	c
515	180.96	32.04	55	105.7
516	199.61	96.24	52	99.68
517	110.48	41.38	52	59.55
518	34.16	142.92	56	78.59
519	170.12	199.08	58	121.38
520	123.02	111.42	55	25.7
521	99.63	7.28	53	92.72
Drivers: 7
id	x	y	end	sensitivity
213	169.61	72.75	51	1.99
214	46.45	91.5	51	1.73
215	99.75	157.66	51	0.65
216	112.02	40.24	53	1.96
217	135.51	33.13	53	1.39
218	165.45	47.73	51	1.35
219	42.87	2.91	52	0.87
Period: 52
Tasks:12
id	x	y	end	c
522	44.24	109.34	56	56.54
523	20.19	70.6	56	85.05
524	17.67	153.22	56	98.03
525	69.11	53.87	52	55.52
526	133.16	39.96	56	68.59
527	194.93	92.98	53	95.19
528	5.29	198.91	54	136.94
529	177.5	194.05	54	121.87
530	80.95	39.61	55	63.32
531	87.34	192.93	54	93.79
532	6.05	36.08	54	113.63
533	6.31	190.15	56	130.02
Drivers: 2
id	x	y	end	sensitivity
220	185.24	83.55	53	1.12
221	95.35	26.33	54	0.58
Period: 53
Tasks:13
id	x	y	end	c
534	163.94	105.84	55	64.21
535	118.3	168.52	57	70.92
536	61.38	28.06	53	81.65
537	90.45	46.67	57	54.18
538	10.03	77.43	55	92.76
539	186.16	49.9	57	99.67
540	128.07	132.23	56	42.74
541	102.54	196.34	55	96.37
542	137.7	38.68	57	71.98
543	55.85	35.74	56	77.97
544	150.03	45.98	56	73.63
545	79.63	167	58	70.03
546	54.93	186.15	53	97.23
Drivers: 3
id	x	y	end	sensitivity
222	16.44	36.88	59	1.26
223	25.09	187.82	56	0.63
224	87.79	97.07	54	1.66
Period: 54
Tasks:9
id	x	y	end	c
547	77.92	8.47	55	94.16
548	49.5	33.07	56	83.84
549	132.75	58.82	54	52.62
550	39.41	176.99	55	97.97
551	42.32	19.82	56	98.77
552	2.35	42.84	56	113.15
553	182.36	192.33	58	123.73
554	134.31	13.46	54	93.09
555	88.8	100.79	56	11.23
Drivers: 6
id	x	y	end	sensitivity
225	198.88	42.72	54	0.85
226	39.71	146.59	55	1.38
227	155.23	42.91	56	0.96
228	46.87	69.32	56	0.98
229	28.13	160	56	0.78
230	187.45	165.21	54	0.6
Period: 55
Tasks:6
id	x	y	end	c
556	155.79	28.17	59	90.95
557	26.71	121.37	59	76.34
558	35.77	162.9	57	89.9
559	192.06	175.34	56	118.96
560	186.44	75.55	58	89.83
561	169.01	113.13	56	70.25
Drivers: 4
id	x	y	end	sensitivity
231	15.47	103.09	56	1.11
232	84.59	48.58	55	1.07
233	3.39	103.65	57	1.59
234	113.01	137.8	55	1.34
Period: 56
Tasks:11
id	x	y	end	c
562	91.94	54.21	62	46.49
563	119.02	149.46	61	52.99
564	138.51	192.13	59	99.85
565	127.52	179.46	60	84.09
566	60.83	73.93	59	47.05
567	36.77	14.96	59	105.97
568	21.87	34.32	60	102.07
569	37.97	141.48	58	74.62
570	55.07	54.44	62	63.99
571	79.53	39.41	61	63.95
572	52.86	155.3	61	72.67
Drivers: 4
id	x	y	end	sensitivity
235	53.97	42.12	58	1.47
236	109.7	29.74	57	1.59
237	20.85	10.31	59	0.92
238	94.72	144.1	58	1.9
Period: 57
Tasks:8
id	x	y	end	c
573	144.79	72.95	63	52.32
574	129.57	176.55	60	82.06
575	21.74	38.73	58	99.39
576	60.41	191.21	62	99.43
577	22.87	95.21	59	77.28
578	146.17	45.29	60	71.59
579	6.02	199.19	62	136.64
580	195.44	180.8	61	125.05
Drivers: 4
id	x	y	end	sensitivity
239	19.76	13.84	57	1.19
240	18.89	66.88	58	1.66
241	135.59	39.49	58	1.74
242	4.55	166.33	57	1.98
Period: 58
Tasks:8
id	x	y	end	c
581	75.98	92.33	60	25.21
582	47.25	92.51	60	53.28
583	176.04	56.57	62	87.57
584	60.32	110.22	59	40.98
585	79.5	15.85	66	86.61
586	83.5	84.14	62	22.89
587	162.47	190.21	59	109.73
588	183.72	6.18	59	125.74
Drivers: 4
id	x	y	end	sensitivity
243	77.08	38.4	60	1.46
244	45.79	176.74	58	0.82
245	15.78	105.08	60	0.94
246	176.68	157.78	60	1.21
Period: 59
Tasks:11
id	x	y	end	c
589	91.43	178.48	65	78.95
590	49.65	185.35	62	99.09
591	157.67	56.52	62	72.22
592	124.28	4.17	63	98.86
593	48.78	197.7	62	110.31
594	24.75	33.45	61	100.46
595	153.6	68.75	63	62.04
596	2.37	172.59	65	121.66
597	64.56	115.8	63	38.8
598	164.09	50.8	63	80.8
599	12.06	1.44	61	132.09
Drivers: 0
id	x	y	end	sensitivity
Period: 60
Tasks:8
id	x	y	end	c
600	124.47	160.25	66	65.03
601	69.91	52.45	63	56.27
602	81.59	112.66	63	22.34
603	66.06	131.3	65	46.17
604	132.41	198.97	61	104.14
605	147.08	139.95	63	61.75
606	66.62	152.64	62	62.33
607	110.84	168.77	62	69.62
Drivers: 6
id	x	y	end	sensitivity
247	44.15	159.64	62	1.39
248	22.67	132.59	62	1.9
249	61.16	50.97	61	0.79
250	192.78	190.96	61	1.4
251	33.05	32.44	61	1.52
252	158.56	184.63	60	0.52
Period: 61
Tasks:9
id	x	y	end	c
608	128.82	142.29	65	51.18
609	52.27	190.4	62	102.23
610	165.91	112.3	61	67.05
611	152.69	44.46	62	76.56
612	137.77	51.79	62	61.24
613	20	46.33	65	96.34
614	77.99	195.65	61	98.15
615	124.09	10.04	63	93.13
616	172.15	9.29	68	115.9
Drivers: 6
id	x	y	end	sensitivity
253	59.68	49.21	62	1.27
254	6.04	37.16	62	0.62
255	101.58	174.23	63	1.31
256	88.77	176.2	61	1.26
257	10.63	199.98	62	1.74
258	137.15	60.47	61	0.58
Period: 62
Tasks:5
id	x	y	end	c
617	94.22	99.95	65	5.78
618	24.22	180.59	63	110.62
619	189.15	18.65	63	120.69
620	37.82	80.71	64	65.1
621	125.5	23.98	65	80.18
Drivers: 6
id	x	y	end	sensitivity
259	51.11	171.48	63	1.52
260	193.96	155.04	63	1.23
261	17.39	159.13	63	1.73
262	85.18	155.09	64	1.34
263	111.38	107.76	62	0.52
264	166.62	35.13	63	1.65
Period: 63
Tasks:15
id	x	y	end	c
622	151.21	51.2	65	70.74
623	103.82	149.66	65	49.81
624	32.9	56.15	66	80.16
625	126.45	173.08	66	77.72
626	15.62	173.05	68	111.61
627	108.94	156.99	64	57.69
628	136.99	83.71	64	40.42
629	177.13	9.25	66	119.1
630	28.68	196.83	67	120.26
631	49.89	158.12	64	76.74
632	47.1	97.45	67	52.96
633	12.64	43.43	65	104.08
634	31.22	197.71	63	119.49
635	65.03	57.28	69	55.21
636	140.29	119.1	63	44.59
Drivers: 3
id	x	y	end	sensitivity
265	44.87	27.03	64	1.66
266	27.95	55.52	64	1.11
267	31.71	155.2	65	0.73
Period: 64
Tasks:8
id	x	y	end	c
637	151.48	48.86	68	72.56
638	13.33	92.88	66	86.96
639	178.17	37.61	68	100.02
640	155.57	45.74	65	77.67
641	122.54	176.03	66	79.3
642	148.95	36.46	69	80.21
643	148.36	180.34	64	93.77
644	28.32	90.95	69	72.25
Drivers: 10
id	x	y	end	sensitivity
268	21.82	139.63	65	1.73
269	92.48	43.84	66	1.59
270	48.66	120.74	64	0.53
271	138.19	139.7	66	0.93
272	160.15	155.17	64	1.22
273	179.1	51.77	65	1.18
274	87.94	20.71	64	1.84
275	158.87	107.21	65	0.95
276	35.77	188.84	65	1.42
277	117.93	14.71	65	1.03
Period: 65
Tasks:3
id	x	y	end	c
645	138.05	77.46	67	44.23
646	21.83	158.47	68	97.62
647	76.74	23.68	70	79.79
Drivers: 8
id	x	y	end	sensitivity
278	100.87	181.34	65	1.23
279	94.81	96	66	1.55
280	181.87	141.14	66	1.5
281	199.85	28.11	66	1.23
282	175.73	148.91	67	1.51
283	52.83	196.81	66	0.84
284	184.93	11.6	66	1.29
285	124.25	50.48	66	1.55
Period: 66
Tasks:18
id	x	y	end	c
648	128.93	146.48	71	54.75
649	148.09	62.64	70	60.9
650	80.79	43.53	69	59.65
651	118.08	153.32	68	56.3
652	87.32	158.98	68	60.33
653	68.76	23.48	70	82.65
654	133.53	169.53	69	77.19
655	15.59	102.66	71	84.45
656	40.1	192.94	67	110.57
657	148.39	14.62	71	98.14
658	55.52	53.63	68	64.25
659	13.62	154.9	70	102.35
660	159.67	48.68	71	78.7
661	19.35	47.85	67	96.04
662	37.51	5.92	68	112.94
663	10.86	88.57	66	89.87
664	49.37	17.26	69	97
665	184.11	123.04	72	87.21
Drivers: 5
id	x	y	end	sensitivity
286	111.53	38.87	66	1.71
287	186.93	77.05	67	1.71
288	138.69	97.57	69	0.56
289	64.13	76.55	68	1.92
290	171.27	90.68	67	1.29
Period: 67
Tasks:9
id	x	y	end	c
666	46.71	28.29	72	89.34
667	26.99	13.45	70	113.23
668	184.88	12.77	69	121.71
669	105.92	121.68	68	22.47
670	66.37	148.13	71	58.72
671	9.58	130.63	70	95.47
672	51.54	118.72	69	51.95
673	62.19	149.1	70	61.97
674	159.78	24.59	71	96.23
Drivers: 6
id	x	y	end	sensitivity
291	84.96	41.11	68	0.59
292	178.05	9.74	70	1.82
293	175.95	176.21	67	0.53
294	179.13	56.82	67	1.9
295	75.64	41.54	69	1.88
296	140.93	97.85	67	1.23
Period: 68
Tasks:13
id	x	y	end	c
675	109.32	105.35	71	10.75
676	158.04	108.29	70	58.63
677	8.17	140.91	69	100.53
678	187.38	154.58	70	103.03
679	190.55	81.92	69	92.34
680	126.96	186.31	72	90.42
681	197.1	96.93	72	97.15
682	79.45	127.82	72	34.59
683	49.14	70.98	72	58.56
684	62.08	198.43	72	105.48
685	55.88	5.42	70	104.36
686	56.87	100.01	72	43.13
687	99.48	12.54	69	87.46
Drivers: 7
id	x	y	end	sensitivity
297	48.75	130.9	70	0.85
298	71.17	160.89	68	1.34
299	10.51	57	69	1.49
300	173.4	94.7	69	0.72
301	52.5	9.56	68	0.57
302	48.77	42.44	68	1.2
303	81.73	167.52	69	1.84
Period: 69
Tasks:13
id	x	y	end	c
688	120.37	161.52	71	64.8
689	18.17	146.76	70	94.25
690	173.47	5.78	72	119.48
691	115.36	161.26	70	63.16
692	53.95	118.88	72	49.77
693	188.35	32.57	69	111.14
694	33.19	81.09	72	69.43
695	171.69	77.74	71	75.07
696	93.44	27.21	72	73.09
697	129.9	131.16	72	43.19
698	172.43	121.18	72	75.46
699	72.11	34.02	71	71.63
700	42.85	87.27	71	58.55
Drivers: 4
id	x	y	end	sensitivity
304	172.32	12.83	69	1.49
305	65.77	187.28	69	2
306	82.56	116.84	71	1.46
307	101.63	113.92	71	0.87
Period: 70
Tasks:13
id	x	y	end	c
701	118.15	42.16	72	60.62
702	100.18	197.38	71	97.38
703	105.66	69.92	74	30.61
704	122.39	187.7	73	90.51
705	144.72	107.76	72	45.39
706	190.41	18.81	75	121.51
707	26.33	196.72	72	121.58
708	193	189.51	75	129.08
709	175.26	188.4	71	116.1
710	180.86	71.97	74	85.58
711	186.63	107	71	86.91
712	39.92	161.31	75	85.84
713	129.98	129.69	71	42.19
Drivers: 5
id	x	y	end	sensitivity
308	43.82	171.96	70	1.81
309	175.91	169.38	70	1.63
310	122.12	126.19	71	0.65
311	131.23	107.69	72	0.52
312	108.92	161.22	72	1.17
Period: 71
Tasks:3
id	x	y	end	c
714	4.46	24.24	72	121.93
715	72.59	41.67	74	64.45
716	48.46	30.23	76	86.74
Drivers: 3
id	x	y	end	sensitivity
313	135.65	79.64	72	1.25
314	150.07	18.68	72	1.95
315	154.38	50.63	72	1.89
Period: 72
Tasks:12
id	x	y	end	c
717	68.7	7.78	77	97.39
718	16.86	82.94	75	84.87
719	33.78	51.75	76	81.93
720	29.48	28.6	75	100.35
721	148.08	54.36	79	66.29
722	6.95	29.17	77	116.94
723	170.19	136.29	75	79.02
724	162.98	112.63	74	64.23
725	14.33	167.65	78	109.16
726	68.6	74.83	74	40.24
727	69.95	18.15	74	87.19
728	110.01	183.71	75	84.31
Drivers: 3
id	x	y	end	sensitivity
316	184.04	62.04	72	0.54
317	56.36	23.41	72	0.66
318	10.49	155.2	74	0.77
Period: 73
Tasks:11
id	x	y	end	c
729	29.64	43.06	79	90.51
730	26.47	109.27	76	74.11
731	54.44	49.11	75	68.3
732	51.12	176.46	80	90.75
733	47.48	133.59	75	62.34
734	36.04	174.56	76	98.23
735	112.86	180.24	76	81.26
736	110.56	23.71	78	77.02
737	17.89	84.12	75	83.63
738	147.16	156.85	76	73.86
739	170.23	183.52	75	109.12
Drivers: 8
id	x	y	end	sensitivity
319	197.77	54.14	74	0.62
320	35.2	0.98	74	0.91
321	85.54	104.24	73	1.8
322	146.09	25.42	73	1.66
323	73.71	65.59	73	1.42
324	51.6	15.02	73	0.82
325	163.44	60.49	73	0.97
326	1.16	64.48	74	0.71
Period: 74
Tasks:15
id	x	y	end	c
740	46.74	6.03	80	108.01
741	194.67	83.86	77	96.04
742	191.99	17.17	78	123.79
743	119.28	147.94	76	51.67
744	110.79	156.4	78	57.42
745	31.56	150.15	76	84.85
746	62.47	110.55	76	38.98
747	30.85	61.46	79	79.16
748	138.08	146.45	77	60.06
749	77.82	133.59	76	40.25
750	14.73	46.07	80	100.89
751	126.49	88.97	78	28.69
752	73.6	2.41	79	101.1
753	130.27	116	75	34.24
754	5.28	196.87	76	135.48
Drivers: 6
id	x	y	end	sensitivity
327	19.19	157.32	74	1.03
328	136.89	100.73	77	1.81
329	61.89	185.73	74	1.29
330	112.83	113.79	74	0.79
331	1.99	177.84	76	1.36
332	111.03	152.64	75	0.63
Period: 75
Tasks:10
id	x	y	end	c
755	33.14	75.8	77	71.1
756	122.23	27.99	80	75.36
757	131.06	77.91	78	38.11
758	184.48	21.44	77	115.36
759	34.18	171.56	77	97.23
760	118.09	20.33	77	81.7
761	147.87	72.01	78	55.45
762	101.78	105.21	80	5.51
763	84.65	84.11	80	22.09
764	2.9	2.3	81	137.75
Drivers: 4
id	x	y	end	sensitivity
333	107.49	11.99	75	1.52
334	6.01	107.88	76	1.63
335	61.03	177.74	75	1.24
336	116.24	176.93	77	1.79
Period: 76
Tasks:8
id	x	y	end	c
765	18.87	144.47	78	92.52
766	33.05	97.75	81	66.99
767	185.1	120.4	77	87.51
768	92.34	86.71	80	15.34
769	113.26	113.68	76	19.05
770	152.97	48.11	77	74.15
771	108.16	17.36	79	83.04
772	165.01	15.22	77	106.84
Drivers: 7
id	x	y	end	sensitivity
337	27.81	87.17	77	1.11
338	113	84.09	78	0.92
339	19.96	164.79	78	0.87
340	21.31	85.02	77	1.31
341	27.58	95.88	76	1.24
342	166.32	45.21	79	0.74
343	19.5	10.76	77	1.13
Period: 77
Tasks:9
id	x	y	end	c
773	167.92	148.78	78	83.62
774	190.08	188.99	80	126.62
775	16.08	71.82	79	88.53
776	162.62	18.42	81	102.84
777	21.07	175.73	78	109.38
778	28.46	21.51	81	106.2
779	87.06	32.36	80	68.87
780	93.35	36.3	78	64.05
781	152.94	181	77	96.77
Drivers: 3
id	x	y	end	sensitivity
344	38.74	165.25	77	0.64
345	174.2	134.67	77	1.73
346	87.91	199.7	77	1.21
Period: 78
Tasks:5
id	x	y	end	c
782	50.43	109.41	82	50.46
783	63.86	122.75	81	42.7
784	95.25	182.95	79	83.09
785	3.08	11.96	81	130.94
786	67.65	138.29	81	50.13
Drivers: 7
id	x	y	end	sensitivity
347	116.24	108.13	81	1.83
348	144.82	58.85	79	1.14
349	2.88	148.92	78	0.65
350	46.28	150.74	78	1.85
351	102.93	197.86	80	1.28
352	148.64	197.46	79	1.59
353	91.59	63.67	80	1.34
Period: 79
Tasks:6
id	x	y	end	c
787	39.22	130.4	81	67.96
788	172.77	191.6	84	116.99
789	73.8	148.8	81	55.39
790	157.02	199.1	79	114.33
791	136.11	171.86	80	80.42
792	104.76	66.36	81	33.98
Drivers: 5
id	x	y	end	sensitivity
354	34.19	113.71	80	1.13
355	7.6	49.95	79	0.68
356	55.24	31.86	79	0.6
357	106.23	3.4	80	1.05
358	20.08	122.83	80	0.51
Period: 80
Tasks:13
id	x	y	end	c
793	123.08	150.34	83	55.38
794	41.69	10.1	82	107.15
795	20.99	18.78	83	113.31
796	144.67	120.68	82	49.22
797	111	54.26	83	47.04
798	15.33	117.28	83	86.42
799	42.38	28.74	83	91.64
800	120.8	74.91	84	32.59
801	94.46	159.03	82	59.29
802	60.53	165.39	82	76.38
803	77	187.4	82	90.38
804	175.64	17.89	88	111.64
805	114.32	68.64	81	34.47
Drivers: 4
id	x	y	end	sensitivity
359	94.83	12.11	80	0.67
360	26.35	134.81	81	1.7
361	88.97	88.09	80	1.94
362	77.4	152.16	80	1.53
Period: 81
Tasks:11
id	x	y	end	c
806	30.66	121.92	85	72.72
807	132.89	112.78	82	35.29
808	13.91	66.39	83	92.42
809	2.43	121.01	83	99.81
810	123.43	43.45	84	61.21
811	11.67	42.32	82	105.49
812	152.31	118.3	83	55.42
813	116.08	17.65	86	83.91
814	47.53	51.81	84	71.24
815	169.23	88.94	84	70.11
816	192.05	38.27	86	110.83
Drivers: 2
id	x	y	end	sensitivity
363	189.56	68.92	82	0.66
364	59.51	27.18	81	0.7
Period: 82
Tasks:8
id	x	y	end	c
817	102.4	33.43	89	66.61
818	116.35	40.52	86	61.69
819	74.58	117.21	86	30.7
820	9.87	182.47	84	122.17
821	178.77	47.72	83	94.54
822	53.83	134.4	84	57.58
823	45.33	24.41	85	93.29
824	91.38	143.4	85	44.25
Drivers: 0
id	x	y	end	sensitivity
Period: 83
Tasks:11
id	x	y	end	c
825	181.35	27.34	87	109.07
826	111.93	118.48	86	22
827	58.67	140.43	83	57.82
828	81.51	34.21	87	68.34
829	3.6	143.2	86	105.64
830	141.45	51.85	87	63.53
831	197.95	104.01	85	98.03
832	42.66	51.29	85	75.24
833	18.7	124.34	86	84.87
834	115.7	35.05	85	66.82
835	162.52	63.65	86	72.32
Drivers: 6
id	x	y	end	sensitivity
365	112.66	128.93	83	1.52
366	172.6	25.54	84	1.99
367	196.68	9.53	87	1.84
368	127.24	59.97	83	0.91
369	118.17	22.25	84	1.37
370	41.22	35.41	85	1.09
Period: 84
Tasks:7
id	x	y	end	c
836	14.13	76.75	85	88.96
837	85.49	33.64	89	67.93
838	39.41	14.08	87	105.14
839	51.33	14.3	87	98.56
840	154.71	146.46	87	71.78
841	72.28	39.82	85	66.26
842	130.51	44.3	86	63.51
Drivers: 4
id	x	y	end	sensitivity
371	33.42	126.78	86	1.74
372	197.98	6.38	85	1.23
373	99.94	64.8	84	1.81
374	122.89	33.51	84	1.45
Period: 85
Tasks:10
id	x	y	end	c
843	154.6	145.42	88	71.02
844	148.21	38.41	88	78.21
845	27.52	45.21	92	90.86
846	177.54	131.35	87	83.64
847	39.09	189.32	88	108.11
848	85.91	4.41	88	96.62
849	19.61	182.04	89	114.86
850	78.36	50.92	89	53.64
851	44.03	60.83	87	68.31
852	77.04	194.72	86	97.46
Drivers: 6
id	x	y	end	sensitivity
375	144.57	90.23	87	1.16
376	63.26	24.69	87	1.36
377	128	110.48	85	1.29
378	173.44	186.48	86	1.82
379	131.93	158.73	86	0.9
380	28.43	42.62	88	1.24
Period: 86
Tasks:7
id	x	y	end	c
853	149.77	126.37	88	56.32
854	96.42	91.93	92	8.83
855	106.34	48.48	87	51.91
856	134.46	23.44	90	83.96
857	165.14	155.29	90	85.44
858	159.19	83.15	86	61.54
859	198	91.39	89	98.38
Drivers: 7
id	x	y	end	sensitivity
381	92.48	147.09	88	1.36
382	156.79	132.31	87	1.64
383	44.29	30.09	88	1.68
384	143.38	78.32	89	0.61
385	73.05	96.65	87	1.56
386	183.94	48.91	86	1.21
387	191.33	61.14	86	1.94
Period: 87
Tasks:14
id	x	y	end	c
860	11.65	55	93	99.15
861	26.41	164.67	90	97.97
862	159.89	179.33	91	99.4
863	45.21	187.28	90	103.05
864	0.34	152.38	89	112.59
865	57.5	41.49	91	72.32
866	199.65	70.55	92	103.91
867	103.05	37.01	89	63.06
868	161.07	86.61	89	62.52
869	145.47	100.76	88	45.48
870	57.97	129.02	89	51.08
871	67.07	69.39	88	44.96
872	72.72	174.36	90	79.21
873	103.25	76.86	88	23.37
Drivers: 4
id	x	y	end	sensitivity
388	149.22	71.23	88	1.03
389	165.98	62.48	88	0.59
390	0.66	131.57	87	1.14
391	92.32	22.31	88	0.75
Period: 88
Tasks:16
id	x	y	end	c
874	68.84	127.62	90	41.64
875	89.83	89.46	90	14.65
876	141.05	165.41	93	77.22
877	4.7	179.26	91	123.95
878	131.6	191.2	89	96.52
879	160.41	30.87	94	91.81
880	10.03	45.68	90	105.1
881	128.72	88.7	92	30.86
882	131.46	98.71	92	31.49
883	195.59	155.09	91	110.33
884	83.39	178.88	92	80.61
885	109.19	175.58	90	76.14
886	172.14	129.33	90	77.87
887	180.19	191.82	90	121.91
888	173.15	26.28	89	103.85
889	118.18	57.82	91	45.93
Drivers: 2
id	x	y	end	sensitivity
392	7.42	8.27	89	1.91
393	144.49	170.59	89	1.08
Period: 89
Tasks:13
id	x	y	end	c
890	181.94	119.03	93	84.12
891	28.47	87.63	91	72.59
892	8.09	135.16	93	98.41
893	0.21	191.29	91	135.25
894	111.65	159.4	89	60.53
895	81.87	70.09	91	34.98
896	56.3	80.49	90	47.86
897	185.88	145.02	93	96.96
898	98.95	150.57	92	50.58
899	97.27	187.68	92	87.72
900	91.81	114.79	90	16.91
901	94.01	192.76	91	92.95
902	54.25	139.75	91	60.61
Drivers: 4
id	x	y	end	sensitivity
394	176.35	164.35	89	0.5
395	91.47	0.23	92	0.64
396	148.92	133.64	92	1.55
397	93.74	86.18	89	1.57
Period: 90
Tasks:9
id	x	y	end	c
903	30.22	69.12	95	76.31
904	175.98	5.94	92	120.91
905	65.47	16.96	93	89.93
906	100.49	30.42	92	69.58
907	147.28	185.08	94	97.33
908	86.02	148.93	92	50.89
909	49.79	39.84	93	78.36
910	164.89	17.72	92	104.79
911	49.32	189.62	93	102.96
Drivers: 6
id	x	y	end	sensitivity
398	53.5	92.72	92	1.72
399	4.19	109.78	94	1.17
400	96.5	84.69	90	1.77
401	126.96	160.53	90	1.45
402	73.43	85.52	93	1.25
403	190.66	164.06	91	0.64
Period: 91
Tasks:12
id	x	y	end	c
912	88.57	131.21	92	33.24
913	64.34	161.07	94	70.72
914	156.35	77.97	92	60.5
915	2.86	9.97	91	132.44
916	137.73	190.97	94	98.48
917	53.01	121.67	95	51.75
918	25.54	4.42	93	121.16
919	158.44	1.9	92	114.19
920	199.42	76.43	95	102.18
921	173.78	179.95	94	108.79
922	69.89	162.46	93	69.34
923	121.71	199.7	96	102.04
Drivers: 8
id	x	y	end	sensitivity
404	156.73	68.23	91	1.65
405	95.95	88.72	98	1.49
406	17.79	15.24	92	1.59
407	7.18	114.14	93	0.92
408	61.79	125.37	92	1.82
409	6.23	87.23	93	1.95
410	149.17	82.21	92	1.48
411	188.24	167.98	91	0.94
Period: 92
Tasks:13
id	x	y	end	c
924	48.47	125.7	95	57.58
925	183.01	181.86	94	116.58
926	59.34	124.94	97	47.7
927	99.09	65.29	97	34.72
928	17.67	169.74	93	107.9
929	102.64	23.51	95	76.54
930	6.56	164.88	94	113.76
931	45.79	174.81	95	92.39
932	43.03	119.42	94	60.19
933	47.03	148.59	99	71.88
934	43.28	87.38	93	58.11
935	101.09	68.39	96	31.63
936	51.98	49.39	92	69.77
Drivers: 6
id	x	y	end	sensitivity
412	149.67	72.72	93	0.97
413	100.08	123.42	92	1.48
414	72.57	17.9	95	1.09
415	108.47	167.6	92	1.24
416	162.32	34.39	92	0.95
417	29.8	109.89	94	1.77
Period: 93
Tasks:9
id	x	y	end	c
937	82.25	54.42	100	48.91
938	114.62	184.48	95	85.74
939	169.54	70.86	96	75.4
940	94.45	100.81	95	5.61
941	41.31	147.53	95	75.52
942	193.15	20.02	96	122.78
943	133.18	134.09	94	47.57
944	155.73	147.07	94	72.95
945	150.8	157.69	97	76.87
Drivers: 7
id	x	y	end	sensitivity
418	85.2	135.48	95	0.65
419	125.35	175.5	93	0.58
420	191.22	39.67	94	1.82
421	125.67	48.29	95	1.39
422	31.53	9.57	93	1.63
423	4.55	160.95	93	0.57
424	89.83	67.22	94	1.12
Period: 94
Tasks:6
id	x	y	end	c
946	90.38	144.77	97	45.79
947	29.39	6.31	100	117.32
948	31.22	15.45	96	108.99
949	55.68	151.74	96	68.13
950	88.26	62.7	97	39.1
951	58.05	64.64	98	54.86
Drivers: 7
id	x	y	end	sensitivity
425	85.51	52.6	94	0.96
426	120.25	143.56	94	1.52
427	62.51	107.3	97	0.69
428	142.03	9.91	96	0.54
429	105.12	57.7	96	0.67
430	3.57	155.92	95	0.64
431	150.37	98.46	94	0.75
Period: 95
Tasks:13
id	x	y	end	c
952	3.96	20.8	101	124.48
953	105.58	166.52	98	66.75
954	158.5	186.79	97	104.66
955	183.7	92.77	100	84.01
956	22.2	48.03	99	93.56
957	168.25	130.68	97	74.83
958	52.44	159.05	95	75.82
959	58.25	63.76	96	55.28
960	107.54	140.28	100	40.98
961	25.29	163.25	98	97.89
962	90.76	48.91	97	51.92
963	103.33	185.23	96	85.3
964	178.32	76.92	97	81.65
Drivers: 10
id	x	y	end	sensitivity
432	61.47	19.43	97	1.84
433	91.25	65.98	96	1.08
434	140.53	90.9	96	1.34
435	152.53	186.68	96	1.16
436	47.94	62.38	96	1.53
437	157.22	76.82	97	1.81
438	85.61	46.2	98	1.23
439	136.95	48.99	96	1.17
440	49.54	195.14	95	1.25
441	87.77	43.06	95	1.02
Period: 96
Tasks:12
id	x	y	end	c
965	106.29	34.63	98	65.67
966	125.81	154.93	98	60.69
967	32.96	12.88	100	109.93
968	60.17	56.65	97	58.87
969	136.62	12.14	99	95.19
970	125.55	169.82	99	74.35
971	7.77	148.47	98	104.19
972	164.87	68.09	101	72.29
973	43.86	136.67	98	67.06
974	75.41	41.11	98	63.82
975	148.47	0.29	98	110.87
976	40.38	4.87	100	112.27
Drivers: 7
id	x	y	end	sensitivity
442	175.72	158.35	96	1.69
443	193.92	179.31	96	1.48
444	52.24	151.01	96	0.74
445	156.9	199.22	97	1.35
446	22.81	188.51	96	0.55
447	13.97	80.1	96	1.69
448	64.57	52.77	97	1.57
Period: 97
Tasks:10
id	x	y	end	c
977	90.58	79.23	99	22.81
978	164.41	83.03	102	66.61
979	113.86	162.31	97	63.83
980	29.85	154.59	97	88.89
981	141.51	193.41	101	102.22
982	1.39	152.58	100	111.75
983	137.48	102.77	99	37.58
984	4.54	105.96	99	95.65
985	40.92	166.45	99	88.92
986	61.18	56.45	101	58.34
Drivers: 1
id	x	y	end	sensitivity
449	142.57	80.68	100	1.11
Period: 98
Tasks:6
id	x	y	end	c
987	24.79	185.99	98	114.24
988	27.32	97.01	100	72.74
989	79.24	166.46	104	69.63
990	137.54	25.27	101	83.63
991	3.38	44.51	102	111.42
992	85.43	95.59	102	15.22
Drivers: 6
id	x	y	end	sensitivity
450	95.44	59.46	98	1.07
451	186.71	142.58	98	1.36
452	33.59	73.41	101	1.85
453	6.53	158.95	99	1.7
454	108.45	3.68	99	1.05
455	121.98	79.21	98	0.67
Period: 99
Tasks:11
id	x	y	end	c
993	33.23	43.86	102	87.23
994	185.65	9.85	102	124.35
995	156.36	158.57	103	81.28
996	61.42	7.81	106	99.94
997	161.69	130.32	101	68.74
998	6.79	162.98	99	112.49
999	106.22	139.71	101	40.19
1000	81.33	91.18	103	20.65
1001	23.83	169.77	101	103.29
1002	95.72	197.51	103	97.6
1003	62.88	98.72	101	37.14
Drivers: 3
id	x	y	end	sensitivity
456	177.4	47.88	99	0.9
457	119.19	61.86	99	1.71
458	6.43	57.25	100	1.35
Period: 100
Tasks:6
id	x	y	end	c
1004	11.03	102.41	103	89
1005	43.08	9.69	102	106.75
1006	28.86	129.58	105	77.04
1007	95.95	92.25	102	8.74
1008	143.73	184.99	103	95.58
1009	179.45	165.69	102	103.09
Drivers: 5
id	x	y	end	sensitivity
459	103.05	105.93	101	0.86
460	198.59	130.72	100	0.79
461	77.2	113.04	103	1.09
462	184.09	153.49	101	0.57
463	10.99	39.59	103	1.48
