Periods: 100
Task Arrival Rate: 5
Task Average Time: 1
Driver Arrival Rate: 5
Driver Average Time: 2
Period: 1
Tasks:9
id	x	y	end	c
1	139.72	114.01	3	42.12
2	86.16	81.2	3	23.34
3	152.13	189.9	1	103.92
4	76.14	27.65	3	76.18
5	165.29	115.93	2	67.21
6	38.65	117.37	2	63.76
7	162.25	15.08	1	105.29
8	13.03	142.21	3	96.67
9	142.58	36.51	3	76.45
Drivers: 4
id	x	y	end	sensitivity
1	24.85	31.88	3	1.14
2	68.75	54.66	3	1.68
3	119.25	82.49	2	1.09
4	111.1	166.03	3	1.01
Period: 2
Tasks:5
id	x	y	end	c
10	183.88	82.94	3	85.6
11	120.31	56.75	3	47.78
12	29.47	40.65	3	92.18
13	46.78	82.23	2	56.11
14	129.93	69	2	43.09
Drivers: 3
id	x	y	end	sensitivity
5	13.64	174.05	3	1.61
6	89.36	146.54	2	1.26
7	62.18	66.96	6	0.71
Period: 3
Tasks:4
id	x	y	end	c
15	167.1	80.05	3	70
16	3.15	18.4	3	126.64
17	16.44	169.77	3	108.86
18	9.4	135.72	3	97.39
Drivers: 4
id	x	y	end	sensitivity
8	168.31	186.06	5	0.64
9	77.59	182.89	3	1.55
10	125.91	27.73	5	0.74
11	158.05	154.29	6	1.75
Period: 4
Tasks:5
id	x	y	end	c
19	191.22	85.63	5	92.34
20	54.01	93.74	5	46.41
21	176	35.29	6	99.82
22	145.12	42.79	4	72.86
23	122.55	166.91	5	70.61
Drivers: 6
id	x	y	end	sensitivity
12	187.89	127.97	5	0.69
13	92.3	76.52	6	1.84
14	166.42	66.12	6	0.88
15	20.25	126.56	5	0.56
16	6.18	85.37	5	1.91
17	155.63	17.39	4	1.22
Period: 5
Tasks:4
id	x	y	end	c
24	123.16	125.79	7	34.66
25	97.43	135.57	6	35.66
26	94.04	23.6	5	76.63
27	39.93	125.11	6	65.11
Drivers: 6
id	x	y	end	sensitivity
18	165.54	46.34	9	1.07
19	165.96	32.7	6	0.54
20	167.65	74.7	8	1.4
21	84.33	34.6	9	1.56
22	165.5	145.25	6	1.57
23	0.29	1.81	7	1.02
Period: 6
Tasks:2
id	x	y	end	c
28	20.9	56.9	6	90.08
29	79.72	176.84	8	79.47
Drivers: 4
id	x	y	end	sensitivity
24	48.06	150.79	7	1.59
25	14.92	0.96	6	0.59
26	33.33	115.7	9	0.54
27	172.71	32.35	10	0.97
Period: 7
Tasks:5
id	x	y	end	c
30	29.12	167.79	8	98.08
31	96.03	72.53	9	27.76
32	169.22	134.89	8	77.52
33	126.65	89.51	8	28.64
34	65.51	94.79	8	34.88
Drivers: 5
id	x	y	end	sensitivity
28	73.8	144.64	10	1.06
29	53.17	49.03	8	0.56
30	100.62	141.57	8	0.87
31	192.83	33.53	9	1.38
32	169.44	46	7	1
Period: 8
Tasks:4
id	x	y	end	c
35	163.37	148.77	10	79.96
36	26.97	127.89	11	78.17
37	79.34	97.19	8	20.85
38	188.61	165.66	8	110.29
Drivers: 3
id	x	y	end	sensitivity
33	66.03	108.42	10	1.58
34	100.63	184	10	1.41
35	183.21	152.79	8	1.67
Period: 9
Tasks:2
id	x	y	end	c
39	180.34	183.98	9	116.22
40	112.27	123.45	9	26.47
Drivers: 7
id	x	y	end	sensitivity
36	85.44	32.01	10	0.83
37	164.82	51.19	10	1.68
38	98.99	134.42	9	1.09
39	54.52	77.84	10	0.84
40	81.5	30.97	11	1.4
41	34.72	105.31	14	0.62
42	55.55	51.93	11	1.13
Period: 10
Tasks:5
id	x	y	end	c
41	143.9	179.91	12	91.17
42	39.34	89.78	11	61.51
43	59.3	185.58	14	94.77
44	40.41	27.35	15	93.96
45	163.21	70.21	10	69.88
Drivers: 3
id	x	y	end	sensitivity
43	97.12	110.73	12	1.45
44	172.32	182.67	11	1.37
45	129.25	32.72	12	0.86
Period: 11
Tasks:5
id	x	y	end	c
46	113.35	166.91	11	68.23
47	199.26	93.74	11	99.46
48	114.71	124.78	11	28.82
49	5.85	125.43	12	97.52
50	3.68	30.77	12	118.62
Drivers: 5
id	x	y	end	sensitivity
46	116.84	197.99	12	0.77
47	36.06	77.34	13	0.71
48	98.05	192.54	14	0.66
49	116.78	86.83	13	1.41
50	49.61	130.27	14	1.15
Period: 12
Tasks:5
id	x	y	end	c
51	16.21	87.44	12	84.73
52	55.12	144.37	12	63.11
53	53.13	32.5	13	82.18
54	78.99	59.82	12	45.34
55	171.16	2.88	12	120.4
Drivers: 4
id	x	y	end	sensitivity
51	109.81	17.63	13	1.35
52	159.13	93.57	13	1.21
53	91.51	198.24	17	1.51
54	4.96	97.3	15	1.7
Period: 13
Tasks:0
id	x	y	end	c
Drivers: 3
id	x	y	end	sensitivity
55	167.21	197.79	13	1.85
56	117.53	87.01	14	0.79
57	153.81	41.91	14	0.81
Period: 14
Tasks:3
id	x	y	end	c
56	158.36	186.59	14	104.42
57	57.14	39.81	14	73.89
58	94.29	30.11	14	70.12
Drivers: 4
id	x	y	end	sensitivity
58	141.31	153.49	15	1.07
59	13.4	41.1	17	1.25
60	159.59	90	18	0.64
61	63.59	153.43	15	1.32
Period: 15
Tasks:4
id	x	y	end	c
59	74.18	134.63	16	43.2
60	20.44	196.66	15	125.19
61	17.55	70.82	15	87.46
62	0.03	140.96	16	108.04
Drivers: 3
id	x	y	end	sensitivity
62	126.9	178.6	17	1.72
63	62.4	172.81	17	1.34
64	71.94	4.14	19	0.89
Period: 16
Tasks:3
id	x	y	end	c
63	68.96	104.98	18	31.44
64	65.69	58.09	16	54.16
65	87.5	71.68	18	30.96
Drivers: 4
id	x	y	end	sensitivity
65	160.83	143.99	18	1.43
66	37.96	159.53	20	0.57
67	150.83	117.34	17	0.73
68	63.35	15.91	17	1.92
Period: 17
Tasks:2
id	x	y	end	c
66	12.53	193.9	17	128.33
67	165.2	59.57	19	76.72
Drivers: 3
id	x	y	end	sensitivity
69	15.77	74.88	19	1.28
70	59.84	34.96	20	1.2
71	164.34	16.41	21	1.63
Period: 18
Tasks:5
id	x	y	end	c
68	80.51	193.73	19	95.73
69	140.35	29.24	20	81.46
70	186.64	102.39	19	86.67
71	91.75	178.97	18	79.4
72	50.15	129.18	20	57.76
Drivers: 2
id	x	y	end	sensitivity
72	147.19	3.86	22	1.97
73	40.93	67.89	18	1.11
Period: 19
Tasks:6
id	x	y	end	c
73	4.6	19.51	20	124.82
74	61.9	97.89	20	38.16
75	160.1	99.56	20	60.1
76	164.69	198.29	19	117.67
77	178.84	198.43	20	126.11
78	19.22	47.73	21	96.22
Drivers: 4
id	x	y	end	sensitivity
74	106.68	110.85	23	0.64
75	130.88	115.5	20	0.77
76	3.01	178.39	20	1.94
77	108.87	111.5	23	1.15
Period: 20
Tasks:6
id	x	y	end	c
79	130.01	39.13	21	67.87
80	113.24	134.8	21	37.23
81	109.91	15.59	21	84.99
82	75.88	128.79	21	37.56
83	105.74	64.88	21	35.59
84	8.94	10.08	20	127.97
Drivers: 4
id	x	y	end	sensitivity
78	27.41	53.13	22	1.7
79	28.95	129.16	22	1.4
80	182.88	23.59	21	1.72
81	132.61	87.75	21	0.54
Period: 21
Tasks:6
id	x	y	end	c
85	114.32	122.99	22	27.09
86	182.87	87.99	21	83.74
87	174.92	98.23	21	74.94
88	195.01	167.6	22	116.6
89	86.33	26.11	22	75.14
90	196.6	113.85	21	97.59
Drivers: 2
id	x	y	end	sensitivity
82	143.03	126.73	22	2
83	75.87	171.86	24	0.53
Period: 22
Tasks:1
id	x	y	end	c
91	169.2	168.41	25	97.31
Drivers: 5
id	x	y	end	sensitivity
84	121.91	129.64	22	1.95
85	16.67	108.2	22	0.82
86	58.59	57.21	26	1.8
87	100.24	189.47	23	0.7
88	128.79	180.47	23	1.7
Period: 23
Tasks:7
id	x	y	end	c
92	34.81	114.11	24	66.7
93	100.72	69.17	23	30.84
94	73.09	14.74	24	89.41
95	138.1	62.47	24	53.48
96	115.83	124.44	24	29.12
97	51.65	100.76	23	48.36
98	166.19	69.87	25	72.73
Drivers: 4
id	x	y	end	sensitivity
89	18.07	6.19	25	1.79
90	124.05	29.65	25	1.52
91	106.68	2.68	26	1.96
92	84.9	35.62	23	0.77
Period: 24
Tasks:7
id	x	y	end	c
99	40.96	147.62	28	75.85
100	80.77	172.33	24	74.84
101	125.11	128.41	24	37.92
102	181.42	99.34	26	81.42
103	119.77	127.02	24	33.48
104	98.24	109.06	25	9.23
105	130.72	170.15	25	76.58
Drivers: 0
id	x	y	end	sensitivity
Period: 25
Tasks:2
id	x	y	end	c
106	69.28	116.67	25	34.95
107	186.78	0.41	29	132.09
Drivers: 7
id	x	y	end	sensitivity
93	25.07	14.19	28	1.72
94	28.92	33.42	28	1.26
95	35.53	137.74	26	1.51
96	92.87	124.87	25	1.08
97	196.46	164.3	26	0.9
98	123.56	114.75	28	1.91
99	123.34	57.11	26	0.88
Period: 26
Tasks:9
id	x	y	end	c
108	93.9	165.57	27	65.85
109	109.77	110.7	27	14.49
110	113.51	120.95	27	24.93
111	171.37	77.31	27	74.89
112	184.82	63.11	27	92.49
113	53.83	67.46	27	56.48
114	53.28	155.85	27	72.81
115	148.37	25.08	28	89.18
116	198.94	57.63	28	107.63
Drivers: 8
id	x	y	end	sensitivity
100	125.7	53.83	27	1.56
101	136.06	50.02	29	0.56
102	173.63	120.48	29	1.79
103	110.04	1.28	26	1.08
104	159.46	6.76	27	1.56
105	44.84	190.45	30	0.82
106	185.03	107.21	28	0.57
107	156.04	104.01	29	1.08
Period: 27
Tasks:2
id	x	y	end	c
117	169.88	182.32	27	107.98
118	146.91	146.45	27	66.02
Drivers: 9
id	x	y	end	sensitivity
108	25.78	19.83	29	0.65
109	13.46	136.05	28	0.83
110	149.6	180.87	29	1.18
111	189.35	104.03	30	1.25
112	5.49	57.94	31	1.85
113	14.62	49.59	29	0.56
114	70	103.08	28	1.46
115	92.29	9.75	32	0.7
116	151.66	99.96	28	0.59
Period: 28
Tasks:5
id	x	y	end	c
119	173.58	157.06	29	93.11
120	106.02	19.52	29	80.7
121	179.55	88.77	28	80.34
122	111.5	130.06	28	32.18
123	198.19	135.56	30	104.43
Drivers: 5
id	x	y	end	sensitivity
117	123.78	194.59	35	1.23
118	124.75	55.61	30	1.01
119	18.95	53.34	32	1.78
120	162.26	92.5	30	1.68
121	17.5	76.12	30	1.5
Period: 29
Tasks:2
id	x	y	end	c
124	154.66	30.37	29	88.52
125	47.81	188.93	29	103.11
Drivers: 3
id	x	y	end	sensitivity
122	27.17	89.62	31	1.33
123	116.9	136.51	30	1.02
124	189.54	20.58	31	1.12
Period: 30
Tasks:1
id	x	y	end	c
126	19.16	61.53	31	89.53
Drivers: 2
id	x	y	end	sensitivity
125	73.94	27.55	31	1.1
126	56.18	137.59	32	1.18
Period: 31
Tasks:3
id	x	y	end	c
127	38.61	115.93	31	63.42
128	166.67	89.89	31	67.43
129	104.69	168.19	32	68.35
Drivers: 3
id	x	y	end	sensitivity
127	45.04	76.46	35	1.19
128	75.48	106.21	32	1.9
129	111.51	131.99	35	0.95
Period: 32
Tasks:3
id	x	y	end	c
130	136.38	89.49	32	37.87
131	40.21	21.58	32	98.61
132	149.93	10.06	34	102.87
Drivers: 6
id	x	y	end	sensitivity
130	121.73	98.34	32	0.81
131	139.16	69.84	33	1.94
132	70.34	134.27	33	1.71
133	134.34	36.32	36	1.81
134	164.03	99.51	37	1.3
135	180.53	32.92	32	0.63
Period: 33
Tasks:1
id	x	y	end	c
133	172.53	145.36	34	85.55
Drivers: 8
id	x	y	end	sensitivity
136	168.21	167.37	34	0.86
137	87.19	134.71	38	1.61
138	8.45	118.66	35	1.21
139	29.17	185.78	35	1.59
140	163.44	41	33	1.33
141	90.8	70.62	33	1.29
142	25.93	5.76	36	1.64
143	147.46	92.35	34	1.14
Period: 34
Tasks:3
id	x	y	end	c
134	166.23	196.51	34	117.05
135	156.8	184.89	34	102.14
136	97.51	6.48	34	93.55
Drivers: 4
id	x	y	end	sensitivity
144	186.46	100.87	37	0.77
145	47.66	134.84	35	1.35
146	29.25	60.86	34	0.9
147	171.53	60.71	35	1.19
Period: 35
Tasks:3
id	x	y	end	c
137	91.68	96.95	37	8.86
138	86.23	11.36	35	89.7
139	151.27	69.79	37	59.51
Drivers: 1
id	x	y	end	sensitivity
148	168.55	149.58	36	1.81
Period: 36
Tasks:5
id	x	y	end	c
140	57	87.8	36	44.7
141	104.09	88.7	37	12.02
142	1.31	187.77	37	132.07
143	36.96	38.59	39	88.01
144	146.78	174.27	37	87.77
Drivers: 4
id	x	y	end	sensitivity
149	185.42	113.11	39	0.53
150	180.16	114.3	37	1.82
151	93.96	92.69	38	1.01
152	159.35	169.73	37	0.59
Period: 37
Tasks:5
id	x	y	end	c
145	10.38	57.96	39	98.99
146	121.24	111.37	39	24.09
147	127.6	153.18	37	59.92
148	139.59	74.1	39	47.31
149	61.66	41.8	38	69.69
Drivers: 3
id	x	y	end	sensitivity
153	96.33	160.8	38	1.85
154	137.79	147.62	39	0.87
155	170.37	17.67	38	1.56
Period: 38
Tasks:7
id	x	y	end	c
150	23.7	64.58	40	84.12
151	0.07	18.7	38	128.82
152	13.87	45.03	38	102.18
153	23.15	34.25	40	101.14
154	91.24	168.91	39	69.46
155	86.07	35.27	38	66.21
156	191.81	90.91	44	92.26
Drivers: 5
id	x	y	end	sensitivity
156	121.38	112.23	39	1
157	179.39	75.84	40	0.99
158	124.15	93.26	39	1.48
159	195.77	108.09	39	0.58
160	51.52	181.81	38	1.64
Period: 39
Tasks:3
id	x	y	end	c
157	119.38	135.56	40	40.5
158	86.11	159.55	40	61.15
159	180.02	11.19	40	119.54
Drivers: 6
id	x	y	end	sensitivity
161	159.31	100.79	43	1.82
162	161.25	35.54	40	1.83
163	140.76	110.03	42	0.88
164	140.39	85.84	41	1.89
165	5.03	75.54	40	1.65
166	68.11	183.29	42	1.09
Period: 40
Tasks:9
id	x	y	end	c
160	199.12	190.37	41	134.13
161	172.84	57.53	40	84.32
162	57.05	32.57	40	79.95
163	112.73	95.6	40	13.47
164	100.53	129.12	41	29.12
165	47.09	9.98	40	104.42
166	188.76	51.44	40	101.18
167	3.14	130.12	41	101.44
168	110.44	166.7	40	67.51
Drivers: 5
id	x	y	end	sensitivity
167	106.8	62.95	44	1.29
168	49.67	188.39	43	1.99
169	168.4	44.15	40	1.27
170	124.47	59.21	42	1.94
171	175.8	140.29	41	0.85
Period: 41
Tasks:4
id	x	y	end	c
169	121.98	132.38	41	39.14
170	65.23	11.38	41	95.2
171	21.41	135.97	44	86.43
172	77.96	104.98	43	22.6
Drivers: 3
id	x	y	end	sensitivity
172	24.28	192.68	42	0.59
173	165.81	135.57	41	1.33
174	176.5	113.84	43	0.55
Period: 42
Tasks:3
id	x	y	end	c
173	19.95	157.54	42	98.58
174	152.9	170.78	43	88.36
175	91.6	164.61	43	65.15
Drivers: 5
id	x	y	end	sensitivity
175	85.59	14.71	43	1.62
176	48.43	166.31	45	1.35
177	180.19	88.4	42	1.57
178	198.56	192.89	43	0.61
179	152.36	95.67	46	0.96
Period: 43
Tasks:5
id	x	y	end	c
176	29.75	46.16	43	88.51
177	48.95	175.46	43	91.11
178	124.99	171.64	44	75.87
179	149.14	118.67	46	52.57
180	182.2	57.4	44	92.58
Drivers: 5
id	x	y	end	sensitivity
180	24.7	127.69	49	1.07
181	145.64	151.66	43	1.72
182	131.27	145.56	45	1.7
183	158.99	22.36	45	1.26
184	98.5	25.08	45	1.28
Period: 44
Tasks:6
id	x	y	end	c
181	158.22	44.57	46	80.39
182	196.82	72.14	47	100.75
183	90.67	108.36	45	12.53
184	58.57	85.72	45	43.82
185	173.69	192.61	46	118.35
186	174.49	171.66	46	103.36
Drivers: 7
id	x	y	end	sensitivity
185	9.72	25.08	47	1.54
186	191.43	180.07	45	1.86
187	6.81	5.73	48	1.56
188	25.51	10.86	44	0.8
189	40.84	131.5	49	0.85
190	148.71	122.91	46	0.89
191	143.35	97.68	45	0.93
Period: 45
Tasks:6
id	x	y	end	c
187	165.72	136.68	46	75.26
188	62.59	181.93	46	90.07
189	20.26	74.82	45	83.62
190	36.79	74.17	46	68.28
191	103.33	131.11	45	31.29
192	126.19	98.11	46	26.26
Drivers: 5
id	x	y	end	sensitivity
192	68.23	44.48	46	1.09
193	43.34	177.07	49	1.76
194	194.59	169.01	47	1.6
195	99.27	49.11	45	1.92
196	18.47	92.18	45	1.49
Period: 46
Tasks:5
id	x	y	end	c
193	77.31	89.33	49	25.07
194	186.48	53.88	46	98.01
195	123.79	31.18	46	72.82
196	130.6	17.31	50	88.17
197	60.85	25.4	46	84.25
Drivers: 5
id	x	y	end	sensitivity
197	136.58	7.55	53	1.89
198	60.64	29.27	47	1.3
199	33.83	52.72	49	0.83
200	46.7	71.87	51	0.82
201	4.36	172.28	47	1.45
Period: 47
Tasks:5
id	x	y	end	c
198	104.07	64.13	47	36.1
199	114.97	175.11	48	76.59
200	64.91	44.79	49	65.42
201	30.92	104.82	47	69.25
202	66.26	150.7	50	60.9
Drivers: 11
id	x	y	end	sensitivity
202	198.16	153.35	49	1.01
203	177.53	13.04	49	1.39
204	172.05	1.32	50	1.82
205	108	105.64	49	1.99
206	182.88	45.78	47	0.96
207	32.88	138.21	49	1.43
208	169.62	176.11	48	1.58
209	180.08	110.88	50	1.26
210	97.44	178.64	52	1.29
211	56.28	183.38	49	0.63
212	6.63	105.6	48	0.55
Period: 48
Tasks:2
id	x	y	end	c
203	47.25	116.36	49	55.23
204	33.66	185.1	48	107.9
Drivers: 5
id	x	y	end	sensitivity
213	48.23	25.04	48	1.98
214	77.61	170.87	52	1.24
215	76.76	153.58	49	0.64
216	27.04	43.25	50	1.27
217	174.96	89.77	50	1.69
Period: 49
Tasks:7
id	x	y	end	c
205	159.24	81.31	50	62.12
206	145.94	163.13	51	78.08
207	112.32	86.9	49	17.98
208	3.33	14.8	49	128.86
209	177.26	60.28	49	86.87
210	116.31	154.82	50	57.19
211	14.5	67.1	50	91.61
Drivers: 3
id	x	y	end	sensitivity
218	1.84	17.8	51	0.89
219	104.15	130.17	51	1.43
220	127.26	78.57	50	1.52
Period: 50
Tasks:4
id	x	y	end	c
212	193.49	178.34	52	121.97
213	46.28	92.31	50	54.27
214	104.47	3.97	52	96.13
215	180.32	72.31	51	84.96
Drivers: 5
id	x	y	end	sensitivity
221	3.42	176.07	52	1.99
222	155.35	80.1	52	1.49
223	65.88	181.61	53	1.74
224	2.09	12.36	52	1.16
225	0.67	68.36	51	1.63
Period: 51
Tasks:6
id	x	y	end	c
216	94.83	180.11	53	80.28
217	161.06	115.25	51	62.94
218	131.93	85.44	52	35.09
219	54.68	133.62	51	56.43
220	125	92.96	52	25.97
221	178.8	87.11	53	79.85
Drivers: 6
id	x	y	end	sensitivity
226	29.89	108.96	56	1.89
227	2.78	120.7	51	0.92
228	132.06	141.92	55	1.52
229	16.71	92.72	54	0.61
230	41.75	24.56	56	1.43
231	149.72	29.56	53	0.76
Period: 52
Tasks:6
id	x	y	end	c
222	172.31	13.52	52	112.73
223	87.43	78.22	53	25.15
224	182.84	85.89	53	84.03
225	12.64	55.25	53	98.15
226	151.78	43.55	54	76.6
227	109.74	185.46	52	86.01
Drivers: 9
id	x	y	end	sensitivity
232	132	22.44	54	1.12
233	37.14	44.48	53	1.01
234	51.85	65.21	55	0.51
235	139.31	148.72	58	0.52
236	156.65	160.07	57	1.47
237	49.01	128.59	56	0.82
238	140.95	113.44	54	1.72
239	113.24	199.07	53	1.74
240	76.88	31.56	56	1.07
Period: 53
Tasks:2
id	x	y	end	c
228	126.58	198.56	53	102.08
229	57.88	168.52	54	80.43
Drivers: 2
id	x	y	end	sensitivity
241	8.93	133.93	55	0.54
242	104.6	30.12	54	1.34
Period: 54
Tasks:7
id	x	y	end	c
230	197.99	193.25	55	135.27
231	154.55	151.04	55	74.7
232	156.68	171.32	55	91.1
233	39.79	181.14	55	101.04
234	68.64	127.5	56	41.71
235	188.28	15.1	56	122.48
236	147.97	55.38	54	65.51
Drivers: 6
id	x	y	end	sensitivity
243	172.9	194.06	54	1
244	79.31	116.34	55	0.69
245	164.65	104.02	57	1.66
246	40.71	117.22	57	1.32
247	116.58	22.16	56	1.22
248	129.78	32.5	60	1.56
Period: 55
Tasks:6
id	x	y	end	c
237	95.69	187.57	56	87.68
238	24.14	26.77	56	105.44
239	115.52	3.9	56	97.35
240	64.96	128.17	56	44.96
241	198.53	81.81	57	100.19
242	196.24	192.54	57	133.51
Drivers: 0
id	x	y	end	sensitivity
Period: 56
Tasks:1
id	x	y	end	c
243	24.36	161.62	56	97.56
Drivers: 6
id	x	y	end	sensitivity
249	33.06	126.77	61	1.04
250	108.63	110.45	61	1.05
251	99.13	143.16	60	1.7
252	93.21	194.03	57	1.91
253	31.68	190.97	57	1.1
254	104.41	103.55	58	0.5
Period: 57
Tasks:5
id	x	y	end	c
244	74	33.52	57	71.38
245	66.44	128.6	57	44.09
246	191.98	43.8	57	107.79
247	7.95	1.68	60	134.68
248	115.17	127.96	59	31.81
Drivers: 7
id	x	y	end	sensitivity
255	43.83	53.25	57	1.75
256	42.85	83.03	59	0.76
257	81.33	117.2	61	1.65
258	126.83	10.24	58	0.57
259	12.52	110.59	59	0.66
260	152.65	120.1	57	1.59
261	182.88	41.54	57	1.71
Period: 58
Tasks:7
id	x	y	end	c
249	172.42	32.22	61	99.19
250	169.42	148.45	61	84.66
251	13.08	73.15	61	90.97
252	92.8	128.42	58	29.32
253	40.77	126.29	58	64.8
254	40.89	67.5	58	67.46
255	102.66	61.92	59	38.17
Drivers: 5
id	x	y	end	sensitivity
262	52.92	198.55	59	1.81
263	190.31	131.39	60	1.23
264	51.44	1.95	62	1.06
265	180.14	39.52	59	1.12
266	165.18	89.82	59	0.58
Period: 59
Tasks:5
id	x	y	end	c
256	66.44	183.51	59	90
257	175.28	150.17	60	90.47
258	30.37	79.11	60	72.7
259	54.62	65.15	59	57.22
260	97.47	12.48	60	87.56
Drivers: 4
id	x	y	end	sensitivity
267	169.17	199.43	62	1.8
268	85.74	131.33	61	2
269	38.62	94.2	62	1.43
270	27.12	174.87	60	1.2
Period: 60
Tasks:2
id	x	y	end	c
261	51.69	83.54	60	51.04
262	113.92	19.08	62	82.11
Drivers: 4
id	x	y	end	sensitivity
271	101.85	101.43	65	1.13
272	116.59	33.17	62	0.51
273	26.15	63.24	61	0.71
274	95.28	168.91	61	1.02
Period: 61
Tasks:2
id	x	y	end	c
263	146.76	104.96	61	47.02
264	123.14	51.32	63	53.9
Drivers: 4
id	x	y	end	sensitivity
275	24.47	73.94	63	1.2
276	87	101.53	64	1.81
277	48.33	197.54	64	1.78
278	54.51	147.21	61	0.7
Period: 62
Tasks:7
id	x	y	end	c
265	149.78	113.75	63	51.64
266	70.88	87.58	64	31.66
267	152.14	143.41	64	67.85
268	32.62	48.02	62	85.1
269	81.63	143.84	63	47.53
270	4.74	112.84	62	96.12
271	13.16	11.55	62	123.95
Drivers: 2
id	x	y	end	sensitivity
279	54.99	111.57	65	0.66
280	40.91	147.47	66	1.04
Period: 63
Tasks:9
id	x	y	end	c
272	92.58	114.66	63	16.43
273	125.17	5.5	66	97.79
274	39.41	62	63	71.52
275	167.78	131.49	64	74.74
276	28.5	168.3	66	98.88
277	25.13	17.12	64	111.69
278	111.89	166.59	64	67.64
279	184.07	102.8	63	84.12
280	3.55	21.61	64	124.29
Drivers: 3
id	x	y	end	sensitivity
281	70.97	162.46	67	1.28
282	50.52	60.5	64	1.5
283	113.55	193.08	65	1.22
Period: 64
Tasks:4
id	x	y	end	c
281	114.71	71.94	66	31.68
282	7.83	140.08	66	100.51
283	8.02	39.11	67	110.31
284	192.56	28.99	65	116.66
Drivers: 9
id	x	y	end	sensitivity
284	178.66	117.07	70	0.5
285	0.36	11.94	67	1.34
286	21.39	34.19	66	0.99
287	48.01	190.26	68	1.63
288	123.49	189.1	67	0.51
289	163	168.34	65	1.34
290	118.54	126.34	66	0.59
291	3.84	162.77	67	0.73
292	118.09	70.08	67	0.99
Period: 65
Tasks:4
id	x	y	end	c
285	186.14	45.48	67	101.94
286	140.36	96.41	65	40.52
287	69.57	100.63	65	30.44
288	31.08	76.44	66	72.84
Drivers: 4
id	x	y	end	sensitivity
293	47.72	50.16	66	0.88
294	127.33	70.11	67	1.44
295	39.54	65.65	66	1.14
296	69.6	164.05	67	0.62
Period: 66
Tasks:3
id	x	y	end	c
289	124.62	19.9	66	83.8
290	171.7	197.16	69	120.75
291	80.46	119.76	68	27.79
Drivers: 6
id	x	y	end	sensitivity
297	87.24	129.56	68	1.43
298	91.98	104.33	66	0.6
299	168.08	118.38	69	1.13
300	152.3	135.54	68	0.55
301	172.97	11.49	67	0.72
302	150.93	189.72	66	1.88
Period: 67
Tasks:5
id	x	y	end	c
292	72.9	122.97	71	35.53
293	95.09	76.92	68	23.6
294	101.54	192.47	68	92.48
295	164.22	157.28	69	86.05
296	180.55	169.09	67	106.12
Drivers: 2
id	x	y	end	sensitivity
303	40.48	49.01	69	1.08
304	164.88	8.32	69	1.87
Period: 68
Tasks:3
id	x	y	end	c
297	20.37	131.13	70	85.5
298	142.81	176.83	69	87.95
299	131.49	137.19	70	48.73
Drivers: 4
id	x	y	end	sensitivity
305	189.34	24.09	71	0.7
306	1.95	3.06	70	1.2
307	185.45	124.39	70	0.68
308	83.48	26.63	70	1.75
Period: 69
Tasks:4
id	x	y	end	c
300	153.19	27.96	69	89.55
301	194.54	84.57	69	95.79
302	156.2	15.05	69	101.86
303	81.26	196.98	70	98.77
Drivers: 10
id	x	y	end	sensitivity
309	21.3	59.16	71	0.52
310	35.48	183.07	73	1.33
311	135.39	77.41	70	1.69
312	93.93	190.21	72	1.27
313	3.08	122.8	72	1.11
314	149.28	54.84	74	1.95
315	56.61	157.22	69	1.06
316	139.74	123.05	72	0.77
317	40.27	84	73	1.7
318	142.04	117.3	72	1.19
Period: 70
Tasks:4
id	x	y	end	c
304	14.58	48.83	72	99.57
305	59.62	83.32	70	43.69
306	74.61	112.68	71	28.38
307	149.72	135.93	71	61.34
Drivers: 7
id	x	y	end	sensitivity
319	94.07	42.67	71	1.47
320	16.89	185.47	73	1.22
321	36.54	55.21	71	1.8
322	193.76	62.07	73	1.64
323	122.68	115.31	70	0.5
324	121.61	59.21	70	1.6
325	41.91	146.16	71	1.14
Period: 71
Tasks:6
id	x	y	end	c
308	158.88	14.02	71	104.21
309	68.49	5.79	73	99.34
310	68.08	68.23	72	45.04
311	35.38	21.52	71	101.66
312	31.66	86.54	72	69.65
313	148.72	83.83	71	51.33
Drivers: 9
id	x	y	end	sensitivity
326	36.03	81.15	72	0.64
327	107.56	167.59	72	1.43
328	40.77	108.87	75	0.88
329	120.85	17.72	71	1.26
330	19.12	149.44	72	1.32
331	72.49	66.18	72	1.99
332	118.98	155.87	73	1.71
333	115.82	64.96	73	1.22
334	91.6	189.05	74	1.77
Period: 72
Tasks:4
id	x	y	end	c
314	134.54	97.25	72	34.65
315	136.7	89.85	72	38.08
316	170.22	142.17	73	81.91
317	89.04	176.62	73	77.4
Drivers: 3
id	x	y	end	sensitivity
335	45.16	106.97	74	1.82
336	74.4	151.01	75	1.51
337	191.47	23.84	77	1.86
Period: 73
Tasks:10
id	x	y	end	c
318	94.51	142.46	74	42.81
319	187.11	24.02	73	115.59
320	23.04	170.65	74	104.47
321	94.12	31.96	74	68.29
322	4.85	32.16	73	116.86
323	24.62	62.5	74	84.19
324	132.13	60.98	75	50.55
325	93.9	157.67	73	57.99
326	159.34	159.82	74	84.26
327	17.41	4.59	74	126.19
Drivers: 8
id	x	y	end	sensitivity
338	141.95	50.46	77	1.67
339	66.67	167.94	77	0.86
340	143.06	89.04	73	0.94
341	187.8	84.31	75	1.15
342	49.5	39.38	74	1.95
343	185.93	146.69	74	1.39
344	133.84	70.96	74	1.55
345	182.99	3.02	73	0.8
Period: 74
Tasks:3
id	x	y	end	c
328	130.34	153.09	74	61.15
329	181.76	93.77	74	82
330	59.12	140.57	74	57.59
Drivers: 7
id	x	y	end	sensitivity
346	25.23	184.82	75	1.29
347	170.91	135.39	75	1.31
348	144.56	189.59	76	1.24
349	127	147.02	75	1.18
350	73.74	72.77	74	1.04
351	21.96	162	78	1.55
352	10.43	145.88	76	1.22
Period: 75
Tasks:2
id	x	y	end	c
331	58.56	115.17	79	44.13
332	30.2	1.06	79	121.08
Drivers: 4
id	x	y	end	sensitivity
353	8.69	28.31	76	0.52
354	14.8	150.64	75	1.26
355	42.06	105.53	78	1.31
356	95.74	128.35	78	1.52
Period: 76
Tasks:6
id	x	y	end	c
333	70.7	176.53	76	81.95
334	67.28	172.57	76	79.61
335	117.54	20.15	77	81.75
336	31.67	196.63	77	118.35
337	114.56	15.62	77	85.63
338	173.3	83.89	77	75.05
Drivers: 6
id	x	y	end	sensitivity
357	196.17	135.47	78	1.14
358	113.51	93.77	78	1.17
359	130.45	37.77	78	1.75
360	77.75	89.24	81	1.5
361	25.37	192.43	80	0.78
362	165.7	61.95	76	1.81
Period: 77
Tasks:4
id	x	y	end	c
339	28.79	92.79	78	71.57
340	182.25	117.4	79	84.07
341	158.64	27.05	80	93.6
342	165.79	8.16	79	112.97
Drivers: 1
id	x	y	end	sensitivity
363	171.75	59.69	79	1.17
Period: 78
Tasks:10
id	x	y	end	c
343	143.58	192.74	80	102.47
344	117.31	170.91	78	72.99
345	75.68	37.74	78	66.84
346	109.06	168.86	81	69.45
347	75.42	77.61	79	33.25
348	92.59	23.88	79	76.48
349	169.72	191.87	79	115.33
350	81.83	174.24	80	76.43
351	89.17	82.82	78	20.31
352	166.22	158.41	80	88.3
Drivers: 1
id	x	y	end	sensitivity
364	19.74	33.97	80	0.64
Period: 79
Tasks:3
id	x	y	end	c
353	190.33	37.44	79	109.88
354	183.75	91.13	80	84.22
355	147.68	170.14	80	84.81
Drivers: 4
id	x	y	end	sensitivity
365	172.11	72.1	81	0.74
366	140.71	91.7	80	0.91
367	139.93	6.11	80	0.71
368	152.82	105.28	81	0.85
Period: 80
Tasks:2
id	x	y	end	c
356	0.97	26.36	80	123.41
357	195.59	137.72	81	102.76
Drivers: 4
id	x	y	end	sensitivity
369	129.69	140.59	81	1.08
370	11.43	190.62	80	1.6
371	9.92	69.72	82	1.72
372	39.46	198.23	81	1.47
Period: 81
Tasks:5
id	x	y	end	c
358	125.08	159.95	81	64.98
359	105.94	150.8	81	51.15
360	12.42	111.67	81	88.35
361	69.31	77.48	81	38.07
362	94.82	57.5	83	42.81
Drivers: 4
id	x	y	end	sensitivity
373	22.42	159.52	84	1.77
374	170.22	188.65	85	1.12
375	38.76	43.88	84	1.56
376	148.5	20.88	82	1.16
Period: 82
Tasks:3
id	x	y	end	c
363	193.13	54.1	83	103.83
364	154.92	178.26	83	95.61
365	155.93	61.57	84	67.86
Drivers: 8
id	x	y	end	sensitivity
377	31.22	181.34	86	1.78
378	108.87	120.67	83	1.52
379	70.26	57.08	84	1.25
380	146.08	2.64	86	1.81
381	45.98	171.57	83	1.69
382	172.54	7.82	82	1.39
383	76.06	53.66	83	0.59
384	55.58	112.75	83	1.36
Period: 83
Tasks:4
id	x	y	end	c
366	61.65	114.26	84	40.92
367	9.11	74.44	84	94.42
368	13.6	160.72	84	105.6
369	143.67	122.43	85	49.09
Drivers: 1
id	x	y	end	sensitivity
385	143.32	158.68	85	1.69
Period: 84
Tasks:4
id	x	y	end	c
370	47.66	91.81	84	52.98
371	67.01	152.34	84	61.87
372	189.81	111.14	85	90.5
373	19.95	77.17	85	83.24
Drivers: 6
id	x	y	end	sensitivity
386	164.04	142.53	88	0.86
387	12.48	198.37	84	0.74
388	152.92	135.24	84	1.58
389	193.24	132.74	86	0.91
390	108.65	62.61	85	0.69
391	172.11	15.87	87	1.85
Period: 85
Tasks:7
id	x	y	end	c
374	43.47	40.97	86	81.73
375	62.68	86.61	88	39.65
376	181.74	82.14	87	83.67
377	144.09	106.7	86	44.6
378	190.72	109.32	85	91.2
379	142.43	144.99	86	61.84
380	62.19	66.02	86	50.84
Drivers: 3
id	x	y	end	sensitivity
392	176.98	52.43	87	1.37
393	78.89	97.2	87	0.58
394	153.23	21.1	86	1.9
Period: 86
Tasks:5
id	x	y	end	c
381	160.2	30.04	88	92.3
382	14.44	34.99	87	107.46
383	194.64	165.18	87	114.91
384	121.57	94.54	86	22.25
385	52.94	94.21	88	47.41
Drivers: 6
id	x	y	end	sensitivity
395	93.81	141.32	88	1.13
396	125.04	15.17	91	1.99
397	64.57	144.21	88	1.07
398	90.49	93.05	87	1.07
399	184.12	188.22	86	0.84
400	87.25	85.42	86	0.81
Period: 87
Tasks:8
id	x	y	end	c
386	39.78	64.81	87	69.75
387	18.53	35.83	88	103.71
388	69.32	194.11	88	98.98
389	187.92	25.97	89	114.94
390	67.87	137.52	87	49.4
391	53.18	54.29	89	65.43
392	37.96	141.25	88	74.5
393	82.86	195.59	87	97.11
Drivers: 3
id	x	y	end	sensitivity
401	133.49	52.57	90	1.17
402	120.63	171.82	88	1.86
403	76.49	82.64	91	0.77
Period: 88
Tasks:5
id	x	y	end	c
394	18.85	44.48	89	98.32
395	36.48	5.13	89	114.17
396	72.28	2.15	92	101.7
397	129.23	124.11	90	37.89
398	40.63	51.02	90	76.97
Drivers: 4
id	x	y	end	sensitivity
404	158.69	108.77	89	1.01
405	172.01	170.27	90	1.15
406	43.49	28.31	88	1.32
407	14.95	117	90	1.2
Period: 89
Tasks:6
id	x	y	end	c
399	8.19	21.93	89	120.52
400	39.72	82.83	91	62.68
401	165.19	78.1	89	68.77
402	58.58	67.33	91	52.75
403	168.04	126.42	90	72.99
404	104.35	47.27	89	52.91
Drivers: 1
id	x	y	end	sensitivity
408	109.88	87.49	89	1.2
Period: 90
Tasks:7
id	x	y	end	c
405	28.1	59.6	90	82.47
406	122.11	172.01	90	75.33
407	191.96	25.59	91	118.29
408	89.35	52.98	91	48.21
409	102.98	4.89	90	95.16
410	18.69	114.69	92	82.63
411	108.36	91.51	92	11.92
Drivers: 5
id	x	y	end	sensitivity
409	121.88	27.03	95	1.08
410	31.1	129.88	91	0.78
411	131.05	44.72	94	1
412	34.1	74.98	94	0.55
413	154.5	45.61	91	0.95
Period: 91
Tasks:2
id	x	y	end	c
412	83.41	41.32	94	60.98
413	16.46	199.98	91	130.29
Drivers: 5
id	x	y	end	sensitivity
414	159.91	178.53	93	0.61
415	150.39	43.98	94	0.75
416	192.67	198.99	93	1.13
417	166.44	62.49	96	0.91
418	41.74	126.22	96	0.78
Period: 92
Tasks:6
id	x	y	end	c
414	7.94	75.63	92	95.23
415	109.91	152.9	93	53.82
416	142.52	105.95	96	42.93
417	86.86	1.44	92	99.43
418	34.69	48.35	92	83.27
419	80.75	192.94	93	94.91
Drivers: 6
id	x	y	end	sensitivity
419	142.37	66.55	94	1.15
420	17.46	16.68	94	1.31
421	65.79	88.86	97	1.81
422	68.36	1.77	94	1.72
423	83.71	74.89	93	1.67
424	40.14	160.97	97	1.4
Period: 93
Tasks:4
id	x	y	end	c
420	43.11	12.54	94	104.33
421	178.45	62.51	94	86.95
422	151.48	187.45	95	101.48
423	198.06	113.76	95	99.02
Drivers: 8
id	x	y	end	sensitivity
425	190.33	42.81	96	1.47
426	29.02	128.5	99	0.73
427	155.99	101.76	97	1.35
428	175.09	179.69	96	1.44
429	94.87	163.2	96	0.98
430	41.31	68.95	97	1.28
431	60.87	41.82	97	0.85
432	199.12	166.05	95	1.39
Period: 94
Tasks:3
id	x	y	end	c
424	75.51	58.17	96	48.47
425	176.67	102.56	94	76.71
426	8.02	137.52	94	99.34
Drivers: 4
id	x	y	end	sensitivity
433	42.3	0.45	96	1.75
434	91.84	29.13	96	0.66
435	104.98	141.32	94	0.51
436	156.98	27.37	96	0.77
Period: 95
Tasks:4
id	x	y	end	c
427	142.26	126.42	95	49.84
428	143.8	149.77	96	66.3
429	48.56	58.06	97	66.37
430	67.3	173.73	96	80.66
Drivers: 3
id	x	y	end	sensitivity
437	81.9	79.17	97	1.2
438	66.61	25.93	97	0.55
439	110.79	55.77	98	0.64
Period: 96
Tasks:3
id	x	y	end	c
431	65.92	13.62	97	92.86
432	131.38	55.32	97	54.6
433	134.29	185.92	96	92.51
Drivers: 5
id	x	y	end	sensitivity
440	93.92	153.96	98	0.65
441	178.31	36.78	99	1.06
442	37.15	194.35	97	1.75
443	89.48	154.9	98	0.71
444	141.67	61.06	96	1.94
Period: 97
Tasks:9
id	x	y	end	c
434	128.3	46.29	97	60.71
435	122.15	108.67	97	23.79
436	175.6	52.21	98	89.44
437	173.55	20.71	98	108.15
438	187.45	149.75	98	100.61
439	41.26	196.93	97	113.34
440	47.7	141.25	99	66.61
441	65.04	94.24	97	35.43
442	193.97	59.8	97	102.21
Drivers: 4
id	x	y	end	sensitivity
445	31.86	181.23	101	1.14
446	72.04	196.89	98	0.77
447	74.18	151.52	99	0.59
448	144.24	166.08	100	1.91
Period: 98
Tasks:3
id	x	y	end	c
443	124.62	14.04	98	89.42
444	37.4	103.99	98	62.73
445	22.27	50.91	98	91.93
Drivers: 8
id	x	y	end	sensitivity
449	112.48	117.73	100	2
450	178.22	191.96	98	0.89
451	39.87	114.32	100	1.27
452	32.2	46.72	99	0.93
453	171.51	37.36	100	1.31
454	137.13	38.59	100	0.57
455	49.98	0.5	99	1.29
456	95.17	12.66	102	1.79
Period: 99
Tasks:6
id	x	y	end	c
446	130.86	166.32	99	73.15
447	57.72	136.52	100	55.87
448	113.69	161.3	100	62.81
449	94.66	149.63	101	49.92
450	162.9	69.31	99	69.99
451	169.24	162.18	99	93.06
Drivers: 3
id	x	y	end	sensitivity
457	158.73	55.08	102	1.23
458	8.9	130.38	102	1.91
459	15.07	111.82	104	1.55
Period: 100
Tasks:6
id	x	y	end	c
452	44.25	194.45	101	109.68
453	97.86	5.77	101	94.25
454	77.51	120.17	100	30.21
455	35.47	199.19	100	118.33
456	85.8	194.65	100	95.71
457	127.92	150.41	102	57.63
Drivers: 3
id	x	y	end	sensitivity
460	90.41	174.73	105	0.85
461	158.55	39.83	101	1.29
462	32.36	146.03	104	0.94
