Periods: 100
Task Arrival Rate: 5
Task Average Time: 2
Driver Arrival Rate: 10
Driver Average Time: 2
Period: 1
Tasks:6
id	x	y	end	c
1	124.35	13.17	5	90.18
2	76.84	63.06	3	43.6
3	138.5	136.88	3	53.31
4	49.25	140.93	2	65.2
5	61.36	151.46	5	64.35
6	75.49	86.84	3	27.82
Drivers: 20
id	x	y	end	sensitivity
1	114.64	173.09	4	0.89
2	186.22	63.78	5	1.05
3	175.44	58.96	2	1.2
4	32.37	140.86	4	1.57
5	175.61	124.89	2	0.54
6	145.79	95.63	3	0.97
7	84.42	25.55	5	0.9
8	3.87	59.49	1	0.9
9	138.86	184.49	1	1.1
10	123.58	18.38	1	0.74
11	85.91	31.58	3	0.69
12	121.33	65.76	4	1.36
13	75.59	140.35	3	0.63
14	25.33	124.79	2	1
15	74	44.22	2	1.77
16	145.3	53.34	2	0.9
17	73.84	58.96	2	0.73
18	84.31	16.89	2	0.59
19	36.16	89.83	3	1.26
20	126.53	42.84	1	1.41
Period: 2
Tasks:4
id	x	y	end	c
7	36.78	158.63	3	86.22
8	159.49	15.87	5	103.04
9	29.99	22.83	3	104.2
10	153.28	157.9	5	78.68
Drivers: 14
id	x	y	end	sensitivity
21	48.09	113.27	3	1.21
22	84.28	195.38	3	1.75
23	105.82	54.2	4	0.79
24	146.57	90.8	5	1.33
25	101.71	155.61	7	0.85
26	182.64	133.68	6	0.95
27	124.29	53.65	7	0.92
28	38.18	88.39	2	0.68
29	192.01	39.54	3	1.51
30	119.51	55	3	0.86
31	172.12	74.21	3	0.65
32	197.26	69.47	3	1.34
33	166.23	154.43	6	1.73
34	57.53	162.18	3	1.89
Period: 3
Tasks:4
id	x	y	end	c
11	136.51	192.94	4	99.85
12	68.02	151.35	5	60.49
13	80.58	171.6	7	74.19
14	49.44	4.93	6	107.68
Drivers: 13
id	x	y	end	sensitivity
35	67.4	186.19	5	0.79
36	122.44	120.2	4	1.22
37	1.76	199.32	5	1.2
38	75.06	161.06	5	1.3
39	199.24	10.64	5	1.59
40	152.15	103.7	7	1.4
41	73.59	106.87	6	1.08
42	115.66	128.83	3	1.83
43	178.47	157.02	4	1.05
44	52.59	68.28	5	0.82
45	53.19	135.15	6	1.85
46	55.85	58.02	5	1.12
47	79.86	80.18	4	1.1
Period: 4
Tasks:4
id	x	y	end	c
15	16.25	112.43	6	84.67
16	182.21	197.57	5	127.59
17	147.51	171.9	9	86.18
18	17.59	101.11	5	82.42
Drivers: 10
id	x	y	end	sensitivity
48	124.84	56.21	4	1.13
49	58.38	8.53	7	1.16
50	125.64	113.89	6	1.45
51	122.48	199.81	4	1.14
52	127.69	75.28	5	1.85
53	156.71	132.17	6	1.43
54	60.61	76.26	10	1.17
55	10.49	74	6	1.17
56	6.23	139.04	6	0.66
57	136.83	100.51	4	1.99
Period: 5
Tasks:8
id	x	y	end	c
19	190.3	125.42	6	93.81
20	60.53	5.11	6	102.77
21	113.07	143.7	9	45.61
22	117.33	134.15	7	38.3
23	141.24	102.19	9	41.3
24	142.67	111.35	6	44.15
25	194.18	55.31	8	104.25
26	85.5	93.49	5	15.89
Drivers: 13
id	x	y	end	sensitivity
58	196.44	45.41	5	0.86
59	158.06	34.64	6	0.58
60	75.71	191.23	6	1.03
61	181.05	100.32	6	0.64
62	106.09	103.41	5	0.68
63	174.34	158.13	5	0.7
64	99.75	144.5	7	0.84
65	105.13	70.58	6	1.44
66	198.22	105.41	6	1.06
67	84.2	186.3	8	1.18
68	35.88	186.25	8	0.81
69	180.45	9.12	6	0.55
70	127.56	160.96	8	1.14
Period: 6
Tasks:9
id	x	y	end	c
27	153.46	191.78	10	106.21
28	76.8	41.8	7	62.65
29	54.14	134.09	8	57.14
30	167.26	199.16	7	119.82
31	13.92	131.89	6	91.8
32	11.27	190.89	8	127.02
33	142.73	100.85	8	42.74
34	25.28	123.4	6	78.3
35	166.06	90.44	6	66.75
Drivers: 11
id	x	y	end	sensitivity
71	58.28	130.42	7	0.69
72	2.47	57.18	8	0.71
73	48.95	27.36	12	0.72
74	145.73	152.68	7	1.47
75	110.54	30.96	8	1.92
76	84.7	159.41	11	0.94
77	189.92	156.36	12	1.18
78	81.22	126.92	8	1.44
79	162.61	59.77	9	1.96
80	190.69	190.54	9	1.39
81	146.51	24.07	10	1.67
Period: 7
Tasks:5
id	x	y	end	c
36	70.24	28.7	9	77.26
37	140.63	147.96	7	62.86
38	24.88	9.63	9	117.51
39	33.82	74.06	8	71.08
40	12.44	13.28	8	123.24
Drivers: 16
id	x	y	end	sensitivity
82	119.2	91.89	10	1.26
83	130.19	141.05	9	1.08
84	167.71	45.19	7	1.63
85	120.43	182.84	10	1.05
86	23.37	112.46	10	1.83
87	144.88	2.53	9	1.93
88	82.74	28.7	10	0.56
89	180.15	133.58	8	1.91
90	58.75	35.21	8	0.82
91	77.6	103.81	12	0.79
92	36.64	93.35	8	0.78
93	99.73	28.14	8	1.5
94	88.72	22.71	9	1.08
95	194.73	35.34	9	1.59
96	9.98	108.82	8	1.39
97	148.05	137.12	9	0.63
Period: 8
Tasks:5
id	x	y	end	c
41	63.48	166.74	10	76.08
42	5.78	41.77	11	110.76
43	122.45	184.57	13	87.5
44	196.94	16.75	9	127.78
45	105.13	95.5	10	6.82
Drivers: 7
id	x	y	end	sensitivity
98	75.29	21.22	10	1.1
99	54.14	105.75	10	0.58
100	92.11	121.29	10	0.72
101	133.6	191.44	9	1.22
102	96.32	45.46	11	1.68
103	30.18	138.04	10	1.72
104	99.86	127.25	10	0.52
Period: 9
Tasks:4
id	x	y	end	c
46	72.7	121.57	10	34.79
47	183.46	11.14	10	121.91
48	91.91	35.78	10	64.73
49	125.17	31.1	11	73.35
Drivers: 11
id	x	y	end	sensitivity
105	53.93	158.6	11	0.92
106	108.95	192.5	9	1.91
107	110.85	44.61	12	1.76
108	129.35	192.45	12	0.56
109	164.94	93.7	11	1.7
110	0.81	149.29	11	1.1
111	180.6	131.25	10	1.21
112	118.4	100.19	10	1.91
113	161.69	188.15	10	1.53
114	48.47	48.64	12	1.03
115	182.54	109.55	11	0.53
Period: 10
Tasks:1
id	x	y	end	c
50	145.77	160.76	11	76.07
Drivers: 14
id	x	y	end	sensitivity
116	86.25	181.9	12	0.7
117	190.3	167.92	11	1.08
118	88.46	168.89	12	1.58
119	114.22	149.74	12	1.16
120	98.16	174.89	13	0.97
121	29.02	31.49	12	0.55
122	66.66	50.33	11	1.97
123	99.22	35.69	12	1.68
124	199.75	142	12	1.73
125	55.87	107.17	12	1.91
126	130.43	113	10	1.16
127	100.57	192.14	11	1.78
128	86.01	10.6	12	0.52
129	169.65	51.22	11	0.98
Period: 11
Tasks:3
id	x	y	end	c
51	61.35	20.48	12	88.42
52	168.93	171.56	13	99.36
53	44.2	90.46	15	56.61
Drivers: 13
id	x	y	end	sensitivity
130	49.16	191.44	14	0.59
131	141.04	108.05	13	1.3
132	13.56	187.46	14	0.67
133	29.27	66.82	11	0.67
134	103.43	18.11	12	1.89
135	189.28	135.23	13	1.15
136	177.78	69.75	13	1.62
137	192.57	82.76	12	0.8
138	57.92	180.2	12	1.9
139	77.46	112.22	16	0.71
140	75.78	21.31	12	0.55
141	104.92	51.64	13	0.76
142	9.72	14.66	13	1.12
Period: 12
Tasks:7
id	x	y	end	c
54	178.13	179.15	16	111.22
55	174.59	141.43	13	85.32
56	11.39	35.58	15	109.55
57	79.68	168.14	12	71.11
58	116.52	106.47	13	17.74
59	40.57	187.02	14	105.38
60	27.17	103.32	17	72.91
Drivers: 8
id	x	y	end	sensitivity
143	35.53	176.86	17	1.49
144	47	28.67	16	0.5
145	118.78	189.87	12	0.64
146	36.88	156.31	15	0.82
147	151.51	99.73	12	1.57
148	2.12	115.76	13	0.85
149	2.08	146.39	14	1.7
150	12.22	187.99	13	1.73
Period: 13
Tasks:4
id	x	y	end	c
61	79.25	195.49	14	97.72
62	187.89	72.72	14	92.03
63	61.57	87.75	17	40.34
64	185.76	158.58	15	103.86
Drivers: 10
id	x	y	end	sensitivity
151	161.7	163.88	15	0.61
152	5.35	123.32	14	1.29
153	156.22	162.38	14	0.6
154	101.21	145.13	15	1.35
155	132.21	108.12	14	0.85
156	170.52	135.8	16	1.88
157	72.09	94.39	13	0.67
158	9.97	26.64	19	1.36
159	119.64	22.54	15	1.93
160	142.61	44.12	15	0.78
Period: 14
Tasks:8
id	x	y	end	c
65	134.22	50.77	17	59.95
66	184.09	184.97	14	119.55
67	87.15	42.41	16	59.01
68	124.16	146.87	15	52.73
69	67.06	188.48	18	94.41
70	3.04	112.27	15	97.73
71	193.78	71.96	15	97.88
72	184.4	50.15	18	98.02
Drivers: 11
id	x	y	end	sensitivity
161	91.09	158.27	17	0.95
162	48.28	120.51	16	1.58
163	178.56	155.05	16	0.65
164	185.11	39.26	16	1.35
165	96.11	196.51	18	1.44
166	22.47	20.37	16	0.76
167	189.28	126.34	19	0.72
168	75.04	182.9	16	1.75
169	84.08	2.34	14	0.92
170	124.39	33.28	14	0.93
171	190.08	175.47	15	1.31
Period: 15
Tasks:6
id	x	y	end	c
73	90.76	152.89	20	53.69
74	137.36	142.54	15	56.62
75	90.78	157.96	16	58.69
76	69.61	60.96	16	49.47
77	0.91	136.34	18	105.54
78	198	50.67	15	109.72
Drivers: 6
id	x	y	end	sensitivity
172	12.91	32.73	16	0.79
173	11.14	145.07	15	1.07
174	168.07	16.64	19	0.84
175	115.14	128.18	16	1.12
176	81.15	24.13	15	0.9
177	3.26	113.64	15	1.12
Period: 16
Tasks:8
id	x	y	end	c
79	153.54	33.77	18	85.16
80	0.39	181.2	19	128.51
81	124.32	165.07	18	69.47
82	128.67	93.42	19	29.42
83	161.88	154.15	17	82.23
84	33.05	93.13	17	67.3
85	169.61	192.2	19	115.53
86	26.08	32.23	16	100.28
Drivers: 11
id	x	y	end	sensitivity
178	44.92	130.39	17	1.57
179	164.25	2.93	18	1.85
180	115.49	66.85	16	1.4
181	122.75	57.72	20	1.13
182	59.38	77.81	19	1.09
183	179.07	82.83	17	1.94
184	67.05	1.76	19	1.22
185	49.23	193.97	19	1.5
186	45.45	109.86	17	1.65
187	24.56	36.26	17	1.21
188	102.06	39.8	18	1.49
Period: 17
Tasks:7
id	x	y	end	c
87	96.49	163.19	19	63.29
88	22.81	104.06	18	77.3
89	91.08	197.52	19	97.93
90	53.62	82.25	19	49.66
91	25.04	40.61	20	95.64
92	159.64	59.37	18	72.16
93	187.23	182.39	18	119.99
Drivers: 10
id	x	y	end	sensitivity
189	87.06	66.61	19	1.94
190	33.1	181.35	18	1.91
191	133.24	114.87	17	1.79
192	109.94	71.05	19	1.77
193	108.89	171.06	17	1.03
194	139.94	184.06	21	0.58
195	93.58	1.31	18	1.82
196	96.38	122.97	19	1.75
197	195.94	30.21	18	1.73
198	93.51	172.31	20	1.85
Period: 18
Tasks:6
id	x	y	end	c
94	16.79	18.55	19	116.44
95	52.69	117.41	18	50.41
96	96.07	159.45	18	59.58
97	40.93	121.01	21	62.7
98	26.87	2.06	21	122.23
99	22.27	67.14	20	84.39
Drivers: 7
id	x	y	end	sensitivity
199	78.96	127.3	20	1.32
200	65.97	32.16	19	1.73
201	185.73	65.26	24	1.66
202	150.57	179.04	20	1.64
203	94.41	187.25	18	1.15
204	20.37	112.91	21	1.4
205	62.83	37.06	18	1.88
Period: 19
Tasks:4
id	x	y	end	c
100	192.18	65.24	21	98.52
101	19.48	141.71	20	90.68
102	193.78	196.48	21	134.55
103	129.81	34.28	19	72.16
Drivers: 11
id	x	y	end	sensitivity
206	88.69	124.33	19	1.06
207	110.16	34.69	20	0.98
208	120.79	50.14	19	1.54
209	152.03	59.69	22	1.06
210	198.11	74.82	23	0.69
211	5.22	124.43	21	1.84
212	149.13	180.96	21	1.93
213	97.1	128.39	20	1.46
214	132.82	108.36	19	1.16
215	173.04	3.41	21	1.03
216	88.64	40.71	20	1.41
Period: 20
Tasks:6
id	x	y	end	c
104	22.46	88.25	21	78.43
105	92.49	127.22	20	28.24
106	161.95	185.17	22	105.32
107	3.57	17.7	22	126.78
108	35.99	23.39	22	99.83
109	186.99	0.59	21	132.1
Drivers: 7
id	x	y	end	sensitivity
217	164.17	132.61	21	0.6
218	153.95	103.99	23	0.53
219	98.85	20.1	22	1.13
220	28.86	165.44	22	1.3
221	37.21	79.77	24	1.5
222	137.17	178.03	22	1.84
223	21.14	167.66	22	0.95
Period: 21
Tasks:5
id	x	y	end	c
110	89.54	119.38	22	22.02
111	197.77	139.1	23	105.3
112	106.77	117.91	23	19.15
113	171.74	53.38	23	85.56
114	184.39	110.49	23	85.04
Drivers: 12
id	x	y	end	sensitivity
224	57.44	30.42	23	1.18
225	26.68	88.83	21	1.3
226	24.73	50.15	24	1.92
227	187.64	134.7	23	1.6
228	167.06	39.11	22	1.55
229	167.43	83.65	23	1.48
230	191.16	24.24	23	0.53
231	184.81	184.04	26	1.25
232	116.65	103.26	24	1.87
233	13.47	82.32	22	1.99
234	31.5	25.17	23	0.71
235	113.52	123.91	22	1.03
Period: 22
Tasks:5
id	x	y	end	c
115	106.99	14.33	23	85.95
116	178.77	19.28	25	112.78
117	173.94	25.31	25	105.1
118	90.73	157.9	23	58.64
119	72.06	89.55	24	29.83
Drivers: 10
id	x	y	end	sensitivity
236	106.59	25.13	22	1.63
237	187.97	137.98	23	1.62
238	46.78	26.01	22	1.31
239	172.64	38.76	23	1.18
240	94.23	40.61	25	1.65
241	83.25	145.37	23	1.82
242	170.9	187.92	25	1.16
243	98.85	112.06	25	1.27
244	44.55	177.97	23	1.43
245	70.12	85.63	22	0.97
Period: 23
Tasks:2
id	x	y	end	c
120	4.09	13.78	26	128.97
121	177.1	146.55	25	90.06
Drivers: 12
id	x	y	end	sensitivity
246	105.55	81.21	24	1.15
247	118.05	19.4	25	1.61
248	116.7	31.36	28	1.99
249	153.81	28.99	24	0.52
250	125.11	69.86	27	1.89
251	111.67	184.5	23	0.87
252	104.42	82.7	24	0.68
253	5.88	34.81	24	1.01
254	72.21	94.19	25	1.63
255	32.21	117.96	23	1.38
256	102.42	49.87	26	1.56
257	143.94	109.67	25	1.44
Period: 24
Tasks:3
id	x	y	end	c
122	10.3	16.52	24	122.54
123	185.05	9.6	27	124.12
124	104.92	36.89	25	63.3
Drivers: 8
id	x	y	end	sensitivity
258	26.6	51.97	26	0.79
259	31.23	147.65	27	1.84
260	167.11	132.75	27	1.03
261	23.95	124.47	29	0.67
262	155.58	103.58	25	1
263	105.94	2.41	27	0.98
264	184.47	133.1	29	1.03
265	144.7	49.82	24	1.64
Period: 25
Tasks:4
id	x	y	end	c
125	185	180.76	26	117.25
126	163.52	68.1	29	71.08
127	116.75	129.38	28	33.82
128	79	17.48	28	85.15
Drivers: 9
id	x	y	end	sensitivity
266	190.5	81.46	27	1.45
267	125.35	195.43	26	1.15
268	51.09	17.23	27	0.59
269	174.33	46.81	26	1.28
270	90.28	17.25	27	0.58
271	141.4	24.91	27	1.86
272	42.1	11.23	26	1.32
273	170.81	83.6	29	0.56
274	99.92	20.01	26	0.77
Period: 26
Tasks:8
id	x	y	end	c
129	171.5	174.69	30	103.4
130	73.03	116.84	27	31.8
131	98.54	60.49	28	39.54
132	191.88	56.5	28	101.66
133	148.51	70.02	28	57.03
134	122.79	92.11	28	24.12
135	197.74	157.33	29	113.31
136	199.41	139.48	27	106.96
Drivers: 9
id	x	y	end	sensitivity
275	80.94	142.69	27	1.08
276	101.49	91.57	30	0.72
277	114.6	197.37	29	0.95
278	47.68	130.49	26	1.29
279	17.44	100.06	27	1.53
280	129	146.21	28	0.71
281	20.07	64.15	28	1.52
282	75.73	157.9	29	1.09
283	62.59	196.48	30	1.07
Period: 27
Tasks:5
id	x	y	end	c
137	54.07	159.13	29	74.87
138	106.39	4.05	30	96.16
139	45.88	54.03	30	71.01
140	130.77	15.77	29	89.67
141	49.94	86.45	27	51.86
Drivers: 7
id	x	y	end	sensitivity
284	180.91	188.81	28	1.55
285	112.78	79.16	30	1.28
286	89.4	131.55	27	1.96
287	190.34	28.66	30	1.13
288	33.51	74.05	28	1.23
289	59.73	127.82	28	1.54
290	105.08	153.74	28	1.8
Period: 28
Tasks:8
id	x	y	end	c
142	199.49	4.34	30	138.02
143	51.38	70.52	29	56.86
144	18.62	141.69	31	91.44
145	106.53	128	31	28.75
146	95.53	63.48	29	36.79
147	14.38	76.29	28	88.84
148	48.27	152.92	30	74
149	83.51	59.93	31	43.33
Drivers: 12
id	x	y	end	sensitivity
291	153.53	79.02	31	1.33
292	195.27	149.59	32	1.8
293	33.15	90.15	30	1.92
294	38.88	140.58	30	1.45
295	100.6	107.83	28	1.12
296	169.71	198.84	30	1.19
297	28.67	73.11	28	1.75
298	24.58	27.41	32	1.65
299	46.32	106.46	29	1.84
300	23.72	40.86	30	1.02
301	119.06	134.48	31	0.78
302	159.97	61.13	32	1.26
Period: 29
Tasks:8
id	x	y	end	c
150	2.43	85.4	30	98.66
151	60.83	39.05	31	72.45
152	160.47	115.1	29	62.33
153	140.26	198.35	32	106.27
154	199.43	184.77	29	130.66
155	149.02	46.81	33	72.33
156	76.69	191.99	30	94.9
157	62.32	89.22	32	39.19
Drivers: 7
id	x	y	end	sensitivity
303	19.46	59.84	30	1.68
304	47.01	168.3	29	1.25
305	189.37	54.62	33	1.36
306	199.54	70.75	30	1.93
307	12.56	39.37	31	1.11
308	98.92	183.87	33	0.88
309	25.12	120.17	30	0.58
Period: 30
Tasks:5
id	x	y	end	c
158	54.87	82.99	30	48.23
159	125.28	150.42	33	56.4
160	38.03	101.13	32	61.98
161	85.56	77.83	31	26.46
162	160.91	54.03	32	76.31
Drivers: 11
id	x	y	end	sensitivity
310	69.17	70.35	31	1.37
311	85.71	37.68	31	1.81
312	29.06	55.17	33	1.58
313	36.96	187.01	32	1.54
314	148.75	100.88	34	0.88
315	186.01	50.45	33	1.07
316	123.36	25.25	30	0.66
317	14.27	160.94	30	1.64
318	118.46	89.65	31	2
319	76.02	120.07	31	1.09
320	131.54	126.39	34	1.21
Period: 31
Tasks:7
id	x	y	end	c
163	49.99	112.71	31	51.6
164	105.22	186.48	34	86.64
165	56.36	199.19	34	108.37
166	60.11	83.38	33	43.21
167	132.8	12.23	32	93.7
168	192.86	48.44	34	106.21
169	103.92	60.44	34	39.75
Drivers: 13
id	x	y	end	sensitivity
321	160.06	16.97	31	1.26
322	19.6	2.61	34	1.49
323	56.11	51.78	33	1.38
324	165.56	151.43	32	1.98
325	5.8	138.82	35	1.36
326	51.32	59.8	34	1.98
327	24.26	111.53	35	0.97
328	177.28	111.26	32	1.38
329	194.18	116.88	32	0.57
330	39.9	55.92	33	1
331	135.69	105.85	32	1.47
332	186.48	108.79	36	0.9
333	153.69	67.86	34	0.87
Period: 32
Tasks:8
id	x	y	end	c
170	153.63	134.53	33	63.78
171	91.59	16.95	34	83.47
172	194.11	16.86	34	125.57
173	14.34	18.16	35	118.47
174	171.39	14.69	33	111.24
175	76.23	159.14	36	63.74
176	36.87	188.3	32	108.55
177	197.26	185.36	33	129.41
Drivers: 9
id	x	y	end	sensitivity
334	116.45	92.82	34	1.08
335	151.18	115.24	32	0.52
336	41.89	98.13	36	1.13
337	151.51	116.69	32	1.11
338	99.35	170.03	33	1.76
339	130.54	86.12	34	1.84
340	64.52	180.46	33	0.56
341	138.77	183.43	33	2
342	166.41	24.01	36	1.21
Period: 33
Tasks:6
id	x	y	end	c
178	9.58	195.36	35	131.41
179	58.97	5.17	35	103.33
180	124.55	12.97	38	90.43
181	108.42	153.89	35	54.54
182	118.99	2.15	36	99.68
183	99.58	18.25	33	81.75
Drivers: 10
id	x	y	end	sensitivity
343	175.66	26.3	34	1.29
344	3.07	158.05	36	0.72
345	138.28	104.64	35	1.61
346	103.61	164.27	37	0.65
347	156.12	103.36	35	1.78
348	194.19	20.64	34	1.59
349	86.72	53.55	34	1.75
350	108.66	185.84	34	1.73
351	191.06	130.97	34	1.97
352	157.35	69.86	35	1.14
Period: 34
Tasks:5
id	x	y	end	c
184	82.47	176.68	37	78.66
185	97.91	24.64	35	75.39
186	54.25	176.83	34	89.42
187	88.12	36.54	34	64.56
188	27.17	36.61	36	96.55
Drivers: 14
id	x	y	end	sensitivity
353	11.82	130.05	36	1.06
354	70.04	142.83	35	1.98
355	13.83	66.8	36	1.69
356	87.68	101.76	36	1.78
357	5.09	138.47	35	1.32
358	153.97	111.48	36	1.32
359	74.06	42.68	34	0.86
360	78.21	60.39	37	0.7
361	26.05	184.87	39	1.67
362	197.02	137.43	36	1.67
363	19.98	85.48	36	0.68
364	8.24	131.15	37	1.57
365	39.99	119.73	38	0.96
366	17.73	163.52	35	1.82
Period: 35
Tasks:4
id	x	y	end	c
189	103.77	98.11	39	4.22
190	39.95	61.06	37	71.57
191	172.05	27.2	40	102.43
192	127.99	3.32	35	100.65
Drivers: 14
id	x	y	end	sensitivity
367	105.01	81.47	35	1.05
368	165.98	11.52	36	1.27
369	39.55	1.66	37	1.63
370	38.36	121.8	37	1.9
371	79.13	199.45	36	0.85
372	58.48	66.8	36	1.07
373	191.83	135.57	36	1.61
374	15.11	109.97	37	1.13
375	88.36	94.14	37	1.32
376	181.25	170.02	39	0.94
377	50.8	189.34	36	0.53
378	183.61	22.42	39	0.58
379	78.48	65.37	36	1.25
380	123.08	126.1	39	0.91
Period: 36
Tasks:8
id	x	y	end	c
193	159.17	164	39	87.16
194	95.78	37.37	37	62.77
195	144.59	47.82	38	68.64
196	99.64	3.69	39	96.31
197	151.3	198.47	37	111.03
198	82.11	115.66	41	23.78
199	165.89	54.86	37	79.87
200	3.39	140.3	36	104.68
Drivers: 3
id	x	y	end	sensitivity
381	41.19	73.49	41	1.18
382	142.89	160.68	39	1.65
383	167.29	178.01	37	0.89
Period: 37
Tasks:7
id	x	y	end	c
201	40.96	188.13	38	106.08
202	102.1	193.86	37	93.88
203	24.06	87.73	38	76.92
204	35.44	41.63	38	87.03
205	46.91	160.34	46	80.37
206	101.07	40.7	39	59.31
207	4.42	110.09	38	96.11
Drivers: 7
id	x	y	end	sensitivity
384	124.9	66.03	41	1.26
385	28.67	182.84	40	1.95
386	193.92	94.26	38	0.65
387	190.93	30.21	39	1.35
388	33.12	189.44	39	0.97
389	53.05	139.44	42	1.12
390	168.8	84.04	38	0.82
Period: 38
Tasks:4
id	x	y	end	c
208	141.47	170.65	39	81.92
209	194.21	171.72	38	118.4
210	179.76	69.5	38	85.39
211	142.7	50.17	43	65.62
Drivers: 11
id	x	y	end	sensitivity
391	20.7	55.25	41	1.27
392	15.44	198.27	41	0.56
393	50.14	54.36	44	1.33
394	27.04	96.7	39	1.56
395	137.55	53.17	38	1.65
396	101.73	103.87	38	0.58
397	174.21	179.97	41	1.56
398	112.62	65.97	43	1.39
399	20.84	26.31	39	1.81
400	24.96	22.34	38	1.33
401	97.78	166.18	38	1.7
Period: 39
Tasks:4
id	x	y	end	c
212	141.08	143.38	41	59.74
213	59.58	160.78	43	72.99
214	96.6	15.99	40	84.08
215	51.07	181.87	41	95.38
Drivers: 11
id	x	y	end	sensitivity
402	167.1	41.35	39	1.2
403	80.27	123.23	42	0.94
404	56.79	89.29	42	1.61
405	46.65	196.46	40	1.64
406	191.55	120.26	42	0.88
407	54.83	178.36	40	0.97
408	60.36	47.15	40	1.21
409	149.6	48.33	42	1.26
410	120.22	129.48	41	0.84
411	151.4	63.26	43	1.55
412	106.94	182.83	41	1.98
Period: 40
Tasks:8
id	x	y	end	c
216	84.67	185.69	42	87.05
217	119.5	192.08	45	94.12
218	155.23	155.59	43	78.36
219	180.73	129.84	40	86.07
220	10.34	22.89	41	118.26
221	183.88	31.73	42	108.15
222	106.8	189.06	41	89.32
223	82.14	111.58	40	21.29
Drivers: 7
id	x	y	end	sensitivity
413	199.85	61.75	41	1.05
414	96	194.52	43	0.64
415	69.52	162.41	42	1.85
416	106.47	39.82	40	1.21
417	194.39	77.97	44	0.78
418	164.05	151.76	41	1.86
419	169.3	97.15	43	1.99
Period: 41
Tasks:5
id	x	y	end	c
224	41.41	153.46	44	79.31
225	181.19	125.05	44	84.97
226	109.31	48.95	44	51.89
227	151.32	153.83	43	74.37
228	154.57	19.88	44	96.94
Drivers: 8
id	x	y	end	sensitivity
420	158.88	17.02	43	1.69
421	8.65	148.24	41	0.94
422	98.25	5.98	44	1.15
423	86.84	29.55	44	1.87
424	56.4	102.65	44	0.91
425	21.06	16.82	42	1.56
426	172.61	106.16	43	0.74
427	68.85	60.29	44	1.97
Period: 42
Tasks:3
id	x	y	end	c
229	181.8	68.46	43	87.67
230	33.77	78.63	42	69.59
231	126.78	173.34	42	78.08
Drivers: 14
id	x	y	end	sensitivity
428	156.18	62.29	45	0.96
429	174.22	48.24	46	1.76
430	6.18	152.83	43	1.03
431	66.54	36.05	43	1.23
432	137.22	171.22	45	1.46
433	172.72	37.18	43	0.54
434	139.11	71.79	45	1.77
435	181.24	90.76	45	0.56
436	145.83	105.73	42	1.89
437	105.81	27	47	1.1
438	196.19	15.67	42	1.33
439	85.86	182.32	42	1.01
440	123.63	57.64	43	0.73
441	189.04	103.66	43	1.34
Period: 43
Tasks:3
id	x	y	end	c
232	127.05	112.21	45	29.68
233	50.9	16.68	46	96.71
234	5.1	69.65	45	99.63
Drivers: 7
id	x	y	end	sensitivity
442	13.33	24.48	43	1.48
443	63.91	94.96	45	1.44
444	169.55	181.54	46	0.88
445	38.6	126.64	43	0.6
446	14.71	108.65	46	1.8
447	15.76	95.37	43	1.67
448	10.07	65.46	45	1.58
Period: 44
Tasks:4
id	x	y	end	c
235	171.54	68.78	48	78.06
236	11.82	8.28	45	127.23
237	130.6	44	44	63.82
238	40.15	185.51	45	104.37
Drivers: 12
id	x	y	end	sensitivity
449	71.99	40.22	46	1.72
450	50.2	60.55	47	1.27
451	88.52	30.72	47	1.08
452	122.06	37.82	44	0.78
453	42.59	28.79	44	1.17
454	129.1	128.33	50	0.59
455	54.7	177.78	45	1.37
456	112.87	187.86	48	1.38
457	65.79	142.19	44	0.64
458	167.29	189.4	46	1.89
459	184.89	72.76	46	0.57
460	165.42	132.02	46	1.75
Period: 45
Tasks:3
id	x	y	end	c
239	72.36	144.55	46	52.43
240	177.89	12.19	46	117.38
241	16.88	73.97	46	87.1
Drivers: 13
id	x	y	end	sensitivity
461	134.07	104.12	46	1.59
462	87.44	197.6	48	1.85
463	59.66	147.74	50	1.37
464	16.85	174.89	47	1.94
465	89.59	146.12	48	0.5
466	108.78	59.25	48	1.95
467	170.04	56.89	47	1.79
468	32.96	112.2	47	1.73
469	26	170.03	49	1.68
470	126.48	162.49	49	1.85
471	3.86	31.13	50	0.93
472	153.65	126.67	46	1.37
473	3.88	52.35	45	1.65
Period: 46
Tasks:3
id	x	y	end	c
242	48	192.86	47	106.43
243	126.66	102.65	48	26.79
244	192.15	137.64	48	99.54
Drivers: 6
id	x	y	end	sensitivity
474	159.39	9.53	50	1.23
475	113.14	175.94	47	0.7
476	159.35	58.39	48	1.93
477	175.05	155.71	50	0.91
478	109.33	111.85	47	1.34
479	149	197.54	46	1.03
Period: 47
Tasks:6
id	x	y	end	c
245	168.82	25.44	47	101.47
246	52.92	25.54	47	88.1
247	63.75	41.39	48	68.91
248	88.17	2.63	50	98.09
249	20.13	69.05	52	85.66
250	186.55	84.62	49	87.91
Drivers: 8
id	x	y	end	sensitivity
480	90.91	122.78	50	0.76
481	189.13	107.33	52	1.46
482	34.04	151.68	49	1.58
483	189.33	39.19	49	1.88
484	68.42	1.75	48	1.41
485	150.83	110.44	51	1.01
486	8.43	128.51	47	0.63
487	48.75	69.73	49	1.54
Period: 48
Tasks:7
id	x	y	end	c
251	9.73	109.58	51	90.78
252	194.44	2.42	48	135.8
253	75.87	196.49	48	99.46
254	126.1	23.29	49	81.03
255	6.74	111.41	52	93.96
256	191.51	136.18	51	98.4
257	103.9	17.81	52	82.28
Drivers: 3
id	x	y	end	sensitivity
488	3.26	23.39	48	0.65
489	152.02	126.06	48	0.66
490	49.02	21.52	53	1.99
Period: 49
Tasks:6
id	x	y	end	c
258	27.56	177.61	51	106.16
259	123.35	39.7	50	64.66
260	52.65	146.46	50	66.34
261	108.89	13.84	49	86.62
262	86.04	13.87	53	87.25
263	196.79	62.56	52	103.78
Drivers: 11
id	x	y	end	sensitivity
491	92.42	191.77	50	1.15
492	135.81	142.67	52	1.83
493	29.46	7.04	49	1.64
494	191.29	9.67	51	1.04
495	135.15	174.64	52	1.88
496	5.58	80.78	50	1.99
497	135.35	99.67	51	2
498	135.1	3.52	50	1.73
499	50	136.55	50	1.54
500	37.57	177.19	51	1.06
501	69.02	59.05	50	1.15
Period: 50
Tasks:6
id	x	y	end	c
264	190.9	185.6	50	124.86
265	174.85	145.26	51	87.47
266	54.77	184.39	51	95.75
267	31.74	19.32	52	105.68
268	151.5	138.86	52	64.52
269	26.52	53.99	51	86.7
Drivers: 13
id	x	y	end	sensitivity
502	179.94	58.32	53	0.72
503	25.31	94.37	53	2
504	84.69	91.64	51	1.6
505	9.83	177.1	53	1.76
506	196.13	143.03	53	1.08
507	163.66	45.88	51	0.66
508	102.03	17	51	1.57
509	2.43	171.86	51	0.71
510	40.72	50.89	51	1.61
511	99.3	128.27	54	0.9
512	118.04	60.47	51	1.64
513	39.39	155.42	52	0.65
514	77.88	163.61	54	1.3
Period: 51
Tasks:7
id	x	y	end	c
270	64.06	77.5	53	42.4
271	100.32	48.23	52	51.77
272	161.89	88.43	54	62.96
273	150.55	156.04	53	75.47
274	135.44	174.81	54	82.78
275	49.44	172.3	52	88.22
276	178.94	14.57	54	116.32
Drivers: 7
id	x	y	end	sensitivity
515	146.09	160	54	1.5
516	65.04	55.25	52	0.54
517	68.72	113.09	54	1.69
518	24.35	167.14	52	1.35
519	129.52	183.45	53	1.66
520	46.38	133.97	54	0.53
521	125.9	173.43	52	1.34
Period: 52
Tasks:2
id	x	y	end	c
277	26.3	121.7	53	76.83
278	139.92	130.77	54	50.4
Drivers: 11
id	x	y	end	sensitivity
522	159.63	16.47	54	1.51
523	155.24	11.77	54	1.86
524	89.84	190.51	52	1.28
525	142.93	145.86	54	0.86
526	183.23	58.43	54	0.69
527	118.37	85.59	55	1.53
528	168.53	141.3	57	1.73
529	97.25	157.87	54	1.23
530	6.76	76.4	54	0.72
531	162.64	155.87	53	0.92
532	91.83	73.28	54	1.11
Period: 53
Tasks:5
id	x	y	end	c
279	119.5	48.18	55	55.37
280	169.77	79.32	53	72.77
281	34.41	160.65	54	89.33
282	54.87	21.71	55	90.37
283	12.79	98.24	54	87.23
Drivers: 16
id	x	y	end	sensitivity
533	145.05	99.56	58	1.36
534	163.73	177.38	53	1.83
535	158.78	104.34	54	0.66
536	151.5	177.12	54	1.63
537	87.88	22.13	54	1.31
538	59.57	31.9	57	1.86
539	4.34	71.69	56	1.74
540	57.93	179.34	55	1.82
541	181.25	4.28	58	0.92
542	42.08	128	56	1.29
543	19.42	159.37	54	0.81
544	56.35	99.99	54	1.03
545	8.45	55.45	54	1.34
546	3.02	101.66	56	1.92
547	199.54	173.35	57	1.02
548	47.58	180.43	55	1.5
Period: 54
Tasks:3
id	x	y	end	c
284	2.66	52.43	57	108.34
285	27.12	53.67	55	86.36
286	96.72	123.49	57	23.72
Drivers: 14
id	x	y	end	sensitivity
549	127.84	22.89	58	1.98
550	147.98	184.16	56	1.48
551	155.04	132.84	54	0.66
552	157.69	148.08	56	1.6
553	21.14	40.84	55	1.55
554	141.57	29.64	58	1.37
555	117.33	135.19	58	0.91
556	138.67	6.37	56	1.24
557	179.57	40.99	57	1.49
558	159.67	14.07	55	1.61
559	190.12	70.24	61	1.48
560	15.72	126.57	59	1.69
561	90.54	113.91	56	1
562	41.92	42.93	55	1.15
Period: 55
Tasks:7
id	x	y	end	c
287	146.44	22.04	56	90.74
288	162.6	177.41	58	99.55
289	108.61	159.76	61	60.38
290	156.07	129.96	56	63.57
291	178.34	141.85	56	88.82
292	180.75	158.58	55	99.76
293	25.62	65.18	58	82.13
Drivers: 13
id	x	y	end	sensitivity
563	1.35	37.8	59	1.65
564	94.46	143.43	57	1.29
565	148.13	86.93	56	1.57
566	196.6	192.53	57	0.81
567	13.6	164.3	58	0.69
568	61.86	116.28	56	0.52
569	66.95	113.8	57	0.99
570	176.58	84.85	57	0.91
571	170.41	65.57	57	1.99
572	170.8	97.79	57	1.31
573	134.65	65.55	56	1.26
574	187.37	179.04	56	0.54
575	102.26	134.72	58	1.33
Period: 56
Tasks:4
id	x	y	end	c
294	90.79	182.61	59	83.12
295	105.51	46.08	59	54.2
296	65.92	143.23	57	55.05
297	70.49	14.27	60	90.67
Drivers: 13
id	x	y	end	sensitivity
576	20.53	130.07	57	1.34
577	104.56	127.7	58	1.39
578	184.32	117.83	57	1.99
579	173.44	174.43	56	1.25
580	102.5	16.59	58	0.91
581	68.64	152.47	59	0.59
582	84.32	96.2	58	1.5
583	88.9	43.86	57	1.21
584	15.88	43.22	57	1.47
585	119.53	13.4	58	0.74
586	140.33	23.97	58	0.88
587	177.24	105.8	57	0.98
588	186.44	86.08	57	1.63
Period: 57
Tasks:5
id	x	y	end	c
298	50.15	51.15	58	69.8
299	68.32	91.4	59	32.83
300	48.49	159.85	59	78.96
301	176.74	18.1	58	112.23
302	97.53	152.44	60	52.5
Drivers: 14
id	x	y	end	sensitivity
589	146.98	120.55	60	1.36
590	153.99	34	59	0.71
591	24.75	168.3	57	0.69
592	50.3	137.95	58	1.35
593	17.71	127.58	58	1.72
594	162.52	112.82	58	1.89
595	36.5	196.3	59	0.79
596	100.81	37.4	57	1.52
597	55.86	123.07	57	1.29
598	156.78	2.11	59	1.2
599	66.58	70.3	59	0.96
600	58.87	199.53	59	1.11
601	38.72	168.42	57	1.5
602	184.97	74.15	60	1.86
Period: 58
Tasks:5
id	x	y	end	c
303	66.67	5.43	58	100.27
304	148.72	91.29	62	49.49
305	6.35	74.2	59	97.14
306	73.03	89.16	60	29.07
307	176.68	82.03	60	78.76
Drivers: 6
id	x	y	end	sensitivity
603	153.47	192.68	60	0.68
604	37.98	190.72	59	0.54
605	165.31	105.36	63	1.07
606	135.25	50.27	60	1.77
607	144.11	36.31	58	1.82
608	112.8	79.01	61	1.19
Period: 59
Tasks:5
id	x	y	end	c
308	19.78	183.69	62	115.93
309	183.39	122.25	61	86.31
310	3.7	91.84	60	96.65
311	190.36	156.05	60	106.33
312	172.4	73.66	62	77.04
Drivers: 14
id	x	y	end	sensitivity
609	117.41	104.28	60	0.59
610	37.08	118.2	60	1.08
611	155.43	44.98	59	0.65
612	160.74	101.68	61	1.74
613	20.98	150.18	60	1.25
614	102.34	27.23	62	1.77
615	195.23	87.39	61	1.36
616	98.25	93.33	62	1.39
617	34.9	10.26	62	1.73
618	155	120.42	61	1.33
619	166.91	109.91	61	1.19
620	88.63	120.62	61	1.41
621	110.26	17.47	60	1.81
622	95.06	3.7	61	1.06
Period: 60
Tasks:5
id	x	y	end	c
313	78.96	175.85	60	78.71
314	76.82	39.31	62	64.97
315	187.58	103.16	62	87.64
316	174.14	42.37	62	93.9
317	102.68	134.35	65	34.45
Drivers: 6
id	x	y	end	sensitivity
623	21.48	167.52	62	0.87
624	99.09	7.6	62	0.51
625	33.67	97.85	63	1.27
626	101.01	65.21	65	0.9
627	148.58	103.37	60	1.51
628	13.25	173.41	64	1.16
Period: 61
Tasks:2
id	x	y	end	c
318	134.82	115.33	62	38.05
319	181.61	178.75	62	113.41
Drivers: 8
id	x	y	end	sensitivity
629	88.51	9.79	63	1.87
630	24.27	114.27	63	0.67
631	170.14	35.97	64	0.82
632	89.41	6.64	66	2
633	184.69	41.27	63	1
634	194.6	72.79	62	1.28
635	181.81	194.73	66	0.85
636	27.17	107.36	62	0.92
Period: 62
Tasks:10
id	x	y	end	c
320	125.49	137.22	65	45.11
321	87.46	21.36	64	79.63
322	27.68	146.64	66	86.06
323	31.46	111.25	65	69.46
324	181.66	89.04	65	82.39
325	93.83	179.65	63	79.89
326	182.78	179.01	67	114.43
327	153.56	99.03	63	53.57
328	144.61	89.67	63	45.79
329	163.05	30.45	66	93.87
Drivers: 9
id	x	y	end	sensitivity
637	188.42	169.88	65	0.8
638	51.65	114.01	64	0.74
639	190.09	28.12	65	1.75
640	118.04	43.61	63	1.12
641	47.55	18.8	62	0.71
642	148.94	124.58	67	1.36
643	38.64	167.23	64	1.25
644	149.86	146.39	63	1.46
645	103.79	110.98	62	1.68
Period: 63
Tasks:5
id	x	y	end	c
330	171.13	160.2	64	93.19
331	116.19	76.61	66	28.45
332	110.72	140.73	66	42.12
333	112.48	152.28	65	53.75
334	199.06	140.32	64	106.95
Drivers: 7
id	x	y	end	sensitivity
646	123.72	70.31	66	1.8
647	100.96	151.61	67	1.32
648	0.64	34.58	65	1.47
649	45.16	111.87	65	1.21
650	54.43	52.3	66	1.05
651	54.9	37.82	63	1.65
652	97.62	151.02	64	1.5
Period: 64
Tasks:1
id	x	y	end	c
335	132.22	58.03	65	52.91
Drivers: 10
id	x	y	end	sensitivity
653	44.58	58.8	65	0.54
654	68.56	80.17	68	1.78
655	124.24	12.15	66	0.69
656	48.63	48.08	66	0.73
657	70.64	109.68	64	0.85
658	18.97	59.58	65	1.29
659	80.23	33.14	64	0.53
660	114.92	15.15	67	0.53
661	154.79	174.11	65	1.3
662	189.75	160.85	66	0.71
Period: 65
Tasks:5
id	x	y	end	c
336	81.66	188.4	67	90.28
337	136.84	170.34	68	79.4
338	182.1	90.48	67	82.65
339	76.17	186.96	69	90.17
340	98.37	113.07	69	13.17
Drivers: 8
id	x	y	end	sensitivity
663	110.27	65.42	65	1.55
664	84.24	0.85	66	0.84
665	191.75	2.7	66	0.72
666	120.16	77.83	66	0.76
667	8.06	127.97	65	1.46
668	101.08	2.41	66	1.31
669	2.52	175.18	68	1.43
670	47.68	97.65	66	1.34
Period: 66
Tasks:8
id	x	y	end	c
341	43.78	85.65	67	58.02
342	186.92	107.41	67	87.24
343	151.42	102.47	66	51.48
344	167.88	25.72	67	100.62
345	4.12	41.15	67	112.5
346	186.37	150.18	68	99.89
347	52.85	155.54	69	72.85
348	41.77	76.54	67	62.78
Drivers: 10
id	x	y	end	sensitivity
671	56.87	133.02	68	0.96
672	29.98	140.03	69	1.76
673	22.76	21.94	67	1.27
674	182.35	71.06	68	1.65
675	36.51	123.58	69	1.42
676	122.69	115.53	67	1.54
677	188.77	128.49	69	1.51
678	126.54	68.21	70	1.8
679	145.24	190.01	67	1.03
680	176.24	10.01	68	1.14
Period: 67
Tasks:6
id	x	y	end	c
349	34.25	8.12	67	112.98
350	59.48	130.3	72	50.6
351	17.3	160.63	71	102.54
352	27.96	106.07	68	72.3
353	157.17	171.24	67	91.34
354	97.88	56.54	68	43.51
Drivers: 10
id	x	y	end	sensitivity
681	174.76	82.34	69	2
682	127.72	154.69	67	1.37
683	185.22	130.62	68	0.76
684	175.71	75.7	69	0.62
685	176.08	72.08	68	0.51
686	78.35	113.13	71	0.93
687	44.9	24.79	73	0.67
688	135.74	70.57	69	0.81
689	195.08	148.54	69	0.5
690	67.32	47.24	68	1.44
Period: 68
Tasks:4
id	x	y	end	c
355	151.51	60.5	71	64.91
356	18.53	195.62	71	125.62
357	142.54	118.67	71	46.46
358	89.89	115.71	70	18.68
Drivers: 7
id	x	y	end	sensitivity
691	20.53	102.2	71	0.81
692	14.35	48.17	69	0.73
693	43.95	37.7	71	1.28
694	170.62	185.71	72	1.06
695	66.09	83.71	69	0.75
696	197.83	53.35	69	0.7
697	97.28	100.31	72	1.86
Period: 69
Tasks:3
id	x	y	end	c
359	184.9	139.32	69	93.56
360	104.59	172.18	71	72.33
361	166.67	19.47	71	104.55
Drivers: 7
id	x	y	end	sensitivity
698	26.49	2.63	70	1.96
699	62.6	138.64	70	1.81
700	1.37	54.84	70	1.21
701	198.34	49.05	71	0.89
702	53.52	107.7	71	1.41
703	42.18	141	73	1.09
704	6.28	162.67	69	1.87
Period: 70
Tasks:3
id	x	y	end	c
362	166.1	126.11	72	71.07
363	137.7	134.2	71	50.9
364	146.25	32.25	72	82.03
Drivers: 14
id	x	y	end	sensitivity
705	74.07	85.92	72	1.48
706	3.98	8.42	71	1.15
707	59.68	124.88	71	1.57
708	98.03	134.44	71	0.97
709	118.75	45.22	70	1.58
710	121.07	152.35	73	1.11
711	110.26	120.31	72	1.08
712	9.59	142.09	74	0.88
713	124.31	28.8	71	1.9
714	140.18	89.32	73	1.98
715	16.42	20.77	72	0.85
716	150.8	124.14	72	0.75
717	6.96	23.8	74	0.82
718	74.47	176.54	71	1.76
Period: 71
Tasks:7
id	x	y	end	c
365	106.38	86.94	74	14.54
366	115.77	22.29	72	79.29
367	98.24	159.01	73	59.04
368	125.23	140.99	71	48.13
369	171.7	83.24	77	73.63
370	88.1	27.2	71	73.77
371	182.73	147.92	72	95.61
Drivers: 11
id	x	y	end	sensitivity
719	104.61	3.22	76	0.82
720	39.68	183.5	74	0.65
721	52.63	193.26	72	0.9
722	153.02	73.53	74	1.59
723	35.63	163.8	75	0.51
724	2.21	65.75	73	1.58
725	59.64	197.77	73	1.56
726	160.5	16.99	72	1.12
727	187.66	92.63	79	1.95
728	125.86	65.39	72	1.44
729	7.73	22.26	71	1.21
Period: 72
Tasks:4
id	x	y	end	c
372	165.14	174.94	75	99.29
373	44.58	87.19	74	56.88
374	0.41	134.08	75	105.26
375	105.64	133.63	75	34.1
Drivers: 10
id	x	y	end	sensitivity
730	10.41	84.58	76	1.13
731	100.02	151.46	74	1.27
732	181.05	7.34	77	1.01
733	88.07	18.21	73	1.64
734	129.22	63.37	75	1.46
735	14.67	182.34	76	1.78
736	34.14	63.78	72	1.01
737	41.71	43.13	72	1.46
738	165.71	53.63	77	0.9
739	78.38	59.41	73	0.93
Period: 73
Tasks:2
id	x	y	end	c
376	171.88	17.52	74	109.41
377	62.01	109.78	78	39.23
Drivers: 7
id	x	y	end	sensitivity
740	156.62	179.93	74	1.79
741	37.69	87.6	76	1.44
742	178.23	54.82	73	1.23
743	110.34	172.24	74	0.87
744	74.37	3.23	75	1.05
745	121.84	42.56	75	1.4
746	42.48	153.55	74	1.91
Period: 74
Tasks:1
id	x	y	end	c
378	134.92	125.49	75	43.23
Drivers: 15
id	x	y	end	sensitivity
747	14.08	113.06	75	1.84
748	20.89	105.35	74	1.86
749	178.76	79.44	78	1.63
750	165.44	95.76	77	0.71
751	79.67	148.84	77	1.72
752	152.54	163.06	76	1.08
753	153.02	142.33	75	1.43
754	105.28	108.02	75	1.19
755	188.93	120.01	79	0.52
756	27.14	70.91	78	1.36
757	46.19	83.68	74	1.73
758	24.79	112.14	78	1.55
759	31.76	120.22	78	0.89
760	111.11	2.26	79	1.72
761	131.79	123.74	76	1.73
Period: 75
Tasks:5
id	x	y	end	c
379	99.98	185.14	75	85.14
380	193.98	60.57	75	101.92
381	121.85	187.16	76	89.86
382	27.55	106.44	77	72.74
383	84.05	75.51	78	29.23
Drivers: 7
id	x	y	end	sensitivity
762	187.38	16.3	76	0.85
763	33.14	19.79	75	1.88
764	121.53	37.43	79	0.9
765	133.36	90.21	76	0.98
766	140.64	134.29	76	1.31
767	12.93	90.83	75	0.54
768	178.99	170.61	76	1.52
Period: 76
Tasks:4
id	x	y	end	c
384	93.61	0.48	77	99.72
385	117.09	83.31	78	23.89
386	110.89	29.83	77	71.01
387	11.54	54.64	77	99.41
Drivers: 9
id	x	y	end	sensitivity
769	114.57	182.41	79	1.82
770	197.42	125.25	80	1.64
771	84.13	1.32	79	0.71
772	12.16	146.34	82	0.66
773	167.98	162.02	80	1.14
774	42.11	62.1	81	1.34
775	155.55	90.5	79	0.68
776	147.89	147.94	78	1.01
777	186.46	159.43	81	0.51
Period: 77
Tasks:5
id	x	y	end	c
388	164.94	90.56	81	65.62
389	175.27	72.96	77	79.98
390	118.15	38.45	79	64.17
391	35.36	85.21	81	66.31
392	40.29	47.43	79	79.55
Drivers: 13
id	x	y	end	sensitivity
778	68.15	138.84	79	0.92
779	93.36	105.54	78	1.04
780	34.13	74.07	79	1.96
781	144.05	15.23	79	0.88
782	71.63	118.89	80	1.83
783	138.64	49.99	78	1.54
784	165.36	45.9	79	1.96
785	110.57	32.14	77	0.68
786	62.67	88.45	80	1.26
787	84.23	23.96	77	1.8
788	20.33	142.51	82	1.56
789	157.29	108.8	79	0.89
790	128.93	76.65	80	1.84
Period: 78
Tasks:4
id	x	y	end	c
393	61.69	173.81	79	83.16
394	48.19	158.96	83	78.49
395	15.82	168.22	78	108.35
396	48.58	136.25	78	62.91
Drivers: 8
id	x	y	end	sensitivity
791	152.91	137.31	81	1.38
792	91.16	182.47	81	1.45
793	142.72	164.46	78	1.67
794	53.64	111.44	81	1.84
795	31.95	31.41	81	1.96
796	165.86	130.86	80	0.57
797	66.97	133.58	78	0.66
798	40.47	89.1	81	0.55
Period: 79
Tasks:3
id	x	y	end	c
397	51.46	88.04	83	49.99
398	181.05	20.97	80	113.2
399	23.13	116.95	80	78.72
Drivers: 9
id	x	y	end	sensitivity
799	95.7	73.34	81	0.74
800	148.56	126.93	80	1.77
801	118.31	189.03	80	1.5
802	18.28	76.63	79	0.77
803	119.47	188.1	80	1.89
804	28.91	3.08	84	1.21
805	173.06	162.65	84	0.96
806	93.12	58.98	79	0.97
807	26.05	138.88	85	0.94
Period: 80
Tasks:2
id	x	y	end	c
400	22.31	178.35	83	110.34
401	182.05	17.43	81	116.4
Drivers: 11
id	x	y	end	sensitivity
808	82.31	1.61	82	0.9
809	21.18	68.06	81	1.22
810	122.29	36.36	80	0.83
811	125.32	155.4	82	1.45
812	67.54	32.58	80	0.56
813	87.41	82.5	83	1.51
814	176.81	9.15	81	0.58
815	118.63	181.26	84	1.82
816	91.98	88.6	80	0.63
817	153.79	135.85	81	0.75
818	69.01	38.92	80	0.84
Period: 81
Tasks:2
id	x	y	end	c
402	143.6	169.5	84	82.04
403	88.36	135.21	83	37.08
Drivers: 7
id	x	y	end	sensitivity
819	103.18	32.03	83	1.47
820	87.14	6.23	86	1.56
821	192.87	181.26	82	1.82
822	170.33	198.82	85	0.7
823	122.84	49.29	84	1.88
824	199.3	57.57	82	1.44
825	168.03	126.76	85	1.51
Period: 82
Tasks:8
id	x	y	end	c
404	147.75	139.2	82	61.78
405	13.15	67.33	84	92.79
406	157.95	167.37	85	88.86
407	139.48	51.33	84	62.67
408	47.59	75.06	82	58.04
409	154.22	110.06	83	55.15
410	101.18	29.34	84	70.67
411	58.79	51.97	83	63.29
Drivers: 10
id	x	y	end	sensitivity
826	167.39	79.21	83	1.73
827	98.34	77.2	83	1.77
828	134.62	174.42	84	1.62
829	159.36	130.85	84	0.88
830	66.31	5.88	83	1.91
831	126.84	78.01	82	0.54
832	34.56	140.41	84	0.83
833	92.35	78.49	83	0.58
834	72.34	93.37	86	1.61
835	152.46	169.08	84	0.73
Period: 83
Tasks:12
id	x	y	end	c
412	70.5	155.05	87	62.46
413	145.31	154.27	84	70.7
414	160.58	146.1	84	76.13
415	83.5	150.17	85	52.81
416	111.54	78.53	86	24.37
417	120.92	96.01	86	21.3
418	190.85	143.88	83	100.89
419	107.59	91.74	86	11.22
420	192.04	180.7	83	122.41
421	89.64	148.39	85	49.49
422	108.66	185.91	86	86.35
423	126.94	142.09	86	49.97
Drivers: 10
id	x	y	end	sensitivity
836	178.42	155.85	87	1.22
837	142.4	127.6	84	0.7
838	116.85	57.05	85	0.98
839	19.76	149.97	85	1.98
840	95.33	161.16	88	0.58
841	156.55	80.62	86	1.29
842	196.56	44.47	85	0.58
843	116.91	82.69	84	0.86
844	179.6	140.91	84	1.54
845	165.66	172.13	83	0.82
Period: 84
Tasks:3
id	x	y	end	c
424	196.56	137.15	86	103.46
425	132.1	155.44	88	64.06
426	14.01	199.4	87	131.43
Drivers: 13
id	x	y	end	sensitivity
846	110.81	186.7	84	0.85
847	118.84	51.2	87	1.19
848	181.51	68.95	86	1.83
849	31.96	184.59	86	1.68
850	12.59	69.33	87	0.74
851	46.31	8.81	85	0.85
852	42.62	182	86	1.96
853	25.42	184.2	86	1.08
854	125.09	132.85	85	1.62
855	71.91	6.68	85	1.1
856	52.34	59.4	87	0.54
857	24.06	183.04	85	1.82
858	176.89	30.74	84	1.42
Period: 85
Tasks:4
id	x	y	end	c
427	44.82	23.88	88	94.02
428	24.73	124.6	88	79.19
429	172.01	94.36	89	72.23
430	3.25	75.29	87	99.86
Drivers: 16
id	x	y	end	sensitivity
859	79.44	170.34	87	1.34
860	86.65	58.47	86	1.17
861	98.74	88.26	88	0.51
862	62.79	55.26	85	0.6
863	126.96	173.03	88	1.7
864	43.47	184.06	86	1.93
865	110.73	192.35	87	1.89
866	153.93	30.55	87	0.84
867	163.62	39.09	88	0.68
868	158.78	162.63	88	1.7
869	101.49	115.79	89	1.24
870	56.82	198.5	89	1.22
871	105.16	62.85	87	1.62
872	59.81	104.34	87	1.74
873	123.16	193.92	87	0.62
874	181.68	169.87	88	1.47
Period: 86
Tasks:5
id	x	y	end	c
431	6.41	68.12	88	98.87
432	105.16	70.57	88	29.88
433	94.62	119.4	86	20.13
434	175.11	159.81	87	96.01
435	160.09	37.06	87	87.02
Drivers: 13
id	x	y	end	sensitivity
875	117.36	30.76	88	1.01
876	183.56	49.74	91	1.51
877	30.2	49.39	88	1.42
878	133.6	145.15	91	0.97
879	13.53	122.13	87	0.86
880	30.34	4.83	87	1.47
881	90.16	142.14	87	1.94
882	69.18	2.81	86	1.79
883	10.48	175.11	86	1.96
884	135.53	95.62	86	1.39
885	3.29	94.51	88	0.56
886	19.27	141.66	87	0.76
887	66.61	183.59	87	1.56
Period: 87
Tasks:6
id	x	y	end	c
436	53.83	124.32	88	52.18
437	30.36	105.46	87	69.85
438	24.09	88.15	91	76.83
439	118.58	144.03	89	47.79
440	54.81	81.32	89	48.9
441	172.83	145.74	90	86
Drivers: 6
id	x	y	end	sensitivity
888	156.78	9.69	89	1.46
889	131.16	63.63	87	0.99
890	98.89	75.61	91	0.84
891	142.21	26.17	90	0.81
892	46.4	172.71	90	0.93
893	31.25	96.54	88	1.11
Period: 88
Tasks:5
id	x	y	end	c
442	131.19	8.73	91	96.45
443	156.37	183.11	89	100.42
444	125.71	142.18	90	49.4
445	145.33	124.86	89	51.7
446	85.59	61.92	91	40.72
Drivers: 7
id	x	y	end	sensitivity
894	118.92	66.5	89	1.57
895	150.54	110.39	90	0.65
896	63.37	48.22	93	1.7
897	146.25	98.12	91	0.83
898	157.14	183.54	91	0.64
899	10.8	20.98	90	1.19
900	181.42	149.71	89	1.7
Period: 89
Tasks:6
id	x	y	end	c
447	62.28	63.3	90	52.63
448	67.56	138.5	90	50.34
449	151.62	143.04	90	67.21
450	129.34	59.63	93	49.91
451	188.41	174.31	90	115.49
452	0.89	143.29	91	108.15
Drivers: 7
id	x	y	end	sensitivity
901	192.26	146.74	93	0.74
902	187.85	145.47	91	1.24
903	35.27	114.32	90	1.3
904	145.57	194.46	93	0.92
905	104.74	15.13	90	1.33
906	110.22	191.38	92	1.67
907	69.73	110.11	91	1.68
Period: 90
Tasks:1
id	x	y	end	c
453	162.66	63.3	92	72.62
Drivers: 12
id	x	y	end	sensitivity
908	180.08	47.7	92	1.19
909	102.57	125.86	90	0.51
910	172.09	7.07	94	1.75
911	92.32	105.08	91	1.78
912	117.12	95.95	92	1.71
913	177.86	130.4	93	1.12
914	13.28	26.33	94	1.67
915	86.9	198.77	91	0.57
916	41.6	153.2	91	1.81
917	172.91	87.66	91	1.12
918	75.38	84.09	92	1.69
919	162.33	116.13	92	1.7
Period: 91
Tasks:8
id	x	y	end	c
454	82.91	71.24	94	33.45
455	153.55	101.46	92	53.57
456	24.92	182.05	92	111.22
457	198.63	91.29	92	99.01
458	20.83	125.12	92	83.06
459	189.13	58.75	92	98.21
460	132.57	171.66	93	78.71
461	133.97	121.21	91	40.05
Drivers: 6
id	x	y	end	sensitivity
920	84.85	196.61	93	0.89
921	22.98	138.75	94	1.67
922	181.84	93.73	94	1.09
923	121.35	72.5	92	1.37
924	7.31	179.8	94	0.94
925	94.19	112.9	94	1.04
Period: 92
Tasks:9
id	x	y	end	c
462	103.82	28.56	92	71.54
463	124.46	86.03	95	28.17
464	47.38	21.64	92	94.39
465	37.76	198.54	92	116.55
466	119.26	165.86	94	68.62
467	171.76	194.37	94	118.55
468	1.74	89.7	94	98.8
469	6.11	117.78	94	95.56
470	167.54	68.32	94	74.6
Drivers: 13
id	x	y	end	sensitivity
926	138.56	47.64	95	1.18
927	129.71	185.52	95	1.96
928	72.3	164.58	94	1.73
929	87.2	137.43	94	1.81
930	43.11	23.69	93	0.55
931	38.71	52.31	92	1.17
932	191.08	194.44	94	1.9
933	11.92	173.48	93	1.45
934	191.16	86.3	93	1.77
935	11.91	148.33	92	1.99
936	182	166.59	92	1
937	92.84	80.47	97	1.31
938	149.14	169.87	96	0.58
Period: 93
Tasks:4
id	x	y	end	c
471	22.52	84.56	96	79
472	164.66	20.88	94	102.18
473	117.39	79.21	95	27.1
474	106.06	187.48	95	87.69
Drivers: 7
id	x	y	end	sensitivity
939	173.6	65.11	95	1.51
940	156.13	75.49	96	0.95
941	76.05	62.25	94	1.71
942	153.57	190.54	95	0.56
943	33.3	41.89	95	1.87
944	23.67	142.39	96	1.99
945	177.78	14.58	96	1.4
Period: 94
Tasks:5
id	x	y	end	c
475	100.2	186.99	96	86.99
476	191	180.21	95	121.3
477	13.04	10.63	95	124.7
478	45.09	168.39	98	87.71
479	188.12	51.2	98	100.73
Drivers: 14
id	x	y	end	sensitivity
946	89.37	95.48	98	1.94
947	49.01	87.84	95	1.38
948	163.49	90.99	96	0.59
949	22.74	1.63	97	1.78
950	91.35	136.64	96	1.78
951	188.05	177.58	96	0.6
952	107.35	130.04	96	1.65
953	149.88	165.02	96	0.87
954	47.18	129.9	97	1.46
955	188.06	106.37	94	0.6
956	108.94	11.09	96	1.9
957	1.42	164.35	96	0.94
958	76.37	133.8	99	1.9
959	10.82	45.32	95	1.72
Period: 95
Tasks:8
id	x	y	end	c
480	157.02	145.83	95	73.16
481	106.33	101.32	97	6.47
482	166.63	91.63	96	67.15
483	143.91	59.73	97	59.58
484	154.2	100.47	96	54.2
485	75.46	82.43	95	30.18
486	23.55	171.4	96	104.61
487	133.33	168.99	98	76.62
Drivers: 7
id	x	y	end	sensitivity
960	49.42	106.15	98	1.55
961	31.51	175.28	98	1.72
962	197.17	104.04	96	1.68
963	173.62	184.22	98	1.01
964	116.84	165.82	96	1.37
965	5.59	139.94	97	0.69
966	11.13	86.03	98	0.81
Period: 96
Tasks:3
id	x	y	end	c
488	7.65	23.52	98	119.91
489	69.68	7.29	98	97.54
490	61.06	60.71	96	55.32
Drivers: 13
id	x	y	end	sensitivity
967	97.2	143.39	97	1.27
968	185.05	7.84	97	1.21
969	67.93	50.87	97	1.26
970	105.92	143.43	98	1.32
971	87.4	56.27	98	0.57
972	63.06	60.59	98	1.86
973	187.82	188.02	100	0.59
974	48.64	24.62	99	1.97
975	135.19	189.02	99	1.68
976	126.17	108.11	98	1.8
977	12.24	161.11	97	0.86
978	176.51	44.58	98	1.79
979	18.05	136.22	99	1.81
Period: 97
Tasks:9
id	x	y	end	c
491	113.34	60	99	42.17
492	186.32	124.33	100	89.68
493	197.45	158.3	98	113.56
494	151.43	165.78	98	83.5
495	70.13	11.27	100	93.62
496	78.82	124.58	99	32.45
497	185.73	188.6	100	123.29
498	177.96	185.66	99	115.82
499	120.63	148.16	97	52.39
Drivers: 9
id	x	y	end	sensitivity
980	16.25	189.14	98	1.32
981	4.54	167.86	101	1.87
982	65.47	58.97	101	1.32
983	1.77	117.71	100	1.29
984	121.63	27.88	102	1.02
985	47.23	104.28	98	1.35
986	13.39	183.17	100	1.52
987	86.61	2.82	97	1.55
988	123.9	7.73	98	1.76
Period: 98
Tasks:4
id	x	y	end	c
500	137.94	110.07	98	39.25
501	90.95	42.72	100	57.99
502	161.52	117.75	103	64.03
503	20.35	127.96	99	84.41
Drivers: 12
id	x	y	end	sensitivity
989	53.66	168.58	101	0.55
990	98.38	120.91	104	1.01
991	192.63	155.1	99	0.51
992	90.67	125.04	101	1.35
993	45.41	195.2	101	1.76
994	67.14	125.76	100	1.04
995	37.85	43.99	103	0.64
996	198.77	196.22	102	0.98
997	106.54	109.9	99	0.63
998	68.75	170.86	102	1.66
999	170.01	198.3	102	1.48
1000	188.37	28.98	101	0.63
Period: 99
Tasks:7
id	x	y	end	c
504	95.01	199.84	100	99.96
505	176.57	55.31	99	88.66
506	47.32	102.9	101	52.76
507	88.32	77.12	101	25.69
508	122.43	112.73	104	25.79
509	142.04	106	102	42.47
510	17.71	162.75	102	103.49
Drivers: 14
id	x	y	end	sensitivity
1001	92.13	5.12	100	1.8
1002	132	32.15	102	0.62
1003	23.19	98.93	100	1.24
1004	29.79	147.29	102	1.18
1005	93.6	93.87	102	0.75
1006	3.64	190.86	102	0.97
1007	31.12	162.29	101	1.18
1008	90.9	23.22	101	1.31
1009	50.22	113.1	102	1.1
1010	191.75	6.59	102	1.22
1011	68.63	62.85	101	1.4
1012	44.49	197.6	101	1.56
1013	40.81	109.02	101	1.41
1014	156.06	38.55	99	1.74
Period: 100
Tasks:5
id	x	y	end	c
511	181.49	58.36	101	91.51
512	92.27	151.35	102	51.93
513	157.01	17.82	103	100.02
514	50.4	196.93	105	108.88
515	10.03	18.93	102	121.11
Drivers: 11
id	x	y	end	sensitivity
1015	45.93	181.99	102	0.54
1016	70.93	91.73	103	1.76
1017	9.44	161.1	101	1.56
1018	164.94	87.64	101	1.38
1019	114.33	85.56	101	0.56
1020	27.76	173.57	100	1.39
1021	143.44	169.35	102	1.38
1022	129.01	141.15	104	1.78
1023	190.83	58.23	100	1.95
1024	4.65	72.45	101	1.26
1025	25.63	124.17	101	1.53
