Periods: 100
Task Arrival Rate: 15
Task Average Time: 2
Driver Arrival Rate: 5
Driver Average Time: 3
Period: 1
Tasks:18
id	x	y	end	c
1	169.68	187.66	2	111.98
2	24.96	185.4	3	113.68
3	29.86	102.12	1	70.17
4	76.95	2.22	3	100.46
5	54.6	132.62	5	55.9
6	190.21	35.13	3	111.11
7	54.66	187.31	5	98.38
8	28.73	157.69	3	91.69
9	128.09	100.48	5	28.09
10	62.84	199.14	2	105.88
11	139.03	111.45	2	40.67
12	41.8	0.36	3	115.39
13	47.21	130.83	3	61.13
14	103.02	40.51	2	59.57
15	160.76	107.72	3	61.25
16	65.06	196.43	2	102.56
17	94.37	78	3	22.71
18	10.04	127.22	4	93.99
Drivers: 5
id	x	y	end	sensitivity
1	165.68	102.58	5	0.66
2	127.89	40.31	4	1.92
3	102.05	31.12	8	0.7
4	190.06	137.92	4	1.42
5	2.8	34.06	3	0.5
Period: 2
Tasks:16
id	x	y	end	c
19	102.35	32.81	8	67.23
20	24.29	55.09	3	88.03
21	42.84	116.81	4	59.58
22	99.56	67.27	6	32.73
23	162.62	93.16	4	62.99
24	77.01	61.29	3	45.02
25	149.39	182.89	2	96.49
26	117.74	188.58	7	90.34
27	194.16	82.49	6	95.77
28	181.23	196.63	4	126.24
29	180.93	143.32	3	91.79
30	98.59	142.34	5	42.36
31	34.61	166.24	3	93.08
32	133.84	64.89	5	48.76
33	129.49	119.84	4	35.54
34	65.36	20.03	5	87.15
Drivers: 0
id	x	y	end	sensitivity
Period: 3
Tasks:20
id	x	y	end	c
35	92.5	134.76	3	35.56
36	1.11	17	5	129.11
37	61.39	109.9	4	39.86
38	76.82	142.95	5	48.81
39	135.92	193.18	8	99.86
40	138.23	57.26	4	57.34
41	15.28	77.9	7	87.56
42	154.89	8.73	5	106.5
43	19.37	19.15	5	114.18
44	56.33	11.83	6	98.39
45	137.44	108.15	5	38.32
46	20.47	180.02	4	112.82
47	155.53	162.31	7	83.46
48	177.04	32.02	4	102.74
49	82.85	190.83	4	92.43
50	182.34	64.69	6	89.59
51	99.35	134.58	5	34.59
52	159.04	156.69	4	81.85
53	184.34	141.04	4	93.8
54	112.49	118.02	3	21.93
Drivers: 7
id	x	y	end	sensitivity
6	7.19	135.52	8	1.44
7	24.96	126.56	5	1.23
8	96.1	105.92	4	0.55
9	50.21	26.28	6	0.87
10	0.43	95.96	6	1.73
11	54.4	75.51	6	0.95
12	117.39	35.68	4	1.82
Period: 4
Tasks:20
id	x	y	end	c
55	54.04	137.64	7	59.41
56	196.98	196.03	6	136.48
57	13.34	123.09	6	89.68
58	179.38	101.35	4	79.39
59	37.47	71.01	6	68.92
60	45.98	192.03	4	106.71
61	170.69	127.56	9	75.87
62	91.56	153.16	6	53.83
63	163.06	147.32	7	78.84
64	82.81	160.62	6	63.01
65	95.81	137.78	4	38.01
66	176.81	172.44	8	105.58
67	183.37	39.76	6	102.86
68	21.85	81.65	4	80.28
69	101.6	22.32	9	77.7
70	132.53	39.56	6	68.64
71	166	15.99	7	106.83
72	194.02	108.34	6	94.39
73	115.44	96.77	5	15.77
74	39.54	193.17	6	111.07
Drivers: 0
id	x	y	end	sensitivity
Period: 5
Tasks:12
id	x	y	end	c
75	171.56	67.87	7	78.44
76	132.65	3.16	8	102.2
77	54.81	161.62	7	76.41
78	145.02	143.03	8	62.28
79	60.63	55.18	6	59.66
80	91.8	64.28	10	36.65
81	93.15	176.19	6	76.5
82	163.51	146.86	8	78.93
83	76.8	122.41	7	32.26
84	165.31	44.67	5	85.6
85	146.67	85.51	6	48.87
86	143.14	184.46	5	94.84
Drivers: 9
id	x	y	end	sensitivity
13	17.54	23.15	6	1.37
14	106.19	123.12	8	1.13
15	17.52	186.12	6	1.93
16	62.77	120.17	6	1.11
17	177.96	3.79	10	1.99
18	190.74	118.51	6	1.96
19	28.86	157.21	10	1.43
20	37.79	141.06	7	1.78
21	107.48	57.16	9	1.3
Period: 6
Tasks:9
id	x	y	end	c
87	90.06	158.97	6	59.8
88	7.33	118.45	9	94.49
89	14.74	38.07	9	105.38
90	6.86	4.31	8	133.54
91	62.82	113.55	10	39.57
92	123.75	18.98	6	84.43
93	80.39	179.15	9	81.54
94	54.12	60.36	6	60.63
95	163.53	99.57	8	63.53
Drivers: 10
id	x	y	end	sensitivity
22	19.24	22.59	9	1.47
23	25.42	185.93	11	1.6
24	158.54	67.69	8	1.39
25	69.45	173.63	10	1.61
26	158.66	177.01	7	1.31
27	113.77	105.87	8	1.62
28	92.25	54	10	0.92
29	111	62.12	6	1.73
30	43.04	169.11	7	1.36
31	169.88	127.63	9	0.94
Period: 7
Tasks:22
id	x	y	end	c
96	133.13	140.92	8	52.65
97	19.17	113.37	10	81.93
98	191.39	59.54	8	99.95
99	134.52	23.63	9	83.81
100	15.95	165.13	11	106.33
101	134.37	67.47	8	47.32
102	55.34	157.78	9	73.03
103	179.67	163.05	10	101.6
104	117.61	138.68	9	42.5
105	73.02	73.83	9	37.59
106	42.74	94.94	7	57.48
107	43.34	6.5	7	109.33
108	102.42	65.56	11	34.52
109	57.53	197.14	9	106.02
110	168.98	140.08	9	79.78
111	67.16	100.88	7	32.85
112	177.07	128.46	9	82.16
113	170.36	159.23	10	91.97
114	12.23	146.82	7	99.48
115	142.83	195.62	11	104.77
116	195.84	194.55	9	134.63
117	100.64	197.95	9	97.95
Drivers: 9
id	x	y	end	sensitivity
32	62.23	58.42	8	1.01
33	60.42	194.5	12	1.49
34	114.22	97.8	12	0.57
35	197.81	23	11	1.52
36	179.14	134.38	11	1.88
37	166.12	147.02	11	1.28
38	59.39	111.02	12	1.97
39	117.42	114.66	12	1.47
40	179.65	128.76	7	1.39
Period: 8
Tasks:15
id	x	y	end	c
118	149.05	183.04	11	96.44
119	37.61	189.8	10	109.35
120	54.94	21.32	11	90.67
121	27.3	152.63	13	89.75
122	86.7	9.89	12	91.09
123	79.4	101.07	11	20.63
124	19.76	154.87	13	97.21
125	5.98	99.85	9	94.02
126	34.07	17.96	10	105.25
127	105.5	191.27	13	91.44
128	195.89	30.02	9	118.71
129	23.82	190.59	11	118.36
130	118.79	176.7	10	78.97
131	96.58	23.11	10	76.97
132	153.58	179	11	95.46
Drivers: 2
id	x	y	end	sensitivity
41	121.74	126	12	1.94
42	145.54	105.36	10	0.71
Period: 9
Tasks:15
id	x	y	end	c
133	173.69	12.93	13	114.07
134	140.68	81.34	10	44.76
135	50.2	107.2	13	50.32
136	162.63	99.28	14	62.63
137	69.13	37.57	11	69.65
138	131.63	118.02	11	36.4
139	173.87	177.51	10	107.07
140	29.81	180.63	10	106.9
141	70.98	138.31	10	48.06
142	64.05	94.64	11	36.35
143	125.28	189.61	11	93.11
144	91.71	176.52	10	76.97
145	132.37	9.95	10	95.69
146	114.09	51.86	15	50.16
147	199.37	28.94	10	122.16
Drivers: 8
id	x	y	end	sensitivity
43	181.34	69.14	13	1.74
44	17.74	42.18	12	1.13
45	26.37	92.26	12	0.59
46	191.32	156.75	14	0.83
47	148.79	171.26	10	0.7
48	74.32	171.6	13	0.84
49	173	33.89	12	1.5
50	47.25	36.68	13	1.91
Period: 10
Tasks:16
id	x	y	end	c
148	73.8	79.55	12	33.24
149	124.2	66.09	11	41.66
150	188.32	173.24	14	114.74
151	110.1	188.94	15	89.51
152	179.75	140.47	13	89.43
153	124.84	17.59	13	86.07
154	192.3	88.22	12	93.05
155	160.89	134.66	11	70.06
156	185.99	77.62	15	88.85
157	138.88	61.87	14	54.46
158	62.45	172.17	11	81.35
159	38.71	193.84	12	112.08
160	192.33	169.64	10	115.65
161	104.83	5.78	12	94.34
162	197.49	85.85	12	98.51
163	36.61	138.64	12	74.24
Drivers: 7
id	x	y	end	sensitivity
51	132.22	110.67	14	1.27
52	102.31	192.12	13	1.47
53	40.19	24.9	13	0.52
54	110.09	10.93	12	1.39
55	0.6	69.66	12	0.6
56	38.4	153.09	13	0.59
57	72.6	125.58	14	0.65
Period: 11
Tasks:15
id	x	y	end	c
164	127.02	19.98	14	84.46
165	51.41	40.32	11	76.96
166	33.95	81.39	16	68.62
167	22.79	17.06	13	113.32
168	158.92	60.8	15	70.77
169	131.08	99.51	14	31.08
170	176.99	34.21	13	101.27
171	159.81	63.21	11	70.22
172	47.81	63.98	14	63.41
173	141.7	136.76	15	55.59
174	49.02	147.85	15	69.92
175	143.47	183.49	12	94.13
176	133.25	81.77	13	37.92
177	149.74	88.94	11	50.95
178	62.66	106.84	15	37.96
Drivers: 5
id	x	y	end	sensitivity
58	97.65	157.26	16	0.75
59	160.17	188.61	13	1.54
60	67.82	16.15	13	1.25
61	157.55	143.16	14	0.69
62	159.11	82.38	13	0.77
Period: 12
Tasks:9
id	x	y	end	c
179	168.46	44.79	16	87.95
180	112.76	173.03	18	74.14
181	99.6	16.93	14	83.07
182	186.39	41.89	12	104.12
183	177.64	4.9	14	122.77
184	36.47	103.93	15	63.65
185	33.54	42.81	12	87.68
186	153.99	83.65	16	56.41
187	135.28	111.49	16	37.1
Drivers: 11
id	x	y	end	sensitivity
63	69.36	198.79	17	0.95
64	155.98	62.4	16	1.87
65	165.58	167.88	16	0.98
66	53.73	111.86	14	0.69
67	67.21	131.58	16	1.4
68	125.39	64.49	14	1.09
69	196.98	174.77	15	1.01
70	53.73	84.23	14	1.57
71	77.8	180.74	14	1.32
72	7.66	47.77	15	1.72
73	86.97	9.06	17	1.62
Period: 13
Tasks:19
id	x	y	end	c
188	120.48	106.32	17	21.43
189	30.89	39.56	16	91.81
190	103.93	4.79	13	95.29
191	143.18	190.52	13	100.29
192	126.51	32.43	15	72.58
193	49.06	144.93	14	67.92
194	87.2	52.97	14	48.74
195	85.31	181.21	15	82.53
196	6.9	56.13	13	102.92
197	173.8	121.49	17	76.87
198	183.34	170.66	13	109.26
199	136.91	21.82	13	86.45
200	40.37	168.67	13	90.95
201	136.05	185.28	13	92.59
202	107.36	40.34	16	60.11
203	109.59	160.13	18	60.89
204	81.66	32.39	16	70.05
205	128.24	138.62	13	47.84
206	31.76	114.49	14	69.76
Drivers: 4
id	x	y	end	sensitivity
74	134.97	145.62	19	1.72
75	77.71	49.72	16	1.35
76	147.84	31.01	17	0.91
77	182.3	149.1	14	1.3
Period: 14
Tasks:9
id	x	y	end	c
207	8	101.9	16	92.02
208	180.19	155.07	17	97.28
209	196.52	179.87	16	125.28
210	113.45	197.31	14	98.24
211	119.4	92.07	15	20.96
212	24.25	185.34	16	114.11
213	50.93	62.44	16	61.79
214	55.19	175.99	14	88.22
215	80.7	199.71	16	101.56
Drivers: 4
id	x	y	end	sensitivity
78	75.3	136.51	18	1.33
79	125.47	169.6	15	0.51
80	91.69	110.01	17	1.24
81	55.38	87.26	16	1
Period: 15
Tasks:6
id	x	y	end	c
216	3.4	126.86	17	100.26
217	154.15	27.6	16	90.41
218	23.37	164.54	16	100.19
219	163.68	18.66	17	103.3
220	195.2	82.05	16	96.88
221	96.07	22.61	17	77.49
Drivers: 1
id	x	y	end	sensitivity
82	118.78	141.22	17	1.02
Period: 16
Tasks:13
id	x	y	end	c
222	107.94	58.28	17	42.47
223	148.45	82.42	18	51.54
224	141.64	145.33	18	61.55
225	18.2	43.53	16	99.4
226	20.24	103.89	17	79.85
227	29.75	42.42	19	90.83
228	19.05	114.92	18	82.31
229	78.88	173.64	18	76.61
230	168.04	117.94	20	70.37
231	59.99	118.19	17	43.95
232	32.63	163.55	18	92.61
233	124.85	17.54	17	86.12
234	38.88	52.79	18	77.23
Drivers: 4
id	x	y	end	sensitivity
83	192.18	190.05	22	1.39
84	55.16	17.73	21	1.91
85	148.54	50.3	16	0.99
86	187.5	112.88	21	1.25
Period: 17
Tasks:17
id	x	y	end	c
235	184.53	30.25	18	109.59
236	114.55	21.29	19	80.04
237	154.97	15.71	19	100.63
238	83.31	76.89	17	28.51
239	198.35	48.01	19	111.25
240	12.84	141.99	17	96.75
241	132.79	86.26	20	35.55
242	35.92	94.2	20	64.34
243	0.84	19.42	17	127.77
244	79.7	94.15	19	21.13
245	187.04	178.94	22	117.51
246	54.45	6.36	19	104.13
247	192	54.32	20	102.72
248	192.32	187.23	17	127.01
249	102.53	199.16	19	99.19
250	117.01	1.73	20	99.73
251	186.41	25.05	17	114.39
Drivers: 2
id	x	y	end	sensitivity
87	93.35	12.76	21	1.75
88	128.33	168.77	20	1
Period: 18
Tasks:14
id	x	y	end	c
252	196.9	56.08	18	106.39
253	36.82	20.14	20	101.83
254	1.43	192.81	19	135.39
255	80.43	195.64	20	97.62
256	115.76	175.64	19	77.26
257	116.28	134.89	23	38.5
258	57.54	187.04	21	96.84
259	106.61	68.72	19	31.97
260	32.41	187.68	18	110.71
261	197.72	128.86	19	101.89
262	51.22	149.17	21	69.26
263	117.76	81.5	22	25.65
264	71.74	138.74	19	47.95
265	82.82	128.45	19	33.23
Drivers: 4
id	x	y	end	sensitivity
89	115.51	114.89	19	0.52
90	69.7	74.53	20	1.43
91	97.55	58.49	20	1.35
92	109.86	140.04	21	0.62
Period: 19
Tasks:12
id	x	y	end	c
266	98.29	105.57	20	5.83
267	162.02	13.71	22	106.27
268	108.12	33.96	21	66.54
269	9.49	194.78	21	131.05
270	165.8	74.82	23	70.45
271	62.69	27.55	22	81.49
272	9.06	92.61	21	91.24
273	112.71	24.32	19	76.74
274	77.28	68.63	20	38.73
275	78.62	163.04	23	66.57
276	68.13	54.49	26	55.56
277	135.95	78.45	20	41.91
Drivers: 7
id	x	y	end	sensitivity
93	163.12	94.26	21	1.66
94	129.53	197.43	22	1.19
95	15.62	17.31	24	1.5
96	185.64	76.7	23	0.91
97	53.36	17.91	22	1.1
98	28.69	129.35	26	0.7
99	91.82	103.65	24	1.86
Period: 20
Tasks:9
id	x	y	end	c
278	159.15	15.47	22	103.17
279	59.54	198.13	25	106.14
280	70.68	188.12	23	92.87
281	11.45	9.88	20	126.34
282	32.18	36.51	22	92.9
283	62.14	101.81	24	37.9
284	149.12	1.24	22	110.3
285	158.87	31.92	20	90
286	19.26	186.11	23	118.04
Drivers: 4
id	x	y	end	sensitivity
100	195.52	60.26	24	1.85
101	15.42	69.13	25	1.29
102	4.91	138.3	22	1.54
103	10.54	172.87	21	1.16
Period: 21
Tasks:17
id	x	y	end	c
287	21.51	159.46	22	98.47
288	144.51	60.65	22	59.41
289	124.72	182.98	22	86.58
290	56.66	170.11	24	82.42
291	35.72	137.12	24	74.23
292	16.01	179.81	27	115.86
293	111.29	139.88	23	41.45
294	140.14	19.37	24	90.07
295	187.98	31.81	22	111.31
296	143.88	19.28	21	91.88
297	117.65	155.24	22	57.99
298	108.15	69.69	21	31.39
299	41.5	74.09	24	63.98
300	193.14	15.57	28	125.71
301	84.38	52.28	22	50.21
302	149.85	181.83	24	95.82
303	178.17	171.52	21	105.95
Drivers: 8
id	x	y	end	sensitivity
104	153.21	29.6	22	1.41
105	133.55	137.9	21	1.5
106	126.76	165.6	27	1.72
107	28.46	110.71	25	1.68
108	179.82	106.49	26	1.36
109	41.88	58.58	24	1.21
110	182.15	80.24	25	0.68
111	64.13	57.83	24	1.86
Period: 22
Tasks:15
id	x	y	end	c
304	138.92	1.74	28	105.69
305	133.74	196.26	26	102
306	118.19	134.03	23	38.59
307	75.42	199.83	25	102.81
308	99.99	175.55	23	75.55
309	105.94	74.83	24	25.86
310	45.29	130.88	26	62.82
311	22.06	8.33	25	120.32
312	68.17	16.37	23	89.48
313	14.03	67.37	23	91.95
314	127.43	128.87	28	39.82
315	12.75	189.39	25	124.91
316	35.78	176.1	23	99.58
317	106.89	99.67	24	6.9
318	187.65	135.1	22	94.42
Drivers: 3
id	x	y	end	sensitivity
112	174.2	31.31	26	1.01
113	48.22	148.9	27	0.65
114	124.01	26.78	26	1.22
Period: 23
Tasks:24
id	x	y	end	c
319	139.17	50.7	24	62.97
320	21.78	196.34	25	124.1
321	160	112.77	24	61.34
322	74.62	158.41	24	63.69
323	159.3	176.67	25	96.93
324	111.14	97.34	26	11.45
325	25	20.37	25	109.39
326	50.3	103.54	24	49.83
327	160.09	194.15	24	111.69
328	88.84	169.14	25	70.03
329	125.95	21.24	23	82.92
330	18.85	155.35	23	98.23
331	41.06	141.16	24	71.89
332	52.24	15.9	27	96.72
333	150.93	113.9	25	52.79
334	7.84	68.35	24	97.44
335	157.47	93.94	23	57.79
336	123.91	45.61	27	59.41
337	130.74	105.9	26	31.3
338	195.06	79.02	23	97.35
339	46.16	18.68	24	97.53
340	165.65	26.87	26	98.27
341	193.9	102.6	23	93.94
342	130.02	165.32	26	71.89
Drivers: 5
id	x	y	end	sensitivity
115	98.16	143.71	29	1.81
116	151.61	126.07	26	1.51
117	142.41	86.8	25	1.73
118	78.2	174.92	23	1.55
119	130.29	169.68	24	1.61
Period: 24
Tasks:10
id	x	y	end	c
343	18.54	156.63	25	99.21
344	4.42	171.86	26	119.58
345	73.41	11.39	26	92.51
346	115.85	153.62	24	55.91
347	118.89	19.56	26	82.63
348	143.93	54.26	27	63.42
349	193.67	103.26	24	93.73
350	77.29	15.29	27	87.7
351	57.46	16.41	26	93.79
352	148.02	130.29	30	56.78
Drivers: 4
id	x	y	end	sensitivity
120	160.9	13.95	27	1.39
121	122.89	10.9	26	0.9
122	184.75	17.75	26	0.88
123	72.78	110.25	26	0.95
Period: 25
Tasks:15
id	x	y	end	c
353	110.08	190.95	26	91.51
354	46.03	166.61	26	85.73
355	44.11	51.73	27	73.85
356	2.62	115.76	25	98.65
357	107.53	9.06	29	91.25
358	154.6	161.56	27	82.28
359	91.87	154.99	26	55.59
360	110.69	60.1	29	41.31
361	115.19	0.03	26	101.12
362	62.33	95.16	26	37.98
363	116.49	143.03	28	46.08
364	117.48	105.8	25	18.42
365	120.63	86.7	28	24.55
366	197.02	33.24	29	117.77
367	38.67	42.82	26	83.85
Drivers: 2
id	x	y	end	sensitivity
124	67.84	37.39	29	0.8
125	149.16	180.66	27	0.62
Period: 26
Tasks:11
id	x	y	end	c
368	95.12	35.66	26	64.52
369	163.76	147.12	29	79.28
370	138.44	8.93	27	98.85
371	7.75	75.38	28	95.48
372	125.4	54.8	31	51.85
373	137.9	60.27	26	54.91
374	190.33	95.73	28	90.43
375	160.4	154.72	26	81.5
376	63.07	102.37	26	37.01
377	5.93	122.11	26	96.63
378	143.24	81.29	29	47.11
Drivers: 7
id	x	y	end	sensitivity
126	141.64	130.53	32	0.79
127	16	143.16	28	1.92
128	80.71	76.53	30	1.25
129	172.97	129.65	32	1.58
130	133.62	170.99	28	0.78
131	148.92	146.49	29	0.85
132	182.02	70.74	29	0.83
Period: 27
Tasks:13
id	x	y	end	c
379	161.08	64.04	30	70.88
380	102.3	149.87	28	49.92
381	65.63	191.88	28	98.1
382	104.16	120.47	28	20.89
383	160.78	145.61	28	75.99
384	94.35	23.67	30	76.54
385	121.92	9.95	31	92.68
386	121.87	1.95	29	100.46
387	122.77	86.55	27	26.45
388	134.88	174.29	29	82.07
389	104.93	30.61	29	69.56
390	171.46	93.89	30	71.72
391	57.24	160.96	31	74.46
Drivers: 6
id	x	y	end	sensitivity
133	151.02	74.17	33	0.73
134	98.8	71.51	32	0.66
135	132.19	10.32	34	1.67
136	137.69	119.2	29	1.33
137	98.92	70.7	30	1.9
138	18.9	185.58	28	1.22
Period: 28
Tasks:15
id	x	y	end	c
392	148.43	121.97	29	53.18
393	119.55	13.79	31	88.4
394	147.22	149.85	30	68.66
395	1.53	4.74	31	137.01
396	186.74	113.84	30	87.84
397	191.31	42.39	32	107.96
398	90.77	132.11	31	33.41
399	58.38	105.24	31	41.95
400	21.3	27.91	33	106.73
401	54.94	26.37	28	86.32
402	153.01	53.12	30	70.77
403	179.64	113.98	30	80.86
404	165.85	62.32	31	75.87
405	58.01	109.01	30	42.95
406	70.12	126.18	31	39.73
Drivers: 5
id	x	y	end	sensitivity
139	186.35	178.67	30	1.88
140	140.62	115.24	31	1.51
141	196.82	147.21	32	0.97
142	87.85	58.07	30	1.05
143	62.42	84.79	31	1.79
Period: 29
Tasks:20
id	x	y	end	c
407	118.35	27.86	31	74.44
408	83.04	130.45	33	34.85
409	104.19	80.97	32	19.49
410	165.72	81.3	31	68.33
411	25.66	47.27	33	91.14
412	26.99	153.34	32	90.42
413	142.63	94.42	30	42.99
414	128.08	187.16	31	91.57
415	87.14	103.02	29	13.21
416	72.69	129.63	29	40.3
417	176.79	53.17	31	89.94
418	179.08	186.1	31	116.91
419	65.83	147.25	30	58.31
420	91.45	184.26	29	84.69
421	187.66	106.21	34	87.88
422	187.05	164.71	30	108.47
423	58.2	183.06	30	92.98
424	112.22	95.44	30	13.04
425	57.07	20.64	32	90.23
426	110.05	51.23	32	49.79
Drivers: 8
id	x	y	end	sensitivity
144	78.97	81.08	32	1.51
145	86.5	51.22	30	1.99
146	105.52	100.98	34	1.56
147	55.78	45.32	33	1.35
148	154.15	111.83	35	1.86
149	112.19	39.36	31	1.44
150	49.35	132.43	32	0.69
151	50.71	102.33	32	1.61
Period: 30
Tasks:14
id	x	y	end	c
427	64.48	44.79	32	65.65
428	127.36	68.1	31	42.03
429	174.69	2.31	34	122.97
430	179.77	34.91	34	102.96
431	180.81	174.57	31	109.96
432	125.85	187.8	32	91.53
433	144.71	110.77	31	45.99
434	10.27	139.04	33	97.85
435	74.23	3.26	32	100.11
436	40.21	81.56	33	62.57
437	106.73	102.44	31	7.16
438	55.66	60.53	31	59.36
439	82.35	145.42	30	48.73
440	116	176.01	30	77.68
Drivers: 9
id	x	y	end	sensitivity
152	165.49	98.89	35	1.65
153	120	38.87	32	0.67
154	188.92	193.73	36	1.16
155	74.68	139.97	31	0.88
156	142.53	135.45	32	1
157	116.76	188.72	32	1.37
158	69.39	67.91	33	0.87
159	153.48	180.36	33	0.93
160	129.03	107.59	33	1.51
Period: 31
Tasks:16
id	x	y	end	c
441	98.53	123.09	34	23.14
442	71.5	39.68	31	66.71
443	82.46	169.79	33	71.96
444	176.52	124.29	31	80.28
445	139.83	192.86	33	101.04
446	143.33	38.22	35	75.46
447	136.03	126.07	33	44.47
448	46.83	66.57	33	62.81
449	69.33	65.34	33	46.28
450	89.32	141.44	35	42.79
451	37.2	105.73	32	63.06
452	149.83	146.09	36	67.88
453	104.68	134.21	34	34.53
454	31.63	66.86	33	75.98
455	19.57	41.64	33	99.37
456	150.44	130.38	32	58.88
Drivers: 3
id	x	y	end	sensitivity
161	19.73	161.88	35	1.76
162	23.71	162.68	34	1.55
163	149.63	63.44	35	0.56
Period: 32
Tasks:21
id	x	y	end	c
457	136.19	167.77	32	76.83
458	181.12	96.7	34	81.19
459	181.23	190.44	34	121.56
460	87.8	27.25	34	73.77
461	87.1	175.94	35	77.03
462	198.28	153.05	36	111.68
463	148.05	121.55	35	52.66
464	112.12	65.84	34	36.25
465	115.91	83.51	34	22.91
466	68.64	62.35	35	49
467	196.74	12.95	38	130.14
468	144.45	77.61	33	49.77
469	2.6	114.88	34	98.53
470	105.65	87.92	34	13.34
471	25.63	19.71	34	109.44
472	106.41	69.07	33	31.59
473	153.72	42.85	35	78.43
474	93.57	45.66	33	54.72
475	6.45	134.56	33	99.73
476	25.42	118.18	34	76.76
477	133	171.46	32	78.71
Drivers: 9
id	x	y	end	sensitivity
164	177.56	82.78	35	0.51
165	157.5	73.02	37	1.46
166	74.36	13.14	34	0.98
167	168.21	34.58	34	0.86
168	195.81	39.85	34	1.81
169	192.35	111.87	36	1.81
170	77.18	176.33	34	1.56
171	127.25	41.08	35	0.55
172	84.67	137.16	33	1.23
Period: 33
Tasks:11
id	x	y	end	c
478	160.41	67.96	36	68.38
479	75.36	92.37	34	25.79
480	199	6.61	35	136.1
481	73.9	52.27	34	54.4
482	131.07	99.24	36	31.08
483	162.02	87.38	34	63.29
484	102.03	134.87	34	34.93
485	164.39	53.47	35	79.44
486	92.09	197.07	35	97.39
487	140.98	157.62	34	70.71
488	144.16	90.23	36	45.23
Drivers: 7
id	x	y	end	sensitivity
173	38.79	179.59	38	0.88
174	18.31	68.74	38	1.16
175	162.48	55.88	36	0.79
176	84.69	20.69	35	1.66
177	167.97	198.19	38	1.08
178	175.52	84.71	37	0.73
179	42.69	183.57	35	1.17
Period: 34
Tasks:21
id	x	y	end	c
489	58.34	146.51	36	62.44
490	0.24	12.64	37	132.6
491	143.97	175.92	34	87.73
492	161.41	170.94	34	93.83
493	92.31	100.6	37	7.71
494	26.5	164.49	38	97.78
495	24.2	55.44	36	87.93
496	56.14	54.05	34	63.52
497	48.8	2.43	37	110.19
498	128.15	169.3	39	74.8
499	154.56	95.91	38	54.71
500	146.01	144.7	37	64.15
501	49.17	24.11	36	91.34
502	198.75	157.09	34	114.07
503	185.6	44.56	37	101.99
504	140.3	154.44	35	67.73
505	59.97	66.43	35	52.24
506	115.24	32.5	36	69.2
507	15.16	177.65	37	115.01
508	120.97	28.31	36	74.69
509	99.62	54.33	37	45.67
Drivers: 4
id	x	y	end	sensitivity
180	34.66	123.14	35	1.22
181	46.57	92.26	36	1.31
182	24.88	13.99	36	1.69
183	72.02	168.41	36	0.65
Period: 35
Tasks:14
id	x	y	end	c
510	36.48	14.36	38	106.63
511	128.36	94.62	37	28.87
512	13.41	14.7	35	121.55
513	91.67	174.04	37	74.51
514	155.98	13.02	36	103.44
515	31.09	155.23	37	88.31
516	174.49	39.89	38	95.72
517	189.4	126.56	37	93.26
518	103.39	44.49	37	55.61
519	45.7	126.12	35	60.26
520	58.61	171.88	36	82.94
521	185.03	10.25	40	123.63
522	10.84	121.63	38	91.75
523	36.18	49.86	37	81.16
Drivers: 6
id	x	y	end	sensitivity
184	27.25	163.11	39	0.57
185	128.03	44.51	36	1.01
186	17.62	146.34	36	1.67
187	148.47	74.95	42	1.65
188	81.85	145.32	36	1.7
189	39.07	121.42	39	0.57
Period: 36
Tasks:14
id	x	y	end	c
524	51.08	22.15	38	91.94
525	94.96	151.93	36	52.17
526	128.9	92.34	38	29.9
527	128.14	114.92	38	31.85
528	76.81	25.43	38	78.09
529	32.33	166.07	36	94.58
530	165.69	40.42	39	88.68
531	116.51	144.11	38	47.1
532	1.18	162.82	39	117.1
533	25.89	22.79	37	107.02
534	138.97	28.63	38	81.32
535	163.86	130.48	39	70.76
536	81.13	51.4	37	52.13
537	80.52	146.34	38	50.27
Drivers: 6
id	x	y	end	sensitivity
190	136.19	91.59	40	0.85
191	193.13	26.02	38	1.33
192	112.32	70.71	39	1.36
193	151.94	120.95	40	0.71
194	115.01	96.72	37	0.59
195	101.96	83.98	38	0.89
Period: 37
Tasks:21
id	x	y	end	c
538	147.25	7.33	40	104.02
539	179.52	27.99	40	107.28
540	83.39	40.22	41	62.04
541	165.55	70.22	38	72
542	167.95	71.84	38	73.55
543	109.01	57.62	39	43.33
544	70.41	131.36	40	43.12
545	37.86	28.83	38	94.48
546	161.51	197.92	39	115.64
547	146.31	50.39	37	67.87
548	166.2	1.37	39	118.79
549	119.67	174.7	37	77.25
550	82.75	55.55	39	47.68
551	199.52	187.97	39	132.83
552	77.49	21.37	41	81.79
553	2.16	97.59	38	97.87
554	52.17	62.85	44	60.56
555	46.37	30.58	40	87.72
556	18.69	119.31	38	83.57
557	155.13	191.58	40	106.89
558	122.56	31.19	39	72.41
Drivers: 4
id	x	y	end	sensitivity
196	142.73	10.75	40	0.78
197	87.43	115.2	40	1.75
198	113.36	1.02	39	1.48
199	163.42	92.56	41	0.55
Period: 38
Tasks:18
id	x	y	end	c
559	21.82	173.13	40	107.05
560	54.66	86	39	47.45
561	48.92	160.71	41	79.34
562	13.55	150.45	39	100.09
563	121.5	171	39	74.18
564	117.47	29.21	40	72.91
565	19.9	83.43	39	81.8
566	69.1	35.21	38	71.78
567	7.82	18.88	38	122.79
568	114.28	159.53	42	61.22
569	166.1	42.57	41	87.56
570	168.24	0.66	39	120.52
571	14.86	11.98	40	122.46
572	176.73	27.8	40	105.36
573	125.5	131.35	39	40.41
574	103.16	69.96	39	30.21
575	72.77	29.59	42	75.49
576	173	142.39	39	84.42
Drivers: 7
id	x	y	end	sensitivity
200	189.87	151.15	40	0.88
201	46.77	143.09	42	1.74
202	120.82	72.87	45	1.93
203	183.83	162.03	39	1.55
204	195.59	175.47	45	0.78
205	197.29	89.9	40	1.16
206	101.23	23.66	46	0.82
Period: 39
Tasks:14
id	x	y	end	c
577	49.6	13.41	41	100.19
578	29.22	164.72	40	95.91
579	158.13	91.91	42	58.69
580	75.96	103.03	42	24.23
581	23.55	138.28	42	85.5
582	182.27	180.92	42	115.4
583	28.75	126.71	41	76.09
584	184.78	117.19	42	86.51
585	98.95	155.58	39	55.59
586	126.61	186.89	44	90.87
587	29.68	78.14	42	73.64
588	186.06	153.19	40	101.17
589	133.74	160.78	40	69.52
590	126.06	112.04	40	28.71
Drivers: 2
id	x	y	end	sensitivity
207	162.24	88.33	44	1.91
208	198.35	74.48	43	1.66
Period: 40
Tasks:14
id	x	y	end	c
591	45.83	88.24	40	55.43
592	181.35	51.7	42	94.61
593	138.11	123.06	44	44.54
594	179.5	138.03	41	88.13
595	177.4	72.77	44	82.05
596	61.72	129.76	43	48.49
597	142.57	43.16	41	71.01
598	17.91	76.73	41	85.32
599	193.2	120.12	42	95.35
600	4.24	72.89	41	99.52
601	82.59	67.94	43	36.48
602	127.47	27.07	43	77.93
603	50.78	134.49	41	60.1
604	34.54	71.6	42	71.36
Drivers: 10
id	x	y	end	sensitivity
209	18.46	174.41	42	1.76
210	72.14	29.04	45	1.6
211	162.46	167.25	44	1.61
212	194.41	117.78	44	0.61
213	1.08	33.74	42	0.64
214	75.12	189.14	42	1.79
215	199.23	168.85	43	1.99
216	68.63	155.31	43	0.51
217	124	41.82	41	1.13
218	77.54	60.23	45	1.86
Period: 41
Tasks:14
id	x	y	end	c
605	17.78	123.66	42	85.56
606	66.89	173.51	45	80.62
607	145.19	78.88	45	49.88
608	11.36	178.03	42	118.09
609	182.8	145.54	42	94.5
610	28.77	198.74	46	121.75
611	10.42	188.33	41	125.8
612	150.01	134.11	41	60.54
613	34.42	17.63	42	105.29
614	169.11	112.21	43	70.18
615	54.71	40.09	41	75.1
616	48.19	195.98	42	109.07
617	36.42	123.23	43	67.69
618	147.74	135.58	42	59.54
Drivers: 5
id	x	y	end	sensitivity
219	139.38	103.59	44	1.17
220	136.68	64.19	47	1.98
221	138.93	169.81	43	1.16
222	195.41	156.81	43	1.56
223	106.51	122.07	45	1.24
Period: 42
Tasks:16
id	x	y	end	c
619	154.1	170.26	44	88.68
620	111.6	24.73	43	76.16
621	176.93	69.49	43	82.76
622	172.39	42.69	45	92.33
623	154.76	99.39	43	54.76
624	127.95	83.33	44	32.54
625	50.89	189.24	44	101.86
626	191.48	143.42	46	101.26
627	109.14	52.73	44	48.15
628	148.6	182.53	44	95.78
629	101.57	65.15	44	34.89
630	89.7	120.24	45	22.71
631	107.15	13.95	46	86.35
632	102.39	71.63	42	28.47
633	159.72	42.96	45	82.58
634	45.18	116.91	46	57.37
Drivers: 7
id	x	y	end	sensitivity
224	174.76	129.69	48	0.89
225	52.53	75.99	47	0.91
226	129.02	59.89	45	0.91
227	190.68	151.66	44	1.48
228	77.56	3.78	44	1.09
229	110.88	34.01	48	1.66
230	28.16	118.03	47	1.83
Period: 43
Tasks:16
id	x	y	end	c
635	145.73	19.2	45	92.84
636	38	126.13	45	67.28
637	151.37	6.83	48	106.39
638	139.95	69.93	44	50
639	129.8	6.75	45	97.9
640	114.62	10.49	44	90.7
641	70.95	0.47	46	103.68
642	139.56	148.97	43	62.95
643	174.71	185.55	45	113.58
644	89.25	29.16	43	71.65
645	76.69	188.85	44	91.86
646	94.37	42.81	47	57.47
647	151.78	143.07	45	67.35
648	54.94	59.56	43	60.55
649	27.54	65.7	45	80.17
650	19.89	145.66	47	92.21
Drivers: 5
id	x	y	end	sensitivity
231	103.44	28.93	47	1.67
232	140.31	88.02	45	1.51
233	34.81	18.73	44	1.42
234	89.63	141.47	46	1.31
235	65.93	192.32	46	1.86
Period: 44
Tasks:10
id	x	y	end	c
651	88.18	25.79	45	75.15
652	158.57	55.9	46	73.32
653	16.94	28.68	49	109.48
654	119.53	7.62	47	94.42
655	142.21	138.53	46	57.15
656	138.85	74.41	47	46.52
657	91.86	42.49	46	58.08
658	82.89	6.16	46	95.39
659	50.83	52.09	48	68.65
660	132.44	80.13	48	38.04
Drivers: 1
id	x	y	end	sensitivity
236	127.64	173.79	51	1.51
Period: 45
Tasks:9
id	x	y	end	c
661	160.5	198.62	46	115.7
662	60.95	75.43	46	46.14
663	148.59	138.61	48	62.06
664	62.32	173.91	45	82.96
665	139.25	19.97	46	89.14
666	25.65	66.44	47	81.57
667	7.81	89.99	48	92.73
668	143.81	27.81	47	84.44
669	30.45	85.6	46	71.03
Drivers: 9
id	x	y	end	sensitivity
237	143.89	16.88	48	0.83
238	159.27	193.25	48	1.35
239	21.77	110.14	46	1.86
240	64.36	111.66	45	1.45
241	117.36	126.97	49	1.06
242	108.57	163.3	49	0.97
243	199.21	185.78	49	1.24
244	109.79	198.98	50	0.69
245	173.94	74.63	47	0.55
Period: 46
Tasks:23
id	x	y	end	c
670	37.09	24.85	47	98.01
671	108.94	30.36	50	70.21
672	14.23	195.25	49	128.18
673	145.86	154.76	47	71.43
674	68.87	93.63	51	31.78
675	28.89	0.9	48	121.97
676	86.68	79.82	48	24.18
677	22.98	63.1	47	85.4
678	30.16	49.74	48	86.04
679	86.21	122.53	48	26.42
680	150.18	152.35	47	72.52
681	46.63	56.7	49	68.73
682	135.04	26.8	47	81.15
683	36.82	118.45	48	65.82
684	126.61	6.19	47	97.51
685	60.52	173.08	48	83.06
686	165.3	190.47	51	111.57
687	3.31	90.01	47	97.2
688	139.25	39.8	48	71.87
689	139.42	113.01	46	41.51
690	84.53	153.78	48	55.96
691	83.67	138.07	49	41.42
692	147.31	138.15	48	60.78
Drivers: 6
id	x	y	end	sensitivity
246	20.39	115.05	48	0.97
247	56.68	59.55	50	0.72
248	78.08	47.14	50	1.94
249	160.5	8.37	49	0.98
250	59.59	154.88	48	1.61
251	100.04	88.83	50	1.57
Period: 47
Tasks:17
id	x	y	end	c
693	193.07	188.07	50	128.13
694	19.73	169.51	50	106.18
695	171.19	125.9	49	75.76
696	123.45	40.16	49	64.27
697	2.41	161.32	48	115.26
698	132.49	75.31	47	40.81
699	191.75	21.78	50	120.57
700	188.86	126.04	50	92.6
701	174.92	116.45	47	76.7
702	10.89	112.05	49	89.92
703	48.55	23.19	49	92.45
704	119.14	195.65	48	97.55
705	139.66	32.43	49	78.35
706	163.56	96.8	48	63.64
707	47.73	3.99	48	109.32
708	105.17	16.17	48	83.99
709	87.4	58.34	49	43.52
Drivers: 3
id	x	y	end	sensitivity
252	14.2	126.8	48	1.65
253	121.25	24.97	53	1.28
254	70.68	9.92	47	0.75
Period: 48
Tasks:19
id	x	y	end	c
710	100.37	186.8	50	86.8
711	46.85	41.19	50	79.27
712	120.2	45.78	49	57.86
713	178.42	73.56	50	82.76
714	106.77	60.49	51	40.09
715	86.24	50.02	50	51.84
716	115.74	77.74	49	27.26
717	55.41	81.14	50	48.41
718	111.51	163.52	53	64.55
719	155.93	163.27	51	84.45
720	44.1	130.8	50	63.82
721	44.34	28.84	51	90.34
722	12.52	92.83	49	87.77
723	41.53	49.21	49	77.45
724	165.23	159.8	49	88.49
725	108.73	80.76	50	21.13
726	155.67	116.76	50	58.14
727	63.74	69.6	50	47.32
728	61.43	91.27	49	39.55
Drivers: 9
id	x	y	end	sensitivity
255	180.37	71.9	51	0.64
256	147.86	169.14	53	1.84
257	181	177.47	49	1.51
258	15.01	176.73	52	1.34
259	41.3	193.97	52	0.67
260	174.06	88.88	50	1.36
261	3.92	124.85	52	1.33
262	1.92	180.45	50	1.98
263	12.08	8.32	55	1.1
Period: 49
Tasks:9
id	x	y	end	c
729	107.87	57	52	43.71
730	102.51	46.47	50	53.59
731	183.92	3.48	51	127.9
732	84.75	126.39	53	30.48
733	114.58	141.82	50	44.29
734	130.36	21.59	52	84.08
735	166.17	39.5	50	89.66
736	171.27	12.6	51	112.77
737	85.02	18.95	53	82.42
Drivers: 4
id	x	y	end	sensitivity
264	50.4	23.52	56	1.03
265	196.71	39.42	50	1.19
266	33.73	136.92	53	1.56
267	151.73	88.01	54	1.31
Period: 50
Tasks:18
id	x	y	end	c
738	100.96	185.63	52	85.64
739	41.2	163.56	53	86.59
740	59.56	13.79	52	95.22
741	99.82	155.7	51	55.7
742	53.97	172.62	54	85.98
743	142.19	106.36	52	42.67
744	55.82	49.32	54	67.23
745	92.51	102.44	51	7.88
746	198.86	194.39	52	136.68
747	111.7	138.85	50	40.57
748	124.77	182.32	51	85.97
749	161.86	104.13	53	62
750	15.13	111.91	52	85.7
751	129.37	66.39	50	44.63
752	33.1	76.14	53	71.03
753	118.21	89.15	51	21.2
754	99.92	122.67	51	22.67
755	59.42	150.19	55	64.54
Drivers: 6
id	x	y	end	sensitivity
268	173.55	170.41	53	0.82
269	116.69	90.02	52	1.28
270	115.08	6.14	55	1.75
271	104.75	180.77	52	0.94
272	29.81	163.35	54	1.42
273	159.12	146.29	54	0.77
Period: 51
Tasks:15
id	x	y	end	c
756	62.69	92.53	52	38.05
757	33.74	78.55	51	69.65
758	113.74	12.55	52	88.52
759	6.03	40.41	53	111.27
760	147.98	98.56	52	48
761	181.56	126.53	53	85.77
762	182.4	103.22	56	82.46
763	28.04	40.79	54	93.19
764	158.63	161.16	51	84.72
765	15.01	18.9	52	117.48
766	134.56	112.17	51	36.64
767	63.45	157.94	51	68.51
768	84.12	78.74	52	26.54
769	126.96	61.99	54	46.6
770	140.18	89.39	56	41.56
Drivers: 7
id	x	y	end	sensitivity
274	93.9	71.68	55	1.11
275	80.02	116.85	54	0.73
276	146.04	100.05	54	1.13
277	164.11	146.47	55	0.87
278	161.13	65.29	52	1.44
279	41.04	8.95	51	0.68
280	166.77	15.81	53	0.55
Period: 52
Tasks:9
id	x	y	end	c
771	179.82	88.4	57	80.66
772	54.33	153.12	54	70.05
773	64.49	102.58	54	35.6
774	63.52	116.12	54	39.88
775	74.8	68.45	55	40.38
776	134.27	15.9	56	90.81
777	87.78	53.11	56	48.46
778	33.33	53.38	54	81.35
779	109.19	14.11	56	86.38
Drivers: 6
id	x	y	end	sensitivity
281	70.5	43.89	56	1.45
282	117.14	37.76	56	1.72
283	164.28	164.46	55	0.93
284	121.68	14.04	53	1.71
285	57.98	24.49	54	1.32
286	96.29	163.65	52	0.66
Period: 53
Tasks:14
id	x	y	end	c
780	78.52	113.3	54	25.26
781	120.32	151.92	56	55.75
782	194.64	97.56	54	94.67
783	198.54	8.44	56	134.51
784	164.8	98.18	56	64.83
785	151.74	64.77	55	62.6
786	32.98	181.38	57	105.42
787	170.41	59.04	55	81.46
788	133.39	181.73	54	88.29
789	27.75	161.33	56	94.77
790	125.76	46.8	55	59.11
791	144.76	51.34	55	66.12
792	64.14	194.4	57	100.98
793	60.37	32.7	56	78.1
Drivers: 3
id	x	y	end	sensitivity
287	61.57	118.86	56	1.07
288	44.75	91.66	55	1.45
289	199.16	124.82	54	1.85
Period: 54
Tasks:17
id	x	y	end	c
794	72	111.61	54	30.31
795	31.3	193.2	56	115.78
796	38.3	48.92	57	80.1
797	183.59	140.24	56	92.77
798	90.03	95.01	56	11.15
799	166.06	163.11	56	91.36
800	162.38	72.51	55	68.17
801	126.82	68.85	56	41.11
802	151.12	27.51	54	88.7
803	137.93	115.46	54	40.96
804	16.64	98.66	56	83.37
805	94.62	94.33	57	7.82
806	91.03	59.04	57	41.93
807	1.64	147.58	56	109.26
808	95.73	71.03	56	29.28
809	63.5	17.7	56	90.03
810	6.64	38.23	55	111.94
Drivers: 7
id	x	y	end	sensitivity
290	57.34	119.59	57	0.66
291	176.71	62.64	56	1.77
292	170.02	89	57	1.8
293	181.14	66.98	58	0.51
294	15.86	134.89	55	0.99
295	66.6	114.28	59	1.39
296	35.87	12.01	56	1.99
Period: 55
Tasks:22
id	x	y	end	c
811	174.68	96.19	55	74.78
812	77.15	61.46	59	44.8
813	25.15	156.55	55	93.81
814	124.77	36.58	58	68.09
815	46.98	190.48	55	104.87
816	173.98	182.87	57	111.09
817	111.41	84.18	58	19.51
818	54.59	139.94	57	60.48
819	19.68	15.81	57	116.36
820	56.15	122.43	59	49.25
821	150.99	191	56	104.31
822	88.26	190.03	55	90.79
823	18.21	112.89	57	82.8
824	19.31	76.53	55	84.03
825	84.08	52.3	61	50.29
826	66.65	91.9	58	34.32
827	155.95	14.93	57	101.82
828	178.75	6.23	58	122.45
829	183.6	155.56	56	100.38
830	73.29	59.5	57	48.51
831	139.36	158.37	56	70.4
832	132.13	112.97	58	34.65
Drivers: 3
id	x	y	end	sensitivity
297	95.42	110.64	58	1
298	89.87	157.56	57	1.72
299	16.39	49.96	59	1.68
Period: 56
Tasks:12
id	x	y	end	c
833	68.34	184.99	57	90.7
834	10.86	141.91	57	98.5
835	174.13	36.82	57	97.4
836	50.31	80.73	57	53.3
837	64.56	124.37	62	43.01
838	88.5	130.5	59	32.6
839	27.96	96	58	72.15
840	96.66	74.73	59	25.49
841	88.07	180.14	57	81.02
842	94.88	64.53	58	35.84
843	47.02	14.96	56	100.19
844	172.6	92.56	59	72.98
Drivers: 6
id	x	y	end	sensitivity
300	127.35	63.53	60	1.87
301	36.5	128.47	62	1.54
302	109.39	30.19	58	1.9
303	185.08	71.74	58	1.3
304	149.23	32.19	57	0.67
305	9.33	124.42	62	1.32
Period: 57
Tasks:18
id	x	y	end	c
845	198.21	76.3	59	101.03
846	147.43	133.37	59	57.99
847	108.81	185.63	57	86.08
848	183.98	13.89	59	120.28
849	165.46	99.85	58	65.46
850	42.79	105.27	61	57.45
851	84.71	173.94	63	75.5
852	30.42	18.74	57	106.98
853	165.89	183.49	57	106.36
854	183.75	64.65	57	90.9
855	45.05	133.6	60	64.41
856	15.11	4.38	60	127.87
857	15.51	126.43	58	88.53
858	98.08	182.57	61	82.59
859	195.01	112.23	59	95.79
860	49.37	140.54	57	64.86
861	8.12	168.09	60	114.36
862	72.12	8.66	57	95.5
Drivers: 6
id	x	y	end	sensitivity
306	76.72	90.03	60	0.59
307	54.99	22.33	59	1.06
308	156.4	137.02	62	1.21
309	144.01	30.78	59	1.74
310	26.95	37.79	58	1.27
311	130.39	159.15	57	1.17
Period: 58
Tasks:22
id	x	y	end	c
863	21.71	75.85	61	81.93
864	28.26	151.4	58	88.25
865	73.73	186.72	63	90.61
866	183.37	5.28	60	126.18
867	56.84	97.74	60	43.22
868	81.72	195.26	61	97
869	169.75	193.29	59	116.48
870	58.89	159.48	62	72.3
871	45.96	195.66	61	109.87
872	50.25	169.59	59	85.54
873	31.55	30.93	60	97.24
874	132.4	125.32	62	41.12
875	56.45	17.85	61	92.98
876	51.46	46.03	60	72.59
877	29.46	83.75	59	72.39
878	98.74	108.01	61	8.11
879	173.49	98.07	60	73.52
880	184.33	126.97	59	88.54
881	47.09	89.12	59	54.02
882	110.55	66.87	61	34.77
883	171.59	120.59	60	74.49
884	34.44	74.07	60	70.5
Drivers: 6
id	x	y	end	sensitivity
312	32.19	38.27	61	0.77
313	65.65	67.23	61	0.59
314	85.05	91.26	60	0.8
315	153.82	121.7	60	1.48
316	197.54	54.2	61	1.03
317	101.32	29.59	59	1.36
Period: 59
Tasks:14
id	x	y	end	c
885	115.77	109.53	62	18.43
886	71.57	154.49	62	61.46
887	169.53	26.5	59	101.18
888	79.89	99.88	59	20.11
889	165.86	74.56	60	70.6
890	179.08	82.84	62	80.92
891	79.7	33.71	61	69.33
892	22.62	20.45	60	110.98
893	118.08	78.26	59	28.28
894	132.34	90.54	62	33.7
895	136.39	157.91	60	68.39
896	49.71	2.19	60	109.98
897	107.1	9.72	60	90.56
898	115.32	154.81	63	56.91
Drivers: 3
id	x	y	end	sensitivity
318	158.34	132.31	63	1.2
319	146.45	61.49	59	1.94
320	79.4	46	62	1.24
Period: 60
Tasks:14
id	x	y	end	c
899	183.49	87.07	65	84.49
900	114.55	67.18	62	35.9
901	1.49	67.13	62	103.85
902	0.33	153.58	62	113.16
903	178.65	102.27	60	78.68
904	168.08	13.32	61	110.22
905	41.47	47.55	60	78.59
906	118.19	1.59	63	100.08
907	188.57	80.24	60	90.75
908	165.78	8.37	62	112.8
909	165.58	39.57	65	89.18
910	193.4	184.72	64	126.1
911	150.4	62.08	61	63.07
912	176.18	128.87	61	81.47
Drivers: 2
id	x	y	end	sensitivity
321	64.94	190.34	61	1.07
322	133.9	29.18	62	1.65
Period: 61
Tasks:13
id	x	y	end	c
913	59.13	35.31	63	76.52
914	85.53	106.07	62	15.69
915	148.22	34.9	63	81.01
916	199.39	29.61	63	121.79
917	187.03	154.33	64	102.6
918	31.36	176.16	62	102.53
919	165.66	114.73	67	67.29
920	168.01	103.61	64	68.11
921	75.86	62.6	66	44.51
922	24.5	105.27	63	75.68
923	182.49	104.6	61	82.62
924	46.74	35.29	65	83.81
925	85.51	13.29	62	87.91
Drivers: 3
id	x	y	end	sensitivity
323	128.54	7.84	62	1.81
324	186.53	62.78	62	0.52
325	37.02	119.24	65	1.92
Period: 62
Tasks:14
id	x	y	end	c
926	24.9	72.54	64	79.96
927	94.34	88.41	63	12.9
928	46.53	8.25	65	106.19
929	156.55	107.03	63	56.99
930	98.89	157.37	63	57.38
931	43.94	109.24	65	56.82
932	114.91	182.44	64	83.78
933	124.31	138.06	62	45.16
934	137.85	87.85	65	39.75
935	138.43	194.24	63	101.77
936	57.08	162.69	63	75.97
937	4.41	118.69	63	97.4
938	13.57	154.24	62	102.04
939	185.41	148.71	65	98.32
Drivers: 10
id	x	y	end	sensitivity
326	146.14	180.75	66	1.5
327	163.39	132.32	64	1.73
328	40.97	49.67	65	1.97
329	3.81	89.9	63	1.65
330	25.36	8.47	64	1.41
331	65.22	40.57	64	1.98
332	179.85	186.32	64	1.71
333	100.28	129.51	65	1.35
334	20.25	181.7	64	0.65
335	107.56	65.04	65	0.65
Period: 63
Tasks:8
id	x	y	end	c
940	56.52	86.68	63	45.47
941	41.98	4.26	66	111.95
942	48.76	155.16	64	75.29
943	81.2	146.71	63	50.35
944	167.21	183.99	67	107.57
945	161.57	75.82	66	66.15
946	105.56	172.15	66	72.36
947	10.75	171.42	64	114.31
Drivers: 2
id	x	y	end	sensitivity
336	182.6	113.52	64	1.82
337	117.64	56.54	67	0.81
Period: 64
Tasks:13
id	x	y	end	c
948	199.01	195.33	67	137.44
949	61.11	96.31	65	39.06
950	162.39	82.14	66	64.9
951	74.68	156.96	66	62.33
952	83.75	192.7	65	94.11
953	169.34	64.54	65	77.88
954	170.66	96.4	67	70.75
955	93.64	141.91	64	42.39
956	140.32	169.95	65	80.74
957	119.89	105.68	67	20.69
958	82.66	123.31	66	29.05
959	154.62	80	64	58.17
960	193.19	15.13	65	126.04
Drivers: 4
id	x	y	end	sensitivity
338	181.69	150.51	67	1.92
339	158	173.19	65	1.93
340	3.48	140.37	66	0.88
341	130.98	49.11	68	1.05
Period: 65
Tasks:15
id	x	y	end	c
961	176.56	56.08	67	88.26
962	90.96	105.68	65	10.68
963	91.26	40.04	66	60.59
964	58.48	101.66	66	41.55
965	81.31	61.93	67	42.41
966	178.52	175.93	67	109.23
967	27.2	18	66	109.65
968	40.05	24.94	66	96.06
969	159.92	12.2	67	106.3
970	84.93	57.02	67	45.55
971	188.99	107.59	67	89.31
972	26.1	92.55	67	74.27
973	117.25	120.31	66	26.65
974	78.63	195.32	67	97.69
975	12.79	15.19	66	121.65
Drivers: 4
id	x	y	end	sensitivity
342	184.1	30.95	67	0.94
343	15.75	169.16	65	0.74
344	129.2	45.88	69	0.71
345	10.76	106.55	69	1.36
Period: 66
Tasks:17
id	x	y	end	c
976	142.21	76.36	66	48.38
977	7.76	193.62	69	131.43
978	86.81	109.71	68	16.38
979	101.19	132.33	70	32.35
980	26.38	195.21	66	120.35
981	159.69	175.66	67	96.37
982	62.64	151.49	69	63.62
983	151.84	171.42	69	88.25
984	155.21	23.74	70	94.15
985	176.14	7.19	67	120.05
986	28.9	102.25	69	71.14
987	47.3	145.82	68	69.83
988	28.44	41.5	68	92.43
989	146.63	115.71	69	49.21
990	192.45	1.93	66	134.78
991	176.58	51.07	71	90.88
992	102.69	170.65	68	70.7
Drivers: 2
id	x	y	end	sensitivity
346	27.52	108.54	72	1.74
347	47.62	94.22	70	1.46
Period: 67
Tasks:25
id	x	y	end	c
993	51.33	84.57	68	51.06
994	126.19	71.48	67	38.72
995	103.05	89.67	68	10.77
996	157.84	88.86	71	58.9
997	186.79	62.97	67	94.36
998	78.08	59.25	68	46.27
999	41.57	42.87	69	81.72
1000	6.55	93.67	68	93.66
1001	170.28	123.14	67	73.99
1002	79.35	62.45	67	42.85
1003	20.57	172.82	70	107.76
1004	97.58	40.12	70	59.93
1005	129.94	58.37	69	51.28
1006	14.84	2.22	74	129.67
1007	94.8	76.15	68	24.41
1008	132.81	167.22	68	74.8
1009	75.46	179.92	70	83.6
1010	11.65	16.79	69	121.37
1011	81.18	12	70	89.99
1012	118.01	182.57	69	84.51
1013	151.01	30.08	67	86.55
1014	171.56	3.29	67	120.31
1015	153.77	60.87	69	66.5
1016	35.98	131.45	67	71.33
1017	67.45	111.4	70	34.49
Drivers: 4
id	x	y	end	sensitivity
348	7.93	2.74	70	0.53
349	59.13	51.68	67	0.91
350	110.4	176.44	68	0.73
351	109.38	181.59	69	1.54
Period: 68
Tasks:16
id	x	y	end	c
1018	51.13	150.15	70	70.02
1019	128.43	76.59	70	36.83
1020	149.09	55.14	69	66.5
1021	7.31	101.33	68	92.7
1022	86.21	73.73	71	29.67
1023	160.57	137.31	68	71.14
1024	51.68	46.42	72	72.15
1025	194.86	5.77	73	133.71
1026	82.3	159.06	72	61.66
1027	119.95	112.45	72	23.52
1028	89.38	146.8	69	47.99
1029	78.82	93.38	69	22.19
1030	5.61	43.19	69	110.17
1031	84.59	14.17	71	87.2
1032	187.87	166.15	69	109.99
1033	158.86	81.91	69	61.58
Drivers: 5
id	x	y	end	sensitivity
352	23.38	127.86	71	1.5
353	191.64	187.61	68	0.76
354	179.62	17.03	73	0.62
355	155.71	191.44	69	1.77
356	131.56	50.76	71	0.82
Period: 69
Tasks:15
id	x	y	end	c
1034	59.76	14.77	72	94.25
1035	199.09	177.97	71	126.09
1036	197.56	48.39	69	110.37
1037	164.73	21.41	70	101.82
1038	35.92	43.7	70	85.3
1039	178.46	121.38	73	81.32
1040	182.31	17.39	73	116.62
1041	116.58	49.8	71	52.87
1042	181.81	113.37	72	82.9
1043	7.34	17.02	74	124.38
1044	111.69	114.01	70	18.25
1045	162.96	95.37	70	63.13
1046	72.61	148.83	72	55.99
1047	7.22	140.96	72	101.42
1048	197.8	176.24	70	124.01
Drivers: 4
id	x	y	end	sensitivity
357	29.53	5.36	76	1.33
358	50.79	44.2	72	1.79
359	167.53	174.11	72	0.75
360	191.69	148.74	71	1.21
Period: 70
Tasks:16
id	x	y	end	c
1049	89.79	24.71	72	75.98
1050	175.84	47.68	72	92.14
1051	145.13	42.76	74	72.89
1052	186.26	177.28	70	115.81
1053	7.58	24.92	72	119.07
1054	43.32	172.55	71	92.07
1055	37.14	29.78	71	94.25
1056	50.43	120.44	71	53.62
1057	134.59	175.64	72	83.17
1058	127.9	106.17	71	28.57
1059	85.15	146.25	76	48.58
1060	90.34	165.73	72	66.44
1061	16.17	119.58	74	86.09
1062	112.62	140.01	71	41.95
1063	63.48	134.27	70	50.08
1064	130.1	178.82	73	84.37
Drivers: 2
id	x	y	end	sensitivity
361	164.95	86.05	75	1.95
362	111.01	123.69	75	1.94
Period: 71
Tasks:19
id	x	y	end	c
1065	152.62	54.13	75	69.81
1066	161.06	127.94	74	67.15
1067	118.63	177.94	74	80.14
1068	132.59	9.61	74	96.09
1069	151.26	167.42	73	84.69
1070	192.57	27.5	77	117.58
1071	140.39	51.65	74	63
1072	180.44	47.04	72	96.31
1073	116.33	125.31	72	30.12
1074	10.21	69.74	74	94.75
1075	17.75	34.49	73	105.15
1076	107.93	71.2	77	29.87
1077	59.72	78.77	74	45.53
1078	143.69	84.2	74	46.46
1079	124.72	25.89	72	78.12
1080	146.66	120.25	72	50.86
1081	144.32	46.97	74	69.11
1082	15.97	88.43	73	84.82
1083	179.12	82.7	73	80.99
Drivers: 3
id	x	y	end	sensitivity
363	181.05	108.47	76	1.76
364	33.58	108.98	75	1.05
365	179.56	78	74	0.85
Period: 72
Tasks:11
id	x	y	end	c
1084	160.34	31.06	73	91.62
1085	176.3	32.02	76	102.19
1086	135.65	133.59	73	48.98
1087	137.9	87.73	73	39.84
1088	36.46	183.86	74	105.21
1089	12.22	138.09	76	95.69
1090	6.5	126.09	72	97.07
1091	102.04	123.34	73	23.43
1092	197.58	15.6	74	129.02
1093	43.89	5.29	74	110.08
1094	96.14	10.43	73	89.65
Drivers: 3
id	x	y	end	sensitivity
366	192.29	183.32	73	1.19
367	180.41	178.98	78	0.94
368	142.26	34.74	73	1.69
Period: 73
Tasks:18
id	x	y	end	c
1095	92.89	113.92	76	15.63
1096	58.42	54.8	74	61.42
1097	167.43	79.29	75	70.54
1098	4.94	55.08	74	105.14
1099	157.18	110.28	74	58.1
1100	68.27	111.83	74	33.86
1101	157.56	78.87	74	61.32
1102	144.26	170.6	75	83.33
1103	38.8	175.83	76	97.45
1104	31.37	187.47	75	111.18
1105	111.11	69.96	74	32.03
1106	33.19	146.15	74	81.2
1107	13.6	194.76	75	128.24
1108	124.58	185.82	74	89.27
1109	38.11	76.85	73	66.08
1110	30.82	140.21	75	80.02
1111	92.22	199.07	73	99.38
1112	73.73	39.45	74	66
Drivers: 6
id	x	y	end	sensitivity
369	29.84	129.08	77	0.73
370	121.7	189.81	77	1.66
371	15.45	177.03	75	1.37
372	111.14	197.31	78	0.56
373	5.56	1.75	76	0.75
374	126.94	163.17	77	1.01
Period: 74
Tasks:27
id	x	y	end	c
1113	161.57	86.2	74	63.1
1114	37.63	115.68	78	64.31
1115	35.16	118.1	76	67.32
1116	174.23	37.44	75	97.08
1117	139.54	140.12	75	56.33
1118	85.72	26.37	77	75
1119	78.65	51.54	76	52.95
1120	87.24	166.57	75	67.78
1121	173.89	91.46	78	74.38
1122	105.85	42.9	74	57.4
1123	13.2	94.22	74	86.99
1124	51.98	20.96	75	92.48
1125	45.63	176.25	76	93.65
1126	20.7	18.46	76	113.74
1127	64.37	33.74	74	75.23
1128	66.92	63.56	76	49.22
1129	149.78	73.59	76	56.35
1130	61.79	50.93	77	62.19
1131	79.76	141.22	75	45.92
1132	61.03	172.71	77	82.49
1133	63.45	4.97	74	101.82
1134	150.09	165.1	76	82.14
1135	174.6	6.06	77	119.96
1136	178.99	193.91	76	122.71
1137	87.49	28.4	76	72.68
1138	23.92	159.18	76	96.39
1139	188.83	90.05	77	89.39
Drivers: 9
id	x	y	end	sensitivity
375	183.08	30.81	78	1.2
376	94.64	89.67	76	1.95
377	46.84	105.87	77	1.91
378	103.47	184.22	77	1.8
379	61.45	105.21	75	0.7
380	138.02	48.6	77	0.68
381	105.03	198.7	76	1.5
382	165.29	140.63	77	1.75
383	17.2	4.25	78	1.02
Period: 75
Tasks:16
id	x	y	end	c
1140	160.07	22.18	78	98.31
1141	99.47	136.41	76	36.41
1142	179.44	98.7	76	79.45
1143	161.2	185.42	76	105.08
1144	118.05	158.92	75	61.62
1145	26.59	188.04	78	114.63
1146	32.13	0.48	77	120.46
1147	135.6	187.3	75	94.28
1148	32.75	23.44	79	101.9
1149	73.1	174.1	78	78.83
1150	25.26	145.58	77	87.54
1151	83.23	27.22	75	74.69
1152	185.81	90.77	78	86.3
1153	144.64	196.2	78	106.05
1154	121.27	7.4	76	95.01
1155	30.63	55	76	82.69
Drivers: 4
id	x	y	end	sensitivity
384	177.51	192.26	79	0.52
385	39.25	193.73	79	0.57
386	19.61	43.91	77	0.63
387	108.09	159.56	81	1.18
Period: 76
Tasks:16
id	x	y	end	c
1156	16.86	179.77	79	115.22
1157	34.75	108.72	77	65.83
1158	52.8	146.37	78	66.17
1159	155.74	190.45	79	106.25
1160	86.91	52.1	78	49.66
1161	101.07	38.08	77	61.93
1162	98.81	165.79	79	65.8
1163	9.55	17.65	78	122.32
1164	11.68	175.48	76	116.18
1165	128.93	116.15	78	33.13
1166	87.61	184.47	77	85.37
1167	110.2	96.33	81	10.84
1168	156.72	24.05	79	94.79
1169	3.22	170.27	78	119.6
1170	189.18	81.98	77	90.98
1171	74.77	153.66	78	59.3
Drivers: 2
id	x	y	end	sensitivity
388	53.46	181.79	78	1.02
389	121.36	104.14	77	1.64
Period: 77
Tasks:21
id	x	y	end	c
1172	193.13	78.27	80	95.63
1173	157.9	99.77	77	57.9
1174	0.01	96.89	79	100.04
1175	126.97	15.36	80	88.83
1176	122.63	129.71	79	37.35
1177	50.89	84.12	79	51.61
1178	137.84	62.68	79	53.15
1179	152.75	96.11	79	52.89
1180	22.57	57.86	79	88.15
1181	11.39	111.46	78	89.35
1182	90.72	137.46	79	38.59
1183	63.26	165.03	79	74.69
1184	128.22	142.74	77	51.22
1185	144.01	38.24	81	75.84
1186	154.78	33.59	80	86.09
1187	89.31	60.72	80	40.71
1188	98.95	109.35	80	9.41
1189	45.35	80.33	80	58.08
1190	22.38	45.37	80	94.92
1191	164.45	52.08	80	80.31
1192	184.08	112.49	77	85
Drivers: 4
id	x	y	end	sensitivity
390	80.9	16.24	79	0.76
391	51.66	77.66	82	0.63
392	11.31	155.2	82	0.51
393	131.97	185.76	81	0.57
Period: 78
Tasks:20
id	x	y	end	c
1193	72.1	88.9	78	30.03
1194	88.2	180.23	79	81.09
1195	26.8	134.55	79	80.94
1196	161.79	55.92	79	75.9
1197	114.18	41.86	81	59.84
1198	111.6	44.08	80	57.11
1199	30.77	91.44	80	69.76
1200	69.37	0.07	79	104.52
1201	179.43	151.37	81	94.59
1202	97.71	179.71	78	79.74
1203	83.36	142.46	80	45.6
1204	34.71	140.18	80	76.66
1205	63.1	10.97	79	96.37
1206	105.3	52.23	80	48.06
1207	5.49	156.09	80	109.9
1208	191.59	18.21	81	122.79
1209	61.06	4.51	78	103.12
1210	79.97	114.34	80	24.63
1211	18.95	171.7	80	108.21
1212	146.69	174.5	80	87.92
Drivers: 8
id	x	y	end	sensitivity
394	7.27	42.83	82	1.27
395	139.72	96.08	81	0.79
396	126.2	88.38	82	1.25
397	78	23.74	81	0.94
398	110.84	199.79	82	0.93
399	183.07	104.56	82	0.63
400	190.11	0.34	80	0.55
401	54.02	33.78	80	1.07
Period: 79
Tasks:8
id	x	y	end	c
1213	152.91	184.01	82	99.28
1214	51.49	165.01	83	81.11
1215	192.84	86.84	82	93.77
1216	102.15	190.27	80	90.3
1217	21.15	119.72	80	81.28
1218	18.51	103.94	79	81.59
1219	19.87	177.58	80	111.53
1220	179.27	0.73	80	127.04
Drivers: 8
id	x	y	end	sensitivity
402	143.84	191.22	82	0.74
403	113.79	22.77	85	0.76
404	100.17	93.03	82	1.99
405	46.55	61.59	82	1.09
406	74.66	47.77	82	1.11
407	167.48	94.32	80	0.64
408	102.81	97.7	80	1.96
409	139.78	171.66	81	0.52
Period: 80
Tasks:13
id	x	y	end	c
1221	20.45	60.18	81	88.96
1222	16.03	12.86	81	121.01
1223	123.35	80.32	81	30.54
1224	10.24	169.42	82	113.47
1225	166.62	85.48	83	68.18
1226	187.85	122.6	83	90.71
1227	178.15	12.37	80	117.42
1228	193.38	116.64	80	94.85
1229	159.38	91.9	84	59.93
1230	117.03	41.74	82	60.7
1231	4.46	172.67	81	120.04
1232	5.05	87.71	81	95.74
1233	147.55	158.2	81	75.15
Drivers: 4
id	x	y	end	sensitivity
410	9.84	195.79	80	1.29
411	99.98	83.47	86	0.75
412	106.18	37.43	81	0.5
413	138.69	133.24	84	1.58
Period: 81
Tasks:15
id	x	y	end	c
1234	161.67	92.6	83	62.11
1235	101.12	96.75	82	3.44
1236	126.76	195.9	82	99.56
1237	171.23	131.9	84	78.05
1238	48.44	195.49	84	108.52
1239	12.69	105.82	82	87.5
1240	117.62	68.67	85	35.94
1241	104.09	184.75	84	84.85
1242	107.5	44.33	83	56.17
1243	193.82	61.2	82	101.53
1244	92.24	188.89	83	89.23
1245	167.62	59.81	81	78.66
1246	108.13	127.23	85	28.42
1247	46.23	158.31	83	79.32
1248	160.88	138.4	82	71.98
Drivers: 3
id	x	y	end	sensitivity
414	83.82	70.92	83	1.02
415	156.6	181.08	84	1.49
416	106.06	145.19	83	0.66
Period: 82
Tasks:15
id	x	y	end	c
1249	85.12	43.87	84	58.07
1250	128.02	127.41	84	39.2
1251	104.58	17.91	86	82.22
1252	114.39	17.39	86	83.85
1253	45.75	88.27	83	55.5
1254	199.95	181.01	84	128.66
1255	16.56	150.19	85	97.37
1256	21.51	175.8	83	109.12
1257	146.57	150.96	86	69.03
1258	104.07	93.64	82	7.55
1259	60.72	75.49	84	46.3
1260	90.89	95.06	82	10.36
1261	126.41	61.39	85	46.78
1262	182.52	105.54	85	82.71
1263	66.51	88.29	85	35.48
Drivers: 2
id	x	y	end	sensitivity
417	182.25	71.15	87	0.64
418	84.79	68.15	85	1.55
Period: 83
Tasks:11
id	x	y	end	c
1264	95.04	99.41	85	4.99
1265	3.12	75.86	86	99.84
1266	100.65	104.29	88	4.34
1267	16.66	105.75	86	83.54
1268	69.56	120.36	88	36.62
1269	115.17	75.43	85	28.88
1270	93.03	51.14	88	49.35
1271	144.32	120.64	85	48.89
1272	27.21	149.41	84	87.98
1273	119.01	2.02	86	99.81
1274	146.18	167.21	86	81.55
Drivers: 4
id	x	y	end	sensitivity
419	169.49	135.43	90	1.87
420	87.83	17.88	84	0.95
421	190.73	14.54	89	0.95
422	64.39	42.3	86	1.4
Period: 84
Tasks:12
id	x	y	end	c
1275	12.12	138.74	85	96.04
1276	114.39	138.89	86	41.47
1277	190.92	43.2	87	107.2
1278	126.96	27.91	84	76.97
1279	121.79	150.99	86	55.45
1280	40.81	144.39	85	73.99
1281	173.36	136.52	84	81.95
1282	134.4	173.71	84	81.34
1283	96.97	108.66	88	9.17
1284	140.53	85.73	85	42.97
1285	140.84	164.36	87	76.22
1286	106.37	164.78	87	65.09
Drivers: 7
id	x	y	end	sensitivity
423	130.39	192.28	86	0.9
424	77.03	196.91	90	0.73
425	185.08	45.37	87	1.98
426	109.47	28.58	85	0.88
427	27.45	185.82	87	1.13
428	97.14	170.39	86	1.13
429	86.12	84.22	86	1.62
Period: 85
Tasks:14
id	x	y	end	c
1287	47.54	182.05	88	97.39
1288	160.68	74.72	86	65.74
1289	187.09	167.87	86	110.41
1290	10.02	8.36	85	128.43
1291	40.03	133	89	68.45
1292	25.31	95.78	86	74.81
1293	122.2	30.4	86	73.05
1294	96.03	59.42	88	40.77
1295	43.58	11.94	87	104.58
1296	112.48	57.02	85	44.76
1297	16.91	69.43	90	88.54
1298	125.92	143.23	86	50.41
1299	131.61	65.5	89	46.79
1300	178.33	27.28	88	106.88
Drivers: 4
id	x	y	end	sensitivity
430	149.49	102.88	88	1.54
431	90.07	99.72	85	0.73
432	192.09	120.14	88	1.55
433	37.58	94.98	91	1.13
Period: 86
Tasks:11
id	x	y	end	c
1301	188.42	33.02	89	110.93
1302	106.94	178.91	89	79.21
1303	128.54	104.1	89	28.83
1304	86.41	116.68	87	21.52
1305	145.18	124.87	86	51.57
1306	16.65	71.68	87	88.03
1307	96.9	126.95	89	27.13
1308	1.11	125.66	86	102.16
1309	145.11	144.85	88	63.61
1310	96.63	19.18	86	80.89
1311	138.36	138.6	86	54.42
Drivers: 3
id	x	y	end	sensitivity
434	118.28	24.56	89	0.99
435	43.33	16.16	86	1.94
436	129.76	117.81	90	1.15
Period: 87
Tasks:10
id	x	y	end	c
1312	73.11	35.92	91	69.49
1313	126.88	144.6	88	52.07
1314	86.58	21.68	88	79.46
1315	140.01	21.27	90	88.31
1316	143.54	168.05	92	80.79
1317	104.79	189.91	94	90.04
1318	165.45	193.1	89	113.8
1319	149.64	143.46	89	65.98
1320	1.49	72.97	90	102.15
1321	188.49	107.33	91	88.79
Drivers: 5
id	x	y	end	sensitivity
437	93.39	30.25	88	1.06
438	138.72	113.16	89	0.91
439	98.34	15.73	92	1.82
440	15.22	150.41	88	1.04
441	55.53	105.67	90	1.42
Period: 88
Tasks:6
id	x	y	end	c
1322	26.22	84.47	93	75.4
1323	161.95	72.98	89	67.59
1324	176.68	162.63	90	99.01
1325	2.01	46.14	90	111.82
1326	28.91	175.35	89	103.59
1327	142.15	64.89	89	54.86
Drivers: 3
id	x	y	end	sensitivity
442	35.63	140.61	94	1.08
443	166.09	188.74	93	1.05
444	156.27	62.71	90	0.56
Period: 89
Tasks:16
id	x	y	end	c
1328	170.19	85.74	92	71.62
1329	22.76	32.74	89	102.42
1330	195.62	133.04	90	101.17
1331	28.64	129.27	89	77.13
1332	73.97	131.09	90	40.55
1333	171.35	199.23	92	122.22
1334	70.69	72.18	91	40.41
1335	29.99	91.33	89	70.54
1336	174.27	25.59	91	105.13
1337	12.58	192.28	90	127.11
1338	89.07	36.47	90	64.46
1339	9.74	179.63	89	120.37
1340	46	64.24	92	64.77
1341	28.61	7.14	89	117.13
1342	23.64	25.17	92	106.91
1343	52.03	14.9	93	97.69
Drivers: 2
id	x	y	end	sensitivity
445	13.17	29.47	92	1.22
446	93.01	31.29	93	0.96
Period: 90
Tasks:14
id	x	y	end	c
1344	96.46	92.82	93	8.01
1345	54.55	10.25	95	100.6
1346	22.07	115.42	90	79.44
1347	56.09	52.81	93	64.46
1348	120.32	96.56	93	20.61
1349	83.58	135.44	93	39.06
1350	27.09	99.87	94	72.91
1351	43.4	192.78	93	108.68
1352	10.37	154.63	91	104.97
1353	183.14	189.7	93	122.3
1354	109.84	115.34	91	18.22
1355	146.99	54.21	94	65.61
1356	108.13	10.79	93	89.58
1357	196.56	77.35	92	99.18
Drivers: 8
id	x	y	end	sensitivity
447	147.3	147.78	91	1.8
448	188.22	17.46	91	1.45
449	94.42	127.81	91	1.98
450	123.61	105.17	93	1.37
451	95.71	66.64	92	0.57
452	160.6	64.55	92	1.49
453	156.9	160.28	92	0.59
454	19.37	83.74	92	1.36
Period: 91
Tasks:14
id	x	y	end	c
1358	100.06	76.31	94	23.69
1359	62.56	115.08	93	40.36
1360	12.45	45.9	94	102.92
1361	108.88	139.87	93	40.85
1362	56.92	97.94	96	43.13
1363	23.56	53.99	93	89.22
1364	177.57	64.13	92	85.46
1365	52.75	92.23	94	47.88
1366	98.26	48.19	93	51.84
1367	30.39	191.23	96	114.75
1368	110.98	52.86	95	48.4
1369	169.31	67.06	93	76.74
1370	196.08	169.29	93	118.46
1371	9.73	34.34	95	111.62
Drivers: 6
id	x	y	end	sensitivity
455	151.07	37.2	93	0.88
456	57.55	117.13	94	1.54
457	136.6	189.07	95	1.25
458	21.59	125.91	95	1.42
459	3.85	52.12	97	1.99
460	34.98	66.76	93	1.12
Period: 92
Tasks:13
id	x	y	end	c
1372	33.59	27.77	93	98.12
1373	53.87	92	92	46.82
1374	90.25	33.09	93	67.62
1375	9.56	10.09	95	127.53
1376	139.88	119.49	92	44.39
1377	199.54	189.1	94	133.59
1378	161.12	6.06	93	112.07
1379	157.44	32.08	95	88.95
1380	173.8	197.11	94	121.97
1381	138.24	105.17	95	38.59
1382	3.82	69.27	93	100.97
1383	199.01	82.78	94	100.5
1384	47.65	19.59	93	95.95
Drivers: 4
id	x	y	end	sensitivity
461	156.76	52.48	95	1.8
462	117.2	90.08	98	1.63
463	103.75	178.55	94	1.57
464	13.23	107.3	94	1.4
Period: 93
Tasks:14
id	x	y	end	c
1385	37.94	73.37	95	67.53
1386	46.73	113.28	95	54.9
1387	89.98	175.06	94	75.73
1388	146.41	23.33	93	89.62
1389	1.4	34.31	95	118.48
1390	155.85	153.47	95	77.32
1391	153.99	35.08	94	84.44
1392	49.17	151.11	98	72.08
1393	158.28	165.05	95	87.34
1394	119.59	13.44	94	88.75
1395	105.55	136.85	97	37.27
1396	105.35	56.82	94	43.51
1397	162.39	85.71	93	64.01
1398	154.61	55.8	96	70.26
Drivers: 3
id	x	y	end	sensitivity
465	99.8	116.3	95	1.71
466	144.19	171.63	98	1.18
467	184.73	171.5	97	1.59
Period: 94
Tasks:25
id	x	y	end	c
1399	61.38	160.73	98	71.97
1400	49.49	6.62	95	106.17
1401	75.86	160.07	97	64.74
1402	64.7	80.09	95	40.53
1403	192.21	46.92	95	106.4
1404	159.62	189.99	96	107.95
1405	76.43	109.86	99	25.55
1406	144.26	0.17	95	109.2
1407	139.34	107.91	94	40.13
1408	4.67	151.09	98	108.16
1409	50.52	124.04	96	55.01
1410	174.64	64.41	97	82.69
1411	38.19	88.1	95	62.95
1412	134.69	36.34	96	72.5
1413	63.92	98.77	96	36.1
1414	78.07	107.81	96	23.28
1415	85.23	86	95	20.35
1416	112.94	28.35	95	72.81
1417	73.05	101.54	94	26.99
1418	155.17	38.67	94	82.49
1419	132.4	76.58	95	39.98
1420	119.52	27.98	94	74.62
1421	180.5	115.42	97	81.96
1422	94.79	168.29	95	68.49
1423	107.4	52.94	96	47.64
Drivers: 1
id	x	y	end	sensitivity
468	104.71	25.05	97	1.47
Period: 95
Tasks:11
id	x	y	end	c
1424	195.86	196.04	97	135.69
1425	149.65	36.9	95	80.29
1426	156.71	80.76	98	59.88
1427	196.22	181.19	96	125.9
1428	58.73	4.88	99	103.69
1429	17.96	134.88	96	89.15
1430	131.96	28.19	96	78.6
1431	17.16	130.62	98	88.32
1432	184.68	195.08	100	127.32
1433	51.46	139.38	98	62.51
1434	12.66	142.56	99	97.16
Drivers: 5
id	x	y	end	sensitivity
469	3.52	186.5	97	1.27
470	25.07	54.26	96	1.54
471	167.57	78	97	1.51
472	84.42	27.86	99	1.57
473	122.21	30.64	95	1.03
Period: 96
Tasks:10
id	x	y	end	c
1435	137.9	96.83	96	38.03
1436	93.01	172.43	100	72.77
1437	90.35	74.77	99	27.01
1438	99.85	77.21	97	22.79
1439	91.78	190.04	99	90.41
1440	132.22	126.84	99	41.93
1441	180.4	103.49	96	80.48
1442	182.74	163.07	98	104.04
1443	153.82	27.15	99	90.57
1444	181.08	104.83	100	81.22
Drivers: 4
id	x	y	end	sensitivity
474	90.8	15.29	97	0.84
475	145.43	66.65	98	1.05
476	97.22	7.92	99	1.05
477	66.71	74.54	100	1.83
Period: 97
Tasks:18
id	x	y	end	c
1445	195.91	60.44	98	103.75
1446	194.39	1.26	99	136.6
1447	35.77	186.62	99	107.84
1448	109.56	199.16	98	99.62
1449	59.4	171.11	98	81.88
1450	5.03	44.12	101	110.19
1451	24.58	45.54	101	93.03
1452	149.65	157.31	105	75.83
1453	89.43	69.77	98	32.02
1454	60.19	76.09	100	46.44
1455	40.38	80.53	100	62.72
1456	166.76	21.2	99	103.28
1457	90.67	60.97	100	40.13
1458	95.55	100.78	100	4.52
1459	114.04	19.51	98	81.71
1460	131.05	109.83	101	32.57
1461	173.25	31.72	99	100.14
1462	46.87	170.5	99	88.28
Drivers: 6
id	x	y	end	sensitivity
478	2.36	104.28	98	0.72
479	199.11	58.16	98	0.94
480	4.54	44.1	99	1.99
481	111.69	167.13	105	0.95
482	123.93	33.17	98	0.91
483	56.44	18.73	99	1.02
Period: 98
Tasks:15
id	x	y	end	c
1463	162.67	161.93	99	88.11
1464	48.24	102.37	98	51.81
1465	9.08	114.56	99	92.08
1466	138.62	31.54	99	78.6
1467	169.12	34.29	99	95.37
1468	180.28	139.1	99	89.3
1469	83.81	9.73	99	91.71
1470	5.22	12.97	98	128.68
1471	156.51	56.83	100	71.11
1472	83.92	124.76	103	29.52
1473	195.82	41.42	100	112.31
1474	85.9	152.03	99	53.91
1475	73.67	79.37	101	33.45
1476	84.75	15.59	101	85.78
1477	159.51	105.09	99	59.73
Drivers: 7
id	x	y	end	sensitivity
484	63.64	178.62	99	1.76
485	74.07	166.39	100	1.04
486	198.11	96.92	101	1.08
487	126	163.35	100	1.27
488	161.12	3.33	100	1.8
489	85.71	118.84	100	0.59
490	170.04	38	102	1.17
Period: 99
Tasks:10
id	x	y	end	c
1478	190.21	144.26	100	100.48
1479	96.93	123.66	101	23.86
1480	170	151.46	99	86.88
1481	143.51	81.75	100	47.18
1482	76.14	38.57	99	65.9
1483	157	194.11	101	110.03
1484	115.53	70.38	101	33.44
1485	152.51	145.29	99	69.34
1486	117.16	194.43	100	95.98
1487	74.02	173.15	101	77.63
Drivers: 2
id	x	y	end	sensitivity
491	33.25	167.86	105	0.99
492	86.85	130.52	103	1.33
Period: 100
Tasks:16
id	x	y	end	c
1488	97.15	93.46	100	7.13
1489	152.86	46.43	101	75.26
1490	158.85	145.77	102	74.55
1491	127.19	188.38	105	92.47
1492	97.47	182.49	102	82.53
1493	39.62	95.84	102	60.52
1494	185.56	195.92	102	128.53
1495	198.63	6.39	101	135.98
1496	57.54	156.32	101	70.53
1497	20.52	16.84	103	115.03
1498	82.33	168.89	102	71.12
1499	159.13	72.39	104	65.26
1500	152.66	84.7	100	54.84
1501	69.72	117.97	102	35.21
1502	95.26	22.42	100	77.72
1503	142.13	99.82	103	42.13
Drivers: 6
id	x	y	end	sensitivity
493	141.69	112.54	107	1.05
494	41.68	96.07	102	1.9
495	5.26	21.8	104	1.2
496	166.8	198.07	101	0.81
497	167.64	43.59	106	1.69
498	1.36	100.73	102	1.83
