Periods: 100
Task Arrival Rate: 5
Task Average Time: 2
Driver Arrival Rate: 10
Driver Average Time: 3
Period: 1
Tasks:8
id	x	y	end	c
1	14.5	162.71	1	106.03
2	169.77	142.68	4	81.79
3	99.43	128.15	3	28.16
4	15.82	56.51	4	94.75
5	66	112.47	4	36.21
6	157.88	184.31	3	102.27
7	111.14	70.29	3	31.73
8	50.41	185.64	3	98.96
Drivers: 12
id	x	y	end	sensitivity
1	71.48	28.5	3	0.9
2	21.67	188.5	5	0.52
3	16.23	178.64	1	1.5
4	100.81	12.33	4	1.46
5	164.23	42.31	3	1.66
6	12.59	168.54	6	0.91
7	157.64	155.37	4	0.57
8	94.23	168.31	3	1.59
9	60.97	161.58	3	0.87
10	9.4	125.57	3	1.93
11	186.12	124.31	10	1.47
12	194.27	53.92	4	0.6
Period: 2
Tasks:3
id	x	y	end	c
9	184.52	10.57	6	123.05
10	115.4	29.96	2	71.71
11	33.18	162.94	4	91.8
Drivers: 12
id	x	y	end	sensitivity
13	54.01	71.24	7	1.67
14	153.97	144.25	6	1.63
15	22.21	12.75	4	1.54
16	45.96	112.3	5	1.28
17	64.81	159.56	6	1.13
18	186.84	101.46	7	1.88
19	86.03	106.71	4	1.27
20	95.22	128.01	5	1.11
21	138.36	149.14	6	1.73
22	147.45	180.52	7	1.08
23	142.02	136.3	5	0.81
24	95.92	49.94	5	1.41
Period: 3
Tasks:7
id	x	y	end	c
12	179.54	111.18	6	80.32
13	186.1	51.78	3	98.68
14	195.39	142.58	5	104.46
15	107.36	10.12	5	90.18
16	92.35	195.6	5	95.91
17	117.54	180.49	5	82.38
18	0.9	94.81	8	99.24
Drivers: 12
id	x	y	end	sensitivity
25	91.93	180.96	6	1.97
26	155.84	66.58	6	0.77
27	188.74	135.6	5	0.86
28	147.88	87.49	8	1.73
29	51.59	100.04	6	1.33
30	174.68	181.44	8	1.39
31	188.33	46.89	7	0.55
32	171.19	48.94	5	1.7
33	162.03	20.78	4	1.48
34	131.34	13.09	6	1.58
35	23.94	4.35	4	1.55
36	16.65	58.66	12	0.64
Period: 4
Tasks:11
id	x	y	end	c
19	97.89	182.77	5	82.8
20	68.33	9.85	8	95.55
21	34.27	22.19	5	101.86
22	64.93	120.15	5	40.45
23	155.85	139.58	7	68.45
24	195.61	27.37	5	120.07
25	125.45	154.07	4	59.76
26	119.71	69.88	6	36
27	145.55	193.09	5	103.64
28	60.21	74.97	10	47.01
29	149.56	40.41	7	77.51
Drivers: 12
id	x	y	end	sensitivity
37	165.34	111.87	6	1.1
38	126.37	176.72	7	0.92
39	105.68	63.05	9	0.52
40	128.57	163.22	7	1.12
41	4.55	74.88	8	0.96
42	80.8	95.61	5	1.37
43	99.34	47.44	11	1.52
44	163.41	149.83	7	1.87
45	36.2	127.43	8	1.95
46	122.12	28.84	11	0.52
47	50.15	114.98	7	1.41
48	2.29	112.68	6	1.92
Period: 5
Tasks:4
id	x	y	end	c
30	42	18.11	6	100.35
31	11.4	8.34	10	127.48
32	151.8	78.32	5	56.15
33	46.75	6.7	8	107.43
Drivers: 8
id	x	y	end	sensitivity
49	172.35	134.12	11	0.87
50	113.29	80.2	8	0.84
51	124.13	27	9	0.9
52	78.48	69.81	8	1.1
53	8.52	176.14	8	1.24
54	26.44	135.57	6	0.84
55	68.88	84.51	7	1.43
56	152.35	164.75	6	1.25
Period: 6
Tasks:3
id	x	y	end	c
34	86.66	26.9	12	74.31
35	67.84	21.29	7	85.03
36	49.72	125.11	7	56.2
Drivers: 15
id	x	y	end	sensitivity
57	53.48	3.75	10	0.53
58	139.14	88.16	9	1.96
59	59.23	15.38	8	1.79
60	103.33	15.78	8	1.45
61	151.15	49.17	10	1.75
62	101.17	146.32	8	1.28
63	28.68	100.94	12	0.7
64	178.66	61.75	9	0.79
65	6.64	12.4	9	1.97
66	155.81	197.9	9	1.62
67	77.04	186.15	6	1.93
68	174.26	6.68	10	1.06
69	31.6	79.59	12	1.13
70	169.08	57.96	6	1.95
71	22.47	161.92	7	1.32
Period: 7
Tasks:5
id	x	y	end	c
37	188.06	95.87	9	88.16
38	9.54	119.07	10	92.45
39	86.49	151.72	8	53.46
40	40.02	29.34	12	92.68
41	29.39	77.22	8	74.19
Drivers: 11
id	x	y	end	sensitivity
72	167.1	46.99	10	1.52
73	145.2	118.57	9	1.8
74	43.15	39.99	8	1.78
75	34.78	100.18	7	0.85
76	87.9	92.94	9	0.69
77	156.94	62.1	8	1.96
78	0.43	172.38	10	1.93
79	31.15	182.73	14	0.61
80	124.02	95.91	9	0.61
81	133.27	61.03	8	1.85
82	57.87	165.06	8	0.76
Period: 8
Tasks:3
id	x	y	end	c
42	90.94	67.45	13	33.79
43	28.01	38.31	9	94.81
44	193.16	17.96	9	124.13
Drivers: 13
id	x	y	end	sensitivity
83	144.17	95.73	11	0.79
84	63.41	104.47	14	0.9
85	170.97	171.41	13	0.52
86	67.53	37.26	9	1.74
87	76.95	163.67	12	1.23
88	193.57	29.67	10	2
89	153.97	3.58	11	1.06
90	168.65	16.95	12	0.75
91	81.31	45.49	12	1.07
92	1.33	168.14	11	1.64
93	130.81	121.17	10	0.56
94	153.05	129.42	13	0.78
95	23.95	5.94	11	0.62
Period: 9
Tasks:4
id	x	y	end	c
45	123.41	12.46	13	90.62
46	105.31	189.81	9	89.97
47	77.98	9.78	11	92.87
48	170.61	50.71	9	86.11
Drivers: 11
id	x	y	end	sensitivity
96	11.38	113.97	12	0.63
97	82.42	45.14	14	1.94
98	97.34	126.99	10	1.72
99	109.52	172.05	10	0.67
100	7.73	56.11	13	1.6
101	32.34	88.53	12	0.68
102	42.69	184.66	13	0.82
103	140.1	173.77	11	1.93
104	109.49	28.07	13	1.51
105	75.63	34.77	12	0.88
106	8.01	0.97	10	0.51
Period: 10
Tasks:4
id	x	y	end	c
49	59.89	136.03	11	53.92
50	45.61	120.56	11	58.15
51	73.23	21.35	13	83.08
52	71.03	177.38	11	82.63
Drivers: 8
id	x	y	end	sensitivity
107	115.02	199.28	14	1.65
108	37.97	3.59	12	1.75
109	167.92	74.32	13	0.55
110	66.73	125.56	11	1.7
111	102.05	85.33	15	0.81
112	124.87	73.91	13	1.43
113	92.15	55.87	11	0.73
114	101.82	174.46	11	0.9
Period: 11
Tasks:5
id	x	y	end	c
53	7.46	108.05	13	92.89
54	196.8	89.01	14	97.42
55	199.49	92.3	13	99.79
56	155.18	100.71	12	55.18
57	163.13	53.81	14	78.22
Drivers: 10
id	x	y	end	sensitivity
115	140.51	89.85	15	1.91
116	192.84	119.59	13	1.54
117	25.41	125.44	14	1.59
118	64.17	183.63	11	1.44
119	183.81	100.99	16	1.68
120	114.96	34.25	14	1.9
121	79.34	57.1	13	1.85
122	11.63	163.12	15	1.42
123	67.7	5.79	16	1.11
124	44.29	177.99	13	1.5
Period: 12
Tasks:8
id	x	y	end	c
58	21.41	163.17	14	100.83
59	94.03	150.81	12	51.16
60	195.49	135.47	15	101.86
61	11.87	132.29	16	93.86
62	15.18	36.23	13	106.12
63	155.99	161.33	14	83.04
64	157.86	112.55	16	59.21
65	141.53	83.89	15	44.55
Drivers: 15
id	x	y	end	sensitivity
125	152.75	69.25	15	1.98
126	40.28	170.51	14	1.07
127	75.01	128.46	16	1.77
128	90.72	51.67	16	0.63
129	36.88	55.14	15	0.6
130	32.8	120.05	14	1.3
131	72.6	199.64	13	1.23
132	73.07	154.91	16	1.91
133	20.65	136.13	16	1.7
134	85.49	136.07	15	0.6
135	96.12	148.29	16	1.21
136	30.88	195.97	17	0.57
137	65.81	35.57	14	1.11
138	160.65	142.49	15	1.14
139	151.45	6.24	17	0.91
Period: 13
Tasks:5
id	x	y	end	c
66	116.88	161.88	15	64.14
67	10.28	102.38	15	89.75
68	140.98	31.48	14	79.84
69	136.56	38.04	17	71.94
70	32.78	44.96	15	86.88
Drivers: 9
id	x	y	end	sensitivity
140	2.42	161.65	13	1.2
141	135.22	171.86	15	1.24
142	139.99	134.95	17	1.29
143	39.84	47.73	17	0.9
144	69.64	83.43	16	1.98
145	121.81	69.64	19	1.28
146	188.72	8.88	15	0.97
147	123.79	108.71	15	1.16
148	12.65	131.7	16	1.67
Period: 14
Tasks:3
id	x	y	end	c
71	188.31	51.21	17	100.89
72	155.8	86.97	14	57.3
73	7.48	25.57	17	118.74
Drivers: 15
id	x	y	end	sensitivity
149	75.09	2.5	17	0.97
150	111.23	63.3	17	1.34
151	187.96	8.98	19	0.73
152	112.01	54.22	18	0.99
153	89.32	78.21	17	0.83
154	9.57	20.17	18	1.2
155	137.23	65.62	17	1.09
156	86.5	1.67	16	1.88
157	25.06	16.58	15	1.43
158	105.25	153.71	17	0.71
159	78.11	109.73	20	1.26
160	161.68	140.49	17	0.51
161	112.21	132.24	22	0.5
162	139.67	109.3	19	1.05
163	46.77	155.18	16	1.65
Period: 15
Tasks:8
id	x	y	end	c
74	180.42	138.79	16	89.29
75	92.07	91.47	18	11.65
76	139.59	38.7	15	72.97
77	16.63	160.25	17	102.86
78	93.53	33.79	16	66.53
79	126.96	12.55	15	91.51
80	25.11	44.11	17	93.45
81	53.81	176.33	16	89.22
Drivers: 13
id	x	y	end	sensitivity
164	136.15	97.84	18	0.97
165	80.5	96.54	18	1.31
166	5.61	193.22	20	1.86
167	11.51	174.03	17	1.21
168	150.51	159.62	20	1.5
169	179.38	52.5	20	0.69
170	16.77	72.68	20	1.64
171	82.66	179.48	20	0.99
172	129.31	9.68	16	1.67
173	175.84	30.14	20	1.99
174	80.67	161.15	15	1.45
175	96.74	3.4	16	1.63
176	76.72	149.44	19	0.66
Period: 16
Tasks:6
id	x	y	end	c
82	173.94	139.81	18	83.98
83	87.08	39.64	18	61.73
84	9.25	199.6	17	134.74
85	73.53	33.69	17	71.4
86	45.47	85.67	17	56.38
87	198.68	101.76	19	98.7
Drivers: 8
id	x	y	end	sensitivity
177	135.73	45.14	19	0.8
178	5.07	196.28	18	1.86
179	140.05	194.26	17	1
180	196.98	84.61	22	1.84
181	56.27	54.64	18	0.5
182	106.79	185.44	22	1.14
183	78.97	107.75	20	0.82
184	135.67	53.7	19	1.98
Period: 17
Tasks:4
id	x	y	end	c
88	151.44	92.52	20	51.98
89	141.72	26.92	19	84.15
90	187.2	116.96	19	88.83
91	3.55	65.32	19	102.5
Drivers: 11
id	x	y	end	sensitivity
185	150.35	114.75	20	0.74
186	69.59	98.88	22	1.87
187	78.79	56.9	22	0.81
188	24.8	161.73	24	0.81
189	86.71	183.89	21	1.45
190	79.87	12.26	19	1.16
191	83.86	150.6	19	1.76
192	161.77	62.33	18	1.19
193	121.24	27.97	19	0.59
194	35.81	122.26	23	1
195	2.82	167.39	17	1.22
Period: 18
Tasks:6
id	x	y	end	c
92	131.99	193.86	19	99.16
93	105.34	27.52	21	72.68
94	88.89	7.94	21	92.73
95	132.82	192.94	20	98.56
96	142.17	192.14	19	101.33
97	15.45	6.17	19	126.3
Drivers: 10
id	x	y	end	sensitivity
196	123.54	73.66	22	1.87
197	158.61	115.51	21	1.8
198	17.5	113.5	21	0.87
199	46.01	96.96	20	1.71
200	13.05	131.36	21	1.25
201	169.37	137	26	0.69
202	25.35	82.81	21	1.97
203	3.18	155.41	22	0.82
204	164.21	69.02	23	1.24
205	0.4	139.77	22	1.75
Period: 19
Tasks:6
id	x	y	end	c
98	162.36	83.44	23	64.52
99	184.46	138.66	21	92.89
100	139.01	131.45	20	50.11
101	131.56	9.12	19	96.2
102	10.12	89.48	22	90.49
103	111.39	111.73	19	16.35
Drivers: 12
id	x	y	end	sensitivity
206	64.29	9.77	24	0.92
207	43.09	117.3	27	1.08
208	142.87	90.46	24	1.18
209	9.85	129.98	22	1.74
210	73.67	143.66	20	1.07
211	199.88	132.37	22	1.3
212	148.91	62.1	22	0.58
213	158.19	114.19	25	0.85
214	142.47	28.92	22	1.16
215	174.04	56.26	22	1.55
216	85.73	53.83	21	1.84
217	194.53	139.56	22	1.72
Period: 20
Tasks:9
id	x	y	end	c
104	155.03	112.27	25	56.38
105	82.11	101.62	21	17.96
106	153.61	174.51	20	91.79
107	2.51	76.87	20	100.2
108	46.69	183.88	22	99.39
109	109.45	155.1	23	55.9
110	167.81	79.17	24	70.94
111	93.48	140.39	21	40.91
112	170.81	21.65	21	105.61
Drivers: 8
id	x	y	end	sensitivity
218	168.36	48.27	23	1.47
219	165.5	140.52	20	0.9
220	20.18	75.12	22	1.68
221	16.65	24.06	23	1.38
222	125.85	151.98	26	1.22
223	145.27	180.93	22	0.55
224	135	95.88	21	1.53
225	6.5	76.33	24	1.83
Period: 21
Tasks:8
id	x	y	end	c
113	19.15	63.43	21	88.74
114	100.66	109.97	24	9.99
115	40	5.19	23	112.2
116	123.57	98.23	23	23.64
117	1.77	75.9	24	101.14
118	134.1	98.73	21	34.12
119	180.55	96.45	25	80.63
120	186.89	39.03	21	106.15
Drivers: 7
id	x	y	end	sensitivity
226	71.14	12.56	23	1.92
227	159.04	95.69	26	1.99
228	150.01	127.92	23	1.25
229	135.35	114.61	24	1.35
230	25.2	112.34	24	0.57
231	192.29	127.04	22	1.74
232	195.01	122.49	25	1.89
Period: 22
Tasks:8
id	x	y	end	c
121	189.26	3.01	23	131.81
122	9.26	189.72	26	127.61
123	133.2	180.38	26	86.97
124	163.05	169.33	24	93.71
125	144.75	1.85	23	107.87
126	50.12	112.57	24	51.44
127	141.8	169.93	23	81.47
128	169.66	36.92	22	93.98
Drivers: 11
id	x	y	end	sensitivity
233	82.61	192.59	23	0.78
234	174.58	43.61	26	0.77
235	102.26	187.14	23	1.07
236	99.22	28.83	27	0.84
237	36.83	185.87	25	1.87
238	64.15	146.49	26	0.53
239	55.79	150.85	25	0.78
240	57.52	115.22	24	1.99
241	85.35	111.53	24	1.55
242	45.49	107.04	23	1.29
243	58.1	13.59	25	1.12
Period: 23
Tasks:4
id	x	y	end	c
129	98.73	187.57	24	87.58
130	105.35	49.79	26	50.49
131	150.62	15.77	23	98.27
132	40.98	173.82	25	94.51
Drivers: 7
id	x	y	end	sensitivity
244	139.62	128.82	25	1.26
245	122.62	33.93	27	0.61
246	169.31	171.74	26	0.98
247	105.25	22.64	24	1.28
248	136.87	146.78	26	1.15
249	170	15.88	25	1.98
250	162.93	78.46	25	0.97
Period: 24
Tasks:3
id	x	y	end	c
133	139.52	95.55	29	39.77
134	61.09	36.34	24	74.61
135	101.25	173.04	28	73.05
Drivers: 15
id	x	y	end	sensitivity
251	77.64	89.24	27	1.67
252	111.69	199.33	26	1.93
253	77.08	63.43	26	1.95
254	78.51	77.76	27	1.12
255	181.66	194.87	28	1.77
256	73.24	178	29	0.95
257	147.2	76.19	26	1.94
258	52.89	125.44	27	1.72
259	130.94	3.44	26	1.14
260	2.48	180.51	24	0.56
261	137.5	176.57	27	1.33
262	196.75	35.04	29	0.91
263	54.05	64.61	27	1.84
264	168.83	49.22	25	1.35
265	74.75	184.15	27	1.03
Period: 25
Tasks:5
id	x	y	end	c
136	109.02	67.75	30	33.49
137	60.61	138.43	28	55.03
138	36.09	173.13	27	97.12
139	1.3	198.25	29	139.27
140	10.23	72.59	26	93.86
Drivers: 5
id	x	y	end	sensitivity
266	128.4	53.63	28	1.01
267	53.96	19.9	28	0.55
268	176.38	130.9	29	0.53
269	47.58	161.57	26	0.84
270	175.2	20.26	30	1.99
Period: 26
Tasks:4
id	x	y	end	c
141	90.42	58.88	26	42.22
142	90.6	122.85	29	24.71
143	149.62	54.04	27	67.63
144	116.22	42.2	28	60.03
Drivers: 10
id	x	y	end	sensitivity
271	103.75	173.45	32	0.86
272	167.92	103.49	28	1.68
273	90.96	142.8	30	1.18
274	162.7	94.92	27	1.84
275	134.13	108.38	27	1.31
276	80.97	168.87	31	0.82
277	161.72	148.71	31	0.57
278	51.02	16.98	27	1.52
279	55.29	71.22	28	1.65
280	46.94	146.59	30	1.87
Period: 27
Tasks:8
id	x	y	end	c
145	184.25	99.98	29	84.25
146	45.44	0.99	28	113.05
147	58.72	144.33	31	60.57
148	80.17	136.07	30	41.16
149	57.29	118.3	30	46.47
150	117.5	190.05	28	91.73
151	81.17	111.65	30	22.14
152	112.92	89.13	29	16.88
Drivers: 10
id	x	y	end	sensitivity
281	69.03	71.15	29	1.78
282	166.15	1.7	30	0.79
283	129.49	153.17	30	1.91
284	62.67	157.76	31	1
285	155.98	107.79	29	1.07
286	135.28	60.52	31	0.54
287	158.28	41.83	31	1.52
288	120.26	178.99	28	1.55
289	68.39	145.95	29	0.78
290	128.64	60.64	30	1.73
Period: 28
Tasks:5
id	x	y	end	c
153	188.53	99.57	30	88.53
154	85.08	74.57	28	29.48
155	90.83	147.48	30	48.36
156	21.31	33.63	32	102.94
157	176.1	16.8	34	112.75
Drivers: 9
id	x	y	end	sensitivity
291	172.87	4.79	30	1.45
292	8.81	86.81	28	2
293	130.67	101.99	32	1.39
294	167.54	76.51	29	1.15
295	171.08	89.91	33	0.65
296	43.72	113.4	30	1.38
297	140.7	175.86	31	0.52
298	16.47	189.13	35	1.43
299	82.45	82.58	37	0.99
Period: 29
Tasks:3
id	x	y	end	c
158	186.7	199.03	32	131.62
159	46.95	110.2	30	54.02
160	145.12	149.17	32	66.73
Drivers: 7
id	x	y	end	sensitivity
300	54.46	7.56	32	1.29
301	133.49	116.37	33	0.78
302	7.9	178.92	33	0.8
303	165.43	72.04	32	1.47
304	31.3	160.89	31	0.69
305	143.74	1.86	30	0.69
306	170.65	145.62	32	1.54
Period: 30
Tasks:4
id	x	y	end	c
161	68.69	186.17	32	91.68
162	106.83	13.94	33	86.33
163	22.8	120.85	34	79.97
164	178.2	30.87	36	104.38
Drivers: 8
id	x	y	end	sensitivity
307	152.98	87.75	35	1.93
308	33.4	66.59	33	0.98
309	84.79	22.16	32	0.86
310	177.19	28.87	36	0.74
311	187.13	183.89	33	1.23
312	85.91	81.4	32	1.57
313	129.4	14.31	32	1.85
314	134.06	156.77	31	0.7
Period: 31
Tasks:3
id	x	y	end	c
165	1.01	188.22	34	132.6
166	176.46	163.82	32	99.59
167	48.31	69.27	34	60.13
Drivers: 11
id	x	y	end	sensitivity
315	26.46	97.7	35	1.78
316	10.53	125.85	32	1.39
317	162.45	141.34	33	0.98
318	61.42	142.45	34	1.05
319	150.77	41.66	35	1.2
320	189.23	15.61	34	1.52
321	96.11	86.59	33	1.42
322	19.44	76.12	33	1.19
323	18.93	171.17	36	1.68
324	107.65	21.94	33	1.62
325	137.72	86.12	33	1.45
Period: 32
Tasks:2
id	x	y	end	c
168	174.99	43.96	32	93.62
169	103.29	76.95	33	23.28
Drivers: 8
id	x	y	end	sensitivity
326	66.25	139.13	34	1.13
327	141.51	65.47	37	1.01
328	26.1	175.96	33	1.65
329	128.19	165.68	35	1.03
330	138.58	5.83	34	1.36
331	65.47	4.36	35	1.34
332	123.05	117.48	36	0.63
333	171.16	51.93	38	0.66
Period: 33
Tasks:4
id	x	y	end	c
170	77.02	129.08	34	37.06
171	53.54	158.94	34	75.05
172	44.08	144.73	35	71.61
173	80.23	65.1	33	40.11
Drivers: 12
id	x	y	end	sensitivity
334	113.03	102.57	37	0.63
335	78.55	107.01	38	1.68
336	173.09	88.59	36	1.41
337	115.73	153.15	35	1.88
338	16.45	10.97	37	1.5
339	54.86	99.64	33	1.87
340	56.69	44.06	33	1.16
341	142.16	87	36	1.69
342	27.07	112.12	36	0.98
343	160.15	126.11	35	1.96
344	181.83	117.79	34	1.01
345	132.81	58.5	33	1.44
Period: 34
Tasks:5
id	x	y	end	c
174	176.29	22.64	36	108.65
175	91.31	125.27	34	26.72
176	144.23	23.1	36	88.71
177	178.22	19.44	36	112.29
178	71.96	21.6	36	83.26
Drivers: 12
id	x	y	end	sensitivity
346	48.06	149.22	35	1.54
347	46.3	144.78	39	0.94
348	137.1	66.89	38	1.48
349	76.37	77.53	38	1.02
350	85.76	47.28	38	0.58
351	180.17	181.95	37	1.92
352	172.32	31.45	36	0.74
353	129.42	144.73	35	0.91
354	32.11	32.92	38	1.2
355	101.59	101.19	37	1.1
356	109.68	43.81	36	1.41
357	65.29	127.62	37	1.24
Period: 35
Tasks:5
id	x	y	end	c
179	11.22	85.85	40	89.9
180	10.59	28.83	38	114.28
181	152.8	193.23	38	107.14
182	37.5	2.07	39	116.17
183	156	185.75	38	102.42
Drivers: 14
id	x	y	end	sensitivity
358	141.59	23.82	36	1.86
359	27.15	57.08	40	1.84
360	86.08	31.3	38	1.23
361	125.1	12.78	36	1.21
362	93.95	20.73	42	1.72
363	54.85	16.14	41	0.67
364	7.15	4.33	35	0.93
365	67.05	165.26	40	0.81
366	151.54	82.73	37	0.71
367	130.83	55.97	38	1.84
368	151.38	160.23	37	1.78
369	182.02	87.5	37	1.95
370	46.81	31.65	37	1.24
371	106.76	199.96	38	1.04
Period: 36
Tasks:9
id	x	y	end	c
184	95.95	184.21	38	84.31
185	18.7	43.76	39	98.86
186	97.16	174.13	37	74.18
187	167.98	149.13	38	83.88
188	85.02	184.98	41	86.29
189	86.02	15.49	39	85.66
190	37.72	107.1	37	62.68
191	8.33	157.55	39	108.24
192	176.48	180.64	38	111.14
Drivers: 9
id	x	y	end	sensitivity
372	73.79	38.66	40	0.54
373	30.93	62.77	38	0.61
374	134.19	11.03	38	1.3
375	89.93	64.61	39	0.72
376	0.19	116.11	40	0.53
377	59.34	81.24	38	1.62
378	2.78	48.22	39	1
379	74.82	72.7	37	1.6
380	114.77	117.04	39	1.61
Period: 37
Tasks:8
id	x	y	end	c
193	102.04	19.66	41	80.37
194	139.94	139.33	39	56.05
195	110.16	130.26	37	31.92
196	103.56	79.04	37	21.26
197	118.02	121.64	42	28.16
198	135.96	13.05	40	94.09
199	182.13	14.79	38	118.35
200	94.71	89.91	40	11.39
Drivers: 12
id	x	y	end	sensitivity
381	166.08	29.67	40	0.66
382	147.22	134.11	39	1.38
383	150.48	120.89	42	1.89
384	69.5	57.36	39	0.83
385	43.88	65.5	44	1.99
386	172.27	97.45	43	1.9
387	195.29	39.6	42	1.79
388	153.24	144.55	38	1.69
389	62.86	155.8	39	1.74
390	152.98	123.83	43	0.66
391	18.41	49.84	39	1.71
392	94.23	54.4	38	1.47
Period: 38
Tasks:8
id	x	y	end	c
201	186.38	31.68	40	110.13
202	165.84	98.16	39	65.87
203	36.61	7.45	39	112.18
204	92.09	159.04	41	59.57
205	9.46	118.12	38	92.34
206	28.74	61.73	39	80.89
207	101.33	128.68	44	28.71
208	4.53	114.85	40	96.62
Drivers: 10
id	x	y	end	sensitivity
393	90.87	178.31	46	1.27
394	8.93	35.96	41	0.9
395	3.92	125.67	43	1.79
396	121.39	190.19	42	1.53
397	33.24	171.4	40	0.85
398	53.43	121.3	42	0.91
399	104.34	105.2	41	1.43
400	122.97	38.03	39	1.68
401	100.86	14.13	41	0.73
402	122.67	18.02	41	1.05
Period: 39
Tasks:5
id	x	y	end	c
209	84.31	81.66	40	24.14
210	46.86	134.01	44	63.09
211	41.98	162.71	39	85.43
212	182.7	190.64	42	122.7
213	5.21	192.73	43	132.6
Drivers: 12
id	x	y	end	sensitivity
403	39.79	81.53	43	1.98
404	40.43	73.29	45	1.86
405	29.14	57.76	43	1.64
406	25.55	78.24	43	1.07
407	119.96	156.49	41	1.12
408	9.22	62.95	40	1.99
409	198.39	37.87	42	0.69
410	104.72	26.25	42	1.52
411	162.03	4.1	41	1.31
412	136.64	150.89	42	1.08
413	92.86	54.19	40	0.9
414	65.13	145.34	41	1.33
Period: 40
Tasks:4
id	x	y	end	c
214	117.76	189.39	40	91.14
215	44.35	92.36	43	56.17
216	101.36	192.78	42	92.79
217	16.92	101.61	47	83.1
Drivers: 6
id	x	y	end	sensitivity
415	198.72	51.39	43	1.46
416	159.25	14.13	42	1.52
417	52.62	148.37	43	1.57
418	83.18	187.57	41	0.58
419	117.95	191.47	42	1.26
420	181.42	81.15	41	1.87
Period: 41
Tasks:6
id	x	y	end	c
218	150.23	133.79	44	60.54
219	175.17	161.03	43	96.83
220	107.49	86.61	45	15.34
221	102.88	170.52	42	70.58
222	51.46	58.76	42	63.69
223	23.6	80.05	42	78.96
Drivers: 12
id	x	y	end	sensitivity
421	94.16	19.57	44	1.87
422	18.84	90.35	46	0.83
423	81.74	101.92	43	0.7
424	189.52	114.83	43	1.91
425	68.48	18.71	46	1.5
426	69.8	126.34	44	0.94
427	129.91	38.37	45	0.98
428	127.55	56.74	44	0.88
429	127.79	182.26	45	0.69
430	98.84	48.69	43	1.85
431	40.7	92.19	47	1.76
432	15.99	131.69	43	1.18
Period: 42
Tasks:5
id	x	y	end	c
224	49.84	15.11	45	98.6
225	35.97	98.31	44	64.05
226	157.99	113.3	43	59.5
227	145.48	11.62	46	99.4
228	196.17	26.68	44	120.93
Drivers: 10
id	x	y	end	sensitivity
433	103.01	192.31	49	0.75
434	30.9	20.39	44	0.98
435	182.82	74.59	44	1.13
436	71.88	192.41	45	0.51
437	59.18	88.59	42	1.47
438	6.41	128.62	43	1.13
439	81.03	139.23	45	1.25
440	162.09	132.35	44	0.72
441	154.97	20.52	44	1.17
442	165.54	101.51	46	0.7
Period: 43
Tasks:2
id	x	y	end	c
229	42.65	162.33	48	84.7
230	151.98	101.38	46	52
Drivers: 8
id	x	y	end	sensitivity
443	54.45	110.66	46	0.88
444	161.34	139.74	47	0.86
445	22.45	177.09	48	1.5
446	152.28	74.43	47	0.74
447	102.03	94.12	48	1.27
448	143.27	42.14	47	1.37
449	68.88	118.53	46	1.38
450	158.61	52.99	44	1.5
Period: 44
Tasks:6
id	x	y	end	c
231	64.54	139.57	46	53.13
232	112	15.1	46	85.74
233	67.82	160.3	47	68.35
234	42.17	116.24	47	60.07
235	106.34	126.54	46	27.29
236	136.33	43.51	45	67.16
Drivers: 8
id	x	y	end	sensitivity
451	152.37	121.85	50	1.47
452	37	79.47	47	1.49
453	4.48	96.75	47	0.9
454	55.22	112.91	47	1.51
455	118.79	78.67	47	1.47
456	35.36	68.81	47	0.75
457	152.72	77.45	46	1.23
458	37.13	87.62	46	1.16
Period: 45
Tasks:6
id	x	y	end	c
237	136.43	99.24	48	36.44
238	35.57	25.02	46	98.86
239	164.07	86.21	48	65.54
240	109.52	102.27	46	9.79
241	65.08	3.47	47	102.65
242	13.34	100.55	46	86.66
Drivers: 9
id	x	y	end	sensitivity
459	171	59.48	49	1.75
460	45.16	19.34	48	0.54
461	196.21	147.72	45	1.59
462	69.61	33.1	48	1.87
463	60.54	64.66	49	1.19
464	28.43	108.79	45	0.56
465	161.12	123.3	52	1.06
466	88.3	155.75	49	1.65
467	61	186.68	49	0.94
Period: 46
Tasks:5
id	x	y	end	c
243	156.83	138.11	46	68.43
244	88.32	128.46	53	30.76
245	178.23	87.12	50	79.28
246	81.28	97.56	51	18.88
247	45.65	106.9	47	54.79
Drivers: 8
id	x	y	end	sensitivity
468	110.2	108.5	50	0.83
469	44.01	29.15	49	1.13
470	178.07	51.15	48	0.77
471	12.01	86.79	51	1.59
472	55.93	167.28	49	1.49
473	104.01	185.3	46	1.92
474	96.02	125.79	51	1.33
475	168.06	160.22	49	1.77
Period: 47
Tasks:3
id	x	y	end	c
248	111.71	165.12	49	66.16
249	61.2	116.12	47	42.02
250	137.36	87.46	48	39.41
Drivers: 15
id	x	y	end	sensitivity
476	14.8	175.45	50	1.42
477	145.52	162.75	50	0.96
478	127.23	14.71	48	1.5
479	68.55	184.37	51	1.29
480	136.93	84.24	49	0.85
481	191.6	117.49	49	0.63
482	1.74	180.3	49	0.7
483	72.92	141.79	47	1.14
484	76.72	141.84	50	0.82
485	183.33	9.04	48	0.96
486	181.37	182.02	51	0.88
487	4.53	14.26	54	1.64
488	26.42	71.65	52	1.62
489	46.53	54.6	50	1.39
490	99.01	171.01	51	0.67
Period: 48
Tasks:6
id	x	y	end	c
251	175.32	142.48	51	86.47
252	34.14	15.86	49	106.85
253	62.17	197.57	52	104.65
254	60.23	173.93	49	83.95
255	78.29	175.57	48	78.63
256	143.19	176.6	49	87.94
Drivers: 3
id	x	y	end	sensitivity
491	160.18	61.64	49	1.48
492	102.95	180.62	50	1.64
493	94.3	98.86	51	1.87
Period: 49
Tasks:8
id	x	y	end	c
257	81	17.03	51	85.12
258	31.66	82.81	50	70.47
259	64.4	81.87	51	39.95
260	4.56	155.12	51	110.21
261	139.4	101.15	51	39.42
262	52.59	47.84	52	70.49
263	90	178.41	50	79.05
264	73.12	129.12	54	39.63
Drivers: 9
id	x	y	end	sensitivity
494	112.42	50.21	49	1.48
495	93.81	144.43	52	1.39
496	132.6	159.88	51	1.34
497	182.99	195.74	50	0.75
498	80.2	24.84	51	0.93
499	192.1	64.42	51	1.04
500	145.15	78.94	51	1.88
501	23.02	29.59	56	0.77
502	92.36	161.56	50	0.81
Period: 50
Tasks:8
id	x	y	end	c
265	82.91	59.55	52	43.91
266	100.79	29.71	52	70.29
267	136.91	64.38	54	51.29
268	107.97	76.98	51	24.36
269	85.49	107.36	53	16.27
270	56.48	199.3	52	108.42
271	135.28	166.7	55	75.46
272	190.32	160.86	54	108.91
Drivers: 12
id	x	y	end	sensitivity
503	165.58	181.25	55	1.73
504	108.95	93.1	53	1.91
505	110.57	122.47	54	1.24
506	126.43	56.23	51	1.1
507	108.18	7.64	52	1.21
508	58	140.59	52	1.2
509	40.18	110.81	53	1.84
510	136.37	61.55	51	1.64
511	2.96	151.22	53	1.93
512	127.12	135.21	53	0.97
513	101.97	182.12	54	0.57
514	118.22	115.23	53	1.63
Period: 51
Tasks:7
id	x	y	end	c
273	4.98	63.17	52	101.91
274	73.01	140.94	52	49.04
275	5.32	61	52	102.4
276	79.88	119.07	57	27.72
277	117.9	174.68	54	76.8
278	145.42	162.83	53	77.53
279	11.99	168.88	54	111.76
Drivers: 6
id	x	y	end	sensitivity
515	5	27.97	54	0.53
516	180.79	33.28	55	1.95
517	135.91	4.04	54	1.64
518	20.46	195.3	53	1.88
519	17.12	77.47	59	0.96
520	132.66	119.56	53	0.52
Period: 52
Tasks:11
id	x	y	end	c
280	44.06	184.88	56	101.66
281	35.66	150.64	54	81.88
282	33.05	176.33	55	101.53
283	12.98	66.98	55	93.07
284	38.02	1.46	54	116.41
285	5.66	117.77	56	96
286	30.82	96.37	56	69.28
287	84.68	48	53	54.21
288	35.32	79.43	55	67.87
289	0.4	22.19	53	126.39
290	8.68	74.36	54	94.85
Drivers: 9
id	x	y	end	sensitivity
521	76.23	190.35	54	1.81
522	179.65	115.61	55	1.54
523	109.75	67.22	57	1.04
524	164.09	189.64	55	1.14
525	161.13	2.73	55	0.73
526	51.33	59.06	55	1.38
527	94.72	4.94	54	1.64
528	92.13	136.87	55	1.02
529	54.52	124.06	52	1.57
Period: 53
Tasks:4
id	x	y	end	c
291	86.7	75.18	54	28.16
292	21.99	0.57	55	126.38
293	189.57	117.87	56	91.34
294	182.23	117.81	54	84.14
Drivers: 9
id	x	y	end	sensitivity
530	7.41	55.91	54	1.56
531	151.96	87.92	57	0.64
532	60.51	35.02	55	0.68
533	166.33	145.78	54	0.8
534	42.37	13.22	55	0.81
535	123.49	135.14	54	1.82
536	90.94	71.21	57	0.76
537	35.83	106.51	58	1.59
538	74.07	109.08	56	1.39
Period: 54
Tasks:7
id	x	y	end	c
295	152.26	156.93	54	77.28
296	162.93	194.84	54	113.82
297	78.78	194.93	54	97.27
298	79.19	195.82	54	98.05
299	187.34	140.96	54	96.47
300	70.26	173.23	55	79.04
301	130.99	182.46	55	88.09
Drivers: 11
id	x	y	end	sensitivity
539	112.52	91.05	56	1.7
540	181.96	102.46	57	0.68
541	184.5	82.13	58	1.6
542	74.23	182.59	56	1.61
543	176.93	159.68	59	0.82
544	109.31	130.08	54	0.92
545	30.28	170.05	56	1.15
546	38.84	143.89	55	0.89
547	178.17	46.65	56	0.64
548	106.07	100.97	57	1.78
549	161.4	87.97	58	0.95
Period: 55
Tasks:6
id	x	y	end	c
302	177.15	194.22	55	121.78
303	46.23	27.13	56	90.56
304	81.58	55.58	56	48.09
305	68.42	59.83	56	51.1
306	182.9	112.04	57	83.77
307	74.15	133.57	57	42.37
Drivers: 13
id	x	y	end	sensitivity
550	157.99	18.85	60	0.7
551	192.73	169.81	58	1.59
552	75.74	59.69	57	0.94
553	87.44	175.03	60	1.72
554	168.86	138.57	58	1.13
555	61.52	68.08	57	1.37
556	144.29	90.62	59	1.3
557	152.67	135.73	55	0.57
558	101.04	179.91	57	0.63
559	161.18	31.95	56	0.82
560	182.56	43.15	59	1.88
561	136.1	64.53	60	0.84
562	170.1	84.46	57	1.6
Period: 56
Tasks:5
id	x	y	end	c
308	120.35	155.78	56	59.38
309	139.49	176.52	60	86.11
310	170.9	124.18	58	74.91
311	108.68	99.41	57	8.7
312	161.7	150.06	56	79.45
Drivers: 12
id	x	y	end	sensitivity
563	17.52	85.5	63	0.74
564	179.22	78.65	61	0.58
565	81.53	129.17	58	0.87
566	97.96	15	57	0.77
567	4.11	165.6	61	0.87
568	120.9	115.52	58	1.29
569	172.85	37.28	61	0.88
570	43.5	117.79	58	1.3
571	107.59	52.13	57	1.71
572	73.46	67.49	56	0.75
573	24.15	163.15	58	0.94
574	159.13	49.31	56	0.89
Period: 57
Tasks:4
id	x	y	end	c
313	178.96	86.27	59	80.14
314	93.28	131.58	62	32.29
315	198.92	99.09	58	98.92
316	57.86	68	57	52.91
Drivers: 9
id	x	y	end	sensitivity
575	181.25	27.74	58	1.42
576	47.06	78.87	60	1.93
577	81.92	71.33	60	0.66
578	152.24	115.55	63	1.28
579	81.54	97.44	59	1.59
580	40.7	195.57	61	1.47
581	183.23	68.4	62	1.47
582	178.31	38.49	61	0.6
583	172.26	83.66	59	1.9
Period: 58
Tasks:6
id	x	y	end	c
317	30.45	193.54	60	116.56
318	2.17	99.55	60	97.83
319	73.68	86.83	62	29.43
320	50.95	51.15	60	69.23
321	124.87	89.23	62	27.1
322	3.63	37.85	60	114.67
Drivers: 6
id	x	y	end	sensitivity
584	115.76	25.54	60	1.39
585	84.91	36.14	61	1.93
586	53.89	145.33	62	1.4
587	172.28	194.97	61	1.83
588	148.92	125.71	62	1.22
589	72.22	2.13	62	1.32
Period: 59
Tasks:7
id	x	y	end	c
323	182.2	110.58	62	82.88
324	29.72	4.56	61	118.52
325	64.26	177.08	61	84.96
326	101.95	184.74	61	84.76
327	120.64	158.21	62	61.76
328	163.25	85.2	61	64.96
329	28.52	123.98	63	75.4
Drivers: 8
id	x	y	end	sensitivity
590	71.59	188.96	59	1.42
591	100.66	25.9	65	1.1
592	172.75	155.47	61	1.51
593	163.18	51.91	61	0.73
594	158.8	72.72	64	1.38
595	157.37	195.78	61	1
596	144.61	67.9	64	0.53
597	4.15	129.42	59	0.83
Period: 60
Tasks:3
id	x	y	end	c
330	158.57	196.75	61	113.1
331	142.44	162.01	60	75.14
332	180.28	192.77	63	122.68
Drivers: 10
id	x	y	end	sensitivity
598	58.53	83.18	61	1.78
599	33.22	45.4	64	1.25
600	1.29	197.74	63	1.17
601	28.36	146.56	61	0.76
602	42.34	158.49	60	0.77
603	191.15	46.25	62	0.51
604	179.22	51.71	61	0.51
605	34.92	127.38	60	0.68
606	156.55	89.84	63	1.56
607	137.89	160.07	61	1.66
Period: 61
Tasks:4
id	x	y	end	c
333	85	75.69	62	28.57
334	1	80.13	62	100.97
335	182.41	148.33	61	95.54
336	34.35	163.35	63	91.23
Drivers: 9
id	x	y	end	sensitivity
608	173.78	19.73	63	1.5
609	141.71	95.9	67	1.8
610	124.65	66.05	62	1.04
611	163.52	99.38	62	1.43
612	76.78	44.04	63	1.67
613	189.52	185.63	63	0.54
614	44.81	124.38	70	1.61
615	126.78	154.75	65	1.62
616	148.63	59.78	63	0.57
Period: 62
Tasks:2
id	x	y	end	c
337	183.67	64.96	64	90.71
338	15.75	138.42	64	92.6
Drivers: 5
id	x	y	end	sensitivity
617	27.67	56.78	71	1.94
618	109.49	54.98	66	1.83
619	145.61	29.45	62	0.78
620	113.64	175.22	66	0.53
621	65.74	34.77	64	1.44
Period: 63
Tasks:7
id	x	y	end	c
339	61.2	134.3	65	51.79
340	3.49	173.88	66	121.54
341	60.73	147.55	65	61.67
342	149.72	31.12	66	84.95
343	60.99	29.03	65	80.98
344	157.56	185.35	66	102.95
345	11.65	41.78	64	105.81
Drivers: 10
id	x	y	end	sensitivity
622	81.19	49.44	67	0.83
623	38.69	40.38	66	1.28
624	77.78	86.47	65	0.97
625	139.69	122.53	66	1.31
626	14.73	126.17	66	0.88
627	108.47	166.25	68	1.85
628	62.83	136.04	65	1.91
629	56.46	160.93	67	1.14
630	9.04	108.53	67	1.62
631	152.55	78.03	64	1.46
Period: 64
Tasks:4
id	x	y	end	c
346	114.97	5.6	67	95.58
347	153.86	137.95	65	65.89
348	48.4	178.41	64	93.87
349	34.09	165.9	64	93.2
Drivers: 8
id	x	y	end	sensitivity
632	41.89	93.79	67	1.73
633	72.15	55.72	68	1.54
634	167.27	60.2	65	0.94
635	95.35	67.41	65	1.22
636	24.97	83.66	67	0.91
637	182.63	150.94	72	1.36
638	158.4	164.58	66	0.77
639	115.86	155.08	69	1.83
Period: 65
Tasks:8
id	x	y	end	c
350	59.1	63.72	68	54.67
351	45.54	114.84	68	56.45
352	115.12	12.65	67	88.65
353	136.17	28.67	66	79.98
354	107.91	13.09	67	87.27
355	51.83	151.71	66	70.67
356	25.1	188.73	65	116.12
357	35.02	196.59	66	116.41
Drivers: 10
id	x	y	end	sensitivity
640	110.79	125.75	69	1.48
641	99.75	184.83	67	0.67
642	24.61	170.28	67	1.56
643	80.67	181.11	68	1.95
644	190.42	137.9	70	0.74
645	97.3	180.23	65	0.82
646	138.61	69.47	69	1.69
647	88.34	172.9	68	1.71
648	154.62	66.13	68	1.12
649	171.5	6.62	68	1.25
Period: 66
Tasks:6
id	x	y	end	c
358	79.76	158.79	67	62.18
359	152.48	135.75	67	63.5
360	41.85	69.7	68	65.57
361	154.38	156.65	67	78.53
362	137.8	107.72	70	38.58
363	145.01	68.82	68	54.75
Drivers: 7
id	x	y	end	sensitivity
650	88.22	2.39	69	1.05
651	32.31	174.62	66	0.78
652	58.13	21.47	67	1.42
653	42.42	105.89	72	1.99
654	2.7	153.33	70	1.13
655	92.65	115.15	70	1.97
656	97.97	38.2	69	0.97
Period: 67
Tasks:8
id	x	y	end	c
364	180.14	21.57	69	112.13
365	142.03	76.16	67	48.32
366	30.41	81.36	70	72.04
367	60.63	36.05	68	75.1
368	92.41	40.89	71	59.6
369	167.49	105.68	67	67.73
370	187.66	25.1	68	115.3
371	25.05	74.45	71	79.19
Drivers: 4
id	x	y	end	sensitivity
657	10.11	81.72	70	0.85
658	38.56	191.8	69	1.2
659	80.34	185.59	71	0.67
660	197.47	24.68	70	1.25
Period: 68
Tasks:3
id	x	y	end	c
372	113.98	164.37	69	65.87
373	43.33	81.47	72	59.62
374	85.39	123.11	69	27.34
Drivers: 10
id	x	y	end	sensitivity
661	102.67	120.77	69	1.62
662	124.3	193.85	69	1.64
663	54.12	90.91	71	1.92
664	177.25	188.6	71	1.85
665	82.78	88.26	69	1.29
666	120.72	87.18	70	1.9
667	51.73	168.78	71	1.21
668	100.96	18.79	75	1.26
669	118.67	83.68	73	1.4
670	3.91	178.59	71	0.59
Period: 69
Tasks:7
id	x	y	end	c
375	70.44	73.21	71	39.89
376	65.24	28.53	72	79.47
377	165.23	155.28	71	85.5
378	130.7	127.55	70	41.25
379	114.62	83.9	70	21.75
380	31.75	127.87	71	73.72
381	74.39	120.26	69	32.65
Drivers: 12
id	x	y	end	sensitivity
671	99.39	155.9	72	1.89
672	110.88	62.73	72	0.63
673	62.87	72.94	71	1.35
674	197.32	35.89	71	0.57
675	186.54	163.42	71	1.26
676	51.78	70.31	74	1.33
677	65.07	184.9	71	0.56
678	70.45	154.47	69	1
679	12.18	93.71	73	1.32
680	178.43	22.39	74	1.78
681	82.57	123.17	72	0.53
682	75.65	172.4	71	1.7
Period: 70
Tasks:9
id	x	y	end	c
382	48.72	97.1	71	51.36
383	1.91	79.86	74	100.14
384	196.8	198.48	71	138.09
385	170.65	20.64	70	106.25
386	124.47	198.91	71	101.89
387	87.32	146.37	70	48.07
388	65.29	199.27	75	105.16
389	21	120.65	71	81.65
390	167.2	181.57	74	105.69
Drivers: 8
id	x	y	end	sensitivity
683	99.63	136.77	72	1.53
684	177.72	62.51	73	0.99
685	61.27	22.73	73	1.58
686	117.91	30.8	73	0.99
687	44.3	132.28	73	1.48
688	43.83	98.34	78	1.04
689	35.32	192.53	71	1.95
690	193.08	125.84	73	1.88
Period: 71
Tasks:5
id	x	y	end	c
391	42.15	89.32	73	58.83
392	105.37	36.67	75	63.56
393	9.68	47.04	71	104.7
394	173.43	64.23	72	81.68
395	99.34	139.11	73	39.12
Drivers: 14
id	x	y	end	sensitivity
691	18.1	1.77	74	1.61
692	49.77	13	75	1.26
693	178.86	176.19	73	1.52
694	183.64	13.55	72	1.99
695	25.75	40.53	73	1.14
696	176.77	0.35	74	0.58
697	190.17	4.8	74	1.1
698	5.71	137.37	76	1.56
699	53.37	181.73	77	1.41
700	45	143.59	71	1.33
701	43.26	75.75	72	0.74
702	161.22	76.94	77	1.94
703	162.98	194.79	74	1.42
704	106.22	9.51	77	1.53
Period: 72
Tasks:6
id	x	y	end	c
396	5.07	34.79	76	115.17
397	172.15	10.25	75	115.16
398	40.65	137.03	76	69.95
399	15.53	119.69	73	86.73
400	62.61	147.39	77	60.36
401	47.08	147.46	73	71.08
Drivers: 10
id	x	y	end	sensitivity
705	144.44	139.9	76	0.8
706	190.31	54.75	73	1.34
707	131.11	179.43	72	1.75
708	191.35	159.4	76	1.59
709	130.63	182.23	76	0.62
710	86.06	80.87	77	1.86
711	49.41	59.18	73	1.33
712	39.97	141.51	72	1.92
713	198.18	96.54	75	1.57
714	34.52	120.66	75	1.41
Period: 73
Tasks:4
id	x	y	end	c
402	101.47	13.98	75	86.03
403	131.73	196.57	76	101.65
404	156.01	77.85	73	60.23
405	170.41	189.58	76	113.94
Drivers: 11
id	x	y	end	sensitivity
715	94.32	20.43	76	1.21
716	157.48	99.53	75	0.85
717	188.4	27.12	77	1.48
718	128.18	11.56	78	1.12
719	1.54	87.96	76	0.56
720	134.08	73.67	76	1.29
721	117.31	185.57	77	1.84
722	197.93	94	76	1.37
723	145.12	68.5	75	1.08
724	31.74	165.15	76	0.73
725	42.56	136.7	74	0.67
Period: 74
Tasks:7
id	x	y	end	c
406	159.24	61.34	75	70.74
407	90.49	87.35	77	15.83
408	74.87	62.67	75	45
409	94.75	4.27	74	95.87
410	2.95	62.59	78	104.01
411	20.62	141.45	76	89.55
412	102.52	151.31	75	51.37
Drivers: 16
id	x	y	end	sensitivity
726	17.19	10.53	77	0.6
727	6.61	17.55	77	0.51
728	112.07	110.04	78	1.62
729	88.03	98.23	74	1.77
730	152.6	79.21	77	0.53
731	14.7	39.03	76	1.05
732	3.81	112.69	77	1.6
733	9.37	47.28	79	1.8
734	142.92	7.55	75	1.52
735	67.8	54.92	77	1.5
736	197.81	14.12	78	1.92
737	89.9	103.31	76	1.44
738	145.65	136.29	77	1.15
739	9.11	23.06	75	1.39
740	186.06	147.29	77	1.91
741	122.64	131.56	78	1.05
Period: 75
Tasks:5
id	x	y	end	c
413	6.79	101.12	75	93.22
414	120.89	108.43	76	22.53
415	99.06	16.8	78	83.21
416	133.25	191.87	78	97.7
417	189.1	178.31	75	118.62
Drivers: 6
id	x	y	end	sensitivity
742	44.78	113.77	76	1.12
743	75.49	174.35	79	1.75
744	184.12	143.09	77	1.65
745	91.07	31.44	78	0.79
746	118.23	112.16	78	1.09
747	68.61	50.51	80	0.62
Period: 76
Tasks:4
id	x	y	end	c
418	163.94	28.49	79	95.93
419	39.64	11.91	77	106.79
420	151.88	70.81	79	59.53
421	4.52	31.92	78	117.27
Drivers: 5
id	x	y	end	sensitivity
748	42.74	44.74	80	1.97
749	34.41	42.89	79	0.73
750	114.19	76.19	81	1.06
751	117.06	148.19	81	1.84
752	124.54	160.24	79	0.52
Period: 77
Tasks:7
id	x	y	end	c
422	32.39	136.1	79	76.64
423	193.54	102.07	78	93.56
424	17.91	34.67	79	104.91
425	39.61	134.58	79	69.59
426	128.13	107.03	78	29
427	24.39	85.43	78	77
428	30.34	91.01	81	70.24
Drivers: 15
id	x	y	end	sensitivity
753	52.23	50.91	83	0.88
754	14.54	9.01	77	1.76
755	72.07	149.76	79	1.96
756	2.52	79.15	80	1.77
757	41.56	109.79	78	1.83
758	148.95	110.37	78	0.5
759	31.07	145.39	81	0.75
760	111.87	78.87	81	0.58
761	123.11	35.58	80	1.88
762	14.15	110.05	79	1.55
763	65.32	44.18	80	1.43
764	118.46	46.7	80	0.83
765	145.88	129.51	79	0.63
766	144.88	82.32	78	1.65
767	82.68	34.44	79	0.6
Period: 78
Tasks:8
id	x	y	end	c
429	154.48	60.23	79	67.45
430	95.86	127.82	79	28.13
431	158.28	148.1	82	75.57
432	51.13	70.03	82	57.33
433	189.75	31.5	79	112.9
434	120.88	148.9	82	53.17
435	98.66	118.62	80	18.67
436	2.35	71.74	84	101.66
Drivers: 10
id	x	y	end	sensitivity
768	71.45	119.72	80	0.92
769	153.56	121.7	80	1.1
770	12.01	115.82	84	0.89
771	53.62	164.62	85	0.75
772	131.51	99.14	81	1.21
773	65.35	134.82	81	1.79
774	171.54	14.91	80	1.2
775	23.24	38.86	82	0.94
776	122.02	177.64	79	1.19
777	36.83	6	80	1.32
Period: 79
Tasks:4
id	x	y	end	c
437	174.74	129.57	82	80.38
438	113.64	138.35	80	40.7
439	156.7	35.28	80	86.04
440	180.15	198.35	83	126.87
Drivers: 10
id	x	y	end	sensitivity
778	44.02	92.74	82	0.6
779	104.07	71.79	85	1.58
780	144.44	23.18	82	1.94
781	160.49	18.44	80	1.28
782	75.65	162.52	84	0.67
783	137.73	149.29	80	1.93
784	186.02	21.04	80	1.63
785	166.48	131.79	82	0.62
786	144.26	141.37	83	0.88
787	50.34	41.85	83	1.05
Period: 80
Tasks:11
id	x	y	end	c
441	111.48	111.15	81	16
442	42.88	28.06	80	91.86
443	138.82	157.36	81	69.26
444	143.3	53.63	81	63.44
445	175.13	100.46	83	75.13
446	44.4	21.03	81	96.58
447	163.79	164.88	83	90.99
448	47.3	197.58	82	110.9
449	137.8	56.36	83	57.73
450	117.17	9.82	82	91.8
451	151.67	19.26	81	95.86
Drivers: 13
id	x	y	end	sensitivity
788	28.51	129.35	84	1.01
789	95.97	40.3	81	1.49
790	149.36	158.03	82	1.17
791	93.17	75.53	83	1.67
792	141.72	1.41	81	1.99
793	144.71	40.03	80	0.79
794	27.38	182.68	82	1.82
795	11.93	113.15	83	0.91
796	25.91	55.1	82	1.27
797	121.76	97.11	81	1.14
798	14.25	148.69	84	0.73
799	136.7	165.93	84	0.99
800	85.07	107.62	83	1.35
Period: 81
Tasks:4
id	x	y	end	c
452	65.22	86.1	82	37.45
453	121.9	22.36	86	80.67
454	123.28	136.07	82	42.93
455	25.81	18.88	82	109.93
Drivers: 12
id	x	y	end	sensitivity
801	119.26	103.81	84	0.99
802	69.55	169.54	83	1.66
803	187.96	103.91	82	1.54
804	67.17	142.8	85	0.53
805	2.87	83.43	82	1.3
806	97.16	123.89	82	1.47
807	6.47	180.95	84	0.73
808	50.93	156.08	86	0.64
809	128.62	73.18	85	0.51
810	121.82	71.05	85	1.28
811	128.46	147.55	83	0.78
812	33.83	156.63	81	1.01
Period: 82
Tasks:7
id	x	y	end	c
456	33.68	29.44	83	96.84
457	18.62	174.44	83	110.29
458	98.46	10.25	85	89.76
459	159.36	147.41	84	75.97
460	57.02	77.2	83	48.65
461	104.67	96.85	86	5.63
462	191.14	145.89	87	102.04
Drivers: 8
id	x	y	end	sensitivity
813	138.71	75.69	84	1.76
814	131.2	166.27	85	0.63
815	150.83	145.09	83	1.52
816	22.7	188.98	88	1.77
817	126.16	8.29	86	1.92
818	48.53	89.84	83	0.74
819	22.23	112.24	86	0.71
820	53.89	28.34	85	1.45
Period: 83
Tasks:5
id	x	y	end	c
463	20.35	153.26	83	95.82
464	190.58	4.24	84	131.81
465	198.6	35.75	87	117.69
466	147.41	9.84	87	101.87
467	40.81	25.14	85	95.43
Drivers: 10
id	x	y	end	sensitivity
821	20.37	146.78	87	0.9
822	160.22	98.9	84	0.76
823	93.65	116.71	86	1.59
824	87.61	189.29	87	1.61
825	63.28	197.38	88	1.82
826	30.62	116.8	87	0.9
827	116.33	71.29	87	1.05
828	58.99	116.31	85	0.82
829	176.31	169.25	87	1.8
830	186.78	109.54	89	1.97
Period: 84
Tasks:8
id	x	y	end	c
468	43.03	179.72	85	97.98
469	133.84	60.48	89	52.03
470	155.5	196.05	88	110.93
471	163.44	190.88	84	110.83
472	102.36	11.41	85	88.62
473	34.85	176.62	86	100.57
474	64.17	124.9	86	43.63
475	153.43	160.28	84	80.55
Drivers: 10
id	x	y	end	sensitivity
831	73.51	161	87	1.71
832	6.93	178.17	86	1.98
833	6.14	113.04	86	1.02
834	59.72	188.58	87	0.73
835	122.04	122.57	89	1.61
836	60.71	136.91	88	0.65
837	124.15	77.56	88	1.12
838	137.54	107.45	90	1.8
839	58.78	136.94	88	1.82
840	84.56	105.72	84	1.45
Period: 85
Tasks:8
id	x	y	end	c
476	190.51	113.33	86	91.49
477	76.58	71.62	88	36.8
478	184.82	127.44	91	89.15
479	33.17	92.74	88	67.22
480	161.91	4.52	85	113.79
481	94.51	176.35	88	76.55
482	178.24	138.97	85	87.41
483	18.16	19.31	86	114.93
Drivers: 9
id	x	y	end	sensitivity
841	125.31	17.56	87	1.12
842	24.18	180.88	88	0.66
843	103.11	117.74	87	0.58
844	81.59	158.23	92	1.97
845	152.25	105.3	86	0.5
846	149.43	155.19	90	0.96
847	9.28	108.12	88	1.41
848	18.97	194.09	90	1.24
849	18.91	86.27	89	0.92
Period: 86
Tasks:1
id	x	y	end	c
484	31.95	170.99	87	98.34
Drivers: 9
id	x	y	end	sensitivity
850	187.83	80.54	87	0.96
851	170.89	14.81	87	0.86
852	52.7	69.86	87	0.63
853	142.23	24.61	88	1.01
854	77.43	145.44	91	0.8
855	117.28	20.91	88	1
856	22.42	142.8	92	0.84
857	50.73	129.37	87	0.57
858	24.39	120.36	88	0.71
Period: 87
Tasks:3
id	x	y	end	c
485	98.79	23.87	90	76.14
486	187.28	27.82	91	113.26
487	133.06	154.39	90	63.65
Drivers: 10
id	x	y	end	sensitivity
859	100.5	25.59	88	0.94
860	55.26	156.8	94	1.5
861	158.82	83.87	90	1.31
862	36.45	147.17	92	1.42
863	43.1	14.41	91	1.13
864	84.75	108.13	90	1.74
865	2.18	114.23	91	1.05
866	95.23	72.21	90	0.81
867	52.72	113.69	87	1.78
868	153.23	171.86	88	0.97
Period: 88
Tasks:5
id	x	y	end	c
488	103.35	126.19	89	26.4
489	1.87	52.07	93	109.21
490	177.57	30.01	90	104.48
491	22.66	70.52	90	82.77
492	129.37	86.86	90	32.18
Drivers: 6
id	x	y	end	sensitivity
869	136.8	71.66	90	1.41
870	19.56	114.32	89	1.14
871	149.61	33.59	92	0.99
872	88.16	20.41	93	1.15
873	149	172.93	94	0.59
874	83.07	82.12	90	0.69
Period: 89
Tasks:6
id	x	y	end	c
493	12.89	185.57	89	122.11
494	92.73	33.58	90	66.82
495	146.18	17.5	91	94.55
496	45.15	115.11	90	56.89
497	112.14	134.65	94	36.72
498	19.1	107.53	91	81.25
Drivers: 8
id	x	y	end	sensitivity
875	13.2	120.44	92	1.43
876	68.25	192.8	93	0.98
877	84.52	31.26	94	1.69
878	76.54	99.85	93	1.26
879	64.86	109	92	1.31
880	77.3	100.46	91	1.93
881	92.42	84.17	91	1.07
882	48.76	37.04	90	0.84
Period: 90
Tasks:4
id	x	y	end	c
499	72.54	194.27	91	98.19
500	61.62	159.06	92	70.44
501	119.6	199.14	92	101.06
502	63.03	16.14	92	91.65
Drivers: 13
id	x	y	end	sensitivity
883	94.35	29.95	96	0.9
884	8.4	19.95	93	1.4
885	5.67	144.61	91	0.84
886	48.64	68.55	96	1.23
887	78.57	81.11	92	0.75
888	0.92	84.27	95	0.55
889	161.56	137.21	93	1.77
890	20.04	165.34	92	1.47
891	106.34	191.3	96	1.05
892	122.74	75.22	91	1.2
893	105.83	79.25	94	0.97
894	57.28	65.26	92	0.71
895	114.21	111.68	94	0.98
Period: 91
Tasks:3
id	x	y	end	c
503	163.5	180.88	92	102.83
504	38.61	198.62	93	116.17
505	168.57	162.59	95	92.84
Drivers: 9
id	x	y	end	sensitivity
896	136.05	193.55	92	1.49
897	0.13	99.92	93	1.29
898	172.17	138.5	96	0.75
899	146.05	78.57	95	1.07
900	168.72	9.4	91	1.06
901	96.3	118.36	93	0.78
902	165.1	129.36	94	0.62
903	115.09	183.92	94	1.18
904	174.25	150.41	93	1.54
Period: 92
Tasks:3
id	x	y	end	c
506	167.08	137.62	95	76.91
507	19.11	34.1	93	104.34
508	70.25	179.02	95	84.43
Drivers: 6
id	x	y	end	sensitivity
905	5.48	28.21	96	0.6
906	51.79	72.34	97	1.24
907	189.62	38.5	99	0.9
908	88.88	77.76	93	1.1
909	130.85	10.36	92	1.38
910	131.87	83.27	96	1.3
Period: 93
Tasks:4
id	x	y	end	c
509	4.49	79.73	95	97.64
510	40.01	100.72	94	59.99
511	128.66	160.79	96	67.21
512	154.63	122.48	93	59.07
Drivers: 15
id	x	y	end	sensitivity
911	153.01	2.14	93	1.05
912	20.44	8.03	96	1.31
913	12.55	82.44	99	1.87
914	12.54	162.92	96	1.25
915	82.52	65.23	96	2
916	187	51.71	95	1.65
917	30.89	92.78	95	1.35
918	19.96	173.14	97	0.52
919	4.23	64.89	94	1.63
920	188.32	79.91	95	1.8
921	118.51	55.9	95	1.46
922	78.23	126.68	95	0.8
923	84.24	181.63	94	0.92
924	98.97	83.49	97	0.75
925	49.75	105.64	94	0.83
Period: 94
Tasks:3
id	x	y	end	c
513	52.54	51.43	95	67.91
514	30.65	177.25	97	103.81
515	108.2	117.52	96	19.34
Drivers: 10
id	x	y	end	sensitivity
926	56.58	68.53	97	1.28
927	126.61	175.88	95	0.9
928	9.61	142.23	95	1.17
929	83.79	102	98	0.54
930	66.31	170.43	96	1.75
931	69.38	65.96	98	1.05
932	45.71	44.06	94	0.88
933	122.24	83.57	97	0.93
934	198.86	120.77	98	1.65
935	35.21	95.51	97	0.73
Period: 95
Tasks:8
id	x	y	end	c
516	32.02	150.85	96	84.89
517	79.82	71.35	97	35.04
518	141.57	72.43	96	49.88
519	31.18	142.82	96	81.05
520	145.18	27.14	96	85.73
521	192	60.69	96	100.05
522	39.14	178.79	96	99.56
523	121.62	116.74	96	27.34
Drivers: 9
id	x	y	end	sensitivity
936	128.29	170.01	99	1.12
937	172.7	114.84	98	0.83
938	88.96	86.47	97	1.8
939	102.55	65.17	99	1.78
940	180.11	3.34	97	0.73
941	67.69	139.89	95	1.53
942	42.3	140.74	97	1.18
943	23.87	38.19	97	1.46
944	173.17	2.1	96	1
Period: 96
Tasks:4
id	x	y	end	c
524	91.57	116.49	97	18.52
525	94.73	15.37	98	84.79
526	58.03	107.34	100	42.61
527	188.97	125.69	97	92.6
Drivers: 11
id	x	y	end	sensitivity
945	25.12	119.33	97	1.69
946	3.3	190.69	98	1.95
947	1.95	162.85	96	1.06
948	86.3	145.88	98	1.39
949	89.17	61.85	100	1.66
950	152	198.26	99	1.97
951	141.47	68.56	96	1.77
952	33.95	170.8	101	1.59
953	122.16	45.04	98	0.51
954	5.79	113.42	100	1.08
955	109.77	181.25	98	0.61
Period: 97
Tasks:6
id	x	y	end	c
528	62.58	68.67	100	48.8
529	194.69	71.67	99	98.84
530	31.6	33.78	100	95.2
531	117.3	80.09	100	26.38
532	146.92	193.85	100	104.93
533	150.76	153.71	100	73.9
Drivers: 17
id	x	y	end	sensitivity
956	155.87	16.65	102	0.72
957	93.33	25.3	98	0.92
958	56.65	105.42	99	0.83
959	188.83	191.78	102	1.52
960	129.63	17.11	97	1.19
961	72.93	16.63	101	1.37
962	180.36	95.03	101	1.25
963	96.76	104.27	99	1.78
964	0.42	121.02	100	1.17
965	174.62	81.44	104	1.94
966	92.42	164.18	101	1.21
967	54.03	72.91	99	1.07
968	132.66	38.47	100	1.2
969	44.57	94.76	99	1.34
970	95.46	179.75	99	0.94
971	108.97	127.87	98	1.64
972	75.46	78.7	100	1.2
Period: 98
Tasks:5
id	x	y	end	c
534	143.35	75.27	100	49.91
535	127.09	116.45	100	31.69
536	13.13	47.32	98	101.6
537	126.81	21.49	101	82.96
538	63.69	186.91	100	94.19
Drivers: 10
id	x	y	end	sensitivity
973	72.35	84.85	100	0.63
974	29.14	195.79	99	1.59
975	90.75	75.92	100	1.08
976	98.48	188.05	99	0.76
977	165.01	39.54	101	0.54
978	19.66	45.63	102	0.75
979	118.27	155.8	104	0.77
980	99.88	130.87	100	1.84
981	34.97	85.47	100	0.51
982	189.72	170.6	102	1.54
Period: 99
Tasks:4
id	x	y	end	c
539	15.82	130.46	100	89.52
540	58.17	187.78	99	97.24
541	61.4	142.85	100	57.67
542	8.16	127.96	101	96
Drivers: 9
id	x	y	end	sensitivity
983	184.1	177.49	103	0.76
984	31.97	23.56	101	1.62
985	38.93	196.25	102	0.52
986	15.01	105	101	1.39
987	54.93	173.32	100	1.31
988	99.43	19.46	107	0.8
989	109.63	128.07	101	1.21
990	179.56	184.45	102	1.28
991	122.7	123.33	101	1.26
Period: 100
Tasks:1
id	x	y	end	c
543	34.6	67.24	102	73.15
Drivers: 11
id	x	y	end	sensitivity
992	95.48	152.36	102	0.83
993	65.7	38.41	102	1.9
994	133.63	118.61	102	1.62
995	58.31	192.51	106	1.59
996	155.92	140.23	101	1.73
997	10.56	120.09	106	1.07
998	7.87	6.39	100	1.75
999	55.23	20.49	101	1.95
1000	86.46	129.13	105	1.18
1001	96.32	170.6	105	1.08
1002	6.38	188.14	102	1.93
