Periods: 100
Task Arrival Rate: 5
Task Average Time: 1
Driver Arrival Rate: 15
Driver Average Time: 1
Period: 1
Tasks:3
id	x	y	end	c
1	103.46	71.57	1	28.64
2	26.67	193.92	1	119.16
3	119.73	120.58	1	28.51
Drivers: 10
id	x	y	end	sensitivity
1	185.39	161.32	2	0.65
2	43.56	53.08	2	1.48
3	150.15	135.33	2	1.91
4	187.95	75.25	2	1.09
5	125.5	197.71	1	1.56
6	18.51	58.38	1	0.62
7	121.15	28.88	2	0.56
8	191.42	119.76	2	1.11
9	18.46	6.75	1	0.94
10	60.3	183.81	1	1.03
Period: 2
Tasks:3
id	x	y	end	c
4	139.43	150.22	2	63.85
5	95.73	194.19	2	94.29
6	32.45	74.68	2	72.14
Drivers: 12
id	x	y	end	sensitivity
11	102.47	124.6	3	1.35
12	175.37	98.13	2	0.53
13	180.49	24.34	3	0.68
14	135.13	69.35	2	1.62
15	30.17	161.67	2	0.97
16	143.5	166.19	4	1.56
17	17.67	34.75	2	1.7
18	77.61	116.31	2	0.82
19	32.2	41.77	2	1.05
20	190.97	95.14	4	0.9
21	174.79	82.54	4	0.92
22	185.51	152.76	3	1
Period: 3
Tasks:5
id	x	y	end	c
7	38.02	82.49	3	64.41
8	183.07	136.51	5	90.74
9	169.85	180.3	3	106.43
10	95.64	166.87	3	67.01
11	20.78	171.78	4	106.9
Drivers: 9
id	x	y	end	sensitivity
23	0.75	98.07	4	0.91
24	162.86	100.27	3	1.41
25	62.73	48.48	4	1.97
26	57.52	164.05	3	0.57
27	55.63	75.89	5	1.24
28	198.48	161.26	4	1.21
29	137.79	43.31	3	0.82
30	182.91	152.25	4	1.89
31	175.95	67.18	4	0.72
Period: 4
Tasks:7
id	x	y	end	c
12	4.92	22.59	5	122.61
13	50.97	26.92	4	88
14	2.24	181.01	4	126.96
15	95.58	125.57	7	25.95
16	65.41	135.64	4	49.67
17	118.89	130.15	5	35.58
18	138.83	84.18	7	41.93
Drivers: 23
id	x	y	end	sensitivity
32	188.83	31.91	6	1.32
33	49.5	157.35	5	1.28
34	142.14	162.1	4	1.53
35	130.04	182.77	4	1.65
36	72.48	120.15	5	1.97
37	40.13	101.85	5	1.95
38	197.81	40.38	5	1.62
39	38.22	169.99	4	1.79
40	169.62	112.57	4	0.95
41	79.35	79.19	5	1.22
42	88.84	168.71	4	1.84
43	152.91	105.53	4	0.77
44	72.28	135.2	5	1.72
45	191.51	87.94	5	1.59
46	155.07	79.82	8	1.53
47	136.68	50.4	6	1.17
48	3.53	169.59	5	1.23
49	110.87	33.67	4	1.78
50	15.48	91.88	4	1.11
51	43.04	159.49	5	1.76
52	30.52	93.3	6	0.78
53	128.46	76.48	5	0.58
54	147.77	142.08	4	1.55
Period: 5
Tasks:3
id	x	y	end	c
19	86.03	78.45	6	25.68
20	85.21	48.15	5	53.92
21	27.54	4.15	6	120.16
Drivers: 15
id	x	y	end	sensitivity
55	48.18	141.77	5	1.73
56	96.92	90.13	5	1.72
57	5.15	193.36	6	1.57
58	49.38	0.88	8	0.55
59	14.83	64.72	7	1.47
60	191.82	169.1	5	1.37
61	141.18	45.38	5	0.6
62	105.74	140.65	5	0.78
63	197.43	193.16	7	1.47
64	3.09	192.34	5	1.35
65	134.73	22.14	8	1.59
66	84.35	128.32	5	1
67	127.17	147.61	6	1.98
68	17.35	119.06	7	1.17
69	2.27	192.25	6	0.54
Period: 6
Tasks:3
id	x	y	end	c
22	44.38	82.43	8	58.33
23	111.08	52.71	8	48.57
24	87.24	94.73	7	13.81
Drivers: 23
id	x	y	end	sensitivity
70	34.9	196.49	9	0.55
71	66.86	157.47	8	1.7
72	28.94	29.07	6	1.42
73	99.66	9.26	7	1.12
74	164.23	103.86	6	1.5
75	61.99	136.35	6	1.09
76	179.5	182.32	6	1.32
77	127	16.54	7	0.67
78	127.54	143.68	7	0.59
79	189.35	107.88	7	1.74
80	24.86	90.84	6	1.64
81	122.78	25.26	7	1.11
82	47.89	114.25	7	1.12
83	186.92	140.46	7	0.69
84	187.89	3.19	6	1.55
85	86.92	31.91	7	0.82
86	165.45	118.99	6	0.94
87	185.34	80.87	7	1.01
88	24.24	94.03	6	1.28
89	131.7	126.93	7	1.24
90	88.81	143.86	6	1.33
91	186.78	70.1	6	0.54
92	108.57	90.84	6	1.16
Period: 7
Tasks:1
id	x	y	end	c
25	189.61	79.23	8	91.99
Drivers: 20
id	x	y	end	sensitivity
93	37.44	45.55	7	1.03
94	11.68	149.05	9	1.48
95	33.63	189.19	7	0.78
96	0.23	101.51	8	0.74
97	99.23	40.64	8	1.07
98	136.98	25.68	9	1.69
99	29.75	62.38	7	1.02
100	0.6	97.38	8	1.7
101	140.99	82.25	7	1.43
102	113.92	34.61	8	1.6
103	188.8	135.72	7	0.54
104	112.54	0.08	8	0.95
105	55.07	133.91	7	0.68
106	158.07	151.23	7	1.84
107	187.11	57.69	10	1
108	46.23	114.84	8	0.67
109	42.9	140.29	9	1.67
110	79.05	53.85	9	0.69
111	109.73	40.28	7	0.99
112	28.05	0.51	7	1.97
Period: 8
Tasks:8
id	x	y	end	c
26	83.08	154	9	56.59
27	68.57	2.44	8	102.5
28	47.08	155.52	9	76.7
29	44.98	86.25	11	56.71
30	182	118.27	10	84.01
31	65.89	53.63	8	57.56
32	146.49	46.21	9	71.1
33	171.72	5.34	10	118.76
Drivers: 16
id	x	y	end	sensitivity
113	190.43	149.37	10	1.73
114	6.84	37.84	9	0.81
115	126.56	176.49	9	1.74
116	44.76	166.05	9	1.31
117	49.77	86.3	8	1.79
118	73.12	33.58	8	1.87
119	67.06	71.74	12	1.14
120	71.01	19.97	8	1.41
121	153.93	45.62	9	1.83
122	60.59	141.89	10	1.27
123	33.24	104.94	10	1.26
124	40.3	152.7	10	0.65
125	1.69	18.04	10	1.4
126	136.02	155.59	8	0.52
127	136.31	48.06	8	1.29
128	106.32	76.92	10	1.96
Period: 9
Tasks:4
id	x	y	end	c
34	162.57	68.18	10	70.2
35	44.41	52	10	73.45
36	18.58	190.91	10	122.04
37	111.35	154.37	12	55.54
Drivers: 15
id	x	y	end	sensitivity
129	138.58	42.66	10	0.55
130	154.69	86	13	0.55
131	107.42	108.68	10	1.94
132	158.33	188.86	10	1.65
133	90.94	188.03	11	1.79
134	116.45	36.85	11	1.88
135	19.75	172.95	10	0.89
136	153.66	155.71	9	1.37
137	177.5	98.88	10	1.24
138	118.14	108.79	10	0.84
139	94.49	152.04	10	1.51
140	19.01	85.31	9	1.74
141	48.49	95.9	10	1.54
142	140.61	156.55	9	1
143	51.51	186.96	10	1.4
Period: 10
Tasks:5
id	x	y	end	c
38	162.48	122.59	11	66.44
39	66.47	75.49	10	41.53
40	158.99	120.76	10	62.54
41	185.66	96.91	11	85.72
42	131.14	26.24	13	80.06
Drivers: 10
id	x	y	end	sensitivity
144	85.39	1.76	14	0.66
145	78.57	123.53	10	1.9
146	21.94	97.91	12	1.8
147	111.08	137.08	11	0.89
148	80.03	119.48	11	0.94
149	123.21	54.16	11	0.89
150	95.17	109.05	10	1.09
151	63.48	99.54	11	1.65
152	146.39	155.32	10	1.57
153	106.88	144.5	10	0.94
Period: 11
Tasks:5
id	x	y	end	c
43	128.13	0.2	11	103.69
44	158.21	123.5	13	62.77
45	78.11	109.12	12	23.71
46	132.02	7.2	11	98.17
47	157.87	127.29	12	63.98
Drivers: 14
id	x	y	end	sensitivity
154	79.67	95.57	12	1.12
155	152.53	105.88	12	0.73
156	27.12	199.29	13	1.88
157	39.27	8.86	12	1.53
158	66.17	146.14	11	0.65
159	22.37	78.56	12	1.76
160	12.47	94.47	12	1.18
161	168.36	121.43	12	1.27
162	161.72	35.27	14	1.04
163	124.89	91.51	13	1
164	21.15	83.7	13	0.93
165	75.16	184.51	11	1.55
166	88.93	163.97	13	1.18
167	88.7	164.29	11	1.16
Period: 12
Tasks:6
id	x	y	end	c
48	89.49	51.66	14	49.47
49	166.26	130.68	12	73.02
50	119.21	50.91	12	52.71
51	156.5	40.05	12	82.38
52	50.53	44.52	14	74.33
53	183.62	137.48	12	91.64
Drivers: 17
id	x	y	end	sensitivity
168	22.17	42.8	13	1.19
169	81.58	130.64	13	1.03
170	142.2	134.59	14	0.71
171	185.53	43.67	13	1.14
172	76.23	189.96	13	1.92
173	78.77	38.98	13	1.27
174	27.37	126.18	12	0.65
175	10.21	9.63	12	1.81
176	56.12	110.21	12	1.72
177	76.08	160.93	13	1.12
178	72.68	81.83	13	0.56
179	12.45	45.97	14	1.4
180	112.15	187.37	13	1.9
181	179.7	171.25	12	1.29
182	60.7	48.28	13	1.82
183	41.68	110.01	13	0.85
184	178.32	17.07	13	1.96
Period: 13
Tasks:4
id	x	y	end	c
54	133.95	85.49	13	36.92
55	137.55	50.43	14	62.19
56	72.06	159.32	15	65.57
57	141.5	45.16	14	68.77
Drivers: 16
id	x	y	end	sensitivity
185	180.59	80.56	14	1.56
186	20.81	165.93	15	0.51
187	89.39	19.95	13	0.94
188	175.83	21.2	13	1
189	198.48	118.41	15	0.74
190	91.84	68.5	15	1.94
191	134.67	117.31	15	0.83
192	184.65	140.05	14	2
193	176.68	62.44	13	1.83
194	17.26	131.79	13	1.19
195	117.05	20.68	13	1.69
196	169.27	46.89	14	0.79
197	144.57	58.19	14	1.64
198	3.66	92.36	14	1.93
199	57.18	20.07	13	0.8
200	191.13	105.84	14	0.75
Period: 14
Tasks:7
id	x	y	end	c
58	53.29	188.28	14	99.88
59	92.48	183.87	18	84.21
60	174.03	170.17	16	102
61	116.51	48.2	15	54.37
62	173.88	1.82	15	122.87
63	154.82	32.53	14	86.93
64	159.86	113.79	14	61.43
Drivers: 14
id	x	y	end	sensitivity
201	45.21	22.44	14	0.79
202	59.39	150.15	15	0.81
203	98.12	195.91	14	0.64
204	54.18	136.16	14	0.99
205	198.23	61.16	17	0.89
206	62.32	64.11	15	1.23
207	43.31	179.32	15	1.07
208	0.37	165.18	14	1.93
209	118.48	89.17	15	0.82
210	102.59	31.29	14	1.46
211	5	129.22	14	1.49
212	36.29	179.63	16	0.76
213	196.25	47.76	14	0.99
214	172.51	143.97	16	1.4
Period: 15
Tasks:2
id	x	y	end	c
65	12.92	173.98	17	114.26
66	95.01	199.26	15	99.39
Drivers: 18
id	x	y	end	sensitivity
215	147.11	90.59	17	1.54
216	87.01	102.38	16	1.5
217	98.94	73.08	18	1.4
218	187.02	182.24	16	1.25
219	192.77	149.09	15	1.61
220	30.75	165.92	16	0.5
221	117.76	2.08	15	1.19
222	105.61	7.06	17	0.84
223	82.09	197.18	18	0.86
224	54.21	67.24	15	1.56
225	39.36	172.63	16	0.8
226	128.09	2.74	15	0.69
227	150.84	32.39	15	1.68
228	9.52	86.31	16	1.99
229	175.48	167.35	17	1.4
230	38.84	61.93	18	0.61
231	101.05	64.3	16	1.86
232	122.42	180.61	16	1.21
Period: 16
Tasks:6
id	x	y	end	c
67	73.85	127.48	18	37.93
68	150.36	107.74	17	50.95
69	56.76	19.35	17	91.51
70	40.99	14.84	17	103.61
71	166.64	56.72	18	79.46
72	108.35	9.16	16	91.22
Drivers: 10
id	x	y	end	sensitivity
233	39.46	41.69	17	1.06
234	151.5	68.98	17	1.74
235	141.13	111.06	16	1.39
236	174.7	111.14	16	1.59
237	179.09	182.61	18	1.95
238	179.04	83.56	17	1.09
239	91.97	21.92	18	1.58
240	26.68	151.89	16	2
241	153.18	21.88	17	1.74
242	65.98	81	16	1.15
Period: 17
Tasks:7
id	x	y	end	c
73	169.69	69.98	19	75.88
74	193.06	57.52	18	102.3
75	89.92	49.43	18	51.56
76	125.11	141.82	17	48.78
77	25.53	58.02	20	85.49
78	195.63	41.18	17	112.27
79	149.87	100.78	18	49.88
Drivers: 17
id	x	y	end	sensitivity
243	117.49	164.33	17	0.78
244	21.1	42.7	20	0.87
245	180.83	24.51	18	1.94
246	166.08	47.92	18	1.68
247	88.63	48.65	17	1.34
248	186.92	57.31	17	1.94
249	174.77	110.81	17	1.98
250	50.81	39.81	18	0.91
251	125.43	185.59	17	1.75
252	137.96	125.66	18	1.05
253	34.86	73.01	17	0.64
254	117.83	140.86	17	1.09
255	119.35	63.08	19	0.74
256	155.21	79.55	18	0.56
257	174.24	13.11	17	1.03
258	139.75	176.1	17	0.65
259	156.91	119.25	17	0.88
Period: 18
Tasks:4
id	x	y	end	c
80	102.45	118.07	19	18.24
81	72.37	168.59	19	73.95
82	101.61	148.91	19	48.94
83	81.99	27.14	19	75.05
Drivers: 11
id	x	y	end	sensitivity
260	74.01	115.1	19	1.38
261	163.81	20.84	19	1.64
262	23.62	140.32	18	1.42
263	114.84	51.15	18	1.75
264	55	18.2	19	1.6
265	142.55	70.93	20	1.15
266	80.5	138.44	21	0.6
267	160.12	157.51	18	0.62
268	160.63	147.93	18	1.41
269	61.76	67.2	20	0.53
270	94.53	19.85	20	1.35
Period: 19
Tasks:3
id	x	y	end	c
84	86.91	91.58	19	15.56
85	171.25	82.7	21	73.32
86	96.2	92.31	23	8.58
Drivers: 24
id	x	y	end	sensitivity
271	130.6	14.02	19	1.51
272	131.34	117.09	21	0.6
273	156.47	16.6	23	0.96
274	191.24	113.39	21	2
275	50.05	94.83	19	1.53
276	147.13	132.1	21	1.26
277	117.02	96.16	19	1.03
278	143.49	29.29	20	1.14
279	2.23	37.95	19	1.27
280	126.86	13.15	19	1.92
281	38.55	161.33	22	1.05
282	168.91	73.28	19	0.57
283	82.98	196.95	22	1.1
284	93.92	105.18	19	0.69
285	105.05	33.06	21	1.71
286	189.53	47.1	22	1.38
287	109.08	70.31	21	1.28
288	73.86	77.36	19	1.47
289	15.44	38.77	22	0.9
290	101.63	19.33	19	1.51
291	148.18	85.3	19	0.95
292	112.04	136.96	21	1.82
293	83.95	119.59	21	1.68
294	178.67	137.5	20	1.76
Period: 20
Tasks:5
id	x	y	end	c
87	98.88	45.58	21	54.43
88	23.14	74.3	20	81.04
89	120.44	100.61	20	20.45
90	165.58	18.77	21	104.4
91	197.01	123.8	21	99.89
Drivers: 20
id	x	y	end	sensitivity
295	33.46	170.37	20	1.81
296	48.87	187.88	21	1.72
297	151.69	9.37	21	0.87
298	139.94	14.99	22	0.56
299	98.31	145.62	22	0.96
300	180.11	96.1	21	0.92
301	189.56	5.22	20	1.98
302	91.1	109.47	20	1.18
303	18.56	197.06	21	1.92
304	23.91	30.52	20	1.65
305	199.15	137.53	20	1.02
306	126.2	173.7	21	1.47
307	49.42	81.14	22	1.56
308	110.03	10.37	21	0.64
309	122.69	155.95	23	1.12
310	174.19	162.22	22	0.81
311	86.29	197.68	22	0.76
312	146.13	82.16	20	0.68
313	18.76	83.86	20	1.93
314	161.53	49.13	20	1.67
Period: 21
Tasks:2
id	x	y	end	c
92	54.06	109.3	23	46.87
93	22.7	175.73	22	108.21
Drivers: 17
id	x	y	end	sensitivity
315	187.99	120.81	21	1.88
316	60.65	15.74	22	0.9
317	115.96	172.61	22	1.69
318	199.35	45.85	22	1.32
319	148.27	95.26	22	1.33
320	33.55	26.36	21	0.86
321	16.59	152.96	22	0.57
322	69.54	122.84	22	0.74
323	37.58	155.45	22	1.88
324	60.31	100.46	21	0.9
325	124.04	162.89	24	0.99
326	26.92	100.62	21	1.89
327	23.79	98.11	21	0.7
328	53.69	153.8	23	1.72
329	84.46	24.01	22	1.77
330	184.43	48.96	21	1.16
331	171.16	63.55	22	0.65
Period: 22
Tasks:8
id	x	y	end	c
94	1.92	143.25	23	107.19
95	77.54	67.86	22	39.21
96	40.41	83.93	22	61.72
97	2	95.33	23	98.11
98	91.59	24.3	22	76.17
99	39.83	33.16	22	89.93
100	171.9	134.1	24	79.58
101	158.16	62.4	24	69.26
Drivers: 13
id	x	y	end	sensitivity
332	123.35	163.27	24	1.71
333	110.57	103.17	22	0.77
334	80.87	145.75	23	1.07
335	191.25	103.66	22	0.66
336	47.13	90.69	25	0.59
337	30.03	81.52	25	0.59
338	92.99	163.32	23	1.08
339	19.34	73.11	24	1.54
340	158.39	109.1	23	1.19
341	164.51	104.95	23	1.35
342	146.39	161.3	23	1.45
343	131.75	71.88	23	1.46
344	55.68	184.12	23	1.34
Period: 23
Tasks:10
id	x	y	end	c
102	28.85	131.14	23	77.67
103	115.59	182.46	25	83.92
104	153.5	45.59	24	76.31
105	191.66	88.88	23	92.33
106	9.95	120.55	23	92.37
107	57.87	157.53	24	71.31
108	109.49	106.64	24	11.58
109	72.2	144.88	26	52.79
110	17.51	189.65	23	121.83
111	8.2	60.62	23	99.89
Drivers: 12
id	x	y	end	sensitivity
345	40.57	175.87	23	1.6
346	48.3	33.33	25	1.59
347	73.63	113.67	24	1.94
348	156.15	104.56	23	0.99
349	78.8	55.67	24	0.53
350	94.14	11.77	23	0.53
351	154.14	81.31	23	0.74
352	50.16	21.7	24	1.28
353	97.72	179.41	24	1.15
354	28.54	17.33	24	0.85
355	51.86	75.74	23	1.54
356	25.49	55.83	24	1.02
Period: 24
Tasks:4
id	x	y	end	c
112	41.07	179.78	27	99.18
113	44.31	137.4	25	67.08
114	49.32	131.45	26	59.65
115	152.02	39.7	26	79.64
Drivers: 7
id	x	y	end	sensitivity
357	140.02	18.7	26	1.07
358	185.18	39.74	25	0.62
359	151.36	186.43	24	0.61
360	157.37	166.82	24	0.78
361	151.92	16.59	24	1.35
362	127	16.77	26	1.33
363	171.25	90.32	25	1.64
Period: 25
Tasks:2
id	x	y	end	c
116	109	121.56	26	23.36
117	142.57	16.64	28	93.6
Drivers: 15
id	x	y	end	sensitivity
364	45.68	146.05	27	0.76
365	123.17	101.57	25	1.66
366	199.49	43.35	26	1.15
367	76.49	77.24	25	1.63
368	38.35	161.59	26	1.03
369	87.26	30.84	29	1.84
370	189.62	22.08	25	0.8
371	135.59	180.55	25	1.35
372	193.73	66.14	25	1.56
373	65.62	64.59	27	1.08
374	175.19	126.02	26	0.89
375	56.03	18.1	28	1.66
376	65.5	36.76	27	1.67
377	141.91	181.58	26	1.3
378	159.22	179.54	27	1.14
Period: 26
Tasks:7
id	x	y	end	c
118	141.75	189.82	27	99.05
119	80.1	44.57	27	58.89
120	142.8	117.91	28	46.4
121	124.74	11.45	26	91.94
122	93.25	162.45	27	62.81
123	179.82	158.83	26	99.16
124	114.84	62.1	27	40.7
Drivers: 11
id	x	y	end	sensitivity
379	48.97	146.92	27	1.11
380	72.28	154.57	28	1.18
381	175.4	7.85	27	0.9
382	8.2	131.54	27	1.41
383	37.73	7.61	27	1.53
384	46.6	44.06	26	1.72
385	168.34	8.61	28	1.89
386	140.59	82.78	26	1.16
387	125.82	126.41	26	1.59
388	17.81	178.79	28	1.07
389	26.07	125.04	30	0.84
Period: 27
Tasks:8
id	x	y	end	c
125	188.77	140.09	28	97.4
126	116.38	181.15	28	82.79
127	94.81	12.17	29	87.98
128	137.54	32.24	27	77.46
129	127.62	88.44	28	29.94
130	135.07	131.48	27	47.13
131	34.41	155.08	27	85.65
132	3.01	68.47	27	101.99
Drivers: 19
id	x	y	end	sensitivity
390	55.3	132.69	27	1.89
391	198.31	137.44	27	0.73
392	13.72	189.78	28	1.97
393	98.29	0.02	28	0.58
394	0.08	159.94	27	1.57
395	20.17	107.69	28	1.96
396	55.97	27.4	29	1.72
397	91.63	148.08	28	1.66
398	185.47	67.91	28	0.93
399	69.07	142.31	29	0.64
400	188.59	144.64	27	1.28
401	108.63	10.85	30	1.73
402	125.01	140.45	27	0.97
403	43.4	72.52	28	0.51
404	78.04	18.38	28	1.66
405	117.31	190	28	0.71
406	134.48	40.42	27	1.55
407	137.92	55.53	30	1.16
408	60.26	192.1	27	0.77
Period: 28
Tasks:8
id	x	y	end	c
133	143.9	69.63	28	53.38
134	199.92	5.2	30	137.74
135	190.26	132.96	28	96.09
136	9.96	110.6	30	90.66
137	70.78	158.37	29	65.28
138	180.7	9.05	28	121.59
139	148.04	107.99	29	48.7
140	95.18	182.07	29	82.21
Drivers: 15
id	x	y	end	sensitivity
409	104.94	133.38	29	0.94
410	47.59	122.61	31	1.82
411	132.87	109.4	28	1.94
412	96.28	191.61	30	1.56
413	111.33	178.93	32	1.8
414	112.41	162.91	31	1.3
415	16	144.71	29	1.34
416	60.02	14.8	31	1.06
417	154.49	6.34	29	1.39
418	106.31	87.42	29	1.2
419	125.94	160.38	28	1.51
420	26.36	66.66	29	0.81
421	39.74	59.15	29	0.89
422	118.92	77.12	28	1.43
423	159.12	64.02	29	0.79
Period: 29
Tasks:7
id	x	y	end	c
141	127.19	126.07	29	37.67
142	157.33	36.6	30	85.48
143	191.04	189.3	29	127.53
144	137.28	73.31	33	45.85
145	100.11	51.55	30	48.45
146	92.11	66.38	30	34.53
147	26.35	177.77	31	107.11
Drivers: 11
id	x	y	end	sensitivity
424	163.45	108.71	29	1.81
425	160.26	177.92	29	0.62
426	180.51	186.37	31	1.22
427	38.06	149.08	31	1.81
428	157.44	150.53	30	1.96
429	102.63	173.76	29	1.01
430	167.75	192.32	30	1.33
431	13.15	107.95	32	1.89
432	80.75	137.21	29	1.33
433	89.63	10.04	30	0.84
434	155.02	148.59	29	1.66
Period: 30
Tasks:7
id	x	y	end	c
148	159.48	172.11	31	93.48
149	92.61	134.73	30	35.51
150	148.85	87.43	30	50.44
151	90.92	62.28	32	38.8
152	139.5	35.93	31	75.27
153	25.72	35.79	32	98.19
154	79.13	37.25	30	66.13
Drivers: 18
id	x	y	end	sensitivity
435	95.62	154.6	31	1.91
436	101.64	143.26	33	1.37
437	122.7	187.73	31	1.26
438	130.95	27.24	33	1.87
439	19.73	36.1	33	1.16
440	89.83	138.79	31	0.94
441	152.76	24.66	31	0.98
442	2.92	163.8	30	0.86
443	164.4	31.16	30	1.12
444	123.44	157.3	30	1.75
445	171.73	34.65	30	1.83
446	146.52	29.11	30	0.74
447	78.77	133.28	31	1.78
448	114.88	79.25	30	1.99
449	188.78	22.42	30	0.5
450	118.51	100.84	31	1.24
451	146.32	186.52	31	1.4
452	63.4	163.71	31	0.78
Period: 31
Tasks:4
id	x	y	end	c
155	129.88	13.22	32	91.78
156	187.9	82.53	32	89.62
157	99.43	175.02	31	75.02
158	117.75	105.38	32	18.55
Drivers: 17
id	x	y	end	sensitivity
453	81.73	29.07	31	1.99
454	138.03	136.03	33	1.78
455	27.92	58.86	32	0.96
456	120.51	178.84	33	1.78
457	65.38	5.75	33	1.75
458	122.84	181.43	32	0.92
459	174.75	22.19	33	1.53
460	84.01	174.35	31	0.74
461	74.61	95.83	31	1.08
462	142.68	195.27	34	1.25
463	57.14	90.64	31	1.16
464	7.32	38.44	31	1.78
465	110.86	150	33	1.18
466	27.64	160.23	32	0.52
467	0.74	51.77	33	1.98
468	25.5	129.63	31	1.83
469	48.15	21.77	33	1.05
Period: 32
Tasks:7
id	x	y	end	c
159	61.1	47.23	33	65.56
160	44.02	86.15	33	57.67
161	49.02	17.78	34	96.74
162	150.74	34.25	33	83.05
163	111.24	108.02	32	13.81
164	34.24	158.88	32	88.27
165	35.63	86.02	34	65.87
Drivers: 17
id	x	y	end	sensitivity
470	186.01	124.3	32	1.09
471	157.08	80.77	32	0.5
472	87.65	29.64	33	1.76
473	63.85	109.95	32	0.8
474	73.89	155.08	34	1.38
475	154.09	161.81	33	0.69
476	193.53	5.06	32	1.69
477	155.65	106.55	34	1
478	28.18	55.76	33	1.71
479	109.24	178.27	32	1.24
480	137.02	103.22	33	0.74
481	66.65	96.99	34	1.82
482	44.09	14.4	32	0.99
483	157.28	187.42	32	1.67
484	149.88	35.21	33	1.87
485	165.4	132.63	32	1.47
486	72.97	102.26	32	0.88
Period: 33
Tasks:9
id	x	y	end	c
166	117.33	34.14	33	68.1
167	186.22	90.06	35	86.79
168	27.6	28.43	33	101.8
169	158.61	167.66	35	89.52
170	83.13	103.49	35	17.23
171	25.64	88.54	35	75.24
172	57.52	139.32	34	57.88
173	107.44	167.9	33	68.31
174	33.05	100.23	34	66.95
Drivers: 13
id	x	y	end	sensitivity
487	141.02	8.14	34	1.68
488	29.21	168.65	33	1.98
489	2.97	85.09	33	1.13
490	88.1	22.6	33	1.05
491	27.19	87.03	34	0.54
492	181.44	126.52	35	1.45
493	64.75	52.86	33	1.46
494	110.94	79.29	33	0.68
495	163.42	7.68	33	1.3
496	181.89	175.53	34	1.5
497	117.34	182.43	33	1.04
498	84.9	10.58	34	1.76
499	16.72	96.71	34	0.8
Period: 34
Tasks:4
id	x	y	end	c
175	153.5	102.87	35	53.58
176	123.74	70.58	35	37.8
177	117.8	67.6	36	36.97
178	150.08	97.51	35	50.14
Drivers: 18
id	x	y	end	sensitivity
500	143.6	100.86	36	0.94
501	34.26	154.52	35	1.36
502	159.8	140.18	35	0.66
503	90	147.82	34	1.17
504	186.39	188.83	34	1.15
505	19.59	160.61	35	0.51
506	97.56	113.88	34	1.48
507	23.38	113.06	35	1.28
508	34.59	126.3	37	0.62
509	1.06	25.82	35	1.55
510	195.82	68.6	35	1.73
511	167.48	172.22	34	1.16
512	51.31	27.16	35	1.58
513	90.9	85.84	34	1.67
514	186.37	114.13	34	0.91
515	107.45	170.08	36	1.58
516	50.67	98.84	34	1.1
517	73.16	103.3	35	0.68
Period: 35
Tasks:3
id	x	y	end	c
179	188.57	66	35	94.87
180	11.67	103.44	36	88.4
181	121.23	83.81	37	26.7
Drivers: 12
id	x	y	end	sensitivity
518	47.28	175.68	36	1.47
519	197.88	152.83	38	1.52
520	47.51	173.68	35	0.67
521	43.49	49.39	35	1
522	120.58	159.31	36	1.47
523	0.38	124.78	35	1.98
524	190.42	111.09	37	0.53
525	113.91	41.97	35	0.83
526	37.26	94.43	35	1.65
527	12.55	65.41	35	0.7
528	118.69	148.13	35	0.93
529	122.05	72.7	37	1.77
Period: 36
Tasks:7
id	x	y	end	c
182	64.09	193.86	38	100.49
183	196.75	189.1	36	131.53
184	17.51	89.11	36	83.21
185	176.26	173.15	37	105.67
186	143.54	128.42	37	51.99
187	49.57	36.31	36	81.24
188	93.37	8.89	36	91.35
Drivers: 9
id	x	y	end	sensitivity
530	70.33	157.07	36	1.78
531	9.82	172.13	36	1.49
532	81.1	5.59	36	1.27
533	146.41	170.8	39	1.72
534	172.15	119.53	36	1.74
535	28.03	118.15	38	1.99
536	163.24	199.29	38	1.12
537	58.18	94.71	36	1.64
538	194.41	127.9	36	1.42
Period: 37
Tasks:9
id	x	y	end	c
189	174.65	108.06	37	75.08
190	106.63	23.53	38	76.76
191	197.6	122.68	38	100.2
192	57.02	14.41	37	95.78
193	136.22	92.72	38	36.94
194	60.4	141.24	37	57.17
195	146.04	45.73	40	71.17
196	140.32	30.7	39	80.18
197	21.27	72.88	39	83.27
Drivers: 20
id	x	y	end	sensitivity
539	15.95	76.58	38	1.95
540	152.89	36.83	38	1.35
541	173.49	12.09	38	0.69
542	158.57	152.31	39	1.46
543	167.65	195.29	42	0.8
544	122.18	58.28	37	1.87
545	89.52	70.62	39	2
546	176.57	35.53	39	1.58
547	69.5	61.29	38	1.47
548	11.89	6.73	38	1.22
549	9.95	4.56	37	0.63
550	130.22	108.51	40	0.74
551	7.35	16.39	37	1.54
552	172.91	144.03	39	1.78
553	141.07	171.07	38	1.55
554	34.52	17.95	39	1.05
555	132.77	11.62	37	1.01
556	43.84	157.89	38	1.93
557	96.86	167.17	37	0.59
558	65.16	103.51	39	0.87
Period: 38
Tasks:2
id	x	y	end	c
198	151.34	120.74	38	55.37
199	95.27	10.99	41	89.14
Drivers: 14
id	x	y	end	sensitivity
559	107.48	76.85	39	1.59
560	101.86	13.25	38	0.85
561	8.01	181.66	39	1.08
562	116.92	73.36	39	1.03
563	21.2	122.16	38	1.6
564	168.35	30.38	39	1.6
565	6.23	142.4	39	1.57
566	120.94	196.29	38	1.29
567	135.23	139.34	40	0.91
568	127.83	113.56	38	1.56
569	4.97	157.74	39	0.76
570	169.92	184.04	42	1.54
571	163.41	37.76	39	1.15
572	4.56	140.55	38	1.62
Period: 39
Tasks:7
id	x	y	end	c
200	9.24	148.34	39	102.83
201	134.79	20.95	41	86.37
202	69.86	4.37	39	100.27
203	87.25	87.15	39	18.1
204	54.39	145.26	40	64.26
205	119.76	23.96	40	78.57
206	191.59	31.26	41	114.52
Drivers: 14
id	x	y	end	sensitivity
573	129.87	85.52	39	1.8
574	14.75	122.75	40	1.22
575	196.27	178.01	42	1.22
576	151.39	9.13	39	1.6
577	97.53	169.19	39	1.61
578	143	121.82	39	1.64
579	139.21	135.95	40	1.15
580	20.09	108.12	39	1.18
581	28.14	72.34	41	0.79
582	11.87	69.5	40	1.27
583	160.18	138.32	41	1.87
584	125.86	122.55	41	0.61
585	93.52	88.36	40	1.75
586	107.03	81.94	39	1.96
Period: 40
Tasks:4
id	x	y	end	c
207	76.34	60.49	41	46.05
208	174.57	37.25	40	97.46
209	86.22	198.67	44	99.63
210	11.58	65.18	43	95.03
Drivers: 14
id	x	y	end	sensitivity
587	94.55	109.55	41	1.35
588	37.86	177.44	42	1.68
589	94.34	131.92	41	1.68
590	51.44	46.07	43	1.86
591	30.94	63.77	41	0.74
592	139.55	35.69	41	1.79
593	61.59	169.23	41	1.73
594	26.87	47.79	41	1.32
595	11.77	61.45	40	1.35
596	101.27	174.66	41	1.44
597	43.26	34.72	41	0.85
598	116.91	120.69	40	1.54
599	155.94	13.34	42	0.64
600	93.72	119.97	42	0.58
Period: 41
Tasks:4
id	x	y	end	c
211	146.96	103.01	44	47.06
212	108.49	81.98	41	19.92
213	130.43	22.15	44	83.59
214	96.21	181.69	41	81.78
Drivers: 17
id	x	y	end	sensitivity
601	199.5	25.75	43	1.41
602	103.53	99.77	41	1.35
603	185.39	131.77	42	1.91
604	129.23	152.75	42	1.25
605	192.66	140.02	42	1.84
606	175.69	61.99	41	1.01
607	4.57	11.71	41	0.92
608	88.21	28.5	42	0.95
609	153.09	96.59	42	1.69
610	48.9	148.85	43	1.25
611	96.2	146.68	43	1.86
612	113.71	153.95	41	1.08
613	115.09	70.65	41	0.66
614	179.49	145.44	41	1.32
615	68.25	146.3	42	1.28
616	74.97	149.24	42	1.8
617	57.84	11.39	43	1.34
Period: 42
Tasks:7
id	x	y	end	c
215	57.94	108.17	44	42.85
216	115.34	186.66	43	88.01
217	29.99	86.2	43	71.36
218	82.89	129.46	42	34.07
219	94.37	197.59	43	97.75
220	2.43	52.45	42	108.54
221	1.98	187.41	42	131.33
Drivers: 14
id	x	y	end	sensitivity
618	160.95	159.44	43	0.55
619	120.73	65.32	43	0.69
620	157.44	24.26	45	0.63
621	62.83	136.7	42	1.34
622	183.77	50.99	42	1.01
623	193.29	123.2	42	1.93
624	101.18	57.11	42	0.6
625	39.85	2.87	43	0.83
626	72.16	137.61	43	1.53
627	126.53	41.57	43	1.91
628	155.04	164.41	43	1.35
629	85.29	146.75	44	1.29
630	187.05	72.53	42	1.58
631	155.58	80.84	45	0.7
Period: 43
Tasks:6
id	x	y	end	c
222	193.02	90.79	45	93.47
223	139.51	92.41	44	40.23
224	68.44	150.84	46	59.84
225	12.31	78.6	43	90.26
226	128.13	96.38	46	28.36
227	152.54	99.7	45	52.54
Drivers: 15
id	x	y	end	sensitivity
632	177.21	193.34	44	1.83
633	131.09	117.1	43	0.99
634	93.64	33.66	43	1.07
635	152.41	190.13	43	0.84
636	33.16	25.41	44	1.29
637	44.59	85.28	44	0.82
638	151.26	22.2	44	1.19
639	27.47	54.42	46	1.62
640	172.02	64.51	43	0.94
641	47.76	79.46	43	1.53
642	148.44	20.54	45	1.66
643	63.56	66.69	45	1.76
644	30.56	101.33	43	0.82
645	27.67	116.15	46	1.78
646	105.11	53.91	43	0.84
Period: 44
Tasks:6
id	x	y	end	c
228	190.38	47.05	44	104.75
229	96.4	69.58	46	30.63
230	3.8	61.47	46	103.63
231	45.67	133.17	44	63.66
232	71.01	179.13	44	84.27
233	144.33	188.81	44	99.26
Drivers: 16
id	x	y	end	sensitivity
647	118.97	182.58	44	1.05
648	86.43	175.98	46	1.77
649	46.41	9.99	47	1.29
650	96.17	119.42	45	1.49
651	30.39	150.49	45	0.97
652	197.33	62.59	44	1.82
653	92.61	86.63	45	0.62
654	153.53	66.7	44	1.34
655	68.3	76.16	45	0.79
656	128.15	90.15	45	1.07
657	15.3	75.3	44	1.94
658	42.26	129.88	44	0.73
659	105.81	56.37	47	1.57
660	156.36	65.5	44	0.89
661	31.22	71.05	44	1.1
662	39.67	109.35	44	1.15
Period: 45
Tasks:5
id	x	y	end	c
234	14.13	48.97	45	99.89
235	177.09	31.39	46	103.2
236	167.34	68.43	46	74.37
237	94.3	89.28	46	12.14
238	84.78	171.03	47	72.64
Drivers: 14
id	x	y	end	sensitivity
663	27.67	97.17	50	1.1
664	134.03	99.75	45	0.9
665	182.23	101.2	47	1.42
666	198.46	116.35	47	1.59
667	132.22	168.76	47	1.12
668	0.44	62.99	45	1.62
669	182.22	15.45	47	1.07
670	35.46	83.81	47	1.52
671	160.17	68.54	45	0.87
672	97.26	56.75	45	1.93
673	10.54	128.71	47	1.38
674	32.69	97.72	45	1.8
675	11.76	37.95	45	0.76
676	139.32	75.25	45	0.99
Period: 46
Tasks:2
id	x	y	end	c
239	77.66	48.11	47	56.49
240	15.92	44.36	47	100.82
Drivers: 16
id	x	y	end	sensitivity
677	154.41	71.81	47	1.62
678	170.31	131.09	49	0.86
679	105.17	96.04	47	1.58
680	31.91	199.17	47	0.63
681	156.7	178.26	47	0.5
682	13.39	74.97	46	1.47
683	26.44	127.81	46	1.81
684	81.1	151.02	46	1.36
685	96.03	186.74	46	1.87
686	25.72	169.88	50	0.76
687	38.37	32.51	48	1.32
688	199.41	4.51	47	1.03
689	86.26	96.01	48	1.65
690	78.07	174.94	47	1.72
691	41.61	47.27	47	0.95
692	101.25	102.88	48	1.41
Period: 47
Tasks:7
id	x	y	end	c
241	108.38	64.64	49	36.34
242	23.58	23.46	49	108.16
243	76.04	93.15	48	24.92
244	21.25	86.13	49	79.96
245	194.33	144.57	48	104.33
246	111.08	164.46	47	65.41
247	151.25	183.17	50	97.69
Drivers: 14
id	x	y	end	sensitivity
693	146.5	84.63	47	1.6
694	27.98	120.2	48	1.26
695	16.72	137.42	48	0.65
696	104.79	101.09	47	0.82
697	94.18	135.22	49	0.85
698	62.63	62.51	47	0.78
699	55.12	132.78	47	1.44
700	11.81	87.42	47	1.04
701	32.06	170.82	48	1.29
702	103.83	123.25	48	1.7
703	179.9	123	49	1.4
704	140.5	11.72	47	0.84
705	111.08	145.75	48	1.58
706	114.37	1.77	47	0.81
Period: 48
Tasks:5
id	x	y	end	c
248	155.07	74.42	48	60.72
249	66.53	12.9	50	93.31
250	177.19	21.41	48	110.16
251	34.05	87.87	48	67.06
252	125.05	199.11	49	102.23
Drivers: 16
id	x	y	end	sensitivity
707	185.77	135.73	49	0.75
708	90.35	106.56	48	0.53
709	109.39	94.3	49	1.74
710	17.46	61.41	50	1.8
711	187.37	185.08	48	0.91
712	145.8	163.68	48	0.52
713	121.46	11.87	49	0.73
714	174.05	77.63	49	1.02
715	75.06	44.31	51	1.41
716	167.81	72.08	48	1.76
717	40.31	150.14	48	0.9
718	120.54	194.64	49	1.76
719	170.61	29.24	50	1.61
720	179.86	7.41	48	0.71
721	19.42	192.47	49	0.57
722	11.82	136.64	48	1.53
Period: 49
Tasks:3
id	x	y	end	c
253	27.5	14.08	49	112.42
254	91.05	87.91	49	15.04
255	129.36	120.97	49	36.08
Drivers: 16
id	x	y	end	sensitivity
723	78.32	100.14	49	1.56
724	64.1	170.03	50	0.91
725	154.52	172.27	49	1.25
726	63.43	133.65	50	0.94
727	36.23	15.69	52	1.03
728	39.49	82.03	51	1.73
729	42.12	147.75	51	1.38
730	120.9	175.66	50	1.13
731	51.65	104.54	50	1.93
732	172.12	94.18	51	1.59
733	73.07	147.73	51	1.88
734	159.92	163.4	50	0.73
735	95.8	16.98	51	1.64
736	127.13	125.77	50	0.81
737	124.72	31.6	49	1.71
738	152.95	111.85	50	1.4
Period: 50
Tasks:5
id	x	y	end	c
256	47.02	100.2	50	52.98
257	81.96	117.63	50	25.22
258	42.56	149.37	52	75.74
259	189.78	23.7	50	117.82
260	91.12	103.77	51	9.65
Drivers: 20
id	x	y	end	sensitivity
739	21.33	175.54	51	1.04
740	113.77	136.05	51	1.04
741	146.9	117.16	52	1.46
742	94.84	119.07	50	1.7
743	170.83	91.57	50	0.71
744	96	185.09	51	1.71
745	147.56	89.65	50	1.24
746	129.01	37.66	50	1.33
747	86.26	151.98	51	1.26
748	150.32	80.95	51	0.98
749	182.05	133.99	51	1.97
750	142.75	126.28	50	1.69
751	72.73	78.6	51	1.69
752	13.74	166.16	51	1.65
753	59.54	95.36	53	0.68
754	94.41	115.33	51	0.58
755	72.12	126.27	50	1.05
756	158.46	180.73	50	0.95
757	195.52	169.04	51	1.18
758	169	23.74	55	1.53
Period: 51
Tasks:1
id	x	y	end	c
261	80.59	181.09	52	83.38
Drivers: 17
id	x	y	end	sensitivity
759	12.97	166.81	53	0.82
760	199.22	53.27	52	1.22
761	161.43	82.04	53	0.84
762	79.78	14.47	52	1.32
763	151.74	21	52	0.65
764	2.79	198.38	51	0.91
765	137.79	7.21	53	0.81
766	70.83	168.75	53	0.89
767	109.04	79.95	56	1.81
768	136.96	134.51	52	0.52
769	158.44	85.32	51	1.27
770	193.79	21.54	51	1.19
771	64	20.18	53	0.69
772	114.75	164.43	51	1.99
773	57.28	198.43	51	1.15
774	0.6	89.36	52	1.16
775	0.84	189.04	52	1.31
Period: 52
Tasks:4
id	x	y	end	c
262	143.82	176.22	53	87.92
263	119.3	60.68	54	43.8
264	150.54	176.93	53	92.05
265	174.25	132.1	54	80.89
Drivers: 16
id	x	y	end	sensitivity
776	78.85	178.51	55	0.8
777	172.34	89.3	53	0.75
778	157.51	195.99	53	1.2
779	13.95	102.63	53	1.53
780	190.56	191.84	53	1.94
781	52.48	6.89	52	1.83
782	141.39	101.45	53	0.99
783	190.6	32.02	55	1.24
784	25.05	19.99	54	1.37
785	133.45	79.39	54	0.61
786	31.64	50.24	52	0.62
787	123.13	193.2	53	0.69
788	46.75	128.03	52	1.08
789	169.79	66.44	54	0.69
790	116.88	148.98	53	0.82
791	130.47	83.95	54	1.22
Period: 53
Tasks:3
id	x	y	end	c
266	165.04	169.73	53	95.35
267	133.81	162.03	53	70.65
268	189	122.16	54	91.72
Drivers: 13
id	x	y	end	sensitivity
792	147.31	21.14	54	1.02
793	120.47	167.79	53	1.43
794	174.7	167.23	53	0.7
795	123.37	157.42	56	1.57
796	23.41	113.17	53	1.95
797	150.19	89.99	54	1.58
798	68.47	139.22	54	0.64
799	70.65	18.37	53	1.76
800	8.17	64.68	53	0.59
801	160.45	5.92	53	0.94
802	92.33	61.13	54	1.13
803	144.76	145.36	54	0.81
804	170.97	140.33	55	1.18
Period: 54
Tasks:8
id	x	y	end	c
269	9.36	156.04	54	106.56
270	128.36	142.61	55	51.18
271	188.6	44.97	55	104.3
272	40.91	91.76	55	59.66
273	145.76	130.56	54	55.03
274	24.26	48.4	57	91.65
275	42.09	48.73	55	77.34
276	196.31	161.23	54	114.13
Drivers: 22
id	x	y	end	sensitivity
805	18.32	195.69	55	1.87
806	44.61	177.87	54	1.4
807	174.66	189	55	1.36
808	52.33	141.66	54	1.67
809	148.26	123.28	56	0.95
810	190.07	2.24	55	1.93
811	53.05	109.23	54	1.96
812	9.24	58.93	56	1
813	69.77	20.68	55	1.95
814	91.82	72.04	55	0.72
815	163.26	58.03	56	1.81
816	132.55	138.04	54	1.69
817	50.79	75.28	55	1.57
818	52.76	151.03	55	1.95
819	16.43	181.47	55	1.88
820	104.24	70.02	54	1.01
821	4.16	194.11	56	1.79
822	176.58	51.27	54	1.32
823	63.98	171.36	54	0.58
824	75.77	3.36	55	1.78
825	22.4	98.49	55	1.22
826	124.31	80.34	56	1.97
Period: 55
Tasks:5
id	x	y	end	c
277	122.32	72.87	57	35.13
278	115.41	97.27	55	15.65
279	23.62	29.64	56	103.85
280	132.73	174.49	57	81.36
281	126.15	29.63	55	75.07
Drivers: 12
id	x	y	end	sensitivity
827	122.22	56.13	58	1.07
828	74.67	154.75	55	0.87
829	78.22	109.8	57	1.49
830	170.39	175.94	55	1.42
831	119.71	136.72	56	0.93
832	46.48	171.02	57	1.06
833	17.01	87.17	55	1.41
834	21.21	173.75	55	0.9
835	78.35	10.4	57	1.09
836	41.16	180.44	56	0.99
837	159.95	13.15	57	1.91
838	188.86	152.91	56	1.23
Period: 56
Tasks:7
id	x	y	end	c
282	85.63	112.24	56	18.88
283	71.9	37.43	56	68.59
284	141.49	133.05	58	53.04
285	180.18	6.4	56	123.25
286	94.94	186.87	60	87.02
287	109.22	128.9	58	30.34
288	174.21	145.05	56	86.81
Drivers: 19
id	x	y	end	sensitivity
839	93.26	36.12	57	1.39
840	179.78	193.12	59	0.57
841	45.21	11.08	56	0.5
842	67.81	93.21	57	0.63
843	127.16	56.75	57	1.34
844	161.94	178.65	58	0.91
845	18.81	187.86	57	1.89
846	168.08	48.63	57	0.89
847	13.1	86.82	56	0.76
848	187.96	134.13	57	0.94
849	91.5	142.56	56	1.15
850	126.42	185.55	56	1.21
851	100.96	4.02	57	1.83
852	71.29	45.46	57	1.51
853	167.08	17.71	57	0.54
854	36.14	53.31	57	1.33
855	182.85	88.16	58	1.01
856	11.7	156.55	57	0.7
857	141.32	68.8	57	0.63
Period: 57
Tasks:10
id	x	y	end	c
289	107.64	139.28	59	40.02
290	159.18	89.54	58	60.1
291	176.65	58.43	58	87.2
292	110.69	153.33	58	54.39
293	105.81	38.81	57	61.47
294	162.02	85.9	57	63.6
295	121.7	51.66	58	52.99
296	57.77	89.69	60	43.47
297	3.08	146.91	59	107.68
298	170.63	29.8	58	99.58
Drivers: 16
id	x	y	end	sensitivity
858	133.72	127.31	58	2
859	37.72	13.66	58	0.7
860	89.17	108.98	58	0.58
861	171.52	69.05	58	0.81
862	67.12	21.03	58	0.58
863	37.28	62.76	59	1.03
864	85.13	168.55	60	1.63
865	152.36	90.52	57	0.8
866	123.64	125.3	59	1.56
867	9	40.09	57	0.91
868	39.75	30.36	59	1.59
869	87.54	160.68	60	0.58
870	121.96	106.53	58	1.52
871	49.38	140.48	59	0.53
872	176.64	25.55	59	1.22
873	68.87	119.67	58	0.77
Period: 58
Tasks:4
id	x	y	end	c
299	192.88	75.33	58	96.1
300	182.09	112.62	61	83.05
301	48.38	48.61	60	72.84
302	187.31	9.67	59	125.63
Drivers: 13
id	x	y	end	sensitivity
874	134.03	75.98	59	0.89
875	52.21	56.65	60	1.85
876	71.88	84.31	59	1.39
877	124.97	87.18	59	0.93
878	146.41	188.81	59	1.46
879	30.69	6.97	58	1.46
880	75.01	151.92	58	1.49
881	39.31	165.43	60	1.25
882	68.33	27.62	59	1.67
883	6.75	124.18	59	0.61
884	127.97	78.05	59	0.74
885	54.23	83.01	59	0.51
886	49.85	34	61	1.51
Period: 59
Tasks:3
id	x	y	end	c
303	28.3	85.33	60	73.19
304	186.53	78.51	60	89.16
305	127.08	56.23	61	51.47
Drivers: 14
id	x	y	end	sensitivity
887	65.54	111.59	61	1.74
888	15.87	36	59	1.57
889	26.47	91.73	59	1.14
890	174.45	96.52	59	1.24
891	120.97	34.2	59	1.05
892	158.91	124.83	59	0.72
893	0.28	9.58	59	1.2
894	76.06	24.95	60	1.31
895	83.68	116.43	60	0.96
896	14.16	76.37	59	0.58
897	43.17	157.41	59	1.85
898	78.49	104.16	59	0.67
899	43.34	153.16	59	1.44
900	36.62	99.79	60	0.73
Period: 60
Tasks:5
id	x	y	end	c
306	38.84	159.76	63	85.51
307	61.98	167.75	61	77.69
308	71.79	197.01	60	101.03
309	2.38	62.14	60	104.7
310	124.44	119.08	60	31.01
Drivers: 12
id	x	y	end	sensitivity
901	134.04	25.36	62	1.75
902	171.38	192.54	61	1.48
903	96.55	89.48	62	0.75
904	170.39	18.57	62	1.47
905	82.33	55.77	60	0.74
906	8.47	133.95	61	0.98
907	157.73	54.98	60	0.93
908	186.1	127.91	62	0.74
909	149.39	26.31	63	1.16
910	131.18	198.19	60	1.95
911	90.77	186.71	61	1.14
912	132.91	62.33	60	0.94
Period: 61
Tasks:6
id	x	y	end	c
311	166.53	167.54	62	94.8
312	190.84	108.35	61	91.22
313	57.83	4.8	62	104.12
314	36.59	48.36	63	81.78
315	3.41	187.54	62	130.36
316	12.74	93.99	61	87.47
Drivers: 15
id	x	y	end	sensitivity
913	150.78	48.01	63	1.83
914	17.45	78.47	63	1.86
915	196.99	60.9	62	1.01
916	163.33	60.95	61	1.94
917	83	150.15	62	1.68
918	192.48	135.53	61	1.75
919	136.49	162.72	65	0.63
920	30.29	27.45	63	0.59
921	120.01	138.26	65	1.65
922	184.1	198.38	62	1.83
923	22.47	160.95	62	1.27
924	8.18	180.6	62	1.39
925	160.3	35.27	62	0.73
926	107.05	128.64	62	1.64
927	155.19	25.33	61	1.13
Period: 62
Tasks:6
id	x	y	end	c
317	115.09	144.88	62	47.35
318	44.81	31.63	62	87.87
319	111.49	86.45	63	17.77
320	38.03	139.04	62	73.24
321	162.85	135.35	62	72.11
322	13.27	82.49	63	88.48
Drivers: 10
id	x	y	end	sensitivity
928	97.53	56.99	65	1.4
929	177.07	128.87	63	0.69
930	78.43	169.43	63	0.64
931	177.39	9.17	62	0.58
932	74.08	87.38	64	0.7
933	34.09	124.17	62	0.76
934	25.48	52.2	64	0.7
935	46.95	93.06	62	0.82
936	84.01	35.51	63	1.87
937	85.88	21.35	64	0.74
Period: 63
Tasks:4
id	x	y	end	c
323	63.63	196.15	63	102.8
324	19.72	124.24	64	83.86
325	139.66	95.54	63	39.91
326	58.18	193.05	64	102.02
Drivers: 14
id	x	y	end	sensitivity
938	185.91	174.11	64	1.55
939	172.82	77.55	65	1.63
940	110.05	63.75	64	1.51
941	47.63	3.04	64	1.97
942	91.64	141.44	66	1.45
943	32.64	106.39	64	1.27
944	102.21	112.99	63	0.88
945	143.04	101.33	65	1.27
946	7.75	94.09	65	1.64
947	2.43	48.03	63	0.86
948	179.56	43.03	66	0.51
949	187.71	37.88	64	1.97
950	39.17	147.5	63	1.59
951	76.35	154.09	65	0.62
Period: 64
Tasks:2
id	x	y	end	c
327	20.13	139.03	64	88.9
328	127.89	165.62	64	71.3
Drivers: 16
id	x	y	end	sensitivity
952	115.28	102.59	66	1.29
953	126.06	53.75	67	1.84
954	79.2	54.56	66	1.69
955	16.14	1.57	64	1.41
956	86.43	133.32	65	1.72
957	113.22	36.99	64	1.67
958	162.22	51.74	64	1.5
959	175.69	42.75	66	0.67
960	93.12	119.74	67	0.54
961	108.17	71.52	64	1.36
962	199.13	32.7	64	1.46
963	114.72	108.61	65	1.03
964	42.39	33.54	67	1.2
965	85.18	4.7	66	1.4
966	9.23	181.33	66	1.46
967	47.51	107.75	64	1.7
Period: 65
Tasks:10
id	x	y	end	c
329	180.32	48.31	66	95.52
330	143.82	96.23	65	43.98
331	171.77	14.02	65	112
332	129.07	68.64	67	42.76
333	42.56	151.5	68	77.15
334	131.36	3.51	66	101.46
335	125.07	191.73	66	95.09
336	176.99	189.98	66	118.42
337	199.34	37.6	66	117.31
338	101.18	136.94	65	36.96
Drivers: 24
id	x	y	end	sensitivity
968	79.57	157.24	66	0.53
969	142.51	30.89	66	0.51
970	159.23	181.56	65	0.58
971	114.56	177.97	68	0.89
972	134.08	66.17	67	1.43
973	80.03	15.63	65	1.83
974	9.72	66.7	69	0.93
975	25.01	183.45	65	1.84
976	28.03	127.14	65	1.11
977	166.4	24.64	66	1.65
978	123.22	27	65	1.71
979	108.44	13.25	66	1.3
980	139.09	197.6	67	1.76
981	48.1	127.28	65	0.81
982	184.59	103.32	66	1.49
983	49.95	110.27	66	1.39
984	16.98	97.96	66	1.11
985	14.81	60.78	67	1.91
986	72.8	140.32	66	1.61
987	172.46	127.08	65	1.67
988	170.26	151.81	67	0.88
989	33.75	94.58	65	0.72
990	191.03	76.12	65	1.26
991	134.36	14.09	65	1.75
Period: 66
Tasks:4
id	x	y	end	c
339	35.21	107.41	67	65.21
340	125.89	74.8	66	36.13
341	122.84	25.84	69	77.6
342	53.96	181.81	67	93.88
Drivers: 15
id	x	y	end	sensitivity
992	164.13	36.74	68	0.76
993	132.21	119.1	66	1.21
994	170.34	135.56	66	1.46
995	125.8	75.03	69	1.09
996	27.73	164.05	66	1.88
997	53.09	96.37	67	0.8
998	173.24	101.56	66	0.56
999	7.29	62.55	67	1.75
1000	34.4	46.13	69	1.76
1001	148.7	97.82	66	1.33
1002	149.22	130.71	67	0.93
1003	7.47	59.05	66	1.42
1004	147.54	193.13	69	1.32
1005	120.43	178.79	67	0.57
1006	159.32	160.84	66	1.55
Period: 67
Tasks:7
id	x	y	end	c
343	149.74	51.96	69	69.15
344	115.49	188.72	68	90.06
345	193.95	109.96	67	94.48
346	67.63	74.86	67	40.99
347	155.16	148.62	68	73.53
348	190.51	109.45	69	91
349	154.05	127.72	67	60.74
Drivers: 13
id	x	y	end	sensitivity
1007	98.49	146.64	69	0.75
1008	43.27	158.28	68	1.7
1009	43.66	148.29	69	1.29
1010	101.8	123.6	68	1.73
1011	168.85	146.19	68	1.68
1012	149.44	10.43	70	1.23
1013	173.51	195.03	69	0.61
1014	161.37	182.49	69	1.02
1015	155.27	164.96	69	0.91
1016	180.13	131.43	69	1.07
1017	142.25	72.57	67	0.75
1018	127.15	28.96	67	1.89
1019	155.96	135.9	67	0.7
Period: 68
Tasks:5
id	x	y	end	c
350	77.63	102.39	69	22.5
351	95.75	186.15	69	86.25
352	70.06	165.61	68	72.12
353	178.94	25.04	71	108.86
354	78.31	156.26	68	60.3
Drivers: 8
id	x	y	end	sensitivity
1020	47.1	184.87	68	0.53
1021	183.63	30.7	68	1.33
1022	151.61	116.91	68	1.19
1023	86.23	169.69	71	0.63
1024	34.07	67.32	68	0.63
1025	172.01	47.73	68	0.89
1026	56.74	91.47	68	1.6
1027	62.18	171.21	70	1.93
Period: 69
Tasks:7
id	x	y	end	c
355	103.28	81.99	71	18.31
356	24.46	130.27	73	81.38
357	60.72	131.19	69	50.16
358	171.46	35.14	69	96.51
359	172.29	105.16	70	72.47
360	0.17	40.14	70	116.4
361	149.39	141.82	73	64.72
Drivers: 13
id	x	y	end	sensitivity
1028	143.34	191.35	70	1.94
1029	147.97	112.38	69	1.47
1030	124.84	148.37	70	1.06
1031	185	1.68	69	1.15
1032	112.38	39.03	69	1.04
1033	131.74	161.03	70	0.98
1034	37.99	101.04	70	0.81
1035	197.28	18.35	70	1.97
1036	4.64	2.3	70	1.84
1037	36.93	196.87	71	1.42
1038	174.68	130.09	71	0.68
1039	121.08	168.05	70	0.51
1040	168.38	21.94	72	1.24
Period: 70
Tasks:5
id	x	y	end	c
362	72.39	109.09	70	29.07
363	45.34	40.86	72	80.53
364	4.54	27.92	70	119.62
365	94.4	4.3	70	95.86
366	190.4	64.48	71	97.13
Drivers: 16
id	x	y	end	sensitivity
1041	37.36	191.12	71	1.2
1042	83.88	103.82	72	0.91
1043	126.43	115.77	71	1.82
1044	196.37	146.12	70	1.8
1045	146.88	84.18	71	0.62
1046	74.46	153.55	71	0.77
1047	5.78	78.07	71	1.9
1048	128.88	61.57	71	0.84
1049	152.03	95.18	72	0.71
1050	113.42	15.22	71	0.87
1051	133.71	57.52	73	0.67
1052	22.92	160.94	72	1.72
1053	87.95	117.56	70	1.62
1054	135.25	90.6	70	1.36
1055	7.5	74.72	71	0.89
1056	187.56	195.45	70	1.31
Period: 71
Tasks:4
id	x	y	end	c
367	99.83	59.98	73	40.02
368	121.2	125.76	72	33.36
369	54.12	45.84	72	70.98
370	84.96	155.62	72	57.62
Drivers: 11
id	x	y	end	sensitivity
1057	60.98	59.71	74	1.28
1058	109.26	133.32	71	1.07
1059	60.33	47.24	72	0.64
1060	12	158.42	73	1.43
1061	76.71	138.31	74	0.98
1062	142.85	22.2	72	1.06
1063	75.16	35.86	73	0.83
1064	186.51	78.72	73	0.51
1065	187.39	89.01	71	1.74
1066	199.92	153.93	73	1.78
1067	112.14	165.84	71	1.5
Period: 72
Tasks:5
id	x	y	end	c
371	93.92	154.72	72	55.06
372	65.84	165.97	73	74.29
373	100.09	15.69	73	84.31
374	65.36	132.33	72	47.38
375	15.69	141.18	73	93.83
Drivers: 14
id	x	y	end	sensitivity
1068	21.4	101	74	1.8
1069	106.95	13.35	73	1.8
1070	114.11	22.18	72	1.62
1071	34.64	6.15	72	1.19
1072	15.95	85.77	73	1.1
1073	59.5	97.29	73	1.61
1074	183.21	147.67	73	1.51
1075	19.94	126.13	72	1.47
1076	50.55	39.8	73	1.62
1077	148.12	114.26	74	1.7
1078	100.45	118.37	74	1.2
1079	66.84	51.1	73	0.99
1080	70	47.49	72	1.85
1081	108.4	124.45	74	1.15
Period: 73
Tasks:3
id	x	y	end	c
376	187.05	104.4	76	87.16
377	189.52	196.49	76	131.62
378	42.7	120.82	74	60.97
Drivers: 7
id	x	y	end	sensitivity
1082	44.01	197.92	74	0.61
1083	23.48	129.04	74	1.53
1084	165.73	43.07	73	0.63
1085	39.9	52.07	73	1.61
1086	110.66	20.31	76	0.98
1087	155.17	44.6	73	1.25
1088	107.17	105.38	74	0.67
Period: 74
Tasks:7
id	x	y	end	c
379	185.1	174.98	76	113.42
380	22.62	195	77	122.53
381	184.39	189.89	76	123.3
382	163.73	17.91	75	103.92
383	92.94	104.6	76	8.43
384	167.88	121.68	77	71.26
385	107.95	30.03	75	70.42
Drivers: 18
id	x	y	end	sensitivity
1089	147.89	78.48	75	0.55
1090	103.87	37.83	74	1.9
1091	121.37	148.86	74	0.74
1092	25.74	135.56	78	1.1
1093	7.08	3.78	74	0.7
1094	131.09	73.18	74	0.86
1095	38.41	16.93	76	1.21
1096	192.88	116.71	75	0.66
1097	186.96	57.46	75	1.72
1098	139.9	96.44	75	0.61
1099	84.07	45.4	74	1.24
1100	160.32	146.61	75	1.01
1101	45.05	25.43	74	1.35
1102	9.31	88.65	75	1.03
1103	67.66	163.11	74	1.09
1104	26.08	4.06	74	0.52
1105	17.98	120.69	74	1.66
1106	122.99	30.83	75	0.7
Period: 75
Tasks:3
id	x	y	end	c
386	53.96	185.37	77	96.99
387	186.63	23.28	77	115.72
388	121.55	124.93	75	32.95
Drivers: 12
id	x	y	end	sensitivity
1107	109.21	28.11	76	1.49
1108	169.21	92.26	75	1.13
1109	156.98	35.54	75	1.72
1110	153.07	44.91	76	1.06
1111	146.38	104.66	76	0.7
1112	184.65	183.99	75	1.68
1113	184.97	28.91	78	1.65
1114	107.87	13.62	76	1.15
1115	102.76	28.82	75	0.75
1116	173.69	192.82	76	1.87
1117	51.75	159.65	76	1.97
1118	159.02	184.13	76	0.72
Period: 76
Tasks:7
id	x	y	end	c
389	77.36	6.48	77	96.22
390	54.42	46.17	76	70.54
391	184.05	23.18	76	113.87
392	135.55	7.11	78	99.46
393	69.08	60.19	76	50.41
394	155.83	79.51	76	59.47
395	142.44	93.5	76	42.93
Drivers: 19
id	x	y	end	sensitivity
1119	75.27	56.54	76	0.87
1120	86.7	3.11	78	1.51
1121	135.2	1.53	78	1.31
1122	123.3	96.72	79	1.88
1123	1.24	175.67	78	0.96
1124	5.6	165.72	78	0.52
1125	15.72	102.92	76	0.97
1126	53.15	3.19	77	1.31
1127	138.72	123.34	77	1.68
1128	1.71	170.9	78	0.99
1129	6.65	177.43	77	1.45
1130	149.89	180.6	77	1.83
1131	145.37	179.28	78	1.34
1132	139	188	77	1.1
1133	153.24	141.64	76	1.58
1134	76.37	163.99	79	0.84
1135	14.74	71.24	77	1.05
1136	26.93	164.06	77	1.05
1137	111.06	183.06	77	1.52
Period: 77
Tasks:6
id	x	y	end	c
396	75.84	109.49	77	25.96
397	82.85	142.72	79	46.03
398	83.9	122.58	78	27.73
399	78.96	114.58	78	25.6
400	144.7	109.07	77	45.61
401	10.19	148.91	78	102.26
Drivers: 14
id	x	y	end	sensitivity
1138	184.65	155.23	79	1.22
1139	135.91	11.46	77	1.9
1140	13.36	113.32	77	0.56
1141	163.95	35	77	1.29
1142	34.6	153.54	79	1.47
1143	193.59	164.17	78	0.92
1144	43.82	169.32	80	1.38
1145	67.28	149.09	77	1.27
1146	2.72	76.08	82	1.98
1147	101.65	185.53	78	1.65
1148	179.53	61.17	78	1.55
1149	23.27	154.84	77	0.73
1150	20.3	14.83	78	0.86
1151	49.54	148.74	79	1.94
Period: 78
Tasks:6
id	x	y	end	c
402	143.18	32.63	78	80.02
403	70.96	172.59	82	78.18
404	181.49	138.99	78	90.34
405	198.72	172.07	80	122.23
406	40.76	183.57	79	102.44
407	183.36	48.1	78	98.2
Drivers: 9
id	x	y	end	sensitivity
1152	98.13	14.24	80	0.8
1153	123.71	137.4	78	0.93
1154	21.92	63.75	78	1.09
1155	42.59	18.21	80	1.51
1156	196.19	170.23	79	1.62
1157	198.53	9.98	79	1.39
1158	68.65	50.92	79	1.59
1159	184.76	132.87	80	0.85
1160	164.32	51.32	79	0.96
Period: 79
Tasks:4
id	x	y	end	c
408	66.07	21.78	79	85.26
409	79.55	125.16	79	32.42
410	184.75	134.2	80	91.39
411	142.99	124.85	80	49.66
Drivers: 13
id	x	y	end	sensitivity
1161	17	198.03	79	1.82
1162	181.87	191.69	80	1.08
1163	59.97	41.25	81	0.76
1164	129.53	140.59	83	1.38
1165	101.57	132.79	79	1.35
1166	113.22	181.84	80	1.79
1167	196.01	197.02	79	0.58
1168	0.55	52.57	81	0.97
1169	163.96	139.23	81	1.28
1170	10.61	19.52	84	0.99
1171	167.74	51.9	80	0.91
1172	22.77	165.9	80	0.57
1173	85.35	16.63	80	1.73
Period: 80
Tasks:0
id	x	y	end	c
Drivers: 21
id	x	y	end	sensitivity
1174	195.2	82.71	80	1.52
1175	21.3	176.03	83	1.24
1176	80.82	145.26	82	0.84
1177	172.84	104.76	80	1.15
1178	79.91	197.38	80	1.87
1179	73.82	56.11	81	0.8
1180	186.96	77.66	82	1.36
1181	43.86	51.86	80	1.67
1182	71.37	167.21	82	0.73
1183	27.49	134.28	81	0.59
1184	167.92	8.28	82	1.45
1185	3.3	29.14	81	1.21
1186	75.03	95.72	82	0.6
1187	49.43	116.27	80	1.13
1188	119.75	127.62	80	0.63
1189	29.22	194.45	81	0.94
1190	152.46	116.41	83	1.14
1191	27.67	11.8	84	1.03
1192	94.8	29.77	81	1.39
1193	89.22	10.52	80	0.8
1194	110.84	10.46	80	1.74
Period: 81
Tasks:5
id	x	y	end	c
412	113.97	41.03	82	60.6
413	39.97	137.27	83	70.66
414	195.93	140.2	82	104.01
415	102.46	31.47	81	68.57
416	133.4	156.12	82	65.31
Drivers: 11
id	x	y	end	sensitivity
1195	39.79	135.61	83	0.74
1196	154.05	68.59	85	0.91
1197	21.56	144.89	82	0.88
1198	19.49	35.24	83	0.9
1199	74.08	35.04	81	0.94
1200	23.69	172.51	82	1.78
1201	104.86	131.71	82	0.71
1202	195.67	59.15	83	0.92
1203	31.41	55.44	81	1.01
1204	154.65	149.71	84	1.42
1205	96.38	124.75	84	1.97
Period: 82
Tasks:8
id	x	y	end	c
417	18.44	104.44	87	81.68
418	22.47	84.74	85	79.02
419	134.01	125.54	83	42.53
420	47.88	183.77	82	98.66
421	64.4	16.77	82	90.52
422	60.41	21.21	82	88.18
423	164.64	172.91	82	97.44
424	53.68	199.63	83	109.87
Drivers: 19
id	x	y	end	sensitivity
1206	108.9	13.68	83	1.8
1207	38.75	30.77	83	1.6
1208	63.62	22.34	83	1.35
1209	125.19	57.67	83	1.82
1210	43.46	179.45	82	0.84
1211	199.39	137.35	83	0.98
1212	54.98	38.49	84	1.99
1213	168.55	124.48	83	1.14
1214	57.14	77.67	83	1.6
1215	165.17	55.99	83	1.4
1216	20.13	82.05	82	1.04
1217	126.77	135.79	82	1.6
1218	3.94	70.83	82	1.16
1219	156.4	195.88	84	1.76
1220	32.53	67.45	82	1.43
1221	29.62	14.56	84	1.04
1222	181.73	83.63	82	1.61
1223	55.55	139.13	82	1.16
1224	103.36	24.25	83	1.6
Period: 83
Tasks:6
id	x	y	end	c
425	194.77	192.67	84	132.55
426	5.39	117.21	85	96.16
427	106.67	165.21	85	65.55
428	159.67	37.72	84	86.25
429	52.79	191.49	84	102.95
430	81.65	87.63	84	22.13
Drivers: 10
id	x	y	end	sensitivity
1225	9.55	34.32	84	1.4
1226	121.79	150.99	84	1.41
1227	196.52	112.99	85	1.36
1228	30.94	150.45	84	1.75
1229	173.01	143.8	83	1.2
1230	177.36	149.61	84	0.92
1231	0	184.39	85	1.57
1232	70.92	28.38	85	1.43
1233	13.34	40.72	84	1.02
1234	170.79	151.34	84	1.4
Period: 84
Tasks:5
id	x	y	end	c
431	100.22	118.35	85	18.35
432	192.28	136.51	86	99.24
433	43.35	83.44	84	59.02
434	195.43	147.83	84	106.75
435	9.36	62.46	85	98.11
Drivers: 9
id	x	y	end	sensitivity
1235	40.09	189.12	85	1.14
1236	190.22	176.5	84	0.75
1237	114.24	72.37	85	1.6
1238	3.19	175.7	86	0.64
1239	142.26	181.64	84	1.91
1240	152.73	77.71	84	1.59
1241	82.56	180.72	85	1.58
1242	75.5	137.72	84	1.55
1243	104.94	94.19	85	1.28
Period: 85
Tasks:6
id	x	y	end	c
436	176.5	71.47	86	81.65
437	41.42	24.15	85	95.84
438	96.43	70.23	85	29.98
439	59.16	106.14	87	41.3
440	177.45	62.18	87	86.19
441	42.9	76.92	85	61.59
Drivers: 23
id	x	y	end	sensitivity
1244	194.56	94.48	87	0.9
1245	136.89	17.15	86	1.17
1246	61.06	118.09	86	1.19
1247	101.15	89.85	85	0.8
1248	102.89	72.4	86	1.24
1249	59.02	88.74	85	0.68
1250	27.98	56.09	86	1.71
1251	196.54	188.5	86	0.95
1252	128.41	73.09	85	0.72
1253	95.17	24.56	85	1.68
1254	70.26	196.15	85	0.91
1255	8.79	145.76	86	1.68
1256	111.83	176.76	86	0.84
1257	127.32	101.61	87	1.39
1258	76.88	120.59	86	1.68
1259	49.93	48.65	85	1.41
1260	26.41	155.05	88	0.54
1261	177.71	174.18	88	1.92
1262	34.7	67.8	88	1.78
1263	152.38	52.15	86	1.64
1264	95.29	192.77	85	1.14
1265	146.72	103.05	87	1.98
1266	29.29	122.72	88	1.03
Period: 86
Tasks:4
id	x	y	end	c
442	54.89	25.05	86	87.48
443	189.81	45.86	87	104.87
444	52.66	124.71	89	53.4
445	180.13	135.48	88	87.63
Drivers: 13
id	x	y	end	sensitivity
1267	23.01	28.49	86	1.1
1268	27.96	166.2	89	0.77
1269	27.64	33.8	87	1.96
1270	150.77	93.95	87	1.75
1271	89.75	179.01	87	0.77
1272	22.4	142.32	86	0.96
1273	157.96	119.37	87	1.86
1274	31.64	51.47	86	1.92
1275	60.45	27.37	87	1.11
1276	91.18	125.92	86	1.73
1277	105.99	156.39	86	1.06
1278	92.51	140.95	87	1.26
1279	100.99	72.81	88	1.77
Period: 87
Tasks:3
id	x	y	end	c
446	57.71	151.2	87	66.41
447	10.4	195.54	88	130.98
448	108.17	30.75	88	69.73
Drivers: 13
id	x	y	end	sensitivity
1280	75.1	75.01	88	0.63
1281	116.17	179.88	89	0.68
1282	154.77	154.02	87	0.97
1283	75.65	43.41	88	1.4
1284	187.04	160.14	87	0.72
1285	44.48	178.07	87	1.71
1286	136.38	48.59	87	1.21
1287	33.43	104.17	88	0.64
1288	166.54	62.05	89	0.95
1289	37.36	147.83	87	0.6
1290	68.81	116.28	88	1.87
1291	26.19	51.62	88	1.92
1292	68.63	115.13	90	1.47
Period: 88
Tasks:3
id	x	y	end	c
449	76.27	19.49	90	83.93
450	27.7	14.86	89	111.7
451	19.87	112.01	88	81.03
Drivers: 27
id	x	y	end	sensitivity
1293	8.63	82.14	89	1.08
1294	150.42	24.79	90	0.56
1295	64.77	152.66	89	0.92
1296	14.09	100.25	88	0.56
1297	171.82	110.97	90	0.55
1298	111.8	144.66	90	0.81
1299	174.88	159.01	90	0.58
1300	122.64	68.21	88	0.7
1301	53.73	2.45	92	1.57
1302	8.69	69.9	89	1.8
1303	36.85	174.62	90	1.27
1304	64.24	125.35	92	0.64
1305	195.15	53.71	92	0.71
1306	54.94	121.76	88	0.86
1307	83.79	194.7	89	1.61
1308	143.64	5.58	88	1.25
1309	40.3	119.5	89	1.94
1310	92.97	170.2	90	1.49
1311	136.86	82.59	90	0.68
1312	87.01	28.37	91	1.22
1313	17.72	132.69	89	0.65
1314	175.41	144.21	89	1.76
1315	194.15	86.05	90	1.77
1316	142.97	41.1	88	1.5
1317	6.1	88.72	88	0.6
1318	84.7	11.88	88	1.81
1319	5.95	82.8	88	1.04
Period: 89
Tasks:3
id	x	y	end	c
452	35.63	121.73	90	67.94
453	65.09	88.6	89	36.72
454	129.71	57.92	89	51.51
Drivers: 14
id	x	y	end	sensitivity
1320	53.92	35.76	89	1.32
1321	58.76	55	89	0.82
1322	122.68	138.99	90	0.77
1323	149.68	190.59	92	1.97
1324	66.31	5.84	89	1.77
1325	87.09	191.72	89	1.77
1326	8.1	77.32	90	1.38
1327	149.27	108.85	89	0.85
1328	90.64	187.47	90	0.74
1329	126.45	90.77	90	0.85
1330	37.57	58.14	91	0.6
1331	49.48	89.79	90	1.09
1332	147.13	137.21	90	1.67
1333	102.75	123.4	91	1.27
Period: 90
Tasks:3
id	x	y	end	c
455	121.36	164.13	90	67.59
456	135.04	147.04	90	58.66
457	33.24	27.22	90	98.76
Drivers: 13
id	x	y	end	sensitivity
1334	167.31	69.89	91	1.59
1335	114.62	26.67	92	1.92
1336	123.9	153.47	90	0.73
1337	67.25	189.4	91	1.2
1338	75.63	82.75	90	0.5
1339	40.59	83.48	91	1.98
1340	161.08	17.9	91	0.81
1341	41.94	30.08	92	0.98
1342	125.59	13.21	91	1.35
1343	47.79	106.62	90	1.41
1344	142.93	78.62	91	1.6
1345	97.51	84.55	91	1.71
1346	101.69	147.01	90	1.59
Period: 91
Tasks:5
id	x	y	end	c
458	18.62	154.32	92	97.84
459	74.08	52.52	92	54.09
460	37.39	36.36	92	89.28
461	182.7	141.45	91	92.51
462	169.98	175.22	91	102.74
Drivers: 10
id	x	y	end	sensitivity
1347	13.24	23.3	92	0.98
1348	55.89	35.31	93	1.44
1349	32.46	194.06	92	0.51
1350	109.84	177.24	93	0.9
1351	67.85	7.72	91	0.99
1352	8.61	10.17	92	0.85
1353	82.63	34.43	93	0.73
1354	21.1	109.69	93	0.76
1355	197.65	19.42	91	1.23
1356	176.61	5.4	92	1.17
Period: 92
Tasks:5
id	x	y	end	c
463	139.09	20.34	92	88.73
464	15.6	183.12	94	118.46
465	85.93	55.94	93	46.25
466	155.14	14.66	92	101.6
467	14.76	157.69	93	102.93
Drivers: 14
id	x	y	end	sensitivity
1357	79.67	55.08	93	1.39
1358	15.32	112.23	94	0.6
1359	184.9	106.52	92	1.33
1360	115.69	137.81	92	1.44
1361	99.2	72.75	93	1.59
1362	76.01	146.33	93	1.57
1363	81.12	108.08	93	0.82
1364	60.36	7.19	93	1.81
1365	188.62	162.03	92	0.77
1366	70.53	34.91	95	0.57
1367	91.11	169.93	93	1.63
1368	144.33	187.49	94	0.77
1369	182.59	117.65	93	1.72
1370	114.61	114.44	95	0.84
Period: 93
Tasks:4
id	x	y	end	c
468	197.83	35.91	95	116.95
469	134.77	128.69	94	45.08
470	103.7	163.53	94	63.64
471	21.5	174.99	93	108.56
Drivers: 12
id	x	y	end	sensitivity
1371	38.09	169.17	93	1.51
1372	24.07	148.1	96	1.8
1373	194.42	57.76	95	1.88
1374	39.07	99.69	96	0.64
1375	119.73	62.5	94	0.98
1376	83.84	57.69	95	0.57
1377	67.33	29.46	94	0.68
1378	65.69	166.71	94	0.75
1379	60.15	101.42	95	1.84
1380	88.29	40.88	93	0.85
1381	86.78	181.44	93	1.17
1382	48.39	126.41	93	0.73
Period: 94
Tasks:7
id	x	y	end	c
472	55.67	156.08	97	71.49
473	152.64	127.53	95	59.4
474	56.91	66.98	94	54.29
475	65.01	122.16	96	41.42
476	66.73	179.75	95	86.41
477	71.15	74.05	94	38.8
478	157.4	160.93	94	83.71
Drivers: 12
id	x	y	end	sensitivity
1383	119.12	10.02	99	1.67
1384	135.74	144.51	94	1.24
1385	101.67	25.2	96	0.82
1386	178.06	116.98	94	1.57
1387	138.78	6.45	95	1.57
1388	42.8	19.03	96	1.47
1389	80.03	79.77	94	1.99
1390	106.15	4.39	95	1.12
1391	133.5	117.69	97	1.15
1392	41.69	54.82	95	1.25
1393	176.04	152.96	94	1.18
1394	161.2	102.33	96	0.67
Period: 95
Tasks:8
id	x	y	end	c
479	108.56	72.34	96	28.95
480	128.16	111.83	96	30.54
481	21.64	43.51	96	96.6
482	113.33	65.79	95	36.72
483	110.11	31.68	96	69.06
484	48.18	145.06	96	68.67
485	129.25	124.63	96	38.24
486	51.44	38.36	96	78.47
Drivers: 21
id	x	y	end	sensitivity
1395	50.61	113.41	96	1.5
1396	179.38	190.72	96	0.53
1397	176.38	122.88	96	1.33
1398	145	190.57	96	0.51
1399	45.18	101.16	95	1.4
1400	59.72	150.56	95	1.7
1401	30.39	82.21	95	1.08
1402	110.29	188.21	96	0.75
1403	191	109.34	96	0.89
1404	87.41	96.2	97	0.76
1405	129.33	126.26	96	1.89
1406	6.18	158.23	96	1.64
1407	195.29	170.19	95	1.97
1408	107.06	80.44	96	1.5
1409	47.03	79.66	95	0.7
1410	48.21	49.3	96	1.06
1411	85.26	49.85	96	1.54
1412	14.67	135.46	95	1.27
1413	12.05	80.45	96	1.19
1414	105.44	143.44	95	1.2
1415	26.44	57.75	95	1.53
Period: 96
Tasks:3
id	x	y	end	c
487	7.58	130.09	96	97.19
488	195.5	3.27	97	135.93
489	145.39	161.54	98	76.47
Drivers: 18
id	x	y	end	sensitivity
1416	99.9	96.84	98	1.25
1417	98.11	48.51	96	1.08
1418	53.44	143.24	96	1.05
1419	117.18	168.01	98	1.13
1420	98.59	43.94	97	0.51
1421	20.57	161.82	98	1.89
1422	103.87	192.75	96	1.46
1423	33.7	25.9	96	0.6
1424	34.39	75.76	97	1.13
1425	85.88	72.06	96	0.73
1426	66.35	81.94	96	1.35
1427	140.08	42.7	96	1.59
1428	107.99	69.5	97	1.1
1429	180.15	117.91	96	1.08
1430	196.2	68.46	96	0.86
1431	64.21	151.85	97	1.87
1432	179.5	55.94	98	0.51
1433	85.32	68.91	98	1.75
Period: 97
Tasks:7
id	x	y	end	c
490	73.02	44.03	98	62.13
491	28.56	76.88	97	75.09
492	129.48	52.26	98	56.11
493	33.17	157.87	97	88.4
494	192.97	114.03	98	94.02
495	21.31	105.78	98	78.9
496	31.22	183.68	97	108.32
Drivers: 20
id	x	y	end	sensitivity
1434	91.9	43.57	97	1.06
1435	14.72	45.74	97	1.12
1436	135.1	182.35	99	1.96
1437	183.47	158.17	99	1.88
1438	29.25	75.64	99	1.01
1439	148.76	50.42	97	0.5
1440	137.52	67.8	100	0.88
1441	65.39	67.78	98	1.97
1442	115.47	167.3	97	0.58
1443	89.89	96.85	98	1.16
1444	156.65	165.14	98	0.8
1445	176.13	149.35	98	0.69
1446	67.17	126.62	98	1.35
1447	139.01	120.25	97	0.79
1448	64.72	74.81	97	0.92
1449	55.55	126.17	97	1.59
1450	154.65	48.17	97	1.29
1451	173.24	35.05	99	1.97
1452	5.66	11.85	98	1.83
1453	34.31	39.68	98	0.77
Period: 98
Tasks:7
id	x	y	end	c
497	74.49	187.23	99	90.88
498	0.25	164.76	98	118.93
499	142.52	143.13	98	60.57
500	189.01	77.02	98	91.93
501	3.25	59.46	98	104.9
502	45.5	166.66	100	86.1
503	31.52	173.09	99	100.16
Drivers: 13
id	x	y	end	sensitivity
1454	72.8	89.59	98	1.21
1455	145.66	168.99	98	1.3
1456	118.24	124.62	99	0.7
1457	83.3	103.55	99	1.59
1458	30.22	126.06	101	1.39
1459	79.7	159.02	99	1.84
1460	60.6	14.22	101	0.7
1461	152.82	128.26	99	1.62
1462	199.91	192.89	98	1.4
1463	191.55	158.98	100	0.99
1464	128.79	105.84	99	1.5
1465	30.89	136.37	98	1.14
1466	9.5	133.94	99	1.57
Period: 99
Tasks:1
id	x	y	end	c
504	99	76.43	99	23.59
Drivers: 22
id	x	y	end	sensitivity
1467	196.35	25.27	100	0.51
1468	32.41	13.97	100	0.9
1469	120.29	57.23	101	1.95
1470	133.87	168.84	100	0.71
1471	17.02	45.85	100	1.7
1472	57.15	100.88	100	1.06
1473	73.78	3.93	99	1.46
1474	18.19	14.8	100	1.06
1475	67.19	66.52	101	1.71
1476	19.18	145.49	99	1.55
1477	131.65	16.01	101	1.11
1478	73.93	79.49	100	1.73
1479	182.68	172.14	99	0.85
1480	182.15	26.5	100	1.14
1481	9.02	77.59	100	1.88
1482	96.57	156.07	102	1.79
1483	153.27	24.12	101	1.54
1484	21.97	127.48	101	1.23
1485	46.19	51.98	100	0.92
1486	147.36	4.55	100	0.72
1487	0.32	32.32	99	0.98
1488	12.38	8.11	100	1.24
Period: 100
Tasks:2
id	x	y	end	c
505	18.96	8.57	102	122.18
506	8.2	105.97	101	91.99
Drivers: 14
id	x	y	end	sensitivity
1489	197.16	45.76	100	0.65
1490	125.14	82.46	100	1.16
1491	87.5	183.21	100	1.5
1492	61.36	174.96	102	1.13
1493	63.46	113.1	101	0.86
1494	127.17	87.75	100	1.26
1495	126.16	78.2	100	0.76
1496	101.83	60.2	101	1.79
1497	75.64	9.61	104	0.82
1498	153.78	83.72	100	0.52
1499	3.99	38.32	101	1.41
1500	100.03	196.87	101	0.65
1501	22.5	12.4	100	1.18
1502	134.49	74.67	103	0.83
