Periods: 100
Task Arrival Rate: 10
Task Average Time: 3
Driver Arrival Rate: 15
Driver Average Time: 2
Period: 1
Tasks:8
id	x	y	end	c
1	156.35	158.08	3	80.92
2	68.5	92.02	6	32.5
3	14.32	110.54	4	86.33
4	48.13	183.8	2	98.55
5	130.31	168.04	3	74.49
6	54.04	38.71	6	76.61
7	31.38	13.75	5	110.22
8	48.61	44.22	8	75.84
Drivers: 15
id	x	y	end	sensitivity
1	180.81	160.58	6	0.57
2	177.06	81.16	2	1.94
3	22.99	147.96	1	0.79
4	29.37	183.39	1	0.99
5	10.45	89.48	4	1.13
6	180.13	57.42	3	1.03
7	2.16	170.13	1	1.73
8	176.82	147.05	5	1.9
9	49.56	162.67	2	1.65
10	166.21	131.55	3	1.24
11	121.61	190.84	3	0.58
12	89.91	57.14	2	0.84
13	124.65	108.97	5	1.76
14	198.84	156.98	1	1.15
15	45.23	39.56	2	1.82
Period: 2
Tasks:12
id	x	y	end	c
9	195.39	78.18	3	97.85
10	36.56	82.74	6	65.75
11	187.4	22.21	9	117
12	112.07	168.7	7	69.75
13	132.75	83.56	3	36.64
14	2.3	20.35	6	126.05
15	55.52	114.96	4	46.93
16	112.91	70.01	4	32.65
17	159.53	170.08	5	91.95
18	71.05	85.74	9	32.27
19	42.67	185.93	5	103.3
20	116.08	94.59	8	16.97
Drivers: 15
id	x	y	end	sensitivity
16	78.95	132.02	5	1.86
17	128.65	71.18	3	1.05
18	86.95	15.4	3	1.31
19	90.66	129.35	5	1.35
20	32.1	81.82	6	1.63
21	62.28	113.37	3	1.34
22	122.65	141.78	4	1.72
23	71.65	5.59	5	1.38
24	110.98	14.84	4	0.57
25	58.48	183.95	5	1.91
26	16.34	181.91	2	1.23
27	156.46	126.04	5	0.51
28	193.45	28.23	4	0.6
29	52.73	95.13	3	1.69
30	16.36	110.39	6	0.52
Period: 3
Tasks:8
id	x	y	end	c
21	75.45	70.78	10	38.16
22	126.46	138.13	5	46.41
23	88.25	65.24	6	36.69
24	3.69	121.14	4	98.6
25	18.27	52.34	5	94.61
26	105.42	50.73	5	49.57
27	174.77	163.99	8	98.41
28	14.46	51.17	8	98.5
Drivers: 15
id	x	y	end	sensitivity
31	37.37	155.75	4	1.42
32	100.29	128.47	4	0.5
33	133.79	34.15	4	1.36
34	181.21	147.98	5	0.78
35	128.35	13.57	5	1.59
36	194.94	10.79	6	1.98
37	20.86	162.99	7	1.48
38	45.37	128.5	3	1.93
39	122.87	68.38	4	1
40	23.84	9.41	3	0.92
41	87.76	58.28	4	1.82
42	150.5	124.26	3	1.17
43	68.97	107.2	3	0.77
44	59.01	0.24	3	1.36
45	108.29	197	7	1.05
Period: 4
Tasks:12
id	x	y	end	c
29	78.95	172.56	8	75.55
30	84.5	171.23	6	72.9
31	61.87	97.32	9	38.22
32	116.88	144.44	8	47.54
33	20.46	103.15	6	79.6
34	129.83	122.01	5	37.07
35	82.37	136.39	9	40.44
36	11.51	35.46	8	109.53
37	57.37	1.78	6	107.07
38	177.47	148.12	12	91.2
39	3.24	140.35	5	104.84
40	17.83	74.74	7	85.96
Drivers: 12
id	x	y	end	sensitivity
46	120.26	29.91	4	0.89
47	117.38	142.11	6	0.81
48	132.45	174.39	6	1.99
49	138.15	2.86	4	1.3
50	77	28.77	4	1.44
51	53.81	176.22	5	1.04
52	0.2	61.66	6	1.36
53	110.19	126.59	7	1.41
54	106.27	115.19	7	1.98
55	25.82	175.21	6	1.66
56	12.61	38.26	8	0.62
57	180.58	94.02	4	1.78
Period: 5
Tasks:7
id	x	y	end	c
41	59.56	157.54	11	70.33
42	141.96	199.94	5	108.39
43	115.66	92.79	9	17.24
44	127.67	132.37	9	42.58
45	33.92	4.75	10	115.93
46	181.54	179.65	9	113.99
47	54.28	103.68	9	45.87
Drivers: 15
id	x	y	end	sensitivity
58	79.83	103.78	8	1.81
59	8.96	165.16	8	0.96
60	40.27	117.35	8	1.35
61	177.51	27.65	7	1.17
62	116.31	62.32	8	1.01
63	53.96	0.27	7	1.49
64	192.55	59.5	6	1.7
65	72.01	13.53	8	1.23
66	71.86	57.93	8	1.93
67	117.96	154.09	8	1.46
68	91.88	184.81	6	1.44
69	160.44	53.94	6	0.57
70	123.22	86.79	8	1.61
71	177.52	182.73	9	1.32
72	48.42	58.51	7	1.2
Period: 6
Tasks:9
id	x	y	end	c
48	122.62	79.18	9	30.74
49	80.48	16.75	6	85.51
50	17.09	53.91	8	94.86
51	173.48	2.65	10	121.97
52	159.75	176.03	9	96.7
53	110.16	197.65	8	98.18
54	177.89	35.2	8	101.32
55	191.64	185.65	10	125.43
56	173.44	172.61	14	103.27
Drivers: 13
id	x	y	end	sensitivity
73	89.74	58.17	10	0.93
74	94.77	170.19	8	1.98
75	19.95	35.2	8	0.65
76	0.71	116.66	10	1.51
77	143.12	164.81	7	1.6
78	17.8	112.23	8	1.22
79	53.19	79.73	9	0.56
80	159.22	138.49	8	1.42
81	26.81	47.38	11	1.2
82	9.5	139.13	7	1.52
83	20.02	58.07	7	1.78
84	70.39	67.02	7	1.78
85	127.09	177.77	7	0.82
Period: 7
Tasks:8
id	x	y	end	c
57	111.58	182.35	8	83.16
58	146.63	42.59	8	73.96
59	29.76	59.03	9	81.32
60	126.84	199.29	12	102.85
61	46.66	35.09	10	84.01
62	85.02	141.81	7	44.41
63	159.47	66.16	8	68.42
64	160.87	19.45	10	100.96
Drivers: 15
id	x	y	end	sensitivity
86	184.61	67.27	10	0.7
87	116.65	55.03	8	0.62
88	105.79	153.93	8	1.58
89	103.14	79.35	10	1.97
90	157.09	37.71	10	0.56
91	145.08	185.45	12	1.13
92	130.11	181.26	7	1.67
93	35.4	185.76	8	1.67
94	166.79	87.24	8	1.26
95	111.56	80.63	8	0.63
96	95.89	91.84	13	0.81
97	96.31	144.57	9	1.9
98	9.39	4.03	9	1.79
99	11.7	22.36	11	1.86
100	157.46	46.32	8	0.57
Period: 8
Tasks:7
id	x	y	end	c
65	129.63	168.31	11	74.46
66	1.69	177.59	10	125.24
67	77.48	184.3	9	87.26
68	85.45	172.45	13	73.9
69	53.26	147.56	11	66.68
70	161.32	127.63	12	67.26
71	158.06	24.62	10	95.15
Drivers: 13
id	x	y	end	sensitivity
101	56.16	34.77	8	1.34
102	73.37	50.75	10	1.63
103	11.03	14.02	9	0.54
104	85.99	91.29	9	0.8
105	36.83	12.19	9	1.09
106	85.79	129.46	12	1.37
107	45.02	117.07	11	0.73
108	164.52	82.39	9	1.43
109	122.61	64.48	11	0.63
110	41.93	197.46	10	0.95
111	152.1	63.32	10	1.52
112	34.87	194.1	10	1.8
113	41.52	109.8	8	1.3
Period: 9
Tasks:7
id	x	y	end	c
72	99.97	132.65	11	32.65
73	88.59	65.86	14	36
74	71.09	60.31	10	49.1
75	83.79	15.29	16	86.25
76	15.76	100.57	13	84.24
77	105.11	163.29	10	63.5
78	140.78	53.62	15	61.76
Drivers: 15
id	x	y	end	sensitivity
114	126.01	192.92	11	1.79
115	58.49	22.09	11	1.49
116	83.51	19.21	13	1.41
117	71.91	134.07	11	0.58
118	69.63	147.93	10	1.99
119	91.3	86.69	10	1.97
120	87.88	86.72	10	1.81
121	160.25	186.72	12	0.9
122	146.82	75.14	9	1.22
123	126.96	17.6	12	1.9
124	183.65	88.99	10	1.63
125	7.3	195.23	12	1.99
126	117.98	159.32	10	1.24
127	61.7	0.42	14	1.93
128	120.88	22.56	11	1.25
Period: 10
Tasks:10
id	x	y	end	c
79	160.97	99.05	11	60.98
80	188.12	173.06	11	114.47
81	22.64	41	12	97.29
82	152.35	132.16	11	61.44
83	50.08	188.34	12	101.47
84	66.51	3.2	19	102.43
85	47.16	28.54	15	88.87
86	125.68	29.77	16	74.78
87	100.79	46.59	13	53.42
88	14.72	102.43	12	85.31
Drivers: 18
id	x	y	end	sensitivity
129	178.5	23.47	11	0.63
130	179.43	53.25	11	1.49
131	71.49	111.01	11	0.9
132	160.1	56.64	10	1.48
133	45.66	120.17	10	1.42
134	123.1	87.51	13	1.43
135	121.13	70.75	13	1.5
136	152.83	36.78	11	0.62
137	110.69	31.54	10	0.58
138	56.98	136.89	12	0.73
139	74.14	4.99	11	1.59
140	112.34	88.63	13	0.8
141	147.84	112.95	13	1.63
142	57.23	173.67	12	1.01
143	135.08	38.45	11	0.53
144	46.9	29.05	13	0.74
145	58.47	183.26	11	1.31
146	121.01	175.14	12	1.18
Period: 11
Tasks:12
id	x	y	end	c
89	104.74	17.29	13	82.85
90	106.82	119.75	11	20.89
91	12.26	149.59	15	100.78
92	167.61	150.26	13	84.24
93	27.44	78.15	16	75.78
94	149.59	191.45	11	104.03
95	179.67	35.78	15	102.33
96	16.47	39.06	13	103.4
97	108.52	190.22	15	90.62
98	160.95	182.04	16	102.2
99	91.13	143.28	13	44.18
100	102.07	125.13	16	25.22
Drivers: 17
id	x	y	end	sensitivity
147	4.27	172.2	14	1.58
148	56.59	176.71	12	1.84
149	119.64	1.52	15	0.63
150	169.41	192.61	13	1.98
151	159.53	57.24	11	0.93
152	108.72	19.58	13	1.79
153	1.83	10.22	16	0.9
154	160.63	44.2	14	1.62
155	187.52	14.35	15	1.68
156	89.62	151.22	14	1.98
157	118.5	99.7	14	0.88
158	98.72	33.81	11	1.66
159	69.13	127.88	14	1.53
160	47.85	138.27	11	1.3
161	147.82	125.36	14	1.14
162	29.22	2.33	14	0.84
163	179.3	29.25	14	1.19
Period: 12
Tasks:9
id	x	y	end	c
101	33.82	139.2	17	76.92
102	22.22	113.58	13	78.96
103	192.72	39.3	16	110.82
104	186.19	198.69	14	131.03
105	153.2	135.2	13	63.79
106	113.29	44.55	18	57.02
107	56.46	118.96	14	47.49
108	157.32	182.85	13	100.75
109	53.56	128.35	18	54.41
Drivers: 16
id	x	y	end	sensitivity
164	156.77	56.61	12	1.53
165	29.06	15.18	16	0.76
166	85.36	50.74	13	1.17
167	61.63	115.16	14	0.82
168	43.46	33.63	13	0.83
169	65.13	187.01	17	1.46
170	117.06	93.51	16	1.94
171	31.57	134.51	13	1.56
172	144.67	4.86	13	0.52
173	124.26	125.56	14	1.31
174	14.94	128.22	17	0.87
175	20.09	156.68	14	1.62
176	115.94	153.38	15	1.54
177	72.73	1.69	14	0.74
178	96.95	142.75	14	0.89
179	149.3	192.42	15	0.96
Period: 13
Tasks:12
id	x	y	end	c
110	44.66	138.63	17	67.49
111	46.03	122.79	18	58.58
112	4.23	42.07	14	111.93
113	33.83	153.69	17	85.21
114	72.44	37.06	18	68.71
115	117.23	165.77	17	67.99
116	169.33	108.4	19	69.84
117	93.16	64.93	15	35.73
118	41.54	7.6	14	109.34
119	117.99	66.1	15	38.38
120	63.29	45.59	15	65.64
121	120.38	128.19	16	34.79
Drivers: 13
id	x	y	end	sensitivity
180	96.45	180.4	13	0.62
181	6.93	132.81	14	1.27
182	16.72	128.28	16	0.62
183	59.32	142.44	14	1.88
184	150.37	83.39	16	0.75
185	2.2	136.92	16	0.9
186	107.08	104.33	13	1.87
187	102.65	88.75	15	1.27
188	165.5	109.86	13	1.75
189	56.04	119.97	18	0.59
190	120.1	80.81	15	1.81
191	131.48	124.56	14	0.69
192	100.23	144.83	15	0.56
Period: 14
Tasks:11
id	x	y	end	c
122	116.03	41.54	18	60.62
123	158.22	166.27	18	88.21
124	68.59	73.73	21	40.95
125	174.33	87.92	17	75.31
126	44.61	10.31	17	105.42
127	106.78	97.63	16	7.18
128	104.88	159.04	14	59.24
129	11.26	99.03	15	88.75
130	170.98	60.58	14	81.19
131	59.44	20.32	19	89.41
132	123.58	135.05	16	42.24
Drivers: 11
id	x	y	end	sensitivity
193	182.94	96.2	15	0.85
194	43.06	90.77	19	0.53
195	129.86	98.68	16	1.76
196	126.3	165.17	14	0.68
197	105.41	1.73	16	1.72
198	37.99	18.89	18	1.82
199	33.85	97.6	18	1.39
200	78.31	96.28	14	1.89
201	48.86	183.31	14	1.09
202	91.97	11.88	15	1.06
203	100.44	12.29	17	1.9
Period: 15
Tasks:9
id	x	y	end	c
133	149.98	150.84	19	71.29
134	110.69	11.86	16	88.79
135	8.53	105.81	17	91.65
136	82.3	71.75	20	33.34
137	134.26	138.43	19	51.48
138	69.86	124.3	17	38.72
139	67.95	139.42	20	50.8
140	7.8	70.05	18	96.94
141	91.93	35.01	17	65.49
Drivers: 8
id	x	y	end	sensitivity
204	35.32	39.98	17	1.94
205	188.49	169.73	17	0.8
206	170.95	111.04	17	1.83
207	186.13	149.54	19	1.4
208	184.93	172.12	16	1.8
209	43.63	104.18	18	1.51
210	62.1	100.3	15	0.62
211	137.18	196.21	17	0.6
Period: 16
Tasks:11
id	x	y	end	c
142	150.21	102.65	19	50.28
143	3.79	198.99	19	138.04
144	151.23	40.89	19	78.22
145	43.59	194.18	17	109.78
146	19.47	172.56	18	108.4
147	183.72	74.58	19	87.49
148	10.57	107.05	16	89.71
149	91.08	172.24	20	72.79
150	26.68	137.22	22	82.23
151	80.55	49.73	18	53.9
152	191.86	67.73	16	97.36
Drivers: 18
id	x	y	end	sensitivity
212	8.57	5.45	18	1.11
213	114.06	24.04	21	1.59
214	180.32	91.92	17	1.18
215	35.86	108.84	17	1.99
216	167.01	12.99	18	1.52
217	192.55	147.08	16	0.64
218	55.51	37.92	16	1.34
219	34.14	85.7	18	1.59
220	25.37	78.34	18	1.31
221	123.19	187.26	19	1.04
222	127.75	34.8	18	1.82
223	93.32	58.89	19	0.8
224	171.91	186.05	18	0.64
225	144.98	65.8	16	1.63
226	108.61	190.91	19	1.95
227	59.8	39.61	17	1.6
228	69.41	73.16	17	1.1
229	65.98	198.33	18	1.12
Period: 17
Tasks:9
id	x	y	end	c
153	100.43	144.54	18	44.54
154	69.14	9.38	20	95.73
155	132.26	15.63	20	90.33
156	113.17	74.36	20	28.82
157	189.91	138.87	18	97.95
158	117.32	53.85	25	49.29
159	48.89	5	18	107.88
160	82.46	111.93	22	21.21
161	112.5	18.32	22	82.63
Drivers: 20
id	x	y	end	sensitivity
230	114.51	25.58	23	1.03
231	32.21	77.39	22	1.17
232	105.33	171.5	21	1.32
233	89.91	80.28	19	1.35
234	38.81	140.34	18	1.95
235	31.96	173.44	17	0.93
236	54.95	157.2	18	1.02
237	194.67	175.17	20	1.85
238	162.93	49.37	19	0.81
239	79.88	108.02	19	0.67
240	39.23	137.57	20	1.37
241	131.27	128.55	20	1.6
242	3.88	110.94	20	0.89
243	178.74	159.9	18	1.47
244	33.64	127.75	17	1.48
245	23.82	138.53	18	1.81
246	156.92	7.41	19	1.47
247	190.07	0.53	18	1.57
248	83.27	32.56	21	1.88
249	38.88	42.17	17	0.56
Period: 18
Tasks:9
id	x	y	end	c
162	93.32	82.36	22	18.86
163	189.49	174.6	20	116.51
164	107.11	76.01	21	25.02
165	61.22	36.01	27	74.82
166	85.44	185.99	23	87.21
167	26.37	79.5	21	76.43
168	5.12	77.83	25	97.44
169	99.31	60.34	20	39.67
170	21.81	81.29	22	80.4
Drivers: 19
id	x	y	end	sensitivity
250	60.12	76.6	18	1.23
251	67.69	24.01	18	1.86
252	144.79	93.67	20	1.57
253	24.67	44.97	19	1.09
254	136.48	198.33	21	0.75
255	112.12	91	22	1.63
256	21.83	48.38	20	0.83
257	35.7	13.1	21	0.74
258	124.91	45.54	20	1.49
259	34.7	156.2	19	1.23
260	104.43	63.53	21	1.05
261	117.18	95.38	20	1.8
262	74.7	93.95	18	0.6
263	76.01	192.08	21	0.95
264	195.55	141.31	22	1.76
265	42.61	99.37	20	0.91
266	108.11	51.84	20	1.92
267	119.83	171.25	19	1.14
268	167.73	148.07	21	1.61
Period: 19
Tasks:11
id	x	y	end	c
171	20.92	132.71	22	85.58
172	84.91	100.29	23	15.09
173	79.1	111.3	24	23.76
174	158.19	131.84	21	66.33
175	133.41	72.81	22	43.08
176	2.57	111.97	23	98.16
177	140.66	102.86	21	40.76
178	105.21	164.13	23	64.34
179	144.44	68.35	23	54.56
180	185.41	198.9	20	130.68
181	116.63	175.94	23	77.74
Drivers: 16
id	x	y	end	sensitivity
269	0.27	150.73	20	1.7
270	149.88	155.24	21	0.56
271	165.24	67.59	21	0.73
272	192.36	163.47	20	0.67
273	18.6	76.82	20	1.78
274	136.56	53.71	19	1.11
275	190.85	27.86	21	0.84
276	39.24	165.24	22	1.73
277	44.87	86.7	22	1.81
278	130.53	103.8	20	0.93
279	110.79	140.46	22	0.81
280	107.11	136.79	21	1.65
281	136.46	134.6	20	0.68
282	55.21	175.79	19	1.03
283	62.21	52.59	21	1.14
284	62.42	60.91	23	1.97
Period: 20
Tasks:9
id	x	y	end	c
182	102.26	138.81	22	38.88
183	35.15	147.08	25	80.14
184	182.38	79.81	21	84.82
185	44.15	82.45	26	58.54
186	28.57	78.49	26	74.6
187	191.81	165.46	25	112.76
188	54.15	190.83	21	101.75
189	101.85	1.23	23	98.79
190	137.37	81.96	26	41.5
Drivers: 10
id	x	y	end	sensitivity
285	39.86	69.37	22	0.87
286	26.18	169.21	20	0.51
287	135.16	23.99	23	1.8
288	49.21	103.74	22	0.86
289	19.93	53.96	22	1.53
290	60.73	132.93	22	0.91
291	194.51	60.56	24	1.04
292	52.78	28.19	22	1.99
293	132.4	125.71	21	1.69
294	36.74	16.7	20	0.98
Period: 21
Tasks:13
id	x	y	end	c
191	10.91	125.52	23	92.67
192	4.7	76.84	27	98.07
193	16.79	148.11	25	96.12
194	99.66	47.53	23	52.47
195	2.64	158.52	22	113.59
196	79.84	169.12	23	72
197	79.39	181.99	24	84.54
198	12.94	158.45	25	104.86
199	185.97	59.21	22	95.16
200	125.49	66.98	27	41.71
201	15.64	9.64	23	123.62
202	115.64	2.26	23	98.98
203	114.79	49.08	23	53.02
Drivers: 25
id	x	y	end	sensitivity
295	120.35	18.91	25	1.63
296	124.02	93.48	21	1.74
297	6.13	73.23	22	0.7
298	141.64	129.93	22	1.48
299	75.44	23.91	21	0.75
300	31.74	186.48	24	0.96
301	47.16	6.34	21	0.86
302	172.77	172.13	23	1.6
303	163.85	106.82	22	0.81
304	6.71	6.65	23	0.59
305	179.3	83.7	25	0.76
306	10.61	1.35	23	1.63
307	59.25	89.82	21	1.28
308	5.55	44.3	25	1.28
309	122.66	156.04	22	1.93
310	16.5	113.08	23	1.44
311	98.4	175.88	23	0.8
312	90.47	22.56	24	1.53
313	98.21	113.84	24	1.81
314	63.23	135.33	22	0.63
315	125.35	179.26	22	0.79
316	160.95	123.51	23	0.92
317	103.46	174.94	22	1.71
318	52.46	158.1	22	1.85
319	41.49	25.87	21	0.73
Period: 22
Tasks:9
id	x	y	end	c
204	51.62	72.73	24	55.54
205	92.27	85.55	24	16.39
206	50.3	80.71	23	53.31
207	39.31	3.41	24	114.07
208	50.98	75.85	24	54.65
209	176.23	45.98	27	93.43
210	172.66	31.83	22	99.63
211	186.8	110.02	24	87.38
212	133.94	187.08	24	93.46
Drivers: 11
id	x	y	end	sensitivity
320	167.65	107.09	28	1.94
321	184.18	44.91	23	1.92
322	1.12	194.7	23	0.85
323	94.33	174.82	24	1.66
324	90.97	135.39	24	0.98
325	136.64	5.69	22	0.74
326	161.22	113.86	23	1.14
327	36.16	134.42	27	1.26
328	17.51	113.25	23	0.77
329	181.34	113.96	24	1.33
330	188.27	113.55	24	0.85
Period: 23
Tasks:12
id	x	y	end	c
213	119.74	64.19	25	40.89
214	3.76	8.63	23	132.7
215	98.78	190.79	27	90.8
216	121.84	180.95	24	83.84
217	57.81	162.49	24	75.4
218	50.54	57.24	25	65.38
219	157.38	198.88	25	114.32
220	113.6	66.93	25	35.76
221	188.56	158.24	29	105.99
222	46.81	136.47	25	64.49
223	92.18	148.36	28	48.99
224	130.69	10.51	23	94.61
Drivers: 14
id	x	y	end	sensitivity
331	116.4	128.56	25	1.7
332	118.18	195.74	25	1.7
333	43.1	65.66	24	1.97
334	189.9	148.54	24	1.37
335	6.52	177.06	23	0.9
336	153.99	119.24	25	1.73
337	157.66	61.38	24	1.69
338	26.96	137.87	26	1.51
339	3.59	8.37	24	1.2
340	193.95	36.5	25	1.1
341	54.54	84.48	23	0.86
342	41.17	81.77	24	1.98
343	93.31	126.5	25	0.9
344	21.6	193.24	24	1.57
Period: 24
Tasks:8
id	x	y	end	c
225	199.24	96.77	27	99.29
226	145.23	61.05	25	59.69
227	15.12	99.08	28	84.88
228	110.05	187.2	26	87.78
229	5.06	95.35	29	95.05
230	76.11	24.26	26	79.42
231	179.83	199.74	30	127.75
232	173.61	150.78	30	89.43
Drivers: 12
id	x	y	end	sensitivity
345	46.57	41.94	27	1.2
346	195.11	23.78	25	1.5
347	155.83	82.19	26	0.69
348	87.38	19.81	26	1.07
349	161.74	177.32	26	0.87
350	17.82	49.12	26	1.54
351	172.75	19.81	26	0.62
352	5.47	174.47	24	0.8
353	144.05	83.95	27	1.39
354	166.99	182.58	29	0.95
355	114.33	193.57	26	0.85
356	149.98	63.85	27	1.05
Period: 25
Tasks:6
id	x	y	end	c
233	12.52	117.18	28	89.15
234	48.54	24.03	28	91.76
235	123.61	115.4	27	28.19
236	183.36	123.17	29	86.52
237	28.78	25.48	29	103.08
238	147.95	57.64	29	63.98
Drivers: 6
id	x	y	end	sensitivity
357	141.62	69	29	0.97
358	70.73	22.41	27	1.84
359	183.81	124.45	27	0.55
360	158.29	193.33	25	1.19
361	96.73	107.25	25	0.65
362	112.06	129.78	29	1.71
Period: 26
Tasks:8
id	x	y	end	c
239	193.75	18.51	32	124.22
240	30.25	96.03	27	69.86
241	176.34	126.72	31	80.88
242	77.84	151.48	29	56.05
243	139.09	26.37	30	83.36
244	140.93	38.91	30	73.53
245	154.32	115.43	29	56.47
246	98.13	191.35	32	91.37
Drivers: 15
id	x	y	end	sensitivity
363	118.07	133.53	27	1.94
364	2.97	33.67	30	1.89
365	7.99	134.95	32	1.39
366	6.67	97.22	27	0.81
367	98.3	145.24	29	1.88
368	106.75	60.76	28	1.16
369	11.08	0.54	29	1.36
370	86.31	40.69	30	1.32
371	144.4	79.69	27	1.33
372	96.64	40.97	28	1.66
373	33.06	68.25	27	0.94
374	175.21	117.37	26	1.43
375	100.09	15.07	28	1.71
376	96.4	194.13	29	0.51
377	76.51	148.83	27	1.61
Period: 27
Tasks:4
id	x	y	end	c
247	114.33	113.07	30	19.4
248	194.63	156.53	28	110.23
249	134.14	184.9	30	91.51
250	33.2	80.42	29	69.61
Drivers: 11
id	x	y	end	sensitivity
378	137.76	60.91	27	1.13
379	177.73	0.92	29	0.76
380	188.52	98.8	27	1.14
381	17.94	155	31	1.48
382	57.13	64.47	31	1.42
383	57.74	117.61	28	1.72
384	105.1	89.23	29	1.66
385	113.55	173.25	28	1.11
386	99.2	78.5	29	1.05
387	177	186.6	27	0.63
388	93.34	122.36	28	1.57
Period: 28
Tasks:10
id	x	y	end	c
251	49.16	127.07	30	57.6
252	57.41	127.1	30	50.48
253	67.95	21.72	34	84.59
254	106.95	180.57	33	80.87
255	38.15	48.09	32	80.75
256	12.92	46.46	33	102.22
257	66.41	33.3	30	74.68
258	109.32	29.82	31	70.8
259	164.72	116.99	29	66.91
260	195.64	151.36	29	108.56
Drivers: 18
id	x	y	end	sensitivity
389	154.6	42.64	31	1.14
390	124.23	174.27	31	0.87
391	68.32	144.39	30	0.8
392	178.18	186.77	29	0.91
393	112.09	141.74	29	1.75
394	138.68	62.87	29	1.35
395	150.27	160.03	30	0.59
396	182.09	14.24	34	0.74
397	175.52	114.9	32	0.71
398	195.29	144.35	28	1.62
399	73.75	165.01	30	1.49
400	40.5	30.24	29	0.94
401	99.8	26.85	29	1.37
402	26.85	10.73	29	1.34
403	102.92	85	28	1.53
404	78.48	157.85	28	1.48
405	185.99	106.84	28	1.92
406	120.33	76.65	29	1.57
Period: 29
Tasks:12
id	x	y	end	c
261	31.07	141.47	33	80.44
262	104.29	111.46	32	12.24
263	22.33	26.84	31	106.7
264	85.78	147.86	31	49.93
265	96.71	177.29	33	77.36
266	195.11	137.29	32	102.16
267	156.96	159.44	32	82.33
268	92.37	20.99	33	79.38
269	164.84	164.5	32	91.46
270	97.13	122.4	32	22.58
271	10.59	190.44	35	127.18
272	128.11	193.18	31	97.33
Drivers: 17
id	x	y	end	sensitivity
407	34	92.52	29	1.49
408	13.28	190.88	33	0.59
409	179.25	46.24	32	0.56
410	81.79	78.12	31	1.57
411	69.61	139.13	31	0.96
412	136.45	32.41	29	1.73
413	186.97	194.16	30	1.43
414	141.61	88.2	30	1.88
415	109.01	48.29	29	1.69
416	136.02	110.12	30	1.46
417	54.06	64.12	31	0.91
418	54.71	16.69	34	1.89
419	30.92	160.39	33	1.14
420	163.23	91.23	33	1.36
421	79.49	140.67	30	1.49
422	151.93	19.02	31	1.5
423	35.89	138.41	34	0.6
Period: 30
Tasks:14
id	x	y	end	c
273	162.61	106.8	33	62.98
274	155.79	105.6	34	56.07
275	166.79	138.64	32	77.16
276	174.82	104.94	34	74.98
277	158.53	147.22	32	75.2
278	89.6	3.04	31	97.52
279	144.77	121.22	33	49.54
280	17.84	6.48	31	124.48
281	188.29	156.41	34	104.77
282	160.97	153.18	34	80.9
283	96.39	44.7	32	55.42
284	182.16	9.05	33	122.56
285	81.09	189.2	33	91.18
286	154.19	44.26	32	77.74
Drivers: 15
id	x	y	end	sensitivity
424	133.3	38.53	34	1.53
425	53.45	4.91	33	1.27
426	24.46	158.36	31	1.16
427	191.73	82.41	32	1.39
428	150.32	25.72	31	1.94
429	60.59	123.71	30	1.75
430	152.22	15.69	30	1.31
431	100.42	68.08	32	0.66
432	82.72	53.93	31	1.11
433	102.21	56.51	33	1.76
434	75.26	165.26	30	1.17
435	122.74	118.37	33	0.55
436	18.98	48.46	34	1.39
437	144.78	177.33	30	1.66
438	49.17	128.92	35	0.58
Period: 31
Tasks:8
id	x	y	end	c
287	177.35	186.67	32	116.17
288	192.28	131.06	31	97.37
289	75.03	168.77	34	73.16
290	136.06	102	34	36.12
291	48.23	106.58	34	52.19
292	32.14	181.6	32	106.13
293	195.55	139.93	37	103.56
294	1.91	194.65	35	136.31
Drivers: 14
id	x	y	end	sensitivity
439	187.1	42.2	32	1.53
440	51.65	68.22	32	1.9
441	195.61	150.69	32	1.03
442	139.92	55.29	31	1.91
443	126.04	137.01	37	1.02
444	114.98	64.16	33	1.4
445	161.56	38.15	33	0.53
446	8.39	31.71	34	0.93
447	8.6	79.59	32	1.85
448	189.85	21.2	35	1.75
449	111.55	98.12	32	1.36
450	76.86	60.02	34	0.7
451	195.54	39.92	34	1.9
452	156.98	44.53	36	1.73
Period: 32
Tasks:12
id	x	y	end	c
295	142.7	160.58	35	74.12
296	179.84	158.35	34	98.89
297	179.68	3.54	38	125.11
298	191.91	68.08	33	97.3
299	188.47	39.38	34	107.25
300	80.24	96.91	35	20
301	151.46	79.18	35	55.51
302	169.65	137.45	34	79.08
303	172.77	137.92	37	82.06
304	90.64	189.02	33	89.51
305	132.32	125.36	36	41.08
306	120.77	71.28	33	35.44
Drivers: 12
id	x	y	end	sensitivity
453	144.15	108.96	33	1.25
454	163.24	38.71	35	1.84
455	130.92	113.35	35	1.14
456	101.07	48.43	33	0.56
457	64.97	192.86	36	0.92
458	32.33	76.72	36	0.68
459	138.13	118.04	35	1.43
460	159.45	132.73	34	1.54
461	169.68	37.55	33	0.62
462	20.53	102.85	33	0.77
463	152.76	148.04	33	0.89
464	28.33	24.56	33	1.14
Period: 33
Tasks:7
id	x	y	end	c
307	177.76	107.85	37	78.16
308	26.73	161.66	35	95.76
309	51.78	150.65	36	69.93
310	126.98	57.73	38	50.15
311	113.82	6.92	35	94.1
312	119.35	86.29	37	23.71
313	81.88	4.04	35	97.66
Drivers: 19
id	x	y	end	sensitivity
465	30.5	12.16	35	0.56
466	153.78	139.4	36	0.55
467	41.91	37.24	35	1.53
468	145.88	46.33	34	0.97
469	136.09	101.97	35	1.68
470	194.98	131.44	36	1.44
471	23.11	7.99	33	1.44
472	68.92	71.17	33	0.64
473	162.09	121.99	34	1.01
474	163.56	51.73	39	1.61
475	62.33	198.21	34	0.59
476	48.12	39.79	34	1.16
477	46.55	63.66	34	1.56
478	6.93	21.67	35	1.62
479	69.81	116.38	37	1.24
480	107.5	36.61	33	0.95
481	33.63	0.01	34	1.88
482	150.85	41.71	35	1.98
483	10.74	86.47	34	1.33
Period: 34
Tasks:4
id	x	y	end	c
314	18.9	158.69	37	100.11
315	148.37	148.44	35	68.46
316	85.25	61.36	41	41.36
317	21.35	124.48	38	82.37
Drivers: 15
id	x	y	end	sensitivity
484	83.2	1.24	37	0.93
485	130.56	7.55	35	1.32
486	132.83	140.22	37	1.94
487	186.38	178.82	34	0.53
488	180.67	146.2	40	1.21
489	91.56	19.6	35	1.93
490	129.3	118.77	36	1.26
491	75.18	62.6	37	0.63
492	167.34	24.74	38	1.89
493	69.47	176.71	34	0.65
494	170.61	77.93	35	1.75
495	31.21	112.79	36	0.75
496	169.83	111.21	36	0.73
497	64.46	111.71	37	0.55
498	40.45	74.46	37	1.71
Period: 35
Tasks:7
id	x	y	end	c
318	173.34	42.45	40	93.22
319	14.92	22.3	43	115.22
320	8.96	69.26	40	96.09
321	169.6	8.36	40	115.07
322	50.04	169.93	38	85.94
323	2.14	145.21	38	107.8
324	91.14	30.8	37	69.76
Drivers: 26
id	x	y	end	sensitivity
499	92.4	107.71	36	1.7
500	51.71	116.72	35	1.42
501	24.31	123.32	37	1.39
502	170.19	39.37	37	1.56
503	89.03	12.39	36	1.26
504	30.21	129.94	39	0.55
505	54.83	157.54	37	1.18
506	3.27	33.02	37	1.11
507	53.83	43.53	36	2
508	117.93	173.33	35	1.41
509	90.51	127.15	38	0.75
510	171.97	104.64	37	1.37
511	87.42	136.15	39	1.18
512	10.6	34.89	38	1.8
513	98.85	121	37	1.65
514	43.11	140.52	37	1.46
515	35.7	36.8	35	0.87
516	71.59	23.44	38	0.86
517	125.24	195.78	37	1.14
518	173.55	4.76	37	0.94
519	197.9	19.85	35	1.13
520	170.92	122.26	37	1.67
521	50.77	58.65	37	1.93
522	117.82	30.36	36	1.16
523	100.26	171.92	36	0.85
524	69.77	112.85	37	0.92
Period: 36
Tasks:7
id	x	y	end	c
325	86.68	131.04	37	33.78
326	12.74	103.16	39	87.32
327	87.49	178.36	41	79.35
328	160.79	98.03	39	60.82
329	27.16	113.65	38	74.11
330	42.19	27.26	39	92.91
331	125.67	24.03	39	80.19
Drivers: 14
id	x	y	end	sensitivity
525	83.63	21.1	39	1.66
526	21	130.55	36	1.23
527	169.21	152.85	39	0.99
528	26.49	57.2	39	1.97
529	4.92	57.33	38	1.34
530	57.22	67	39	1.25
531	8.74	23.85	36	0.71
532	139.36	103.74	39	1.11
533	181.04	7.34	37	1.19
534	66.61	41.79	37	0.83
535	50.68	39.41	40	0.74
536	95.15	18.57	38	1.6
537	106.37	183.88	36	0.55
538	88.68	73.78	38	1.19
Period: 37
Tasks:8
id	x	y	end	c
332	34.81	199.28	40	118.77
333	64.01	186.44	38	93.63
334	62.39	96.68	41	37.76
335	79.08	193.53	41	95.84
336	57.53	139.64	42	58.1
337	93.97	18.75	39	81.47
338	160.89	174.73	38	96.4
339	101.6	28.1	42	71.92
Drivers: 20
id	x	y	end	sensitivity
539	66.64	51.33	37	1.42
540	70.29	74.45	37	0.69
541	23.01	137.63	41	1.15
542	140.76	191.53	39	1.91
543	95.11	180.19	37	1.02
544	32.3	57.3	40	1.54
545	170.81	34.7	37	0.99
546	74.51	38.23	40	1.17
547	139.28	85.42	42	1.24
548	120.72	32.07	43	0.77
549	95.09	61.92	38	1.71
550	44.6	126.36	40	1.95
551	0.39	31.36	41	1.75
552	133.28	152.05	38	1.7
553	71.52	156.48	40	0.71
554	176.22	21.9	38	0.76
555	11.09	182.13	38	1.35
556	125.43	78.11	38	0.61
557	11.82	71.13	38	1.21
558	191.66	150.96	37	1.54
Period: 38
Tasks:6
id	x	y	end	c
340	62.82	112.41	38	39.2
341	80.07	104.23	41	20.37
342	129.55	63.65	43	46.85
343	144.99	52.89	40	65.14
344	104.87	195.91	43	96.03
345	9.54	136.26	40	97.46
Drivers: 14
id	x	y	end	sensitivity
559	127.94	13.9	40	1.68
560	14.29	67.88	40	0.8
561	124.98	187.3	39	1.88
562	123.89	139.37	42	1.93
563	44.42	151.77	38	1.18
564	60.16	164.74	40	0.62
565	100.06	5.94	40	1.39
566	137.6	155.87	41	1.92
567	143.79	42.29	41	0.56
568	170.81	28.72	38	1.91
569	147.05	3.58	40	1.3
570	35.3	109.43	43	1.4
571	113.16	146.22	39	0.81
572	137.52	108.35	38	0.62
Period: 39
Tasks:7
id	x	y	end	c
346	120.1	89.23	40	22.8
347	9.9	107.94	44	90.45
348	82.96	92.38	42	18.67
349	175.57	19.09	42	110.71
350	96.18	146.8	42	46.96
351	66.82	137.04	40	49.73
352	82.27	39.87	45	62.69
Drivers: 18
id	x	y	end	sensitivity
573	40.41	87.28	42	0.91
574	138.26	189.42	45	1.51
575	36.75	59.94	39	0.78
576	97.96	159.31	40	1.97
577	164.79	11.71	42	1.74
578	135.97	94.43	40	0.92
579	68.7	33.5	40	1.08
580	5.53	142.83	40	1.68
581	61.76	2.9	42	0.73
582	174.57	182.39	40	1.61
583	120.34	20.97	41	1.62
584	184.63	120.87	40	0.91
585	5	153.74	45	1.59
586	192.41	41.88	44	1.3
587	101.92	149.14	41	1.82
588	146.63	3.55	43	1.27
589	187.53	169.65	40	0.89
590	58.84	37.27	45	0.55
Period: 40
Tasks:4
id	x	y	end	c
353	31.86	90.42	41	68.81
354	175.54	83.67	40	77.28
355	162.55	3.36	41	115.12
356	127.03	103.7	42	27.28
Drivers: 16
id	x	y	end	sensitivity
591	40.63	53.28	41	1.23
592	171.7	167.36	43	1.42
593	9.68	197.26	43	1.64
594	146.59	22.59	42	1.69
595	91.89	47.35	40	1.77
596	3.33	123.22	45	0.67
597	28.15	165.62	41	1.74
598	35.62	173.69	40	1.34
599	172.71	147.79	41	0.77
600	109.4	102.46	42	0.85
601	48.73	177.42	42	0.55
602	20.86	35.31	41	1.32
603	24.21	45.51	42	1.24
604	116.58	91.37	40	1.01
605	148.44	128.5	44	1.97
606	14.25	194.15	42	1.78
Period: 41
Tasks:14
id	x	y	end	c
357	36.22	61.86	45	74.31
358	154.23	46.53	45	76.16
359	110.19	110.03	45	14.3
360	45.67	89.05	42	55.42
361	172.55	58.2	43	83.73
362	166.91	2.06	46	118.61
363	160.57	73.79	44	66
364	178.97	133.12	44	85.63
365	168.39	143.03	46	80.8
366	137.18	23.91	48	84.69
367	71.57	176	45	81.14
368	18	54.7	44	93.68
369	57.39	12	43	97.77
370	45.52	183.57	43	99.76
Drivers: 9
id	x	y	end	sensitivity
607	180.08	168.36	44	1.87
608	112.61	12.76	44	0.69
609	75.62	68.56	41	0.88
610	97.69	165.5	44	1
611	57.39	40.42	44	1.93
612	169.29	197.23	43	1.14
613	193.56	82.38	44	1.76
614	106.83	4.27	46	1.88
615	189.97	34.19	45	1.99
Period: 42
Tasks:5
id	x	y	end	c
371	80.89	62.44	43	42.14
372	37	117.27	45	65.32
373	148.66	191.92	47	104.01
374	169.7	4.74	43	118.04
375	100.28	170.63	48	70.63
Drivers: 16
id	x	y	end	sensitivity
616	61.05	191.63	42	1.19
617	19.2	45.97	44	0.99
618	162.2	101.48	42	1.19
619	70.1	103.67	43	1.26
620	172.49	26.01	43	1.65
621	179.03	155.72	42	0.81
622	165.08	34.74	43	1.24
623	147.07	130.17	45	1.11
624	23.3	76.27	46	1.54
625	89.11	37.21	42	1.61
626	97.38	184.62	43	0.71
627	141.19	115.15	45	0.64
628	71.95	147.71	45	0.86
629	171.7	114.1	44	1.86
630	13.05	19.96	44	1.97
631	142.87	185.65	42	1.25
Period: 43
Tasks:12
id	x	y	end	c
376	45.64	179.79	46	96.55
377	144.94	191.66	47	102.08
378	27.24	87.12	47	73.89
379	58.69	107.11	46	41.92
380	51.55	46.87	44	71.9
381	163.55	146.55	45	78.78
382	16.44	193.58	45	125.46
383	32.97	35.92	46	92.73
384	90.76	37.08	47	63.59
385	151.66	192.48	45	105.93
386	131.39	81.27	46	36.55
387	31.4	126.52	45	73.55
Drivers: 17
id	x	y	end	sensitivity
632	23.09	108.53	45	0.7
633	177.33	63.13	45	1.51
634	28.69	126.45	47	1.77
635	26.16	88.41	44	1.22
636	11.92	149.13	44	1.57
637	177.83	3.25	46	0.71
638	162.58	44.24	45	0.96
639	121.1	25.37	45	0.98
640	162.79	37	44	1.28
641	183.18	174.32	45	0.85
642	181.64	122.72	45	0.6
643	95.83	21.63	46	0.78
644	105.86	98.45	45	1.62
645	149.74	165.02	48	1.77
646	190.82	180.14	44	1.41
647	101.38	20.16	45	1.99
648	132.96	12.75	45	1.3
Period: 44
Tasks:13
id	x	y	end	c
388	164.02	77.43	49	67.88
389	122.88	186.49	47	89.47
390	175.52	13.82	49	114.59
391	6.63	94.84	46	93.51
392	167.32	147.78	47	82.55
393	8.55	129.3	48	96.03
394	93.95	27.24	46	73.01
395	20.82	36.04	47	101.79
396	68.36	151.9	46	60.78
397	55.47	55.25	45	63.13
398	120.18	180.08	50	82.58
399	64.07	48.09	50	63.13
400	179.17	169.32	46	105.23
Drivers: 16
id	x	y	end	sensitivity
649	170.75	119.95	46	0.76
650	78.51	87.82	48	1.04
651	22.71	116.2	45	1.53
652	196.31	78.07	44	0.87
653	32.05	71.72	45	1.37
654	189.9	90.37	46	1.68
655	161.26	43.67	46	1.77
656	90.66	21.95	45	1.71
657	197.08	182.64	46	0.64
658	166.39	134.95	49	0.9
659	132.82	64.32	47	1.24
660	66.09	127.32	45	0.65
661	146.51	142.71	47	1.94
662	199.6	27.81	46	1.94
663	107.06	67.75	44	0.95
664	86.25	123.65	44	0.5
Period: 45
Tasks:8
id	x	y	end	c
401	48.08	25.67	49	90.67
402	122.95	100.02	50	22.95
403	136.2	59.85	49	54.06
404	59.44	69.49	47	50.75
405	54.44	69.75	49	54.69
406	9.21	70.3	48	95.52
407	28.25	60.85	48	81.74
408	131.17	171.69	51	78.17
Drivers: 13
id	x	y	end	sensitivity
665	190.52	78.44	49	1.18
666	174.31	173.82	45	0.58
667	161.33	6	47	0.66
668	152.78	164.11	45	1.04
669	152.93	191.73	47	1.65
670	37.7	20.59	47	1.33
671	10.33	160.86	46	0.81
672	16.26	164.68	46	0.51
673	183.49	96.05	47	1.92
674	69	105.82	47	1.15
675	166.7	82.57	48	0.84
676	115.26	88.42	46	1.28
677	92	142.19	46	1.75
Period: 46
Tasks:14
id	x	y	end	c
409	161.25	124.03	48	65.8
410	63.98	39.02	48	70.82
411	81.71	2.13	48	99.56
412	11.62	49.88	50	101.6
413	178.03	73.16	48	82.52
414	24.33	97.26	52	75.72
415	2.16	166.26	48	118.17
416	101.4	140.8	52	40.82
417	60.47	97.39	51	39.62
418	190.9	17.62	48	122.68
419	36.18	110.22	49	64.63
420	136.79	23.93	49	84.5
421	180.64	9.44	50	121.26
422	41.88	158.71	49	82.61
Drivers: 19
id	x	y	end	sensitivity
678	35.82	108	46	1.89
679	56.63	1.76	48	1.35
680	146.82	81.32	46	0.88
681	5.02	104.77	47	0.92
682	140.9	59.55	49	0.89
683	152.72	18.76	48	1.4
684	67.19	4.94	47	1.87
685	94.71	54.46	48	1.81
686	153.88	40.75	47	1.8
687	80.99	32.51	48	1.19
688	97.59	20.69	50	0.62
689	198.48	144.87	48	1.14
690	59.18	185.83	47	1.84
691	88.86	48.51	48	1.14
692	158.1	31.54	46	0.69
693	155.69	179.6	47	1.89
694	156.45	16.77	46	0.52
695	0.13	60.4	47	1.74
696	82.68	189.76	46	1.46
Period: 47
Tasks:16
id	x	y	end	c
423	189.49	14.93	51	123.47
424	88.85	62.79	48	38.84
425	130.22	140.76	52	50.74
426	122.86	146.62	52	51.92
427	39.39	129.91	48	67.59
428	18.75	43.79	51	98.8
429	128.69	35.11	49	70.95
430	49.79	89.92	50	51.21
431	26.28	69.5	49	79.78
432	184.02	124.26	49	87.45
433	135.49	82.5	48	39.57
434	122.23	13.78	47	89.04
435	126.55	32.13	50	72.88
436	110.01	43.88	49	57.01
437	49.26	101.81	49	50.77
438	55.16	158.25	51	73.51
Drivers: 15
id	x	y	end	sensitivity
697	113.45	79.56	48	0.9
698	120.5	138.09	48	0.73
699	162.17	63.13	50	1.99
700	23.25	3.86	48	1.6
701	32.81	146.61	49	1.17
702	135.04	43.65	49	0.96
703	105.42	101.24	50	1.52
704	115	146.15	47	1.69
705	164.27	69.42	48	0.51
706	3.15	98.3	47	1.46
707	160.61	60.66	48	1.35
708	2.75	137.11	48	0.67
709	56.19	28.57	52	1.18
710	168.63	87.74	49	1.75
711	184.65	153.92	49	0.81
Period: 48
Tasks:10
id	x	y	end	c
439	78.89	68.67	50	37.78
440	80.38	134.51	49	39.7
441	164.67	120.68	51	67.9
442	33.64	139.76	48	77.36
443	125.53	94.92	51	26.03
444	135.5	151.69	49	62.71
445	123.88	98.98	50	23.9
446	177.77	117.16	49	79.64
447	57.15	178.18	51	89.15
448	68.21	9.76	49	95.68
Drivers: 8
id	x	y	end	sensitivity
712	34.91	77.77	49	1.7
713	85.74	91.5	49	1.03
714	45.15	147.52	50	1.46
715	181.59	160.12	48	0.91
716	144.08	97.01	48	1.12
717	41.98	5.81	49	1.9
718	116.62	155.34	48	0.52
719	144.87	131.58	51	1.7
Period: 49
Tasks:5
id	x	y	end	c
449	155.01	139.53	52	67.74
450	109.83	173.22	56	73.88
451	33.03	150.57	53	83.92
452	197.46	143.11	49	106.57
453	105.47	165.51	52	65.74
Drivers: 12
id	x	y	end	sensitivity
720	101.82	30	52	0.83
721	65.16	24.93	49	1.38
722	35.22	46.48	53	1.5
723	80.71	193.26	50	0.88
724	191.51	163.6	52	1.05
725	108.41	154.02	57	0.82
726	120.63	14.45	51	1.25
727	185.71	65.66	51	1.82
728	198.71	117.28	49	0.76
729	71.83	102.59	50	1.48
730	162.34	104.77	53	1.37
731	114.46	77.67	50	1.83
Period: 50
Tasks:11
id	x	y	end	c
454	96.24	179.74	51	79.83
455	109.64	16.53	51	84.02
456	137.61	188.57	52	96.22
457	57.79	98.76	52	42.23
458	55.73	180.29	53	91.69
459	95.77	176.69	52	76.81
460	167.26	18.03	52	106.03
461	176.57	136.66	54	84.89
462	70.3	142.79	54	52.09
463	54.35	6.88	54	103.71
464	189.85	167.52	52	112.39
Drivers: 17
id	x	y	end	sensitivity
732	193.88	24.36	50	1
733	43.12	116.87	51	1.46
734	96.21	36.56	54	1.83
735	47.86	67.84	54	0.68
736	30.99	83.54	51	0.72
737	58.63	159.6	50	1.55
738	21.89	92.43	52	1.95
739	42.33	79.02	50	1.6
740	108.02	110.15	51	1.77
741	172.52	69.47	51	1.05
742	124.84	25.49	50	1.56
743	50.01	155.38	51	0.73
744	56.13	48.21	52	0.98
745	95.56	0.18	50	1.75
746	82.71	117.1	53	1.8
747	181.55	188.23	54	1.86
748	96.68	4.44	53	0.54
Period: 51
Tasks:7
id	x	y	end	c
465	20.92	63.97	53	86.9
466	24.19	38.43	51	97.66
467	127.93	125.73	53	37.98
468	35.22	144.98	52	78.86
469	51.48	164.32	53	80.57
470	59.12	96.79	57	41.01
471	128.7	109.96	54	30.38
Drivers: 14
id	x	y	end	sensitivity
749	93.67	4.65	54	1.79
750	185.99	160.61	53	1.34
751	189.91	197.45	53	0.67
752	167.03	71.65	54	1.83
753	78.68	27.34	55	1.9
754	159.51	187.14	54	1.46
755	166.36	190.11	54	1.9
756	10.33	180.83	52	1.33
757	65.62	27.58	53	1.89
758	98.31	108.97	51	1.11
759	39.91	22.56	52	1.71
760	97.37	68.25	53	1.2
761	71.59	7.06	52	0.96
762	109.95	19.28	51	0.65
Period: 52
Tasks:12
id	x	y	end	c
472	57.35	122.57	55	48.25
473	91.41	69.41	54	31.77
474	124.88	182.75	57	86.41
475	170.59	153.65	55	88.66
476	157.6	12.03	56	105.15
477	196.45	122.57	54	99.06
478	58.03	194.82	56	103.69
479	108.19	19.12	54	81.29
480	55.03	11.33	56	99.42
481	24.17	161.33	55	97.53
482	187.33	109.45	52	87.84
483	99.84	44.4	54	55.6
Drivers: 19
id	x	y	end	sensitivity
763	7.66	197.42	53	0.75
764	131.67	82.42	57	1.25
765	140.12	198.28	53	1.73
766	3.69	154.41	53	0.9
767	19.08	3.43	53	1.71
768	72.93	155.12	56	0.8
769	175.54	167.91	52	0.78
770	22.94	197.15	55	1.95
771	30.26	181.41	55	0.88
772	0.34	170.06	56	1.49
773	193.55	187.82	54	0.83
774	36.5	103.58	53	0.82
775	94.11	61.4	53	1.02
776	77.32	191.39	53	1.81
777	32.77	135.63	53	0.8
778	197.92	156.5	53	0.85
779	27.11	108.45	53	1.41
780	76.03	41.02	56	0.89
781	47.27	97	54	1.66
Period: 53
Tasks:16
id	x	y	end	c
484	199.21	143.71	55	108.41
485	170.88	181.25	55	107.82
486	33.9	48.89	57	83.56
487	61.71	142.18	59	56.97
488	49.63	11.1	58	102.18
489	112.06	154.92	55	56.23
490	190.69	198.91	56	134.19
491	197.27	180.15	53	126.04
492	39.36	198.43	56	115.61
493	170.13	126.16	55	74.85
494	106.43	117.08	60	18.25
495	96.57	162.91	60	63
496	134.88	64.65	55	49.66
497	162.77	49.22	54	80.74
498	136.34	108.68	56	37.36
499	106.42	25.76	54	74.52
Drivers: 20
id	x	y	end	sensitivity
782	35.15	40.13	53	1.3
783	76.43	33.06	55	0.53
784	21.32	153.15	54	0.64
785	18.87	137.4	54	0.87
786	22.58	66.48	56	1.74
787	30.66	20.53	53	1.18
788	19.01	91.43	53	0.67
789	49.42	50.61	53	0.6
790	124.25	59.08	55	0.86
791	101.99	118.18	54	0.74
792	14.1	145.79	55	1.91
793	55.35	199.72	55	1.19
794	110.11	186.83	55	1.15
795	198.09	92.07	55	0.86
796	87.82	141.14	57	1.03
797	37.12	54.85	54	1.33
798	121.02	23.75	53	0.84
799	33.14	128.85	57	1.87
800	5.43	176	57	0.96
801	134.26	36.08	53	1.55
Period: 54
Tasks:7
id	x	y	end	c
500	139.12	28.03	55	81.91
501	143.53	33.15	57	79.77
502	68.54	193.84	58	98.97
503	118.14	102.73	58	18.34
504	24.21	13.32	55	115.14
505	138.7	153.24	57	65.82
506	40.66	172.45	57	93.65
Drivers: 9
id	x	y	end	sensitivity
802	183.65	57.8	54	1.86
803	197.04	153.8	56	1.25
804	16.05	24.23	56	0.7
805	128.54	97.2	56	1.3
806	178.83	69.84	57	0.86
807	110.56	32.24	54	1.53
808	8.28	60.94	55	1.37
809	118.19	171.37	55	1.9
810	159.21	61.69	55	1.1
Period: 55
Tasks:9
id	x	y	end	c
507	66.61	8.06	61	97.82
508	189.62	125.46	59	93.17
509	84.2	190.69	56	92.06
510	84.16	38.33	62	63.67
511	36.76	184.33	59	105.41
512	70.22	48.89	56	59.15
513	110.38	7.98	57	92.6
514	2.34	70.2	56	102.11
515	196.27	7.14	58	133.76
Drivers: 16
id	x	y	end	sensitivity
811	126.76	110.59	55	1.78
812	194.54	103.65	60	1.46
813	142.84	21.18	56	1.58
814	138	177.87	57	0.88
815	27.74	82.06	58	1.11
816	187.42	22.89	58	1.07
817	31.95	100.58	58	0.66
818	32.17	133.59	57	0.74
819	178.84	41.48	58	1.89
820	197.37	178.73	57	1.87
821	15.06	95.16	56	1.83
822	154.15	181.9	60	1
823	99.24	33.04	58	1.51
824	70.09	23.17	59	1.82
825	167.16	1.76	59	1.51
826	64.24	66.42	57	1.23
Period: 56
Tasks:8
id	x	y	end	c
516	84.17	60.4	60	42.65
517	36.47	34.92	62	90.95
518	65.94	69.3	59	45.85
519	185.48	92.07	61	85.85
520	1.43	98.6	59	98.58
521	14.51	49.71	56	99.18
522	60.79	117.79	61	43.06
523	129.57	30.85	59	75.21
Drivers: 15
id	x	y	end	sensitivity
827	47.53	21.62	56	0.99
828	117.65	5.03	57	1.93
829	124.79	66.81	57	0.55
830	44.39	189.73	59	1.07
831	178.84	125.24	58	1.85
832	15.01	154.94	58	1.25
833	34.19	105.14	57	1.94
834	105.16	163.37	58	1.65
835	33.8	93	59	1.18
836	2.21	110.73	59	0.51
837	22.52	159.46	57	1.71
838	86.25	36.83	57	1.33
839	34.2	141.11	57	1.96
840	53.53	96.83	60	1.46
841	110.96	48.29	56	1.72
Period: 57
Tasks:7
id	x	y	end	c
524	157.33	42.03	57	81.53
525	68.1	2.36	59	102.72
526	103.8	157.7	60	57.82
527	20.13	164.53	65	102.68
528	147.99	112.86	59	49.68
529	132.59	88.25	58	34.64
530	118.2	73.58	62	32.08
Drivers: 11
id	x	y	end	sensitivity
842	145.82	101.68	59	1.02
843	125.64	9.89	60	1.05
844	158.06	94.43	60	1.37
845	162.62	190.05	58	0.51
846	71.42	90.16	60	0.7
847	96.33	59.49	59	1.08
848	160.46	26.13	58	1.34
849	138.01	183.44	57	1.75
850	23.05	52.49	59	1.53
851	29.53	89.48	58	0.93
852	41.08	10.78	58	1.39
Period: 58
Tasks:10
id	x	y	end	c
531	70.22	96.7	59	29.96
532	134.17	161.98	59	70.78
533	190.18	173.9	61	116.59
534	69.66	157.87	61	65.34
535	77.18	55.74	60	49.8
536	74.88	22.55	59	81.42
537	113.1	48.68	61	52.97
538	21.17	86.57	59	79.97
539	51.87	137.88	60	61.25
540	45.73	90.04	60	55.18
Drivers: 23
id	x	y	end	sensitivity
853	171.78	135.03	60	1.5
854	163.42	96.6	60	0.72
855	95.42	115.53	66	0.99
856	172.22	152.5	60	1.52
857	19.73	89.59	60	1.38
858	120.12	98.39	59	1.89
859	44.38	195.49	61	1.03
860	160.6	82.07	62	1.31
861	104.09	55.87	60	1.25
862	49.27	88.44	63	0.72
863	104.12	151.62	62	0.64
864	1.78	170.75	64	0.62
865	123.12	31.95	60	1.48
866	135.06	2.71	61	0.87
867	46.07	130.37	60	1.41
868	17.37	81.01	60	1.7
869	16.67	98.47	60	1.58
870	68.37	138.43	60	1.64
871	60.73	161.7	59	1.57
872	182.98	133.1	61	1.02
873	141.35	56.21	59	0.89
874	104.59	172.3	62	1.96
875	40.34	142.05	59	0.99
Period: 59
Tasks:7
id	x	y	end	c
541	9.5	162.44	65	109.95
542	132.03	139.43	63	50.8
543	192.81	139.32	62	100.8
544	191.68	24.04	65	119.06
545	84.37	101.68	64	15.72
546	182.62	118.27	62	84.62
547	154.11	197.67	61	111.66
Drivers: 15
id	x	y	end	sensitivity
876	137.81	73.37	61	0.51
877	51.15	181.27	62	1.25
878	169.29	73.4	59	1.51
879	34.92	154.18	60	1.89
880	197.71	99.68	62	0.56
881	132.1	170.57	59	1.97
882	84.17	65.08	60	1.32
883	69.18	24.48	63	1.19
884	145.59	154.08	60	1.11
885	199.77	67.93	60	1.88
886	169.83	41.65	63	0.66
887	137.33	125.34	65	1.15
888	166.7	134.16	62	1.89
889	123.45	167.34	61	0.69
890	150.01	50.97	61	1.07
Period: 60
Tasks:9
id	x	y	end	c
548	66.53	173.8	61	81.04
549	128.77	25.99	64	79.41
550	199.62	184.29	65	130.5
551	57.27	154.85	62	69.53
552	22.28	89.49	63	78.43
553	179.8	161.56	62	100.79
554	68.82	138.61	64	49.63
555	29.1	120.13	66	73.7
556	182.54	55.31	62	93.86
Drivers: 21
id	x	y	end	sensitivity
891	134.48	93.59	63	1.21
892	52.93	3.6	63	1.34
893	130.21	175.17	63	1.19
894	154.52	56.02	65	1.45
895	10.76	145.29	63	0.66
896	9.63	167.87	62	1.36
897	156.11	35.69	62	1.82
898	73.46	140.12	62	0.97
899	123.4	41.59	61	1.29
900	142.01	196.62	63	0.75
901	148.46	32.22	61	0.65
902	52.33	111.03	62	0.8
903	84.39	68.59	62	0.59
904	161.96	105.96	62	1.73
905	5.3	142.39	60	0.91
906	182.17	39.93	63	1.67
907	39.46	186.85	63	0.65
908	58.2	106.9	64	1.62
909	187.9	31	62	1.97
910	81.56	25.41	62	1.94
911	176.84	185.59	63	0.72
Period: 61
Tasks:5
id	x	y	end	c
557	118.24	127.73	64	33.19
558	51.74	192.93	64	104.71
559	176.14	179.4	63	110.01
560	111.27	80.23	63	22.76
561	43.92	0.48	61	114.23
Drivers: 17
id	x	y	end	sensitivity
912	48.44	43.87	63	1.54
913	186.49	133.91	61	1.08
914	94.52	72.45	63	0.55
915	49.8	128.96	61	1.42
916	14.36	66.9	62	0.84
917	182.57	43.06	64	1.66
918	148.41	34.34	61	0.62
919	134.15	118.78	61	1.55
920	160.47	173.33	64	0.86
921	159.74	40.19	63	1.65
922	153.32	144.15	63	0.51
923	166.4	43.31	61	1.73
924	63.86	19.48	63	0.89
925	108.07	112.97	62	1.55
926	149.27	2.83	62	1.49
927	8.64	182.38	61	1.58
928	99.99	146.75	67	1.91
Period: 62
Tasks:9
id	x	y	end	c
562	69.77	24.52	63	81.31
563	158.01	69.45	68	65.56
564	167.66	69.22	63	74.33
565	192.69	121.32	66	95.11
566	20.75	92.1	66	79.64
567	172.92	98.55	66	72.93
568	123.42	47.08	65	57.87
569	55.36	181.92	65	93.29
570	162.69	121.79	68	66.37
Drivers: 15
id	x	y	end	sensitivity
929	5.19	73.23	63	1.84
930	52.19	162.71	64	1.18
931	74.33	59.83	67	1.54
932	35.61	1.89	65	0.98
933	101.47	27.94	63	1.64
934	187.4	83.88	64	1.66
935	110.87	104	66	1.36
936	32.95	97	62	0.9
937	180.44	5.91	64	1.72
938	158.1	150.1	66	0.97
939	61.01	136.12	63	0.83
940	131.06	13.2	68	1.15
941	154.88	5.84	64	1.91
942	135.63	42.16	62	1.86
943	107.85	21.87	65	1.33
Period: 63
Tasks:14
id	x	y	end	c
571	19.5	155.57	63	97.82
572	99.14	151.68	67	51.69
573	116.42	23.62	65	78.13
574	187.86	8.94	65	126.54
575	55.21	19.36	67	92.24
576	185.13	152.6	64	100.07
577	122.28	75.19	65	33.35
578	138.75	140.55	65	56.09
579	106.37	86.28	64	15.13
580	83.79	165.46	65	67.44
581	162.62	65.33	68	71.58
582	22.08	163.88	64	100.76
583	118.88	145.24	63	49.02
584	101.44	156.93	66	56.95
Drivers: 16
id	x	y	end	sensitivity
944	146.14	34.12	65	0.9
945	160.64	134.44	65	0.5
946	50.56	94.8	66	1.96
947	70.8	177.84	64	1.52
948	84.67	172.6	65	1.14
949	14.11	76.97	66	0.87
950	35.06	190.9	65	0.69
951	78.49	64.23	65	1.5
952	80.52	23.97	66	1.87
953	38.38	38.78	64	1.38
954	192.28	153.25	65	0.73
955	58.29	35.66	66	0.96
956	87.81	133.8	67	1.42
957	147.66	64.22	65	0.68
958	92.83	187.69	65	1.2
959	199.69	176.75	64	0.65
Period: 64
Tasks:17
id	x	y	end	c
585	164.72	174.49	64	98.68
586	131.06	33.72	67	73.2
587	159.78	25.29	65	95.68
588	82.52	191.92	69	93.57
589	89.54	79.21	67	23.27
590	59.9	34.74	67	76.6
591	169.46	180.12	68	106.04
592	149.34	10.07	68	102.58
593	76.29	142.05	67	48.27
594	26.86	106.05	67	73.39
595	135.75	100.28	68	35.75
596	112.48	148.18	70	49.77
597	162.95	79.69	70	66.15
598	19.33	136.35	66	88.48
599	15.84	142.32	68	94.2
600	149.41	127.28	68	56.44
601	135.69	35.88	66	73.38
Drivers: 14
id	x	y	end	sensitivity
960	145.69	139.79	65	0.75
961	79.25	196.55	67	0.59
962	197.35	1.57	65	1.18
963	161.73	85.86	66	1.54
964	181.66	4.21	66	0.79
965	100.76	60.86	67	1.61
966	11.35	182.04	66	0.87
967	57.32	185.8	69	0.85
968	18.9	77.31	64	0.87
969	116.44	168.82	66	1.22
970	160.66	97.6	64	0.68
971	80.1	49.38	69	1.17
972	75.27	91.75	65	1.85
973	169.54	162.6	66	0.91
Period: 65
Tasks:7
id	x	y	end	c
602	60.65	144.89	68	59.7
603	161.29	137.95	68	72.09
604	57.48	131.88	70	53.14
605	194.65	185.62	69	127.63
606	69.24	77.75	67	37.96
607	160.29	108.47	69	60.88
608	67.29	50.15	71	59.62
Drivers: 17
id	x	y	end	sensitivity
974	73.46	10.83	67	1.81
975	96.15	111.16	69	1.79
976	80.3	68.13	67	1.3
977	150.51	46.82	67	1.16
978	152.04	35.92	66	1.77
979	7.96	10.33	66	0.8
980	77.45	82.98	66	1.29
981	10.24	140.55	65	1.65
982	56.3	27.05	68	1.89
983	133.8	187.15	69	1.92
984	22.57	80.64	68	1.99
985	150.05	4.89	69	0.84
986	138.7	6.64	66	0.99
987	157.09	23.81	69	1.82
988	181.9	89.62	70	1.24
989	133.79	107.41	69	1.46
990	73.65	41.86	66	1.25
Period: 66
Tasks:11
id	x	y	end	c
609	123.39	120.28	70	30.96
610	92.75	56.49	68	44.11
611	179.73	106.6	69	80
612	50.57	92.98	68	49.93
613	53.35	28.59	70	85.3
614	146.83	108.28	70	47.56
615	198.76	21.3	66	126.28
616	86.45	158.45	68	60
617	136.89	38.54	67	71.68
618	107.6	62.7	67	38.07
619	156.05	11.9	67	104.42
Drivers: 15
id	x	y	end	sensitivity
991	143.47	67.77	67	1.63
992	143.14	159.1	67	1.07
993	25.54	55.18	66	1.5
994	77.54	188.09	66	1.53
995	69.63	51.89	67	1.67
996	140.24	147.14	66	0.65
997	192.07	123.07	69	1.82
998	38.47	111.89	71	0.58
999	63.63	121.48	67	1.57
1000	9.37	91.93	67	1.87
1001	99.3	165.54	69	0.53
1002	141.01	72.9	67	0.89
1003	10.48	142.25	71	1.32
1004	31.54	10.59	68	0.72
1005	21.54	153.75	68	0.71
Period: 67
Tasks:6
id	x	y	end	c
620	136.45	62.68	72	52.17
621	193.15	51.11	67	105.2
622	171.03	197.79	68	120.86
623	189.92	131.34	71	95.23
624	71.12	183.78	70	88.62
625	15.86	50	70	97.88
Drivers: 16
id	x	y	end	sensitivity
1006	20.05	194.09	68	1.02
1007	70.45	43.54	70	1.03
1008	144.61	174.99	71	1.1
1009	126.62	78.18	69	1.22
1010	112.24	9.83	70	1.74
1011	16.78	163.74	68	1.04
1012	116.58	173.02	69	1.84
1013	93.9	190.27	70	1.38
1014	20.11	22.48	69	0.75
1015	158.64	142.92	69	1.88
1016	115.16	176.36	68	1.73
1017	98.74	177.51	69	0.67
1018	63.49	4.4	70	0.68
1019	73.31	119.21	71	1.68
1020	180.95	132.64	69	0.93
1021	185.46	45.02	68	1.18
Period: 68
Tasks:5
id	x	y	end	c
626	160.87	116.06	70	62.95
627	156.67	105.75	73	56.96
628	1.91	187.43	70	131.4
629	192.57	44.46	71	107.95
630	199.17	126.18	74	102.57
Drivers: 18
id	x	y	end	sensitivity
1022	77.03	63.2	70	1.75
1023	167.43	8.29	68	1.68
1024	15.31	43.57	71	0.5
1025	101.28	71.98	69	1.85
1026	114.48	118.65	71	1.36
1027	87.84	53.62	71	1.46
1028	38.84	110.93	71	1.81
1029	146.12	161.47	73	1.05
1030	45.72	80.39	69	1.34
1031	138.15	139.91	69	0.65
1032	90.94	59.58	72	1.31
1033	141.78	107.39	71	1.94
1034	191.2	147.44	71	1.6
1035	51.03	4.52	70	0.89
1036	176.05	54.44	71	1.26
1037	113.7	195.91	72	1.72
1038	164.91	93.41	70	0.61
1039	28.5	82.19	69	1.79
Period: 69
Tasks:9
id	x	y	end	c
631	112.81	139.69	76	41.71
632	25.47	14.69	73	113.28
633	4.13	176.43	71	122.61
634	134.65	137.59	73	51.12
635	174.63	48.97	73	90.41
636	63.46	41.34	75	69.11
637	15.8	29.06	70	110.1
638	20.16	77.35	70	82.99
639	194.64	168.08	71	116.58
Drivers: 11
id	x	y	end	sensitivity
1040	151.53	170.02	69	1.24
1041	103.11	159.8	70	1.44
1042	194.77	121.38	72	1.8
1043	58.87	193.22	70	1.92
1044	123.36	116.25	69	1.2
1045	28.21	51.81	71	0.96
1046	193.36	167.8	70	0.92
1047	23.29	197.17	74	0.6
1048	198.38	71.27	71	0.55
1049	158.37	79.39	70	1.4
1050	28.64	150.24	71	0.64
Period: 70
Tasks:9
id	x	y	end	c
640	118.51	86.09	77	23.15
641	49.75	199.73	72	111.67
642	80.86	82.35	77	26.04
643	70.85	24.53	74	80.9
644	169.22	88.66	75	70.14
645	110.95	6.42	71	94.22
646	147.9	34.1	73	81.47
647	154.91	97.97	71	54.95
648	43.09	18.33	76	99.54
Drivers: 11
id	x	y	end	sensitivity
1051	69.34	161.13	73	1.35
1052	28.25	82.2	75	1.42
1053	181.51	84.27	71	0.54
1054	92.33	135.67	70	0.77
1055	126.74	92.57	70	0.7
1056	120.11	5.48	71	1.02
1057	76.97	152.85	71	0.82
1058	126.55	32.23	71	1.49
1059	52.39	90.71	70	1.93
1060	134.94	119.89	73	1.62
1061	151.81	168.87	70	0.86
Period: 71
Tasks:9
id	x	y	end	c
649	68.39	39.16	73	68.56
650	2.36	63.59	72	104.21
651	19.71	149.37	72	94.25
652	46.92	121.21	73	57.16
653	16.13	193.76	74	125.8
654	4.43	31.38	76	117.65
655	82.23	28.8	74	73.38
656	134.42	115.35	74	37.69
657	41.29	190.95	73	108.25
Drivers: 12
id	x	y	end	sensitivity
1062	37.64	79	72	1.16
1063	197.45	138.39	75	1.63
1064	180.02	104.83	72	1.99
1065	109.83	66.87	74	1.16
1066	194.56	120.12	77	1.35
1067	93.92	113.76	74	1.48
1068	164.79	160.16	71	1.25
1069	79.92	139.72	72	0.57
1070	15.87	141.07	75	1.46
1071	63.7	70.2	73	1.77
1072	85.97	198.93	72	1.6
1073	55.31	149.73	72	1.87
Period: 72
Tasks:8
id	x	y	end	c
658	136.5	35.99	74	73.69
659	106.57	182.51	72	82.77
660	64.72	125.61	74	43.6
661	145.93	99.05	76	45.94
662	60.56	121.6	74	44.97
663	175.86	171.4	77	104.18
664	76.94	171.03	74	74.68
665	18.73	71.13	75	86.25
Drivers: 13
id	x	y	end	sensitivity
1074	58.68	67.08	74	0.66
1075	175.48	117.34	75	1.76
1076	92.26	92.9	74	1.9
1077	111.27	110.09	75	1.3
1078	184.21	82.69	76	1.89
1079	13.1	49.28	75	1.48
1080	0.23	7.98	76	1.89
1081	89.37	171.42	74	0.91
1082	49.65	148.49	72	0.71
1083	34.71	113.68	72	1.43
1084	4.98	155.13	77	1.72
1085	99.3	119.02	73	0.77
1086	83.69	157.56	75	1.7
Period: 73
Tasks:9
id	x	y	end	c
666	163.69	142.15	76	76.37
667	172.07	108.82	75	72.61
668	67.43	37.14	74	70.8
669	131.24	32.1	75	74.74
670	199.51	1.65	76	139.91
671	66.34	171.06	74	78.63
672	52.39	67.98	76	57.38
673	168.58	87.98	74	69.63
674	71.9	97.9	77	28.18
Drivers: 18
id	x	y	end	sensitivity
1087	141.57	48.02	74	1.41
1088	63.63	164.67	73	0.73
1089	121.89	178.31	77	1.62
1090	171.19	197.13	76	1.7
1091	41.55	57.77	75	0.61
1092	62.61	188.42	73	1.48
1093	143.68	64.28	76	0.82
1094	134.59	103.98	76	1.81
1095	108.24	65.1	75	1.25
1096	5.36	156.42	75	1.47
1097	93.35	47.38	73	1.92
1098	51.36	9.3	76	1.95
1099	122.19	71.15	76	1.36
1100	22.86	126.06	75	0.56
1101	166.09	140.66	75	0.82
1102	2.29	113.54	73	1.22
1103	35.69	37.52	76	1.49
1104	104.25	173.58	74	1.18
Period: 74
Tasks:8
id	x	y	end	c
675	38.56	66.72	76	69.87
676	91.02	12.91	77	87.55
677	7.3	12.3	77	127.61
678	45.96	17.71	77	98.45
679	148.65	50.02	75	69.75
680	65.07	160.12	77	69.53
681	144.19	185.09	79	95.88
682	31.7	31.99	78	96.39
Drivers: 13
id	x	y	end	sensitivity
1105	95.29	172.46	78	1.99
1106	70.07	119.08	76	1.28
1107	144.47	30.32	76	1.4
1108	144.53	162.54	75	1.42
1109	130.34	70.91	75	0.97
1110	7.95	10.4	75	0.76
1111	88.98	132.12	74	1.01
1112	143.53	127.62	76	0.63
1113	199.19	135.9	75	0.87
1114	129.5	135.97	74	1.9
1115	151.6	154.9	75	1.18
1116	174.02	196.1	75	0.54
1117	47.99	164.36	75	1.78
Period: 75
Tasks:12
id	x	y	end	c
683	198.87	197.55	76	138.89
684	43.31	52.68	78	73.84
685	185.29	26.22	80	112.77
686	127.96	14.24	78	90.2
687	63.15	57.73	79	56.08
688	4.08	164.16	80	115.4
689	133	160.32	77	68.76
690	167.63	74.95	77	72.12
691	139.39	193.32	78	101.29
692	163.37	102.49	79	63.42
693	33.82	25.89	78	99.36
694	150.97	38.69	79	79.73
Drivers: 13
id	x	y	end	sensitivity
1118	112.3	10.12	77	0.93
1119	122.88	132.62	78	1.68
1120	195.75	126.54	76	1.03
1121	41.17	135.34	77	1.91
1122	61.47	28.89	77	1.9
1123	9.59	17.85	76	1.12
1124	85.79	25.4	76	0.83
1125	51.81	37.37	77	1.86
1126	188.89	111.66	76	1.22
1127	19.5	70.03	76	1.93
1128	159.35	192.04	76	1.92
1129	120.2	171.78	78	0.86
1130	107.32	84.42	75	1.59
Period: 76
Tasks:9
id	x	y	end	c
695	39.93	90.84	80	60.76
696	74.5	5.71	79	97.68
697	114.62	40.91	81	60.87
698	166.5	174.94	79	100.19
699	178.78	59.85	80	88.42
700	73.7	62.07	79	46.16
701	25.38	12.53	79	114.97
702	125.24	134.06	79	42.39
703	104.14	104.8	80	6.34
Drivers: 11
id	x	y	end	sensitivity
1131	12.76	47.12	78	1.99
1132	21.51	7.63	78	1.41
1133	161.91	116.45	79	0.61
1134	40.45	28.53	78	1.57
1135	158.58	137.22	79	0.88
1136	97.98	47	77	1.56
1137	5.14	114.15	79	1.79
1138	88.48	13.96	77	1.36
1139	130.04	140.35	77	0.52
1140	90.93	122.83	79	1.1
1141	111.56	101.53	76	1.82
Period: 77
Tasks:8
id	x	y	end	c
704	186.13	60.41	81	94.79
705	125.54	140.36	80	47.76
706	6.94	47.32	78	106.94
707	116.4	4.31	79	97.09
708	40.62	115.47	82	61.36
709	51.11	19.11	80	94.52
710	40.02	160.9	80	85.48
711	53.3	169.76	79	83.95
Drivers: 22
id	x	y	end	sensitivity
1142	193.31	195.86	80	0.87
1143	187.34	130.06	77	1.33
1144	198.72	168	80	1.72
1145	146.2	75.72	81	0.61
1146	57.36	175.81	78	1.96
1147	154.52	42.61	78	1.92
1148	185.68	91.67	82	1.98
1149	35.56	147.51	78	0.93
1150	106.4	143.2	81	1.2
1151	158.42	56.83	83	1.14
1152	125.32	196.29	82	0.76
1153	170.23	146.11	81	0.86
1154	157.13	119.61	79	1.48
1155	193.34	120.71	79	1.78
1156	189.11	93.78	79	0.98
1157	87.05	154.69	80	1.53
1158	195.96	120.92	78	1.79
1159	85.42	101.66	78	1.08
1160	19.84	169.36	79	0.55
1161	29.11	34.31	80	0.72
1162	138.22	9.59	78	1.44
1163	10.41	36.73	77	1.43
Period: 78
Tasks:11
id	x	y	end	c
712	115.19	59.53	83	43.23
713	110.68	14.61	81	86.06
714	93.75	103.15	88	7
715	59.3	162.61	82	74.68
716	25.08	51.39	84	89.31
717	47.73	39.67	83	79.82
718	21.29	133.02	83	85.36
719	137.95	152.33	81	64.64
720	131.11	173.08	83	79.43
721	172.3	190.28	82	115.66
722	135.48	154.61	83	65.12
Drivers: 21
id	x	y	end	sensitivity
1164	162.4	186.23	81	1.93
1165	102.45	46.28	80	1.38
1166	195.64	183.92	80	1.27
1167	45.45	83.08	79	1.3
1168	35.68	134.11	79	1.93
1169	173.39	178.84	81	0.87
1170	57.11	164.93	81	1.99
1171	143.12	134.67	79	1.44
1172	105.95	66.3	79	1.4
1173	152.8	21.77	79	0.69
1174	106.76	38.94	81	1.71
1175	92.13	156.78	82	0.89
1176	148.25	162.89	80	0.89
1177	125.32	48.81	80	1.25
1178	63.08	67.01	82	0.78
1179	155.75	131.21	79	0.77
1180	114.58	163.75	78	1.36
1181	183.82	113.56	81	1.88
1182	147.69	119.03	82	1.8
1183	112.08	184.3	80	1.65
1184	42.73	134.02	78	1.39
Period: 79
Tasks:7
id	x	y	end	c
723	194.61	48.41	84	107.76
724	34.52	19.13	81	104.06
725	143.56	108.94	82	44.47
726	189.23	141.6	84	98.45
727	74.14	149.32	81	55.69
728	32.27	133.08	85	75.38
729	102.66	116.73	80	16.94
Drivers: 13
id	x	y	end	sensitivity
1185	108.23	78.84	80	0.87
1186	68.21	85.37	79	1.51
1187	158.6	61.07	80	0.92
1188	104.4	71.94	80	1.42
1189	90.63	63.47	79	0.82
1190	79.94	19.63	79	1.85
1191	172.73	13.94	81	1.11
1192	45.97	140.21	83	0.64
1193	67.89	12.11	81	0.9
1194	174.38	42.6	82	1.88
1195	170.82	3	80	0.53
1196	7.94	74.6	81	0.53
1197	172.39	150.11	82	1.92
Period: 80
Tasks:7
id	x	y	end	c
730	84.9	51.52	83	50.78
731	37.31	73.51	82	68.06
732	56.75	138.37	81	57.82
733	5.8	167.04	83	115.62
734	56.3	161.86	81	75.74
735	47.42	172.37	85	89.45
736	80.04	79.21	81	28.82
Drivers: 14
id	x	y	end	sensitivity
1198	156.64	99.11	85	1.06
1199	164.66	140.34	84	1.33
1200	193.13	166.13	85	1.19
1201	73.03	34.06	81	1.18
1202	178.97	126.76	82	0.65
1203	45.26	138.27	83	1.31
1204	139.09	187.47	81	1.42
1205	163.25	1.2	81	1.11
1206	193.34	14.14	84	1.98
1207	136.39	91.5	82	1.79
1208	199.31	179.54	81	1.06
1209	17.35	180.28	83	1.14
1210	154.55	82.16	82	0.78
1211	78.72	170.31	82	0.6
Period: 81
Tasks:10
id	x	y	end	c
737	18.97	102.31	82	81.06
738	109.31	147.31	82	48.22
739	174.32	155.58	83	92.8
740	9.69	192.91	83	129.57
741	36.58	7.64	87	112.04
742	148.98	161.25	84	78.43
743	3.51	162.15	87	114.77
744	90.66	126.28	86	27.89
745	99.31	85.96	82	14.06
746	80.18	124.85	86	31.79
Drivers: 14
id	x	y	end	sensitivity
1212	172.41	26.43	81	1.74
1213	181.94	127.99	83	1.39
1214	14.97	45.69	82	1.27
1215	182.83	0.05	83	1.88
1216	178.25	128.31	84	1.2
1217	66.34	23.09	84	1.27
1218	142.29	189.99	83	1.08
1219	88.55	75.89	83	1.79
1220	195.26	172.31	84	1.75
1221	165.35	84.76	85	0.77
1222	3.01	108.92	81	1.39
1223	31.19	94.9	84	1.53
1224	13.97	11.86	82	1.06
1225	66.56	22.1	82	1.95
Period: 82
Tasks:13
id	x	y	end	c
747	43.41	108.17	86	57.18
748	92.32	128.06	83	29.09
749	51.63	127.27	86	55.53
750	98.49	152.21	86	52.23
751	68.46	49.96	88	59.15
752	45.05	128.85	83	62.06
753	0.6	168.5	86	120.72
754	54.48	77.56	83	50.75
755	72.26	117.5	85	32.8
756	95.29	192.03	87	92.15
757	157.1	73.66	85	62.88
758	94.96	53.69	86	46.58
759	84.21	161.31	88	63.31
Drivers: 7
id	x	y	end	sensitivity
1226	143.95	43.8	83	1.66
1227	77.5	49.29	87	1.89
1228	77.14	196.84	82	1.33
1229	54.85	70.32	83	1.4
1230	148.3	29.05	89	1.74
1231	128.09	56.46	82	1.14
1232	52.23	62.24	85	0.6
Period: 83
Tasks:11
id	x	y	end	c
760	190.68	35.38	83	111.35
761	89.75	9.42	86	91.16
762	171.21	174.21	88	102.85
763	21.06	149.8	88	93.34
764	140.67	60.94	84	56.39
765	93.57	76.01	87	24.84
766	151.61	60.52	85	64.98
767	63.45	127.62	87	45.81
768	106.69	56.37	85	44.14
769	36.36	1.58	85	117.2
770	184.37	152.19	86	99.21
Drivers: 18
id	x	y	end	sensitivity
1233	45.75	72.24	86	1.5
1234	40.32	80.25	83	1.85
1235	156.21	53.51	86	1.17
1236	11.23	70.67	85	0.56
1237	84.22	16.34	85	0.67
1238	67.17	24.75	84	0.53
1239	60.72	140.12	84	0.98
1240	140.26	109.03	86	1.72
1241	154.75	129.38	85	1.39
1242	81.67	120.41	84	0.78
1243	91.34	94.94	87	0.77
1244	78.88	155.87	88	0.63
1245	34.16	126.48	85	1.64
1246	19.73	49.81	84	0.52
1247	166.8	159.64	85	1.69
1248	113.81	76.25	86	1.87
1249	143.97	196.91	86	0.55
1250	9.73	44.1	88	0.83
Period: 84
Tasks:12
id	x	y	end	c
771	51.17	91.51	87	49.56
772	142.55	1	86	107.76
773	108.13	133.33	89	34.31
774	77.45	31.18	89	72.42
775	102.78	175.76	85	75.81
776	126.56	183.85	86	87.96
777	95.15	99.5	89	4.88
778	17.14	133.61	86	89.42
779	82.7	189.84	90	91.49
780	128.08	56.4	85	51.86
781	174.23	24.48	87	105.89
782	151.55	0.27	85	112.27
Drivers: 19
id	x	y	end	sensitivity
1251	78.35	46.67	86	1.91
1252	72.47	0.13	87	0.84
1253	73.31	153.19	85	1.01
1254	8.55	147.07	87	0.65
1255	13.92	77.55	86	0.77
1256	73.24	118.2	84	1.91
1257	12	56.57	85	1.41
1258	155.35	115.66	87	1.89
1259	174.17	150.44	84	1.06
1260	121.99	133.23	85	0.81
1261	41.01	164.42	85	0.85
1262	138.05	58.94	88	0.63
1263	156.96	83.7	84	0.5
1264	73.22	51.92	87	1.32
1265	154.22	126.1	86	1.52
1266	127.29	158.18	87	1.16
1267	134.05	22.28	87	0.64
1268	76.57	139.82	87	0.92
1269	163.69	55.95	85	1.09
Period: 85
Tasks:15
id	x	y	end	c
783	141.93	73.71	88	49.49
784	119.23	165.09	89	67.87
785	188.38	96.37	87	88.45
786	163.78	123.55	87	67.99
787	98.06	186.57	88	86.59
788	161.34	132.35	89	69.35
789	109.77	10.53	87	90
790	14.53	71.1	87	90.22
791	181.86	41.41	92	100.67
792	136.27	182.03	88	89.69
793	66.46	42.11	88	66.9
794	0.88	171.35	87	122.13
795	43.31	167.28	89	87.98
796	13.07	53.73	88	98.48
797	168.09	98.82	85	68.1
Drivers: 9
id	x	y	end	sensitivity
1270	66.29	2.25	87	1.85
1271	188.22	180.68	87	0.74
1272	88.36	77.2	86	1.89
1273	151.88	165.88	86	0.7
1274	127.97	147.5	87	0.73
1275	102.65	73.83	86	1.17
1276	103.85	82.5	87	1.73
1277	113.35	164.8	85	1.59
1278	18.53	160.22	89	1.94
Period: 86
Tasks:4
id	x	y	end	c
798	137.66	98.16	87	37.7
799	57.55	88.44	90	44
800	59.94	143.23	90	58.94
801	75.7	189.84	92	93.07
Drivers: 18
id	x	y	end	sensitivity
1279	191.59	161.68	89	1.51
1280	161.12	162.1	87	0.64
1281	118.4	77.3	88	0.61
1282	86.94	100.37	87	0.98
1283	81.92	141.27	91	0.77
1284	97.86	126.46	87	1.26
1285	164.38	196.84	87	1.65
1286	167.68	193.55	88	0.5
1287	194.9	126.19	88	0.93
1288	67.47	2.64	89	1.69
1289	155.87	142.55	88	0.77
1290	165.73	48.36	87	1.1
1291	107.76	69.99	86	0.92
1292	109.91	1.03	88	1.48
1293	114.29	165.83	89	1.08
1294	157.41	91.74	90	1
1295	71.47	19.33	86	1.5
1296	71.1	9.72	88	0.73
Period: 87
Tasks:11
id	x	y	end	c
802	59.52	126.85	88	48.58
803	126.85	106.77	92	27.69
804	176.27	7.28	89	120.06
805	120.9	92.19	88	22.31
806	34.47	90.12	91	66.27
807	43.28	35.47	88	85.91
808	155.77	104.11	89	55.92
809	122.86	186.32	90	89.3
810	163.07	60.45	89	74.44
811	100.3	1.2	89	98.8
812	61.13	166.26	89	76.82
Drivers: 18
id	x	y	end	sensitivity
1297	112.21	106.94	90	1.02
1298	159.46	12.22	91	1.06
1299	77.31	71.22	88	1.13
1300	175.3	33.38	89	1.01
1301	10.75	171.05	87	1.28
1302	57.73	58.55	89	1.61
1303	13.63	81.15	89	1.26
1304	160.79	56.5	88	1.65
1305	31.96	181.9	90	0.57
1306	141.23	46.28	88	0.61
1307	90.06	20.83	91	1.88
1308	126.4	115.65	87	1.01
1309	21.11	163.98	89	1.92
1310	163.59	19.72	89	1.63
1311	97.28	41.12	88	0.97
1312	60.81	95.11	89	1.16
1313	27.28	156.66	90	1.59
1314	126.59	52.05	90	1.99
Period: 88
Tasks:7
id	x	y	end	c
813	199.3	127.1	89	102.93
814	16.64	61.66	90	91.75
815	158.42	27.31	92	93.26
816	173.25	76.41	94	76.95
817	117.84	116.44	90	24.26
818	97.87	191.26	92	91.28
819	114.08	185.56	93	86.71
Drivers: 14
id	x	y	end	sensitivity
1315	166.93	146.43	88	1.69
1316	157.59	4.5	89	0.72
1317	192.81	50.41	92	1.43
1318	100.83	5.88	88	1.52
1319	124	14.05	91	1.55
1320	91.89	25.47	90	1.52
1321	89.88	78.49	91	1.64
1322	98.07	77.07	92	1.31
1323	180.35	22.11	90	1.29
1324	100.83	138.94	92	1.52
1325	110.41	161.01	90	0.83
1326	170.48	31.06	91	0.55
1327	65.26	167.91	89	0.54
1328	2.84	100.11	89	1.27
Period: 89
Tasks:7
id	x	y	end	c
820	37.2	36.32	91	89.44
821	82.73	21.32	91	80.55
822	45.82	98.83	92	54.19
823	142.28	40.55	90	72.95
824	118.43	102.21	91	18.56
825	179.15	21.42	91	111.53
826	80.92	137.63	91	42.19
Drivers: 12
id	x	y	end	sensitivity
1329	185.71	31.7	90	0.95
1330	122.92	38.44	92	1.69
1331	81.74	11.8	90	1.34
1332	175.71	120.89	91	0.51
1333	52.23	120.83	92	1.45
1334	136.74	111.33	92	1.52
1335	199.55	134.86	90	1.09
1336	80.1	86.77	91	1.45
1337	198.88	97.65	91	1.89
1338	139.64	119.85	90	1.13
1339	136.52	198.71	92	1.44
1340	70.78	65.56	93	1.39
Period: 90
Tasks:9
id	x	y	end	c
827	23.28	114.92	93	78.16
828	193.14	168.52	92	115.63
829	181.38	153.41	94	97.34
830	122.76	19.38	92	83.77
831	68.73	58.16	95	52.23
832	90.63	198.51	90	98.95
833	188.68	7.76	92	127.95
834	142.01	25.24	92	85.75
835	24.53	4.73	90	121.54
Drivers: 16
id	x	y	end	sensitivity
1341	152.84	2.78	90	1.82
1342	118.47	188.76	92	1.23
1343	16.43	34.68	92	1.09
1344	95.51	136.31	91	1.77
1345	73.44	19.6	92	1.09
1346	147.29	155.92	92	1.34
1347	59.28	5.34	92	0.98
1348	93.98	130.23	90	1.36
1349	46.57	18.23	94	1.39
1350	43.72	185.27	90	1.41
1351	52.82	132.15	92	1.18
1352	32.39	111.43	93	1.43
1353	44.59	130.89	91	1.21
1354	39.28	17.42	91	0.61
1355	96.79	100.47	92	1.87
1356	94.08	62.33	91	1.35
Period: 91
Tasks:8
id	x	y	end	c
836	127.64	155.44	93	61.95
837	181.01	190.28	93	121.3
838	32.24	178.04	92	103.35
839	125.09	78.95	94	32.75
840	106.6	119.6	92	20.68
841	91.44	52.44	94	48.32
842	90.73	92.31	94	12.04
843	194.27	171.32	94	118.21
Drivers: 18
id	x	y	end	sensitivity
1357	96.8	86.27	94	0.67
1358	102.34	125.2	92	0.87
1359	186.01	141.37	92	0.65
1360	144.26	161.15	92	0.83
1361	190.12	196.37	93	1.22
1362	99.94	75.26	92	1.09
1363	130.36	87.88	92	1.42
1364	34.09	124.33	96	1.4
1365	7.22	25.86	94	0.73
1366	86.44	171.15	92	1.36
1367	111.46	140.59	94	1.15
1368	4.74	76.36	94	0.74
1369	127.17	80.26	93	1.2
1370	97.8	74.05	94	1.19
1371	25.53	40.87	92	1.45
1372	72.64	21.47	94	1.67
1373	106.63	97.78	92	1.07
1374	134.36	191.24	92	0.99
Period: 92
Tasks:10
id	x	y	end	c
844	25	166.44	97	100.2
845	74.39	117.65	98	31.1
846	37.72	165.39	93	90.3
847	165.9	79.05	94	69.15
848	136.24	187.91	92	95.09
849	68.36	176.34	94	82.64
850	20.64	87.43	95	80.35
851	112.62	78.02	98	25.35
852	138.65	80.59	94	43.25
853	94.13	140.26	96	40.69
Drivers: 17
id	x	y	end	sensitivity
1375	105.94	21.9	95	1.73
1376	28.83	110.02	93	0.82
1377	124.59	29.13	95	0.89
1378	20.5	126.85	97	1.75
1379	118.69	104.87	94	1.18
1380	4.68	165.58	92	1.2
1381	100.8	34.61	93	1.79
1382	109.15	16.59	97	1.76
1383	84.13	161.82	95	1.3
1384	116.32	132.08	95	1.65
1385	91.3	197.61	93	0.67
1386	54.81	7.6	96	0.78
1387	134.22	133.42	95	1.33
1388	16.77	174.68	94	0.58
1389	21.58	75.83	95	1.73
1390	148.63	132.91	94	1.13
1391	23.45	122.17	95	0.92
Period: 93
Tasks:14
id	x	y	end	c
854	17.72	89.27	94	82.98
855	86.28	188.15	95	89.21
856	190.65	94.57	97	90.81
857	107.37	13.18	93	87.13
858	9.63	195.92	94	131.79
859	37.26	156.57	96	84.48
860	166.14	172.76	98	98.33
861	186.85	104.3	97	86.96
862	13.64	150.22	97	99.9
863	34.56	71.62	95	71.33
864	67.19	25.88	97	81.06
865	43.7	14.11	96	102.7
866	181.84	173	96	109.67
867	26.35	172.97	96	103.68
Drivers: 14
id	x	y	end	sensitivity
1392	42.42	180.98	94	0.98
1393	37.55	20.66	95	1.6
1394	71.95	45.16	95	0.74
1395	115.74	56.87	94	1.44
1396	42.08	71.9	93	1.92
1397	159.46	157.26	96	1.05
1398	182.62	146.51	97	1.26
1399	18.45	123.89	93	1.04
1400	126.35	157.33	94	0.79
1401	103.03	91.01	94	0.58
1402	151.04	134.04	94	1.03
1403	104.87	6.18	94	1.17
1404	188.51	5.4	97	0.79
1405	145.42	22.2	93	0.7
Period: 94
Tasks:6
id	x	y	end	c
868	124.04	48.41	96	56.92
869	134.42	194.4	97	100.48
870	74.76	87.07	98	28.36
871	94.75	107.7	97	9.32
872	54.03	46.55	97	70.5
873	119.8	145.66	96	49.77
Drivers: 16
id	x	y	end	sensitivity
1406	111.02	133.68	95	1.43
1407	5.91	6.65	98	0.75
1408	40.35	22.42	98	0.81
1409	152.45	62.45	94	0.66
1410	57.24	133.69	96	1.93
1411	55.17	167.38	98	0.9
1412	62.79	6.31	96	0.71
1413	50.58	48.19	99	1.96
1414	62.95	119.24	95	1.51
1415	48.28	137.9	96	0.72
1416	18.21	137.8	99	1.33
1417	171.73	159.31	94	1.23
1418	64.62	6.68	97	1.41
1419	139.4	183.18	96	0.75
1420	31.99	42.29	96	0.81
1421	50.73	87.25	96	0.61
Period: 95
Tasks:14
id	x	y	end	c
874	196.21	128.54	98	100.35
875	20.24	155.6	99	97.23
876	27.81	165.97	98	97.79
877	55.68	114.8	99	46.73
878	59.15	95.82	96	41.06
879	36.14	19.42	96	102.82
880	113.02	192.72	98	93.63
881	112.17	68	97	34.24
882	184.81	122.63	97	87.78
883	87.7	97.01	97	12.66
884	121.15	92.33	96	22.5
885	62.31	67.03	97	50.08
886	98.31	155.76	98	55.79
887	63.85	125.22	98	44.08
Drivers: 10
id	x	y	end	sensitivity
1422	105.46	18.81	97	0.74
1423	32.03	159.29	95	1.24
1424	101.82	89.6	99	1.9
1425	161.96	53.18	96	1.14
1426	93.3	16.58	96	1.11
1427	90.74	171.77	96	0.7
1428	135.39	63.96	101	1.39
1429	72.77	172.05	97	0.51
1430	186.91	151.85	96	1.36
1431	88.76	165.96	95	0.58
Period: 96
Tasks:6
id	x	y	end	c
888	60.63	79.65	97	44.32
889	174.55	49.7	99	89.93
890	30.06	47.65	97	87.36
891	184.28	15.81	99	119.13
892	160.43	56.97	98	74.18
893	97.49	184.26	98	84.3
Drivers: 15
id	x	y	end	sensitivity
1432	103.66	99.6	97	0.98
1433	9.5	106.53	98	1.48
1434	182.29	13.89	99	0.97
1435	115.77	47.37	97	0.52
1436	187.44	109.09	97	0.67
1437	178.81	8.82	98	1.41
1438	21.67	188.45	97	1.31
1439	147.53	149.22	97	1.51
1440	192.36	13.77	98	1.94
1441	133.37	152.04	97	1.96
1442	71.63	97.35	98	1.06
1443	49.56	44.23	97	1.02
1444	11.98	140.22	98	0.61
1445	25.49	197.81	100	1.28
1446	103.54	162.9	99	1.19
Period: 97
Tasks:10
id	x	y	end	c
894	56.26	8.73	101	101.21
895	62.62	101.36	101	37.4
896	18.91	24.88	103	110.54
897	24.69	105.18	101	75.49
898	85.47	182.95	101	84.21
899	71.5	155.64	99	62.51
900	28.83	152.82	101	88.63
901	90.29	11.8	99	88.73
902	114.41	164.66	99	66.25
903	95.39	93.31	100	8.12
Drivers: 12
id	x	y	end	sensitivity
1447	83.45	183.53	100	0.83
1448	161.76	183.02	98	1.01
1449	30.88	164.51	99	1.52
1450	106.67	68.2	102	1.99
1451	78.61	147.2	99	1.82
1452	167.18	113.94	100	0.75
1453	187.16	48.81	100	0.89
1454	41.5	54.54	97	1.35
1455	50.89	18.81	99	0.94
1456	144.95	148.78	100	0.88
1457	126.09	151.3	98	0.74
1458	172.34	68.26	99	1.96
Period: 98
Tasks:13
id	x	y	end	c
904	30.27	79.35	102	72.72
905	125.12	184.86	104	88.5
906	155.99	76.01	99	60.91
907	192.26	150.22	100	105.04
908	125.23	11.82	101	91.72
909	80.21	115.09	100	24.89
910	142.72	111.39	98	44.21
911	24.1	143.53	102	87.5
912	41.97	65.94	102	67.29
913	144.52	47.53	102	68.81
914	182.56	113.4	100	83.64
915	100.26	13.82	101	86.18
916	60.47	18.08	100	90.96
Drivers: 16
id	x	y	end	sensitivity
1459	168.19	80.49	98	1.84
1460	173.74	162.76	99	1.82
1461	132.09	73.01	100	1.4
1462	14.88	66.87	98	1.67
1463	80.26	148.62	99	1.37
1464	57.09	69.13	101	1.14
1465	91.09	64.16	101	0.8
1466	182.93	41.46	100	1.01
1467	151.82	162.78	100	0.59
1468	180.27	96.69	103	1.48
1469	11.4	75.75	98	1.36
1470	163.14	8.48	100	1.35
1471	70.25	157.03	98	0.56
1472	192.23	117.66	98	1.53
1473	189.36	96.08	102	1.83
1474	66.63	90.05	101	1.57
Period: 99
Tasks:11
id	x	y	end	c
917	16.24	38.99	103	103.62
918	88.19	50.94	102	50.46
919	177.61	48.04	102	93.4
920	21.89	16.37	103	114.43
921	53.3	7.98	102	103.19
922	64.14	109.86	103	37.19
923	98.85	164.59	101	64.6
924	176.29	179.12	100	109.91
925	148.56	181.04	105	94.48
926	15.88	75.32	105	87.67
927	92.76	128.64	101	29.54
Drivers: 18
id	x	y	end	sensitivity
1475	134.81	167.62	100	0.5
1476	163.66	30.17	102	0.67
1477	174.16	173.29	103	0.66
1478	134.78	38.65	101	1.35
1479	70.47	47.49	100	1
1480	23.23	23.66	101	0.58
1481	150.28	130.24	99	0.92
1482	62.64	66.22	100	1.17
1483	108.2	177.42	105	1.56
1484	142.73	67.6	101	0.65
1485	7.93	163.15	102	1.72
1486	101.12	115.64	100	0.55
1487	27.73	65.36	99	1.44
1488	191.24	124.99	101	0.92
1489	62.25	57.39	102	1.46
1490	173.82	187.36	100	1.89
1491	162	11.07	101	1.82
1492	23.25	52.06	100	0.54
Period: 100
Tasks:15
id	x	y	end	c
928	52.01	183.63	102	96.42
929	151.15	113.69	104	52.95
930	158.54	181.55	106	100.39
931	38.75	92.37	101	61.72
932	114.68	173.14	104	74.6
933	50.6	32.68	102	83.5
934	92.54	36.84	103	63.6
935	131.64	162.67	101	70.2
936	3.48	61.73	101	103.83
937	9.68	161.16	102	109.08
938	30.03	196.62	102	119.29
939	196.63	142.01	100	105.37
940	25.17	64.53	101	82.81
941	155.69	171.45	102	90.59
942	96.52	11.88	102	88.19
Drivers: 8
id	x	y	end	sensitivity
1493	150.78	76.46	102	0.5
1494	130.79	87.15	103	0.84
1495	116.97	33.22	101	1.77
1496	10.73	83.34	101	1.25
1497	91.95	126.36	104	1.44
1498	65.54	39.07	101	1.38
1499	88.64	171.9	101	0.69
1500	159.82	192.3	102	1.42
