Periods: 100
Task Arrival Rate: 15
Task Average Time: 3
Driver Arrival Rate: 15
Driver Average Time: 1
Period: 1
Tasks:16
id	x	y	end	c
1	144.6	182.99	4	94.22
2	186.92	167.18	4	109.86
3	51.13	151.79	6	71.21
4	177.33	104.31	5	77.45
5	196.74	78.73	3	99.05
6	127.77	17.29	6	87.25
7	186.08	39.98	2	104.94
8	90.19	166.21	1	66.93
9	145.71	48.85	3	68.6
10	0.23	174.43	3	124.47
11	2.22	32.68	4	118.71
12	119.58	129.43	3	35.35
13	176.05	41.33	10	96.05
14	34.56	68.31	3	72.71
15	45.76	137.51	3	65.95
16	38.95	32.52	4	91
Drivers: 20
id	x	y	end	sensitivity
1	47.35	3.58	1	0.92
2	197.3	47.44	1	1.28
3	185.64	111.89	1	1.73
4	50.95	35.82	3	1.06
5	153.93	67.37	3	0.84
6	89.06	142.65	2	1.32
7	35.47	117.04	2	1.89
8	77.28	32.19	2	0.66
9	35.34	21.65	5	0.68
10	121.56	173.71	4	0.73
11	69.24	27.44	2	1.61
12	121.88	42.64	1	1.26
13	193.32	83.61	2	0.81
14	8.89	20.82	4	1.58
15	129.04	129.33	2	1.49
16	34.57	24.96	2	1.93
17	199.09	3.4	2	1.91
18	185.32	21.02	2	1.07
19	26.02	190.22	1	1.37
20	145.89	92.83	1	1.44
Period: 2
Tasks:10
id	x	y	end	c
17	21.73	23.6	4	109.38
18	52.34	110.17	5	48.73
19	6.35	166.71	4	114.98
20	18	16.08	4	117.33
21	112.84	36.11	4	65.17
22	44.23	46.63	4	77.19
23	139.43	183.76	7	92.58
24	70.59	182.49	8	87.58
25	40.97	34.54	2	88.15
26	28.73	30.48	4	99.56
Drivers: 19
id	x	y	end	sensitivity
21	152.71	70.39	3	1.53
22	17.3	96.6	4	0.7
23	90.93	93.18	3	1.76
24	26.73	128.59	2	0.6
25	52.34	74.12	3	0.52
26	7.24	71.14	4	1.21
27	101.97	32.04	2	1.63
28	67.26	179.95	3	1.66
29	154.01	180.55	2	0.93
30	118.62	118.37	4	0.64
31	2.77	21.01	2	1.24
32	100.68	148.78	3	0.98
33	124.76	113.65	2	0.75
34	189.81	83.2	3	1.78
35	34.58	64.48	2	0.77
36	6.62	131.04	2	0.82
37	69.91	25.24	3	1.83
38	179.13	134.44	3	0.89
39	113.43	171.15	4	1.56
Period: 3
Tasks:11
id	x	y	end	c
27	142.95	92.39	7	43.62
28	65.39	112.99	7	36.97
29	127.87	96.95	6	28.04
30	119.56	129.04	6	35.01
31	114.79	80.15	5	24.75
32	145.11	156.56	7	72.35
33	194.52	169.68	7	117.43
34	171.55	175.5	6	104.02
35	34.16	12.33	10	109.64
36	95.22	5.57	4	94.55
37	120.07	179.58	7	82.07
Drivers: 14
id	x	y	end	sensitivity
40	127.33	81.01	3	1
41	199.13	8.88	5	0.96
42	163.45	53.13	3	0.52
43	64.52	51.82	4	1.35
44	98.53	198.3	3	1.64
45	109.96	150.3	4	1.15
46	9.73	99.41	5	0.61
47	192.5	98.6	3	1.8
48	160.4	154.18	4	1.37
49	194.04	132.62	6	1.18
50	84.69	116.06	5	0.66
51	160.97	133.44	4	0.63
52	55.94	69.11	5	1.08
53	68.34	72.13	5	0.71
Period: 4
Tasks:17
id	x	y	end	c
38	193.78	66.48	5	99.59
39	159.59	64	7	69.62
40	130.07	86.74	6	32.86
41	164.28	163.32	5	90.23
42	75.56	41.54	6	63.36
43	76.36	80.56	7	30.61
44	34.06	184.25	6	106.99
45	50.83	18.97	6	94.78
46	169.26	90.79	7	69.87
47	119.04	161.36	9	64.25
48	90.76	195.47	7	95.92
49	158.06	48.55	6	77.58
50	79.43	59.74	7	45.21
51	179.11	101.26	6	79.12
52	192.71	1.48	10	135.28
53	151.25	39.24	7	79.49
54	96.48	126.14	7	26.38
Drivers: 11
id	x	y	end	sensitivity
54	147.41	167.65	5	0.68
55	83.15	116.94	4	1.52
56	92.2	176.54	6	0.68
57	116.35	61.43	4	1.7
58	167.41	137.53	5	1.94
59	69.02	195.02	6	1.33
60	195.55	88.34	7	1.27
61	190.76	183.76	6	1.55
62	106.47	93.52	6	1.97
63	29.15	51	4	0.62
64	67.62	188.53	5	1.62
Period: 5
Tasks:17
id	x	y	end	c
55	132.76	85.34	6	35.89
56	29.39	105.63	9	70.83
57	21.15	123.96	10	82.41
58	148.82	9.34	7	102.97
59	126.24	177.25	12	81.58
60	137.35	143.12	12	57.05
61	85.29	110.18	9	17.89
62	56.25	158.79	9	73.28
63	131.05	4.35	9	100.56
64	32.71	43.87	8	87.63
65	67.98	137.64	8	49.42
66	17.35	199.01	9	128.97
67	34.74	107.14	9	65.65
68	111.5	0.46	7	100.2
69	89.17	171.18	9	72
70	30.64	41.37	9	90.82
71	128	13.42	8	91
Drivers: 13
id	x	y	end	sensitivity
65	101.42	60.56	5	1.19
66	106.44	28.08	6	1.74
67	110.32	153.27	7	1.01
68	72.68	172.97	6	0.94
69	105.41	178.95	6	0.86
70	172.57	66.1	5	1.89
71	199.29	142.8	6	1.14
72	126.51	158.03	5	1.28
73	128.11	71.75	6	1.51
74	109.97	191.15	5	1.61
75	46.67	90.47	6	0.96
76	42.39	163.95	6	1.83
77	34.34	66.91	6	1.01
Period: 6
Tasks:14
id	x	y	end	c
72	90	32.92	10	67.82
73	118.32	66.24	11	38.41
74	1.01	104.93	7	99.11
75	74.1	10.24	8	93.42
76	119.53	43.65	8	59.64
77	36.91	171.77	12	95.56
78	164.97	139.57	7	76.07
79	169.58	95.71	11	69.71
80	174.64	14.87	12	113.22
81	132.52	104.69	9	32.86
82	133.23	150.77	8	60.68
83	56.62	168.51	8	81.09
84	188.34	110.2	11	88.93
85	30.39	64.66	9	78.07
Drivers: 18
id	x	y	end	sensitivity
78	1.33	187.6	7	0.53
79	1.67	127.05	8	0.53
80	81.79	24.06	6	1.19
81	30.19	30.21	7	1.8
82	159.64	76.81	9	1.57
83	43.07	28.27	6	1.03
84	119.75	193.79	6	1.7
85	53.02	119.91	6	1.15
86	181.25	166.7	6	0.91
87	167.65	118.41	6	0.82
88	23.19	81.98	7	0.79
89	196.93	33.79	7	0.8
90	198.64	62.65	7	0.6
91	178.84	47.83	8	1.29
92	174.62	75.06	7	1.97
93	35.18	78.27	6	1.38
94	47.53	108.1	6	1.34
95	174.47	65.85	6	1.1
Period: 7
Tasks:16
id	x	y	end	c
86	6.42	44.54	8	108.78
87	155.3	81.14	13	58.43
88	13	89.92	10	87.58
89	84.58	198.22	10	99.42
90	161.9	4.48	9	113.82
91	26.12	61.25	11	83.43
92	13.46	114.81	8	87.8
93	108.77	169.06	10	69.61
94	43.17	61.37	8	68.72
95	13.57	59.86	9	95.3
96	115.59	167.94	14	69.71
97	49.68	198.73	10	110.81
98	174.19	102.61	9	74.24
99	181.61	22.01	13	112.88
100	78.24	97.57	8	21.9
101	183.15	168.57	8	107.78
Drivers: 8
id	x	y	end	sensitivity
96	77.35	129.31	7	0.74
97	0.5	1.79	8	0.55
98	62.54	69.4	9	0.56
99	26.9	34.33	7	1.95
100	107.03	95.56	7	0.74
101	113.72	15.31	8	1.05
102	86.02	77.28	9	0.82
103	59.23	103.73	8	1.35
Period: 8
Tasks:19
id	x	y	end	c
102	111.89	185.91	10	86.73
103	0.29	137.49	10	106.53
104	28.04	89.55	13	72.71
105	157.4	43.34	11	80.65
106	150.58	65.32	13	61.33
107	180.37	162.11	10	101.57
108	194.93	43.38	8	110.53
109	180.45	188.71	9	119.76
110	59.28	197.34	12	105.51
111	181.5	81.21	9	83.64
112	42.62	36.73	10	85.41
113	136.93	51.6	10	60.88
114	116.47	107.79	11	18.22
115	170.67	49.54	11	86.84
116	117.35	192.77	8	94.38
117	158.04	3.58	14	112.54
118	34.09	23.07	9	101.3
119	178.25	8.14	11	120.67
120	1.22	52.29	15	109.7
Drivers: 14
id	x	y	end	sensitivity
104	186.8	72.08	9	0.66
105	19.12	187.48	9	1.57
106	58.15	131.45	9	0.54
107	86.72	107.3	9	1.28
108	97.85	19.55	9	1.55
109	116.15	118.85	10	0.56
110	132.87	124.55	8	1.49
111	38.79	33.51	8	1.4
112	40.53	173.72	8	0.57
113	35.22	112.52	8	1.25
114	44.24	160.03	9	1.75
115	68.94	79.51	9	0.78
116	179.41	129.02	9	1.82
117	163.8	119.73	8	1.44
Period: 9
Tasks:16
id	x	y	end	c
121	13.37	27.73	10	112.82
122	110.57	125	12	27.14
123	8.64	131.58	12	96.66
124	193.25	119.44	11	95.25
125	45.11	27.77	14	90.72
126	84.57	57.54	12	45.18
127	148.47	58.14	11	64.04
128	15.76	160.25	12	103.57
129	84.73	23.52	12	77.99
130	120.64	131.78	11	37.89
131	50.94	132.49	12	58.84
132	199.37	187.28	13	132.26
133	141.44	72.3	11	49.85
134	190.85	126.43	11	94.62
135	151.19	139.04	12	64.38
136	87.94	148.19	13	49.68
Drivers: 14
id	x	y	end	sensitivity
118	163.92	147.18	11	1.97
119	133.44	176.62	11	1.33
120	76.01	38.94	9	0.89
121	76.46	36.95	9	0.57
122	124.2	171.43	9	1.38
123	136.73	60.12	9	1.52
124	119.51	3.37	10	1.64
125	51.49	4.52	10	1.45
126	88.31	98.22	10	0.86
127	80.28	185.95	10	1.04
128	189.4	77.38	10	1.26
129	10.43	194.64	10	1.78
130	130.74	143.28	10	1.99
131	11.92	156.6	12	0.63
Period: 10
Tasks:22
id	x	y	end	c
137	6.99	22.83	12	120.86
138	21.17	146.99	14	91.77
139	172.44	102.97	11	72.5
140	16.23	54.5	14	95.33
141	41.53	173.22	13	93.7
142	192.95	177.55	12	121.05
143	198.21	83.35	12	99.61
144	51.61	0.24	14	110.88
145	108.07	14.95	14	85.43
146	0.77	25.41	13	124.14
147	136.12	150.18	11	61.83
148	22.08	158.34	14	97.34
149	8.61	27.64	13	116.57
150	132.53	21.92	12	84.59
151	50.16	10.33	10	102.59
152	40.76	131.51	17	67.1
153	144.14	42.67	12	72.35
154	89.5	82.62	15	20.31
155	145.54	8.28	12	102.4
156	110.85	178.11	14	78.86
157	138.65	63.03	15	53.48
158	81.04	116.48	15	25.12
Drivers: 16
id	x	y	end	sensitivity
132	155.52	144.84	11	1.34
133	30.58	186.65	11	0.62
134	119.88	114.38	11	1.55
135	132.65	40.1	11	1.6
136	105.08	39.07	10	0.66
137	181.58	176.33	10	1.12
138	10.52	84.01	12	0.76
139	191.53	0.69	10	0.74
140	45.66	37.09	13	1.34
141	176.76	10.46	10	1.2
142	181.3	175.46	10	0.58
143	75.47	183.44	11	1.76
144	51.7	130.75	13	1.28
145	97.1	62.57	12	1.08
146	134.93	63.44	10	1.83
147	88.24	175.33	11	1.8
Period: 11
Tasks:18
id	x	y	end	c
159	131.86	65.83	14	46.72
160	0.68	156.67	14	114.35
161	130.06	88.4	12	32.22
162	2.63	67.79	12	102.56
163	31.08	169.11	14	97.6
164	55.28	159.46	15	74.4
165	147.78	15.19	14	97.34
166	67.56	165.01	12	72.65
167	146.07	23.69	13	89.14
168	194.91	127.47	12	98.81
169	156.56	181.19	19	98.95
170	132.54	110.68	14	34.25
171	89.81	124.09	18	26.16
172	165.28	195.09	14	115.34
173	143.25	90.18	17	44.35
174	144.74	136.66	16	57.84
175	4.24	23.65	16	122.47
176	103.98	13.3	14	86.79
Drivers: 18
id	x	y	end	sensitivity
148	54.65	162.47	11	1.7
149	143.51	149.12	12	1.05
150	196.63	27.49	11	1.94
151	185.9	52.54	12	1.51
152	164.71	69.42	11	0.94
153	183.71	181.75	12	1.1
154	61.97	127.36	13	1.33
155	57.54	62.22	13	1.17
156	57.35	127.15	12	0.99
157	79.78	94.49	11	1.32
158	112.28	90.38	11	0.63
159	154.13	26.55	11	0.79
160	7.93	167.49	14	0.85
161	81.88	129.58	13	1.59
162	123.09	106.54	11	1.25
163	2.54	118.33	13	1.52
164	28.56	66.95	13	1.7
165	170.23	110.11	13	1.65
Period: 12
Tasks:17
id	x	y	end	c
177	40.53	56.01	18	73.97
178	166.69	96.42	15	66.79
179	9.07	1.48	13	134.07
180	169.87	32.49	18	97.16
181	42.59	111.04	18	58.46
182	91.28	6.38	17	94.03
183	150.39	181.34	17	95.68
184	129.44	174.07	13	79.71
185	14.87	125.09	13	88.75
186	165.65	138.23	15	75.97
187	15.07	108.37	15	85.34
188	39.54	156.32	16	82.63
189	0.08	38.95	15	117.09
190	189.5	4.11	13	131.17
191	171.65	171.86	16	101.48
192	110.47	48.62	14	52.44
193	26.23	111.35	13	74.64
Drivers: 9
id	x	y	end	sensitivity
166	197.52	79.15	12	1.08
167	116.91	25.68	13	1.23
168	70.2	131.79	14	0.83
169	61.63	101.2	13	0.59
170	158	19.01	13	1.32
171	71.96	34.21	12	1.14
172	79.91	183.44	14	0.66
173	125.84	182.27	13	1.2
174	42	65.87	14	0.59
Period: 13
Tasks:8
id	x	y	end	c
194	139.2	76.32	15	45.8
195	103.91	106.64	16	7.71
196	115.58	159.42	18	61.43
197	131.88	35.66	16	71.81
198	113.38	9.94	15	91.05
199	46.7	174.24	15	91.39
200	173.7	23.21	17	106.43
201	145.87	110.98	14	47.17
Drivers: 19
id	x	y	end	sensitivity
175	45.36	79.62	13	1.73
176	153.59	125.35	16	1.58
177	17.67	174.47	13	1.37
178	63.19	48.11	13	1.7
179	189.8	9.21	14	0.93
180	130.54	150.9	13	1.81
181	80.82	2.69	14	1.74
182	36.23	114.44	14	1.18
183	190.19	176.55	14	0.79
184	155.34	89.44	15	0.86
185	11.32	17.05	13	1.29
186	1.49	117.19	15	1.22
187	70.16	162.01	13	1.75
188	89.39	168.36	13	1.26
189	61.9	128.12	14	0.72
190	16.09	193.99	16	0.79
191	23.59	21.24	13	1.94
192	38.28	170.25	13	0.67
193	179.12	160.21	16	1.26
Period: 14
Tasks:18
id	x	y	end	c
202	85.04	188.51	17	89.77
203	118.55	18.45	18	83.63
204	52.54	148.59	15	67.92
205	5.16	126.74	18	98.54
206	68.04	183.59	19	89.49
207	25.65	137.38	15	83.22
208	174.48	20.68	17	108.81
209	83.05	173.88	20	75.8
210	13.43	87.75	19	87.43
211	46.61	88.32	15	54.65
212	69.58	85.01	18	33.91
213	156.54	52.55	18	73.81
214	15.25	155.21	19	101.15
215	118.96	12.64	17	89.39
216	156.06	68.55	16	64.28
217	19.7	19.94	17	113.39
218	140.07	166.05	20	77.25
219	162.37	27.77	15	95.43
Drivers: 14
id	x	y	end	sensitivity
194	36.74	103.87	16	1.43
195	78.99	88.03	17	1.15
196	188.21	101.1	15	1.45
197	75.8	184.29	15	1.52
198	63.59	100.34	17	1.52
199	5.93	177.28	15	0.98
200	161.98	141.01	14	1.19
201	91.04	181.43	16	1.96
202	41.52	129.77	14	1.89
203	8.15	196.75	16	1.19
204	145.84	88.97	15	1.22
205	7.53	143.75	15	1.91
206	131.05	73.88	15	1.81
207	67.12	3.15	15	1.93
Period: 15
Tasks:15
id	x	y	end	c
220	35.65	26.5	18	97.69
221	67.87	37.76	19	70.04
222	72.8	158.12	19	64.17
223	9.13	164.57	18	111.47
224	73.86	32.06	22	72.8
225	156.14	140.19	17	69.04
226	175.28	121.77	17	78.36
227	37.16	24.5	15	98.23
228	65.62	28.82	19	79.05
229	145.22	86.62	18	47.16
230	186.48	26.22	18	113.68
231	110.66	101.27	15	10.74
232	146.92	152.84	17	70.67
233	196.36	125.48	19	99.67
234	66.96	173.52	17	80.6
Drivers: 14
id	x	y	end	sensitivity
208	190.84	125.86	17	1.73
209	92.17	54.26	17	1.38
210	195.51	160.4	16	1.04
211	14.57	88.01	15	1.01
212	154.98	137.25	17	1.41
213	193.89	60.07	15	0.91
214	189.31	125.08	16	1.64
215	27.16	38.5	17	0.95
216	90.9	30.42	16	1.38
217	60.48	149.54	15	1.58
218	44.5	134.62	15	1.54
219	32.06	185.87	16	1.74
220	161.54	125.91	16	1.37
221	159.03	151.47	16	1.48
Period: 16
Tasks:17
id	x	y	end	c
235	136.25	94.79	17	36.62
236	79.14	32.4	18	70.75
237	169.16	1.74	16	120.16
238	183.01	142.93	18	93.45
239	145.88	62.23	17	59.43
240	105.49	71.03	20	29.49
241	145.52	82.61	19	48.73
242	20.66	91.14	18	79.83
243	58.39	94.65	25	41.95
244	59.37	145.38	20	60.91
245	60.15	106.71	19	40.41
246	142.71	191.21	17	100.71
247	190.67	110.13	19	91.23
248	3.74	101.58	16	96.27
249	62.39	77.23	18	43.97
250	40.71	86.62	19	60.78
251	188.74	183.92	19	122.14
Drivers: 22
id	x	y	end	sensitivity
222	43.13	48.33	18	1.45
223	117.93	80.54	18	1.36
224	179.95	106.25	17	1.62
225	138.82	97.91	17	1.24
226	70.42	158.79	18	1.99
227	167.24	47.31	18	0.82
228	69.23	125.73	17	1.03
229	100.45	178.04	17	1.48
230	106.15	141.38	18	1.23
231	188.37	40.04	16	1.38
232	44.26	15.5	18	0.88
233	159.34	82.81	16	0.68
234	188.99	97.36	17	1.1
235	186.14	23.56	18	1.67
236	154.52	123.67	17	1
237	76.34	140.8	16	1.13
238	176.82	187.52	20	1.98
239	41.98	23.45	16	1.49
240	63.25	129.61	16	1.73
241	185.87	93.85	18	0.87
242	113.99	54.25	17	0.56
243	117.7	13.08	16	0.71
Period: 17
Tasks:15
id	x	y	end	c
252	104.27	2.79	20	97.3
253	178.2	197.92	20	125.31
254	189.78	194.08	21	130.04
255	75.25	149.06	19	54.95
256	46.22	34.85	18	84.48
257	40.79	59.21	23	71.9
258	192.32	66.97	19	98.05
259	157.86	25.7	21	94.17
260	60.66	43.95	20	68.48
261	186.24	195.43	20	128.62
262	176.12	179.8	20	110.28
263	101.32	65.93	17	34.1
264	25.39	171.54	19	103.37
265	66.36	112.67	18	35.95
266	175.84	33.7	19	100.73
Drivers: 14
id	x	y	end	sensitivity
244	23.1	157.22	20	1.33
245	44.93	181.54	17	1.62
246	11.65	191.8	20	0.82
247	28.15	158.54	17	1.53
248	12.67	70	17	0.78
249	104.91	75.36	17	1.98
250	92.32	184.8	17	1.12
251	92.13	63.08	17	1.55
252	194.76	194.34	18	1.43
253	124.5	192.44	17	1.13
254	165.34	61.25	18	0.95
255	172.73	68.88	18	1.82
256	106.44	131.6	18	0.57
257	68.86	122.47	17	0.89
Period: 18
Tasks:15
id	x	y	end	c
267	97.05	147.24	20	47.33
268	69.41	150.25	21	58.83
269	174.62	154.63	18	92.48
270	81.78	39.14	22	63.53
271	19.57	90.06	21	81.04
272	65.31	121.64	22	40.89
273	100.51	197.1	23	97.1
274	68.55	122.65	20	38.76
275	6.19	189.74	22	129.82
276	20.6	11.76	24	118.7
277	36.89	73.53	23	68.44
278	103.75	139.14	21	39.32
279	191.1	4.36	20	132.08
280	29.28	113.22	18	71.95
281	80.51	118.07	23	26.58
Drivers: 10
id	x	y	end	sensitivity
258	153.98	129.25	18	1.13
259	48.19	174.36	19	0.66
260	192.17	33.23	21	0.67
261	72.78	90.24	19	1.33
262	30.09	9.9	18	1.45
263	150.42	57.37	19	1.51
264	193.14	177.54	18	1.47
265	10.95	146.29	20	0.79
266	121.12	2.76	19	0.89
267	77.41	65.68	20	0.84
Period: 19
Tasks:15
id	x	y	end	c
282	133.37	8.54	20	97.36
283	160.36	127.79	20	66.45
284	54.94	131.3	21	54.86
285	4.92	171.77	20	119.13
286	53.19	110.74	23	48.03
287	195.97	133.07	21	101.51
288	75.19	132.2	22	40.65
289	12.27	149.02	21	100.5
290	6.31	45.17	21	108.55
291	10.15	185.67	24	124.15
292	98.93	193.46	22	93.47
293	116.36	86.38	19	21.29
294	80.55	43.02	23	60.21
295	29.72	155.7	23	89.68
296	88.7	104.66	20	12.22
Drivers: 16
id	x	y	end	sensitivity
268	113.47	64.81	19	1.93
269	101.46	146.92	19	1.4
270	199.91	115.72	19	0.66
271	24.05	128.82	19	1.73
272	121.19	99.06	20	0.52
273	3.85	198.47	22	1.07
274	140.34	132.2	19	1.05
275	40.83	62.62	19	1.04
276	186.25	4.84	20	1.13
277	19	72.02	20	1.58
278	146.37	132.07	20	1.21
279	187.02	14.08	21	1.42
280	23.98	101.47	19	0.7
281	189.46	144.84	19	1.8
282	13.84	136.2	20	1.41
283	92.56	39.28	20	0.84
Period: 20
Tasks:11
id	x	y	end	c
297	22.05	90.62	21	78.51
298	144.15	125.2	22	50.84
299	96.88	119.44	22	19.69
300	109.82	50.03	23	50.93
301	183.37	170.39	22	109.11
302	183.97	23.24	23	113.77
303	115.75	74.2	22	30.23
304	178.31	173.25	25	107.23
305	89.43	55.22	23	46.01
306	193.54	34.94	21	113.94
307	19.83	123.73	24	83.61
Drivers: 12
id	x	y	end	sensitivity
284	2.53	197.16	20	1.39
285	145.21	139.83	21	0.65
286	123.48	114.49	20	0.74
287	2.05	142.43	20	1.51
288	110.65	113.47	22	1.25
289	91.76	173.22	21	1.61
290	144.17	79.35	22	1.86
291	53.02	49.64	23	1.16
292	133.65	170.43	20	1.86
293	9.88	54.22	21	1.99
294	81.04	190.05	21	0.53
295	159.37	39.88	21	1.16
Period: 21
Tasks:18
id	x	y	end	c
308	109.41	17.25	23	83.28
309	42.1	88.99	26	58.94
310	31.22	63.43	26	77.9
311	49.53	182.79	25	96.96
312	179.41	120.97	25	82.13
313	25.87	111.57	24	75.03
314	28.57	185.15	24	111.14
315	86.4	79.16	24	24.89
316	190.05	157.03	26	106.59
317	105.07	127.57	24	28.03
318	82.28	195.38	24	97.01
319	86.01	60.93	25	41.5
320	148.75	152.86	23	71.91
321	160.06	92.18	23	60.57
322	83.45	63.37	21	40.2
323	148.86	68.19	24	58.3
324	100.54	165.82	22	65.82
325	34.26	78.46	23	69.18
Drivers: 16
id	x	y	end	sensitivity
296	50.25	190.68	21	1.86
297	78.47	152.85	23	1.65
298	104.52	107.02	21	0.83
299	163.24	137.75	21	1.98
300	154.87	85.66	21	1.34
301	56.93	163.18	22	0.61
302	176.85	76.5	22	1.89
303	190.08	57.19	22	0.87
304	117.79	150.47	22	1.24
305	27.73	33.49	21	1.18
306	58.44	98.49	21	0.86
307	106.15	101.58	23	1.16
308	24.7	59.26	21	1.28
309	25.04	17.21	21	1.7
310	79.19	29.61	21	1.26
311	40.34	92.85	22	0.63
Period: 22
Tasks:10
id	x	y	end	c
326	2.32	124.86	26	100.79
327	170.44	100.59	24	70.44
328	121.77	153.27	22	57.55
329	141.99	99.37	27	41.99
330	13.51	18.93	27	118.54
331	24.19	1.29	23	124.46
332	176.41	156.93	27	95.29
333	77.89	107.72	22	23.42
334	78.61	179.17	26	82.01
335	3.71	24.41	23	122.42
Drivers: 13
id	x	y	end	sensitivity
312	68	108.71	24	1.91
313	9.17	174.45	22	1.76
314	127.94	156.7	24	1.21
315	99.22	40.8	24	1.11
316	3.47	24.47	23	1.11
317	168.33	177.01	23	0.76
318	196.81	99.05	23	0.62
319	169.02	71.42	23	1.57
320	34.92	53.1	23	0.65
321	24.14	14.49	22	1.78
322	113.09	53.21	23	1.85
323	2.12	35.32	25	1.19
324	190.92	122.38	22	1.82
Period: 23
Tasks:19
id	x	y	end	c
336	178.22	18.09	25	113.26
337	97.34	177.45	24	77.5
338	66.78	97.99	24	33.28
339	78.45	170.71	26	73.92
340	66.77	53.24	25	57.36
341	116.76	102.93	27	17.01
342	23.82	155.49	25	94.25
343	153.57	100.59	26	53.57
344	148.9	168.69	27	84.32
345	146.95	137.07	27	59.82
346	165.84	134.78	25	74.46
347	165.81	35.93	28	91.85
348	19.6	124.54	27	84.06
349	79.67	108.97	24	22.22
350	161.98	179.74	25	100.99
351	111.86	147.69	29	49.14
352	94.72	6.05	25	94.1
353	41.84	146.58	24	74.51
354	163.68	62.14	27	74.08
Drivers: 17
id	x	y	end	sensitivity
325	34.33	80.28	24	1.2
326	132.49	184.79	23	1.71
327	86.93	39.64	23	1.05
328	59.31	24.82	26	0.65
329	14.16	44.91	23	1.89
330	7.07	56.25	25	0.63
331	39.73	25.05	25	0.92
332	122.68	60.61	23	0.87
333	159.47	54.82	26	1.19
334	17.05	157.36	23	1.35
335	152.96	139.4	25	1.87
336	134	197.92	25	0.61
337	113.73	179.94	23	1.3
338	27.36	108.38	23	1.3
339	138.01	29.21	24	0.78
340	87.3	106.72	24	0.99
341	115.31	182.65	24	0.95
Period: 24
Tasks:16
id	x	y	end	c
355	166.96	72.61	30	72.35
356	168.64	159.43	27	90.79
357	61.24	165.92	28	76.47
358	46	122.32	28	58.43
359	73.78	112.44	27	29.02
360	186.99	122.65	27	89.89
361	94.74	148.12	25	48.41
362	49.42	56.95	26	66.42
363	131.94	64.66	25	47.63
364	41.28	10.47	26	107.07
365	25.58	61.37	26	83.85
366	170.47	75.48	26	74.61
367	143.83	144.53	28	62.48
368	81.52	74.3	25	31.65
369	43.72	46.49	26	77.66
370	51.34	164.92	28	81.13
Drivers: 17
id	x	y	end	sensitivity
342	71.74	14.35	25	1.49
343	35.17	11.81	24	1.07
344	114.41	107.74	25	0.78
345	110.34	189.96	25	0.71
346	65.69	66.6	24	1.13
347	164.18	146.31	26	0.71
348	15.62	94	24	0.62
349	128.89	163.48	24	1.16
350	153.77	22.56	25	1.47
351	84.11	127.32	24	1.1
352	116.96	62.85	27	1.98
353	97.45	4	25	1.02
354	118.14	153.95	26	0.56
355	52.03	99.23	24	1.01
356	155.55	151.1	25	1.71
357	146.89	141.47	25	1.96
358	188.59	146.16	24	0.64
Period: 25
Tasks:9
id	x	y	end	c
371	103.36	117.71	28	18.03
372	198.45	135.59	31	104.69
373	160.31	187.13	25	105.97
374	1.74	63.2	28	104.93
375	125.23	7.06	27	96.3
376	132.4	156.86	28	65.44
377	182.64	47.08	31	98.13
378	152.9	107.82	25	53.47
379	4.6	96.16	26	95.48
Drivers: 15
id	x	y	end	sensitivity
359	14.36	142.1	25	1.33
360	12.22	177.96	27	1.32
361	112.76	40.8	26	0.98
362	85.17	22.93	25	0.61
363	93.27	111.33	26	1.09
364	15.4	51.81	25	0.91
365	20.49	49.74	25	1.07
366	6.6	52.24	25	0.5
367	145.54	27.68	26	1.16
368	87	153.87	27	1.02
369	155.51	103.83	26	0.64
370	175.34	21.73	26	1.27
371	142.63	150.22	26	0.95
372	112.32	192.82	28	1.54
373	18.37	133.84	26	0.75
Period: 26
Tasks:17
id	x	y	end	c
380	101.21	87.9	30	12.16
381	89.51	61.69	28	39.72
382	49.78	95.05	29	50.46
383	30.71	121.5	32	72.55
384	197.39	175.75	28	123.38
385	155.11	9.92	30	105.6
386	178.51	102.8	29	78.56
387	3.53	177.23	28	123.58
388	37.18	182.36	28	103.58
389	192.32	118.58	30	94.17
390	106.89	175.96	28	76.27
391	180.55	129.95	28	85.94
392	103.49	163.79	29	63.89
393	7.19	4.06	28	133.48
394	161.96	70.14	31	68.78
395	55.58	67.66	27	54.95
396	73.43	21.39	30	82.98
Drivers: 21
id	x	y	end	sensitivity
374	139.9	179.78	26	1.01
375	164.3	182.11	28	1.9
376	46.71	140.07	29	1.58
377	50.22	182.53	26	0.8
378	197.98	37.91	27	0.95
379	142.43	181.83	26	0.71
380	40.04	81.54	27	0.67
381	54.61	104.25	27	1.01
382	59.19	32.94	26	0.67
383	137.77	132.45	28	1.66
384	112.32	55.37	26	1.64
385	69.78	31.99	27	1.05
386	162.83	9.06	29	1.17
387	7.71	127.76	27	1.89
388	29.38	120.61	27	1.4
389	31.33	148.03	27	1.13
390	84.85	154.42	26	1.02
391	12.81	141.3	28	0.83
392	100.19	20.33	26	1.68
393	114.52	115.91	26	0.73
394	146.42	35.03	26	1.37
Period: 27
Tasks:19
id	x	y	end	c
397	35.1	36.96	30	90.48
398	170.99	138.22	28	80.62
399	183.39	134.96	28	90.42
400	58.91	39.23	28	73.36
401	141.45	47.72	28	66.72
402	51.93	147.36	32	67.48
403	76.87	64.17	34	42.65
404	11.07	129.76	28	93.78
405	148.26	152.47	27	71.29
406	59.88	189.63	29	98.2
407	35.38	184.94	29	106.73
408	165.33	140.4	31	76.81
409	91.06	100.37	29	8.95
410	3.28	143.57	30	106.08
411	166.55	119.16	33	69.25
412	50.51	92.22	29	50.1
413	99.51	134.54	32	34.54
414	153.65	21.94	29	94.72
415	61.99	30.1	31	79.57
Drivers: 15
id	x	y	end	sensitivity
395	123.48	187.72	28	0.81
396	163.79	142.97	28	1.04
397	173.73	140.81	27	0.6
398	32.61	164.14	28	1.62
399	198.24	84.52	28	1.07
400	178.62	46.54	29	1.11
401	54.63	174.29	27	1.99
402	79.41	13.23	29	1.37
403	49.44	18.08	29	0.83
404	20.16	40.35	30	0.65
405	25.97	44.98	27	1.07
406	82.54	177.37	30	1.04
407	12.81	14.58	32	1.19
408	196.52	24.2	29	1.6
409	160.11	75.07	27	1.57
Period: 28
Tasks:23
id	x	y	end	c
416	158.51	55.53	32	73.49
417	98.28	37	31	63.02
418	45.08	117.46	31	57.63
419	114.43	152.3	33	54.25
420	152.51	79.66	32	56.31
421	122.37	40.58	30	63.49
422	6.82	128.82	34	97.54
423	159.61	115.43	31	61.57
424	65.51	179.4	32	86.57
425	142.57	150.43	32	66
426	111.6	149.3	32	50.65
427	71.45	90.2	31	30.19
428	16.59	76.53	31	86.65
429	182.07	120.67	31	84.63
430	149.87	69.24	33	58.59
431	132.55	68.81	29	45.08
432	43.14	62.91	32	67.89
433	95.33	152.55	32	52.76
434	76.84	184.45	32	87.57
435	163.47	103.95	33	63.59
436	80.51	24.42	29	78.05
437	182.82	116.13	30	84.38
438	131.95	146.09	30	56.08
Drivers: 16
id	x	y	end	sensitivity
410	68	138.97	29	0.9
411	80.41	6.84	29	1.95
412	184.6	134.4	28	1.63
413	189.36	10.78	28	1.08
414	16.64	199.58	29	0.89
415	37.16	187.79	29	1.2
416	186.12	167.28	28	1.79
417	150.97	121.08	28	1.11
418	79.2	77.38	28	1.22
419	108.03	9.04	29	1.75
420	1.2	109.02	28	1.27
421	175.05	141.45	28	1.69
422	93.48	132.43	29	1.82
423	137.09	105.44	31	0.65
424	198.67	199.01	28	1.5
425	188.58	30.9	28	0.69
Period: 29
Tasks:12
id	x	y	end	c
439	120.22	12.59	32	89.72
440	40.35	87.5	36	60.95
441	193.9	135.92	31	100.54
442	165.85	138.17	30	76.11
443	108.62	84.7	31	17.56
444	168.6	72.63	33	73.86
445	119.42	138.89	32	43.47
446	43.42	25.85	33	93.27
447	92.49	115.96	30	17.64
448	33.51	197	30	117.6
449	127.21	1	34	102.67
450	150.21	155.44	29	74.8
Drivers: 12
id	x	y	end	sensitivity
426	39.73	38.31	30	1.11
427	30.41	20.4	31	1.28
428	197.82	2.65	30	0.79
429	141.66	93.63	29	0.58
430	35.59	149.14	31	0.61
431	55.26	24.56	29	1.31
432	181.76	24.06	30	0.77
433	43.07	62.07	30	1.34
434	128.49	155.39	29	0.53
435	193.96	80.31	30	1.02
436	97.34	199.37	31	0.63
437	140.62	32.84	29	1.51
Period: 30
Tasks:10
id	x	y	end	c
451	129.87	16.31	31	88.86
452	97.56	101.64	31	2.94
453	5.28	183.12	32	126.02
454	168.01	129.86	33	74.28
455	165.18	28.59	35	96.68
456	113.35	96.53	31	13.79
457	196.86	100.57	33	96.86
458	11.98	198.21	31	131.88
459	189.82	191.98	33	128.56
460	65.7	80.79	36	39.31
Drivers: 12
id	x	y	end	sensitivity
438	47.29	171.25	31	0.69
439	55.12	5.11	31	0.81
440	32.75	147.04	32	1.51
441	65.98	45.01	31	0.87
442	173.17	68.77	30	0.68
443	69.25	25.66	32	0.69
444	128.79	131.76	30	1.46
445	96.49	125.14	30	0.74
446	76.1	112.92	31	0.6
447	140.69	176.88	32	1.09
448	39.74	17.66	32	1.38
449	77.73	8.13	33	0.68
Period: 31
Tasks:21
id	x	y	end	c
461	189.35	130.16	34	94.3
462	194.26	162.04	38	112.84
463	38.96	41.04	33	84.87
464	172.89	196.49	33	120.93
465	108.63	36.44	33	64.14
466	51.46	0.1	31	111.07
467	152.27	156.94	37	77.29
468	101.77	50.93	32	49.1
469	104.91	101.62	35	5.17
470	84.89	118.42	34	23.82
471	190.06	34.26	33	111.5
472	181.36	119.36	35	83.63
473	127.88	32.35	37	73.17
474	119.77	123.04	35	30.36
475	190.41	121.78	33	93
476	35.43	109.74	36	65.3
477	98.99	46.35	36	53.66
478	39.22	27.8	39	94.38
479	4.17	160.1	35	113.12
480	71.13	147.55	33	55.63
481	31.6	127.2	33	73.61
Drivers: 11
id	x	y	end	sensitivity
450	43.1	27.46	31	1.73
451	18.08	179.62	31	1.41
452	83.33	135.23	32	1.09
453	136.84	47.49	32	1.48
454	77.59	3.33	33	0.99
455	111.75	58.69	33	1.42
456	96.44	113.71	33	1.18
457	72.23	187.25	32	0.85
458	178.19	39.45	32	0.81
459	72.31	49.63	33	1.68
460	101.19	179.91	33	1.32
Period: 32
Tasks:11
id	x	y	end	c
482	194.44	134.82	33	100.65
483	47.33	91.5	36	53.35
484	160.11	100.62	33	60.11
485	195.13	149.41	34	107.2
486	84.93	32.85	33	68.82
487	58.01	132.65	36	53.19
488	15.01	166.3	34	107.79
489	151.12	9.53	34	103.91
490	195.1	141.96	38	103.95
491	181.55	109.67	33	82.12
492	174.59	176.16	33	106.6
Drivers: 9
id	x	y	end	sensitivity
461	78.83	74.94	32	0.83
462	96.98	45.32	32	1.85
463	185.86	100.79	33	0.57
464	73.32	197.99	34	0.57
465	48.57	85.67	34	1.28
466	7.55	20.83	32	1.01
467	163.08	20.96	34	1.68
468	38.41	172.98	33	0.85
469	114.53	86.57	34	0.83
Period: 33
Tasks:16
id	x	y	end	c
493	1.87	80.62	39	100.03
494	141.41	164.11	38	76.32
495	44.3	36.89	35	84.17
496	30.9	123.32	37	72.93
497	84.23	128.79	36	32.83
498	3.54	34.89	35	116.38
499	110.47	148.37	38	49.49
500	36.58	78.77	36	66.88
501	51.85	104.92	37	48.4
502	63.99	37.95	36	71.74
503	192.09	25.26	36	118.6
504	145.94	164.48	35	79.17
505	61.47	61.57	38	54.42
506	154.02	78.15	34	58.27
507	195.34	33.25	38	116.38
508	73.12	4.87	34	98.85
Drivers: 16
id	x	y	end	sensitivity
470	80.83	136.85	33	0.71
471	61.22	18.58	34	0.52
472	39.96	152.86	34	1.43
473	9.03	51.99	33	1.82
474	125.3	43.92	33	0.82
475	178.87	27.37	34	1.13
476	64.97	38.46	35	1.28
477	4.24	43.17	33	1.64
478	146.73	130.67	33	0.93
479	144.36	140.83	33	1.35
480	72.51	127.76	34	0.82
481	41.54	73.65	33	0.53
482	91.91	172.89	34	1.1
483	35.93	90.93	40	1.11
484	83.86	84.53	33	1.04
485	58.12	22.71	34	0.89
Period: 34
Tasks:10
id	x	y	end	c
509	54.26	185.8	36	97.23
510	9.92	111.19	38	90.77
511	89.7	172.99	36	73.71
512	65.75	56.69	38	55.22
513	108	43.29	38	57.27
514	84.26	148.16	38	50.67
515	147.53	96.28	35	47.68
516	125.32	77.19	36	34.08
517	105.01	83.31	38	17.43
518	3.07	25.49	37	122.26
Drivers: 17
id	x	y	end	sensitivity
486	66.26	86.45	37	1.11
487	194.17	63.73	34	1.08
488	144.94	2.87	35	1.9
489	32.98	83.29	35	1.1
490	40.44	49.03	35	1.47
491	98.85	169.36	34	0.9
492	72.42	57.05	35	0.89
493	92.05	4.48	36	1.83
494	198.26	20.31	35	0.96
495	54.14	188.69	34	1.82
496	3.06	165.27	34	0.64
497	65.96	167.5	35	0.85
498	104	41.35	34	1.85
499	168.71	147.24	35	1.32
500	131.83	192.89	34	0.95
501	28.78	155.57	35	1.38
502	107.48	55.36	35	1.31
Period: 35
Tasks:5
id	x	y	end	c
519	139.38	52.1	39	62.01
520	51.36	112.05	35	50.11
521	65.25	184.43	37	91.3
522	24.97	15.12	35	113.29
523	14.95	185.89	38	120.87
Drivers: 15
id	x	y	end	sensitivity
503	64.65	49.57	36	0.91
504	125.89	181.81	36	0.96
505	128.58	9.34	38	0.76
506	127.19	195.56	37	0.68
507	90.52	128.03	36	1.83
508	190.32	56.62	37	1.08
509	80.49	84.75	35	1.14
510	146.99	73.96	36	1.24
511	70.33	52.6	37	1.19
512	18.25	14.49	37	0.52
513	170.5	39.51	35	0.77
514	188.25	50.11	36	1.25
515	189.63	154.18	36	0.55
516	29.28	137.19	36	1.33
517	65.22	184.82	35	1.35
Period: 36
Tasks:18
id	x	y	end	c
524	40.73	186.72	37	105.04
525	190.33	136.69	38	97.5
526	145.76	121.18	40	50.42
527	74.29	61.88	40	45.98
528	179.13	91.27	40	79.61
529	196.41	148.42	41	107.89
530	137.06	51.86	38	60.75
531	66.87	191.87	39	97.66
532	105.43	151.77	38	52.05
533	121.94	81.01	39	29.02
534	6.56	127.38	38	97.37
535	123.92	164.7	39	68.98
536	47.37	23.46	40	92.89
537	140.27	43.68	39	69.24
538	125.64	189.02	43	92.64
539	69.5	125.85	40	39.98
540	65.94	199.33	41	105.01
541	71.66	105.74	40	28.92
Drivers: 12
id	x	y	end	sensitivity
518	117.71	20.44	37	0.95
519	189.22	88.22	36	1.44
520	173.73	176.69	37	1.56
521	38.94	22.49	36	1.62
522	137.67	99.88	36	1.46
523	30.58	145.5	37	1.79
524	199.57	60.33	39	0.63
525	40.31	13.16	37	1.3
526	92.92	117.51	36	0.76
527	85.46	42.85	36	0.71
528	85.63	116.05	37	0.68
529	47.21	118.56	37	1.64
Period: 37
Tasks:12
id	x	y	end	c
542	9.3	137.13	39	98.01
543	97.07	35.05	39	65.02
544	111.01	125.01	38	27.33
545	140.28	119.44	38	44.73
546	58.1	195.9	39	104.65
547	42.03	25.53	40	94.37
548	63.27	122.51	40	43.08
549	102.74	41.47	41	58.59
550	13	68.87	40	92.4
551	132.36	31.95	39	75.35
552	71.38	63.96	42	46.02
553	193	23.78	40	120.24
Drivers: 13
id	x	y	end	sensitivity
530	44.2	34.03	39	1.41
531	26.61	199.8	39	0.8
532	10.37	41.1	38	1.7
533	48.23	180.29	38	1.9
534	67.23	92.74	37	0.78
535	78.45	180.66	37	1.84
536	32.11	146.17	37	1.32
537	87.94	47.51	37	1.21
538	5.48	101.34	39	1.72
539	25.57	41.25	37	1.7
540	156.23	71.1	39	1.04
541	93.04	60.9	38	0.87
542	193.34	31.47	38	1.71
Period: 38
Tasks:13
id	x	y	end	c
554	53.1	88.2	39	48.36
555	184.02	40.33	44	103.05
556	156.1	2.97	42	112.08
557	165.43	17.98	41	104.92
558	161.8	54.69	41	76.63
559	149.13	69.67	39	57.74
560	171.59	101.53	39	71.61
561	29.1	70.77	45	76.69
562	8.23	125.28	42	95.19
563	16.7	52.2	43	96.04
564	193.31	136.82	39	100.31
565	122.29	185.59	40	88.44
566	98.35	85.31	40	14.78
Drivers: 22
id	x	y	end	sensitivity
543	2.79	64.29	38	0.8
544	99.5	83.44	39	1.64
545	29.52	24.54	39	1.99
546	79.04	144.35	39	0.59
547	0.28	192.75	38	0.9
548	176.7	151.81	41	1.53
549	27.66	57.22	38	1.26
550	33.52	49.5	39	0.91
551	4.48	71.22	38	0.73
552	121.15	16.26	38	1.11
553	170.69	87.62	39	1.73
554	159.32	152.42	39	0.69
555	117.99	143.97	40	1.5
556	36.65	125.18	38	1.82
557	65.78	99.46	41	0.84
558	98.75	163.29	39	0.55
559	133.22	66.43	38	0.53
560	146.17	67.83	40	1.08
561	191.55	31.84	39	0.57
562	113.34	135.83	41	1.05
563	15.71	151.43	41	0.74
564	105.89	20.68	39	0.94
Period: 39
Tasks:18
id	x	y	end	c
567	58.77	75.57	41	47.92
568	25.48	133.32	43	81.63
569	58.48	104.72	40	41.79
570	154.92	73.49	43	60.98
571	60.36	154.31	43	67.24
572	71.67	49.21	44	58.16
573	13.97	80.2	41	88.28
574	157.61	16.71	44	101.27
575	23.19	138.88	42	86.09
576	112.83	162.55	45	63.85
577	187.45	132.08	41	93.15
578	27.68	105.38	40	72.52
579	112.68	61.54	42	40.5
580	85.27	47.71	42	54.33
581	144.39	42.19	43	72.89
582	5.65	109.62	41	94.84
583	111.59	192.08	42	92.81
584	122.08	17.16	42	85.73
Drivers: 10
id	x	y	end	sensitivity
565	17.61	63.59	40	0.6
566	169.35	55.98	39	1.91
567	81.38	108.39	39	1.77
568	174.47	129.59	40	1.1
569	122.19	173.5	39	0.52
570	40.96	153.83	40	0.58
571	134.72	70.37	40	0.55
572	145.84	174.65	40	0.79
573	190.19	154.86	40	1.65
574	188.53	173.98	39	0.66
Period: 40
Tasks:18
id	x	y	end	c
585	54.76	148.5	44	66.32
586	95.19	141.82	44	42.1
587	41.92	68.63	41	66.01
588	86.77	89.66	40	16.79
589	85.81	115.71	42	21.17
590	180.06	71.39	42	85.02
591	60.89	74.21	45	46.85
592	188.18	138.71	44	96.3
593	39.55	30.03	44	92.47
594	146.41	100.53	43	46.41
595	147.58	162.34	40	78.42
596	148.37	167.7	42	83.2
597	136.6	151.36	44	63.07
598	12.3	18.83	42	119.5
599	177.55	89.79	42	78.22
600	120.21	47.53	42	56.23
601	0.05	152.6	42	112.95
602	115.18	136.67	44	39.69
Drivers: 14
id	x	y	end	sensitivity
575	171.23	190.9	42	1.39
576	110.56	85.64	41	1.54
577	198.34	36.05	42	1.75
578	140.41	92.05	42	0.7
579	47.28	90.63	40	1.44
580	100.74	96.27	44	1.51
581	71.73	33.69	41	2
582	34.53	129.66	41	0.55
583	194.25	46.1	40	0.89
584	123.91	126.87	41	1.32
585	97.64	59.46	42	0.6
586	167.79	40.41	40	0.65
587	168.78	54.46	43	0.55
588	102.42	162.46	40	1.58
Period: 41
Tasks:15
id	x	y	end	c
603	66.05	73.98	45	42.77
604	59.58	66.54	46	52.47
605	169.12	109.92	43	69.83
606	117.91	152.18	43	55.17
607	133.92	50.41	46	60.08
608	191.01	133.82	44	97.09
609	196.13	187.47	43	129.97
610	131.97	38.72	45	69.12
611	134.83	99.33	44	34.84
612	20.12	183.4	44	115.48
613	53.04	62.98	45	59.8
614	137.24	5.77	46	101.32
615	6.55	124.09	44	96.51
616	158.83	34.83	42	87.8
617	19.96	70.06	41	85.46
Drivers: 16
id	x	y	end	sensitivity
589	120.6	64.5	42	1.35
590	125.47	74.84	41	1.23
591	6.91	93.48	43	0.79
592	104.9	113.38	41	1.06
593	187.27	50.1	42	1.68
594	164.29	140.61	41	0.76
595	67.57	56.24	42	0.86
596	19.62	195.59	41	1.29
597	196.74	151.18	42	0.7
598	86.36	7.88	41	1.59
599	110.07	176.62	43	1.71
600	140.41	157.23	42	1.98
601	3.02	126.87	43	1.4
602	76.66	57.3	42	1.21
603	5.93	59.32	42	1.69
604	83.12	54.73	42	1.8
Period: 42
Tasks:10
id	x	y	end	c
618	166.62	26.75	43	99.01
619	55.29	66.03	43	56.15
620	53.84	138.09	44	59.85
621	89.62	160	43	60.89
622	14.3	145.69	44	97.12
623	113.52	32.21	46	69.13
624	155.54	185.71	44	102.13
625	60.85	78.2	44	44.81
626	188.81	168.27	44	112.02
627	136.12	132.7	44	48.72
Drivers: 18
id	x	y	end	sensitivity
605	76.88	159.61	43	1.69
606	143.75	75.51	44	0.53
607	101.43	16.13	45	0.87
608	82.29	171.79	42	1.9
609	173.18	28.77	43	0.96
610	126.88	130.99	43	1.92
611	129.89	187.15	44	1.09
612	28.28	79.59	44	0.57
613	171.63	6.45	42	1.28
614	176.3	190.13	42	0.93
615	94.28	153.33	42	1.68
616	71.76	173.51	43	1.94
617	128.74	186.22	42	1.1
618	20.95	72.94	42	1.16
619	161.23	81.83	42	1.47
620	133.17	46.35	42	0.55
621	42.37	88.54	43	1.54
622	74.21	145.4	44	1.33
Period: 43
Tasks:10
id	x	y	end	c
628	22.36	129.48	46	83.05
629	100.58	170.47	43	70.47
630	128.69	148.21	45	56.1
631	195.75	166.43	44	116.54
632	138.24	109.1	48	39.31
633	160.29	139.38	44	72.01
634	166.7	73.65	47	71.72
635	187.43	88.65	47	88.16
636	139.71	181.58	45	90.73
637	198.3	136.21	45	104.76
Drivers: 11
id	x	y	end	sensitivity
623	133.04	11.84	43	0.97
624	61.4	119.8	44	1.46
625	9.53	166.89	45	1.69
626	106.62	0.84	43	1.45
627	178.86	191.71	44	0.85
628	128.52	126.59	43	0.55
629	112.21	70.03	44	1.83
630	69.22	194.98	43	1.67
631	50.73	11.84	43	0.58
632	168.74	135.12	47	1.45
633	175.01	57.79	45	1.59
Period: 44
Tasks:18
id	x	y	end	c
638	3.16	141.75	47	105.46
639	139.8	109.95	46	41.02
640	113.23	183.43	46	84.47
641	53.48	10.15	49	101.18
642	38.09	160.63	47	86.65
643	76.45	145.58	49	51.3
644	119.39	26.42	50	76.09
645	105.94	111.06	47	12.55
646	37.36	58.88	49	74.93
647	122.36	128.79	47	36.45
648	128.78	136.06	47	46.14
649	11.47	122.09	47	91.24
650	5.55	170.69	45	117.97
651	36.16	74.39	47	68.79
652	192.08	113.15	48	93.01
653	183.54	112.76	48	84.51
654	70.97	167.07	47	73.08
655	153.6	114.91	46	55.64
Drivers: 15
id	x	y	end	sensitivity
634	192.05	59.91	46	0.51
635	92.62	188.19	44	0.61
636	33.5	125.5	45	0.66
637	123.09	64.77	44	1.83
638	31.26	71.9	45	0.7
639	31.46	50.57	44	1.07
640	44.71	167.07	44	1.46
641	100.83	147.26	45	1.7
642	151.96	54.31	45	0.62
643	85.64	76.11	44	0.97
644	4.29	58.94	46	0.7
645	181.78	177.45	44	0.54
646	90.06	143.11	45	1.71
647	160.87	12.43	45	0.78
648	181.48	98.37	44	0.89
Period: 45
Tasks:13
id	x	y	end	c
656	126.32	106.8	49	27.18
657	143.29	31.65	47	80.91
658	95.34	88.58	45	12.33
659	42.94	121.75	48	61.06
660	155.62	64.04	46	66.23
661	77	170.47	47	74.13
662	120.68	53.54	45	50.85
663	139.32	120.29	46	44.25
664	124.25	160.78	46	65.44
665	109.73	5.45	48	95.05
666	164.79	196.82	48	116.5
667	22.15	24	50	108.8
668	195.79	49.59	49	108.24
Drivers: 15
id	x	y	end	sensitivity
649	51.41	3.02	46	0.77
650	85.65	36.85	47	1.62
651	80.8	133.39	46	1.23
652	81.08	154.38	46	0.81
653	140.29	186.86	47	1.65
654	112.79	61.11	46	1.33
655	126.72	80.35	46	0.99
656	102.79	176.15	46	1.29
657	55.76	48.85	46	1.83
658	122.07	170.45	46	0.6
659	95.58	154.31	47	1.34
660	57.07	89.82	45	1.53
661	66.06	195.21	47	1.93
662	136.52	44.51	47	1.97
663	109.51	168.87	45	1.89
Period: 46
Tasks:8
id	x	y	end	c
669	79.77	72.09	51	34.47
670	44.29	32.91	48	87.2
671	60.79	16.41	52	92.33
672	25.13	115.1	49	76.38
673	178.66	177.57	51	110.47
674	129.97	186.12	47	91.19
675	130.08	191.74	48	96.55
676	157.24	141.69	48	70.81
Drivers: 16
id	x	y	end	sensitivity
664	142.62	123.54	47	1.72
665	175.69	176.53	49	1.65
666	57.84	57.44	46	1.62
667	94.33	98.93	46	1.85
668	40.24	50.8	47	1.73
669	32.54	123.38	48	0.83
670	137.6	183.37	47	1.57
671	64.11	30.48	46	1.03
672	147.56	148.08	48	1.49
673	125.51	11.31	47	0.52
674	52.83	196.76	47	0.96
675	162.1	55.4	49	0.88
676	20.75	129.08	47	1.4
677	25.58	67.48	47	0.92
678	41.56	199.74	46	1
679	67.61	75.5	49	1.25
Period: 47
Tasks:10
id	x	y	end	c
677	80.76	163.74	50	66.58
678	44.46	28.46	55	90.57
679	54.89	45.78	53	70.53
680	104.63	136.2	49	36.49
681	103.94	114.27	49	14.8
682	30.52	99.62	48	69.48
683	91.83	153.34	48	53.96
684	123.22	21.64	48	81.73
685	60.03	60.74	49	56.03
686	146.13	18.65	50	93.52
Drivers: 19
id	x	y	end	sensitivity
680	48.89	110.27	47	0.8
681	141.31	104.24	48	1.89
682	145.25	78.96	48	1.31
683	35.81	75.35	50	1.6
684	186.93	134.99	50	1.11
685	61.48	187.75	47	0.6
686	81.84	16.5	48	1.33
687	186.86	22.6	47	1.02
688	18.82	164.93	47	1.77
689	23.02	58.32	47	0.81
690	139.04	181.47	48	1.91
691	157.5	53.46	49	1.93
692	41.3	183.12	49	1.33
693	79.8	91.87	49	1.46
694	162.11	69.37	48	1.53
695	146.79	95.38	47	0.96
696	194.41	175.93	48	1.08
697	166.29	190.83	48	1.91
698	7.34	91.85	48	1.75
Period: 48
Tasks:9
id	x	y	end	c
687	181.73	140.73	49	91.32
688	102.62	28.89	53	71.16
689	165.58	87.84	48	66.7
690	31.05	56.8	52	81.37
691	50.66	32.39	52	83.7
692	109.12	161.33	50	62
693	135.95	86.85	51	38.28
694	189.96	42.68	53	106.67
695	37.09	137.87	51	73.43
Drivers: 11
id	x	y	end	sensitivity
699	189.68	193.67	50	0.52
700	120.9	25	51	0.57
701	170.36	103.26	50	0.66
702	160.1	195.88	48	1.67
703	160.65	8.63	49	0.7
704	175.94	76.62	48	1.47
705	5.25	180.22	48	1.07
706	114.1	171.49	49	0.62
707	94.05	76.43	48	1.29
708	31.7	91.24	50	1.82
709	43.37	58.36	51	1.45
Period: 49
Tasks:17
id	x	y	end	c
696	197.91	134.57	55	103.83
697	1.53	11.41	52	132.46
698	148.82	18.2	51	95.26
699	43.91	128.01	52	62.69
700	152.63	146.79	52	70.42
701	56.4	13.79	50	96.61
702	64.42	87.68	51	37.65
703	28.38	179.99	51	107.37
704	98.23	145.72	52	45.75
705	4.45	139.86	49	103.53
706	94.49	39.01	52	61.24
707	196.93	53.67	54	107.43
708	48.27	81.41	49	54.97
709	40.28	101.28	52	59.73
710	8.19	195.01	53	132.12
711	141.66	112.72	54	43.56
712	80.59	72.23	53	33.88
Drivers: 12
id	x	y	end	sensitivity
710	112.97	189.9	51	1.77
711	86.81	26.56	50	1.6
712	79.39	114.55	50	0.61
713	20.72	109.32	51	0.77
714	179.24	155.05	49	0.59
715	30.28	9.93	50	1.22
716	166.7	81.34	51	1.43
717	124.35	123.29	51	1.41
718	66.24	121.84	51	1.77
719	67.83	109.09	51	1.76
720	194.34	157.76	49	0.67
721	126.99	107.91	50	1.62
Period: 50
Tasks:18
id	x	y	end	c
713	114.43	96.07	53	14.96
714	51.84	94.1	54	48.52
715	38.88	141.84	53	74.07
716	81.38	0.78	53	100.95
717	179.49	59.89	56	89.04
718	167.12	27.36	54	98.9
719	48.62	44.36	51	75.73
720	11.88	103.51	50	88.19
721	51.45	11.4	54	101.03
722	51.08	54.41	53	66.87
723	50.3	174.22	51	89.32
724	18.55	190.06	56	121.43
725	4.88	18.75	50	125.1
726	10.51	34.31	56	111.01
727	69.97	146.26	52	55.15
728	75.44	44.55	51	60.65
729	79.66	185.12	53	87.52
730	72.76	142.11	55	50.15
Drivers: 22
id	x	y	end	sensitivity
722	172.45	3.5	51	1.01
723	100.13	162.22	51	0.93
724	71.33	80.25	53	0.76
725	95.98	79.81	51	0.56
726	191.14	134.6	51	1.88
727	45.01	36.6	50	0.6
728	105.82	178.63	50	1.19
729	105.68	103.72	51	1.61
730	39.8	184.47	53	1.06
731	194.99	14.11	51	1.42
732	22	157.05	52	0.51
733	168.91	199.27	51	1.06
734	88.42	128.58	50	1.78
735	3.14	194.38	52	1.83
736	2.83	156.18	50	0.74
737	65.16	194.92	53	1.29
738	9.95	28.36	52	0.68
739	2.83	187.86	50	1.06
740	61.3	166.46	52	1.04
741	163.99	29.26	50	1.08
742	113.89	169.16	51	1.37
743	40.44	23.34	50	1.55
Period: 51
Tasks:13
id	x	y	end	c
731	41.7	23.58	53	96.12
732	111.34	156.98	52	58.1
733	118.01	88.93	51	21.14
734	54.68	145.02	53	63.88
735	114.87	39.88	52	61.93
736	19.78	18.17	52	114.59
737	146.64	69.59	51	55.68
738	18.94	35.13	57	103.82
739	51.29	49.59	52	70.1
740	175.61	72.51	55	80.45
741	134.71	10.84	53	95.68
742	156.17	67.02	52	65.14
743	89.03	66.9	54	34.87
Drivers: 17
id	x	y	end	sensitivity
744	170.64	106.37	52	1.35
745	44.56	111.97	51	1.37
746	54.04	55.58	53	1.23
747	26.4	42.09	52	0.54
748	143.7	37.1	53	0.67
749	46.91	36.38	51	0.75
750	160.69	9.02	51	1.68
751	56.98	93.88	52	1.74
752	186.5	9.75	51	1.34
753	108.55	116.44	52	0.65
754	15.44	11.26	51	0.74
755	197.71	196.42	51	0.67
756	169.18	76.71	52	0.69
757	88.7	154.6	52	1.93
758	56.46	128.59	51	0.63
759	112.22	95.34	52	1.7
760	94.03	199.93	52	1.76
Period: 52
Tasks:22
id	x	y	end	c
744	157.75	47.78	55	77.86
745	86.54	22.11	58	79.04
746	190.18	146.06	54	101.26
747	197.02	149.59	54	108.96
748	22.67	71.6	57	82.38
749	1.44	48.63	55	111.14
750	27.08	166.41	55	98.63
751	24.02	166.65	53	101.07
752	117.8	168.03	54	70.32
753	46.87	98.18	54	53.16
754	22.25	42.97	56	96.42
755	161.07	93.27	54	61.44
756	16.41	160.32	54	103.08
757	164.65	18.55	56	103.99
758	140.4	58.44	58	57.96
759	71.63	60.28	57	48.81
760	90.42	83.62	59	18.98
761	160.58	30.9	54	91.9
762	71.53	98.66	56	28.5
763	71.51	111.26	53	30.63
764	2.09	23.82	54	124.06
765	36.64	116.3	56	65.42
Drivers: 20
id	x	y	end	sensitivity
761	187.69	108.31	53	1.01
762	176.91	141.53	53	1.67
763	119.37	26.7	52	0.68
764	119.07	44.36	52	0.6
765	42.12	5.02	52	1.27
766	172.36	154.64	53	1.91
767	109.26	85.65	53	1.56
768	63.39	104.99	54	0.61
769	131.36	12.06	53	0.57
770	72.79	73.25	52	0.76
771	60.31	38.26	52	0.8
772	168.68	116.31	53	1.47
773	16.77	191.38	53	0.6
774	4.79	136.68	53	1.89
775	185.8	100.86	52	0.68
776	10.87	92.5	53	0.58
777	47.82	172.5	53	1.95
778	161.88	157.81	53	1.4
779	66.84	8.17	54	0.69
780	94.24	182.76	53	1.91
Period: 53
Tasks:17
id	x	y	end	c
766	11.17	130.24	53	93.84
767	67.58	141.07	59	52.32
768	31.66	11.37	55	111.92
769	158.81	170.86	59	92.09
770	91.8	133.59	58	34.58
771	62.89	169.25	56	78.57
772	39.46	121.39	57	64.21
773	28.82	61.21	57	81.06
774	108.97	108.06	57	12.06
775	118.9	126.83	54	32.82
776	22.61	124.69	56	81.23
777	158.96	16.75	54	102.01
778	84.12	75.07	59	29.56
779	99.58	175.97	54	75.97
780	94.48	40.97	57	59.29
781	187.62	19.32	55	119.11
782	127.35	91.03	55	28.78
Drivers: 8
id	x	y	end	sensitivity
781	124.98	88	53	1.74
782	118.22	8.33	53	0.77
783	147.73	128.89	53	1.04
784	44.03	139.88	55	0.7
785	164.29	100.81	55	1.6
786	126.94	118.65	53	1.77
787	41.45	150.84	55	1.93
788	163.12	90.87	55	1.46
Period: 54
Tasks:15
id	x	y	end	c
783	130.76	55.55	60	54.06
784	119.11	152.69	55	56.05
785	186.14	153.52	60	101.41
786	194.19	144	56	103.96
787	13.55	177.74	55	116.26
788	133.21	184.7	55	90.98
789	142.48	155.47	57	69.87
790	85.3	147.34	55	49.57
791	8.78	166.39	54	112.82
792	178.52	69.02	55	84.41
793	114.66	150.04	56	52.14
794	189.75	91.72	56	90.13
795	64.89	11.71	57	95.01
796	37.41	106.47	59	62.92
797	26.8	175.08	57	104.86
Drivers: 15
id	x	y	end	sensitivity
789	132.1	28.4	54	0.59
790	105.4	58.08	55	0.59
791	11.62	155.49	55	0.85
792	136.31	124.5	58	1.58
793	186.43	50.39	55	1.84
794	175.73	108.6	55	1.37
795	125.39	188.34	55	0.93
796	70.05	69.54	54	1.1
797	26.28	196.51	55	1.38
798	74.2	59.75	55	0.73
799	174.23	188.63	54	1.28
800	95.72	93.32	55	1.41
801	134.1	123.75	54	0.68
802	190.12	189.85	54	1.84
803	114.04	91.5	54	0.66
Period: 55
Tasks:14
id	x	y	end	c
798	112.88	22.92	56	78.15
799	9.66	18.68	59	121.55
800	38.1	110.4	57	62.77
801	196.05	103.34	55	96.11
802	68.17	70.41	58	43.46
803	96.72	10.64	55	89.42
804	149.1	105.33	60	49.39
805	100.67	4	63	96
806	68.08	33.57	59	73.7
807	76.45	83.33	57	28.85
808	22.6	34.2	59	101.59
809	92.87	92.45	61	10.38
810	44.78	1.36	57	113.04
811	176.81	147.48	56	90.3
Drivers: 14
id	x	y	end	sensitivity
804	66.46	120.19	55	1.94
805	186.27	89.33	55	1.38
806	77.1	129.75	57	1.74
807	1.84	22.99	58	0.8
808	38.77	117.41	56	1.14
809	169.18	67.05	55	1.24
810	29.42	124.92	56	1.02
811	108.23	168.3	56	0.89
812	119.13	85.16	57	1.27
813	156.47	53.76	56	1.85
814	146.46	191.53	57	1.63
815	79.15	162.75	56	1.08
816	22.06	50.44	56	1.66
817	114.88	73.34	56	0.68
Period: 56
Tasks:26
id	x	y	end	c
812	96.51	9.69	62	90.38
813	173.02	84.93	61	74.56
814	92.64	144.61	62	45.21
815	93.16	123.87	61	24.83
816	64.76	138.24	62	52
817	131.19	2.44	60	102.42
818	54.73	82.57	57	48.51
819	121.78	4.36	62	98.09
820	128.08	192.8	60	96.96
821	48.81	67.95	58	60.4
822	155.26	105.93	56	55.58
823	171.21	24.64	56	103.68
824	147.63	24.57	57	89.21
825	62.92	66.8	59	49.77
826	186.06	171.13	59	111.65
827	81.91	176.62	59	78.73
828	74.39	103.43	62	25.84
829	185.64	131.19	58	91.14
830	99.76	148.27	60	48.27
831	106	104.49	58	7.49
832	91.49	116.23	60	18.33
833	92.9	156.8	58	57.24
834	172.66	100.69	61	72.66
835	68.08	112.93	58	34.44
836	88.47	57.08	58	44.44
837	0.6	7.9	58	135.51
Drivers: 17
id	x	y	end	sensitivity
818	155.47	135.09	57	0.66
819	95.93	152.11	56	0.61
820	163.13	147.79	57	1.7
821	61.26	171.3	58	1.31
822	122.35	58.02	56	1.2
823	153.32	11.63	59	0.59
824	125.48	140.34	57	1.49
825	178.28	180.03	58	1.74
826	193.31	54.33	56	0.65
827	151.29	85.98	56	1.52
828	189.83	101.86	57	1.46
829	115.45	2.45	57	1.34
830	96.23	187.86	56	1.05
831	130.96	73.56	57	0.78
832	9.97	188.65	57	1.97
833	81.89	150.91	57	1.09
834	4.49	188.94	57	1.52
Period: 57
Tasks:14
id	x	y	end	c
838	136.17	122.3	59	42.49
839	158.54	158.58	61	82.82
840	66.21	167.09	60	75.12
841	173.21	121.29	62	76.24
842	44.73	183.14	60	99.84
843	147.24	182.27	59	94.87
844	192.62	145.73	61	103.29
845	120.53	168.15	64	71.18
846	87.98	15.21	60	85.64
847	149.96	47.78	61	72.27
848	170.32	194.12	57	117.49
849	132.06	192.33	60	97.74
850	21.33	44.35	58	96.36
851	182.4	76.04	61	85.81
Drivers: 14
id	x	y	end	sensitivity
835	5.86	80.21	58	1.53
836	123.53	165.59	59	1.63
837	143.69	59.81	57	0.99
838	133.64	115.88	58	0.72
839	30.88	193.96	58	1.18
840	160.44	81.38	57	1.98
841	17.6	84.95	58	1.37
842	71.52	186.98	58	0.65
843	154.83	181.46	58	1.32
844	132.27	38.84	60	1.93
845	40.44	78.07	59	1.95
846	143.6	149.91	60	0.9
847	113.38	76.54	59	1.19
848	61.8	175.8	58	0.78
Period: 58
Tasks:16
id	x	y	end	c
852	54.39	197.43	62	107.58
853	65.27	133.21	62	48.05
854	102.01	113.79	61	13.94
855	9.39	2.05	58	133.43
856	76.28	135.12	60	42.38
857	143.51	11.44	63	98.67
858	197.66	184	59	128.82
859	129.93	71.84	65	41.09
860	126.16	18.36	61	85.73
861	4.96	119.79	59	97.08
862	56.97	26.31	64	85.33
863	35.72	187.52	61	108.59
864	185.42	138.75	62	93.8
865	46.72	24.34	62	92.54
866	47.05	165.06	64	83.88
867	181.6	174.66	62	110.6
Drivers: 6
id	x	y	end	sensitivity
849	25.89	141.6	58	0.97
850	48.42	170.44	58	1.14
851	11.72	185.61	58	0.97
852	151.23	60.37	59	1.42
853	7.16	143.66	61	1.75
854	95.92	161.43	60	1.36
Period: 59
Tasks:17
id	x	y	end	c
868	97.09	74.33	60	25.83
869	20.56	25.35	61	109.01
870	57.39	35.78	61	77.07
871	83.52	197.92	60	99.3
872	125.98	114.98	61	29.99
873	10.16	51.47	61	102.11
874	18.92	99.16	62	81.08
875	198.77	14.5	67	130.64
876	43.37	14.84	64	102.27
877	170.96	56.59	62	83.19
878	0.95	121.34	61	101.32
879	64.43	71.33	60	45.69
880	78.69	46.83	62	57.28
881	141.63	130.9	63	51.84
882	55.27	144.78	59	63.29
883	56.43	1.5	60	107.71
884	59.32	173.93	60	84.38
Drivers: 25
id	x	y	end	sensitivity
855	64.39	108.55	61	1.1
856	95.44	114.71	61	1.61
857	3.91	15.44	59	0.56
858	101.67	64.4	62	0.54
859	131.33	163.62	60	1.82
860	92.57	168.05	59	1.72
861	187.19	24.64	59	0.51
862	58.96	180.97	62	1.25
863	98.01	87.81	63	0.53
864	58.57	65.52	60	1.37
865	106.57	0.85	62	1.06
866	191.16	43.74	60	1.03
867	11.01	78.11	59	1.91
868	5.83	40.91	59	0.79
869	88.57	196.51	59	1.87
870	185.06	93.49	61	1.73
871	37.74	148.97	60	1.99
872	96.05	121.92	60	1.23
873	81.28	42.84	59	1.85
874	107.25	78.62	60	1.96
875	50.17	187.7	59	1.14
876	175.19	27.6	59	0.77
877	173.2	63.96	59	0.94
878	103.85	66.18	59	1.14
879	131.09	166.84	60	0.96
Period: 60
Tasks:17
id	x	y	end	c
885	184.41	32.37	63	108.16
886	84.76	184.02	62	85.39
887	22.62	119.07	62	79.7
888	82.1	183.66	63	85.55
889	53.56	63.58	63	59.02
890	17.74	176.15	63	112.1
891	176.21	188.95	64	117.13
892	155.23	44.51	66	78.29
893	27.04	82.76	66	74.97
894	87.53	142.55	62	44.34
895	38.15	141.61	62	74.54
896	171.29	93.1	67	71.62
897	54.4	143.84	60	63.26
898	168.38	30.8	60	97.29
899	56.79	30.1	63	82.18
900	122.13	116.22	60	27.44
901	160.07	114.4	62	61.77
Drivers: 17
id	x	y	end	sensitivity
880	179.58	104.06	60	1.24
881	174.76	71.77	61	0.88
882	108.55	199.27	61	1.82
883	118.49	53.28	61	1.94
884	196.98	160.73	60	1.8
885	111.41	166.11	60	1.9
886	65.68	28.2	60	0.73
887	86.65	5.21	60	1.79
888	43.3	141.93	60	1.64
889	93.98	91.48	61	1.14
890	189.73	30.41	62	1.77
891	29.92	136.26	60	1.8
892	106.35	20.92	61	1.45
893	36.03	17.63	61	1.43
894	36.54	107.25	60	0.7
895	126.42	41.6	61	0.67
896	139.48	38.1	62	1.59
Period: 61
Tasks:14
id	x	y	end	c
902	193.41	57.88	62	102.47
903	124.39	19.45	63	84.16
904	28.84	113.09	63	72.35
905	127.63	107.83	62	28.72
906	152.32	122.15	64	56.82
907	118.47	60.65	68	43.47
908	61.37	170.9	62	80.74
909	138.23	29.04	66	80.6
910	150.21	75.85	65	55.72
911	76.45	68.9	63	39.01
912	77.92	155.73	64	59.94
913	152.45	162.63	64	81.69
914	188.98	115.2	65	90.27
915	177.47	178.31	61	110.15
Drivers: 23
id	x	y	end	sensitivity
897	40.86	177.31	61	1.96
898	49.1	147.62	63	1
899	172.72	49.54	62	1.86
900	178.94	63.94	63	1.52
901	51.96	58.52	62	1.53
902	107.53	21.47	63	1.89
903	33.41	92.06	63	1.31
904	172.24	83.13	62	1.42
905	80.11	79.36	62	1.92
906	64.23	171.82	62	0.57
907	17.48	91.37	64	1.09
908	25.65	20.05	63	1.11
909	131.51	109.45	61	1.61
910	169.42	135.35	61	0.87
911	43.84	121.41	63	1.85
912	142.6	194.46	63	1.92
913	79.86	128.84	61	0.63
914	7.91	4.26	62	1.42
915	76.95	162.28	63	1.33
916	34.89	132.86	61	1.71
917	57.99	28.79	62	1.44
918	52.17	130.25	65	1.99
919	77.83	35.19	64	1.53
Period: 62
Tasks:15
id	x	y	end	c
916	86.1	82.67	64	22.22
917	121.55	141.27	65	46.56
918	32.55	182.16	64	106.3
919	40.03	147.48	68	76.49
920	172.89	127.3	67	77.83
921	62.85	23.37	66	85.16
922	28.99	58.98	65	82.01
923	115.05	85.98	64	20.57
924	16.19	160.07	63	103.11
925	101.75	68.66	64	31.39
926	195.82	75.99	67	98.78
927	166.91	110.27	65	67.69
928	110.38	180.43	64	81.1
929	50.99	185.88	65	98.88
930	64.69	188.7	63	95.47
Drivers: 13
id	x	y	end	sensitivity
920	112.04	47.66	63	1.54
921	69.69	52.25	65	1.23
922	65.48	76.32	62	0.89
923	187.49	49.63	62	1.41
924	192.54	191.14	62	1
925	148.3	179.79	63	1.95
926	87.44	106.03	64	1.36
927	123.68	45.42	65	1.45
928	40.94	198.83	63	1.66
929	185.95	140.28	63	1.27
930	186.91	45.67	65	0.52
931	24.25	6.81	62	1.49
932	106.75	193.96	62	1.85
Period: 63
Tasks:7
id	x	y	end	c
931	68.21	168.04	65	75.1
932	11.05	60.93	68	97.15
933	144.03	5.53	67	104.23
934	20.14	190.54	67	120.73
935	128.84	194.71	67	99
936	95.96	163.88	63	64.01
937	20.27	141.01	67	89.66
Drivers: 8
id	x	y	end	sensitivity
933	76.82	85.2	63	1.26
934	188.27	19.68	63	1.12
935	99.06	16.06	65	1.23
936	30.35	199.73	63	0.57
937	111.16	167.87	63	1.45
938	117.77	185.73	65	1.49
939	51.83	184.62	66	0.53
940	188.3	196.81	63	0.65
Period: 64
Tasks:15
id	x	y	end	c
938	9.12	100.85	66	90.88
939	28.53	188.4	67	113.68
940	197.69	28.54	64	121.04
941	43.81	64.5	67	66.46
942	163.12	5.11	68	113.97
943	160.18	49.78	66	78.38
944	125.86	115.8	70	30.3
945	101.25	152.95	67	52.96
946	41.97	198.28	71	114.13
947	155.16	11.18	66	104.55
948	141.95	27.99	68	83.34
949	24.53	185.26	66	113.86
950	61.52	182.62	65	91.14
951	174.2	173.24	68	104.26
952	1.02	139.19	68	106.46
Drivers: 9
id	x	y	end	sensitivity
941	169.27	181.99	64	1.13
942	0.55	151.67	66	1.49
943	24.27	56.77	65	1.42
944	182.73	144.51	68	1.58
945	95.16	55.04	64	0.5
946	12.69	13.52	65	0.8
947	169.04	184.97	65	1.9
948	17.66	141.82	65	1.96
949	27.9	136.59	66	1.98
Period: 65
Tasks:16
id	x	y	end	c
953	199.41	1.09	68	140.23
954	80.8	194.24	67	96.18
955	176.22	29.82	65	103.61
956	168.33	97.05	67	68.39
957	22.5	88.72	66	78.32
958	159.35	107.61	65	59.84
959	20.4	20.24	69	112.68
960	21.57	69.14	66	84.28
961	169.92	130.59	67	76.32
962	142.63	58.35	68	59.6
963	60.98	160.16	66	71.71
964	42.54	146.39	69	73.85
965	15.16	194.38	68	126.91
966	53.62	0.96	66	109.36
967	198.49	113.72	72	99.44
968	170.92	116.43	70	72.8
Drivers: 9
id	x	y	end	sensitivity
950	19.52	137.34	65	0.79
951	143.47	59.76	65	1.59
952	95.95	90.31	66	0.73
953	66.58	42.3	65	1.33
954	188.11	61.2	65	1.83
955	181.91	39.51	66	1.44
956	91.55	175.55	65	1.31
957	66.76	7.58	66	1.92
958	163.68	110.69	67	0.61
Period: 66
Tasks:9
id	x	y	end	c
969	68.89	67.93	71	44.68
970	165.64	46.85	68	84.46
971	24.31	173.27	68	105.34
972	2.75	12.15	71	131.05
973	184.23	35.18	71	106.28
974	101.55	139	67	39.03
975	33.35	154.76	69	86.26
976	165.01	60.59	70	76.02
977	74.56	161.27	67	66.34
Drivers: 10
id	x	y	end	sensitivity
959	153.82	103.02	66	1.79
960	171.24	72.28	66	1.95
961	66.02	38.93	68	1.17
962	153.11	18.34	66	0.83
963	114.15	172.35	69	1.59
964	114.47	31.48	68	1.74
965	61.98	75.67	67	0.61
966	10.5	95.67	67	1
967	182.82	124.5	68	1.59
968	193.61	111.36	67	0.53
Period: 67
Tasks:18
id	x	y	end	c
978	165.93	167.44	71	94.31
979	121.68	198.76	77	101.11
980	66	45.37	70	64.35
981	22.87	84.92	71	78.59
982	46.88	173.39	70	90.6
983	159.19	184.77	70	103.39
984	170.02	60.74	68	80.28
985	151.2	182.11	72	96.77
986	25.6	79.44	71	77.19
987	91.64	143.16	69	43.96
988	176.74	74.75	70	80.79
989	183.1	41.89	70	101.4
990	95.24	99.81	70	4.76
991	148.86	37.68	75	79.19
992	90.71	109.02	69	12.95
993	149.92	63.65	73	61.75
994	93.81	19.86	69	80.38
995	59	193.58	68	102.17
Drivers: 10
id	x	y	end	sensitivity
969	13.94	146.05	69	1.21
970	10.95	50.31	68	1.08
971	138.67	70.29	67	1.82
972	55.45	148.67	68	1.66
973	142.6	40.02	70	1.67
974	100.24	123.36	70	0.67
975	126.85	25.29	67	0.86
976	1.57	32.41	68	1.08
977	100.16	46.13	68	0.79
978	178.71	34.02	67	1.01
Period: 68
Tasks:17
id	x	y	end	c
996	92.06	156.03	70	56.59
997	154.03	191.88	73	106.59
998	197.33	7.87	72	134.02
999	93.95	155.28	71	55.61
1000	45.67	94.85	72	54.57
1001	92.66	7.57	69	92.72
1002	188.98	9.92	73	126.62
1003	134.52	174.7	71	82.29
1004	154.56	139.37	70	67.28
1005	70.11	96.72	70	30.07
1006	184.04	7.18	70	125.21
1007	182.12	78.53	74	84.88
1008	103.09	177.44	74	77.5
1009	168.83	196.86	71	118.83
1010	59.12	101.04	71	40.89
1011	4.14	80.04	72	97.92
1012	21.62	114.18	70	79.65
Drivers: 10
id	x	y	end	sensitivity
979	187.68	77.96	69	0.94
980	60.09	21.4	68	1.67
981	51.71	177.23	69	1.67
982	55.54	92.21	69	1.66
983	122.71	22.72	71	1.22
984	138.48	127.88	69	1.37
985	121.18	144.93	69	0.96
986	25.53	134.72	69	0.59
987	51.11	138.37	68	1.48
988	63.1	51.82	68	1.58
Period: 69
Tasks:17
id	x	y	end	c
1013	108.74	29.03	74	71.51
1014	115.21	107.71	74	17.05
1015	54.54	196.12	75	106.33
1016	115.02	147.31	72	49.64
1017	27.61	166.33	72	98.18
1018	102.42	139.9	72	39.97
1019	157.42	36.9	69	85.32
1020	48.5	125.69	72	57.55
1021	81.71	147.45	73	50.85
1022	113.72	62.91	72	39.55
1023	161.2	29.27	70	93.53
1024	35.89	97.22	69	64.17
1025	6.92	9.76	71	129.64
1026	67.69	185.78	70	91.66
1027	167.4	176.86	71	102.23
1028	16.5	71.94	71	88.09
1029	5.98	103.24	70	94.08
Drivers: 18
id	x	y	end	sensitivity
989	151.98	45.93	70	0.98
990	196.78	29.15	69	0.51
991	73.31	197.38	70	0.71
992	162.08	4.13	69	1.52
993	145.75	149.3	71	1
994	119.27	153.9	69	0.91
995	19.86	33.94	70	0.86
996	120.66	94.32	70	0.59
997	74.5	146.81	69	1.24
998	188.73	199.58	70	0.71
999	94.94	54.27	70	1.7
1000	23.36	119.22	70	1.69
1001	124.71	94.75	71	1.44
1002	68.46	12.13	70	1.63
1003	139.38	36.12	70	1.52
1004	141.83	83.54	69	1.53
1005	74.09	28.99	69	0.52
1006	91.92	94.52	70	0.69
Period: 70
Tasks:15
id	x	y	end	c
1030	97.24	63.71	73	36.39
1031	72.22	194.61	70	98.6
1032	130.08	143.21	71	52.65
1033	132.88	20.44	72	86.09
1034	68.99	130.3	74	43.36
1035	185.62	144.86	72	96.66
1036	125.8	55.56	72	51.39
1037	105.93	77.39	71	23.37
1038	88.12	131.82	75	33.97
1039	145.08	28.17	73	84.8
1040	195.09	24.27	70	121.56
1041	178.08	40.99	73	97.87
1042	34.72	71.46	73	71.25
1043	89.67	12.57	72	88.04
1044	83.19	199.71	73	101.12
Drivers: 12
id	x	y	end	sensitivity
1007	155.7	130.32	70	1.72
1008	43.42	167	72	0.58
1009	86.14	96	72	1.64
1010	63.79	63.37	70	1.93
1011	148.16	63.88	71	0.72
1012	175	15.68	71	0.67
1013	1.64	138.01	72	0.61
1014	157.44	154.92	72	1.55
1015	77.58	22.71	71	1.71
1016	0.87	141.86	72	1.3
1017	60.37	4.39	70	0.6
1018	79.71	97.91	71	1.15
Period: 71
Tasks:13
id	x	y	end	c
1045	133.93	71.81	75	44.11
1046	3.37	143.56	71	105.99
1047	124.18	195.46	72	98.47
1048	63.34	171.96	76	80.76
1049	19.99	6.21	77	123.28
1050	68.47	67.33	72	45.4
1051	55.8	93.75	72	44.64
1052	142.21	106.09	75	42.65
1053	5.12	118.94	75	96.75
1054	105.91	99.6	73	5.92
1055	173.38	195.87	72	120.73
1056	111.17	170.5	72	71.38
1057	105.26	55.79	72	44.52
Drivers: 15
id	x	y	end	sensitivity
1019	63.85	90.07	71	1.08
1020	69.63	158.98	71	1.53
1021	170.78	97.53	72	1.1
1022	7.76	54.72	73	0.74
1023	191.27	166.26	75	1.09
1024	125.21	69.65	72	1.83
1025	3.52	16.63	73	0.9
1026	175.56	4.51	72	1.75
1027	73.63	133.91	72	1.05
1028	15.19	53.19	72	1.83
1029	24.82	182.7	71	1.96
1030	42.77	39.03	72	0.82
1031	126	44.46	71	1.61
1032	178.7	15.38	71	1.53
1033	28.4	149.11	72	1.34
Period: 72
Tasks:12
id	x	y	end	c
1058	108.08	70.74	76	30.36
1059	17.25	54.26	75	94.55
1060	50.58	6.11	74	106.1
1061	112.5	50.2	73	51.34
1062	155.47	37.44	73	83.61
1063	149.57	141.27	75	64.5
1064	35.2	125.47	74	69.63
1065	142.41	187.66	76	97.38
1066	49.82	127.04	74	57
1067	40.61	34.38	76	88.51
1068	85.57	117.13	75	22.4
1069	129.34	161.49	76	68.13
Drivers: 16
id	x	y	end	sensitivity
1034	108.61	52.81	72	1.66
1035	169.67	175.77	72	1.02
1036	155.9	165	72	0.92
1037	21.35	158	72	1.27
1038	157.83	186.91	73	1.09
1039	87.32	93.43	74	1.62
1040	154.5	22.12	73	0.74
1041	64.02	16.73	72	1.53
1042	159.83	22.42	73	1.92
1043	159.22	68.48	72	1.87
1044	115.53	57.9	74	1.6
1045	32.49	194.36	72	1.87
1046	123.74	166.7	72	1.22
1047	152.07	163.37	73	0.99
1048	61.87	162.98	73	1.82
1049	65.75	186.29	73	1.32
Period: 73
Tasks:17
id	x	y	end	c
1070	161.53	119.1	78	64.43
1071	65.26	17.08	75	89.9
1072	27.77	6.27	77	118.33
1073	124.9	45.7	77	59.74
1074	132.26	26.59	77	80.19
1075	137.38	79.06	74	42.85
1076	127.37	13.89	77	90.36
1077	165.72	33.7	78	93.35
1078	91.48	37.36	74	63.22
1079	14.46	76.56	73	88.69
1080	86.57	61.73	76	40.56
1081	124.75	90.91	76	26.37
1082	46.23	140.67	74	67.42
1083	126.03	93.7	78	26.78
1084	137.5	111.31	77	39.17
1085	191.32	30.04	78	115.04
1086	175.68	32.96	74	101.1
Drivers: 13
id	x	y	end	sensitivity
1050	184.07	17.65	75	0.64
1051	65.27	31.78	74	1.38
1052	8.9	48.21	75	1.69
1053	54.96	29.23	75	1.78
1054	49.44	184.66	73	1.76
1055	95.8	124.39	75	0.63
1056	60.41	149.92	73	1.6
1057	191.44	157.96	75	1.03
1058	106.07	158.72	73	1.81
1059	117.65	122.07	74	1.38
1060	89.32	162.03	74	0.71
1061	179.17	60.17	73	0.69
1062	183.44	156.92	74	1.15
Period: 74
Tasks:20
id	x	y	end	c
1087	122.68	193.95	78	96.65
1088	92.18	111.54	77	13.94
1089	122.49	114.44	78	26.73
1090	115.26	1.52	75	99.66
1091	7.63	44.22	76	107.91
1092	197.39	64.27	75	103.74
1093	54.34	11.23	78	99.82
1094	72.64	37.55	76	68.18
1095	88.45	177.01	75	77.87
1096	83.11	180.14	76	81.9
1097	142.03	160.66	76	73.8
1098	129.65	53.71	77	54.97
1099	2.32	89.62	75	98.23
1100	196.86	195.92	77	136.32
1101	103.88	33.95	77	66.16
1102	4.66	18.49	76	125.43
1103	19.72	41.74	76	99.19
1104	90.22	97.12	77	10.2
1105	149.66	187.89	77	100.95
1106	14.61	153.96	76	101.01
Drivers: 12
id	x	y	end	sensitivity
1063	148.74	18.23	74	0.78
1064	50.76	153.87	76	0.85
1065	101.39	35.57	75	1.24
1066	118.38	8.26	77	1.42
1067	133.59	25.51	74	1.48
1068	4.34	141.76	77	1.2
1069	138.98	45.62	75	1.47
1070	37.54	99.21	76	1.79
1071	179.99	158.23	75	1.34
1072	52.87	68.65	76	1.16
1073	104.95	148.09	76	1.09
1074	150.88	149.51	74	0.81
Period: 75
Tasks:9
id	x	y	end	c
1107	70.66	172.04	79	77.79
1108	162.75	98.18	77	62.78
1109	111.84	143.83	76	45.4
1110	154.16	59.59	79	67.57
1111	90.86	125.37	77	26.97
1112	186.47	48.05	80	100.88
1113	109.88	58.35	77	42.81
1114	170.28	172.47	80	100.95
1115	197.37	82.4	79	98.95
Drivers: 12
id	x	y	end	sensitivity
1075	73	0.47	75	0.92
1076	189.8	133.68	76	1.55
1077	69.99	179.99	78	0.79
1078	171.17	63.87	76	1.24
1079	196.6	84.18	79	1.27
1080	70.09	172.25	79	1.75
1081	37.1	74.32	76	0.76
1082	65.02	10.65	76	0.61
1083	56.66	119.02	78	1.6
1084	23.11	138.86	77	1.07
1085	136.02	9.4	77	0.9
1086	179.57	198.23	76	0.88
Period: 76
Tasks:17
id	x	y	end	c
1116	119.43	179.66	77	82
1117	68.07	53.55	82	56.37
1118	59.63	104.18	77	40.59
1119	157.49	181.42	79	99.67
1120	145.75	135.02	78	57.61
1121	131.92	76.19	78	39.82
1122	187.94	193.73	79	128.53
1123	51.67	154.8	78	73.07
1124	169.34	110.08	78	70.07
1125	126.69	127.22	80	38.12
1126	9.71	43.72	78	106.39
1127	181.91	109.57	78	82.47
1128	58.01	159.91	77	73.16
1129	26.24	16.98	78	111.05
1130	175.27	4.93	78	121.26
1131	109.03	60.76	78	40.27
1132	175	146.52	80	88.26
Drivers: 12
id	x	y	end	sensitivity
1087	117.71	76.49	76	1.17
1088	23.42	66.36	77	1.41
1089	121.73	34.78	76	1.06
1090	91.03	120.64	77	0.92
1091	168.65	176.49	78	1.24
1092	168.62	65.91	77	0.83
1093	147.15	3.12	76	0.84
1094	53.95	90.29	76	0.87
1095	182.7	49.42	78	0.61
1096	84.76	61.61	77	0.94
1097	37.5	26.07	76	0.86
1098	187.05	85.13	76	1.39
Period: 77
Tasks:16
id	x	y	end	c
1133	14.46	16.99	79	119.2
1134	112.48	16.51	79	84.42
1135	106.23	126.74	81	27.46
1136	100.18	46.61	82	53.39
1137	188.88	134.42	79	95.31
1138	173.51	104.97	77	73.68
1139	94.98	13.52	83	86.63
1140	165.73	191.9	83	112.99
1141	8.44	176.38	79	119.24
1142	127.24	12.34	79	91.79
1143	148.28	155.53	80	73.58
1144	117.81	69.03	83	35.73
1145	110.04	97.36	81	10.38
1146	164.18	170.09	82	95.04
1147	117.62	113.79	79	22.37
1148	121.35	175.35	79	78.32
Drivers: 12
id	x	y	end	sensitivity
1099	132.47	117.41	77	0.53
1100	103.13	176.26	77	0.71
1101	81.82	96.99	79	1.05
1102	191.79	65.92	78	0.62
1103	131.7	2.82	80	1.43
1104	97.87	194.64	77	1.88
1105	84.64	187.02	79	0.8
1106	181.57	88.37	78	1.67
1107	49.9	193.91	81	1.72
1108	3.56	132.86	77	1.48
1109	49.48	0.4	78	1.76
1110	198.08	154.58	78	1.99
Period: 78
Tasks:19
id	x	y	end	c
1149	191.42	53.07	78	102.76
1150	153.71	115.54	81	55.91
1151	93.27	101.45	84	6.88
1152	59.11	33.63	79	77.95
1153	96.53	163.84	81	63.93
1154	175.1	164.58	79	99.05
1155	143.47	91.13	83	44.37
1156	120.5	85.54	81	25.09
1157	83.13	183.6	81	85.29
1158	173.01	30.6	80	100.73
1159	67.88	59.61	84	51.6
1160	95.55	141.02	79	41.26
1161	66.05	131.41	80	46.25
1162	88.37	187.81	80	88.58
1163	188.58	117.09	84	90.21
1164	48.42	197.15	84	109.99
1165	108.98	46.37	81	54.38
1166	160.25	80.71	81	63.26
1167	171.14	91.66	81	71.63
Drivers: 10
id	x	y	end	sensitivity
1111	137.57	170.93	81	0.94
1112	136.2	45.18	78	0.65
1113	80.04	165.71	80	0.52
1114	107.97	110.77	79	1.94
1115	33.65	24.48	78	1.37
1116	166.13	113.55	82	1.18
1117	146.71	111.69	79	0.79
1118	161.89	19.47	79	0.67
1119	38.91	119.23	80	1.49
1120	198.56	15.26	80	0.73
Period: 79
Tasks:13
id	x	y	end	c
1168	14.01	168.74	81	110.09
1169	5.48	197.55	83	135.83
1170	196.9	193.92	84	134.95
1171	115.64	97.52	80	15.84
1172	112.22	32.57	84	68.53
1173	57.13	140.8	84	59.18
1174	33.83	106.36	80	66.47
1175	144.76	51.16	85	66.25
1176	80.6	112.44	84	23.05
1177	154.97	104.46	83	55.15
1178	195.28	20.85	81	123.87
1179	142.62	107.44	80	43.26
1180	198.89	170.41	82	121.4
Drivers: 12
id	x	y	end	sensitivity
1121	42.79	138.68	82	1.44
1122	34.91	111.41	79	1.96
1123	102.11	180.75	79	0.75
1124	28.59	140.92	81	1.19
1125	65.18	150.71	80	1
1126	147.32	79.98	80	1.84
1127	98.22	68.46	81	1.54
1128	86.87	97.73	80	1.43
1129	113.36	146.81	79	1.82
1130	28.91	152.98	79	0.55
1131	62.34	49.73	79	1.48
1132	53.25	134.63	82	1.23
Period: 80
Tasks:15
id	x	y	end	c
1181	191.78	172.06	83	116.69
1182	31.71	74.77	82	72.8
1183	122.79	182.5	83	85.59
1184	49.39	198.12	88	110.4
1185	28.32	140.61	84	82.38
1186	31.83	187.22	84	110.7
1187	106.95	177.17	83	77.48
1188	84.52	87.75	86	19.74
1189	76.56	166.02	83	70.06
1190	181.99	10.61	84	121.3
1191	49.47	154.44	81	74.28
1192	47.85	68.98	82	60.68
1193	48.1	143.06	82	67.44
1194	27.8	177.5	83	105.92
1195	118.79	50.71	82	52.75
Drivers: 10
id	x	y	end	sensitivity
1133	11.71	165.28	81	1.77
1134	171.73	137.21	81	1.17
1135	118.05	23.03	82	1.87
1136	82.3	33.82	81	0.6
1137	22.52	56	81	1.84
1138	67.53	120.13	80	0.52
1139	88.49	190.68	82	0.56
1140	48.29	177.82	82	1.6
1141	42.38	130.44	81	1.54
1142	177.48	17.56	80	1.03
Period: 81
Tasks:12
id	x	y	end	c
1196	22	136.37	85	86.06
1197	117.37	22.81	83	79.12
1198	19.5	198.19	82	126.97
1199	46.22	190.54	86	105.31
1200	101.24	198.37	85	98.38
1201	107.15	191.4	84	91.68
1202	21.87	122.98	83	81.44
1203	188.93	160.62	83	107.63
1204	8.07	104.38	88	92.03
1205	113.4	137.38	85	39.71
1206	173.48	106.32	88	73.75
1207	105.02	161.97	85	62.17
Drivers: 15
id	x	y	end	sensitivity
1143	152.73	162.44	81	0.69
1144	196.16	134.78	82	1.37
1145	114.53	163.9	81	1.54
1146	181.85	19.89	81	1.57
1147	161.68	180.9	81	0.76
1148	37.98	95.05	83	1.55
1149	149.65	132.46	81	1.69
1150	22.51	66.51	84	0.63
1151	139.88	133.32	83	1.27
1152	197.51	39.29	83	1.42
1153	32.41	165.72	81	1.28
1154	14.24	67.19	81	0.64
1155	60.1	99.22	82	1.24
1156	74.11	35.88	82	1.88
1157	22.38	47.43	84	0.57
Period: 82
Tasks:14
id	x	y	end	c
1208	38.3	111.12	85	62.69
1209	21.22	34.41	83	102.51
1210	102.53	63.61	84	36.48
1211	152.62	8.08	89	105.92
1212	169.52	165.97	85	95.84
1213	158.01	138.59	86	69.67
1214	183.13	187.41	85	120.63
1215	31.21	184.75	86	109.15
1216	84.06	95.61	85	16.53
1217	170.58	160.64	83	93.05
1218	121.93	34.21	83	69.35
1219	36.73	32.94	85	92.2
1220	72.84	23.32	87	81.35
1221	26.37	171.85	85	102.88
Drivers: 14
id	x	y	end	sensitivity
1158	93.51	177.31	82	0.94
1159	142.59	104.88	83	1.78
1160	107.44	195.15	85	1.4
1161	35.4	35.33	83	1.11
1162	192.95	131.39	83	0.86
1163	160.95	179.02	83	0.5
1164	67.41	193.1	82	1.95
1165	97.62	159.05	82	0.89
1166	190.57	165.56	83	0.83
1167	14.68	96.14	84	1.74
1168	58.96	10.34	83	1.59
1169	14.96	135.96	84	0.84
1170	190.48	141.81	83	1.47
1171	44.69	189.09	83	1.06
Period: 83
Tasks:16
id	x	y	end	c
1222	74.5	183.01	88	86.84
1223	32.85	37.1	86	92.01
1224	44.23	163.91	83	84.82
1225	157.3	79.45	87	60.87
1226	91.49	70.04	86	31.15
1227	126.78	181.19	85	85.49
1228	85.41	12.99	88	88.22
1229	113.73	109.16	87	16.51
1230	95.93	134.16	84	34.4
1231	198.37	52.7	86	109.15
1232	51.36	174.2	85	88.72
1233	168.25	127.4	87	73.54
1234	159.31	39.06	86	85.04
1235	161.56	73.99	85	66.83
1236	153.7	140.27	85	67.12
1237	62.56	62.98	83	52.65
Drivers: 13
id	x	y	end	sensitivity
1172	183.87	32.84	87	0.75
1173	2	69.1	83	1.17
1174	88.21	135.83	84	1.55
1175	176.77	79.19	83	0.83
1176	166.79	108.29	84	0.73
1177	121.88	10.87	84	0.8
1178	75.58	122.69	84	1.05
1179	1.48	70.89	85	0.78
1180	145.62	163.04	84	1.08
1181	40.61	86.22	85	0.51
1182	47.9	1.26	83	0.96
1183	172.91	127.7	84	0.65
1184	75.16	33.48	84	0.78
Period: 84
Tasks:15
id	x	y	end	c
1238	80	88.22	87	23.21
1239	109.22	45.4	88	55.37
1240	171.29	17.76	85	108.84
1241	61.99	21.13	86	87.55
1242	150.68	58.01	87	65.82
1243	181.33	82.97	93	83.09
1244	7.4	24.88	88	119.24
1245	20.13	163.88	87	102.27
1246	107.84	17.92	92	82.45
1247	181.99	10.02	88	121.73
1248	193.59	133.97	85	99.56
1249	197.11	84.45	84	98.35
1250	175.28	67.38	86	82.04
1251	44.86	153.16	86	76.59
1252	47.56	112.68	86	53.95
Drivers: 12
id	x	y	end	sensitivity
1185	39.01	156.29	85	1.36
1186	1.4	48.11	84	1.34
1187	73.78	59.77	84	1.08
1188	159.82	100.84	86	0.79
1189	39.47	79.5	85	1.14
1190	193.24	2.31	84	1.57
1191	190.97	13.5	85	1.35
1192	150.9	147.9	84	1.47
1193	170.35	142.32	85	0.67
1194	158.64	124.79	85	0.8
1195	136.62	25.81	84	1.95
1196	52.68	73.81	85	1.31
Period: 85
Tasks:10
id	x	y	end	c
1253	142.5	36.97	87	76.02
1254	91.39	124.83	89	26.28
1255	132.8	1.73	86	103.6
1256	172.54	34.38	87	97.82
1257	152.87	134.24	86	62.99
1258	16.77	54.5	92	94.86
1259	160.55	190	88	108.47
1260	144.8	185.15	85	96.22
1261	62.37	67.25	87	49.89
1262	1.42	171.6	88	121.84
Drivers: 17
id	x	y	end	sensitivity
1197	40.07	139.06	87	1.77
1198	159.41	154.37	88	1.98
1199	16.99	24.49	87	0.79
1200	134.02	61.24	86	0.87
1201	115.46	171.85	85	0.91
1202	86.27	111.87	86	1.36
1203	115.29	130.76	85	0.61
1204	148.19	71.26	86	1.93
1205	80.94	112.02	85	1.9
1206	35.59	0.7	86	1.18
1207	125.36	149.21	85	1.38
1208	177.67	155.93	86	1.07
1209	84.54	76.55	85	0.72
1210	119.46	73.74	86	1.42
1211	160.06	171.78	87	1.63
1212	131.35	157.53	85	1.48
1213	146.78	160.16	85	0.89
Period: 86
Tasks:11
id	x	y	end	c
1263	105.91	25.93	90	74.31
1264	83.88	131.63	87	35.5
1265	54.02	69.24	89	55.32
1266	119.81	144.8	89	48.98
1267	15.37	35.43	93	106.45
1268	35.55	73.33	89	69.75
1269	110.85	43.2	87	57.83
1270	80.56	109.56	88	21.66
1271	96.2	89.35	92	11.31
1272	165.96	101.21	90	65.97
1273	90.05	6.33	90	94.2
Drivers: 12
id	x	y	end	sensitivity
1214	87.73	112.35	87	0.67
1215	196.24	134.17	86	0.98
1216	105.08	164	86	1.64
1217	124.61	116.04	87	1.36
1218	175.36	97.4	88	1.94
1219	40.42	101.43	89	0.87
1220	138.76	132.21	89	1.48
1221	13.01	127.03	87	1.43
1222	108.56	15.04	86	0.59
1223	76.37	184.37	90	1.57
1224	162.95	143.79	87	1.79
1225	92.58	117.17	88	1.39
Period: 87
Tasks:21
id	x	y	end	c
1274	164.02	92.7	88	64.43
1275	119.02	186.83	89	88.89
1276	96.23	95.52	88	5.86
1277	189.62	183.73	90	122.65
1278	119.13	98.77	87	19.17
1279	176.76	166.21	89	101.37
1280	122.32	71.83	89	35.94
1281	125.11	110.95	90	27.39
1282	195.15	147.37	91	106.29
1283	59.68	60.01	89	56.79
1284	76.48	47.19	89	57.81
1285	28.89	193.76	90	117.68
1286	11.77	156.42	89	104.73
1287	173.49	57.73	91	84.78
1288	96.77	26.58	92	73.49
1289	142.11	127.8	88	50.46
1290	83.9	148.54	91	51.14
1291	61.29	193.43	89	101.13
1292	154.9	155.58	94	78.12
1293	145.07	115.31	92	47.6
1294	186.81	98.06	89	86.83
Drivers: 9
id	x	y	end	sensitivity
1226	136.97	75.55	88	1.4
1227	187.22	50.92	88	1.33
1228	146.46	13.6	87	1.96
1229	147.68	107.21	89	0.82
1230	57.87	9.11	89	1.23
1231	150.31	53.29	88	1.63
1232	131.98	134.07	87	1.46
1233	104.73	148.19	90	0.95
1234	32.26	124.43	90	1.27
Period: 88
Tasks:16
id	x	y	end	c
1295	147.99	158.27	89	75.49
1296	51.38	84.96	89	50.89
1297	17.12	138.83	89	91.53
1298	82.01	183.49	90	85.41
1299	50.81	184.61	93	97.87
1300	12.74	2.85	90	130.58
1301	183.98	84.17	90	85.46
1302	47.76	77.08	91	57.05
1303	190.94	13.24	89	125.69
1304	163.58	199.62	93	118.18
1305	102.76	1.68	90	98.36
1306	22.1	12.9	92	116.85
1307	197.46	50	91	109.54
1308	14.66	138.57	89	93.65
1309	182.52	127.5	90	86.98
1310	81.14	31.46	92	71.09
Drivers: 15
id	x	y	end	sensitivity
1235	192.91	146.69	88	1.17
1236	7.78	60.15	91	1.78
1237	96.05	190.84	89	0.97
1238	176.85	108.95	88	1.65
1239	106.76	130.26	90	0.8
1240	82.34	193.98	88	1.5
1241	82.29	100.03	88	1.52
1242	162.74	146.08	88	0.79
1243	97.27	99.64	88	1.22
1244	106.51	123.29	89	1.17
1245	54.77	180.64	91	1.49
1246	33.53	173.47	89	0.57
1247	44.72	125.03	89	1.86
1248	179.79	138.58	88	1.18
1249	195.58	124.95	90	1.64
Period: 89
Tasks:13
id	x	y	end	c
1311	41.73	66.58	93	67.17
1312	3.14	4.09	91	136.31
1313	71.5	192.75	90	97.03
1314	34.95	168.01	92	94.11
1315	149.1	41.4	92	76.45
1316	94.74	71.62	91	28.86
1317	56.53	90.24	93	44.55
1318	29.37	53.71	91	84.45
1319	175.21	2.4	93	123.22
1320	140.11	89.65	92	41.42
1321	23.6	160.65	91	97.55
1322	40.11	21.67	91	98.6
1323	197.36	186.43	92	130.19
Drivers: 14
id	x	y	end	sensitivity
1250	2.43	83.97	91	1.29
1251	160.43	116.16	89	1.58
1252	29.15	81.43	90	1.74
1253	135.33	88.58	90	0.54
1254	34.08	86.57	90	1.66
1255	146.43	71.42	91	1.83
1256	67.12	146.87	90	1.43
1257	195.36	149	90	1.38
1258	70.48	15.07	89	0.91
1259	144.95	14.14	90	0.63
1260	138.39	171.47	89	1.22
1261	98.12	5.09	90	0.6
1262	84.94	111.76	92	0.55
1263	180.21	118.1	90	0.53
Period: 90
Tasks:15
id	x	y	end	c
1324	123.41	63.13	94	43.67
1325	6.41	170.59	95	117.23
1326	22	4.81	98	123.07
1327	65.82	85.58	95	37.1
1328	51.13	131.53	94	58.16
1329	7.18	183.77	94	125.03
1330	183.63	183.67	92	118.3
1331	94.86	34.77	93	65.43
1332	189.09	88.11	93	89.88
1333	22.31	173.48	91	106.93
1334	105.68	45.54	91	54.76
1335	37.71	94.68	93	62.52
1336	96.98	153.38	93	53.47
1337	85.14	174.57	94	76.04
1338	48.88	81.34	90	54.42
Drivers: 16
id	x	y	end	sensitivity
1264	111.43	120.46	91	0.53
1265	94.89	77.89	92	1.07
1266	24.69	194.71	91	0.87
1267	57.92	43.46	90	0.87
1268	125.46	116.93	90	1.75
1269	4.86	11.08	91	1.83
1270	171.37	33.23	90	1.75
1271	38.26	8.8	92	0.53
1272	158.41	148.32	91	0.73
1273	85.64	191.54	90	1.46
1274	75.59	172.62	90	0.53
1275	35.52	159.76	90	0.93
1276	49.65	32.65	91	1.15
1277	118.78	59.33	90	1.25
1278	62.44	58.51	91	1.73
1279	0.84	157.3	90	0.76
Period: 91
Tasks:14
id	x	y	end	c
1339	37.67	67.26	91	70.41
1340	49.5	163.32	93	80.99
1341	43.29	41.54	92	81.45
1342	107.38	87.62	93	14.41
1343	39	47.46	94	80.51
1344	141.7	167.88	94	79.67
1345	112.67	148.46	94	50.09
1346	36.52	98.1	93	63.51
1347	177.5	13.88	96	115.86
1348	42.09	164.16	94	86.43
1349	181.15	57.94	96	91.4
1350	147.17	115.31	94	49.59
1351	4.38	64.78	92	101.9
1352	60.16	172.68	94	82.88
Drivers: 21
id	x	y	end	sensitivity
1280	92.22	133.89	92	1.39
1281	148.07	70.54	92	1.74
1282	71.8	59.78	92	1.92
1283	97.42	49.78	92	1.85
1284	103.51	165.3	91	1.94
1285	68.83	132.35	91	0.88
1286	157.44	164.45	91	1.95
1287	153.15	51.79	91	1.2
1288	142.98	101.94	91	1.86
1289	161.17	24.06	94	1.13
1290	102.17	156.38	91	0.64
1291	41.29	176.95	91	1.16
1292	182.54	116.86	92	1.72
1293	158.6	188.85	93	1.73
1294	172.14	92.96	92	1.67
1295	89.85	155.61	92	0.94
1296	69.42	99.21	91	1.48
1297	175.12	63.82	91	1.68
1298	172.87	186.38	92	1.02
1299	196.7	38.93	92	0.87
1300	148.32	22.03	92	1.04
Period: 92
Tasks:13
id	x	y	end	c
1353	59.68	14.13	95	94.86
1354	97.55	48.33	93	51.73
1355	17.49	95.38	95	82.64
1356	180.75	59.39	95	90.39
1357	124.05	7.41	97	95.66
1358	187.58	129.39	97	92.38
1359	122.46	11.99	99	90.83
1360	83.19	142.96	96	46.13
1361	110.27	180.53	97	81.18
1362	74.03	10	92	93.67
1363	18.28	118.6	94	83.81
1364	69.51	74.76	98	39.58
1365	103.69	60.4	96	39.77
Drivers: 21
id	x	y	end	sensitivity
1301	193.93	110.89	96	1.27
1302	16.73	127.26	92	1.3
1303	196.9	122.09	93	1.7
1304	15.01	174.62	92	1.74
1305	74.58	67.33	92	1.6
1306	75.15	177.21	95	1.98
1307	133.07	172.57	93	0.55
1308	115.8	123.04	93	1.59
1309	65.8	164.64	93	0.82
1310	154.44	20.08	92	1.48
1311	14.59	88.08	94	1.83
1312	74.96	118.72	93	1.61
1313	30.05	160.13	93	0.58
1314	55.77	31.44	94	0.53
1315	198.17	85.34	93	1.44
1316	157.31	117.1	93	1.61
1317	57.64	96.3	93	0.64
1318	133.36	92.8	92	1.57
1319	56.66	131.93	93	0.52
1320	109.15	96.7	92	1.69
1321	103.57	27.12	94	1.5
Period: 93
Tasks:12
id	x	y	end	c
1366	64.11	62.4	99	51.98
1367	95.89	91.51	93	9.43
1368	48.28	48.36	95	73.09
1369	50.84	88.35	93	50.52
1370	9.64	29.94	94	114.34
1371	183.97	124.8	94	87.56
1372	173.44	165.58	98	98.46
1373	14	142.05	100	95.73
1374	164.13	155.81	96	85.01
1375	107.93	179.47	96	79.86
1376	20.2	149.36	95	93.83
1377	98.75	137.07	96	37.09
Drivers: 16
id	x	y	end	sensitivity
1322	24.79	190.67	93	0.58
1323	57.49	131.21	93	1.68
1324	146.54	73.62	96	1.52
1325	18.61	78.88	94	0.56
1326	189.1	7.07	94	1.34
1327	70.5	141.41	94	1.26
1328	103.55	140.42	93	1.67
1329	197.65	64.25	93	0.95
1330	88.61	170.09	94	0.83
1331	1.91	80.29	94	1.08
1332	39.95	140.19	95	0.83
1333	36.64	68.85	93	1.28
1334	111.21	53.33	93	1.62
1335	107.9	96.56	93	0.67
1336	60.96	43.35	97	1.4
1337	58.28	195.37	93	0.6
Period: 94
Tasks:15
id	x	y	end	c
1378	36.29	50.11	96	80.92
1379	80.94	8.01	97	93.94
1380	55.03	132.4	96	55.43
1381	138.6	79.95	95	43.5
1382	70.98	23.93	97	81.42
1383	70.45	93.2	97	30.32
1384	98.68	19.93	98	80.08
1385	29.56	112.04	97	71.46
1386	21.01	70.35	99	84.37
1387	151.38	20.47	95	94.68
1388	190.13	45.77	99	105.19
1389	57.53	11.11	97	98.51
1390	44.2	0.51	97	114.07
1391	14.62	101.82	97	85.4
1392	164.73	184.55	94	106.48
Drivers: 15
id	x	y	end	sensitivity
1338	177.97	46.04	95	0.73
1339	54.17	38.14	94	1.08
1340	131.29	173.37	96	0.57
1341	199.21	108.99	95	1.09
1342	101.56	85.86	95	1.02
1343	53.6	59.74	94	1.82
1344	196.75	36.87	96	1.72
1345	37.29	6.9	97	1.59
1346	117.32	98.58	95	0.99
1347	26.68	14.99	94	1.22
1348	41.45	8.94	95	1.23
1349	59.22	110.62	94	1.27
1350	27.75	10.08	94	1.89
1351	95.88	37.49	96	0.52
1352	2.29	84.78	94	1.24
Period: 95
Tasks:17
id	x	y	end	c
1393	164.34	16.45	100	105.45
1394	155.8	68.35	97	64.15
1395	58.27	55.24	98	61.2
1396	41.91	32.5	97	89.05
1397	176.87	23.61	95	108.37
1398	36.36	194.16	96	113.65
1399	45.15	146.23	98	71.73
1400	37.02	155.07	95	83.66
1401	142.65	67.54	96	53.6
1402	196.6	115.79	100	97.88
1403	104.74	132.5	96	32.84
1404	142.63	173.88	97	85.3
1405	118.18	190.38	99	92.19
1406	45.12	181.26	99	98.06
1407	28.36	186.81	98	112.55
1408	182.79	199.1	96	129.13
1409	66.73	155.24	96	64.49
Drivers: 13
id	x	y	end	sensitivity
1353	56.75	34.72	95	1.98
1354	76.05	39.69	96	1.44
1355	70.85	178.34	96	1.2
1356	48.68	160.31	95	0.73
1357	127.73	185.09	95	1.56
1358	149.78	37.78	97	1.83
1359	67.89	65.95	95	1.21
1360	97.66	165.79	96	0.81
1361	98.77	50.49	95	1.57
1362	5.18	67.01	96	1.58
1363	42.99	50.44	95	0.77
1364	164.85	132.46	95	0.55
1365	164.5	156.03	95	0.89
Period: 96
Tasks:13
id	x	y	end	c
1410	82.14	128.53	98	33.66
1411	160.24	12.16	98	106.51
1412	7.24	84.13	99	94.11
1413	83.73	35.34	98	66.68
1414	79.54	66.85	99	38.96
1415	35.99	177.2	96	100.29
1416	186.93	16.2	97	120.74
1417	168.58	106.67	101	68.9
1418	18.55	70.21	100	86.73
1419	192.73	141.48	99	101.58
1420	185.59	189.96	100	124.17
1421	192.88	136.17	100	99.67
1422	36.29	30.57	99	94.23
Drivers: 16
id	x	y	end	sensitivity
1366	185.98	55.7	98	1.94
1367	161.96	34.83	97	1.36
1368	52.88	123.17	97	1.59
1369	68.73	102.21	97	1.99
1370	22.02	83.64	96	1.58
1371	45.35	59.18	96	1.03
1372	27.57	146.47	97	1.76
1373	103.56	84.43	99	1.28
1374	14.24	123.45	96	0.69
1375	153.66	128.89	96	1.56
1376	164.63	6.91	97	1.67
1377	57.79	103.76	98	0.81
1378	18.41	148.24	97	1.26
1379	75.51	157.12	96	1.56
1380	101.18	119.27	97	1.19
1381	90.77	147.73	98	1.95
Period: 97
Tasks:14
id	x	y	end	c
1423	127.37	153.46	100	60.06
1424	10.79	127.33	99	93.3
1425	136.26	117.82	99	40.4
1426	57.19	107.86	103	43.53
1427	23.45	173.36	98	106.03
1428	85.62	155.74	100	57.57
1429	119.34	87.75	100	22.89
1430	174.55	144.42	99	86.78
1431	68.12	188.08	101	93.67
1432	172.87	73.87	101	77.41
1433	124.82	52.69	100	53.43
1434	61.74	39.18	99	71.85
1435	172.83	186.71	98	113.24
1436	29.52	5.09	100	118.22
Drivers: 14
id	x	y	end	sensitivity
1382	160.62	133.18	97	1.67
1383	58.36	47.61	97	0.7
1384	186.82	133.16	99	0.77
1385	89.57	41.72	97	1.5
1386	45.89	56.01	97	0.7
1387	138.18	43.01	97	0.9
1388	107.56	124.67	98	1.12
1389	128.56	83.11	99	1.45
1390	102.08	83.1	100	0.56
1391	49.95	0.85	97	1
1392	98.67	134.31	98	0.96
1393	101.79	8.24	97	1.24
1394	61.39	111.41	99	1.42
1395	197.03	119.09	98	1.68
Period: 98
Tasks:24
id	x	y	end	c
1437	36.26	23.15	100	99.84
1438	121.47	80.45	103	29.04
1439	26.76	63.77	98	81.71
1440	111.4	28.5	100	72.4
1441	167.41	169.22	102	96.62
1442	72.26	119.43	99	33.87
1443	85.38	67.79	100	35.37
1444	166.45	171.64	102	97.71
1445	139.41	22.24	105	87.18
1446	18.86	81.32	102	83.26
1447	193.42	158.87	102	110.42
1448	70.84	115.28	99	32.92
1449	176.91	100.46	101	76.91
1450	61.46	78.07	102	44.34
1451	58.25	23.22	100	87.4
1452	170.58	104.6	102	70.73
1453	87.98	54.81	100	46.76
1454	9.69	44.58	100	105.96
1455	61.7	194.69	100	102.14
1456	83.04	188.21	100	89.83
1457	120.44	196.95	99	99.08
1458	65.65	167.59	102	75.82
1459	144.74	102.25	102	44.8
1460	66.8	162.47	103	70.74
Drivers: 15
id	x	y	end	sensitivity
1396	80.97	5.09	98	0.92
1397	157.84	77.24	98	0.86
1398	70.48	118.56	100	1.28
1399	4.98	7.26	99	0.58
1400	168.11	194.35	98	0.72
1401	162.61	168.07	98	1.57
1402	113.96	54.72	98	0.85
1403	179.89	148.35	100	0.97
1404	189.18	187.59	99	0.75
1405	87.97	60.85	101	0.88
1406	23.31	41.07	98	1.71
1407	56.03	140.16	98	1.83
1408	150.03	113.31	101	1.37
1409	27	100.99	98	1.51
1410	16.71	9.43	99	1.41
Period: 99
Tasks:24
id	x	y	end	c
1461	98.62	111.77	104	11.85
1462	155.88	182.95	99	100.02
1463	148.61	169.95	100	85.18
1464	114.16	113.58	102	19.62
1465	67.29	160.91	102	69.14
1466	45.36	123.58	101	59.51
1467	42.45	179.8	102	98.39
1468	13.97	124.09	102	89.34
1469	36.23	55.64	103	77.68
1470	178.08	179.36	103	111.33
1471	181.25	56.63	103	92.1
1472	109.14	34.81	103	65.83
1473	92.08	100.51	102	7.94
1474	75.05	14.32	100	89.24
1475	149.52	64.45	100	60.96
1476	197.49	178.14	101	124.94
1477	184.6	197.28	104	128.92
1478	175.09	150.12	103	90.28
1479	118.73	185.13	102	87.17
1480	186.34	180.28	99	117.9
1481	129.68	165.54	101	71.95
1482	176.67	122.63	102	79.94
1483	187.57	56.5	105	97.78
1484	95.07	31.41	101	68.77
Drivers: 19
id	x	y	end	sensitivity
1411	37.66	127.06	100	1.2
1412	104.58	98.58	100	1.27
1413	111.06	121.46	102	0.76
1414	10.38	28.56	102	1.76
1415	75.32	124.37	100	0.53
1416	4.15	19.01	100	1.63
1417	139.55	160.31	100	1.32
1418	144.59	138.26	99	0.86
1419	69.44	191.06	99	0.76
1420	83.42	41.11	101	1.8
1421	128	87.61	99	1.72
1422	79.02	43.67	100	1.21
1423	72	18.42	99	1.99
1424	36.27	115.38	102	1.89
1425	109.06	159.31	100	1.47
1426	165.73	129.66	100	1.77
1427	26.15	140.24	101	0.98
1428	66.96	147.49	99	0.84
1429	81.1	198.99	99	1.87
Period: 100
Tasks:10
id	x	y	end	c
1485	186.78	41.11	101	104.88
1486	150.66	100.16	102	50.66
1487	75.08	171.48	103	75.7
1488	11.15	71.28	105	93.38
1489	102.48	138.61	101	38.69
1490	64.35	36.89	102	72.48
1491	90.32	101.6	104	9.81
1492	37.72	118.89	102	65.08
1493	94.07	69.56	104	31.01
1494	106.78	179.38	101	79.67
Drivers: 19
id	x	y	end	sensitivity
1430	42.51	139.92	101	1.54
1431	142	197.64	102	1.6
1432	157.41	17.31	100	1.24
1433	132.9	0.43	100	1.68
1434	122.03	100.19	101	1.39
1435	109.93	147.85	100	1.92
1436	76.93	105.8	101	1.52
1437	120.6	38.63	100	1.6
1438	117.71	135.18	100	1.24
1439	36.12	33.62	100	1.81
1440	34.6	173.53	100	1.83
1441	148.37	21.52	102	1.17
1442	58.08	42.18	101	0.73
1443	81.25	124.13	103	1.89
1444	111	80.04	102	1.5
1445	4.12	79.73	101	1.28
1446	65.81	58.54	101	1.99
1447	115.47	70.09	101	1.86
1448	73.82	7.65	101	1.77
