Periods: 100
Task Arrival Rate: 15
Task Average Time: 2
Driver Arrival Rate: 5
Driver Average Time: 1
Period: 1
Tasks:10
id	x	y	end	c
1	123.84	69.29	3	38.88
2	41.05	195.11	3	111.9
3	92.45	144.23	3	44.87
4	196.09	196.28	2	136.03
5	165.69	141.69	3	77.8
6	173.99	100.74	3	73.99
7	63.25	71.51	3	46.5
8	190.38	111.87	2	91.16
9	43.07	165.52	7	86.8
10	150.86	28.24	3	87.96
Drivers: 4
id	x	y	end	sensitivity
1	24.67	86.22	1	1.31
2	138.17	177.5	1	1.15
3	70.71	148.72	1	1.47
4	119.41	9.54	1	0.81
Period: 2
Tasks:14
id	x	y	end	c
11	145.08	51.33	2	66.34
12	133.93	69.43	4	45.67
13	68.92	112.26	3	33.41
14	51.37	75.77	4	54.33
15	62.78	26.15	5	82.7
16	41.2	59.27	3	71.53
17	5.31	151.48	6	107.78
18	142.79	119.19	4	46.9
19	60.23	96.33	6	39.94
20	58.75	66.68	2	53.03
21	58.22	121.71	7	47.08
22	74.92	175.37	4	79.43
23	2.16	126.42	5	101.34
24	159.87	149.59	4	77.74
Drivers: 4
id	x	y	end	sensitivity
5	149.16	118.26	3	1.77
6	101.07	121.49	5	1.99
7	58.09	82.21	3	1.87
8	89.54	57.61	4	1.35
Period: 3
Tasks:13
id	x	y	end	c
25	15.18	194.53	5	127.01
26	166.31	184.16	6	107.14
27	12.58	22.07	3	117.11
28	193.85	167.07	5	115.35
29	97.87	27.18	8	72.85
30	172.83	10.51	4	115.38
31	118.04	120.9	3	27.61
32	15.36	82.13	6	86.51
33	10.43	12.88	6	124.95
34	190.22	16.41	5	122.99
35	120.62	72.22	4	34.6
36	8.02	172.72	7	117.25
37	108.28	107.26	5	11.01
Drivers: 7
id	x	y	end	sensitivity
9	106.72	131.06	3	1.63
10	158.44	42.16	3	1.99
11	165.78	164.34	4	1.84
12	84.44	187.75	3	1.38
13	61.11	23.21	5	0.62
14	2.83	105.78	3	1.52
15	32.15	100.94	4	1.61
Period: 4
Tasks:24
id	x	y	end	c
38	163.53	182.78	6	104.35
39	134.82	5.08	4	101.11
40	184.47	143.03	6	94.8
41	164.45	10.49	7	110.3
42	127.91	57.2	4	51.1
43	21.92	50.61	5	92.39
44	119.39	146.13	5	50.04
45	89.19	94.42	7	12.17
46	147.99	49.46	5	69.69
47	177.94	168.35	6	103.66
48	5.19	71.79	5	98.92
49	53.31	98.54	5	46.71
50	184.39	153.46	6	99.9
51	143.76	9.39	6	100.62
52	136.73	165.74	4	75.3
53	68.79	120.12	4	37.13
54	37.75	67.2	9	70.36
55	120.13	81.81	7	27.13
56	122.02	187.03	6	89.77
57	12.12	1.66	7	131.88
58	111.21	95.16	5	12.21
59	149.59	33.17	7	83.22
60	174.77	127.74	9	79.75
61	161.03	94.12	4	61.31
Drivers: 6
id	x	y	end	sensitivity
16	23.67	60.89	6	0.85
17	119.68	168.6	7	1.79
18	165.49	36.63	5	1.2
19	167.87	107.62	4	1.99
20	63.1	86.86	6	0.56
21	1.3	84.27	5	0.53
Period: 5
Tasks:17
id	x	y	end	c
62	81.7	144.64	7	48.25
63	143.33	42.33	11	72.13
64	85.59	107.42	5	16.21
65	82.87	87.92	5	20.96
66	82.19	123.79	5	29.72
67	22.23	11.45	5	117.85
68	190.1	28.75	7	114.87
69	39.46	74.38	7	65.74
70	107.29	152.91	6	53.41
71	154.31	27.86	9	90.3
72	76.79	106.2	6	24.02
73	56.08	149.4	9	66.1
74	168.21	62.71	5	77.74
75	21.22	61.82	7	87.54
76	118.52	164.58	7	67.18
77	80.32	130.92	5	36.65
78	92.39	173.35	6	73.74
Drivers: 6
id	x	y	end	sensitivity
22	36.52	73.42	5	1.3
23	83.23	32.21	6	1.98
24	57.95	152.79	5	1.79
25	72.93	35.33	5	1.47
26	185.67	10.62	6	1.65
27	46.34	92.74	6	0.95
Period: 6
Tasks:16
id	x	y	end	c
79	40.08	150.2	6	78.17
80	34.83	139.55	11	76.23
81	156.94	146.58	7	73.57
82	9.68	187.34	7	125.64
83	169.31	50.91	7	84.93
84	31.37	196.2	8	118.17
85	6.49	19.02	7	123.7
86	51.9	13.4	11	99.06
87	3.65	6.4	6	134.33
88	175.11	196.67	8	122.42
89	77.96	173.6	8	76.83
90	39.02	17.69	10	102.44
91	166.34	141.02	9	78
92	55.5	32.24	7	81.07
93	95.1	124	9	24.5
94	181.32	138.96	7	90.17
Drivers: 4
id	x	y	end	sensitivity
28	172.36	186.97	8	0.87
29	96.81	173.99	8	1.77
30	4.95	55.9	7	1.9
31	42.6	154.76	7	0.66
Period: 7
Tasks:18
id	x	y	end	c
95	184.05	59.86	9	93.14
96	73.58	80.34	9	32.93
97	65.3	141.67	11	54.23
98	22.7	150.42	8	92.29
99	79.6	141.94	11	46.64
100	177.13	135.29	8	84.82
101	9.02	17.4	11	122.88
102	194.09	0.19	7	137.17
103	148.44	152.4	8	71.36
104	14.57	43.82	11	102.25
105	7.6	38.61	8	110.93
106	185.19	168.1	8	109.06
107	80.14	191.25	9	93.39
108	26.96	39.07	8	95.12
109	185.6	31.75	10	109.48
110	33.83	45.71	10	85.59
111	49.49	55.74	11	67.16
112	16.16	33.66	8	106.91
Drivers: 4
id	x	y	end	sensitivity
32	48.47	64.39	7	1.58
33	8.58	174.15	9	1.48
34	134.61	92.31	7	1.32
35	100.85	144.22	8	0.57
Period: 8
Tasks:12
id	x	y	end	c
113	188.75	103.99	11	88.84
114	95.6	1.75	13	98.35
115	191.91	41.47	10	108.96
116	43.71	163.76	11	85.05
117	43.03	174.28	9	93.61
118	47	24.59	9	92.17
119	120.42	87.97	9	23.7
120	133.84	89.85	9	35.33
121	110.49	192.52	9	93.11
122	181.43	196.73	9	126.44
123	98.7	62.51	9	37.51
124	142.23	185.61	10	95.46
Drivers: 5
id	x	y	end	sensitivity
36	182.61	96.53	8	0.61
37	158.07	13.29	8	0.99
38	187.29	133.28	8	0.68
39	54.57	51	11	1.31
40	14.41	6.79	8	1.94
Period: 9
Tasks:20
id	x	y	end	c
125	41.86	41.45	10	82.51
126	93.73	27.27	11	73
127	46.64	60.41	10	66.44
128	167.24	135.75	11	76.15
129	58.19	22.93	10	87.68
130	92.36	195.97	13	96.27
131	179.1	98.07	13	79.12
132	108.56	83	12	19.03
133	79.28	137.07	14	42.47
134	53.46	59.92	9	61.42
135	20.64	53.34	11	92.06
136	181.17	133.37	13	87.76
137	10.62	33.37	13	111.48
138	76.17	87.67	12	26.83
139	75.71	40.19	14	64.55
140	50.82	127.9	11	56.54
141	197	89.07	11	97.61
142	75.26	17.72	9	85.92
143	65.95	61.31	9	51.54
144	71.75	14.03	11	90.49
Drivers: 9
id	x	y	end	sensitivity
41	12.95	176.26	9	0.53
42	29.39	79.53	10	1.3
43	55.67	172.39	10	1.99
44	171.17	95.13	9	1.38
45	61.19	133.66	9	1.31
46	78	114.25	10	1.12
47	80.02	125.06	10	0.91
48	195.92	160.78	9	1.43
49	183.17	24.11	10	1.07
Period: 10
Tasks:17
id	x	y	end	c
145	172.45	24.18	11	104.87
146	51.7	63.26	10	60.69
147	119.17	198.3	12	100.15
148	48.65	40.22	11	78.81
149	93.79	85.13	12	16.11
150	31.88	24.59	12	101.62
151	120.27	35.33	10	67.77
152	157.45	157.89	14	81.56
153	41.94	53.07	11	74.66
154	137.12	107.26	12	37.82
155	139.43	179.05	11	88.34
156	88.31	66.39	10	35.58
157	176.09	36.04	12	99.4
158	67.4	154.82	11	63.78
159	53.94	163.05	13	78.08
160	82.66	176.82	13	78.75
161	108.25	113.31	11	15.66
Drivers: 10
id	x	y	end	sensitivity
50	109.7	152.18	14	1
51	16.84	199.55	10	1.36
52	81.48	19.25	13	1.63
53	54.91	161.56	10	1.92
54	130.36	113.68	11	1.42
55	104.13	95.68	11	0.68
56	98.28	106.37	14	1.84
57	101.6	139.82	11	1.45
58	187.73	25.59	12	1.51
59	112.47	102.44	10	1.18
Period: 11
Tasks:7
id	x	y	end	c
162	69.61	109.53	18	31.85
163	112.74	173.8	13	74.89
164	49.03	27.47	12	88.65
165	156.14	180.08	12	97.8
166	110.37	20.26	15	80.41
167	115.03	145.89	12	48.29
168	137.45	117.62	13	41.39
Drivers: 1
id	x	y	end	sensitivity
60	92.65	105.85	13	1.58
Period: 12
Tasks:10
id	x	y	end	c
169	128.86	9.94	13	94.57
170	88.64	11.4	15	89.33
171	30.25	83.92	14	71.58
172	150.1	6.02	15	106.5
173	112.91	172.04	15	73.19
174	36.67	140.81	15	75.34
175	175.56	165.69	13	100.12
176	41.83	27.32	13	93.09
177	136.3	103.95	12	36.51
178	74.15	49.99	15	56.3
Drivers: 4
id	x	y	end	sensitivity
61	57.54	103.71	13	0.98
62	107.92	84.72	12	1.43
63	130.62	4.26	13	0.97
64	174.85	56.6	14	2
Period: 13
Tasks:19
id	x	y	end	c
179	133.07	113.38	13	35.67
180	22.21	134.16	15	84.96
181	53.77	127.07	16	53.57
182	165.45	121.52	15	68.9
183	182.68	25.71	15	111.15
184	173.81	104.91	14	73.97
185	156.38	177.32	13	95.69
186	34.81	15.2	14	106.96
187	98.04	75.53	14	24.55
188	133.88	144.63	14	56.03
189	113.7	138.31	17	40.69
190	23.99	47.8	15	92.21
191	4.36	198.19	17	137.07
192	166.28	184	16	107
193	47.06	28.39	17	89.05
194	37.48	167.43	17	91.95
195	99.62	148.73	14	48.73
196	189.72	100.78	15	89.72
197	13.56	173.01	13	113.15
Drivers: 5
id	x	y	end	sensitivity
65	93.74	186.63	14	0.6
66	190.02	148.65	14	1.57
67	19.53	185.44	14	0.93
68	101.33	88.52	14	1.27
69	64.9	12.55	16	0.77
Period: 14
Tasks:19
id	x	y	end	c
198	13.97	2.33	15	130.16
199	102.88	133.17	16	33.29
200	87.99	121.2	15	24.37
201	104.23	57.18	14	43.03
202	28.81	173.91	16	102.62
203	1.98	108.58	18	98.39
204	195.92	6.52	15	133.94
205	178.67	50.47	16	92.96
206	101.97	41.14	14	58.89
207	83.55	87.17	15	20.86
208	40.73	159.74	17	84.15
209	62.14	71.03	17	47.67
210	164.57	120.48	17	67.74
211	75.42	130.42	15	39.11
212	121.09	99.31	16	21.1
213	121.07	116.92	17	27.02
214	156.3	89	15	57.36
215	199.46	134.22	16	105.18
216	98.19	130.79	15	30.84
Drivers: 13
id	x	y	end	sensitivity
70	53.44	187.86	14	0.58
71	134.59	190.42	15	0.93
72	177.22	176.74	14	1.34
73	30.33	133.07	15	1.9
74	131.43	124.62	16	1.8
75	136.89	68.1	14	0.91
76	120.24	195.88	14	1.14
77	11.84	193.17	15	0.96
78	180.03	192	15	1.48
79	118.94	101.71	16	1.37
80	91.7	150.8	15	0.85
81	182.87	64.18	16	0.58
82	91.54	113.74	15	0.94
Period: 15
Tasks:25
id	x	y	end	c
217	192.3	112.99	18	93.21
218	0.99	19.26	15	127.76
219	171.89	59.98	18	82.28
220	65.18	168.65	16	76.98
221	120.11	187.9	20	90.17
222	83.27	116.88	18	23.77
223	71.3	10.54	19	93.95
224	106.77	159.74	17	60.12
225	199.16	128.02	16	103.04
226	81.87	25.62	20	76.56
227	15.3	124.17	15	88.08
228	168.29	29.81	15	97.93
229	180.64	39.59	18	100.76
230	109.13	98.02	16	9.34
231	1.72	124.48	18	101.28
232	116.43	17.47	17	84.15
233	49.76	126.97	16	57.02
234	171.66	33.54	18	97.73
235	31.19	21.39	17	104.47
236	89.71	44.79	16	56.16
237	162.87	17.74	18	103.53
238	109.23	104.38	17	10.22
239	79.12	3.56	16	98.67
240	168.92	110.67	15	69.74
241	28.59	90.93	19	71.98
Drivers: 3
id	x	y	end	sensitivity
83	114.99	47.55	15	1.44
84	140.51	69.72	15	1.17
85	73.55	87.96	16	1.84
Period: 16
Tasks:16
id	x	y	end	c
242	18.91	184.96	20	117.45
243	163.19	191.14	17	110.9
244	125.48	165.79	17	70.55
245	70.07	149.33	17	57.7
246	26.35	179.4	17	108.3
247	52.42	51.22	18	68.14
248	133.84	171.44	17	79.05
249	55.19	21.73	18	90.19
250	196.23	104.79	17	96.35
251	6.55	66.84	16	99.16
252	34.35	18.8	18	104.42
253	62.04	142.52	17	57
254	164.04	178.7	17	101.46
255	84.07	97.32	18	16.15
256	183.33	108.09	19	83.72
257	147.87	114.44	18	50
Drivers: 7
id	x	y	end	sensitivity
86	179.7	62.84	18	1.61
87	97.86	37.2	16	1.48
88	78.8	23.99	17	1.07
89	148.21	7.91	16	0.66
90	116.22	11.24	18	1.01
91	52.39	191.51	17	1.14
92	142.24	50.26	16	1.26
Period: 17
Tasks:17
id	x	y	end	c
258	42.69	140.83	17	70.37
259	186.18	2.57	19	130.08
260	117.27	107.77	18	18.94
261	21.59	15.43	18	115.33
262	31.77	91.17	18	68.8
263	154.3	13.04	19	102.52
264	62.96	141.22	19	55.42
265	163.96	72.05	18	69.8
266	6.52	2.47	19	135.09
267	87.23	190.31	22	91.21
268	139.49	185.51	19	94.19
269	60.21	49.39	18	64.38
270	187.42	160.25	19	106.17
271	73.13	79.42	18	33.85
272	5.91	168.71	21	116.51
273	185.33	95.74	17	85.44
274	77.88	37.17	20	66.61
Drivers: 8
id	x	y	end	sensitivity
93	45.63	195.76	18	0.58
94	34.99	115.51	19	1.06
95	73.92	21.41	19	0.72
96	4.93	178.39	19	0.81
97	82.6	112.85	17	1.65
98	170.83	125.26	17	1.55
99	89.99	25.86	18	1.98
100	138.77	33.69	17	0.52
Period: 18
Tasks:13
id	x	y	end	c
275	33.61	95.28	19	66.56
276	82.12	71.14	22	33.95
277	35.31	56.32	20	78.06
278	33.56	55.37	21	80.04
279	79.53	150	19	54.03
280	86	108.66	20	16.46
281	50.75	3.33	19	108.49
282	168.04	122.68	19	71.72
283	79.06	5.89	19	96.41
284	165.18	47.53	18	83.68
285	191.32	41.65	21	108.37
286	10.42	170.45	21	113.96
287	107.57	110.21	22	12.71
Drivers: 10
id	x	y	end	sensitivity
101	189	145.48	19	0.62
102	74.23	176.06	18	1.53
103	42.85	104.13	20	1.22
104	62.38	119.93	19	1.32
105	156.41	165.89	20	0.79
106	64.91	117.85	19	1.83
107	144.89	35.9	19	1.84
108	111.79	159.87	20	1.3
109	170.83	41.16	18	1.61
110	5.62	125.9	20	0.89
Period: 19
Tasks:17
id	x	y	end	c
288	198.74	170.04	20	121.06
289	106.79	94.63	22	8.66
290	126.09	144.74	22	51.79
291	148.23	54.14	21	66.55
292	199.21	106.73	21	99.44
293	104.34	139.99	21	40.22
294	136.92	19.39	21	88.66
295	60.66	123.19	26	45.67
296	147.34	167.53	21	82.47
297	175.38	145.68	23	88.14
298	187.5	40.18	20	105.99
299	189.77	191.52	21	128.2
300	117.89	169.88	22	72.13
301	139.5	147.15	22	61.51
302	91.88	121.02	19	22.53
303	96.91	123.56	23	23.76
304	29.69	118.94	20	72.82
Drivers: 7
id	x	y	end	sensitivity
111	126.91	101.6	20	0.77
112	27.26	164.73	20	0.77
113	184.34	94.5	21	0.91
114	95.2	158.32	19	1.44
115	135.12	59.83	19	1.56
116	12.7	175.99	20	1.23
117	124.47	190.85	21	0.83
Period: 20
Tasks:13
id	x	y	end	c
305	13.58	145.31	23	97.58
306	165.59	137.38	22	75.49
307	154.47	94.55	23	54.74
308	72.58	144.38	21	52.17
309	0.28	13.69	22	131.88
310	160.03	13.11	21	105.61
311	196.88	30.42	22	119.28
312	109.48	35.98	21	64.72
313	81.54	133.88	23	38.58
314	154.41	129.88	21	62.07
315	31.66	63.39	23	77.53
316	48.63	78.27	23	55.78
317	71.77	120.49	26	34.88
Drivers: 2
id	x	y	end	sensitivity
118	111.98	102.76	20	1.51
119	40.82	26.27	21	1.77
Period: 21
Tasks:20
id	x	y	end	c
318	45.95	41.56	22	79.6
319	150.1	14.49	23	99.11
320	141.24	21.74	21	88.46
321	34.94	123.99	22	69.34
322	131.14	197.75	24	102.59
323	16.77	188.38	24	121.4
324	171.83	143.42	22	83.93
325	47.11	186.87	24	101.7
326	56.92	88.98	22	44.47
327	2.94	87.66	22	97.84
328	71.96	142.53	24	50.94
329	162.73	118.6	27	65.43
330	113.49	145.64	24	47.59
331	160.21	169.81	23	92.19
332	11.22	25.22	21	116.08
333	169.23	15.73	23	109.06
334	4.08	73.42	24	99.53
335	20.24	182.68	23	114.88
336	95.06	189.96	23	90.1
337	92.63	27.45	22	72.92
Drivers: 5
id	x	y	end	sensitivity
120	39.7	185.74	24	1.28
121	115.83	73.81	23	0.7
122	55.72	174.78	23	1.12
123	38.97	155.51	22	0.89
124	4.82	197.38	22	1.16
Period: 22
Tasks:8
id	x	y	end	c
338	120.02	11.69	22	90.55
339	188.59	161.83	23	108.03
340	161.5	44.35	24	82.94
341	171.34	95.31	23	71.49
342	182.04	142.86	22	92.56
343	183.68	165.93	26	106.53
344	98.19	157.56	23	57.59
345	160.8	142.68	22	74.28
Drivers: 6
id	x	y	end	sensitivity
125	136.88	115.37	26	0.85
126	82.1	69.66	23	2
127	88.44	65.15	22	1.75
128	128.15	42.34	24	1.36
129	36.33	123.74	23	0.9
130	181.08	45.29	24	0.6
Period: 23
Tasks:19
id	x	y	end	c
346	4.26	184.74	23	127.86
347	103	79.04	25	21.17
348	94.26	198.53	25	98.7
349	91.28	158.43	26	59.08
350	44.18	147.5	24	73.29
351	188.39	94.18	23	88.58
352	21.28	111.82	26	79.6
353	133.61	69.48	27	45.4
354	21.07	180.16	24	112.5
355	9.85	93.97	24	90.35
356	52.81	38.47	26	77.54
357	145.14	70.37	24	54
358	54.42	77.25	23	50.94
359	157.26	21.57	24	97.11
360	186.36	11.3	29	123.8
361	15.13	152.47	24	99.78
362	20.4	71.88	26	84.42
363	120.06	49.81	25	54.05
364	25.81	47.61	24	90.82
Drivers: 3
id	x	y	end	sensitivity
131	12.7	114.8	23	1.22
132	104.77	81.11	23	1.82
133	51.58	120.05	23	0.61
Period: 24
Tasks:18
id	x	y	end	c
365	40.81	181.21	25	100.49
366	64	44.93	25	65.79
367	123.96	69.25	26	38.98
368	6.67	56.01	25	103.18
369	40.33	9.22	26	108.63
370	7.77	100.47	28	92.23
371	125.48	142.51	25	49.56
372	89.04	124.24	25	26.6
373	186.74	189.15	25	124.38
374	104.79	120.88	24	21.42
375	40.39	133.77	28	68.51
376	132.16	173.76	26	80.47
377	192.12	93.35	28	92.36
378	36.65	149.26	24	80.25
379	128.39	158.21	25	64.76
380	65.23	2.81	26	103.22
381	63.98	51.78	26	60.19
382	80.89	170.49	26	73.03
Drivers: 2
id	x	y	end	sensitivity
134	35.34	17.02	24	0.56
135	60.14	4.3	24	1.99
Period: 25
Tasks:15
id	x	y	end	c
383	97.29	66.28	28	33.83
384	67.42	47.46	31	61.82
385	41.8	183.01	27	101.38
386	193.08	95.72	27	93.18
387	184.93	193.12	27	126.03
388	187.41	78.01	26	90.13
389	32.52	113.91	26	68.9
390	20.29	40.27	28	99.61
391	65.7	106.3	28	34.87
392	93.57	30.35	26	69.95
393	66.94	93.03	26	33.79
394	156.65	19.62	28	98.34
395	154.49	161.46	26	82.14
396	90.96	108.81	27	12.62
397	31.85	78.8	29	71.37
Drivers: 5
id	x	y	end	sensitivity
136	141.66	197.69	25	1.25
137	99.55	3.65	25	1.09
138	16.35	87.59	25	1.59
139	73.15	99.71	26	0.96
140	120.81	36.31	26	1.94
Period: 26
Tasks:11
id	x	y	end	c
398	27.03	74.03	30	77.45
399	75.7	77.1	29	33.39
400	6.62	118.93	28	95.28
401	35.15	143.73	26	78.22
402	30.6	156.99	28	89.8
403	185.63	48.07	29	100.15
404	123.23	168.63	29	72.45
405	146.63	4.61	27	106.18
406	136.32	61.92	28	52.62
407	152.62	90.35	28	53.5
408	158.24	140.96	26	71.2
Drivers: 4
id	x	y	end	sensitivity
141	101.73	125.21	28	0.78
142	72.64	165.32	28	0.78
143	137.21	164.79	26	0.76
144	181.46	101.33	26	1.98
Period: 27
Tasks:16
id	x	y	end	c
409	65.97	172.35	27	79.95
410	19.54	195.15	29	124.61
411	106.13	40.06	28	60.25
412	162.58	38.45	28	87.78
413	188.79	66.46	28	94.91
414	68.16	30.19	27	76.73
415	57.25	104.63	27	43
416	173.47	91.31	31	73.98
417	166.27	90.26	29	66.98
418	184.3	110.47	29	84.95
419	61.63	167.46	28	77.61
420	12.73	179.35	27	117.95
421	116.78	39.38	29	62.9
422	15.05	154.56	28	100.96
423	78.04	1.2	28	101.21
424	49.78	179.13	27	93.72
Drivers: 6
id	x	y	end	sensitivity
145	8.2	34.12	28	0.57
146	170.71	184.28	28	1.08
147	125.42	130.03	30	1.07
148	54.19	34.49	28	1.37
149	131.84	107.54	29	1.28
150	7.34	55.3	27	0.62
Period: 28
Tasks:22
id	x	y	end	c
425	177.27	152.04	31	93.16
426	46.43	66.39	32	63.24
427	162.89	88.46	31	63.94
428	177.18	192.53	28	120.49
429	17.89	98.54	32	82.12
430	60.36	39.34	29	72.46
431	114.36	127.76	30	31.25
432	48.16	6.81	31	106.64
433	148.19	154.56	29	72.79
434	178.19	102.88	29	78.24
435	0.34	109.8	28	100.14
436	32.77	136.32	31	76.41
437	129.22	128.29	33	40.67
438	21.66	162.54	28	100.24
439	35.83	137.82	33	74.49
440	99.24	180.14	30	80.14
441	157.68	113.42	29	59.22
442	89.32	45.21	29	55.82
443	11.45	151.4	30	102.39
444	91.97	103.72	29	8.85
445	24.59	187.34	32	115.39
446	81.72	169.78	32	72.13
Drivers: 8
id	x	y	end	sensitivity
151	48.02	171.05	29	1.69
152	172.84	12.08	28	0.68
153	75.74	64.79	29	1.72
154	41	196.84	29	1.37
155	173.62	21.12	28	0.97
156	49.45	58.56	31	0.7
157	98.98	55.69	29	1.61
158	118.73	107.66	29	1.56
Period: 29
Tasks:15
id	x	y	end	c
447	27.01	161.81	33	95.65
448	199.89	22.77	31	126.26
449	194.44	191.38	31	131.41
450	73.9	78.29	30	33.95
451	122.3	98.96	31	22.32
452	59.85	5.55	32	102.63
453	89.81	107.87	33	12.88
454	76.22	20.85	34	82.65
455	115.32	167.92	31	69.63
456	17.86	44.02	34	99.4
457	41.72	148.88	32	76.06
458	103.39	199.89	30	99.95
459	159.45	127.97	30	65.7
460	146.46	156.76	30	73.35
461	178.47	7.78	31	121.09
Drivers: 10
id	x	y	end	sensitivity
159	176.16	190.44	30	1.99
160	51.88	108.93	30	1.64
161	31.8	79.36	30	1.64
162	54.34	143.07	31	1.91
163	125.24	120.35	30	1.7
164	133.21	9.55	29	1
165	72.74	176.5	29	1.99
166	183.82	113.28	30	1.75
167	183.4	1.72	29	1.47
168	88.11	140.57	31	0.8
Period: 30
Tasks:13
id	x	y	end	c
462	173.83	129.62	31	79.55
463	187.72	170.23	32	112.37
464	123.97	168.32	32	72.4
465	158.05	177.99	34	97.22
466	149.05	93.84	32	49.44
467	187.44	133.04	31	93.47
468	79.44	7.98	31	94.29
469	116.65	85.44	32	22.12
470	159.59	167.78	33	90.25
471	5.34	102.33	33	94.69
472	87.78	35.07	32	66.07
473	2.7	55.16	32	107.14
474	127.16	146.81	31	54.12
Drivers: 4
id	x	y	end	sensitivity
169	125.36	73.74	30	1.8
170	164.86	6.81	30	1.09
171	196.39	85.14	31	1.93
172	160.25	97.33	30	0.53
Period: 31
Tasks:19
id	x	y	end	c
475	16.79	55.99	34	94.13
476	156.77	186.98	34	103.87
477	119.74	130.47	33	36.31
478	81.24	94.46	32	19.56
479	198.08	95.42	35	98.19
480	9.63	102.48	34	90.4
481	172.13	76.65	32	75.82
482	55.07	81.72	35	48.51
483	42.82	190.88	34	107.37
484	87.66	114.38	34	18.95
485	107.47	141	33	41.67
486	46.74	134.8	34	63.62
487	78.5	165.28	35	68.73
488	117.83	160.98	33	63.53
489	17.07	112.48	33	83.86
490	160.14	153.89	32	80.75
491	50.78	108.03	35	49.87
492	61.33	180.87	33	89.64
493	43.78	88.22	31	57.44
Drivers: 7
id	x	y	end	sensitivity
173	192.12	70.61	36	0.93
174	156.27	57.1	32	1.2
175	100.84	134.51	32	0.62
176	3.96	96.67	32	1.93
177	13.95	25.15	31	0.68
178	104.78	13.75	32	1.62
179	92.82	5.55	31	1.63
Period: 32
Tasks:13
id	x	y	end	c
494	37.8	142.21	32	75.17
495	98.38	81.71	34	18.36
496	14.83	13.89	35	121.12
497	121.24	13.71	34	88.87
498	188.75	55.32	34	99.36
499	13.72	127.82	35	90.65
500	10	106.23	35	90.22
501	4.57	162.01	36	113.81
502	111.22	31.8	36	69.12
503	151.24	51.81	37	70.34
504	191.19	171.37	33	115.8
505	160.25	182.7	33	102.32
506	22.38	120.52	34	80.29
Drivers: 5
id	x	y	end	sensitivity
180	18.87	5.62	34	0.8
181	128.04	151.97	33	1.99
182	10.82	97.37	32	1.16
183	154.02	186.47	33	0.96
184	110.37	10.48	33	1.2
Period: 33
Tasks:15
id	x	y	end	c
507	9.3	86.36	34	91.72
508	44.63	170.75	34	89.84
509	22.27	192.72	36	120.99
510	1.5	96.68	37	98.56
511	103.78	103.53	35	5.17
512	47.94	18.67	33	96.57
513	123.48	18.06	33	85.24
514	90.68	134.98	36	36.2
515	147.12	152.22	36	70.34
516	152.33	124.22	33	57.66
517	126.13	180.53	35	84.66
518	56.39	167.08	34	80.01
519	198.96	145.83	35	109.06
520	194.79	134.1	39	100.74
521	157.87	139.92	35	70.3
Drivers: 4
id	x	y	end	sensitivity
185	81.2	44.09	35	1.67
186	62.57	127.39	34	1.66
187	86.39	64.09	34	0.77
188	101.26	198.16	34	1.09
Period: 34
Tasks:17
id	x	y	end	c
522	85.08	124.29	35	28.51
523	103.75	15.37	36	84.71
524	132.34	16.59	35	89.46
525	65.91	2.22	36	103.55
526	65.25	102.33	38	34.83
527	171.09	32.3	37	98.17
528	52.51	100.59	34	47.49
529	165.48	19.03	35	104.13
530	8.37	151.65	36	105.18
531	29.75	65.22	35	78.39
532	151.72	184.85	35	99.37
533	117.84	164.19	36	66.62
534	100.43	57.04	35	42.96
535	140.25	106.28	35	40.74
536	179.3	28.05	34	107.08
537	95.81	135.17	39	35.42
538	11.4	196.7	35	131.15
Drivers: 7
id	x	y	end	sensitivity
189	89.41	31.47	36	1.25
190	27.98	64.59	37	0.83
191	121.05	37.44	35	1.07
192	168.65	24.75	34	1.83
193	43.45	114.88	36	1.28
194	161.62	159.29	36	0.78
195	3.3	31.82	34	1.69
Period: 35
Tasks:14
id	x	y	end	c
539	108.93	86.33	35	16.33
540	155.61	175.94	37	94.12
541	33.9	129.73	36	72.48
542	183.63	65.35	35	90.52
543	117.03	158.07	37	60.52
544	137.77	14.84	37	93.16
545	131.76	150.9	36	60
546	9.89	112.49	35	90.97
547	63.01	190	36	97.3
548	184.91	145.11	35	96.15
549	78.5	95.51	36	21.96
550	161.62	95.61	35	61.78
551	169.79	180.2	39	106.31
552	72.8	24.21	38	80.52
Drivers: 6
id	x	y	end	sensitivity
196	155.59	140.72	37	1.25
197	4.81	38.67	36	1.22
198	119.51	90.61	38	1.95
199	168.96	158.35	36	1.43
200	133.86	182.88	36	0.9
201	101.37	3.08	37	1.21
Period: 36
Tasks:11
id	x	y	end	c
553	74.48	51.5	38	54.8
554	186.71	158.33	37	104.5
555	194.62	25.13	37	120.66
556	113.41	196.32	38	97.25
557	17.86	61.49	37	90.72
558	126.45	65.71	37	43.31
559	105.45	108.09	37	9.75
560	99.41	149.21	38	49.21
561	141.78	143.16	38	60.07
562	56.71	165.56	36	78.56
563	6.51	177.43	36	121.39
Drivers: 6
id	x	y	end	sensitivity
202	149.97	176.66	37	0.95
203	142.76	187.69	36	0.61
204	24.32	101.69	37	0.84
205	44.94	112.79	38	0.64
206	27.64	65.71	37	1.56
207	108.32	172.03	38	1.59
Period: 37
Tasks:9
id	x	y	end	c
564	179.89	195.74	37	124.69
565	165.58	15.76	39	106.76
566	131.07	103.1	38	31.22
567	111.91	124.89	40	27.59
568	198.3	4.26	43	137.22
569	116.83	2.89	42	98.56
570	145.26	148.29	38	66.18
571	48.38	182.71	37	97.5
572	170.52	181.76	38	107.97
Drivers: 9
id	x	y	end	sensitivity
208	85.92	174.57	37	1.99
209	187.21	190.72	38	1.78
210	59.1	37.43	37	0.66
211	194.67	145.28	38	0.57
212	182.54	103.3	39	1.82
213	108.63	43.15	38	1.01
214	190.24	140.71	37	1.46
215	24.03	187.68	37	1.79
216	32.26	19.51	39	1.47
Period: 38
Tasks:21
id	x	y	end	c
573	59.81	191.96	39	100.36
574	49.26	174.64	39	90.25
575	123.31	54.66	38	50.98
576	189.6	74.03	39	93.29
577	103.53	150.6	39	50.72
578	124.41	7.55	38	95.62
579	63.03	138.96	39	53.71
580	90.75	190.49	39	90.96
581	20.77	143.09	38	90.19
582	21.25	109.04	39	79.27
583	117.51	18.41	39	83.45
584	96.2	181.74	38	81.83
585	57.97	87.97	43	43.72
586	167.52	143.3	41	80.21
587	193.37	15.26	39	126.09
588	8.35	27.83	42	116.65
589	96.44	139.43	41	39.59
590	72	158.16	39	64.55
591	40.84	79.36	38	62.66
592	54.54	145.56	39	64.36
593	33.31	41.99	39	88.39
Drivers: 8
id	x	y	end	sensitivity
217	91.86	137.14	38	0.67
218	121.13	183.22	38	1.48
219	54.36	83.97	39	1.79
220	70.94	176.15	39	1.99
221	36.02	35.36	38	1.56
222	86.61	71.98	39	1.37
223	146.67	7.74	38	0.6
224	90.97	28.32	39	0.81
Period: 39
Tasks:20
id	x	y	end	c
594	131.84	131.37	41	44.7
595	55.49	46.44	42	69.64
596	98.47	166.67	40	66.69
597	48.16	78.54	43	56.11
598	33.69	120.82	40	69.5
599	122.67	100.83	42	22.69
600	8.72	191.13	40	128.98
601	189.61	45.96	42	104.64
602	141.93	108.1	42	42.71
603	162.95	14.48	41	106.19
604	96.66	123.46	44	23.7
605	142.92	25.29	40	86.16
606	129.4	92.23	42	30.41
607	160.09	105.02	41	60.3
608	136.39	111.38	39	38.13
609	153.67	80.99	42	56.94
610	96.89	192.6	40	92.65
611	36.89	56.5	42	76.65
612	95.69	71.88	43	28.45
613	74.27	134.65	39	43.16
Drivers: 4
id	x	y	end	sensitivity
225	58.24	90.11	39	1.55
226	70.61	105.25	39	1.32
227	198.18	137.54	39	0.74
228	39.95	131.4	42	0.87
Period: 40
Tasks:20
id	x	y	end	c
614	134.66	169.86	43	77.99
615	186.57	54.66	41	97.72
616	119.03	75.31	43	31.17
617	37.33	28.63	42	94.98
618	178.9	198.2	42	125.97
619	150.17	149.73	47	70.64
620	118.36	16.84	42	85.16
621	62.82	169.09	43	78.46
622	92.64	93.34	42	9.93
623	88.63	194.13	41	94.81
624	59.81	144.76	42	60.16
625	89	183.92	41	84.64
626	112.27	127.35	41	29.98
627	160.98	50.52	42	78.53
628	43.35	163.22	41	84.89
629	60.75	67.55	40	50.93
630	188.36	68.91	42	93.67
631	170.8	9.98	41	114.53
632	83.8	76.18	40	28.81
633	39.75	129.41	43	67.04
Drivers: 4
id	x	y	end	sensitivity
229	9.43	20.82	40	0.58
230	126.81	162.92	42	1.88
231	7.14	97.67	43	0.96
232	132.89	162.58	42	0.97
Period: 41
Tasks:17
id	x	y	end	c
634	81.87	148.38	44	51.67
635	185.04	146.68	42	97.01
636	77.71	33.73	45	69.92
637	159.24	127.74	42	65.41
638	139.55	154.12	43	67.03
639	89.55	61.42	43	39.97
640	48.73	181.46	42	96.25
641	141.14	96.97	43	41.25
642	86.3	11.8	43	89.26
643	43.08	14.28	43	102.9
644	77.6	115.23	44	27.09
645	82.75	46.47	44	56.24
646	13.98	95.97	41	86.11
647	179.87	100.34	43	79.87
648	138.27	191.81	43	99.47
649	75.1	165.77	42	70.33
650	84.08	112.09	43	19.99
Drivers: 5
id	x	y	end	sensitivity
233	123.56	84.42	41	1.89
234	50.78	98.99	45	1.4
235	23.29	61.19	43	0.96
236	153.03	45.02	42	0.52
237	189.02	146.24	41	1.26
Period: 42
Tasks:13
id	x	y	end	c
651	8.05	77.97	42	94.55
652	4.58	66.51	43	101.13
653	106.51	110.85	43	12.65
654	197.59	90.04	44	98.1
655	143.45	26.88	43	85.06
656	101.7	85.25	44	14.85
657	199.11	101.33	48	99.12
658	182.59	119.09	48	84.77
659	16.93	71.08	44	87.96
660	52.2	166.45	44	81.86
661	62.55	100.36	46	37.45
662	89.26	19.49	44	81.22
663	175.31	112.21	43	76.29
Drivers: 8
id	x	y	end	sensitivity
238	124.19	126.1	42	0.55
239	108.31	145.23	43	1.05
240	114.31	140.04	43	0.67
241	92.24	81	42	1
242	124.68	155.85	43	1.15
243	42.6	27.02	43	0.91
244	135.67	28.09	43	1.28
245	71.95	18.75	44	0.88
Period: 43
Tasks:13
id	x	y	end	c
664	176.59	128.88	44	81.85
665	85.45	192.94	47	94.07
666	28.39	161.67	45	94.5
667	164.92	47.58	44	83.44
668	40.65	141.71	45	72.54
669	5.24	125.95	45	98.25
670	151.08	140.37	45	65.11
671	74.8	196.42	48	99.66
672	35.93	37.09	43	89.79
673	121.08	92.02	49	22.54
674	138.62	61.94	49	54.22
675	12.66	64.13	46	94.42
676	103.75	54.64	45	45.51
Drivers: 1
id	x	y	end	sensitivity
246	19	181.37	43	1.97
Period: 44
Tasks:12
id	x	y	end	c
677	25.9	193.22	46	119.08
678	170.48	151.24	46	87.14
679	10.52	58.69	45	98.56
680	15.57	68.11	46	90.25
681	94.51	151.23	46	51.52
682	6.53	130.68	45	98.38
683	135.3	192.47	47	98.98
684	17.08	71.98	47	87.53
685	27.41	121.82	48	75.8
686	29.01	153.63	46	88.97
687	97.03	45.99	46	54.09
688	188.14	105.35	46	88.3
Drivers: 4
id	x	y	end	sensitivity
247	76.67	70.07	44	0.89
248	110.85	57.94	45	0.99
249	42.81	51.97	45	0.68
250	51.59	56.54	44	0.6
Period: 45
Tasks:15
id	x	y	end	c
689	111.25	150.18	50	51.43
690	171.56	78.91	50	74.6
691	24.8	23.67	48	107.15
692	180.2	165.61	47	103.62
693	44.7	135.35	49	65.63
694	11.53	172.17	46	114.17
695	151.19	132.04	46	60.39
696	41.94	10.75	50	106.47
697	137.14	120.23	48	42.29
698	46.27	48.7	47	74.29
699	45.42	100.62	45	54.58
700	107.86	10.46	46	89.88
701	150.52	22.44	47	92.56
702	189.94	59.61	47	98.59
703	170.87	173.01	46	101.75
Drivers: 6
id	x	y	end	sensitivity
251	17.55	49.92	46	0.66
252	101.15	192.87	47	1.24
253	193.01	48.49	46	1.72
254	152.56	145.46	45	1.19
255	106.97	133.91	48	1.7
256	76.59	149.35	46	0.93
Period: 46
Tasks:16
id	x	y	end	c
704	98.17	51.77	48	48.26
705	89.09	127.26	48	29.36
706	103.44	62.7	54	37.46
707	44.99	61.46	50	67.17
708	123.95	92.45	47	25.11
709	138.52	93.72	48	39.03
710	108.27	145.44	49	46.19
711	36.12	48.84	47	81.84
712	49.02	129.51	49	58.91
713	46.86	146.54	49	70.64
714	37.16	110.03	49	63.64
715	128.69	34.3	50	71.69
716	167.8	183.69	48	107.71
717	124.03	163.17	48	67.59
718	39.82	180.65	47	100.63
719	169.64	69.34	47	76.09
Drivers: 5
id	x	y	end	sensitivity
257	14.9	55.46	48	1.33
258	53.92	117.74	47	1.28
259	49.61	189.06	47	0.82
260	135.25	88.68	47	1.82
261	17.54	18.78	46	1.27
Period: 47
Tasks:21
id	x	y	end	c
720	96.71	23.52	50	76.55
721	188.02	126.94	48	92.05
722	154.19	145.04	51	70.46
723	133.66	156.47	49	65.74
724	2.17	68.64	48	102.73
725	146.2	160.3	52	75.96
726	175.93	198.71	49	124.54
727	140.57	157.13	49	70.07
728	100.76	161	51	61
729	145.6	107.93	48	46.28
730	2.56	35.4	51	116.91
731	53.99	12.83	50	98.57
732	66.7	24.71	48	82.33
733	45.76	0.63	49	113.21
734	16.74	78.97	51	85.87
735	104.67	58.05	50	42.21
736	19.17	97.86	50	80.86
737	9.5	147.49	48	102.2
738	60.5	1.47	49	106.15
739	115.48	83.13	50	22.9
740	193.28	181.09	48	123.6
Drivers: 4
id	x	y	end	sensitivity
262	173.02	72.55	48	1.92
263	37.95	103.43	48	1.67
264	47.41	171.69	47	1.29
265	106.3	151.97	51	1.66
Period: 48
Tasks:11
id	x	y	end	c
741	157.73	107.68	53	58.24
742	97.26	135.59	51	35.7
743	104.35	187.03	49	87.14
744	28.82	66.6	49	78.63
745	6.22	37.89	52	112.48
746	71.96	56.75	49	51.54
747	86.52	180.7	49	81.82
748	77.55	40.25	52	63.83
749	42.48	22.61	49	96.42
750	96.53	87.14	49	13.32
751	91.48	175.87	50	76.35
Drivers: 6
id	x	y	end	sensitivity
266	137.07	172.71	48	1.61
267	101.94	199.48	51	1.18
268	25.34	12.08	49	0.85
269	73.4	150.49	49	1.56
270	33.48	101.77	49	1.76
271	162.93	95.28	51	0.87
Period: 49
Tasks:21
id	x	y	end	c
752	49.4	55.35	51	67.48
753	12.35	133.5	50	93.83
754	15.57	166.2	52	107.29
755	158.05	183.49	49	101.69
756	134.82	157.57	52	67.28
757	116.01	29.46	51	72.33
758	77.04	134.02	51	41.04
759	38.01	33.93	50	90.6
760	72.34	68.41	51	41.99
761	53.04	113.75	52	48.93
762	94.76	56.33	52	43.98
763	55.78	80.69	53	48.25
764	162.66	168.82	50	93.07
765	124.75	199.1	49	102.14
766	193.02	167.76	54	115.08
767	21.24	102.06	50	78.79
768	189.02	58.14	51	98.37
769	58.35	95.5	51	41.89
770	138.67	199.01	53	106.29
771	124.92	174.19	51	78.26
772	137.3	196.63	50	103.58
Drivers: 4
id	x	y	end	sensitivity
272	116.46	136.01	49	1.88
273	21.1	6.96	49	1.16
274	6.4	49.13	49	1.65
275	131.83	39.44	52	0.68
Period: 50
Tasks:10
id	x	y	end	c
773	79.07	138.96	53	44.23
774	146.16	170.58	52	84.33
775	162.02	85.65	54	63.66
776	12.35	99.33	51	87.65
777	96.49	68.27	54	31.92
778	125.82	111.71	51	28.35
779	159.64	10.69	53	107.39
780	127.02	136.03	54	45.04
781	188.85	19.8	51	119.69
782	144.2	33.41	52	79.92
Drivers: 5
id	x	y	end	sensitivity
276	148.99	3.77	50	0.67
277	128.07	115.04	52	0.69
278	136.98	36.08	51	0.59
279	123.15	153.95	50	1.14
280	98.72	48.42	50	0.98
Period: 51
Tasks:21
id	x	y	end	c
783	25.9	106.14	53	74.35
784	52.31	21.74	52	91.65
785	93.07	127.95	52	28.8
786	188.27	130.39	55	93.35
787	58.35	193.31	53	102.18
788	131.36	135.02	51	47.01
789	46.53	8.85	51	105.68
790	85.36	78.96	56	25.63
791	12.54	87.11	52	88.4
792	9.45	153.43	52	105.14
793	43.4	46.5	52	77.88
794	107.67	9.69	53	90.64
795	161.37	0.53	56	116.88
796	171.01	59.29	55	81.85
797	30.35	104.78	56	69.81
798	73.26	81.56	52	32.48
799	130.92	140.83	51	51.22
800	99.94	7.71	54	92.29
801	85.73	16.38	53	84.83
802	101.66	94.83	54	5.43
803	190.03	107.18	52	90.32
Drivers: 4
id	x	y	end	sensitivity
281	21	66.55	53	1.3
282	55.75	143.38	51	1.18
283	126.44	160.35	53	1.67
284	25.25	137.2	51	1.84
Period: 52
Tasks:14
id	x	y	end	c
804	43.7	195.82	54	111.14
805	189.6	26.86	54	115.66
806	199.13	104.54	54	99.23
807	93.62	191.17	52	91.39
808	126.01	105.57	55	26.6
809	14.9	36.94	55	105.92
810	165.67	122.57	52	69.44
811	53.8	110.7	53	47.42
812	139.67	49.13	54	64.51
813	89.55	12.59	54	88.03
814	165.38	79.94	53	68.39
815	120.08	121.72	53	29.58
816	120.1	121.98	52	29.78
817	46.28	168.11	54	86.75
Drivers: 7
id	x	y	end	sensitivity
285	145.6	149.01	52	1.67
286	91.59	104.2	52	1.21
287	74.86	8.33	53	1.63
288	2.84	7.64	54	0.97
289	29.21	104.7	52	1.63
290	178.82	21.8	53	1.76
291	119.68	14.33	53	0.82
Period: 53
Tasks:18
id	x	y	end	c
818	38.9	46.82	55	81
819	10.46	176.56	54	117.81
820	120.86	169.16	53	72.24
821	63.84	56.23	53	56.77
822	191.04	34.17	54	112.35
823	99.3	197.07	55	97.07
824	110.63	63.2	54	38.3
825	144.05	103.66	55	44.2
826	93.98	106.46	56	8.83
827	27.92	102.34	56	72.12
828	105.52	183.01	53	83.19
829	105.01	1.87	57	98.26
830	191.18	191.71	55	129.32
831	58.26	13.79	54	95.78
832	167.81	149.46	53	83.93
833	46.29	186.55	53	101.86
834	181.11	105.4	55	81.29
835	10.15	184.25	55	123.17
Drivers: 5
id	x	y	end	sensitivity
292	131.62	181.52	53	1.42
293	151.66	90.15	55	1.48
294	98.56	73.75	54	1.82
295	174.99	190.22	53	0.92
296	74.43	30.82	55	1.26
Period: 54
Tasks:14
id	x	y	end	c
836	136.17	35.36	54	74.07
837	58.5	91.52	57	42.36
838	192.48	3.01	55	134.01
839	40.28	142.01	55	73.02
840	13.31	128.5	58	91.25
841	107.56	70.2	57	30.74
842	158.57	100.08	55	58.57
843	174.08	35.54	54	98.2
844	173.46	58.15	56	84.54
845	84.09	47.33	54	55.02
846	45.19	92.13	56	55.37
847	125	78.5	55	32.97
848	151.76	48.23	58	73.21
849	154.24	34.88	56	84.75
Drivers: 9
id	x	y	end	sensitivity
297	132.28	73.29	54	0.58
298	68.98	52.7	55	1.06
299	19.71	76.12	56	0.95
300	171.78	187.84	54	1.45
301	100.32	6.74	56	0.79
302	5.69	42.82	56	0.96
303	87.13	48.66	54	0.96
304	122.15	100.42	54	0.62
305	181.35	155.24	55	2
Period: 55
Tasks:16
id	x	y	end	c
850	115.79	140.7	59	43.66
851	88.91	93.51	56	12.85
852	114.56	98.48	56	14.64
853	55.45	34.05	57	79.59
854	188.05	93.49	57	88.29
855	4.51	68.6	55	100.52
856	41.23	187.56	56	105.45
857	49.19	34.33	58	83.03
858	174.02	182.33	58	110.71
859	94.39	73.93	55	26.67
860	128.68	3.73	55	100.45
861	155.37	38.73	57	82.58
862	137.69	102.24	57	37.76
863	171.66	32.28	56	98.6
864	194.7	123.89	55	97.67
865	74.56	173.16	59	77.46
Drivers: 2
id	x	y	end	sensitivity
306	19.57	42.66	55	0.59
307	90.06	56.96	56	0.78
Period: 56
Tasks:13
id	x	y	end	c
866	93.26	168.03	58	68.36
867	152.29	34.82	59	83.56
868	168.49	161.78	59	92.24
869	77.99	43.46	56	60.67
870	5.36	40.64	57	111.72
871	94.29	42.18	56	58.1
872	155.18	86.61	57	56.78
873	12.89	131.05	57	92.48
874	42.99	77.02	57	61.47
875	47.72	16.48	58	98.53
876	20.54	74.26	57	83.53
877	199.99	130	59	104.39
878	44.21	96.93	58	55.87
Drivers: 4
id	x	y	end	sensitivity
308	100.73	28.7	57	1.54
309	176.63	199.44	57	1.81
310	38.62	52.9	58	1.38
311	56.38	26.44	57	0.7
Period: 57
Tasks:13
id	x	y	end	c
879	117.37	8.75	58	92.89
880	92.61	125.02	59	26.09
881	57.34	137.43	57	56.75
882	30.57	177.03	57	103.7
883	199.8	177.1	60	126.11
884	115.75	163.55	57	65.47
885	131.5	116.09	58	35.37
886	104.02	5.64	60	94.45
887	90	116.46	59	19.26
888	148.96	98.08	58	49
889	145.4	153.64	62	70.27
890	125.38	105.77	60	26.03
891	169.45	15.83	60	109.12
Drivers: 5
id	x	y	end	sensitivity
312	53.87	62.59	59	1.73
313	102.23	145.14	58	0.69
314	60.04	146.25	57	1.02
315	63.88	121.18	57	1.14
316	128.68	30.64	57	0.7
Period: 58
Tasks:15
id	x	y	end	c
892	164.33	16.45	58	105.45
893	146.38	102.49	59	46.45
894	150.05	128.24	59	57.47
895	21.47	174.69	63	108.38
896	113.38	113.06	61	18.7
897	59.04	82.17	59	44.67
898	84.19	8.23	58	93.12
899	190.46	151.89	59	104.29
900	62.19	156.23	63	67.76
901	186.33	112.77	58	87.27
902	48.1	23.9	62	92.11
903	100.39	176.61	61	76.61
904	133.55	6.31	58	99.52
905	118.19	127.65	59	33.1
906	188.73	175.12	64	116.26
Drivers: 10
id	x	y	end	sensitivity
317	124.31	184.37	59	1.01
318	167.14	82.14	58	0.55
319	139.6	102.83	60	0.8
320	176.73	129.19	58	1.56
321	153.14	136	59	0.63
322	53.28	91.31	59	1.09
323	118.15	69.46	59	0.79
324	143.88	170.11	60	1.87
325	95.39	70.02	58	0.69
326	32.51	183.08	59	0.72
Period: 59
Tasks:12
id	x	y	end	c
907	5.26	22.28	63	122.54
908	89.35	125.16	62	27.32
909	4.28	127.26	61	99.53
910	126.89	54.48	59	52.87
911	138.85	151.38	60	64.41
912	81.41	138.62	63	42.86
913	90.34	199.23	61	99.7
914	112.9	88.39	60	17.36
915	31.22	120.65	61	71.81
916	42.63	60.07	60	69.9
917	114.3	14.32	59	86.87
918	92.89	104.11	60	8.21
Drivers: 4
id	x	y	end	sensitivity
327	154.3	90.22	65	0.79
328	60.22	42.93	59	1.23
329	170.14	35.75	60	1
330	43.5	99.07	60	1.87
Period: 60
Tasks:13
id	x	y	end	c
919	78.91	85.33	64	25.69
920	104.15	159.22	65	59.37
921	31.75	127.2	64	73.47
922	76.24	53.86	60	51.9
923	40.02	177.28	61	97.83
924	171.91	199.2	61	122.52
925	138.37	97.75	60	38.44
926	151.18	24.79	60	90.97
927	31.69	134.81	60	76.67
928	191.59	63.37	61	98.64
929	29.7	48.37	61	87.22
930	28.83	103.54	61	71.26
931	115.43	183.83	64	85.24
Drivers: 6
id	x	y	end	sensitivity
331	117.72	134.35	62	1.09
332	140.02	194.66	61	0.87
333	21.04	119.2	60	1.22
334	160	60.57	60	0.68
335	122.38	31.01	60	1.78
336	49.72	62.6	63	0.72
Period: 61
Tasks:12
id	x	y	end	c
932	29.69	128.25	64	75.77
933	188.19	26.55	62	114.77
934	145.4	137.47	62	58.87
935	34.71	179.3	62	102.72
936	114.74	19.1	64	82.23
937	119.26	44.13	63	59.1
938	19.4	128.36	61	85.44
939	118.18	169.92	63	72.24
940	135.36	138.3	64	52.13
941	43.58	89.29	63	57.43
942	177.33	158.66	65	97.06
943	67.15	0.92	65	104.38
Drivers: 5
id	x	y	end	sensitivity
337	145.81	59.4	61	1.89
338	185.35	68.51	63	1.46
339	39.99	4.08	61	0.9
340	74.54	18.85	63	0.97
341	121.67	51.01	61	1.52
Period: 62
Tasks:16
id	x	y	end	c
944	8.5	0.24	63	135.37
945	3.13	28.05	62	120.67
946	22.78	184.81	65	114.7
947	150.15	135.76	64	61.59
948	187.57	31.04	63	111.46
949	12.33	155.44	62	103.73
950	156.26	4.68	65	110.68
951	161.47	87.32	66	62.76
952	182.36	150.47	64	96.59
953	103.21	153.87	63	53.97
954	143.59	31.81	65	80.93
955	126.23	163.55	65	68.75
956	127.94	85.82	64	31.33
957	30.36	196.96	63	119.38
958	146.75	114.34	62	48.9
959	29.72	119.86	66	73.03
Drivers: 12
id	x	y	end	sensitivity
342	55.97	128.01	63	1.17
343	49.55	80.94	62	1.07
344	69.48	149.42	62	1.66
345	82.01	47.26	63	1.2
346	106.82	27.61	63	1.9
347	23.75	130.45	62	1.65
348	155.15	22.8	62	1.18
349	103.51	21.39	63	1.97
350	86.27	52.1	63	1.25
351	128.08	93.87	63	1.4
352	15.7	68.96	62	0.64
353	102.85	95.85	63	1.12
Period: 63
Tasks:10
id	x	y	end	c
960	4.25	79.39	67	97.94
961	14.63	75.26	65	88.88
962	84.54	1.26	67	99.94
963	29.44	109.66	65	71.22
964	71.69	39.55	65	66.75
965	143.85	123.77	66	49.88
966	18.5	175.57	67	111.14
967	85.09	165.27	67	66.95
968	173.06	18.76	65	109.26
969	146.64	152.18	66	69.99
Drivers: 4
id	x	y	end	sensitivity
354	160.66	140.24	63	1.76
355	28.46	197.29	64	0.65
356	84.43	145.17	63	0.56
357	137.4	189.09	63	0.6
Period: 64
Tasks:12
id	x	y	end	c
970	81.13	172.63	66	75.04
971	87	127.26	65	30.2
972	5.2	154.58	64	109.39
973	50.84	104.08	67	49.33
974	40.96	88.98	67	60.06
975	174.33	138.68	64	83.79
976	141.19	80.15	64	45.72
977	88.06	29.19	69	71.81
978	160.2	181.94	66	101.68
979	183.57	92.52	64	83.9
980	2.91	32.06	64	118.5
981	51	163.46	65	80.18
Drivers: 9
id	x	y	end	sensitivity
358	47.87	3.77	66	0.58
359	97.71	169.73	66	1.52
360	49.3	114.09	66	1.86
361	109	132.14	64	1.61
362	83.37	146.43	64	0.67
363	37.54	37.41	65	1.35
364	25.74	143.29	68	0.78
365	22.45	30.83	64	1.29
366	182.95	137.96	64	1.68
Period: 65
Tasks:13
id	x	y	end	c
982	93.08	57.22	69	43.34
983	69.32	179.82	67	85.51
984	17.16	106.44	67	83.09
985	50.06	142.13	66	65.34
986	167.61	0.62	67	120.2
987	32.25	57.34	66	80.06
988	109.61	112.04	68	15.4
989	137.5	27.87	67	81.3
990	166.72	31.86	67	95.37
991	23.34	194.1	65	121.37
992	174.32	105.44	67	74.52
993	161.29	119.76	68	64.4
994	141.02	17.67	68	91.98
Drivers: 4
id	x	y	end	sensitivity
367	197.15	84.03	65	0.92
368	186.71	187.33	67	1.67
369	175.19	69.71	66	1.3
370	80.71	160.33	67	1.9
Period: 66
Tasks:10
id	x	y	end	c
995	41.39	180.99	68	99.97
996	19.97	141.93	68	90.35
997	180.51	145.74	68	92.6
998	33.76	111.82	69	67.29
999	172.51	61.42	66	82.13
1000	116.5	160.31	73	62.53
1001	166.21	133.36	68	74.14
1002	42.69	190.22	68	106.88
1003	150.44	20.4	68	94.24
1004	59.7	187.36	70	96.21
Drivers: 7
id	x	y	end	sensitivity
371	94.57	93.03	67	1.57
372	19.67	92.39	66	0.59
373	182.53	134.54	66	1.89
374	148.81	54.21	67	0.96
375	12.85	172.93	67	1.95
376	193.27	37.18	66	1.19
377	137.94	59.46	67	1.67
Period: 67
Tasks:19
id	x	y	end	c
1005	131.68	123.8	68	39.62
1006	91.99	188.72	70	89.08
1007	198.54	128.97	67	102.71
1008	94.57	186.67	67	86.84
1009	11.35	173.01	68	114.84
1010	76.04	127.43	71	36.42
1011	52.53	63.39	72	59.95
1012	84.59	7.26	70	94.01
1013	17.28	42.99	69	100.46
1014	27.78	33.86	68	97.93
1015	148.58	51.01	68	68.99
1016	42.34	194.06	70	110.33
1017	19.5	142.97	73	91.25
1018	113.97	53.11	68	48.93
1019	90.81	33.24	69	67.39
1020	163.02	126.05	70	68.19
1021	195.3	166.11	69	115.99
1022	104.64	151.35	69	51.56
1023	127.04	104.8	70	27.46
Drivers: 8
id	x	y	end	sensitivity
378	15.35	54.26	69	0.95
379	115.13	184.24	69	1.95
380	144.74	64.78	67	1.28
381	176.36	26.96	69	0.78
382	49.75	40.14	69	1.65
383	98.41	154.09	69	0.6
384	23.62	139.19	68	0.9
385	188.72	73.95	69	1.8
Period: 68
Tasks:13
id	x	y	end	c
1024	105.73	190.96	69	91.14
1025	30.2	117.71	72	72.01
1026	110.41	66.58	73	35
1027	196	32.84	71	117.16
1028	78.34	87.17	70	25.17
1029	167.41	58.3	73	79.27
1030	147.68	81.19	70	51.26
1031	120.79	160.52	71	63.99
1032	12.98	75.93	70	90.29
1033	55.12	53.97	73	64.29
1034	74.91	107.12	70	26.08
1035	173.7	3.75	70	121.23
1036	180.51	17.1	70	115.56
Drivers: 3
id	x	y	end	sensitivity
386	82.35	12.07	69	0.73
387	150.04	169.33	69	1.49
388	179.37	18.07	68	1.7
Period: 69
Tasks:10
id	x	y	end	c
1037	149.32	8.74	71	103.73
1038	184.45	90.22	70	85.01
1039	136.82	174.28	71	82.9
1040	2.98	96.67	72	97.08
1041	37.92	123.33	70	66.32
1042	77.55	10.62	75	92.16
1043	11.58	175.12	71	116.02
1044	96.55	101.19	69	3.65
1045	184.64	46.94	71	99.9
1046	189.8	158.24	73	107.03
Drivers: 2
id	x	y	end	sensitivity
389	26.35	192.33	69	1.67
390	165.42	158.85	71	1.45
Period: 70
Tasks:14
id	x	y	end	c
1047	148.09	23.25	70	90.57
1048	177.13	189.64	72	118.26
1049	187.5	107.84	70	87.85
1050	102.94	197.66	73	97.7
1051	59.25	146.08	73	61.51
1052	81.17	60.1	72	44.12
1053	171.2	110.3	71	71.94
1054	85.75	59.7	71	42.75
1055	85.68	49.47	71	52.52
1056	12.17	197.11	71	130.94
1057	112.24	76.79	71	26.24
1058	162.22	136.57	70	72.17
1059	31.65	102.91	74	68.41
1060	87.04	105.95	71	14.26
Drivers: 2
id	x	y	end	sensitivity
391	110.31	157.63	70	0.86
392	17.41	23.3	70	0.98
Period: 71
Tasks:13
id	x	y	end	c
1061	83.39	65.07	75	38.68
1062	91.5	93.57	76	10.66
1063	193.76	177.47	74	121.62
1064	193.13	69.74	72	97.92
1065	43.22	4.3	76	111.28
1066	99.37	75.3	71	24.71
1067	189.53	144.1	75	99.8
1068	150.78	12.17	74	101.45
1069	52.67	106.73	73	47.81
1070	169.02	72.47	71	74.31
1071	46.12	79.9	73	57.51
1072	179.22	30.34	72	105.49
1073	80.33	197.46	72	99.43
Drivers: 5
id	x	y	end	sensitivity
393	153.19	46.15	73	0.56
394	33.71	19.67	73	1.59
395	197.29	193.35	73	1.69
396	137.74	65.57	72	1.98
397	81.42	51.49	71	1.53
Period: 72
Tasks:8
id	x	y	end	c
1074	81.98	2.75	73	98.91
1075	1.14	50.88	73	110.39
1076	37.15	141.94	72	75.56
1077	184.89	34.78	72	107.05
1078	172.6	193.19	73	118.13
1079	52.68	3.78	75	107.23
1080	46.19	101.51	76	53.83
1081	130.52	16.08	73	89.3
Drivers: 4
id	x	y	end	sensitivity
398	161.19	161.92	73	1.75
399	145.23	198.17	74	1.41
400	104.75	13.56	74	0.58
401	123.94	149.85	72	1.51
Period: 73
Tasks:19
id	x	y	end	c
1082	10.08	144.68	74	100.41
1083	138.34	148	75	61.43
1084	42.61	146.81	75	74.06
1085	3.09	145.81	74	107.19
1086	26.49	86.12	75	74.81
1087	153.39	183.63	74	99.22
1088	188.3	117.93	74	90.1
1089	50.35	73.85	74	56.12
1090	132.24	131.35	77	44.97
1091	31.14	170.35	73	98.44
1092	150.89	196.33	73	108.95
1093	112.16	23.64	77	77.32
1094	52.01	17.76	75	95.22
1095	199.45	80.11	73	101.42
1096	184.55	123.35	74	87.72
1097	164.82	72.46	76	70.43
1098	159.43	69.85	73	66.64
1099	3.63	23.64	75	122.96
1100	9.13	8.72	74	128.8
Drivers: 7
id	x	y	end	sensitivity
402	129.07	28.1	75	1.67
403	101.61	169.75	74	1.2
404	149.43	88.04	73	0.86
405	131.31	131.51	73	1.6
406	129.89	74.39	74	1.7
407	113.12	32.58	74	0.55
408	127.99	17.55	74	0.56
Period: 74
Tasks:11
id	x	y	end	c
1101	116.18	176.91	75	78.59
1102	108.28	155.12	75	55.74
1103	150.04	91.74	74	50.72
1104	89.36	122.75	74	25.12
1105	89.63	76.31	75	25.86
1106	128.06	191.25	74	95.47
1107	184.01	78.09	75	86.82
1108	96.22	132.96	76	33.18
1109	141.92	79.25	75	46.77
1110	121.46	124.48	78	32.55
1111	134.64	132.46	76	47.47
Drivers: 4
id	x	y	end	sensitivity
409	175.85	70.58	76	0.73
410	80.52	103.6	77	0.51
411	89.53	99.59	74	1.63
412	116.9	173.94	75	1.14
Period: 75
Tasks:10
id	x	y	end	c
1112	159.28	66.24	77	68.22
1113	135.81	26.81	77	81.48
1114	178.9	171.68	75	106.6
1115	56.28	159.55	75	73.88
1116	166.58	98.24	76	66.6
1117	93.45	141.02	76	41.54
1118	102.31	83.49	75	16.67
1119	69.72	60.43	78	49.83
1120	80.1	186.66	78	88.92
1121	103.94	46.29	77	53.85
Drivers: 6
id	x	y	end	sensitivity
413	94.21	75.96	75	1.16
414	73.84	111.95	75	1.61
415	135.41	184.07	77	1.11
416	71.78	54.8	75	0.53
417	160.68	134.92	75	1.8
418	23.64	9.29	76	0.88
Period: 76
Tasks:20
id	x	y	end	c
1122	117.75	144.32	80	47.74
1123	136.45	82.34	78	40.5
1124	93.35	75.19	76	25.69
1125	161.7	39.96	76	86.09
1126	81.89	113.43	76	22.55
1127	55.34	85.02	77	47.11
1128	88.6	90.82	79	14.64
1129	167.6	154	78	86.52
1130	174.87	58.46	77	85.62
1131	77.99	175.39	79	78.54
1132	71.82	173.45	78	78.67
1133	75.77	63.5	76	43.81
1134	194.17	142.14	80	103.17
1135	99.32	159.95	80	59.95
1136	181.92	142.5	78	92.29
1137	132.16	44.58	77	64.08
1138	78.91	168.71	77	71.87
1139	156.54	45.77	77	78.34
1140	47.03	153.83	78	75.52
1141	87.22	164.4	82	65.66
Drivers: 7
id	x	y	end	sensitivity
419	91.45	100.6	76	1.79
420	134.37	162.41	77	1.34
421	60.81	196.2	77	1.6
422	142.87	50.91	77	1.62
423	127.33	195.44	78	0.55
424	37.76	148.75	79	1.15
425	49.69	164.92	76	0.86
Period: 77
Tasks:10
id	x	y	end	c
1142	36.75	37.27	79	89.08
1143	32.16	70.92	81	73.81
1144	69.59	130.17	80	42.84
1145	173.04	156.94	78	92.61
1146	32.08	141.58	82	79.64
1147	166.71	93.72	77	67
1148	57.02	154.94	80	69.75
1149	65.4	19.05	81	88.03
1150	121.06	83.72	79	26.62
1151	149.5	100.12	78	49.5
Drivers: 8
id	x	y	end	sensitivity
426	50.86	85.3	77	1.79
427	88.22	147.75	78	1.79
428	5.16	165.6	78	1
429	83.38	123.44	77	0.87
430	81.32	123.81	78	0.57
431	73.1	91.97	77	1.27
432	186.41	6.53	78	0.87
433	9.96	142.22	79	1.73
Period: 78
Tasks:17
id	x	y	end	c
1152	138.96	86.56	79	41.21
1153	165.84	91.68	81	66.36
1154	117.78	172.77	79	74.91
1155	147.82	111.91	80	49.28
1156	42.34	108.88	81	58.34
1157	181.48	123.18	79	84.71
1158	115.81	117.07	80	23.27
1159	32.98	84.12	79	68.88
1160	39	167.21	78	90.76
1161	132.72	152.32	81	61.71
1162	162.43	6.72	80	112.24
1163	12.83	9.2	80	125.87
1164	185.98	2.22	78	130.21
1165	86.61	159.31	81	60.8
1166	51.71	106.06	78	48.67
1167	153.86	84.81	79	55.96
1168	126.14	92.54	80	27.18
Drivers: 5
id	x	y	end	sensitivity
434	107.91	12	78	1.48
435	181.39	64.27	79	1.14
436	45.81	165.17	79	1.39
437	157.32	98.78	80	1.95
438	9.52	65.49	78	1.31
Period: 79
Tasks:9
id	x	y	end	c
1169	83.99	99.81	79	16.01
1170	63.19	102.56	80	36.9
1171	117.06	50.29	81	52.56
1172	48.02	22.84	81	93.04
1173	146.85	8.02	82	103.22
1174	42.21	91.74	84	58.38
1175	55.18	92.72	79	45.41
1176	135.89	117.89	80	40.1
1177	122.72	8.38	80	94.4
Drivers: 4
id	x	y	end	sensitivity
439	155.71	14.05	80	0.6
440	87.84	11.83	80	1.02
441	159.03	185.17	79	1.54
442	30.54	14.17	79	1.44
Period: 80
Tasks:15
id	x	y	end	c
1178	108.8	8.53	83	91.89
1179	188.86	71.95	82	93.18
1180	198.39	8.56	86	134.32
1181	76.24	59.22	81	47.2
1182	195.25	165.22	81	115.44
1183	12.37	84.04	85	89.07
1184	75.54	105.05	83	24.98
1185	111.5	34.12	80	66.88
1186	180.98	186.56	83	118.53
1187	81.49	26.22	81	76.07
1188	85.13	128.97	83	32.56
1189	48.59	26.1	81	90.02
1190	198.96	22.5	83	125.7
1191	139.87	191.7	83	99.99
1192	116.49	31.7	83	70.26
Drivers: 9
id	x	y	end	sensitivity
443	54.9	63.96	80	0.69
444	72.48	45.36	81	1.35
445	94.65	12.12	81	1.51
446	169.31	22.55	81	1.68
447	44.13	136.07	81	0.84
448	118.9	82.11	81	0.68
449	113.5	88.96	81	1.51
450	66.23	68.75	81	1.01
451	107.5	92.96	82	0.63
Period: 81
Tasks:16
id	x	y	end	c
1193	27.91	151.48	84	88.58
1194	81.71	48.86	83	54.31
1195	147.62	154.1	84	72.07
1196	59.27	68.63	84	51.41
1197	20.55	170.74	82	106.38
1198	167.34	43.24	82	88.07
1199	57.3	48.79	83	66.68
1200	172.59	199.56	84	123.21
1201	174.71	124.95	83	78.77
1202	151.11	24.94	82	90.81
1203	170.8	156.75	82	90.74
1204	87.17	166.79	83	68.01
1205	5.87	98.25	81	94.15
1206	92.07	166.07	84	66.54
1207	100.91	99.09	84	1.29
1208	183.43	8.73	82	123.66
Drivers: 7
id	x	y	end	sensitivity
452	191.31	170.74	82	1.57
453	186.66	195.84	83	1.03
454	109.84	171.66	81	1.4
455	65.85	15.15	82	0.65
456	33.27	22.38	85	0.74
457	53.17	53.85	82	1.17
458	152.68	46.81	82	1.21
Period: 82
Tasks:17
id	x	y	end	c
1209	149.11	164.84	84	81.34
1210	82.96	56.27	83	46.93
1211	56.54	66.57	84	54.83
1212	198.31	74.38	84	101.59
1213	25.08	193.54	83	119.84
1214	72.29	17.95	85	86.6
1215	104.87	193.09	87	93.22
1216	159.85	183.68	87	102.88
1217	164.76	8.49	83	112.11
1218	3.76	25.46	83	121.73
1219	71.93	13.03	87	91.39
1220	113.66	67.81	83	34.97
1221	80.2	57.19	82	47.17
1222	151.35	175.44	82	91.26
1223	190.99	125.2	83	94.42
1224	128.98	143.26	84	52.07
1225	142.15	172.42	84	83.79
Drivers: 3
id	x	y	end	sensitivity
459	57.26	105.4	83	0.98
460	91.37	51.28	82	0.79
461	15.89	110.82	83	1.95
Period: 83
Tasks:19
id	x	y	end	c
1226	96.12	146.24	85	46.4
1227	25.01	189.82	85	117.01
1228	136.71	137.91	85	52.77
1229	79.4	77.66	84	30.39
1230	167.81	69.01	85	74.56
1231	68.71	30.14	83	76.55
1232	50.5	50.38	84	70.09
1233	195.34	46.94	85	109.11
1234	67.82	139.8	85	51.18
1235	9.14	96.32	85	90.93
1236	81.46	109.78	84	20.96
1237	89.37	155.55	86	56.56
1238	129.7	190.48	84	95.23
1239	144.1	20.41	84	90.99
1240	167.03	174.07	85	99.9
1241	65.67	56.98	88	55.04
1242	53.26	176.75	86	89.86
1243	29.98	158.61	87	91.31
1244	34.78	29.24	84	96.23
Drivers: 4
id	x	y	end	sensitivity
462	183.71	57.69	85	1.79
463	61.94	99.32	85	1.86
464	84.17	115.33	83	1.34
465	161.16	115.68	84	0.97
Period: 84
Tasks:18
id	x	y	end	c
1245	103.26	192.17	85	92.23
1246	147.74	115.65	86	50.24
1247	53.34	26.96	85	86.67
1248	180.84	50.09	87	95.01
1249	13.23	88.02	86	87.59
1250	21.81	181.96	85	113.27
1251	101.03	85.46	86	14.58
1252	0.15	198.94	85	140.57
1253	37.26	117.93	86	65.25
1254	118.7	179.88	90	82.04
1255	30.28	52.08	86	84.6
1256	149.4	187.11	89	100.14
1257	162.8	57.68	86	75.73
1258	85.1	25.62	84	75.86
1259	128.4	186.55	86	91.09
1260	69.16	39.17	85	68.2
1261	127.96	58.99	90	49.63
1262	78.92	190.54	84	92.96
Drivers: 2
id	x	y	end	sensitivity
466	128.78	106.99	84	1.07
467	53.76	93.85	86	1.39
Period: 85
Tasks:10
id	x	y	end	c
1263	83.29	9.75	89	91.78
1264	73.8	54.69	88	52.34
1265	178.09	42.36	87	97.06
1266	57.52	120.03	88	46.97
1267	130.66	77.73	86	37.89
1268	110.98	33.4	88	67.5
1269	183.12	104.76	86	83.26
1270	126.74	32.48	91	72.62
1271	195.96	117.81	87	97.6
1272	79.29	2.94	88	99.24
Drivers: 5
id	x	y	end	sensitivity
468	62.4	43.11	85	1.23
469	41.65	63.55	87	1.3
470	157.72	198.11	85	0.58
471	175.2	100.87	86	0.79
472	141.57	63.89	86	0.91
Period: 86
Tasks:13
id	x	y	end	c
1273	84.94	173.13	88	74.66
1274	65.79	45.12	87	64.67
1275	173.76	163.71	86	97.47
1276	31.47	146.06	88	82.57
1277	162.81	15.27	89	105.47
1278	75.94	156.47	87	61.38
1279	139.28	106.33	89	39.79
1280	189.88	135.19	90	96.52
1281	183.53	21.38	88	114.71
1282	117.22	75.6	87	29.86
1283	60.58	34	90	76.88
1284	141.85	124	87	48.24
1285	133.94	96.19	88	34.15
Drivers: 5
id	x	y	end	sensitivity
473	59.24	153.03	88	1.33
474	178.67	110.68	91	1.06
475	161.21	110.69	87	0.78
476	36.25	26.66	86	0.65
477	81.45	37.55	87	1.76
Period: 87
Tasks:17
id	x	y	end	c
1286	96.73	155.25	88	55.35
1287	154.58	109.17	89	55.34
1288	4.15	92.42	91	96.15
1289	0.12	30.75	89	121.54
1290	132.51	74.65	89	41.23
1291	1.78	198.52	90	139.12
1292	92.52	52.6	92	47.99
1293	199.08	39.44	88	116.12
1294	50.02	134.1	87	60.5
1295	110.99	196.05	90	96.68
1296	108.47	168.27	90	68.79
1297	179.07	117.99	87	81.09
1298	188.29	154.12	90	103.56
1299	122.19	114.35	88	26.43
1300	91.05	4.14	91	96.28
1301	178.41	126.08	88	82.63
1302	47.31	145.39	90	69.54
Drivers: 8
id	x	y	end	sensitivity
478	47.87	15.68	88	1.53
479	36.12	167.63	88	0.78
480	9.44	36.69	87	0.89
481	158.89	53.07	87	1.13
482	142.12	58.98	89	1.07
483	31.47	187.66	88	1.19
484	81.68	131.28	87	1.89
485	146.69	132.44	91	1.8
Period: 88
Tasks:10
id	x	y	end	c
1303	57	166.9	92	79.53
1304	131.33	198.19	90	103.07
1305	17.78	76.78	91	85.44
1306	91.13	116.26	90	18.52
1307	7.73	60.82	89	100.24
1308	126.67	158.17	89	63.99
1309	79.32	18.82	88	83.77
1310	3.84	76.28	91	99.04
1311	180.02	185.74	90	117.28
1312	66.99	127.38	90	42.89
Drivers: 5
id	x	y	end	sensitivity
486	66.93	0.66	88	1.26
487	81.71	77.43	88	1.87
488	72.78	59.6	88	1.31
489	101.07	188.6	89	1.11
490	99.72	55.16	91	1.68
Period: 89
Tasks:16
id	x	y	end	c
1313	141.41	161.45	89	74.1
1314	0.11	195.55	92	138.23
1315	161.68	166.92	91	91.01
1316	159.89	176.25	93	96.96
1317	47.04	89.12	92	54.07
1318	122.59	20.4	91	82.74
1319	12.07	76.31	92	91.07
1320	51.11	55.71	92	65.97
1321	120.89	4.26	94	97.99
1322	108.44	133.13	90	34.19
1323	184.8	5.98	92	126.61
1324	50.76	26.18	91	88.74
1325	192.54	31.4	95	115.19
1326	199.09	194.03	91	136.6
1327	47.8	112.92	90	53.78
1328	156.28	123.82	90	61.11
Drivers: 9
id	x	y	end	sensitivity
491	165.63	186.42	92	1.67
492	22.56	57.46	89	1.16
493	4.58	23.74	91	1.78
494	105.41	85.86	89	0.55
495	98.93	46.06	89	0.87
496	187.52	58.37	89	1.08
497	151.35	196.68	90	1.25
498	8.42	42.62	89	0.86
499	79.5	74.97	90	1.06
Period: 90
Tasks:14
id	x	y	end	c
1329	26.47	178.33	92	107.43
1330	55.89	91.88	92	44.85
1331	95.59	147.49	93	47.69
1332	93.97	92.15	90	9.9
1333	136.09	177.31	91	85.32
1334	171.99	28.69	92	101.33
1335	74.66	189.43	91	92.95
1336	12.8	7.23	91	127.32
1337	158.02	22.25	92	97.01
1338	87.31	135.46	93	37.66
1339	48.93	34.69	91	82.91
1340	96.49	124.57	92	24.82
1341	82.39	44.26	92	58.46
1342	11.24	166.29	92	110.78
Drivers: 7
id	x	y	end	sensitivity
500	196.01	115.9	91	1.04
501	103.63	136.09	90	1.76
502	145.5	133.1	90	1.05
503	28.73	165.22	94	1.11
504	186.62	103.62	91	0.9
505	101.97	57.5	90	1.96
506	69.69	0.37	90	1.77
Period: 91
Tasks:11
id	x	y	end	c
1343	30.58	186.83	91	111.17
1344	67.93	28.12	92	78.71
1345	24.65	41.87	92	95.17
1346	1.8	197.03	94	138.05
1347	120.08	24.49	92	78.13
1348	21.28	46.57	92	95.14
1349	144.08	3.02	92	106.53
1350	19.44	74.29	93	84.56
1351	105.63	150.64	92	50.95
1352	175.33	47.96	92	91.56
1353	132.28	173.32	95	80.11
Drivers: 2
id	x	y	end	sensitivity
507	141.99	0.26	91	0.79
508	112.29	101.44	91	1.13
Period: 92
Tasks:12
id	x	y	end	c
1354	122.28	9.63	94	93.08
1355	131.44	83.78	96	35.38
1356	155.77	14.93	94	101.72
1357	81.4	85.33	94	23.69
1358	139.72	159.99	95	71.95
1359	195.6	135.78	92	102.08
1360	103.37	163.86	92	63.95
1361	3.21	159.21	94	113.46
1362	120	28.39	94	74.35
1363	176.87	61.96	95	85.77
1364	46.7	28.69	94	89.03
1365	197.66	2.91	97	137.71
Drivers: 7
id	x	y	end	sensitivity
509	78.42	199.88	93	0.71
510	195.28	153.29	93	0.82
511	190.64	164.68	93	1.48
512	161.85	88.97	92	0.82
513	146.44	76.82	92	1.02
514	165.81	181.42	93	1.95
515	40.2	10.38	93	1.31
Period: 93
Tasks:16
id	x	y	end	c
1366	197.39	199.23	96	139.04
1367	88.28	19.54	95	81.31
1368	95.44	113.79	93	14.52
1369	110.57	199.79	94	100.35
1370	46.19	127.71	95	60.53
1371	163.56	70.28	93	70.17
1372	62.19	58.42	94	56.2
1373	57.94	71.79	94	50.64
1374	90.84	155	94	55.76
1375	1.03	155.45	97	113.44
1376	73.96	41.49	94	64.04
1377	190.33	151.04	94	103.75
1378	79.68	193.69	94	95.87
1379	7.39	178.39	95	121.33
1380	172.15	181.39	94	108.77
1381	79.2	98.28	94	20.87
Drivers: 5
id	x	y	end	sensitivity
516	7.93	109.88	93	1.72
517	77.88	193.82	93	1.03
518	99.62	130.83	94	1.6
519	92.61	188.86	93	1.58
520	25.68	60.94	95	1.43
Period: 94
Tasks:17
id	x	y	end	c
1382	21.55	161.19	95	99.49
1383	134.46	3.93	96	102.06
1384	153.96	2.05	95	111.83
1385	176.82	71.3	95	82.01
1386	185.24	45.84	95	100.99
1387	90.64	98.52	98	9.48
1388	36.86	13.46	96	107.13
1389	111.43	190.29	99	91.01
1390	177.29	60.65	97	86.73
1391	55.06	190.37	96	100.93
1392	139.85	19.27	96	90.03
1393	56.77	146.45	96	63.45
1394	83.83	24.22	96	77.49
1395	115.61	15.14	95	86.28
1396	179.73	188.07	97	118.8
1397	106.23	72.88	95	27.83
1398	60.1	147.16	98	61.77
Drivers: 8
id	x	y	end	sensitivity
521	171.22	154.53	94	1.77
522	181.26	120.36	94	1.85
523	70.26	0.75	99	1.5
524	82.46	191.77	94	0.63
525	161.99	154.45	95	1.82
526	1.69	27.37	97	0.88
527	192.76	176.27	94	1.06
528	160.6	97.39	96	1.13
Period: 95
Tasks:14
id	x	y	end	c
1399	38.77	31.09	96	92.18
1400	93.02	174.36	95	74.69
1401	165.64	4.28	98	116.06
1402	38.33	162.26	98	87.63
1403	47.86	68.29	96	61.03
1404	140.22	19.97	95	89.57
1405	171.18	183.28	95	109.55
1406	31.09	115.83	97	70.7
1407	79.08	43.78	97	59.99
1408	183.63	51.76	95	96.55
1409	45.32	44.39	97	77.99
1410	35.25	12.72	96	108.68
1411	79.4	104.1	97	21
1412	18.94	83.7	98	82.68
Drivers: 5
id	x	y	end	sensitivity
529	86.83	129.94	96	0.61
530	0.35	9.26	96	1.49
531	140.97	97.17	96	0.82
532	118.35	122.03	95	1.65
533	173.73	4.24	97	0.56
Period: 96
Tasks:12
id	x	y	end	c
1413	136.23	103.05	98	36.36
1414	38.38	75	99	66.5
1415	79.49	75.58	101	31.89
1416	86.25	174.37	96	75.63
1417	150.11	197.69	99	109.79
1418	123.58	31.37	101	72.57
1419	187.28	83.43	97	88.84
1420	63.12	139.11	98	53.76
1421	1.78	185.88	100	130.47
1422	118.79	136.83	100	41.35
1423	4.76	72.35	99	99.17
1424	162.62	111.88	96	63.74
Drivers: 3
id	x	y	end	sensitivity
534	183.5	196.74	98	1.8
535	103.42	52.2	99	0.95
536	110.27	145.7	97	1.92
Period: 97
Tasks:17
id	x	y	end	c
1425	147.82	30.73	102	84.17
1426	118.58	98.82	100	18.62
1427	126.37	20.32	100	83.93
1428	103.87	188.01	97	88.1
1429	1.51	15.59	99	129.71
1430	56.02	112.64	97	45.76
1431	63.6	31.93	102	77.19
1432	86.39	146.45	99	48.4
1433	182.6	109.53	97	83.15
1434	180.13	145.04	97	91.92
1435	24.81	158.5	98	95.27
1436	183	70.63	97	88.04
1437	114.36	94.92	99	15.23
1438	122.4	175.07	100	78.34
1439	118.26	147.8	100	51.17
1440	82.34	175.3	102	77.34
1441	73.32	179.98	98	84.31
Drivers: 4
id	x	y	end	sensitivity
537	167.94	128.03	97	1.35
538	95.74	129.98	97	1.01
539	123.73	182.8	99	0.54
540	26.45	146.42	98	1.38
Period: 98
Tasks:12
id	x	y	end	c
1442	137.73	197.93	99	104.95
1443	89.22	173.72	99	74.5
1444	83.06	3.57	101	97.91
1445	3.47	175.77	99	122.72
1446	86.39	55.23	101	46.79
1447	106.69	169.79	98	70.11
1448	110.1	135.01	100	36.44
1449	150.27	36.99	99	80.61
1450	40.35	199.83	99	116.29
1451	72.28	99.44	98	27.73
1452	191.27	40.07	99	109.19
1453	38.32	180.61	101	101.5
Drivers: 6
id	x	y	end	sensitivity
541	107.77	189.01	99	1.37
542	97	173.71	99	1.23
543	50.95	11.06	100	1.06
544	57.09	33.86	99	0.94
545	129.45	4.96	99	0.99
546	109.54	189.79	98	0.87
Period: 99
Tasks:11
id	x	y	end	c
1454	4.45	40.92	101	112.34
1455	40.54	16.75	103	102.3
1456	199.29	139.67	101	106.92
1457	75.32	75.84	100	34.54
1458	25.97	63.35	103	82.61
1459	188.74	159.79	100	107
1460	37.64	51.32	99	79.11
1461	18.63	21.65	101	112.96
1462	82.17	6.69	101	95
1463	180.97	133.5	99	87.63
1464	66.38	179.73	101	86.53
Drivers: 5
id	x	y	end	sensitivity
547	17.02	15.73	100	0.99
548	189.9	10.86	100	0.75
549	27.05	174.08	99	1.69
550	95.27	40.39	99	1.14
551	185.66	161.71	99	0.57
Period: 100
Tasks:19
id	x	y	end	c
1465	104.85	97.99	105	5.25
1466	74.33	162.16	101	67.25
1467	193.5	188.09	100	128.46
1468	103.63	59.62	102	40.54
1469	140.69	3.46	102	104.76
1470	3.88	131.36	104	101.11
1471	90.94	100.84	102	9.1
1472	63.72	30.16	101	78.7
1473	198.56	67.85	101	103.67
1474	9.38	49.4	103	103.79
1475	160.12	196.9	102	114.04
1476	136.78	131.23	105	48.25
1477	79.67	91.09	103	22.2
1478	62.83	173.6	100	82.45
1479	180.03	128.38	100	84.91
1480	155.11	134.04	100	64.78
1481	39.54	50.81	103	77.94
1482	102.94	170.63	103	70.69
1483	178.69	116.76	105	80.46
Drivers: 7
id	x	y	end	sensitivity
552	10.49	173.64	102	0.81
553	17.2	142.38	100	0.82
554	152.73	98.68	102	0.63
555	40.33	15.29	100	1.59
556	82.94	23.09	101	1.82
557	143.4	44.51	100	1.08
558	160.47	75.15	100	0.86
