Periods: 100
Task Arrival Rate: 10
Task Average Time: 2
Driver Arrival Rate: 15
Driver Average Time: 2
Period: 1
Tasks:10
id	x	y	end	c
1	170.68	113.17	6	71.9
2	116.62	193.03	1	94.5
3	197.3	15.37	4	128.96
4	99.37	183.33	2	83.33
5	58.74	16.8	3	92.87
6	82.62	37.47	7	64.9
7	28.15	71.23	2	77.4
8	192.66	181.99	2	123.73
9	170.18	176.22	2	103.61
10	5.21	95.87	3	94.88
Drivers: 12
id	x	y	end	sensitivity
1	130.21	146.29	5	0.59
2	126.61	68.76	1	0.54
3	29.21	24.72	1	1.36
4	156.51	66.28	5	1
5	64.68	32.03	3	0.6
6	25.98	78.47	3	1.4
7	127.78	171.72	4	1.84
8	99.97	106.66	6	1.48
9	182.5	193.69	3	1.3
10	21.9	148.25	1	1.32
11	116.46	198.51	5	0.98
12	133.12	153.01	3	1.61
Period: 2
Tasks:11
id	x	y	end	c
11	87.13	20.87	5	80.17
12	50.16	145.75	4	67.65
13	157.23	86.66	4	58.76
14	15.06	105.01	5	85.09
15	92.08	6.41	6	93.92
16	129.07	81.12	3	34.66
17	58.54	51.24	4	64
18	52.44	131.88	3	57.26
19	170.43	159.73	3	92.35
20	136.77	159.5	4	69.94
21	124	68.29	3	39.77
Drivers: 19
id	x	y	end	sensitivity
13	152.73	110.45	3	0.66
14	185.21	196.37	3	1.24
15	34.01	165.3	7	0.87
16	69.57	94.6	6	1.65
17	122.34	26.78	4	1.83
18	187.82	45.18	3	1.43
19	15.42	99.59	7	1.59
20	157.06	187.63	4	1.82
21	138.44	130.29	2	0.55
22	102.53	130.74	5	0.76
23	101.08	151.99	4	0.7
24	12.74	119.46	3	0.86
25	105.87	164.34	2	1.5
26	195.08	118.57	4	1.96
27	128.63	63.9	4	1.49
28	167.43	124.03	3	1.13
29	128.06	81.35	3	0.84
30	198.66	40.68	5	1.71
31	26.59	180.96	3	1.05
Period: 3
Tasks:13
id	x	y	end	c
22	160.47	26.89	5	94.88
23	47.79	143.82	3	68.16
24	57.92	22.93	5	87.81
25	1.5	165.54	6	118.31
26	137.98	115.74	5	41.11
27	198.78	32.73	4	119.51
28	75.86	156.69	9	61.62
29	191.7	135.94	4	98.49
30	184.21	108.59	6	84.65
31	164.18	17.78	4	104.3
32	188.99	192.36	6	128.26
33	24.52	49.99	3	90.54
34	63.99	171.2	5	79.79
Drivers: 18
id	x	y	end	sensitivity
32	103.96	126.18	6	1.38
33	180.07	95.82	5	1.34
34	96.49	53.68	5	1.12
35	87.69	23.27	5	1.93
36	7	102.32	5	0.56
37	98.24	83.03	5	0.57
38	139.96	118.02	5	0.6
39	79.72	40.1	4	1.4
40	164.82	1.71	5	0.56
41	80.65	149.61	7	1.26
42	161.69	100.17	5	1.44
43	90.12	67.59	5	1.75
44	13.36	7.27	4	1.78
45	6.91	175.05	3	1.38
46	145.36	59.29	8	1.28
47	4.6	1.89	4	1.46
48	182.28	117.43	8	1.8
49	159.6	37.55	5	1.81
Period: 4
Tasks:10
id	x	y	end	c
35	48.74	151.93	6	72.97
36	117.82	0.78	6	100.81
37	68.47	69.54	5	43.84
38	53.1	50.12	10	68.47
39	107.58	113.41	7	15.4
40	179.64	17.87	7	114.4
41	107.37	68.33	5	32.52
42	1.15	152.65	5	112
43	100.6	66.79	6	33.22
44	189.07	141.49	9	98.26
Drivers: 17
id	x	y	end	sensitivity
50	180.01	105.03	5	1.21
51	83.92	45.07	6	0.74
52	110.69	175.11	4	1.39
53	98.02	101.49	8	1.77
54	177.39	119.85	6	1.34
55	198.33	24.43	4	1.58
56	36.81	104.92	6	1.8
57	121.22	102.52	5	1.8
58	23.62	159.62	7	0.55
59	37.06	154.84	5	1.84
60	114.34	114.99	5	0.81
61	103.23	84.13	7	0.56
62	106.6	145.41	5	1.1
63	83.78	120.61	9	1.8
64	120.29	26.14	7	0.97
65	148.7	134.65	6	1.06
66	23.91	60.63	8	0.86
Period: 5
Tasks:4
id	x	y	end	c
45	162.45	31.32	9	92.83
46	192.92	38.98	9	111.16
47	90.07	2.08	5	98.42
48	149.62	166.96	6	83.34
Drivers: 13
id	x	y	end	sensitivity
67	138.85	71.15	6	1.79
68	59.19	159.76	7	1.6
69	44.54	195.49	7	1.42
70	9.49	90.84	5	1.52
71	45.85	173.76	9	1.6
72	135.45	145.09	11	0.79
73	81.35	69.33	11	1.39
74	135.5	56.39	5	1.87
75	34.67	74.89	9	1.61
76	88.89	8.91	6	1.51
77	15.32	86.88	9	0.62
78	196.39	82.26	6	0.52
79	121.65	69.66	5	1.33
Period: 6
Tasks:8
id	x	y	end	c
49	32.79	157.3	7	88.32
50	111.9	55.65	8	45.92
51	169.2	145.49	7	82.81
52	49.94	121.73	6	54.57
53	109.38	131.45	6	32.82
54	2.59	114.19	8	98.44
55	41.83	0.58	10	115.19
56	54.37	105.11	7	45.92
Drivers: 10
id	x	y	end	sensitivity
80	119.73	52.76	6	0.8
81	21.69	119.81	8	0.79
82	20.85	38.78	6	1.11
83	157.99	142.52	7	1.08
84	38.68	62.76	10	1.01
85	43.06	177.3	10	1.77
86	127.24	75.34	8	1.21
87	136.84	158.99	10	1.81
88	105.92	75.07	7	0.98
89	153.15	103.69	7	0.9
Period: 7
Tasks:13
id	x	y	end	c
57	140.76	75.95	9	47.33
58	153.99	55.36	9	70.05
59	4.6	161.77	8	113.65
60	178.69	90.48	7	79.26
61	122.27	114.87	8	26.78
62	45.42	59.46	12	67.99
63	187.71	27.47	9	113.81
64	48.77	33.46	10	83.98
65	134.98	176.63	11	84.24
66	112.41	25.38	8	75.64
67	129.73	82.09	9	34.71
68	142.34	133.47	11	53.97
69	98.25	52.54	8	47.49
Drivers: 20
id	x	y	end	sensitivity
90	17.78	131.23	8	1.32
91	94.9	159.16	7	1.62
92	24.59	155.91	7	1.9
93	176.78	78.08	9	1.14
94	161.61	108.69	11	0.95
95	55.32	134.54	7	1.39
96	152.18	183.5	10	1.87
97	59.55	39.06	8	1.12
98	111.16	72.13	7	1.34
99	155.61	104.42	9	1.33
100	194.19	190.59	9	1.05
101	25.37	35.38	7	1.39
102	131.3	13.34	7	1.98
103	176.55	132.29	7	0.91
104	184.05	199.78	9	0.66
105	189.08	121.64	10	1.29
106	162.13	154.49	11	0.83
107	167.38	9.72	8	1.39
108	30.68	155.25	7	0.71
109	133.14	65.35	10	1.95
Period: 8
Tasks:9
id	x	y	end	c
70	189.93	192.54	8	129.04
71	86.77	37.21	9	64.17
72	190.98	163.05	13	110.69
73	62.25	69.02	10	48.83
74	97.79	140.09	9	40.15
75	196.16	84.02	11	97.48
76	22.79	23.2	11	108.9
77	120.76	126.62	9	33.76
78	26.51	167.92	11	100.07
Drivers: 9
id	x	y	end	sensitivity
110	33.89	194.91	10	0.6
111	75.64	23.95	9	1.89
112	84.93	18.5	11	0.97
113	29.93	71.64	13	0.56
114	45.75	100.62	11	0.6
115	55.57	88.63	10	1.76
116	123.37	108.07	10	0.98
117	126.59	165.11	13	1.62
118	198.89	56.1	11	0.81
Period: 9
Tasks:16
id	x	y	end	c
79	142.34	64.33	13	55.36
80	77.6	69.7	10	37.68
81	139.91	83.22	11	43.29
82	134.5	178.13	10	85.41
83	0.58	173.57	13	123.68
84	1.86	59.38	12	106.21
85	73.65	46.43	12	59.7
86	10.27	115.77	11	91.11
87	69.75	154.7	12	62.51
88	135	44.5	11	65.61
89	190.4	39.54	13	108.75
90	84.88	102.25	10	15.29
91	80.04	114.99	13	24.96
92	102.43	7.1	9	92.93
93	150.56	86.35	11	52.37
94	112.94	11.29	12	89.65
Drivers: 28
id	x	y	end	sensitivity
119	113.45	70.64	10	0.57
120	34.65	43.44	13	1.32
121	19.89	62.47	12	1.61
122	82.93	25.35	12	0.87
123	0.06	97.45	11	1.17
124	32.09	161.4	10	1.15
125	137.55	34.55	12	1.69
126	121.8	121.12	12	1.37
127	40.84	18.62	12	1.94
128	51.16	4.84	12	1.41
129	17.29	75.06	11	1.91
130	149.56	176.58	12	0.61
131	78.13	178.44	10	0.57
132	69.18	162.93	9	1.37
133	44.46	42.28	14	1.16
134	85.25	9.97	12	0.92
135	179.37	181.04	12	0.65
136	57.99	195.18	15	1.96
137	9.09	34.73	10	1.72
138	135.98	99.8	12	1.56
139	60.05	28.26	13	1.26
140	52.77	174.88	10	1.32
141	195.07	52.45	12	1.91
142	4.42	152.73	10	0.58
143	163.98	177.76	11	1.5
144	150.89	185.25	12	0.63
145	182.33	61.31	12	1.42
146	138.02	29.52	10	1.3
Period: 10
Tasks:9
id	x	y	end	c
95	192.1	165.63	13	113.09
96	175.65	154.11	12	93.01
97	199.52	21.65	11	126.66
98	17.61	104.52	12	82.51
99	141.86	104.92	11	42.15
100	128.88	6.12	11	98.22
101	95.08	70.72	12	29.69
102	105.1	85.25	13	15.61
103	49.06	188.4	10	102.03
Drivers: 19
id	x	y	end	sensitivity
147	170.77	90.61	12	1.06
148	26.84	139.63	11	1.14
149	162.52	102.6	10	0.75
150	129.98	37.38	14	0.76
151	194.1	141.7	11	1.59
152	29.24	14.27	12	0.53
153	166.27	107.89	12	1.06
154	115.75	122.56	10	1.55
155	150.39	174.17	13	1.55
156	66.04	59.93	12	1.61
157	162.54	146.75	13	1.88
158	178.98	25.22	11	1.47
159	193.5	170.56	10	1.28
160	156.07	65.32	11	1.4
161	111.68	156.94	12	1.86
162	23.22	79.03	11	1.06
163	119.76	107.51	12	1.86
164	72.91	144.53	10	1.86
165	63.21	117.37	12	1.16
Period: 11
Tasks:10
id	x	y	end	c
104	48.74	193.95	12	107.02
105	137.87	121.15	12	43.38
106	33.66	102.81	13	66.4
107	128.39	163.31	13	69.38
108	139.6	86.51	17	41.83
109	184.17	62.8	13	92.02
110	88.3	23.97	16	76.92
111	63.72	35.88	14	73.67
112	100.99	185.23	16	85.24
113	27.29	128.18	15	77.98
Drivers: 12
id	x	y	end	sensitivity
166	31.74	38.6	11	1.64
167	192.09	165.17	12	1.33
168	9.43	14.69	13	1.63
169	191.22	127.29	13	0.6
170	15.9	86.17	11	0.8
171	115.23	158.14	15	1.04
172	64.08	57.49	11	1.78
173	127.74	158.24	13	1.03
174	126.31	95.23	12	0.92
175	137.59	143.85	12	2
176	100.48	70.12	12	0.82
177	174.05	159.52	13	1.42
Period: 12
Tasks:9
id	x	y	end	c
114	159.25	6.53	12	110.67
115	159.76	0.13	13	116.38
116	31.24	162.82	12	93.14
117	68.72	194.48	13	99.52
118	143.62	141.25	14	60.04
119	125.35	143.32	16	50.19
120	90.95	33.84	15	66.78
121	82.61	81.55	14	25.35
122	31.71	147.82	14	83.37
Drivers: 14
id	x	y	end	sensitivity
178	1.86	129.99	14	0.71
179	75.31	106.74	16	0.93
180	96.3	178.89	14	0.75
181	180.45	22.31	15	0.67
182	10.55	196.31	13	0.55
183	198.78	98.4	15	0.71
184	164.02	186.89	13	1.46
185	153.1	2.1	15	1.57
186	144.17	98.01	13	1.68
187	79.06	173.54	15	0.68
188	181.03	177.69	12	0.83
189	94.49	71.02	16	1.29
190	159.05	169.81	15	0.73
191	48.79	47.01	13	1.94
Period: 13
Tasks:13
id	x	y	end	c
123	55.9	198.68	16	108.09
124	0.31	76.82	15	102.35
125	140.48	124.01	14	47.06
126	26.36	62.62	14	82.58
127	29.22	30.4	15	99.27
128	187.68	69.66	14	92.78
129	28.65	93.61	14	71.64
130	44.73	160.45	14	81.91
131	81.27	101.83	15	18.82
132	29.72	85.64	15	71.73
133	133.99	162.1	15	70.79
134	141.81	165.31	13	77.55
135	141.24	49.15	15	65.47
Drivers: 11
id	x	y	end	sensitivity
192	91.69	17.63	15	1.25
193	18.94	17.18	15	1.15
194	18.63	148.11	16	1.23
195	38.34	174.87	15	0.52
196	119.55	167.75	13	1.9
197	163.58	23.16	14	1.49
198	177.61	47.18	15	1.6
199	113.95	172.47	14	0.59
200	118.97	6.75	14	0.94
201	103.58	154.06	15	0.56
202	118.99	59.86	16	1.82
Period: 14
Tasks:9
id	x	y	end	c
136	65.59	64	16	49.8
137	191.22	61.19	14	99.13
138	75.04	96.55	15	25.2
139	166.49	176.87	14	101.64
140	101.67	111.81	15	11.93
141	196.91	170.05	16	119.58
142	172.44	104.15	17	72.56
143	119.22	133.03	17	38.22
144	65.35	105.26	15	35.05
Drivers: 14
id	x	y	end	sensitivity
203	183.54	22.37	16	1.41
204	195.27	116.27	15	1.37
205	83.1	59.66	15	1.24
206	127.02	48.83	17	1.72
207	190.14	118.36	14	1.26
208	118.12	159.44	17	1.32
209	40.36	14.89	16	0.84
210	138.28	87.86	14	1.94
211	73.64	89.54	17	0.51
212	193.44	174.62	15	1.19
213	46.57	164.31	15	1.01
214	90.94	45.07	15	1.65
215	139.65	114.25	15	1.99
216	114.03	71.07	14	1.87
Period: 15
Tasks:7
id	x	y	end	c
145	65.73	68.27	16	46.7
146	84.89	57.06	15	45.52
147	89.68	117.28	17	20.13
148	164.41	129.22	16	70.73
149	82.12	134.72	17	39.05
150	113.88	73.3	16	30.09
151	13.47	13.96	15	122.03
Drivers: 13
id	x	y	end	sensitivity
217	27.3	99.65	18	0.62
218	57.54	192.67	17	1.58
219	182.27	197.05	16	1.99
220	139.47	157.52	15	0.67
221	127.57	191.98	17	1.05
222	94.57	59.67	18	1.47
223	94.01	179.37	15	1.55
224	42.44	89.41	18	1.36
225	2.49	182.96	17	1.39
226	110.02	78.47	17	1.12
227	51.35	142.32	17	1.68
228	107.39	195.68	16	1.24
229	112.27	78.75	18	1.75
Period: 16
Tasks:13
id	x	y	end	c
152	120.64	85.84	18	25.03
153	101.85	91.18	16	9.01
154	60.14	13.9	16	94.88
155	103.84	17.35	18	82.74
156	154.02	159.55	20	80.4
157	89.89	80.91	17	21.6
158	156.52	179.34	18	97.41
159	91.97	61.27	18	39.55
160	64.7	104.93	19	35.64
161	3.95	99.96	18	96.05
162	140.48	37	18	74.88
163	61.05	91.01	19	39.97
164	85.34	46.3	18	55.67
Drivers: 13
id	x	y	end	sensitivity
230	120.29	35.88	18	0.52
231	142.29	63.11	19	0.93
232	180.88	165.1	18	0.64
233	58.21	16.54	16	1.44
234	12.05	86.66	17	0.81
235	59.83	8.3	19	1.46
236	123.65	79.34	17	2
237	158.27	134.7	17	1.5
238	135.99	122.93	17	0.61
239	149.57	71.95	19	0.7
240	188.02	171.72	17	1.84
241	108.55	163.89	18	1.66
242	121.96	36.81	17	0.79
Period: 17
Tasks:11
id	x	y	end	c
165	135.15	134.52	18	49.27
166	30.83	38.32	17	92.68
167	63.09	130.86	18	48.11
168	78.21	113.09	18	25.42
169	55.57	38.1	23	76.19
170	107.35	12.55	20	87.76
171	59.45	51.9	19	62.91
172	169.61	78.07	22	72.98
173	89.01	61.75	18	39.8
174	13.81	194.82	19	128.14
175	130.76	100.22	20	30.76
Drivers: 11
id	x	y	end	sensitivity
243	94.32	57.91	18	1.25
244	159.1	126.14	21	0.64
245	83.78	58.29	17	1.78
246	76.51	125.05	18	1.14
247	160.17	109.06	20	1.32
248	146.9	112.67	18	0.99
249	72.37	154.44	21	0.65
250	26.11	13.9	21	1.69
251	22	142.21	20	1.09
252	13.92	39.38	23	1.93
253	199.65	115.7	22	0.79
Period: 18
Tasks:12
id	x	y	end	c
176	163.48	159.73	18	87.16
177	196.88	98.76	19	96.89
178	123.56	178.31	20	81.78
179	71.99	77.87	20	35.7
180	142.72	127.48	21	50.8
181	69.67	71.24	18	41.8
182	86.87	132.03	19	34.62
183	107.35	143.61	19	44.23
184	85.16	1.23	19	99.88
185	167.57	49.54	22	84.33
186	42.13	40.63	19	82.91
187	74.5	101.09	20	25.52
Drivers: 14
id	x	y	end	sensitivity
254	186.87	188.24	22	0.7
255	192.36	87.2	20	0.78
256	51.86	60.66	21	1.26
257	4.27	180.5	20	0.82
258	79.79	37.01	20	1.28
259	117.05	66.91	20	0.75
260	80.5	72.43	22	0.99
261	110.62	42.13	20	1.11
262	159.02	162.17	23	0.74
263	198.25	138.22	19	1.23
264	66.04	121.74	25	1.11
265	15.02	146.42	20	1.5
266	17.26	110.86	20	1.86
267	30.1	69.91	18	1.23
Period: 19
Tasks:8
id	x	y	end	c
188	108.98	108.24	20	12.19
189	164.7	61.5	21	75.29
190	63.1	134.11	22	50.25
191	73.36	53.58	20	53.52
192	157.74	174.82	20	94.51
193	81.79	99	21	18.24
194	165.13	186.78	21	108.5
195	49.14	185.68	19	99.64
Drivers: 12
id	x	y	end	sensitivity
268	156.73	92.39	19	1.96
269	162.27	55.04	22	0.67
270	159.78	124.6	21	1.09
271	8.47	112.52	19	0.98
272	189.64	158.4	20	0.96
273	163.67	176.82	21	1.29
274	164.79	165.91	20	1.54
275	197.86	175.71	23	1.25
276	117.66	59.61	22	0.92
277	135.12	51.41	21	0.76
278	91.18	84.91	24	1.99
279	29.38	158.19	19	1.68
Period: 20
Tasks:8
id	x	y	end	c
196	63.48	54.48	22	58.36
197	69.71	120.71	22	36.69
198	16.24	61.39	21	92.23
199	19.26	23.36	21	111.32
200	83.36	46.39	22	56.13
201	96.09	176.07	22	76.17
202	196.93	90.27	23	97.42
203	197.64	135.09	20	103.75
Drivers: 16
id	x	y	end	sensitivity
280	78.28	151.72	24	0.74
281	28.55	156.91	20	0.77
282	131.75	123.38	22	1.39
283	12.05	144.31	21	1.69
284	106.62	74.14	22	1.45
285	155.43	31.89	21	1.42
286	180.67	93.5	20	0.66
287	41.89	40.34	22	1.09
288	86.93	97.34	20	1.2
289	90.89	106.84	23	1.45
290	37.96	179.41	21	0.94
291	137.44	23.31	22	1.12
292	115.83	58.29	22	0.62
293	100.79	189.11	21	0.58
294	71.46	105.59	22	1.4
295	62.68	75.56	21	1.31
Period: 21
Tasks:7
id	x	y	end	c
204	139.5	102.91	21	39.61
205	108.43	32.88	22	67.65
206	146.25	11.58	24	99.79
207	184.78	106.75	22	85.05
208	188.8	2.08	25	132.19
209	110.24	45.52	23	55.43
210	81.78	25.65	21	76.55
Drivers: 14
id	x	y	end	sensitivity
296	171.55	104.69	23	1.75
297	82.57	2.2	21	1.12
298	54.71	76.68	25	1.19
299	21.62	195.73	22	1.34
300	157.26	26.51	22	1.39
301	120.25	134.63	23	1.18
302	199.13	70.43	24	0.63
303	48.41	53.98	23	1.76
304	3.59	95.97	21	1.52
305	97.98	34.31	21	1.91
306	184.21	179.37	22	0.68
307	197.47	30.61	22	1.93
308	170.82	131.61	22	1.27
309	73	62.62	24	0.84
Period: 22
Tasks:12
id	x	y	end	c
211	128.59	27.42	26	78.01
212	118.35	134.62	27	39.18
213	139.69	20.98	24	88.43
214	5.27	198.75	25	136.84
215	165.55	36.77	24	91.08
216	114.92	100.49	26	14.93
217	147.05	21.64	26	91.4
218	17.37	197.21	23	127.58
219	94.6	147.09	22	47.4
220	182.36	16.96	24	116.96
221	113.64	117.67	24	22.32
222	52.14	112.16	24	49.38
Drivers: 11
id	x	y	end	sensitivity
310	189.45	82.12	24	1.27
311	167.48	133.61	26	1.89
312	186.25	131.48	22	0.82
313	11.06	56.62	24	1.14
314	138.1	23.52	24	1.65
315	165.62	13.39	25	0.55
316	10.92	94.87	26	1.16
317	44.71	0.7	24	0.98
318	23.08	185.38	24	1.77
319	178.76	112.98	23	1.4
320	75.35	179.72	22	1.49
Period: 23
Tasks:14
id	x	y	end	c
223	56.43	184.35	23	94.94
224	41.39	68.13	28	66.71
225	71.3	81.11	23	34.36
226	112.07	139.89	26	41.68
227	176.43	126.14	25	80.78
228	14.13	112.25	27	86.74
229	78.07	186.66	27	89.39
230	23.15	173.42	25	106.28
231	163.44	57.47	24	76.38
232	17.25	188.02	24	120.81
233	186.87	60.1	26	95.6
234	140.16	105.77	25	40.57
235	134.1	178.42	23	85.51
236	143.68	79.55	27	48.23
Drivers: 18
id	x	y	end	sensitivity
321	170.51	169.91	27	1.42
322	132.09	174.99	24	1.95
323	159.01	193.77	29	1.33
324	105.62	187.67	23	0.99
325	185.06	181.86	26	0.82
326	92.73	116.51	25	1.74
327	46.61	9.37	23	1.61
328	128.19	139.17	25	0.87
329	164.45	96.4	26	0.67
330	63.79	86.38	27	0.7
331	124.6	150.67	23	1.03
332	183.22	154.41	23	0.78
333	79.63	72.28	26	1.3
334	51.73	142.88	24	1.94
335	135.38	24.71	24	1.57
336	88.63	87.01	27	1.19
337	72.49	6.28	24	0.74
338	71.7	109.21	24	1.69
Period: 24
Tasks:10
id	x	y	end	c
237	190.32	43.56	26	106.5
238	36.91	112.97	30	64.41
239	182.13	162.9	25	103.45
240	42.78	59.31	26	70.21
241	62.14	183.19	27	91.4
242	103.26	142.04	29	42.17
243	93.62	6.58	25	93.64
244	65.23	114.4	26	37.63
245	14.55	63.03	26	93.1
246	20.8	42.11	24	98.1
Drivers: 23
id	x	y	end	sensitivity
339	70.04	120.92	25	0.89
340	170.69	125.74	26	0.7
341	114.7	164.52	28	1.38
342	12.34	188.97	24	0.96
343	164.28	85.69	28	1.87
344	62.01	125.46	26	1.52
345	199.68	54.49	26	1.25
346	72.54	165.24	26	0.91
347	126.5	170.88	27	0.75
348	151.17	52.75	26	1.01
349	43.19	83.37	30	0.73
350	68.77	116.82	29	0.88
351	197.21	5.38	26	1.07
352	118.61	23.51	27	1.03
353	14.87	113.51	27	1.17
354	37.08	29.87	26	1.98
355	160.65	75.22	26	1.78
356	135.17	199.99	25	0.98
357	70.11	165.59	29	0.83
358	24.97	195.71	28	1.16
359	50.76	76.85	27	1.42
360	3.21	4.28	27	1.71
361	133.58	35.73	27	1.86
Period: 25
Tasks:10
id	x	y	end	c
247	164.86	45.27	25	84.87
248	111.44	29.48	28	71.44
249	172.6	36.38	27	96.53
250	80.9	190.03	26	92.03
251	85.89	97.45	27	14.34
252	141.81	55.04	26	61.4
253	162.23	153.78	25	82.25
254	10.47	107.08	27	89.81
255	110.02	36.69	28	64.1
256	187.59	134.02	27	93.96
Drivers: 17
id	x	y	end	sensitivity
362	147.6	199.5	30	1.45
363	36.62	95.87	28	1.95
364	133.66	17.76	28	1.93
365	113.09	186.59	27	1
366	123.7	121.67	29	1.16
367	102.71	91.99	27	0.74
368	172.96	152.94	31	1.03
369	186.16	192.93	29	1.94
370	16.45	96.78	27	1.96
371	164.65	136.33	27	1.03
372	46.64	115.84	27	1.1
373	174.81	112.95	27	0.85
374	71.19	189.01	29	1.75
375	97.35	150.52	27	1.04
376	19.81	61.58	28	0.67
377	59.38	113.85	31	0.73
378	46.41	81.49	28	1.22
Period: 26
Tasks:16
id	x	y	end	c
257	48.12	180.91	26	96.11
258	183.01	144.88	28	94.37
259	102.02	43.31	29	56.73
260	36.3	162.64	28	89.34
261	155.68	114.82	27	57.62
262	26.47	166.16	28	98.91
263	177.52	140.02	28	87.24
264	118.75	42.29	28	60.68
265	106.38	59.64	27	40.86
266	80.34	195.31	27	97.32
267	197.81	46.04	28	111.71
268	71.04	61.14	29	48.46
269	41.97	16.17	28	101.96
270	12.93	112.64	29	87.98
271	189.65	85.27	27	90.85
272	164.56	80.16	29	67.54
Drivers: 7
id	x	y	end	sensitivity
379	15.81	60.28	28	0.57
380	79.39	76.71	28	1.95
381	110.8	114.07	28	1.35
382	23.6	78.4	26	1.48
383	42.54	173.73	27	0.65
384	190.96	17.06	31	1.25
385	106.64	100.18	27	0.8
Period: 27
Tasks:8
id	x	y	end	c
273	183.82	94.91	29	83.97
274	114.67	37.68	29	64.02
275	171.17	63.24	27	80.1
276	109.56	81.81	30	20.55
277	185.6	178.51	28	116.15
278	119.07	112.07	29	22.57
279	86.91	134.5	28	36.9
280	120.96	92.24	28	22.35
Drivers: 23
id	x	y	end	sensitivity
386	64.97	82.65	31	0.52
387	123.82	169.75	28	1.29
388	176.81	138.68	30	1.27
389	110.06	157.12	30	1.52
390	198.02	28.98	28	1.97
391	121.17	106.4	30	1.14
392	37.72	36.23	28	1.17
393	76.88	150.34	31	0.56
394	100.41	115.86	30	1.14
395	46.73	102.07	30	0.79
396	76.29	130.55	28	1.12
397	3.03	160.96	27	1.4
398	100.46	50.41	29	1.16
399	7.66	18.21	33	1.75
400	26.84	174.34	32	1.73
401	188.3	106.47	29	1.96
402	46.86	27.59	28	1.55
403	160.34	134.55	30	0.93
404	148.05	42.91	33	1.88
405	27.1	16.98	30	1.34
406	148.04	17.04	30	1.11
407	117.52	71.43	28	1.4
408	13.14	182.46	33	0.97
Period: 28
Tasks:17
id	x	y	end	c
281	19.56	48.12	31	95.72
282	19.76	165.33	28	103.47
283	120.16	139.68	28	44.51
284	98.23	17.33	33	82.69
285	103.98	174.66	30	74.77
286	85.58	125.66	32	29.43
287	33.59	134.08	29	74.64
288	108.13	76.77	31	24.61
289	79.76	56.3	29	48.16
290	117.35	43.09	31	59.5
291	145.56	194	29	104.46
292	114.34	171.72	29	73.14
293	173.3	82.99	32	75.25
294	146.52	122.09	29	51.5
295	52.08	116.69	28	50.74
296	63.7	169.92	29	78.78
297	78.29	142.81	31	48
Drivers: 18
id	x	y	end	sensitivity
409	41.73	0.93	32	1.72
410	36.11	23.73	30	1.67
411	123.38	112.33	30	1.63
412	173.44	111.48	33	1.52
413	53.43	135.79	29	1.67
414	45.52	190.28	31	1.52
415	69.75	56.9	28	1.31
416	24.3	153.25	31	1.64
417	26.22	126.46	30	1.47
418	161.3	19.81	29	1.27
419	41.62	11.57	28	1.61
420	57.54	1.24	29	1.88
421	169.27	114.45	30	0.76
422	79.65	1.87	28	1.05
423	73.14	26.6	29	1.69
424	124.94	63.84	29	0.99
425	49.82	47.94	29	1.56
426	134.42	115.43	32	1.38
Period: 29
Tasks:10
id	x	y	end	c
298	172.7	132.85	29	79.78
299	111.66	73.79	29	28.69
300	185.79	6.08	32	127.2
301	199.26	94.83	32	99.39
302	40.71	9.23	30	108.42
303	168.04	99.25	30	68.04
304	166.9	9.89	31	112.23
305	50.8	144.46	32	66.31
306	37.58	39.86	30	86.68
307	33.55	146.56	30	81.14
Drivers: 16
id	x	y	end	sensitivity
427	181.56	96.06	29	1.82
428	49.26	70.57	30	0.51
429	153.71	189.05	30	1.19
430	152.5	32.35	31	0.65
431	158.13	82.05	29	1.94
432	180.17	153.82	30	1.53
433	154.41	134.41	33	1.32
434	161.45	44.67	30	1.52
435	73.67	0.44	30	1.46
436	152.48	30.41	32	1.13
437	140.9	24.68	32	1.75
438	198.43	53.93	31	1.01
439	50.5	58.25	31	1.18
440	54.01	117.19	30	1.19
441	139.5	2.57	32	1.97
442	51.01	197.91	31	0.54
Period: 30
Tasks:8
id	x	y	end	c
308	118.54	36.74	34	65.92
309	117.82	157.25	30	59.96
310	50.2	53.09	32	68.41
311	36.43	158.16	31	86.16
312	136.75	39.09	30	71.14
313	29.37	90.6	32	71.25
314	106.72	186.9	32	87.16
315	56.44	95.38	32	43.8
Drivers: 7
id	x	y	end	sensitivity
443	102.75	23.05	32	1.74
444	11.63	124.74	32	1.65
445	59.68	43.65	30	1.43
446	64.6	67.28	32	1.09
447	114.88	108.84	33	1.11
448	35.27	61.79	33	1.39
449	160.39	28.54	31	0.64
Period: 31
Tasks:8
id	x	y	end	c
316	94.36	105.14	32	7.63
317	57.42	27.74	32	83.87
318	100.73	81.35	33	18.66
319	52.98	13.82	33	98.17
320	133.67	135.16	32	48.68
321	199.88	12.82	33	132.58
322	82.57	139.54	35	43.21
323	86.14	78.89	31	25.25
Drivers: 11
id	x	y	end	sensitivity
450	37.19	157.82	34	1.91
451	149.82	74.65	33	0.57
452	113.78	133.15	33	1.69
453	134.72	102.35	36	1.97
454	5.89	153.95	32	1.03
455	100.27	195.01	32	0.69
456	29.05	92.61	36	1.37
457	57.8	76.04	32	1.75
458	168.31	26.79	32	1.29
459	150.15	85.56	32	1.68
460	1.05	146.85	36	1.9
Period: 32
Tasks:5
id	x	y	end	c
324	138.15	25.7	34	83.52
325	27.91	182.12	37	109.27
326	81.61	182.51	34	84.53
327	184.08	132.1	32	90
328	24.22	119.45	36	78.24
Drivers: 12
id	x	y	end	sensitivity
461	125.68	17.19	34	0.93
462	143.85	125.77	33	1.19
463	160.3	46.56	35	1.41
464	183.35	146.6	35	1
465	31.34	125.56	33	1.53
466	55.24	197.41	33	1.95
467	187.04	89.57	34	0.86
468	61.63	187.96	34	1.05
469	41.43	89.45	32	1.93
470	27.16	141.35	35	1.3
471	195.21	153.86	33	1.81
472	11.46	96.07	34	1.91
Period: 33
Tasks:7
id	x	y	end	c
329	11.94	181.83	34	120.21
330	139.73	71.14	33	49.11
331	69.75	31.04	33	75.3
332	41.21	85.41	36	60.57
333	62.9	61.89	33	53.19
334	63	36.35	36	73.62
335	48.15	52.31	35	70.45
Drivers: 14
id	x	y	end	sensitivity
473	126.82	170.1	33	1.12
474	147.07	69.41	36	1.67
475	198.05	6.2	37	1.91
476	168.36	89.65	35	0.97
477	108.64	98.45	33	1.47
478	64.59	188.07	36	1.59
479	87.04	9.23	34	0.58
480	57.18	179.03	36	1.17
481	43.6	61.06	35	0.65
482	159.97	110.65	33	1.34
483	37.2	135.6	33	0.62
484	47.19	84.11	36	1.62
485	52.75	139.65	36	0.86
486	133.9	174.18	35	1.71
Period: 34
Tasks:5
id	x	y	end	c
336	25.63	49.84	36	89.7
337	58.01	32.89	36	79.16
338	69.32	169.91	37	76.35
339	39.92	108.39	38	60.66
340	191.15	70.87	35	95.69
Drivers: 9
id	x	y	end	sensitivity
487	155.06	100.39	35	1.58
488	145.9	159.61	34	1.37
489	62.49	199.28	36	0.89
490	168.59	189.07	35	0.58
491	145.3	118.07	37	1.88
492	101.33	196.58	35	1.97
493	111.44	117.81	36	1.84
494	23.38	176.58	36	0.57
495	53.96	173.54	36	1.04
Period: 35
Tasks:8
id	x	y	end	c
341	27.57	47.13	39	89.67
342	178.67	1.75	39	125.87
343	53.28	83.03	37	49.71
344	54.3	124.4	38	51.81
345	196.38	39.91	36	113.58
346	176.1	77.03	37	79.49
347	112.79	35.07	36	66.18
348	99.31	15.28	37	84.72
Drivers: 17
id	x	y	end	sensitivity
496	140.76	122.92	36	1.3
497	59.24	16.85	38	0.88
498	168.51	198.44	37	0.68
499	139.04	71.35	37	0.86
500	119.33	192.73	37	0.77
501	61.24	27.06	35	0.63
502	194.6	158.18	38	0.67
503	96.56	51.93	38	0.98
504	103.12	194.14	35	0.7
505	181.88	147.85	39	1.82
506	25.54	48.79	37	0.69
507	176.38	6.03	38	1.43
508	38.67	159.6	37	1.66
509	47.93	116.71	39	1.86
510	34.53	133.49	39	0.71
511	163.53	168.12	36	0.53
512	40.1	188.14	39	0.66
Period: 36
Tasks:5
id	x	y	end	c
349	39.05	30.89	37	92.15
350	145.91	0.36	41	109.71
351	67.76	128.07	38	42.75
352	156.01	18.89	38	98.57
353	33.7	105.94	39	66.57
Drivers: 9
id	x	y	end	sensitivity
513	3.46	191.77	37	0.69
514	2.64	31.54	39	1.31
515	194.12	103.67	36	0.64
516	68.9	119.87	38	0.86
517	22.3	84.11	39	0.85
518	168.61	19.18	37	0.54
519	78.41	54.37	37	1.01
520	147.94	23.65	38	1.09
521	187.4	111.58	42	1.46
Period: 37
Tasks:9
id	x	y	end	c
354	111.37	25.27	39	75.59
355	85.72	192.69	40	93.78
356	144.31	15.12	39	95.75
357	142.19	5.46	38	103.53
358	50.56	183.32	39	96.88
359	154.52	91.15	45	55.23
360	143.69	40.22	39	74.04
361	153.18	197	40	110.62
362	71.24	75.57	42	37.74
Drivers: 21
id	x	y	end	sensitivity
522	90.67	110.25	40	0.77
523	154.7	92.25	38	1.71
524	157.97	157.52	38	1.06
525	191.81	83	41	1.42
526	137.73	34.17	38	0.62
527	150.56	57.26	39	1.31
528	1.38	61.94	38	1.45
529	184.09	119	39	1.81
530	85.86	77.42	39	1.92
531	17.29	196.31	39	0.8
532	198.8	190.76	37	1.58
533	6.65	10.34	38	1.92
534	18.99	24.36	37	1.58
535	29.94	175.42	37	1.26
536	99.74	128.23	39	0.5
537	20.86	33.26	38	1.5
538	101.43	180.42	38	1.33
539	158.31	192.77	37	0.82
540	123.53	117.55	37	1.47
541	111.36	195.68	38	0.67
542	102.72	100.68	38	1.53
Period: 38
Tasks:14
id	x	y	end	c
363	187.61	11.91	43	124.24
364	160.06	128.03	40	66.28
365	105.86	76.96	40	23.77
366	66.42	92.59	41	34.39
367	42.35	148.32	40	75.22
368	78.39	193.61	40	96.07
369	85.97	114.91	42	20.47
370	4.43	54.83	39	105.71
371	64.36	66.48	40	48.93
372	30.3	84.18	40	71.47
373	181.44	54.2	41	93.44
374	116.46	85.68	43	21.82
375	1.57	176.13	41	124.44
376	166.11	142.6	41	78.65
Drivers: 16
id	x	y	end	sensitivity
543	126.81	152.03	38	1.18
544	154.2	82.56	39	1.72
545	6.11	131.16	44	1.12
546	53.35	19.38	40	1.38
547	130.91	70.76	38	1.26
548	80.42	190.66	40	1.01
549	124.32	55.36	38	0.62
550	129.25	37.08	41	0.92
551	5.37	31.8	40	0.57
552	120.12	189.26	40	1.45
553	15.5	82.64	39	1.47
554	165.78	179.73	38	0.8
555	95.5	123.91	39	1.88
556	113.35	101.84	40	1.62
557	147.79	123.4	41	0.52
558	193.09	28.76	40	0.97
Period: 39
Tasks:9
id	x	y	end	c
377	55.83	23.22	39	88.58
378	82.96	19.86	40	81.93
379	61.13	176.53	42	85.84
380	16.9	136.2	40	90.64
381	5.65	28.76	43	118.22
382	96.2	94.94	40	6.33
383	133.82	19.9	39	86.95
384	13.35	79.07	40	89.14
385	48.59	186.14	41	100.31
Drivers: 21
id	x	y	end	sensitivity
559	175.14	116.85	41	1.23
560	131.76	96.06	42	1.1
561	134.77	76.37	42	1.77
562	25.14	53.39	40	1.2
563	78.15	194.14	42	0.7
564	92.43	153.42	41	1.03
565	40.59	121.07	42	1.76
566	68.68	10.88	42	1.18
567	90.2	116.71	42	0.77
568	179.15	183.85	43	1.35
569	198.05	6.91	42	1.19
570	49.91	88.83	41	1.77
571	32.62	179.54	41	1.75
572	19.58	89.66	42	1.31
573	131.13	6.94	40	1.42
574	137.84	75.85	41	0.64
575	127.77	31.38	40	1.2
576	177.09	184.49	39	1.97
577	45.34	74.51	41	0.96
578	169.03	189.86	41	1
579	66.06	181.1	44	1.62
Period: 40
Tasks:11
id	x	y	end	c
386	196.29	80.63	42	98.22
387	151.15	141.34	42	65.77
388	56.05	196.98	42	106.47
389	136.31	43.05	42	67.54
390	138.68	125.85	43	46.52
391	118.51	15.1	42	86.89
392	172.33	71.05	41	77.91
393	93.54	125.08	41	25.9
394	115.2	13.66	43	87.67
395	136.66	45.72	43	65.5
396	25.09	61.08	40	84.42
Drivers: 12
id	x	y	end	sensitivity
580	40.98	31.61	48	1.82
581	13.2	100.94	41	1.49
582	127.74	83.33	42	1.95
583	66.7	87.67	41	1.95
584	190.06	95.59	41	0.96
585	178.9	113.17	40	1.93
586	130.81	81.33	41	1.24
587	160.35	17.95	41	1.85
588	52.62	196.74	42	1.32
589	45.35	9.08	40	1.17
590	129.92	30.97	43	0.73
591	149.96	75.75	42	1.57
Period: 41
Tasks:7
id	x	y	end	c
397	58.3	49.23	44	65.7
398	80.49	161.69	41	64.7
399	30.25	159.96	44	91.98
400	134.53	129.91	44	45.68
401	21.4	194.35	41	122.8
402	183.26	24.08	42	112.68
403	73.88	85.76	41	29.75
Drivers: 18
id	x	y	end	sensitivity
592	9.82	26.58	44	1.77
593	34.62	4.08	44	0.86
594	105.2	105.52	42	0.87
595	17.23	104.18	44	0.99
596	133.99	40.97	45	1.16
597	177.79	146.98	42	0.96
598	13.4	92.74	42	0.5
599	7.87	123.44	44	0.71
600	121.65	48.6	45	0.95
601	35.34	29.81	43	1.22
602	68.38	109.67	41	0.57
603	26.83	64.19	42	1.04
604	74.63	54.28	43	0.79
605	134.16	60.06	42	0.7
606	179.99	16.7	44	1.44
607	186.85	67.18	44	0.87
608	46.34	14.35	44	1.76
609	132.93	102.96	42	0.69
Period: 42
Tasks:9
id	x	y	end	c
404	147.4	134.43	43	58.58
405	119.89	185.03	44	87.33
406	135.43	32.51	42	76.22
407	37.87	119.93	44	65.25
408	50.59	170.96	43	86.47
409	165.98	148.02	43	81.6
410	23.97	175.04	45	106.82
411	155.28	12.8	43	103.25
412	123.99	133.98	45	41.6
Drivers: 19
id	x	y	end	sensitivity
610	177.61	92.87	44	0.93
611	39.28	55.11	43	1.26
612	53.78	40.85	45	0.91
613	172.66	89.75	43	1.8
614	176.01	166.89	44	0.73
615	65.08	177.56	45	0.64
616	184.4	174.24	43	1.05
617	97.54	178.28	45	0.93
618	143.81	30.59	46	1.22
619	172.54	128.42	44	1.53
620	45.23	95.67	46	0.5
621	16.82	55.11	43	0.96
622	53.58	105.54	47	0.67
623	76.75	15.62	43	1.34
624	70.73	55.37	45	0.84
625	7.79	90.69	43	1.68
626	79.85	49.29	45	1.94
627	61.02	105.38	47	1.72
628	196.08	22.65	43	0.53
Period: 43
Tasks:5
id	x	y	end	c
413	75.54	172.24	48	76.27
414	61.35	51.9	43	61.7
415	164.14	80.91	44	66.92
416	163.98	129.02	44	70.25
417	71.06	53.87	47	54.46
Drivers: 14
id	x	y	end	sensitivity
629	138.12	57.29	44	1.14
630	126.1	2.32	46	0.98
631	86.78	182.66	46	1.18
632	97.9	81.19	43	1.16
633	109.81	123.5	46	0.85
634	9.35	10.31	46	0.86
635	131.89	69.83	43	0.6
636	69.1	26.15	45	0.77
637	113.54	26.23	44	1
638	193.47	163.54	46	0.82
639	59.73	26.85	45	0.72
640	17.4	132.5	44	1.31
641	133.1	5.56	46	1.28
642	124.57	67.26	44	0.94
Period: 44
Tasks:7
id	x	y	end	c
418	86.06	173.46	45	74.77
419	118.57	33.14	44	69.39
420	189.18	174.43	47	116.16
421	55.21	131.14	48	54.55
422	10.99	69.47	46	94.1
423	170.01	36.21	45	94.71
424	35.56	157.18	46	86.15
Drivers: 13
id	x	y	end	sensitivity
643	76.21	102.64	47	0.94
644	94.87	120.38	47	1.51
645	4.28	88.06	45	0.57
646	176.86	54.93	47	0.9
647	91.65	159.14	47	1.24
648	187.48	43.51	46	1.61
649	80.52	166.38	48	0.69
650	76.81	76.35	46	1.51
651	157.07	155.46	45	0.97
652	166.64	164.98	46	1.72
653	78.04	100.64	44	0.93
654	59.92	79.41	45	1.88
655	191.22	67.71	45	0.58
Period: 45
Tasks:9
id	x	y	end	c
425	92.12	20.65	49	79.74
426	124.29	187.97	47	91.26
427	175.09	115.48	45	76.67
428	118.93	30.66	48	71.88
429	179.26	120.45	45	81.86
430	13.58	159.88	46	105.14
431	64.51	168.01	45	76.71
432	179.21	10.79	47	119.3
433	108.88	88.84	47	14.26
Drivers: 12
id	x	y	end	sensitivity
656	111.98	27.3	47	1.84
657	33.96	163.41	49	1.28
658	85.47	170.94	46	0.78
659	50.42	107.79	46	1.49
660	95.43	89.43	47	0.6
661	50.03	23.74	50	0.79
662	163.67	90.55	46	0.78
663	89.34	22.68	47	0.68
664	154.81	182.26	47	1.05
665	27.05	85.46	47	0.89
666	95.27	130.75	46	0.5
667	161.96	25.66	49	0.72
Period: 46
Tasks:13
id	x	y	end	c
434	28.16	1.96	48	121.54
435	146.79	170.85	51	84.91
436	79.75	9.47	49	92.77
437	114.36	156.58	49	58.37
438	106.05	14.87	49	85.34
439	21.91	29.76	48	105.03
440	196.73	18.98	46	126.18
441	117.23	120.41	48	26.71
442	137.63	155.4	48	66.97
443	152.75	107.99	47	53.35
444	69.85	141.97	47	51.68
445	28.33	12.47	48	113.13
446	135.72	182.13	47	89.56
Drivers: 12
id	x	y	end	sensitivity
668	145.02	149.56	48	1.7
669	47.26	155.33	48	0.81
670	19.64	51.67	49	1.97
671	103.64	158.02	48	1.01
672	134.79	164.23	49	1.34
673	39.94	133.7	50	0.99
674	27.83	7.85	46	1.96
675	86.65	72.04	48	1.73
676	75.49	98.83	49	0.94
677	191.82	115.36	47	1.86
678	184.2	147.86	47	1.67
679	80.16	78.13	47	1.65
Period: 47
Tasks:8
id	x	y	end	c
447	47.56	18.28	50	97.1
448	95.89	49.01	50	51.16
449	19.93	24.68	49	109.93
450	128.48	10.16	51	94.25
451	192.71	3.43	50	133.87
452	153.21	157.86	50	78.61
453	156.34	76.39	48	61.09
454	15.35	190.48	48	123.9
Drivers: 20
id	x	y	end	sensitivity
680	178.34	149.99	48	0.7
681	122.23	76.37	47	1.21
682	147.23	146.95	48	0.93
683	3.57	1.87	50	0.81
684	144.71	81.02	48	1.48
685	75.23	5.69	48	1.5
686	42.27	24.49	52	1.88
687	193.72	143.57	50	1.02
688	9.23	19.32	50	1.44
689	82.25	186.09	49	1.16
690	167.82	143.86	47	1.31
691	72.94	8.02	49	1.41
692	126.68	135.52	48	1.86
693	25.27	135.86	47	1.53
694	184.41	46.31	50	1.38
695	182.54	180.13	48	1.68
696	173.12	158.29	48	1.85
697	22.03	102.72	48	0.99
698	95.07	132.01	50	1.49
699	92.15	118.46	47	1.13
Period: 48
Tasks:11
id	x	y	end	c
455	70.13	102.22	51	29.95
456	112.04	99.89	52	12.04
457	97.26	104.81	49	5.54
458	40.54	44.04	50	81.65
459	9.68	119.82	51	92.47
460	35.01	31.27	48	94.59
461	9.77	132.52	50	95.91
462	180.72	154.08	49	97.16
463	95.68	91.17	49	9.83
464	192.94	111.19	50	93.61
465	129.35	161.75	51	68.37
Drivers: 9
id	x	y	end	sensitivity
700	143.42	148.21	52	0.98
701	187.48	112.35	49	1.73
702	154.95	49.79	48	1.79
703	33.21	98.96	51	1.53
704	190.53	190.18	48	0.69
705	144.12	103.16	50	0.69
706	155.66	162.2	52	1.01
707	32.21	110.64	49	0.77
708	170.74	194.33	50	1.99
Period: 49
Tasks:10
id	x	y	end	c
466	129.88	62.86	52	47.67
467	132.82	122.57	50	39.83
468	98.24	179.4	51	79.42
469	72.96	127.14	50	38.31
470	90.1	7.42	49	93.11
471	65.55	32.99	50	75.35
472	189.42	55.94	49	99.69
473	93.56	122.67	52	23.57
474	146.4	95.85	51	46.59
475	6.67	10.65	49	129.2
Drivers: 12
id	x	y	end	sensitivity
709	187.76	122.21	53	0.76
710	106.71	58.81	53	1.25
711	21.52	184.43	54	1.21
712	103.16	91.36	51	1.05
713	78.88	40.32	50	1.44
714	107.7	124.83	51	1.28
715	104.43	84.47	49	1.85
716	158.93	164.75	51	1.03
717	188.08	177.59	49	1.7
718	28.83	51.77	50	1.25
719	155.93	17.12	52	1.55
720	184.04	74.59	52	1.15
Period: 50
Tasks:8
id	x	y	end	c
476	0.94	97.53	53	99.09
477	82.6	141.43	51	44.94
478	124.09	54.06	50	51.87
479	78.89	53.54	50	51.03
480	8.02	126.15	51	95.63
481	87	198.25	52	99.11
482	164.04	65.25	52	72.86
483	73.04	51.67	54	55.34
Drivers: 14
id	x	y	end	sensitivity
721	184.42	136.05	54	0.59
722	69.8	66.01	51	0.51
723	179.52	162.01	51	1.64
724	87.59	176.38	51	1.94
725	157.01	189.13	52	1.81
726	104.49	64.49	53	1.28
727	91.52	69.93	52	1.48
728	175.63	104.97	52	1.34
729	73.12	97.21	53	0.84
730	15.39	25.74	52	1.98
731	110.1	35.6	53	1.37
732	111.5	27.8	51	1.9
733	134.7	96.66	53	0.72
734	98.43	94.01	50	1.7
Period: 51
Tasks:10
id	x	y	end	c
484	137.83	99.62	53	37.83
485	183.28	152.7	52	98.55
486	133.27	86.78	52	35.8
487	120.61	62.92	52	42.42
488	119.34	11.2	52	90.88
489	18.59	5.2	51	124.96
490	48.58	0.99	51	111.57
491	164.16	186.61	53	107.79
492	166.9	116.14	53	68.82
493	70.03	29.9	54	76.24
Drivers: 19
id	x	y	end	sensitivity
735	106.07	29.38	53	1.35
736	199.99	19.68	54	0.71
737	171.38	160.21	52	0.82
738	6.07	186.72	51	1.62
739	20.15	28.43	52	0.53
740	138.46	54	54	0.67
741	163.19	10.52	51	1.4
742	176.54	129.08	52	1.06
743	53.68	124.24	55	1.54
744	72.23	70.68	52	1.75
745	119.39	18.44	52	0.69
746	17.78	118.16	53	1.99
747	186.36	161.5	51	1.24
748	78.25	29.9	53	0.95
749	198.06	76.33	54	1.09
750	110.95	83.08	54	0.85
751	182.41	164.52	53	0.6
752	198.49	29.64	51	0.88
753	183.6	9.25	52	0.84
Period: 52
Tasks:18
id	x	y	end	c
494	34.13	54.98	54	79.79
495	138.1	172.59	54	81.98
496	118.08	144.55	56	48.08
497	124.35	54.38	52	51.71
498	86.43	187.78	53	88.82
499	47.45	71.5	56	59.78
500	41.32	151.84	55	78.3
501	160.92	192.75	53	110.97
502	58.71	66.7	54	53.04
503	43.79	85.5	52	58.05
504	133.82	72.95	53	43.31
505	55.59	66.57	52	55.59
506	19.73	129.32	54	85.46
507	52.72	147.71	55	67.17
508	49.78	81.93	52	53.37
509	79.7	58.94	54	45.8
510	28.46	118.15	52	73.81
511	15.96	197.19	53	128.49
Drivers: 11
id	x	y	end	sensitivity
754	15.38	2.09	55	1.2
755	15.06	73.67	55	1.71
756	139.66	120.09	53	1.14
757	136.01	34.61	53	1.01
758	152	120.5	53	0.77
759	115.91	23.18	56	1.7
760	165.11	139.76	53	1.98
761	62.41	141.19	52	1.1
762	101.5	133.54	52	1.7
763	58.71	8.63	54	1
764	98.51	180.38	53	1.45
Period: 53
Tasks:12
id	x	y	end	c
512	189.05	155.7	57	105.04
513	23.19	2.13	55	124.41
514	81.74	119.46	55	26.69
515	94.94	194.03	55	94.17
516	160.2	164.76	55	88.42
517	78.81	66.63	54	39.53
518	189.89	108.81	57	90.32
519	119.36	144.34	53	48.38
520	150.61	72.61	55	57.55
521	0.1	179.42	55	127.62
522	118.36	93.56	57	19.46
523	51.16	110.9	55	50.04
Drivers: 14
id	x	y	end	sensitivity
765	161.7	67.96	53	1.19
766	47.16	66.01	54	1.6
767	149.74	100.5	55	1.32
768	71.63	28.72	54	0.51
769	82.04	44.1	55	1.19
770	73.58	24.03	55	1.89
771	50.52	105.22	57	1.44
772	122.53	125.96	57	1.02
773	49.69	144.32	55	1.33
774	110.45	188.4	53	0.83
775	22.77	138.73	54	0.57
776	192.86	157.45	56	1.28
777	53.5	153.96	56	0.76
778	11.87	113.76	55	0.53
Period: 54
Tasks:7
id	x	y	end	c
524	31.1	141.03	56	80.19
525	87.15	64.03	57	38.2
526	110.86	183.71	60	84.41
527	22.8	197.64	56	124.47
528	177.11	178.28	60	109.88
529	83.29	54.29	55	48.67
530	130.21	69.86	55	42.67
Drivers: 18
id	x	y	end	sensitivity
779	57.59	185.63	57	1.23
780	3.17	6.14	54	1
781	92.53	4.84	54	0.64
782	186.13	76.28	56	0.68
783	125.69	151.57	54	1.64
784	110.04	82.24	55	1.7
785	130.07	117.17	54	1.81
786	24.87	146.52	58	0.84
787	73.44	86.13	56	0.73
788	172.61	172.79	54	1.12
789	173.84	114	55	1.06
790	52.53	86.88	57	1.16
791	189.2	34.39	55	0.82
792	122.84	162.25	57	1.02
793	4.13	31.19	56	1.58
794	85.08	185.35	55	0.87
795	42.62	158.16	55	1.51
796	187.74	55.7	56	0.76
Period: 55
Tasks:14
id	x	y	end	c
531	189.19	173.27	55	115.43
532	6.86	52.63	56	104.49
533	7.35	8.06	57	130.53
534	154.44	105.96	57	54.77
535	54.76	99.78	55	45.24
536	111.01	94.78	58	12.18
537	10.54	151.08	57	103.02
538	28.95	163.47	57	95.27
539	186.41	57.18	57	96.44
540	87.92	193.82	56	94.59
541	57.31	113.96	59	44.91
542	99.31	175.36	56	75.36
543	87.44	75.42	57	27.6
544	95.37	172.62	56	72.77
Drivers: 10
id	x	y	end	sensitivity
797	195.07	1.08	58	0.94
798	111.73	137.89	59	1.08
799	146.45	31.05	56	1.55
800	137.84	54.68	56	0.93
801	151.14	72.73	56	1.78
802	131.55	196.4	62	1.83
803	6.61	121.33	55	1.57
804	53.79	57.11	56	0.58
805	150.99	58.9	55	1.16
806	103.21	152.87	57	0.95
Period: 56
Tasks:11
id	x	y	end	c
545	7.17	171.35	57	117.08
546	189.57	56.35	58	99.64
547	28.36	159.16	56	92.91
548	74.9	108.59	58	26.53
549	3.58	191.77	59	133.11
550	153.08	182.67	62	98.24
551	30.89	101.17	57	69.12
552	117.15	146.47	56	49.53
553	14.11	131.84	58	91.6
554	140.85	124.34	59	47.55
555	44.34	190.71	57	106.43
Drivers: 14
id	x	y	end	sensitivity
807	136.13	112.34	57	0.77
808	88.39	75.46	59	0.52
809	49.54	105.31	59	1.28
810	172.94	150.38	59	1.26
811	44.76	47.5	56	1.18
812	127.61	53.63	57	1.12
813	86.91	19.02	57	1.52
814	7.9	32.48	58	1.79
815	117.65	61.6	59	0.98
816	74.78	184.04	59	0.7
817	61.67	51.1	59	1.24
818	39.27	192.4	58	1.16
819	131.22	150.34	59	1.81
820	123.61	149.27	59	0.97
Period: 57
Tasks:12
id	x	y	end	c
556	16.73	14.58	58	119.29
557	28.81	108.79	60	71.73
558	106.49	131.55	58	32.21
559	197.99	104.34	57	98.09
560	152.01	53.78	57	69.58
561	23.88	46.63	59	92.97
562	150.11	116.86	59	52.87
563	20.92	157.24	57	97.62
564	190.18	16.31	58	123.03
565	35.5	139.71	58	75.74
566	146.48	4.83	59	105.91
567	98.86	182.58	59	82.59
Drivers: 21
id	x	y	end	sensitivity
821	135.53	93	60	1.87
822	24.57	11.11	60	1.97
823	97.76	148.46	60	1.23
824	152.67	48.93	60	1.65
825	178.92	163.35	59	1.41
826	44.63	163.65	60	1.89
827	25.3	47.27	60	0.65
828	81.56	92.95	59	0.81
829	78.42	164.41	59	1.21
830	51.63	78.03	57	0.54
831	13.34	40.17	60	0.93
832	59.8	90.46	59	1.73
833	189.8	5.86	58	1.12
834	4.36	165.44	57	1.94
835	55.15	53.34	59	0.5
836	123.91	182.5	60	1.13
837	81.64	129.75	59	1.8
838	137.43	2.97	61	1.98
839	148.91	4.14	59	1.16
840	196.33	110.36	59	1.8
841	135.31	13.81	61	1.46
Period: 58
Tasks:3
id	x	y	end	c
568	103.1	172.28	59	72.35
569	34.78	25.69	59	98.87
570	109.47	160.26	59	61
Drivers: 13
id	x	y	end	sensitivity
842	127.98	81.77	60	1.69
843	11.36	135.27	60	0.6
844	75.33	198.34	58	1.54
845	107.98	67.65	58	1.52
846	0.72	82.66	58	0.82
847	81.92	184.78	61	0.53
848	186.08	108.88	61	0.96
849	69.89	155.2	60	1.44
850	108.81	18.14	59	1.61
851	66.74	75.19	62	1.22
852	144.95	81.82	59	0.74
853	60.51	137.69	58	0.95
854	186.22	64.48	61	0.95
Period: 59
Tasks:7
id	x	y	end	c
571	54.87	165.46	61	79.51
572	142.87	183.06	60	93.47
573	184.53	73.33	64	88.64
574	52.32	25.98	62	88.05
575	42.97	192.45	62	108.63
576	36.23	18.23	61	103.7
577	104.02	108.36	61	9.28
Drivers: 10
id	x	y	end	sensitivity
855	158.29	4.01	60	0.74
856	39.29	185.66	64	0.65
857	167.61	73.57	61	1.61
858	113.97	173.42	60	0.61
859	30.74	164.56	61	1.03
860	155.48	104.25	60	1.73
861	146.77	164.71	62	1.23
862	136.55	62.8	62	0.98
863	142.48	130.82	60	1.02
864	136.71	186.86	60	0.85
Period: 60
Tasks:11
id	x	y	end	c
578	179.03	187.42	62	117.85
579	23.76	34.17	63	100.73
580	105.48	150.2	62	50.5
581	15.78	54.25	61	95.84
582	66.4	38.92	62	69.71
583	132.11	104.07	64	32.37
584	109.69	66.4	62	34.97
585	197.94	102.07	63	97.96
586	110.6	75.31	60	26.87
587	94.39	121.43	64	22.15
588	70.85	24.56	61	80.88
Drivers: 15
id	x	y	end	sensitivity
865	114.57	87.99	61	1.5
866	17.52	63.66	65	1.47
867	115.07	52.83	63	1.13
868	142.68	196.39	64	1.23
869	106.69	197.97	63	0.65
870	62.95	7.25	62	1.21
871	93.32	23.33	64	1.35
872	25.04	17.58	61	1.8
873	51.38	123.27	64	1.45
874	88.06	96.52	63	1.41
875	156	86.79	60	1.09
876	65.71	43.96	65	1.94
877	2.17	192.87	62	1.86
878	146.89	198.38	63	1.18
879	64.94	49.42	61	1.74
Period: 61
Tasks:9
id	x	y	end	c
589	138.23	88.22	61	40
590	172.88	110.75	61	73.67
591	38.03	23.79	62	98.23
592	7.32	145.4	62	103.2
593	36.41	24.56	64	98.67
594	95.85	7.98	61	92.11
595	13.63	25.61	63	113.99
596	178.37	72.76	63	82.97
597	63.28	70	62	47.42
Drivers: 17
id	x	y	end	sensitivity
880	118.86	111.59	63	1.08
881	3.16	40.54	61	1.77
882	86.38	165.22	62	0.64
883	81.25	63.31	62	1.31
884	10.07	98.41	63	1.22
885	140.42	198.56	62	1.2
886	36.37	16.02	61	1.02
887	86.25	162.5	65	1.27
888	199.96	38.33	62	0.99
889	32.46	154.65	64	1.37
890	158.91	4.26	61	0.85
891	92.5	196.47	63	0.6
892	68.32	16.03	63	1.93
893	146.2	139.86	65	1.62
894	63.04	70.4	63	1.92
895	155.51	160.55	63	1.57
896	64.38	133.6	62	0.96
Period: 62
Tasks:5
id	x	y	end	c
598	109.42	34.26	62	66.41
599	36.56	162.82	62	89.28
600	172.61	100.58	67	72.61
601	41.28	169.71	62	91.15
602	157.3	160.47	65	83.31
Drivers: 14
id	x	y	end	sensitivity
897	8.71	178.42	64	1.13
898	67.15	166.3	64	1.51
899	181.23	86.03	65	0.59
900	5.77	159.46	65	1.9
901	18.22	112.99	63	1.42
902	173.28	157.85	64	0.64
903	65.19	140.05	66	1.92
904	7.1	106.04	63	0.95
905	68.18	168.41	62	1.79
906	113.22	11.56	64	1.19
907	161.23	151.74	62	1.91
908	19.41	16.45	63	1.8
909	81.11	151.53	65	0.61
910	149.11	33.25	65	0.52
Period: 63
Tasks:10
id	x	y	end	c
603	83.48	15.6	66	86
604	31.77	106.56	66	68.54
605	105.18	143.11	65	43.42
606	120.02	193.88	66	95.99
607	127.17	124.79	63	36.78
608	176.1	41.78	67	95.82
609	41.34	158.29	65	82.7
610	187.72	99.15	66	87.72
611	189.59	87.56	64	90.45
612	84.21	137.47	64	40.66
Drivers: 17
id	x	y	end	sensitivity
911	60.91	145	63	1.42
912	135.58	136.27	66	0.65
913	60.53	6.42	66	1.2
914	52.17	29.87	64	1.47
915	18.67	105.5	63	1.01
916	14.43	27.38	64	0.89
917	150.16	61.18	64	0.61
918	74.99	94.05	63	0.67
919	16.01	78.07	66	1.07
920	28.18	199.54	66	1.54
921	135.28	113.29	66	1.04
922	193.83	116.86	63	1.81
923	158.64	162.42	66	1.91
924	169.62	133.21	65	0.98
925	179.81	0.19	64	1.25
926	57.92	71.53	65	1.62
927	174.35	106.33	65	1.86
Period: 64
Tasks:16
id	x	y	end	c
613	62.44	55.05	67	58.58
614	164.19	72.92	65	69.67
615	135.63	164.75	67	73.91
616	46.97	186.76	67	101.68
617	104.67	72.36	69	28.03
618	2.73	14.42	65	129.56
619	130.74	3	67	101.75
620	159.61	42.55	67	82.79
621	140.2	106.69	65	40.75
622	138.73	65.36	68	51.96
623	59.44	100.01	67	40.56
624	64.27	178.96	65	86.67
625	16.37	129.89	67	88.81
626	40.14	51.1	67	77.29
627	34.57	21.43	67	102.25
628	67.36	144.78	66	55.41
Drivers: 12
id	x	y	end	sensitivity
928	98.66	124.71	66	0.68
929	100.1	122.17	66	1.55
930	139.93	107.94	65	1.84
931	128.14	37.99	67	0.6
932	116.43	25.51	65	0.99
933	35.2	81.44	65	0.69
934	71.41	100.65	64	1.1
935	124.78	35.46	65	1.33
936	53.08	122.92	64	1.71
937	50.91	10.33	65	1.4
938	146.63	138.85	66	0.66
939	48.63	98.93	67	1.96
Period: 65
Tasks:10
id	x	y	end	c
629	170.9	147.65	69	85.42
630	38.41	67.23	67	69.77
631	111.74	129.45	67	31.7
632	71.91	7.12	66	97.03
633	197.68	78.65	66	99.99
634	141.95	172.5	67	83.76
635	6.62	88.65	68	94.07
636	65.61	31.21	69	76.91
637	61.27	136.44	69	53.18
638	93.09	116.93	65	18.29
Drivers: 22
id	x	y	end	sensitivity
940	66.05	122.51	66	1.46
941	82.72	199.81	67	0.84
942	193.47	28.55	66	1.11
943	107.41	131.26	67	0.59
944	194.63	67.36	67	1.31
945	108.53	41	67	0.55
946	143.36	48.04	66	1.32
947	158.37	39.99	66	1.09
948	134.97	199.03	67	1.01
949	139.92	18.65	65	1.84
950	69.82	7.55	67	1.56
951	145.08	159.14	65	1.39
952	80.59	12.04	65	1.99
953	199.11	11.42	68	1.03
954	148.39	48.52	67	1.27
955	88.4	28.72	69	1.88
956	38.63	100.47	65	0.95
957	19.79	54.04	65	1.54
958	158.82	73.01	66	1.16
959	81.75	25.77	67	1.54
960	90	52.61	67	1.18
961	94.57	141.88	67	1.36
Period: 66
Tasks:19
id	x	y	end	c
639	83.17	197.94	67	99.38
640	21.06	41.17	68	98.45
641	29.12	83.68	69	72.73
642	124.22	14.82	68	88.56
643	120.37	24.3	69	78.39
644	73.3	35.13	71	70.15
645	16.92	194.66	68	125.95
646	169.54	90.08	67	70.24
647	159.64	30.93	67	91.26
648	123.72	154.3	69	59.25
649	103.29	101.09	69	3.47
650	120.45	143.51	69	48.08
651	63.57	102.76	67	36.53
652	29.56	19.42	67	107.03
653	27.2	199.73	69	123.47
654	43.34	185.86	67	102.87
655	45.6	23.11	67	94.19
656	114.42	41.11	68	60.63
657	174	100.88	69	74.01
Drivers: 21
id	x	y	end	sensitivity
962	14.33	199.32	66	0.88
963	76.97	36.56	67	1.13
964	15.14	157.77	68	1.94
965	74.74	50.8	67	0.91
966	61.26	134.02	67	0.55
967	55.33	164.47	66	1.18
968	153.66	45.19	70	0.86
969	86.14	114.44	66	0.56
970	170.31	88.68	66	1.42
971	109.31	107.31	70	1.26
972	175.05	27.53	69	0.95
973	146.21	123.23	67	1.65
974	50.59	196.53	69	1.83
975	42.36	150.47	70	0.74
976	31.13	141.82	67	1.13
977	163.4	134.23	68	1.5
978	34.4	171.03	67	1.85
979	147.54	102.78	68	1.98
980	33.92	39.25	67	0.87
981	48.64	191.96	70	0.52
982	101.2	184.18	69	0.63
Period: 67
Tasks:9
id	x	y	end	c
658	161.08	31.51	68	91.77
659	147.68	97.57	68	47.74
660	141.06	59.77	68	57.48
661	99.25	191.15	68	91.15
662	196.75	51.06	71	108.42
663	191.57	126.15	68	95.23
664	78	87.49	69	25.31
665	138.23	79.82	67	43.23
666	116.16	49.2	70	53.31
Drivers: 21
id	x	y	end	sensitivity
983	67.99	48.46	69	1.31
984	45.33	34.43	67	0.53
985	57.71	12.49	70	1.32
986	117.45	162.42	68	1.6
987	102.1	155.81	67	1.9
988	166.26	160.06	68	1.01
989	35.57	184.89	71	0.52
990	147.85	180.06	67	1.35
991	154.25	154.43	71	1.41
992	108.86	50.83	67	0.9
993	22.79	91.36	67	1.06
994	94.05	11.28	69	0.58
995	161.58	108.19	68	0.88
996	142.17	75.02	67	0.65
997	61.13	105.96	67	1.48
998	67.67	58.72	70	1.05
999	45.4	143.24	68	1.54
1000	93.4	118.96	68	1.2
1001	171.33	60.86	69	0.87
1002	149.19	29.91	69	0.66
1003	28.74	54.4	68	1.69
Period: 68
Tasks:14
id	x	y	end	c
667	80.17	32.67	70	70.19
668	37.88	161.04	70	87.09
669	59.18	74.79	69	47.98
670	56.34	197.99	71	107.28
671	18.78	24.76	71	110.71
672	113.23	48.09	71	53.57
673	110.56	121.24	69	23.72
674	96.34	164.34	69	64.44
675	89.92	94.72	71	11.38
676	155.81	121.57	69	59.83
677	102.09	150.04	68	50.08
678	57.5	38.86	69	74.46
679	107.82	161.58	68	62.07
680	13.8	0.99	70	131.28
Drivers: 16
id	x	y	end	sensitivity
1004	63.96	165.74	71	1.4
1005	105.15	66.19	69	1.76
1006	178.36	122.38	72	1.38
1007	22.78	92.96	68	0.73
1008	155.3	51.31	71	1.66
1009	143.8	95.92	71	1.91
1010	39.75	161.37	68	1.19
1011	41.92	24.82	68	1
1012	12.8	193.61	70	1.1
1013	67.02	79.49	72	0.89
1014	125.2	141.32	68	1.89
1015	12.63	114.18	70	1.98
1016	177.18	160.42	69	1.66
1017	96.68	194.8	71	0.62
1018	188.67	63.03	73	0.54
1019	170.3	15.02	68	1.34
Period: 69
Tasks:12
id	x	y	end	c
681	73.13	11.95	70	92.06
682	132.77	29.6	71	77.65
683	71.06	39.46	70	67.1
684	22.48	159.93	70	97.98
685	20.1	194.69	71	123.9
686	149.66	51.49	70	69.42
687	71.61	190.25	71	94.61
688	198.44	18.43	71	127.84
689	50.1	177.44	71	92.12
690	124	129.37	69	37.93
691	161.66	187.64	70	107.16
692	53.53	196.16	70	106.8
Drivers: 14
id	x	y	end	sensitivity
1020	159.76	148.73	69	0.98
1021	122.34	167.51	71	1.6
1022	67.58	184.71	70	0.6
1023	98	26.7	70	0.83
1024	87.61	184.98	70	1.38
1025	138.19	6.39	74	1.07
1026	98.23	108.69	71	0.66
1027	134.21	113.29	70	1.76
1028	74.57	17.1	70	1.93
1029	119.06	87.27	71	1.84
1030	67.03	181.45	69	1.15
1031	115.44	65.2	70	0.51
1032	141.49	30.42	73	1.22
1033	30.02	156.21	69	1.68
Period: 70
Tasks:6
id	x	y	end	c
693	60.43	40.84	72	71.17
694	160.24	30.05	71	92.31
695	110.65	8.5	71	92.12
696	8.49	138.75	70	99.38
697	101.83	28.9	73	71.12
698	171.79	172.78	70	102.23
Drivers: 10
id	x	y	end	sensitivity
1034	90.27	191.17	71	0.64
1035	42.23	58.22	73	1.23
1036	167.96	146.35	71	0.63
1037	108.24	22.45	72	1.06
1038	58.68	148.3	72	1.28
1039	74.54	46.15	71	0.65
1040	75.88	18.4	72	1.42
1041	63.96	157.03	73	0.61
1042	155.16	128.21	71	0.69
1043	185.81	136.77	72	1.64
Period: 71
Tasks:13
id	x	y	end	c
699	69.21	176.4	72	82.37
700	54.25	190.41	73	101.33
701	175.71	77.39	72	79.01
702	48.62	9.93	73	103.69
703	196.49	57.06	74	105.61
704	15.92	64.7	72	91.19
705	74.23	155.85	74	61.51
706	188.24	70.67	75	92.99
707	117.3	142.09	73	45.51
708	44.06	142.39	74	70.19
709	49.71	122.7	72	55.18
710	10.4	39.87	72	107.91
711	178.61	199.01	71	126.42
Drivers: 15
id	x	y	end	sensitivity
1044	138.41	29.38	71	1.68
1045	97.35	156.3	72	1.2
1046	48.44	173.12	74	1.68
1047	19.7	126.59	72	0.54
1048	47.41	196.69	73	1.17
1049	22.09	94.15	71	1.09
1050	48.92	22.32	75	0.95
1051	30.28	174.14	74	0.61
1052	79.67	20.98	72	0.88
1053	136.2	81.41	72	0.71
1054	159.06	48.19	72	1.99
1055	194.68	158.78	72	1.73
1056	113.57	15.83	73	1.15
1057	65.73	68.16	73	0.99
1058	106.53	85.89	74	1.48
Period: 72
Tasks:11
id	x	y	end	c
712	181.85	77.66	73	84.84
713	55.62	2.64	75	107
714	198.6	11.87	76	132.25
715	198.45	186.66	72	131.16
716	70.8	143.51	72	52.4
717	138.67	46.79	76	65.78
718	79.01	40.3	73	63.28
719	142.83	63	76	56.6
720	121.18	106.78	76	22.24
721	9.72	93.14	73	90.54
722	84.51	155.22	72	57.35
Drivers: 20
id	x	y	end	sensitivity
1059	93.35	70.39	74	1.25
1060	64.6	195.06	72	1.91
1061	107.41	130.19	76	0.95
1062	192.73	59.65	76	0.51
1063	183.33	33.53	73	1.48
1064	92.84	39.28	73	1.88
1065	130.18	42.75	74	1.63
1066	64.21	136.78	73	1.79
1067	151.5	29.71	74	0.88
1068	183.71	90.16	72	1.31
1069	196.77	101.82	74	1.7
1070	140.25	11.35	75	1.8
1071	21.45	132.44	76	1.63
1072	55.07	145.87	73	1.07
1073	86.95	155.72	73	1.76
1074	70.81	91.62	74	1.82
1075	194.95	8.85	74	1.8
1076	103.22	43.97	72	1.35
1077	180.09	62	73	1.84
1078	141.57	112.7	75	0.64
Period: 73
Tasks:12
id	x	y	end	c
723	157.45	28.43	77	91.78
724	64.76	97.79	73	35.31
725	198.97	164.94	75	118.37
726	102.05	52.4	74	47.64
727	58.39	27.06	78	83.97
728	0.27	71.56	76	103.71
729	0.96	83.39	74	100.42
730	18.49	84.87	77	82.9
731	77.02	148.6	75	53.76
732	195.97	159.86	75	113.11
733	26.55	169.4	78	101.05
734	105.16	90.83	74	10.52
Drivers: 18
id	x	y	end	sensitivity
1079	43.72	36.44	76	1.5
1080	173.87	156.93	75	1.38
1081	195.53	0.32	74	1.85
1082	94	196.89	75	1.26
1083	191.44	98.46	77	1.41
1084	102.36	116.97	78	0.85
1085	57.33	15.98	74	0.93
1086	44.2	136.17	76	1.92
1087	94.04	191.56	74	1.51
1088	63.88	114.78	74	0.68
1089	150.53	169.13	77	1.24
1090	125.46	160.3	73	1.89
1091	59.43	165.08	75	0.78
1092	124.92	140.22	76	1.69
1093	88.94	95.9	75	0.72
1094	84.21	61.98	76	0.6
1095	30.23	109.6	76	1.27
1096	136.25	83.8	73	1.04
Period: 74
Tasks:11
id	x	y	end	c
735	148.22	122.11	77	53.05
736	92.24	103.3	76	8.43
737	26.8	142.89	78	84.84
738	52.57	23.66	74	89.87
739	148.81	114.16	75	50.82
740	91.05	63.45	77	37.63
741	139.94	9.99	76	98.47
742	130.58	89.52	75	32.33
743	43.35	49.24	77	76.06
744	61.49	39.72	77	71.53
745	17.21	93.44	75	83.05
Drivers: 13
id	x	y	end	sensitivity
1097	146.3	157.03	76	0.81
1098	152.7	86.71	74	0.67
1099	80.56	53.16	78	0.84
1100	7.77	77.81	74	0.74
1101	61.78	37.6	75	1.81
1102	153.11	191.9	76	1.19
1103	28.78	152.58	76	1.49
1104	63.59	146.79	77	0.68
1105	106.9	71.29	78	1.75
1106	9.68	107.48	75	0.89
1107	38.68	118.87	75	1.3
1108	18.88	151.12	74	1.07
1109	9.01	47.13	79	0.79
Period: 75
Tasks:8
id	x	y	end	c
746	84.11	89.56	77	19.01
747	3.99	88	76	96.76
748	8.95	68.09	80	96.48
749	149.62	160.84	75	78.51
750	36.65	8.62	78	111.19
751	66.85	43.57	75	65.45
752	181.61	124.1	78	85.09
753	27.71	92.88	78	72.64
Drivers: 15
id	x	y	end	sensitivity
1110	9.32	134.53	78	1.78
1111	145.62	62.41	78	0.82
1112	15.51	148.36	77	0.93
1113	191.17	109.92	79	1.97
1114	75.39	44.36	76	0.85
1115	177.99	139.33	76	1.13
1116	102.89	137.19	77	1.95
1117	74.2	108.63	75	1.6
1118	157.97	133.81	75	1.02
1119	144.36	162.71	75	1.61
1120	170.98	20.64	77	0.56
1121	86.68	16.14	76	0.6
1122	91.15	160.97	76	1.82
1123	174.26	31.95	76	1.66
1124	88.72	74.45	77	1.01
Period: 76
Tasks:8
id	x	y	end	c
754	55.01	43.44	78	72.27
755	96.24	98.88	77	3.92
756	149.97	175.16	80	90.26
757	143.68	20.85	78	90.4
758	156.65	90.02	78	57.52
759	7.7	138.39	78	99.97
760	127.18	15.97	78	88.32
761	3.41	141.7	79	105.21
Drivers: 13
id	x	y	end	sensitivity
1125	127.15	184.07	78	1.76
1126	136.09	135.8	78	0.64
1127	100.42	68.23	81	0.59
1128	47.23	119.33	80	0.92
1129	150.42	149.6	78	0.86
1130	140.5	26.39	78	1.74
1131	130.33	24.58	76	1.17
1132	107.85	187.51	77	1.3
1133	162.99	3.23	78	1.14
1134	53.97	196.96	78	1.91
1135	94.64	140.22	76	1.73
1136	0.1	104.28	79	0.95
1137	38.33	81.9	78	1.56
Period: 77
Tasks:11
id	x	y	end	c
762	141.07	117.03	77	44.46
763	163.78	105.43	78	64.01
764	82.58	182.52	81	84.34
765	44.88	93.73	78	55.48
766	134.39	153.53	79	63.62
767	19.98	175.8	77	110.22
768	131.36	146.13	80	55.78
769	47.73	122.05	80	56.73
770	148.01	113.05	80	49.75
771	111.48	158.82	79	59.93
772	9.41	169.79	79	114.36
Drivers: 10
id	x	y	end	sensitivity
1138	18.64	119.58	78	1.35
1139	199.09	105.28	80	1.58
1140	124.62	19.87	79	1.1
1141	65.27	190.3	82	1.48
1142	193.26	68.91	79	1.18
1143	36.76	61.96	79	1.18
1144	58.6	26.11	79	1.76
1145	61.64	8.27	78	1.54
1146	29.73	92.18	81	1.68
1147	102.86	84.46	80	1.89
Period: 78
Tasks:7
id	x	y	end	c
773	106.01	11.9	79	88.3
774	72.69	40	79	65.92
775	108.01	141.61	80	42.37
776	154.59	23.86	80	93.69
777	53.4	143.13	82	63.5
778	191.03	144.01	81	101.11
779	138.73	18.17	81	90.53
Drivers: 12
id	x	y	end	sensitivity
1148	70.31	120.77	80	0.69
1149	121.65	152.71	83	0.92
1150	197.28	150.76	81	0.63
1151	107.48	77.66	79	0.54
1152	19.46	120.76	81	1.13
1153	54.16	68.52	80	1.11
1154	7.68	63.28	84	1.08
1155	2.74	103.01	80	1.7
1156	137.33	76.71	79	0.91
1157	162.05	67.46	79	1.18
1158	61.96	9.96	78	1.62
1159	38.64	82.47	80	1.39
Period: 79
Tasks:5
id	x	y	end	c
780	127.84	58.55	79	49.93
781	14.89	9.6	82	124.16
782	1.14	127.85	80	102.71
783	120.05	189.36	82	91.58
784	160.09	42.48	80	83.18
Drivers: 12
id	x	y	end	sensitivity
1160	130.63	75.89	81	0.69
1161	165.97	124.53	84	1.21
1162	175.32	115.53	83	0.85
1163	143.54	14.83	82	0.81
1164	40.58	181.55	81	1.18
1165	141.42	26.91	81	1.75
1166	95.29	82.26	79	1.31
1167	122.83	36.02	82	0.54
1168	99.43	76.94	80	1
1169	53.71	86.63	80	1.82
1170	74.91	51.78	81	1.32
1171	133.75	81.46	80	1.45
Period: 80
Tasks:7
id	x	y	end	c
785	73.22	187.68	82	91.68
786	131.66	192.43	82	97.7
787	145.88	32.47	82	81.64
788	184.08	78.3	81	86.84
789	87.47	30.7	80	70.42
790	21.71	182.78	83	113.94
791	180.72	92.7	82	81.05
Drivers: 18
id	x	y	end	sensitivity
1172	136.64	95.04	81	1.18
1173	7.62	159.53	82	0.95
1174	18.22	7.23	81	0.61
1175	43.69	59.3	81	1.63
1176	136.33	40.9	80	0.53
1177	38.4	197	80	1.58
1178	121.88	86.38	81	1.23
1179	172.78	123.92	80	1.97
1180	92.83	29.29	82	0.87
1181	198.81	176.33	81	1.59
1182	88.5	175.73	81	0.75
1183	7.45	16.2	82	0.74
1184	96.81	30.64	83	1.9
1185	176.59	91.56	81	0.77
1186	162.89	135.14	81	1.64
1187	126.44	122.93	82	1.62
1188	178.95	18.61	83	1.87
1189	35.95	100.14	81	0.75
Period: 81
Tasks:10
id	x	y	end	c
792	106.16	48.54	83	51.83
793	101.95	29.59	83	70.44
794	164.35	146.1	83	79.16
795	94.24	82.27	82	18.64
796	32.35	199.83	83	120.59
797	162.43	101.63	81	62.45
798	15.59	146.04	82	96.15
799	194.74	140.21	82	102.92
800	197.69	113.18	86	98.58
801	7.04	16.15	81	125.19
Drivers: 15
id	x	y	end	sensitivity
1190	21.97	179.34	84	1.64
1191	164.17	100.09	82	0.59
1192	74.88	64.3	82	0.65
1193	68.66	174.63	82	1.29
1194	35.2	173.54	81	0.85
1195	64.25	65.52	82	0.54
1196	35.42	181.58	86	0.78
1197	172.94	18.99	82	1.27
1198	84.35	59.28	83	1.54
1199	14.2	66.86	81	1.1
1200	50.35	51.47	84	1.81
1201	196.81	142.22	83	1.43
1202	90.3	161.09	84	1.4
1203	98.06	59.74	83	1.7
1204	59.03	58.77	83	1.3
Period: 82
Tasks:6
id	x	y	end	c
802	20.3	113.57	83	80.85
803	95.6	146.47	83	46.68
804	148.9	87.38	86	50.5
805	21.07	169.31	85	105.04
806	122.88	135.5	83	42.23
807	129.82	105.58	83	30.34
Drivers: 15
id	x	y	end	sensitivity
1205	76.08	149.59	85	0.71
1206	47.15	183.41	85	0.8
1207	60.89	93.79	84	1.71
1208	133.72	177.06	85	0.97
1209	106.95	173.64	82	1.31
1210	114.98	63.17	82	0.89
1211	197.05	146.44	85	1.87
1212	9.51	192.33	84	1.93
1213	165.98	165.26	85	1.2
1214	115.64	102.66	83	0.53
1215	185.78	60.85	83	1.11
1216	149.43	94.47	86	1.57
1217	66.05	138.87	86	0.95
1218	183.96	123.29	82	1.2
1219	88.52	149.48	87	1.83
Period: 83
Tasks:9
id	x	y	end	c
808	168.8	169.78	84	97.99
809	32.87	110.64	85	67.97
810	58.12	164.9	85	77.24
811	86.82	166.53	90	67.82
812	163.84	79.1	84	67.17
813	155.44	161.22	85	82.59
814	108.52	132	85	33.11
815	160.12	73.38	86	65.75
816	113.26	128.97	88	31.86
Drivers: 10
id	x	y	end	sensitivity
1220	167.88	122.68	85	0.54
1221	152.01	108.18	88	1.5
1222	165.07	41.43	86	1.36
1223	129.48	86.87	89	1.91
1224	18.89	108.69	86	1.01
1225	109.24	129.15	84	0.68
1226	105.79	27.55	83	1.34
1227	104.34	111.65	86	0.77
1228	16.67	152.96	88	1.46
1229	102.4	5.13	83	0.52
Period: 84
Tasks:14
id	x	y	end	c
817	114.33	199.81	85	100.83
818	70.18	168.54	85	74.75
819	19.04	138.41	85	89.61
820	169.82	78.46	90	73.07
821	157.73	193.5	85	109.89
822	112.63	123.62	86	26.78
823	183.16	28.92	88	109.4
824	31.97	172.25	86	99.24
825	112.31	95.28	86	13.18
826	70.17	71.68	84	41.13
827	20.55	50.69	86	93.51
828	88.28	114.56	86	18.69
829	37.8	187.96	86	107.73
830	110.39	149.27	85	50.35
Drivers: 8
id	x	y	end	sensitivity
1230	85.6	20.73	86	0.99
1231	76.96	80.56	86	1.17
1232	61.47	42.48	87	1.24
1233	185.76	60.85	85	1.72
1234	111.03	177.4	85	1.78
1235	160.33	136.72	86	1.45
1236	18.21	133.55	86	1.65
1237	35.01	190.15	86	1.42
Period: 85
Tasks:14
id	x	y	end	c
831	143.81	68.01	87	54.25
832	128.83	117.47	85	33.71
833	53.33	128.83	87	54.86
834	191.92	131.5	89	97.17
835	98.12	87.94	85	12.21
836	113.21	195.84	86	96.75
837	123.09	35.3	91	68.7
838	90.29	67.77	87	33.66
839	178.52	49.42	88	93.4
840	192.49	148.15	85	104.27
841	123.18	175.54	88	79.02
842	150.75	178.69	87	93.64
843	64.17	39.51	86	70.31
844	179.18	82.25	88	81.15
Drivers: 8
id	x	y	end	sensitivity
1238	177.09	4.09	88	1.05
1239	66.21	178.65	86	1.05
1240	181.22	96.47	87	0.52
1241	186.82	152.53	88	0.81
1242	94.21	123.47	88	1.34
1243	168.83	178.45	86	1.08
1244	173.1	157.99	90	1.38
1245	156.31	146.69	86	1.11
Period: 86
Tasks:14
id	x	y	end	c
845	81.08	170.51	89	73
846	101.46	49.89	87	50.13
847	116.47	179.35	89	81.04
848	102.41	181.79	86	81.83
849	196.02	118.21	87	97.73
850	88.01	191.3	87	92.08
851	139.21	26.98	87	82.88
852	104.64	23.12	87	77.02
853	33.16	37.79	88	91.31
854	119.7	2.93	88	99.05
855	53.18	79.72	91	51.02
856	46.3	55.93	87	69.47
857	197.26	39.81	87	114.38
858	177.85	7.66	87	120.78
Drivers: 14
id	x	y	end	sensitivity
1246	38.4	20.4	87	1.14
1247	139.45	154.83	87	0.51
1248	1.17	96.85	88	0.71
1249	63.6	195.75	87	1.49
1250	122.89	137.99	87	0.95
1251	32.27	138.53	87	0.75
1252	178.32	193.21	88	0.96
1253	153.03	4.11	87	0.89
1254	26.09	36.91	88	1.96
1255	55.66	14.67	90	1.09
1256	114.53	170.94	88	0.97
1257	43.29	34.16	91	0.53
1258	80.96	90.61	89	1.1
1259	129.79	179.25	87	1.33
Period: 87
Tasks:9
id	x	y	end	c
859	197.51	107.98	88	97.84
860	185.84	49.01	90	99.84
861	15.35	24.67	88	113.31
862	46.86	58.17	89	67.63
863	186.21	182.83	90	119.55
864	83.21	13.69	89	87.93
865	154.7	109.09	89	55.45
866	4.72	118.06	88	96.98
867	165.8	62.39	89	75.79
Drivers: 10
id	x	y	end	sensitivity
1260	196.28	20.94	89	1.86
1261	151.75	92.77	89	0.68
1262	133.34	170.6	89	1.33
1263	59.44	45.66	89	1.24
1264	34.32	168.12	89	0.53
1265	141.78	88.62	88	0.53
1266	43.25	7.11	88	1.02
1267	40.24	4.64	91	1.49
1268	166.84	116.69	89	0.81
1269	9.46	100.63	91	1.96
Period: 88
Tasks:15
id	x	y	end	c
868	136.49	58.28	90	55.43
869	109.41	26.08	89	74.52
870	98.45	180.87	90	80.88
871	54.38	33.11	92	80.97
872	16.28	170.4	88	109.39
873	38.05	187.1	90	106.88
874	137.82	73.72	88	46.05
875	44.16	81.08	90	58.96
876	92.27	9.65	90	90.68
877	152.7	34.76	89	83.87
878	27.45	7.81	89	117.31
879	162.63	64.26	91	72.11
880	64.94	92.28	89	35.9
881	163.3	69.36	92	70.33
882	180.76	60.1	89	90.08
Drivers: 11
id	x	y	end	sensitivity
1270	147.57	152.78	92	1.49
1271	188.83	78.19	92	1.4
1272	123	110.95	92	1.46
1273	113.18	77.18	91	0.72
1274	26.45	140.38	90	0.92
1275	48.46	99.44	90	1.78
1276	127.8	48.28	89	1.11
1277	175.12	164.16	91	0.67
1278	33.31	42.59	91	1.5
1279	99.12	198.19	90	1.71
1280	153.19	13.57	89	1.69
Period: 89
Tasks:13
id	x	y	end	c
883	165.69	75.65	92	70.06
884	147	152.1	89	70.17
885	41.78	63.99	91	68.46
886	197.07	165.74	95	117.24
887	171.53	51.7	91	86.31
888	98.07	99.7	89	1.95
889	181.91	187.76	89	120.05
890	194.05	194.04	93	133
891	36.51	144.12	91	77.31
892	144.32	5.91	92	104.01
893	94.43	108.16	92	9.88
894	197.56	175.7	91	123.48
895	169.17	12.74	92	111.35
Drivers: 26
id	x	y	end	sensitivity
1281	148.7	148.07	92	1.58
1282	155.05	92.58	89	1.15
1283	199.12	12.31	90	0.89
1284	71.73	36.36	92	0.8
1285	132.41	21.23	90	1.83
1286	57.59	195.56	90	1.22
1287	183.47	14.58	92	1.08
1288	37.39	103.93	92	1.88
1289	33.99	143.87	92	1.37
1290	13.59	27.01	89	1.72
1291	57.12	93.74	93	0.86
1292	187.94	186.94	93	0.66
1293	108.17	116.3	89	1.26
1294	8.2	135.9	90	0.55
1295	77.66	172.71	90	1.77
1296	17.68	190.65	90	0.65
1297	147.58	92.17	92	1.65
1298	40.54	127.5	92	1
1299	92.85	141.05	92	1.13
1300	4.15	125.47	91	0.74
1301	39.72	123.22	92	1.66
1302	22.76	96.98	89	1.45
1303	110.67	151.07	90	1.39
1304	156.6	44.31	94	1.27
1305	8.61	161.84	89	1.91
1306	169.88	123.71	91	1.68
Period: 90
Tasks:14
id	x	y	end	c
896	132.55	35.48	91	72.27
897	153.92	151.5	90	74.56
898	50.32	24.42	92	90.45
899	31.24	90.32	90	69.44
900	28.79	126.2	92	75.88
901	94.97	5.05	94	95.08
902	127.67	144.52	91	52.42
903	68.22	138.78	91	50.14
904	82.19	162.02	90	64.53
905	152.06	57.79	92	67.02
906	166.1	85.91	94	67.59
907	125.69	118.78	91	31.82
908	85.39	126.23	95	30.02
909	40	139.45	93	71.81
Drivers: 17
id	x	y	end	sensitivity
1307	6.54	56.87	90	1.78
1308	91.77	33.86	91	0.68
1309	78.65	148.73	94	0.95
1310	11.53	136.91	92	0.88
1311	58.21	126.82	94	0.58
1312	66.45	44.74	91	0.86
1313	96.31	78.63	90	1.34
1314	194.27	142.92	93	1.69
1315	180.15	176.25	91	0.8
1316	153.44	12.29	93	1.41
1317	22.12	103.85	93	1.27
1318	109.93	174.37	91	1.95
1319	100.05	159.59	93	0.79
1320	85.97	97.12	96	1.48
1321	75.33	75.35	92	0.74
1322	51.99	173.83	91	1.4
1323	34.63	85.87	90	1.52
Period: 91
Tasks:17
id	x	y	end	c
910	181.74	124.45	97	85.32
911	179.39	106.83	93	79.68
912	76.52	168.73	92	72.63
913	33.64	80.08	92	69.29
914	137.21	146.36	91	59.45
915	145.49	34.45	92	79.79
916	169.4	194.38	93	117.15
917	151.09	58.56	94	65.78
918	68.18	177.26	94	83.56
919	164.71	38.65	95	89.17
920	114.17	101.15	94	14.22
921	135.74	114.97	95	38.75
922	122.53	93.09	91	23.57
923	15.58	194.87	94	126.99
924	53.41	124.44	92	52.61
925	47.51	105.7	92	52.8
926	35.92	190.55	92	110.93
Drivers: 11
id	x	y	end	sensitivity
1324	89.11	160.01	91	1.2
1325	93.53	138.16	94	0.96
1326	10.82	169.02	92	1.82
1327	98.18	182.09	93	1.71
1328	132.42	121.97	92	0.69
1329	108.45	90.99	93	1.56
1330	111.94	62.21	92	0.84
1331	172.5	50.64	93	0.97
1332	60.09	155.44	92	1.38
1333	2.34	38.91	96	1.19
1334	37.2	84.13	95	0.65
Period: 92
Tasks:7
id	x	y	end	c
927	69.92	123.92	95	38.43
928	190.89	136.78	95	98.05
929	154.27	39.73	92	81.1
930	108.44	78.9	93	22.73
931	1.98	21.95	92	125.3
932	194.64	96.51	95	94.7
933	98.62	137.4	93	37.43
Drivers: 13
id	x	y	end	sensitivity
1335	158.28	148.6	92	1.09
1336	53.67	18.43	92	0.87
1337	50.66	133.69	96	1.72
1338	82.75	23.26	94	1.42
1339	24.27	135.83	93	1.85
1340	10.73	159.52	92	0.67
1341	121.81	111.83	94	1.82
1342	191.73	28.46	94	1.51
1343	23.62	63.34	94	1.04
1344	109.15	188.77	94	1.57
1345	107.83	37.04	94	1.4
1346	23.12	194.67	93	1.8
1347	48.28	75.08	94	0.82
Period: 93
Tasks:12
id	x	y	end	c
934	63.23	124.71	95	44.3
935	116.25	62.84	95	40.56
936	111.69	100.5	95	11.7
937	193.76	162.99	98	112.95
938	134.37	159.27	95	68.51
939	132.02	193.88	94	99.19
940	87.45	191.65	95	92.51
941	56.71	87.75	97	44.99
942	113.46	44.4	94	57.21
943	173.53	6.63	96	118.85
944	96.65	142.79	93	42.92
945	190.98	165.49	94	112.1
Drivers: 8
id	x	y	end	sensitivity
1348	70.89	93.29	94	1.12
1349	65.01	27.04	97	1.02
1350	167.84	140.48	94	1.51
1351	189.52	83.98	94	1.92
1352	129.95	29.4	94	0.61
1353	45.35	193.41	97	1.63
1354	48.95	125.88	96	1.29
1355	42	97.08	97	0.61
Period: 94
Tasks:8
id	x	y	end	c
946	43.81	194.48	96	109.93
947	14.47	2.18	95	129.94
948	65.35	169.21	94	77.4
949	21.7	143.42	96	89.53
950	71.12	70.67	94	41.16
951	189.94	90.75	96	90.41
952	39.13	75.71	95	65.54
953	72.88	50.69	97	56.28
Drivers: 17
id	x	y	end	sensitivity
1356	108.27	24.82	97	0.82
1357	17.94	13.25	94	1.57
1358	163.48	146.39	95	1.95
1359	189.83	49.1	96	1.86
1360	111.41	105.19	95	1.58
1361	21.04	162.8	95	0.81
1362	162.95	116.06	98	1.69
1363	94.06	73.21	95	0.89
1364	166.69	166.44	96	1.44
1365	68.97	56.79	94	1.63
1366	45.4	45.62	94	0.94
1367	64.41	33.02	98	1.94
1368	185.27	3.05	94	1.87
1369	14.09	125.13	94	0.58
1370	142.64	148.53	96	0.76
1371	112.68	193.59	94	1.64
1372	58.31	51.36	96	1.95
Period: 95
Tasks:12
id	x	y	end	c
954	4.93	127.6	96	99
955	171.3	85.34	98	72.79
956	162.8	143.23	97	76.24
957	191.25	165.22	97	112.16
958	147.04	121.85	96	51.87
959	107.32	139.1	98	39.78
960	187.15	7.96	98	126.75
961	97.48	21.97	96	78.07
962	20.7	150.33	95	93.92
963	24.19	98.82	95	75.82
964	156.38	28.18	97	91.31
965	98.8	194.72	99	94.73
Drivers: 17
id	x	y	end	sensitivity
1373	83.04	55.79	96	0.62
1374	131.37	157.26	97	0.84
1375	163.27	81.78	99	1.18
1376	104.1	155.44	98	0.89
1377	55.4	22.86	96	1.93
1378	195.37	109.49	96	1.42
1379	101.96	144.38	97	0.65
1380	187.5	169.78	100	1.59
1381	138.58	195.53	98	1.36
1382	23.05	117.01	102	1.81
1383	150.59	27.23	96	1.46
1384	164.37	36.14	97	1.08
1385	64.96	73.28	97	1.77
1386	138.61	52.07	96	0.59
1387	49.29	64.57	96	0.93
1388	66.74	99.54	95	1.04
1389	10.28	123.87	97	1.3
Period: 96
Tasks:15
id	x	y	end	c
966	168.3	70.78	97	74.29
967	121.81	171.1	99	74.37
968	150.63	42.94	98	76.28
969	9.98	117.25	99	91.66
970	199.48	4.61	99	137.82
971	148.94	15.63	98	97.54
972	171.86	95.16	97	72.02
973	75.67	68.72	98	39.63
974	135.26	116.12	96	38.77
975	170.66	181.87	98	108.15
976	91.52	171.12	97	71.62
977	159.17	77.63	101	63.26
978	186.39	116.21	96	87.9
979	42.92	10.44	100	106.2
980	152.09	19.37	98	95.99
Drivers: 18
id	x	y	end	sensitivity
1390	126.02	153.86	100	1.48
1391	124.69	130.61	98	1.85
1392	42.04	48.4	97	1.32
1393	57.4	1.34	101	1.02
1394	17.81	82.42	97	0.71
1395	90.22	14.13	102	1.17
1396	173.3	192.76	99	1.14
1397	152.2	152.57	98	1.91
1398	124.04	30.53	96	1.96
1399	17.22	172.5	97	1.22
1400	117.3	20.86	98	1.98
1401	129.05	59.09	99	0.5
1402	11.62	192.82	99	1.2
1403	66.72	113.57	98	0.6
1404	138.06	186.59	97	1.91
1405	68.12	86.84	98	0.6
1406	122.02	168.38	97	1.79
1407	112.23	112.42	96	0.79
Period: 97
Tasks:13
id	x	y	end	c
981	7.61	190.27	100	129.17
982	15.9	105.55	98	84.28
983	26.65	58.51	102	84.27
984	22.33	62.89	98	86.08
985	140.33	192.34	99	100.76
986	74.28	77.77	97	34
987	83.39	38.16	98	64.03
988	36.45	85.44	100	65.2
989	138.13	28.52	98	81.01
990	139.09	118.96	100	43.45
991	24.54	114.28	99	76.8
992	46.97	81.45	97	56.18
993	44.06	177.85	98	95.86
Drivers: 10
id	x	y	end	sensitivity
1408	91.58	18.79	97	1.12
1409	85.57	11.97	101	1.27
1410	139.07	151.51	98	1.94
1411	31.07	12.12	98	0.62
1412	141.06	165.83	101	1.1
1413	164.86	182.31	99	1.26
1414	119.62	139.17	98	0.55
1415	173.71	28.02	100	1.65
1416	136.84	149.53	97	1.68
1417	184.8	188.96	99	1.56
Period: 98
Tasks:6
id	x	y	end	c
994	111.23	144.31	100	45.71
995	188.66	159.06	99	106.53
996	126.52	112.57	98	29.35
997	51.67	57.37	99	64.44
998	147.42	4.78	99	106.37
999	87.18	57.4	100	44.49
Drivers: 17
id	x	y	end	sensitivity
1418	127.42	25.95	101	1.75
1419	145.83	33.96	98	1.96
1420	48.62	21.65	99	1.46
1421	140.82	146.27	99	0.99
1422	16.42	190.31	102	1.25
1423	82.25	120.15	101	1.18
1424	151.25	112.13	99	0.85
1425	110.14	168.63	100	0.9
1426	197.42	190.71	100	1.79
1427	76.65	141.01	100	0.94
1428	90.83	62.4	101	1.99
1429	70.69	132.83	101	1.41
1430	66.14	102.09	99	1.35
1431	171.13	101.3	98	1.09
1432	134.94	7.73	102	0.89
1433	29.53	170.69	101	1.63
1434	167.96	195.97	100	0.85
Period: 99
Tasks:12
id	x	y	end	c
1000	26.56	174.02	99	104.27
1001	62.84	61.83	101	53.27
1002	148.36	132.12	102	58.06
1003	26.46	78.18	100	76.71
1004	0.86	46.97	102	112.43
1005	145.43	136.74	100	58.43
1006	84.42	194.55	102	95.83
1007	38.21	62.7	100	72.18
1008	106.15	127.71	101	28.38
1009	187.35	149.28	102	100.29
1010	50.04	112.95	100	51.61
1011	18.28	198.55	100	128.02
Drivers: 20
id	x	y	end	sensitivity
1435	172.76	121.24	101	1.24
1436	87.95	32.58	101	1.68
1437	116.71	23.78	101	0.52
1438	187.65	172.29	103	1.69
1439	34.74	121.51	100	1.81
1440	125.1	100.39	100	0.65
1441	182.81	77.29	101	1.67
1442	16.94	123.92	101	0.87
1443	88.06	82.02	101	0.61
1444	123.93	46.46	101	0.88
1445	97.05	113.62	100	1.09
1446	6.83	137.15	100	1.71
1447	161.77	143.81	99	0.67
1448	113.85	197.93	101	1.93
1449	139.63	37.39	105	0.7
1450	71.23	67.43	99	0.78
1451	29.62	124.66	100	1.76
1452	125.94	192.71	99	1.6
1453	118.23	117.39	100	0.66
1454	28.19	146.62	100	0.99
Period: 100
Tasks:4
id	x	y	end	c
1012	21.53	48.89	104	93.65
1013	11.24	11.91	104	125.05
1014	6.84	25.45	102	119.32
1015	45.47	154.34	100	76.98
Drivers: 16
id	x	y	end	sensitivity
1455	45.49	83.77	103	0.57
1456	86.74	58.99	102	1.37
1457	65.3	90.44	103	0.87
1458	29.09	128	102	1.75
1459	118.68	114.47	100	1.36
1460	5.2	37.95	100	0.62
1461	85.52	67.7	102	1.51
1462	126.71	70.57	102	1.6
1463	187.25	30.3	103	0.85
1464	99.79	136.95	102	1.38
1465	184.43	108.32	103	0.52
1466	174.24	71.51	100	1.37
1467	111.88	54.68	101	1.42
1468	63.57	146.64	100	0.78
1469	77.68	42.02	102	1.01
1470	169.81	13.32	102	1.74
