Periods: 100
Task Arrival Rate: 10
Task Average Time: 3
Driver Arrival Rate: 10
Driver Average Time: 3
Period: 1
Tasks:16
id	x	y	end	c
1	172.6	38.67	3	95.04
2	89	54.5	1	46.81
3	28.15	73.12	5	76.71
4	79.69	181.6	3	84.09
5	194.13	19.82	3	123.65
6	58.65	87.59	2	43.17
7	42.04	92.14	6	58.49
8	108.45	107.85	5	11.53
9	179.41	141.76	4	89.72
10	66.39	68.29	5	46.21
11	49.33	125.12	3	56.55
12	153.59	169.18	2	87.51
13	186.88	36.39	7	107.68
14	99.51	13.86	4	86.14
15	88.4	71.92	3	30.38
16	96.7	108.97	2	9.56
Drivers: 6
id	x	y	end	sensitivity
1	88.06	105.68	4	1.8
2	22.43	120.63	2	1.83
3	163.56	156.01	3	1.78
4	111.4	105.8	5	1.34
5	133.33	24.74	4	1.19
6	3.73	13	3	1.86
Period: 2
Tasks:6
id	x	y	end	c
17	0.59	38.27	4	117.02
18	22.32	193.79	5	121.78
19	80.22	45.77	4	57.72
20	180.06	96.93	6	80.12
21	127.45	42.98	3	63.28
22	20.43	48.89	5	94.57
Drivers: 12
id	x	y	end	sensitivity
7	149.37	48.89	3	0.75
8	175.59	194.04	5	1.1
9	96.48	20.28	4	1.18
10	196.2	123.39	5	1.31
11	25.41	177.91	8	0.97
12	45.66	181.85	7	1.53
13	109.51	121.99	6	1.61
14	102.13	41.63	6	2
15	90.42	99.21	2	1.6
16	109.19	118.17	8	1.26
17	171.33	35.39	10	1.71
18	57.39	143.73	5	0.83
Period: 3
Tasks:12
id	x	y	end	c
23	124.48	70.72	6	38.17
24	73.24	152.8	8	59.19
25	125.54	96.86	5	25.73
26	188.88	72.95	6	92.91
27	19.41	153.95	7	96.98
28	72.11	145.01	6	52.95
29	103.73	57.79	6	42.37
30	2.08	185.19	6	129.79
31	48.13	170.74	6	87.72
32	146.65	82.19	5	49.93
33	26.64	150.79	7	89.23
34	11.37	178.9	6	118.66
Drivers: 8
id	x	y	end	sensitivity
19	43.41	46.27	4	1.77
20	84.11	45.39	7	1.59
21	18.94	100.38	4	0.51
22	70.32	134.31	9	0.9
23	154.46	133.72	9	0.91
24	167.52	167.78	5	0.96
25	19.15	0.81	5	1.16
26	199.33	124.92	8	1.05
Period: 4
Tasks:14
id	x	y	end	c
35	80.46	0.09	5	101.8
36	49.92	169.63	4	85.77
37	97.86	187	8	87.03
38	68.21	128.95	8	43
39	142.79	118.75	5	46.72
40	70.34	24.46	9	81.15
41	142.73	141.16	9	59.33
42	89.78	16.76	5	83.87
43	163.49	34.05	9	91.54
44	196.45	115.22	7	97.64
45	55.11	85.62	12	47.14
46	48.63	93.96	9	51.72
47	36.08	21.37	11	101.33
48	171.49	48.08	10	88.35
Drivers: 10
id	x	y	end	sensitivity
27	167.89	51.29	6	1.83
28	91.46	186.86	7	1.26
29	112.88	93.27	9	0.5
30	102.27	170.65	6	1.19
31	121.59	164.37	8	1.02
32	101.16	168.87	11	1.57
33	100.42	91.26	9	1.59
34	66.07	63.08	5	1.58
35	156.18	149.28	8	0.72
36	99.8	121.06	8	1.37
Period: 5
Tasks:16
id	x	y	end	c
49	149.59	121.73	6	54.14
50	37.72	176.43	11	98.59
51	121.44	191.28	8	93.76
52	45.51	182.57	10	98.93
53	37.27	157.01	5	84.77
54	90.66	40.8	7	59.93
55	13.72	17.38	7	119.46
56	27.82	35.15	9	97.03
57	51.64	88.06	12	49.81
58	74.21	178.42	7	82.55
59	141.44	118.32	7	45.31
60	4.17	138.19	8	103.16
61	172.31	17.09	9	110.01
62	163.43	71.74	12	69.44
63	106.82	3.97	9	96.27
64	72.34	37.88	7	68
Drivers: 10
id	x	y	end	sensitivity
37	40.7	76.14	11	0.81
38	37.97	46.86	7	1.6
39	16.55	34.77	8	1.14
40	93.3	18.25	9	0.72
41	156.98	23.69	8	1.9
42	8.26	190.57	9	1.58
43	78.54	47.81	11	0.72
44	70.15	145.59	5	0.96
45	42.32	37.66	8	1.49
46	73.55	89.7	10	1.56
Period: 6
Tasks:10
id	x	y	end	c
65	170.59	52.11	7	85.3
66	141.94	5.07	9	103.78
67	106.2	195.92	8	96.12
68	45.32	127.35	6	61.14
69	2.19	66.85	8	103.27
70	20.31	97.61	7	79.73
71	131.2	123.01	8	38.77
72	118.74	101.85	7	18.83
73	47.04	108.88	10	53.7
74	54.77	29.06	9	84.13
Drivers: 5
id	x	y	end	sensitivity
47	154.54	86.87	9	1.5
48	71.64	115.45	7	0.93
49	101.44	23.07	8	1.62
50	10.39	88.66	9	0.63
51	106.76	182.85	9	1.83
Period: 7
Tasks:9
id	x	y	end	c
75	59.33	181.81	11	91.36
76	59.22	148.9	11	63.67
77	78.24	99.21	9	21.77
78	9.82	170.86	11	114.69
79	137.17	116.6	12	40.71
80	80.14	55.62	9	48.62
81	84.46	137.09	15	40.21
82	21.69	116.52	9	80.03
83	46.77	162.93	10	82.42
Drivers: 14
id	x	y	end	sensitivity
52	66.23	164.77	10	0.54
53	139.29	125.26	8	0.89
54	141.07	107.32	11	1.49
55	26.47	39.17	8	0.85
56	185.74	101.09	8	0.67
57	6.82	197.39	8	1.93
58	98.45	33.96	13	1.33
59	58.96	59.83	10	1.06
60	1.81	35.7	12	1.11
61	87.21	183	9	1.27
62	80.45	146.66	9	1.18
63	4.06	134.07	10	1.96
64	177.01	95.46	10	0.91
65	196.72	140.25	13	1.43
Period: 8
Tasks:13
id	x	y	end	c
84	91.91	137.97	12	38.82
85	145.89	110.62	10	47.1
86	166.08	133.37	9	74.03
87	118.54	82.31	11	25.63
88	92.87	24.56	9	75.78
89	7.56	0.59	9	135.75
90	77.16	9.27	10	93.56
91	48.74	186.78	16	100.79
92	42.25	39.22	11	83.84
93	63.39	66.35	8	49.73
94	47.19	14.3	12	100.66
95	152.31	152.29	10	73.96
96	114.16	195.21	15	96.26
Drivers: 15
id	x	y	end	sensitivity
66	34.96	60.41	9	1.28
67	164.91	41.71	10	1.76
68	165.77	160.24	10	1.31
69	154.4	104.51	11	1.05
70	183.22	180.48	12	0.79
71	153.24	178.13	14	0.75
72	45.72	197.55	8	0.79
73	43.59	72.89	10	0.83
74	60.56	157.28	11	1.38
75	76.03	63.24	11	1.58
76	121.46	45.7	12	0.56
77	168.88	32.99	10	1.05
78	31.41	90.8	12	1.84
79	12.93	120.81	10	1.26
80	86.08	25.5	8	0.77
Period: 9
Tasks:13
id	x	y	end	c
97	64.51	66.69	15	48.67
98	132.26	134.83	13	47.47
99	92.94	130.12	10	30.94
100	144.47	170.19	12	83.09
101	23.84	166.24	13	100.94
102	186.37	16.84	15	119.9
103	166.82	28.22	12	98.07
104	87.68	192.67	9	93.49
105	23.94	184.9	11	113.99
106	67.4	119.37	11	37.92
107	65.54	103.49	13	34.64
108	143.93	47.24	16	68.65
109	57.89	197.19	12	105.92
Drivers: 12
id	x	y	end	sensitivity
81	1.44	27.11	12	0.8
82	158.88	103.03	12	1.89
83	28.67	100.92	10	1.98
84	61.92	93.05	13	0.99
85	168.09	1.28	9	1.85
86	28.44	182.11	11	1.35
87	145.36	146.05	10	1.54
88	92.03	165.68	12	1.22
89	138.93	25.6	15	0.73
90	157.79	67.13	12	0.92
91	9.34	189.85	15	0.64
92	93.25	95.1	9	1.03
Period: 10
Tasks:8
id	x	y	end	c
110	22.9	152.83	13	93.46
111	158.26	125.46	11	63.58
112	73.17	178.39	13	82.85
113	73.16	163.11	12	68.58
114	46.44	106.09	11	53.91
115	45.65	113.63	13	56.03
116	142.16	151.7	12	66.71
117	192.84	25.39	13	119.1
Drivers: 14
id	x	y	end	sensitivity
93	96.89	170.44	13	0.79
94	72.1	63.92	13	1.9
95	172.17	116.81	14	0.72
96	91.72	11.78	11	0.66
97	46.95	83.78	11	0.99
98	16.49	22.2	12	1.09
99	47.12	9.04	13	0.8
100	175.88	190.8	13	1.74
101	54.74	188.54	12	1.05
102	82.68	122.8	13	1.17
103	188.09	21.56	13	1.89
104	150.69	106.62	12	0.53
105	56.23	194.44	14	0.74
106	66.7	76.68	12	0.73
Period: 11
Tasks:10
id	x	y	end	c
118	112.18	61.97	13	39.93
119	85.23	76.39	11	27.85
120	162.51	53.39	12	77.97
121	103.98	42.87	11	57.27
122	73.63	185.24	15	89.23
123	89.97	135.78	14	37.16
124	108.36	75.85	15	25.56
125	189.56	66	16	95.8
126	113.3	70.7	13	32.18
127	39.3	185.58	13	104.92
Drivers: 11
id	x	y	end	sensitivity
107	124.38	155.7	19	1.86
108	61.33	128.16	14	0.59
109	159.04	19.07	14	1.05
110	150.39	68.99	17	0.59
111	45.42	59.2	13	0.89
112	86.98	27.95	14	1.48
113	144.58	22.61	13	1.67
114	71.48	170.49	13	1.72
115	170.33	17.9	15	1.7
116	165.94	159.69	15	0.89
117	94.26	81.63	15	0.6
Period: 12
Tasks:12
id	x	y	end	c
128	80.87	163.86	12	66.66
129	36.7	25.19	15	98
130	180.25	191.09	17	121.4
131	199.6	187.83	14	132.79
132	105.43	13.83	12	86.34
133	81.3	157.79	15	60.74
134	11.02	120.31	12	91.27
135	151.37	173.06	16	89.31
136	101.25	49.26	14	50.76
137	100.83	193.48	14	93.48
138	86.69	168.76	14	70.04
139	66.48	24.36	14	82.73
Drivers: 11
id	x	y	end	sensitivity
118	1.85	93.31	17	0.84
119	159.01	190.12	13	1.08
120	122.72	106.74	18	1.28
121	115.73	106.77	14	1.17
122	24.64	147.19	14	0.58
123	76.07	1.81	15	1.46
124	55.41	125.8	15	0.78
125	47.25	62.74	17	1.03
126	86.32	91.78	13	1.93
127	6.51	184.06	17	0.7
128	75.28	175.12	14	1.41
Period: 13
Tasks:9
id	x	y	end	c
140	31.91	177.64	19	103.27
141	79.67	129.16	17	35.55
142	90.77	198.53	17	98.96
143	47.22	168.83	17	86.74
144	190.41	43.01	16	106.87
145	53.9	171.56	13	85.12
146	24.53	171.74	15	104.13
147	148.4	45.2	14	73.11
148	13.6	151.09	15	100.38
Drivers: 12
id	x	y	end	sensitivity
129	75.8	170.97	15	1.59
130	65.97	181.29	18	1.44
131	37.44	58.37	16	0.95
132	143.08	103.47	18	1.39
133	96.87	8.48	14	0.63
134	81.94	102.5	16	1.98
135	190.61	88.51	18	1.88
136	173.77	180.29	15	0.55
137	91.95	24.65	15	0.97
138	181.68	33.79	16	0.9
139	144.45	44.72	15	1.01
140	4	165.3	15	0.52
Period: 14
Tasks:12
id	x	y	end	c
149	30.68	69.56	17	75.71
150	165.23	83.47	15	67.29
151	138.88	128.5	18	48.21
152	123.89	128.78	18	37.4
153	79.92	54.35	18	49.87
154	13.82	14.15	15	121.64
155	37.69	100.19	17	62.31
156	128.43	80.49	19	34.48
157	58.22	63.2	18	55.68
158	185.84	24.94	17	114.03
159	156.04	182.92	19	100.08
160	139.79	30.06	16	80.47
Drivers: 12
id	x	y	end	sensitivity
141	33.91	26.36	16	1.39
142	178.45	147.54	18	1.89
143	194.76	24.67	19	1.91
144	186.31	64.07	17	1.83
145	160.42	177.51	16	0.72
146	96.68	127	16	1.6
147	102.36	68.24	19	0.58
148	189.97	4.08	16	1.97
149	23.66	134.34	19	1.32
150	55.7	81.79	19	1.81
151	23.18	60.12	15	0.72
152	127.59	61.87	18	1.52
Period: 15
Tasks:10
id	x	y	end	c
161	149.15	21.75	22	92.41
162	154.36	151.27	18	74.72
163	195.89	113.19	21	96.79
164	21.47	101.3	19	78.54
165	8.14	130.54	17	96.8
166	86.43	89.52	18	17.15
167	29.5	43.69	18	90.23
168	141.19	66.03	17	53.39
169	173.49	172.31	16	103.1
170	168.52	174.74	18	101.4
Drivers: 9
id	x	y	end	sensitivity
153	47.58	141.84	15	1.22
154	2.2	101.49	19	1.82
155	22.65	45.65	18	1.26
156	149.29	100.83	20	1.73
157	42.41	78.05	18	0.91
158	140.11	179.31	21	1.71
159	27.41	182.73	18	0.92
160	13.9	198.32	15	0.78
161	23.52	41.69	17	1.45
Period: 16
Tasks:12
id	x	y	end	c
171	54.37	175.53	19	88.24
172	39.88	112.71	18	61.45
173	179.42	62.75	21	87.72
174	29.87	137.36	19	79.46
175	46.17	195.66	21	109.77
176	199.4	121.17	18	101.63
177	48.52	161.75	19	80.39
178	138.39	157.22	20	68.91
179	76.82	161.33	20	65.56
180	32.05	173.96	19	100.44
181	109.16	126.52	19	28.06
182	104.62	7.93	23	92.19
Drivers: 11
id	x	y	end	sensitivity
162	53.09	126.86	17	0.96
163	7.18	69.31	23	1.71
164	90.89	152.31	18	1.11
165	52.85	186.59	16	1.81
166	169.86	71.76	18	1.77
167	186.24	65.97	22	1.86
168	164.55	97.36	17	1.4
169	17.69	70.67	20	1.42
170	122.54	19.22	22	1.66
171	111.51	91.27	19	1.02
172	79.47	166.83	20	0.6
Period: 17
Tasks:6
id	x	y	end	c
183	38.98	8.2	18	110.23
184	183.07	125.52	21	86.9
185	78.55	3.68	20	98.68
186	46.75	6.52	18	107.58
187	138.72	190.69	20	98.61
188	36.33	156.34	19	85.02
Drivers: 11
id	x	y	end	sensitivity
173	173.47	89.94	20	0.98
174	45.49	175.76	23	1.56
175	119.36	78.27	21	1.91
176	14.46	61.38	20	1.43
177	173.19	138.53	20	0.81
178	107.73	99.27	18	1.13
179	145.14	46.07	19	1.85
180	109.59	115.03	20	1.81
181	126.19	103.56	17	1.35
182	143.38	167.17	18	1.1
183	28.93	184.74	21	1.65
Period: 18
Tasks:7
id	x	y	end	c
189	28.26	77.01	22	75.33
190	108.07	187.25	19	87.62
191	173.91	32.65	21	99.99
192	8.71	152.08	20	105.1
193	145.5	97.32	19	45.58
194	112.35	44.63	20	56.73
195	123.66	126.73	21	35.7
Drivers: 12
id	x	y	end	sensitivity
184	46.99	163.13	23	1.75
185	16.59	47.11	20	1.85
186	148.33	80.85	27	1.58
187	39.88	166.38	22	0.98
188	175.89	75.99	20	1.82
189	176.5	100.71	23	1.11
190	4.41	91.79	21	1.78
191	3.38	14.93	23	1.74
192	136.93	180.51	19	0.79
193	148.36	41.4	19	1.25
194	54.76	9.12	22	0.96
195	113.04	35.58	22	0.64
Period: 19
Tasks:8
id	x	y	end	c
196	167.42	142.29	20	79.59
197	35.23	108.54	21	65.33
198	174.61	136.7	20	83.15
199	129.42	77.01	23	37.34
200	52.11	148.48	21	68.15
201	174.36	64.15	23	82.55
202	71.18	169.29	22	75.04
203	132.95	41.3	21	67.32
Drivers: 17
id	x	y	end	sensitivity
196	107.74	92.22	24	1.43
197	12.83	164.93	23	0.58
198	73.94	29.03	21	1.41
199	93.8	146.51	21	1.02
200	165.49	39.73	20	1.65
201	0.87	154.69	20	0.66
202	127.83	123.01	23	0.83
203	139.5	19.11	19	0.53
204	68.04	180.43	23	1.73
205	188.91	25.74	23	1.47
206	164.98	141.09	20	0.95
207	164.07	113.02	22	0.85
208	2.62	131.18	24	1.33
209	155.78	109.08	25	1.82
210	91.6	107.01	22	1.52
211	162.14	25.48	20	1.79
212	54.11	41.77	22	0.97
Period: 20
Tasks:15
id	x	y	end	c
204	74.91	63.84	24	44.01
205	91.66	21.06	23	79.38
206	128.58	33.57	23	72.32
207	157.68	159.16	23	82.62
208	31.13	39.52	23	91.66
209	38.01	113.83	23	63.51
210	58.16	184.61	23	94.39
211	188.97	123.01	24	91.9
212	94.48	77.17	25	23.49
213	47.74	50.76	24	71.8
214	139.71	48.6	23	64.95
215	41.95	2.03	23	113.88
216	79.25	12.6	22	89.83
217	105.74	191.67	25	91.85
218	112.16	45.69	21	55.65
Drivers: 11
id	x	y	end	sensitivity
213	46.45	92.43	22	1.03
214	194.45	132.11	25	1.21
215	14.33	150.48	21	0.91
216	162.88	26.12	23	1.36
217	178	29.51	21	0.79
218	120.61	176.45	25	1.32
219	153.88	61.25	23	0.9
220	139.73	74.18	22	1.04
221	25.07	40.22	21	1.61
222	73.98	59.04	23	1.38
223	163.12	132.87	25	1.71
Period: 21
Tasks:5
id	x	y	end	c
219	17.74	87.54	21	83.2
220	160.61	175.23	24	96.61
221	159.98	14.12	22	104.75
222	124.52	8.82	25	94.42
223	127.44	126.73	23	38.31
Drivers: 9
id	x	y	end	sensitivity
224	51.08	54.28	26	0.63
225	188.69	42.1	22	1.03
226	65.81	44.85	22	0.62
227	139.09	22.36	24	1.69
228	25.98	91.01	26	1.06
229	143.03	129.41	25	1.34
230	14.28	36.5	23	1.52
231	81.17	165.46	31	1.6
232	186.32	30.2	23	1.46
Period: 22
Tasks:8
id	x	y	end	c
224	113.73	22.66	23	78.55
225	1.68	110.51	27	98.88
226	131.54	24.94	23	81.42
227	31.14	140.67	25	79.97
228	171.63	76.16	27	75.49
229	198.92	94.52	23	99.07
230	36.44	64.32	25	72.89
231	6.37	85.32	27	94.77
Drivers: 14
id	x	y	end	sensitivity
233	82.64	117.74	30	0.92
234	3.62	28.68	25	1.08
235	191.71	143.05	25	0.74
236	50.43	168.93	28	0.64
237	182.35	27.92	22	1.77
238	101.19	57.13	25	1.85
239	197.72	72.04	26	1.91
240	20.14	118.04	23	1.9
241	103.68	7.11	25	0.64
242	39.1	171.35	22	1.31
243	38.92	10.47	25	1.39
244	197.21	163.65	25	1.36
245	141.15	144.15	25	1.7
246	27.17	140.68	28	1.62
Period: 23
Tasks:9
id	x	y	end	c
232	116.9	181.65	30	83.38
233	134.94	193.32	28	99.65
234	75.98	101.68	26	24.08
235	177.21	1.53	25	125.13
236	36.77	23.72	29	99.08
237	181.04	63.25	27	88.98
238	106.59	49.85	25	50.58
239	39.86	77.09	29	64.36
240	158.21	195.38	27	111.74
Drivers: 4
id	x	y	end	sensitivity
247	172.87	30.48	25	1.68
248	167.36	180.62	27	0.84
249	76.75	6.72	25	1.83
250	185.42	59.63	26	1.27
Period: 24
Tasks:12
id	x	y	end	c
241	52.16	123.34	27	53.23
242	194.92	147.88	28	106.31
243	112.24	139.13	30	41
244	158.84	131.2	24	66.6
245	93.62	161.49	27	61.82
246	74.96	126.18	29	36.23
247	191.32	121.83	26	93.89
248	24.88	24.12	29	106.77
249	77.05	146.67	26	52.01
250	155.4	120.12	27	58.94
251	141.61	93.5	27	42.11
252	115.83	127.46	31	31.7
Drivers: 13
id	x	y	end	sensitivity
251	142.42	172.93	27	0.57
252	14.6	18.46	27	1.09
253	172.87	62.61	25	0.71
254	176.98	128.72	25	1.85
255	49.16	98.01	25	1.93
256	182.5	199.76	26	0.77
257	176.86	197.11	26	1.65
258	113.32	143.04	26	0.79
259	189.01	43.09	30	1.65
260	80.59	130.74	27	0.58
261	52.12	11.73	27	1.82
262	140.43	29.84	30	1.57
263	89.67	95.09	28	0.94
Period: 25
Tasks:5
id	x	y	end	c
253	60.28	49.43	27	64.3
254	47.46	192.91	29	106.74
255	156.41	162.83	28	84.44
256	122.21	175.91	27	79.09
257	162.3	167.99	25	92.22
Drivers: 9
id	x	y	end	sensitivity
264	27.36	24.64	29	0.54
265	187.43	112.05	27	0.71
266	97.54	75.17	28	1.77
267	47.1	199.86	25	1.18
268	24.12	150.81	27	0.53
269	94.22	63.84	27	1.56
270	38.54	80.05	26	1.89
271	73.55	9.28	30	1.09
272	121.81	31.91	28	1.34
Period: 26
Tasks:13
id	x	y	end	c
258	157.83	62.64	31	68.85
259	152.29	140.71	30	66.27
260	192.01	98.66	29	92.02
261	97.03	142.9	32	43
262	45.41	52.84	30	72.14
263	15.4	57.36	29	94.74
264	33.27	196.5	26	117.32
265	166	13.53	33	108.78
266	146.47	96.4	30	46.61
267	181.1	111.34	31	81.89
268	187.68	46.15	27	102.9
269	71.22	183.37	30	88.2
270	145.43	74.97	28	51.87
Drivers: 13
id	x	y	end	sensitivity
273	78.61	177.25	27	1.8
274	33.2	171.04	29	1.73
275	73.26	31.63	28	0.8
276	13.78	72.43	29	1.46
277	85.46	159.77	33	1.32
278	146.54	36.89	28	0.78
279	15.13	35.18	30	1.04
280	103.08	19.65	28	1.02
281	189.1	174.25	27	1.3
282	163.69	154.35	31	0.66
283	146.5	119.19	30	1.61
284	88.02	124.28	31	1.54
285	177.22	95.21	27	0.93
Period: 27
Tasks:14
id	x	y	end	c
271	35.34	192.77	29	113.08
272	194.67	169.6	29	117.5
273	141.06	35.55	31	76.42
274	77.29	146.32	30	51.59
275	95.81	86.57	33	14.07
276	52.26	54.54	34	65.92
277	74.76	73.78	31	36.39
278	3.51	101.07	31	96.5
279	98.98	162.97	30	62.98
280	112.06	67.46	33	34.7
281	119.32	10.96	29	91.11
282	87.87	174.53	29	75.51
283	18.24	90.89	30	82.27
284	65.14	80	32	40.19
Drivers: 10
id	x	y	end	sensitivity
286	167.8	180.74	30	1.14
287	36.81	111.19	27	0.75
288	137.44	92.63	31	1.3
289	148.85	65.21	31	1.25
290	137.84	168.49	31	1.84
291	111.88	26.36	29	1.36
292	34.18	199.74	31	1.93
293	123.88	190.9	28	1.57
294	21.95	1.33	30	0.95
295	11.04	151.62	30	0.87
Period: 28
Tasks:9
id	x	y	end	c
285	180.76	187.05	29	118.74
286	78.66	151.58	32	55.82
287	96.35	138.87	31	39.04
288	68.04	28.67	31	78.16
289	146.6	21.8	33	91.03
290	24.57	48.94	30	91.09
291	4.58	54.06	30	105.9
292	104.94	67.11	33	33.26
293	45.87	153.49	31	76.1
Drivers: 15
id	x	y	end	sensitivity
296	195.32	172.72	29	1.76
297	170.26	115.29	35	0.86
298	27.16	20.86	29	1.9
299	0.3	174.05	32	0.57
300	97.5	59.73	29	1.3
301	102.87	44.65	33	1.86
302	164.8	158.06	32	0.91
303	166.96	146	37	0.66
304	35.9	152.49	30	1.32
305	185.25	45.25	30	1.7
306	155.35	87	32	0.51
307	65.55	48.5	30	1.72
308	72.37	36.74	33	1.51
309	7.88	64.96	32	1.77
310	88.27	78.72	31	0.59
Period: 29
Tasks:11
id	x	y	end	c
294	151.84	18.44	34	96.64
295	80.46	104.64	31	20.08
296	177.07	132.26	31	83.55
297	179.67	99.6	35	79.67
298	44.13	197.33	32	112.23
299	157.15	38.19	30	84.18
300	158.57	70.25	33	65.69
301	83.37	199.97	32	101.34
302	16.72	53.05	35	95.6
303	181.24	152.42	33	96.68
304	159.35	11.64	31	106.44
Drivers: 10
id	x	y	end	sensitivity
311	103.26	196.9	32	1.64
312	23.81	79.2	31	0.59
313	8.2	173.13	36	1.62
314	68.91	146.48	34	0.79
315	128.4	48.42	32	1.28
316	123.14	92.27	30	1.25
317	144.86	169.35	32	1.76
318	40.2	170.28	32	1.64
319	166.84	154.52	35	0.83
320	127.55	115.72	32	1.25
Period: 30
Tasks:14
id	x	y	end	c
305	21.91	35.01	33	101.6
306	139.42	62.39	33	54.48
307	106.19	53.28	32	47.13
308	73.86	73.07	32	37.53
309	131.75	133.55	31	46.19
310	63.77	23.3	31	84.83
311	143.17	65.11	31	55.51
312	143.67	136.42	34	56.86
313	135.69	166.13	34	75.15
314	102	159.07	33	59.1
315	117.85	29.61	34	72.62
316	178.28	36.55	31	100.77
317	112.65	195.71	32	96.54
318	145	114.77	30	47.36
Drivers: 13
id	x	y	end	sensitivity
321	95.55	29.71	34	1.64
322	96.73	193.35	32	1.54
323	161.85	18.53	30	1.85
324	19.42	50.21	31	1.28
325	128.61	68.99	32	1.24
326	165.96	48.66	33	1.23
327	121.14	189.67	32	0.84
328	162.85	56.33	33	0.54
329	184.88	135.04	34	1.87
330	33.03	112.86	30	1.79
331	111.83	141.89	37	0.86
332	170.79	26.07	31	1.53
333	86.51	144.1	36	1.02
Period: 31
Tasks:12
id	x	y	end	c
319	138.89	152.86	34	65.62
320	104.82	67.2	40	33.15
321	33.53	73.97	32	71.39
322	29.2	103.28	34	70.88
323	156.19	177.67	37	95.86
324	37.33	147.32	33	78.53
325	130.43	59.01	33	51.05
326	30.07	50.8	31	85.5
327	83.79	18.13	35	83.46
328	127.4	108.95	34	28.82
329	196.29	163.19	37	115.17
330	89.88	30.91	34	69.83
Drivers: 13
id	x	y	end	sensitivity
334	41.04	138.18	37	1.46
335	139.52	12.26	35	1.26
336	77.54	125.76	32	1.43
337	73.3	17	32	1.73
338	15.4	59.35	34	1.78
339	139.98	120.46	33	1.78
340	54.36	178.79	33	0.94
341	9.97	83.42	32	1.66
342	133.72	52.44	33	1.82
343	102.95	50.43	34	1.3
344	187.69	40.75	33	1.18
345	176.14	24.24	34	1.48
346	182.69	16.89	35	1.26
Period: 32
Tasks:11
id	x	y	end	c
331	75.98	183.03	34	86.43
332	25.09	88.77	35	75.75
333	89.82	72.59	36	29.24
334	54.64	33.04	36	80.88
335	172.56	51.18	35	87.45
336	42.43	14.32	33	103.22
337	181.43	90.65	33	81.97
338	172.53	188.46	34	114.39
339	0.26	81.93	37	101.36
340	33.55	183.51	34	106.72
341	75.65	138.08	36	45.2
Drivers: 8
id	x	y	end	sensitivity
347	152.02	19.43	34	1.03
348	148.82	9.23	37	1.03
349	47.08	140.71	36	1.03
350	197.93	27.05	34	1.32
351	126.34	193.7	34	1.06
352	56.17	127.31	33	0.84
353	95.81	160.01	34	1.58
354	48.96	107.19	35	1.01
Period: 33
Tasks:10
id	x	y	end	c
342	154.02	75.93	35	59.14
343	99.19	109.41	35	9.44
344	22.89	65.52	38	84.47
345	67.09	86.8	35	35.46
346	142.26	103.61	35	42.41
347	135.2	116.27	36	38.78
348	15.82	2.89	35	128.52
349	38.59	37.42	38	87.68
350	188.95	44.78	35	104.7
351	190.38	10.08	35	127.49
Drivers: 8
id	x	y	end	sensitivity
355	125.72	164.67	35	1.92
356	112.25	15.2	37	1.87
357	160.13	39.62	36	1.9
358	68.04	184.96	35	0.76
359	55.06	172.01	37	0.57
360	47.62	164.97	37	1.8
361	178.09	91.82	38	0.59
362	73.15	169.08	35	1.75
Period: 34
Tasks:9
id	x	y	end	c
352	52.15	165.25	38	80.91
353	168.87	68.1	38	75.9
354	11.23	149.98	35	101.87
355	47.63	134.73	34	62.84
356	75.46	43.99	37	61.15
357	164.52	9.75	37	110.94
358	52.78	17.42	37	95.13
359	191.15	185.92	37	125.26
360	16.93	1.02	38	129.22
Drivers: 9
id	x	y	end	sensitivity
363	34.68	91.58	35	1.39
364	73.98	69.83	37	1.77
365	71.95	35.69	37	1.79
366	51.21	33.04	38	0.98
367	85.69	127.89	37	0.93
368	93.96	77.81	39	0.76
369	123.71	187.77	39	1.63
370	112.46	110.94	35	0.72
371	115.3	143.44	40	1.4
Period: 35
Tasks:10
id	x	y	end	c
361	14.97	69.95	39	90.18
362	55.92	52.26	37	64.98
363	102.98	94.11	39	6.6
364	120.29	184.21	36	86.62
365	27.09	107.68	35	73.31
366	49.72	144.29	39	67.01
367	48.27	76.98	36	56.62
368	59.02	111.01	38	42.43
369	31.97	14.93	38	108.93
370	96	174.02	39	74.13
Drivers: 8
id	x	y	end	sensitivity
372	51.71	37.01	37	1.48
373	41.78	31.97	41	0.65
374	40.45	33.93	38	0.53
375	148.98	163.3	40	0.62
376	41.11	135.51	36	0.73
377	192.23	89.02	39	0.88
378	45.26	191.96	38	1.11
379	149.02	136.81	39	1.95
Period: 36
Tasks:10
id	x	y	end	c
371	77.29	35.19	41	68.67
372	16.3	100.46	38	83.7
373	89.52	24.32	41	76.4
374	127.33	155.03	41	61.44
375	90.11	58.13	37	43.02
376	52.53	36.25	40	79.48
377	40.74	121.89	37	63.17
378	43.84	72.57	36	62.5
379	184.64	130.34	42	89.91
380	6.23	13.43	40	127.62
Drivers: 14
id	x	y	end	sensitivity
380	58.44	196.9	39	1.9
381	118.45	171.2	37	0.8
382	0.19	157.95	40	1.77
383	135.95	198.17	41	1.47
384	116.38	31.54	38	1.18
385	59.47	48.28	38	1.94
386	151.29	61.38	38	1.28
387	0.78	51.57	40	0.98
388	82.28	44.08	41	1.6
389	57.7	129.38	37	1.03
390	76.52	85.41	38	0.73
391	192.88	40.34	36	1.23
392	117.76	184.06	41	1.92
393	56.06	30.67	41	1.62
Period: 37
Tasks:10
id	x	y	end	c
381	21.39	187.6	40	117.7
382	163.42	109.09	43	64.07
383	93.7	126.8	40	27.53
384	99.88	142.35	39	42.35
385	46.27	62.93	40	65.28
386	56.61	87.09	41	45.27
387	19.3	55.5	38	92.16
388	13.7	188.38	39	123.53
389	12.16	119.51	39	89.98
390	43.89	43.15	38	79.88
Drivers: 7
id	x	y	end	sensitivity
394	159.56	134.31	38	1.53
395	16.37	154.33	42	0.77
396	151.54	85.07	42	0.63
397	123.17	23.54	39	1.06
398	47.93	112.4	42	1.43
399	38.13	98.45	38	1.46
400	74.37	104.52	39	0.92
Period: 38
Tasks:12
id	x	y	end	c
391	131.48	6.45	44	98.7
392	49.7	20.09	45	94.42
393	103.66	81.22	42	19.13
394	86.79	33.15	40	68.14
395	48.01	161.22	39	80.32
396	54.66	130.86	41	54.85
397	21.61	127.33	38	83.02
398	56.24	75.41	42	50.2
399	144.33	76.38	47	50.23
400	35.66	90.6	42	65.02
401	124.85	140.39	42	47.42
402	113.57	180.72	40	81.85
Drivers: 14
id	x	y	end	sensitivity
401	19.72	155.77	40	1.55
402	183.71	174.24	42	0.74
403	152.55	97.91	41	1.15
404	129.35	143.6	42	0.93
405	185.06	194.07	40	0.67
406	197.26	182.49	44	0.71
407	24.83	165.88	44	1.72
408	118.01	116.17	42	1.02
409	155.44	78.23	41	1.95
410	153.42	113.73	40	0.53
411	113.71	135.47	41	1.09
412	37.79	31.85	42	1.67
413	50.96	60.82	41	0.94
414	47.17	45.44	40	1.3
Period: 39
Tasks:10
id	x	y	end	c
403	81.52	63	39	41.36
404	146.03	11.9	43	99.4
405	158.52	167.36	40	89.23
406	104.65	101.44	40	4.87
407	119.34	42.79	42	60.39
408	8.02	172.32	42	117.01
409	20.51	56.01	41	90.85
410	88.59	123.82	43	26.41
411	158.84	192.54	41	109.66
412	193.93	196.79	43	134.87
Drivers: 10
id	x	y	end	sensitivity
415	155.73	143.85	45	0.53
416	157.04	10.62	42	1.1
417	144.09	42.05	41	0.65
418	146.58	96.84	43	1
419	71.01	170.99	41	0.58
420	108.02	1.05	40	1.91
421	78.41	45.48	42	1.99
422	95.8	134.75	41	1.84
423	51.27	166.24	43	0.85
424	0.65	82.39	41	0.88
Period: 40
Tasks:14
id	x	y	end	c
413	119.75	181.64	43	83.99
414	62.5	175.4	45	84.21
415	61.89	139.82	42	55.12
416	101.26	47.44	41	52.58
417	25.91	112	41	75.06
418	96.75	116.03	40	16.36
419	156.39	13.81	43	103
420	81.74	112.69	40	22.24
421	190.01	144.36	45	100.35
422	175.87	107	42	76.19
423	177.6	42.98	43	96.3
424	128.97	131.12	44	42.52
425	69.37	72.05	44	41.47
426	183.67	162.59	45	104.49
Drivers: 4
id	x	y	end	sensitivity
425	158.41	2.02	40	1
426	37.02	75.98	40	1.21
427	109.38	112.7	43	1.05
428	63.57	190.43	41	1.1
Period: 41
Tasks:17
id	x	y	end	c
427	174.64	171.39	44	103.28
428	37.75	9.4	43	109.92
429	164.29	144.06	43	77.94
430	165.56	7.84	45	113.1
431	86.51	183.2	45	84.29
432	71.85	88.81	42	30.29
433	50.58	99.34	43	49.42
434	175.18	89.96	47	75.85
435	49.81	30.9	45	85.4
436	71.63	158.67	45	65.17
437	95.07	145.39	43	45.66
438	41.78	154.48	45	79.73
439	1.36	101.89	45	98.66
440	77.4	194.23	46	96.9
441	82.14	69.1	41	35.69
442	186.79	140.82	46	95.91
443	72.47	43.45	42	62.9
Drivers: 13
id	x	y	end	sensitivity
429	175.91	170.74	45	0.81
430	196.18	3.07	42	1.96
431	159.38	197.3	42	0.95
432	51.3	139.85	43	1.02
433	10.93	67.26	42	0.88
434	159.17	111.88	47	0.61
435	121.14	81.39	42	1.6
436	101.79	87.58	44	1.74
437	94.63	50.01	42	1.45
438	116.43	170.61	44	1.64
439	125.74	21.82	46	0.53
440	83.8	192.43	43	0.73
441	88.24	89.65	43	1.5
Period: 42
Tasks:14
id	x	y	end	c
444	18.22	5.89	44	124.68
445	82.05	27.41	45	74.78
446	110.69	27.01	45	73.77
447	106.71	12.7	44	87.56
448	151.64	155.3	45	75.66
449	2.21	12.08	46	131.5
450	141.29	58.5	43	58.54
451	13.75	173.62	44	113.4
452	63.25	61.65	45	53.12
453	136	156.78	46	67.23
454	53.14	197.95	45	108.58
455	133.92	101.86	47	33.97
456	125.2	21.8	45	82.16
457	79.32	111.31	44	23.57
Drivers: 11
id	x	y	end	sensitivity
442	170.96	26.7	43	1.76
443	184.45	151.45	46	0.73
444	168.78	46.53	47	1.46
445	108.54	178.54	45	1.69
446	11.96	69.06	44	1.12
447	2.62	127.32	46	0.65
448	10.02	198.56	44	1.15
449	75.58	127.62	46	0.59
450	155.08	167.34	44	1.63
451	66.9	59.23	48	0.63
452	95.26	198.18	47	1.84
Period: 43
Tasks:13
id	x	y	end	c
458	46.19	180.76	44	97.04
459	117.76	69.81	44	35.03
460	15.52	128.25	44	89.08
461	20.06	184.46	46	116.29
462	17.28	85.07	45	84.06
463	16.27	3.72	45	127.6
464	87.5	110.48	44	16.31
465	86.87	43.08	47	58.41
466	53.28	168.12	46	82.6
467	192.05	86.54	48	93.03
468	120.16	67.72	45	38.06
469	109.37	192.6	44	93.07
470	185.69	115.83	47	87.14
Drivers: 12
id	x	y	end	sensitivity
453	14.76	104.24	44	0.81
454	63.59	180.27	46	1.35
455	72.02	100.83	44	0.7
456	58.91	184.85	45	1.39
457	86.02	18.81	45	0.65
458	114.96	52.12	46	1.1
459	155.67	173.76	44	0.8
460	145.8	127.57	44	2
461	81.25	22.81	44	1.92
462	4.82	26.57	43	0.5
463	110.55	122.17	46	1.12
464	195.57	62.59	44	1.38
Period: 44
Tasks:13
id	x	y	end	c
471	48.09	4.77	45	108.46
472	53.4	0.4	45	109.96
473	101.62	55.87	45	44.16
474	92.73	7.83	46	92.46
475	113.99	74.82	46	28.81
476	194.56	142.81	44	103.8
477	166.67	39.05	44	90.33
478	147.99	125.63	47	54.41
479	124.15	164.18	48	68.57
480	149.16	73.16	46	56.01
481	69.59	128.43	51	41.63
482	153.55	158.94	46	79.63
483	51.6	76.44	45	53.83
Drivers: 8
id	x	y	end	sensitivity
465	44.54	150.66	48	1.7
466	119.17	33.92	48	0.81
467	27.76	27.37	47	0.78
468	10.29	54.26	50	1.92
469	120.59	127.58	49	0.87
470	98.83	128.53	47	0.95
471	22.67	63.33	46	1.4
472	140.58	15.57	50	0.99
Period: 45
Tasks:7
id	x	y	end	c
484	62.47	175.01	46	83.87
485	62.43	169.27	47	78.8
486	152.55	30.63	48	87.03
487	48.1	133.28	46	61.65
488	66.72	117.16	48	37.44
489	48.4	115.03	49	53.74
490	9.08	126.03	47	94.57
Drivers: 16
id	x	y	end	sensitivity
473	98.27	24.03	46	1.8
474	35.08	125.74	46	1.55
475	45.26	169.1	47	1.23
476	146.56	110.65	50	1.65
477	130.54	32.24	47	0.61
478	92.41	87.4	48	1.64
479	107.78	137.56	46	0.99
480	156.4	153.01	50	1.95
481	87.92	10.84	49	0.96
482	14.81	31.63	48	1.99
483	140.02	74.29	48	1.73
484	92.71	147.88	48	0.72
485	57.51	157.23	48	1.14
486	58.67	183.76	47	1.97
487	146.89	189.47	48	0.61
488	79.49	187.96	47	0.69
Period: 46
Tasks:9
id	x	y	end	c
491	17.63	52.24	51	95.21
492	110.23	118.01	46	20.71
493	146.65	49.83	49	68.51
494	13.96	0.57	50	131.49
495	95.02	38.48	49	61.72
496	153.51	89.97	48	54.44
497	108.31	69.38	50	31.73
498	197	120.34	49	99.11
499	176.79	98.38	48	76.81
Drivers: 2
id	x	y	end	sensitivity
489	156.65	141.32	52	0.51
490	68.13	101.75	49	1.35
Period: 47
Tasks:9
id	x	y	end	c
500	42.53	184.71	50	102.36
501	2.5	5.28	53	135.93
502	13.16	182.85	49	120.02
503	109.86	111.48	49	15.13
504	10.59	146.22	53	100.65
505	1.39	32.18	48	119.68
506	82.43	172.99	49	75.07
507	125.13	196.29	50	99.52
508	19.98	103.76	48	80.11
Drivers: 4
id	x	y	end	sensitivity
491	41.27	130.42	49	0.63
492	153.18	59.59	52	1.1
493	104.16	80.14	48	1.16
494	187.87	124.35	47	0.99
Period: 48
Tasks:11
id	x	y	end	c
509	143.22	8.8	52	100.92
510	158.11	58	50	71.7
511	52.64	176.92	51	90.33
512	29.18	144.22	49	83.49
513	197.74	141.75	49	106.28
514	198.67	140.89	49	106.81
515	181.6	171.44	56	108.45
516	114.25	65.73	49	37.11
517	192.16	56.47	53	101.92
518	42.91	27.33	52	92.41
519	195.53	50.25	53	107.71
Drivers: 8
id	x	y	end	sensitivity
495	171.38	189.72	50	1.24
496	188.82	142.36	51	1.26
497	138.5	43.34	53	0.86
498	150.98	175.33	49	1.09
499	12.86	176.16	51	1.92
500	109.79	61.52	53	0.64
501	131.65	150.19	48	1.47
502	162.26	151.07	50	1.1
Period: 49
Tasks:15
id	x	y	end	c
520	125.04	169.41	51	73.79
521	195.08	114.93	55	96.25
522	172.18	134.08	51	79.82
523	23.52	158.46	52	96.26
524	9.45	132.55	57	96.22
525	51.21	171.18	53	86.3
526	175.24	91.45	52	75.72
527	125.76	27.17	53	77.25
528	127.64	50.75	54	56.48
529	8.26	101.19	51	91.75
530	172.27	160.93	54	94.53
531	46.23	108.08	54	54.37
532	110.77	163.86	50	64.76
533	15.42	126.35	54	88.59
534	78.59	39.47	51	64.2
Drivers: 13
id	x	y	end	sensitivity
503	87.01	26.15	54	0.92
504	27.21	31.89	50	1.45
505	58.24	34.73	54	1.98
506	130.45	148.72	51	0.78
507	19.26	123.7	55	1.14
508	58.68	197.97	52	1.75
509	175.99	2.54	52	1.52
510	13.71	152.31	51	0.86
511	167.42	85.97	51	0.53
512	110.37	146.92	53	1.87
513	116.84	122.97	53	1.66
514	49.05	24.37	49	1.02
515	26.59	36.4	52	0.91
Period: 50
Tasks:13
id	x	y	end	c
535	60.78	62.94	50	53.96
536	143.09	20.42	50	90.5
537	186.56	199.64	56	131.99
538	23.91	54.46	52	88.68
539	19.66	119.88	52	82.76
540	154.32	123.37	54	59.13
541	168.13	30.51	53	97.32
542	127.05	127.23	51	38.38
543	117.22	50.9	53	52.03
544	93.83	31.95	50	68.33
545	6.48	17.46	52	124.74
546	74.64	188.07	52	91.65
547	52.46	52.69	52	67.07
Drivers: 13
id	x	y	end	sensitivity
516	98.06	166.07	53	1.11
517	7.53	138.71	56	0.9
518	88.52	46.26	53	0.95
519	179.32	106.24	52	0.61
520	113.64	163.38	51	1.99
521	179.88	173.13	50	0.79
522	69.18	66.39	53	0.96
523	130.03	139.28	54	1.75
524	104.74	101.19	53	1.93
525	78.54	43.14	51	1.59
526	86.61	181.1	54	0.95
527	133.83	153.8	56	1.54
528	124.32	184.22	51	0.65
Period: 51
Tasks:12
id	x	y	end	c
548	172.33	71.19	55	77.86
549	68.66	112.36	53	33.69
550	187.82	8.72	55	126.67
551	32.22	105.83	57	68.03
552	160.3	20.85	53	99.5
553	72.31	139.75	54	48.44
554	80.35	76.98	51	30.27
555	105.53	58.1	52	42.26
556	93.24	134.07	53	34.73
557	143.97	13.64	53	96.91
558	70.34	171.47	54	77.38
559	16.38	100.19	54	83.62
Drivers: 7
id	x	y	end	sensitivity
529	169.78	72.14	51	1.4
530	25.13	96.39	52	0.5
531	107.65	24.33	55	0.66
532	118.49	9.66	53	1.43
533	59.61	60.97	53	0.62
534	150.91	121.06	55	0.54
535	156.51	158.33	54	1.08
Period: 52
Tasks:5
id	x	y	end	c
560	163.49	176.36	52	99.31
561	94.61	196.32	56	96.47
562	153.7	63.43	53	64.97
563	127.32	16.13	54	88.21
564	180.45	94.06	55	80.67
Drivers: 14
id	x	y	end	sensitivity
536	179.42	171.76	56	0.63
537	141.32	47.65	54	1.1
538	154.12	134.25	56	0.88
539	137.49	107.42	55	0.88
540	119.66	67.1	55	1.36
541	176.42	34.31	57	1.34
542	88.59	31.37	54	0.75
543	135.75	191.4	54	0.96
544	194.41	19.67	55	0.77
545	20.85	151.94	54	1.62
546	116.58	118.88	55	0.88
547	143.15	143.61	56	1.17
548	23.13	133.26	53	1.94
549	4.55	40.52	56	0.95
Period: 53
Tasks:13
id	x	y	end	c
565	75.98	76.08	54	33.9
566	124.53	30.58	53	73.63
567	5.67	174.83	56	120.41
568	27.06	57.94	56	84.2
569	47.05	165.07	59	83.89
570	102.78	1.58	56	98.46
571	82.59	81.31	54	25.54
572	38.33	197.37	56	115.26
573	151.92	45.01	57	75.63
574	194.91	182.44	55	125.72
575	169.6	90.23	54	70.28
576	49.33	156.19	57	75.66
577	81.17	76.47	56	30.14
Drivers: 14
id	x	y	end	sensitivity
550	82.2	92.64	54	1.82
551	77.16	45.46	58	0.73
552	93.31	67.39	58	1.52
553	110.93	123.15	53	1.85
554	199.81	140.3	55	1.03
555	95.95	74.16	56	0.66
556	139.9	2.24	53	1.26
557	89.82	197.6	54	1.09
558	36.56	15.37	58	1.06
559	120.66	153.42	56	0.72
560	166.4	194.47	56	1.11
561	192.29	42.18	56	0.92
562	158.32	29.85	56	1.07
563	29.93	100.59	56	2
Period: 54
Tasks:10
id	x	y	end	c
578	151.49	199.24	57	111.8
579	63.15	64.08	55	51.46
580	0.03	72.89	55	103.58
581	78.16	95.56	55	22.29
582	120.82	98.12	58	20.9
583	70.32	190.08	59	94.84
584	112.68	47.35	56	54.16
585	133.64	51.11	56	59.35
586	59.1	130.19	55	50.84
587	36.77	68.16	55	70.79
Drivers: 16
id	x	y	end	sensitivity
564	103.77	44.42	59	1.95
565	138.07	173.2	61	1.98
566	68.54	0.5	60	0.81
567	44.55	51.82	54	1.84
568	78.82	186.33	57	0.62
569	196.48	116.62	56	1.66
570	10.32	179.61	55	1.36
571	75.85	51.59	59	1
572	83.62	28.87	55	1.54
573	19.34	151.57	57	1.68
574	99.77	169.03	56	1.98
575	53.32	53.85	58	1.82
576	94.51	192.57	59	0.5
577	197.21	189.16	55	1.23
578	103.6	154.39	57	1.59
579	147.71	159.95	59	0.57
Period: 55
Tasks:12
id	x	y	end	c
588	50.68	51.7	57	69.03
589	29.13	169.45	59	99.23
590	124.88	105.15	59	25.41
591	20.28	84	61	81.31
592	148.21	135.73	60	60.01
593	145.56	85.49	57	47.81
594	99.5	40.45	58	59.55
595	158.93	138.32	57	70.29
596	144.29	162.99	58	77
597	174.26	157.18	60	93.72
598	7.23	40.5	58	110.21
599	193.04	12.48	63	127.73
Drivers: 7
id	x	y	end	sensitivity
580	21.35	7.65	59	1.76
581	171.25	14.34	59	1.23
582	14.22	106.14	60	1.11
583	168.93	41.33	59	1.63
584	62.87	89.71	57	1.21
585	121.62	166.55	59	1.12
586	184.11	139.57	58	1.98
Period: 56
Tasks:15
id	x	y	end	c
600	52.2	77.13	63	52.99
601	142.9	41.14	61	72.83
602	111.64	132.31	59	34.34
603	26.06	81.76	58	76.16
604	19.81	143.23	61	91.1
605	75.43	56.2	57	50.22
606	115.38	143.67	62	46.3
607	147.51	196.67	58	107.71
608	153.51	188.01	58	103
609	189.74	91.05	58	90.19
610	175.68	154.8	60	93.44
611	31.58	189.3	56	112.5
612	58.06	64.59	59	54.89
613	130.82	69.69	57	43.23
614	174.19	166.08	59	99.35
Drivers: 11
id	x	y	end	sensitivity
587	172.64	7.27	57	0.98
588	116.39	155.96	60	1.25
589	86.92	183.29	58	0.99
590	171.68	139.21	62	1.37
591	183.79	42.47	61	0.54
592	158.87	111.82	59	1.74
593	137.91	97.22	59	1.14
594	188.82	176.35	59	1.97
595	115.07	112.66	58	0.97
596	1.68	124.62	60	0.84
597	9.9	163.17	58	1.13
Period: 57
Tasks:12
id	x	y	end	c
615	71.87	139.17	59	48.22
616	75.49	6.17	64	96.98
617	194.71	103.8	65	94.79
618	4.99	162.37	58	113.65
619	196.26	168.79	62	118.31
620	2.52	93.3	59	97.71
621	175.9	180.08	62	110.33
622	172.39	34.26	62	97.79
623	130.97	86.83	58	33.65
624	73.83	56.5	60	50.77
625	57.9	26.71	58	84.52
626	38.13	134.23	58	70.71
Drivers: 10
id	x	y	end	sensitivity
598	195.49	75.47	61	1.93
599	176.65	140.34	60	1.26
600	24.1	46.93	61	0.52
601	92.3	37.28	61	0.61
602	75.52	134.48	58	1.93
603	33.99	164.06	64	0.56
604	28.94	147.78	60	1.4
605	129.77	10.91	58	1.25
606	178.88	96.36	62	0.76
607	115.69	26.3	60	0.52
Period: 58
Tasks:9
id	x	y	end	c
627	188.19	193.17	66	128.29
628	110.48	152.31	63	53.35
629	86.52	199.11	62	100.02
630	9.1	121.35	62	93.37
631	155.12	11.15	61	104.56
632	46.13	9.77	64	105.09
633	192.21	73.47	62	95.95
634	122.96	14.15	61	88.87
635	118.64	19.23	60	82.89
Drivers: 9
id	x	y	end	sensitivity
608	189.4	194.33	64	1.93
609	172.55	31.99	59	1.05
610	171.69	21.34	61	0.54
611	173.87	30.55	61	1.55
612	30.31	115.15	62	0.85
613	163.9	28.67	60	0.7
614	37.23	173.38	63	1.2
615	0.75	82.78	62	1.77
616	36.97	144.88	60	1.98
Period: 59
Tasks:15
id	x	y	end	c
636	116.42	93.04	65	17.83
637	66.52	198.15	63	103.7
638	106.5	118.81	62	19.9
639	76.25	36.87	62	67.45
640	141.01	145.96	61	61.6
641	166.87	88.66	60	67.82
642	36.21	151.15	65	81.76
643	153.32	115.42	63	55.5
644	86.91	158.58	61	60.02
645	27.15	54.8	63	85.73
646	188.2	137.37	62	95.79
647	56.83	37.9	63	75.63
648	146.69	86.07	64	48.72
649	156.28	141.58	60	69.97
650	185.84	51.66	63	98.52
Drivers: 7
id	x	y	end	sensitivity
617	30.54	119.24	60	1.44
618	108.36	90.07	61	0.95
619	103.77	109.18	64	1.68
620	66.33	90.68	63	1.21
621	164	141.4	61	0.51
622	196.07	16.48	62	1.96
623	63.06	126.62	59	1.56
Period: 60
Tasks:11
id	x	y	end	c
651	130.76	188.51	62	93.7
652	34.82	163.79	61	91.2
653	118.47	21.97	65	80.19
654	16.79	88.84	63	83.96
655	86.68	34.04	67	67.29
656	152.84	128.56	63	60.06
657	167.51	194.65	63	116.26
658	61.42	152.21	60	64.92
659	73.41	57.9	64	49.79
660	139.81	48.33	64	65.23
661	131.61	165.51	63	72.74
Drivers: 11
id	x	y	end	sensitivity
624	196.37	70.18	64	0.9
625	146.63	12.8	65	0.77
626	72.28	89.06	62	1.91
627	56.13	18.02	62	1.31
628	171.05	72.69	67	1.3
629	78.12	28.04	61	1.31
630	65.11	144.36	62	1.66
631	110.64	27.63	62	1.11
632	173.01	0.04	61	1.14
633	30.35	22.21	64	1.37
634	179.27	85.38	69	1.51
Period: 61
Tasks:15
id	x	y	end	c
662	58.07	184.63	67	94.45
663	4.22	167.44	63	117.14
664	78.62	58.99	69	46.25
665	104.24	8.06	68	92.04
666	167.12	138.5	64	77.38
667	29.49	131.5	64	77.23
668	197.18	14.03	70	129.75
669	119.87	90.84	62	21.88
670	45.56	145.58	65	71
671	134.16	29.28	61	78.54
672	72.03	157.12	61	63.6
673	102.62	164.63	63	64.68
674	120.82	163.26	66	66.6
675	186.96	88.66	64	87.7
676	65.72	145.69	65	57.12
Drivers: 11
id	x	y	end	sensitivity
635	158.41	104.61	64	1.16
636	198.38	107.45	64	1.61
637	32.26	86.17	64	1.32
638	174.72	13.27	61	0.52
639	19.34	124.98	64	1.24
640	189.82	61.16	66	0.61
641	136.81	57.94	65	0.86
642	66.04	69.34	70	0.86
643	8.79	197.14	65	1
644	47.54	100.78	63	0.51
645	59.59	33.52	64	0.74
Period: 62
Tasks:13
id	x	y	end	c
677	41.23	198.92	66	115.06
678	27.7	141.51	65	83.37
679	71.68	41.88	65	64.65
680	13.14	80.1	64	89.11
681	156.99	18.99	63	99.05
682	75.42	99.15	66	24.59
683	13.26	17.55	66	119.67
684	104.4	176.64	63	76.77
685	122.57	86.73	63	26.18
686	119.03	15.09	66	87.02
687	192.67	33.83	63	113.87
688	44.37	114.36	66	57.45
689	80.13	125.86	67	32.61
Drivers: 10
id	x	y	end	sensitivity
646	73.41	157.13	66	1.36
647	39.5	27.46	65	1.08
648	78.66	48.91	66	1.24
649	158.83	6.32	66	0.77
650	50.84	49.41	64	1.59
651	22.13	199.17	65	0.62
652	155.26	194.61	68	0.78
653	23.23	38.46	65	1.33
654	146.71	23.65	62	0.66
655	151.89	19.01	63	1.81
Period: 63
Tasks:18
id	x	y	end	c
690	75.79	110.16	65	26.26
691	164.3	82.83	64	66.55
692	145.37	165.82	65	79.94
693	151.86	6.36	65	107.04
694	74.49	34.41	67	70.38
695	119.33	92.77	70	20.64
696	152.02	106.01	66	52.37
697	127.48	165.97	65	71.46
698	140.94	128.5	63	49.88
699	134.29	146.45	65	57.74
700	183.7	85.09	68	85.02
701	153.08	66.72	64	62.65
702	45.98	100.39	65	54.02
703	10.4	123.08	66	92.52
704	132.28	101.19	64	32.3
705	116.74	178.4	67	80.17
706	21.82	141.97	65	88.73
707	109.22	117.93	67	20.16
Drivers: 9
id	x	y	end	sensitivity
656	11.88	151.5	66	1.15
657	95.45	112.97	68	0.97
658	87.03	3.75	64	0.59
659	68.5	174.93	65	1.99
660	192.55	109.17	66	1.62
661	169.36	173.77	64	0.95
662	33.21	37.1	65	1.62
663	155.48	11.13	63	1.83
664	130.43	36.88	66	1.52
Period: 64
Tasks:9
id	x	y	end	c
708	185.51	179.9	68	117.03
709	100.31	164.75	67	64.75
710	171.82	164.55	68	96.57
711	32.76	67.8	65	74.55
712	170.85	46.47	67	88.8
713	86.15	146.12	66	48.15
714	103.16	173.67	65	73.74
715	50.59	84.38	69	51.82
716	171.29	17.9	70	108.73
Drivers: 10
id	x	y	end	sensitivity
665	194.84	63.51	66	1.09
666	8.23	59.42	66	0.65
667	110.04	10.85	67	0.62
668	32.66	193.69	68	1.44
669	175.12	94.29	69	1.34
670	188.54	154.56	65	0.94
671	34.76	37.79	66	1.98
672	110.89	41.27	68	1.02
673	118.45	146.64	69	1.3
674	71.29	9.38	65	0.58
Period: 65
Tasks:13
id	x	y	end	c
717	199.44	151.3	67	111.89
718	177.2	106.32	67	77.46
719	79.57	172.35	70	75.18
720	184.83	184.31	68	119.6
721	34.4	35.54	66	91.97
722	66.62	159.05	70	67.83
723	36.53	191.6	66	111.44
724	18.84	184.49	67	117.16
725	144.08	75.26	70	50.55
726	184.14	74.89	67	87.81
727	100.59	63.32	68	36.68
728	167.68	199.07	71	119.98
729	31.09	48.28	66	86.16
Drivers: 8
id	x	y	end	sensitivity
675	37.88	183.64	69	1.96
676	99.07	94.36	68	0.81
677	60.72	7.8	69	0.76
678	169.54	150.52	69	1.29
679	131.48	94.86	65	1.33
680	37.62	195.67	68	1.4
681	22.6	124.36	67	1.36
682	130.01	165.31	66	1.41
Period: 66
Tasks:3
id	x	y	end	c
730	3.6	168.88	70	118.48
731	131.24	13.37	68	92.09
732	175.61	144.33	69	87.65
Drivers: 9
id	x	y	end	sensitivity
683	150.63	179.98	69	1.83
684	72.31	156.01	70	0.64
685	28.61	89.62	67	0.77
686	72.95	192.5	69	0.54
687	142.03	58.49	68	1.9
688	31.13	87.09	73	1.12
689	159.71	173.46	68	1.47
690	67.99	184.2	68	1.95
691	113.52	101.48	68	0.99
Period: 67
Tasks:8
id	x	y	end	c
733	117.33	153.75	71	56.47
734	128.73	159.65	69	66.21
735	80.47	189.69	68	91.79
736	81.11	63.11	70	41.45
737	22.16	7.56	74	120.85
738	95.43	172.43	68	72.57
739	101.06	40.01	67	60
740	5.63	176.64	71	121.57
Drivers: 9
id	x	y	end	sensitivity
692	123.24	34.05	72	1.39
693	193.03	152.13	71	0.73
694	29.03	151.09	70	1.04
695	102.46	144.62	70	1.59
696	177.46	101.33	70	1.78
697	119.21	100.95	71	0.51
698	35.36	50.82	71	0.62
699	171.92	171.99	69	0.77
700	118.11	150.69	69	1.13
Period: 68
Tasks:13
id	x	y	end	c
741	97.08	179.08	74	79.13
742	85.07	14.62	75	86.68
743	170.32	130.12	70	76.5
744	183.09	136.21	71	90.64
745	141.29	16.94	71	92.76
746	132.61	86.59	68	35.26
747	97.11	149.55	70	49.63
748	147.77	177.05	72	90.66
749	39.63	67.38	70	68.62
750	43.65	156.82	73	80.02
751	115.93	100.55	72	15.94
752	179.5	128.99	68	84.62
753	32.7	85.96	71	68.75
Drivers: 10
id	x	y	end	sensitivity
701	81.1	20.54	72	1.84
702	76.52	84.01	72	1.72
703	30.13	8.75	71	1.05
704	101.9	46.03	71	0.7
705	128.43	183.84	68	1.13
706	173.97	168.14	71	1.75
707	187.87	76.19	68	0.71
708	32.95	151.41	71	0.91
709	34.65	190.41	72	1.41
710	149.93	59.45	69	1.14
Period: 69
Tasks:8
id	x	y	end	c
754	110.13	137.48	71	38.82
755	80.4	70.59	73	35.34
756	13.11	11.45	73	124.06
757	10.64	78.76	72	91.85
758	107.99	70.7	71	30.37
759	161.49	176.92	73	98.48
760	147.74	181.71	72	94.63
761	90.81	51.86	72	49.01
Drivers: 9
id	x	y	end	sensitivity
711	199.3	92.59	73	1.58
712	140.65	166.79	69	1.95
713	87	72.12	70	0.71
714	48.86	58.49	75	0.64
715	93.48	90.33	71	1.72
716	17.83	128.23	72	0.62
717	167.93	9.89	71	1.16
718	181.77	74.45	72	0.71
719	196.53	186.89	71	1.37
Period: 70
Tasks:12
id	x	y	end	c
762	172.68	142.69	73	84.29
763	59.6	97.94	71	40.45
764	31.75	49.86	72	84.69
765	88.89	95.97	73	11.82
766	22.83	186.7	72	116.07
767	155.77	161.85	72	83.28
768	71.33	192.39	72	96.74
769	97.76	87.74	76	12.46
770	57.44	115.19	75	45.19
771	67.37	54.62	73	55.89
772	127.63	173.3	73	78.33
773	175.92	72.15	74	80.87
Drivers: 10
id	x	y	end	sensitivity
720	197.43	102.58	77	1.99
721	143.98	158.41	75	1.29
722	83.55	143.91	73	1.33
723	33.19	123.1	71	1.69
724	88.72	164.6	73	1.82
725	101.36	151.53	74	0.53
726	26.19	67.07	71	1.17
727	14.13	186.52	75	1.85
728	64.23	106.62	71	1.68
729	172.85	121.85	72	1.39
Period: 71
Tasks:7
id	x	y	end	c
774	0.29	4.89	73	137.8
775	119.12	106.76	72	20.28
776	52.25	179.65	73	92.87
777	116.82	190.29	73	91.84
778	48.82	165.25	71	82.93
779	115.36	107.3	72	17.01
780	66	72	74	44.05
Drivers: 5
id	x	y	end	sensitivity
730	192.39	189.4	74	1.3
731	165.15	55.45	74	1.28
732	168.16	185.32	75	0.85
733	116.43	141.37	74	1.38
734	24.76	42.12	73	1.92
Period: 72
Tasks:4
id	x	y	end	c
781	182.98	103.35	75	83.05
782	171.64	193.87	74	118.08
783	69.46	198.79	74	103.4
784	174.96	104.4	73	75.09
Drivers: 4
id	x	y	end	sensitivity
735	92.01	194.29	76	1.5
736	154.48	73.73	75	0.73
737	145.97	20.91	76	1.88
738	191.66	124.98	72	1.14
Period: 73
Tasks:7
id	x	y	end	c
785	18.26	172.94	76	109.55
786	12.5	165.96	76	109.58
787	96.86	171.36	77	71.43
788	121.03	176.52	75	79.36
789	113.14	88.84	74	17.24
790	19.08	53.07	74	93.54
791	123.14	18.97	76	84.27
Drivers: 18
id	x	y	end	sensitivity
739	17.35	174.64	77	0.73
740	106.35	44.48	77	1.59
741	127.73	141.42	75	0.55
742	105.08	158.61	78	1.73
743	171.9	73.82	78	1.44
744	161.71	159.48	74	1.78
745	84.23	71.84	77	1.52
746	71.99	83.43	74	1.35
747	67.18	86.35	75	1.25
748	114.12	67.31	74	0.71
749	52.53	165.29	75	1.24
750	171.66	143.23	82	1.33
751	169.87	3.54	76	1.38
752	171.69	185.1	74	1.32
753	158.5	98.57	79	0.94
754	63.66	171.1	74	1.51
755	188.66	107.68	76	1.54
756	73.8	123.57	76	1.11
Period: 74
Tasks:11
id	x	y	end	c
792	191.17	88.62	75	91.88
793	26.49	158.45	75	93.92
794	168.92	126.97	78	74.01
795	22.37	2.32	76	124.77
796	42.06	69.5	78	65.48
797	45.25	64.14	74	65.45
798	26.07	180.62	77	109.39
799	8.61	48.2	77	105.05
800	91.79	121.17	77	22.71
801	46.84	9.41	78	105.04
802	141.46	157.38	76	70.79
Drivers: 13
id	x	y	end	sensitivity
757	92.83	156.83	81	0.81
758	187.32	156.46	77	0.54
759	129.81	107.9	79	1.97
760	88.84	7.36	75	1.51
761	94.49	133.97	77	1.2
762	154.82	101.99	76	1.42
763	124.2	185.92	75	0.72
764	69.1	97.49	77	0.69
765	40.69	176.67	81	1.59
766	184.56	62.9	76	1.4
767	38.48	52.19	78	0.9
768	14.74	120.34	77	1.26
769	61.82	193.77	76	1.17
Period: 75
Tasks:17
id	x	y	end	c
803	123.39	122.16	76	32.22
804	149.39	95.42	78	49.6
805	47.54	103.44	77	52.57
806	95.33	135.68	79	35.98
807	84.22	157.13	77	59.27
808	114.73	64.62	77	38.32
809	39.88	21.76	79	98.67
810	69.88	79.43	76	36.47
811	121.12	180.33	79	83.06
812	172.4	96.24	77	72.5
813	169.65	139.89	77	80.26
814	145.49	191.62	75	102.29
815	148.61	67.03	81	58.74
816	198.14	149.79	78	110.05
817	77.45	18.81	83	84.26
818	147.51	16.88	78	95.74
819	87.53	77.41	77	25.8
Drivers: 8
id	x	y	end	sensitivity
770	149.24	20.54	76	0.98
771	186.01	167.78	76	0.86
772	113.63	195.09	75	1.67
773	177.04	147.61	77	0.69
774	26.37	75.12	77	1.89
775	44.86	118.78	80	1.85
776	107.59	107.2	79	0.69
777	126.82	73.58	77	0.9
Period: 76
Tasks:13
id	x	y	end	c
820	75.38	115.14	79	28.9
821	147.29	41.51	79	75.22
822	27.87	97.67	78	72.17
823	80.77	36.64	76	66.21
824	155.07	199.66	77	113.86
825	81.7	135.12	83	39.6
826	128.53	156.01	77	62.86
827	188.61	58.08	77	98.03
828	51.73	167.24	79	82.77
829	55.56	105.58	82	44.79
830	25.36	193.04	80	119.28
831	41.25	127.29	77	64.78
832	25.32	65.14	79	82.42
Drivers: 12
id	x	y	end	sensitivity
778	1.88	89.58	79	1.73
779	77.45	60.95	80	0.89
780	103.77	118.59	80	1.56
781	20.64	57.62	78	1.23
782	142.61	157.4	79	1.11
783	125	131.17	81	1.9
784	158.7	57.82	77	1.05
785	48.98	123.16	78	1.29
786	75.22	141.49	77	0.97
787	176.13	122.87	81	1.67
788	167.17	134.41	76	1.95
789	48.6	142.13	80	1.13
Period: 77
Tasks:8
id	x	y	end	c
833	26.91	71.14	80	78.58
834	93.23	29.09	81	71.23
835	10.63	141.24	82	98.43
836	50.22	15.24	82	98.3
837	20.26	28.21	81	107.3
838	9.91	174.32	79	116.79
839	134.16	102.8	81	34.27
840	45.3	128.88	78	61.86
Drivers: 8
id	x	y	end	sensitivity
790	166.26	42.66	79	1.35
791	148.97	6.17	78	1.82
792	116.47	124.65	79	1.1
793	89.59	116.27	80	1.99
794	27.57	182.11	77	1.22
795	40.28	122.2	80	1.45
796	183.06	190.28	81	0.55
797	64.87	196.96	80	0.79
Period: 78
Tasks:8
id	x	y	end	c
841	172.6	61.19	80	82.32
842	129.17	32.07	83	73.93
843	175.66	10.93	79	116.87
844	172.95	65.93	80	80.51
845	135.83	120.52	81	41.29
846	54.5	112.59	85	47.21
847	179.47	188.43	82	118.89
848	151.67	0.53	81	112.09
Drivers: 17
id	x	y	end	sensitivity
798	158.04	71.45	80	1.65
799	11.31	96.34	79	1.53
800	29.9	160.93	79	1.38
801	18.49	65.36	83	0.54
802	43.44	148.41	80	1.68
803	101.22	93.05	82	1.61
804	111.66	55.82	85	1.35
805	161.55	129.1	87	0.7
806	7.29	84.48	83	0.65
807	189.71	92.64	79	1.63
808	90.59	177.95	83	1.03
809	58.45	89.95	82	1.25
810	106.09	75.96	82	1.34
811	38.58	57.04	82	1.29
812	144.52	75.72	82	0.68
813	3.32	144.26	82	1.79
814	70.9	107.52	83	1.31
Period: 79
Tasks:12
id	x	y	end	c
849	77.77	9.87	82	92.83
850	8.52	196.37	85	132.88
851	176.71	188.19	82	116.88
852	73.66	176.75	82	81.14
853	195.28	123.81	83	98.21
854	29.23	169.01	80	98.85
855	86.22	168.51	82	69.88
856	184.29	27.77	79	111
857	114.7	180.01	82	81.35
858	112.51	52.42	84	49.2
859	8.94	133.83	82	97.14
860	146.16	169.47	79	83.41
Drivers: 12
id	x	y	end	sensitivity
815	79.33	138.57	83	1.05
816	84.33	42.46	82	1.41
817	196.26	5.88	83	0.91
818	61.98	50.67	81	1.46
819	161.27	10.33	80	1.86
820	18.64	129.1	82	1.96
821	72.89	94.48	81	0.67
822	184.23	99.4	84	0.56
823	53.41	4.88	83	1.16
824	105.67	196.98	80	1.76
825	11.96	111.34	81	1.6
826	4.59	15.08	83	0.7
Period: 80
Tasks:7
id	x	y	end	c
861	164.19	73.66	85	69.38
862	107.52	1.06	80	99.23
863	143.67	172.3	89	84.47
864	122.59	0.08	84	102.44
865	11.86	166.18	83	110.22
866	167.05	88.17	82	68.09
867	127.69	62.31	82	46.77
Drivers: 9
id	x	y	end	sensitivity
827	114.53	155.61	85	1.54
828	31.41	10.41	81	0.54
829	71.95	63.86	81	1.87
830	6.68	122.62	86	1.82
831	3.03	163.62	82	1.32
832	69.63	109.41	82	0.8
833	1.58	20.11	82	1.32
834	127.35	183.36	81	1.75
835	76.14	151.17	83	1.51
Period: 81
Tasks:9
id	x	y	end	c
868	176.27	162.5	83	98.61
869	103.89	147.15	83	47.31
870	184.65	133.85	83	91.17
871	78.05	142.44	81	47.78
872	132.66	122.19	82	39.49
873	124.93	157.71	87	62.86
874	31.95	72.93	83	73.24
875	10.99	11.81	86	125.3
876	19.11	111.54	82	81.71
Drivers: 9
id	x	y	end	sensitivity
836	60.59	191.16	81	0.56
837	184.84	66.24	85	0.62
838	72.91	80.23	84	0.76
839	7.14	174.24	84	1.02
840	179.46	193.97	85	1.11
841	91.16	41.24	84	0.99
842	57.64	174.3	85	1.05
843	151.31	2.44	82	1.84
844	66.91	66.59	83	1.39
Period: 82
Tasks:9
id	x	y	end	c
877	124.99	53.78	85	52.54
878	165.45	128.99	87	71.58
879	21.86	167.51	83	103.26
880	31.94	139.93	85	78.91
881	8.49	22.53	85	119.9
882	110.94	168.77	86	69.63
883	120.04	31.22	85	71.64
884	30.32	16.9	87	108.45
885	69.44	179.43	86	85.11
Drivers: 11
id	x	y	end	sensitivity
845	17.95	79.69	85	1.68
846	86.66	83.21	84	0.74
847	163.39	72.89	82	0.71
848	6.55	92.34	84	0.8
849	113.09	147.97	85	1.21
850	52.96	173.5	85	1.84
851	176.19	55.99	84	1.01
852	155.68	73.32	84	0.81
853	95.99	118.75	83	1.66
854	170.61	60.6	82	0.73
855	17.81	39.47	87	1.2
Period: 83
Tasks:11
id	x	y	end	c
886	154.66	146.48	83	71.75
887	165.8	2.68	87	117.48
888	118.22	182.05	85	84.05
889	55.2	118.06	84	48.3
890	89.35	118.24	86	21.12
891	168.54	140.74	85	79.73
892	134.7	103.19	87	34.85
893	173.67	72.07	85	78.79
894	181.55	93.08	86	81.84
895	183.57	156.48	86	100.87
896	187.7	52.43	87	99.77
Drivers: 9
id	x	y	end	sensitivity
856	149.03	3.14	85	0.72
857	70.08	18.37	88	1.31
858	84.83	90.88	84	1.72
859	105.39	180.63	85	1.15
860	28.69	17.25	85	1.53
861	19.15	84.86	84	1.37
862	22.79	2.87	85	1.18
863	86.11	183.48	85	1.81
864	72.57	163.9	84	0.71
Period: 84
Tasks:8
id	x	y	end	c
897	39.89	181.23	85	101.05
898	79.11	187.99	86	90.44
899	97.1	86.57	86	13.74
900	149.26	8.49	85	103.93
901	196.95	46.81	88	110.58
902	183.27	94.88	87	83.43
903	192.14	5.19	85	132.21
904	65.39	90.15	90	35.98
Drivers: 6
id	x	y	end	sensitivity
865	69.33	45.8	89	1.95
866	5.17	34.39	84	1.84
867	90.71	124.39	85	0.81
868	18.7	26.75	90	1.67
869	129.72	164.86	87	1.45
870	117.25	14.26	87	1.17
Period: 85
Tasks:7
id	x	y	end	c
905	136.1	113.34	89	38.49
906	139.08	10.14	90	97.99
907	169.69	142.05	90	81.39
908	25.03	73	88	79.68
909	173.34	138.71	87	82.93
910	167.69	87.19	89	68.89
911	66.05	126.1	89	42.82
Drivers: 10
id	x	y	end	sensitivity
871	76.57	41.89	88	0.83
872	158.81	173.84	86	1.75
873	5.85	193.77	89	1.39
874	178.92	70.32	86	0.57
875	61.07	121.15	86	0.96
876	32.53	98.88	88	1.06
877	52.51	123.46	87	0.93
878	153.42	10.53	87	1.94
879	90.35	85.49	87	0.84
880	65.12	86.2	86	0.76
Period: 86
Tasks:17
id	x	y	end	c
912	87.03	42.43	90	59.01
913	76.64	126.46	93	35.3
914	74.51	90.13	88	27.33
915	161.39	63.22	89	71.56
916	13.94	150.25	91	99.66
917	18.31	35.89	88	103.84
918	52.71	194.03	90	105.25
919	53.85	87.07	93	47.93
920	15.4	169.58	90	109.54
921	27.36	27.61	90	102.55
922	136.16	92.13	89	37.01
923	99.66	104.77	87	4.78
924	114.99	86.15	88	20.41
925	7.21	184.62	89	125.58
926	45.02	90.85	89	55.74
927	7.05	77.9	86	95.54
928	178.47	31.75	92	104
Drivers: 11
id	x	y	end	sensitivity
881	49.22	118.55	88	0.64
882	84.7	142.28	90	1.34
883	123.93	106.51	88	0.73
884	57.01	15.15	92	1.5
885	102.03	163.82	88	0.79
886	19.26	69.52	86	0.84
887	141.86	11.87	89	0.82
888	81.78	172.14	92	0.97
889	105.47	167.08	88	1.51
890	23.02	183.4	89	1.7
891	77.42	142.55	89	0.56
Period: 87
Tasks:11
id	x	y	end	c
929	132.01	171.11	89	77.98
930	166.86	147.95	90	82.28
931	87.1	186.56	92	87.52
932	14.22	54.51	95	97.1
933	37.27	160.73	92	87.31
934	174.13	98.4	88	74.15
935	57.77	187.71	89	97.35
936	167.44	108.78	89	68.01
937	129.26	142.02	91	51.2
938	55.74	8.32	90	101.8
939	143.14	10.32	92	99.52
Drivers: 9
id	x	y	end	sensitivity
892	22.12	100.83	89	1.79
893	104.73	35.02	88	0.99
894	23.33	159.8	90	0.53
895	192.03	174.87	91	1.87
896	111.05	114.91	91	0.51
897	167.9	97.23	90	0.59
898	64.08	93.96	88	0.97
899	3.39	4.89	90	0.62
900	7.78	187.52	89	0.75
Period: 88
Tasks:9
id	x	y	end	c
940	102.62	108.25	91	8.66
941	46.94	53.77	93	70.37
942	50.65	97.58	89	49.41
943	108.21	167.56	91	68.06
944	44.28	37.67	89	83.6
945	61.57	20.47	91	88.33
946	57.97	84.81	94	44.69
947	60.36	9.96	93	98.38
948	182.44	3.93	91	126.59
Drivers: 7
id	x	y	end	sensitivity
901	102.01	156.49	91	0.61
902	70.72	9.74	90	1.48
903	19.62	171.12	91	1.26
904	31.91	191.51	89	1.36
905	37.92	121.12	92	1.34
906	156.41	189.58	91	0.53
907	150.45	8.55	89	1.56
Period: 89
Tasks:8
id	x	y	end	c
949	13.6	174.34	92	113.98
950	147.65	174.36	92	88.32
951	33.01	52.69	96	82.01
952	149.03	48.48	94	71.12
953	195.92	155.33	94	110.73
954	156.04	161.91	91	83.51
955	153.49	91.23	91	54.2
956	65.81	51.36	95	59.45
Drivers: 5
id	x	y	end	sensitivity
908	42.56	38.13	93	0.59
909	178.83	146	93	0.87
910	128.15	91.88	92	1.22
911	138.36	172.58	89	1.81
912	80.16	175.18	92	1.46
Period: 90
Tasks:7
id	x	y	end	c
957	169.82	63.42	93	78.82
958	154.93	135.6	96	65.46
959	64.84	10.83	92	95.85
960	55.28	97.45	93	44.79
961	60.72	12.76	94	95.68
962	180.42	117.53	95	82.31
963	69.04	68.08	93	44.47
Drivers: 8
id	x	y	end	sensitivity
913	131.1	141.09	95	0.54
914	130.96	5.27	92	0.69
915	81.73	188.69	92	1.55
916	174.07	189.93	91	0.95
917	109.45	29.79	92	1.93
918	108.08	80.63	93	0.6
919	26	175.89	94	1.02
920	115.61	74.07	93	1.31
Period: 91
Tasks:10
id	x	y	end	c
964	28.75	14.53	95	111.27
965	56.38	88.96	95	45
966	5.48	52.27	92	105.89
967	11.53	57.12	93	98.31
968	80.41	153.51	92	56.98
969	129.12	117.89	93	34.18
970	67.67	78.23	92	38.98
971	165.23	12.41	92	109.21
972	7.74	132.57	92	97.84
973	33.76	118.05	95	68.66
Drivers: 12
id	x	y	end	sensitivity
921	149.67	94.93	93	1.13
922	30.16	87.32	94	1.07
923	170.96	125.57	92	1.97
924	91.38	96.56	93	1.43
925	20.34	104.61	92	0.53
926	190.37	39.83	94	1.56
927	81.84	52.42	93	0.72
928	53.14	82.38	92	0.9
929	62.3	149.34	95	0.64
930	172.88	75.41	96	1.94
931	35.74	189.16	94	0.66
932	29.59	171.5	94	1.44
Period: 92
Tasks:11
id	x	y	end	c
974	115.49	159.11	94	61.11
975	167.33	90.95	98	67.94
976	109.69	164.35	95	65.08
977	174.97	42.56	101	94.44
978	64.22	127.14	95	44.91
979	118.45	137.54	93	41.83
980	189.32	91.99	96	89.68
981	191.78	143.91	94	101.74
982	191.41	2.14	95	133.91
983	129.88	156.03	95	63.5
984	136.89	45.05	95	66.18
Drivers: 5
id	x	y	end	sensitivity
933	181.91	145.22	93	1.58
934	0.12	154.58	94	1.51
935	127.96	60.55	95	1.8
936	13.8	154.41	93	0.83
937	92.89	152.3	94	1.68
Period: 93
Tasks:11
id	x	y	end	c
985	76.46	94.39	96	24.2
986	87.27	189.67	95	90.57
987	133.29	165.08	94	73.1
988	134.45	97.6	96	34.53
989	109.43	84.73	94	17.95
990	62.55	114.49	95	40.16
991	126.95	22.47	99	82.08
992	129.1	7.41	94	97.06
993	78.28	181.04	94	83.9
994	160.6	67.83	93	68.61
995	35.04	124.17	98	69.31
Drivers: 9
id	x	y	end	sensitivity
938	159.18	6.45	94	0.81
939	0.3	14.35	96	1.86
940	80.91	47.63	97	0.92
941	52.48	46.41	96	0.7
942	170.09	176.19	96	1.45
943	183.75	85.52	95	1.84
944	35.35	83.22	95	1.61
945	188.41	33.22	96	1.67
946	32.51	123.63	98	1.92
Period: 94
Tasks:8
id	x	y	end	c
996	176.52	66.98	98	83.34
997	65.18	117.02	94	38.76
998	60.86	174.6	96	84.24
999	169.83	26.6	100	101.31
1000	96.42	127.25	96	27.48
1001	164.67	101.5	97	64.69
1002	26.79	100.32	104	73.21
1003	144.14	34.56	97	78.93
Drivers: 15
id	x	y	end	sensitivity
947	70.4	157.88	97	1.6
948	46.52	100.74	95	1.26
949	82.6	150.2	100	1.33
950	151.08	77.39	96	1.13
951	160.36	89	96	1.6
952	152.63	95.39	97	1.97
953	38.86	134.87	97	1.45
954	78.95	120.1	97	1.18
955	137.47	141	95	1.18
956	65.57	149.06	97	1.84
957	81.17	138.78	98	0.51
958	64.56	100.59	99	0.58
959	78.27	102.23	96	1.81
960	158.52	40.54	98	1.53
961	158.71	119.46	95	1.21
Period: 95
Tasks:8
id	x	y	end	c
1004	91.54	73.93	101	27.41
1005	123.31	185.62	99	88.74
1006	34.05	54.79	98	79.96
1007	63.25	154.73	97	65.92
1008	95.96	175.63	101	75.74
1009	184.84	6.05	103	126.59
1010	168.64	119.31	96	71.3
1011	125.01	12.33	97	91.17
Drivers: 5
id	x	y	end	sensitivity
962	147.04	133.34	96	1.01
963	190.66	157.31	99	1.74
964	124.25	127.04	97	1.54
965	6.98	21.54	96	1.49
966	81.99	70.82	97	1.22
Period: 96
Tasks:6
id	x	y	end	c
1012	45.72	41.6	96	79.73
1013	31.27	132.65	104	76.09
1014	57.58	136.34	98	55.86
1015	52.14	171.87	99	86.35
1016	188.42	176.13	99	116.68
1017	172.66	178.25	100	106.78
Drivers: 11
id	x	y	end	sensitivity
967	78.68	91.74	100	1.08
968	123.9	16.79	101	1.16
969	198.69	79.62	98	1
970	181.8	100.69	100	1.66
971	80.14	104.53	98	1.07
972	196.07	113.9	99	0.95
973	164.07	59.39	98	1.55
974	53.75	178.58	100	1.37
975	175.84	29.88	100	1.38
976	77.65	2.45	100	1.43
977	58.09	8.49	99	1.03
Period: 97
Tasks:9
id	x	y	end	c
1018	5.21	31.15	98	117.16
1019	187.64	139.63	97	96.18
1020	150.42	93.86	100	50.79
1021	188.28	159.08	97	106.23
1022	101.48	152.41	99	52.43
1023	43.98	106.96	101	56.45
1024	174.34	130.48	103	80.35
1025	26.77	14.63	99	112.48
1026	120.79	35.34	99	67.92
Drivers: 12
id	x	y	end	sensitivity
978	58.61	121.72	99	0.63
979	103.42	153.22	98	0.98
980	28.04	16.82	98	0.51
981	73.18	72.3	98	1.39
982	168.51	133.27	101	1.37
983	95.21	19.81	100	1.09
984	37.59	113.37	99	1.12
985	111.68	86.58	99	1.11
986	57.98	127.3	100	0.73
987	181.04	32.16	98	0.76
988	32.01	136.53	99	1.68
989	148.62	92.49	98	1.55
Period: 98
Tasks:13
id	x	y	end	c
1027	20.04	165.1	100	103.11
1028	34.39	164.91	99	92.29
1029	34.76	13.15	101	108.62
1030	168.23	151.64	105	85.57
1031	76.44	35.7	105	68.48
1032	78.48	186.01	101	88.66
1033	81.12	157.59	98	60.61
1034	3.8	174.99	102	121.98
1035	126.52	89.73	100	28.44
1036	54.94	163.67	101	78
1037	84.53	39.82	98	62.14
1038	149.88	197.75	100	109.74
1039	147.32	115.44	101	49.78
Drivers: 10
id	x	y	end	sensitivity
990	74.81	170.99	102	1.33
991	44.92	68.84	100	1.97
992	160.29	65.17	98	0.5
993	108.38	111.43	101	1.79
994	134.52	184.4	101	0.78
995	135	98.48	104	1.19
996	122.45	157.62	100	1.07
997	122.58	119.98	101	1.24
998	155.53	58.77	101	1.85
999	63.16	121.26	100	1.15
Period: 99
Tasks:14
id	x	y	end	c
1040	55.68	126.9	104	51.84
1041	96.43	158.92	103	59.03
1042	189.22	10.39	102	126.45
1043	145.56	90.19	99	46.6
1044	15.47	161.03	100	104.26
1045	178.69	141.08	101	88.77
1046	133.21	99.16	101	33.22
1047	127.59	197.44	105	101.27
1048	128.66	72.76	102	39.54
1049	29.67	26.07	100	102.04
1050	182.84	101.59	103	82.86
1051	164.41	176.91	103	100.32
1052	23.1	91.96	100	77.32
1053	7.25	20.7	100	122.03
Drivers: 8
id	x	y	end	sensitivity
1000	154.85	88.11	100	0.69
1001	38.12	20.66	104	1.35
1002	167.05	186.63	102	0.69
1003	181.29	18.29	101	0.71
1004	120.84	29.66	105	0.93
1005	197.9	184.71	100	1.1
1006	172.95	64.18	100	0.51
1007	99.29	8.4	103	1.63
Period: 100
Tasks:15
id	x	y	end	c
1054	83.75	50.59	105	52.01
1055	25.05	144.76	107	87.3
1056	129.1	143.95	104	52.71
1057	2.06	120.79	101	100.12
1058	40.82	131.17	102	66.89
1059	157	11.98	105	104.86
1060	148.21	27.42	104	87.13
1061	99.2	38.4	100	61.61
1062	63.38	95.01	104	36.96
1063	141.68	190.02	100	99.2
1064	106.12	145.03	102	45.44
1065	37.87	120.76	103	65.51
1066	86.06	38.9	103	62.67
1067	141.17	69.51	106	51.23
1068	132.43	125.26	101	41.11
Drivers: 17
id	x	y	end	sensitivity
1008	8.31	6.95	104	0.55
1009	113.18	4.66	103	1.57
1010	49.1	178.6	105	1.29
1011	64.19	85.88	102	0.61
1012	104.34	193.23	100	1.22
1013	159.25	176.66	100	1.39
1014	167.49	52.72	103	0.62
1015	84.35	16.37	101	0.93
1016	57.94	174.11	100	1.56
1017	155.25	13.86	102	0.7
1018	43.39	157.77	103	1.68
1019	169.27	16	102	0.7
1020	167.07	45	105	0.79
1021	195.23	130.51	103	1.09
1022	128.04	169.9	104	1.78
1023	72.42	41.6	102	1.36
1024	133.62	94.36	104	1.7
