Periods: 100
Task Arrival Rate: 10
Task Average Time: 1
Driver Arrival Rate: 15
Driver Average Time: 2
Period: 1
Tasks:10
id	x	y	end	c
1	172.19	161.31	3	94.71
2	151.47	143.49	3	67.38
3	106.58	96.98	1	7.24
4	189.42	117.7	2	91.15
5	137.97	41.57	1	69.68
6	99.79	26.82	2	73.18
7	36.52	159.7	1	87.14
8	169.49	3.51	2	118.91
9	110.79	110.85	2	15.3
10	169.58	176.26	3	103.23
Drivers: 16
id	x	y	end	sensitivity
1	67.9	194.26	2	0.61
2	175.01	107.51	3	0.56
3	10.68	194.88	5	0.66
4	39	141.17	1	1.3
5	111.68	46.39	1	1.4
6	91.03	83.8	6	1.41
7	35.73	109.36	1	1.03
8	126.92	137.88	3	1.19
9	118.95	199.56	2	1.64
10	40.44	64.17	1	1.24
11	189.21	194.6	3	1.16
12	133.92	165.81	2	1.9
13	151.48	40.19	4	1.04
14	20.42	192.66	4	1.06
15	155.56	175.19	3	1.3
16	159.85	23.25	2	1.24
Period: 2
Tasks:10
id	x	y	end	c
11	99.06	169.73	3	69.74
12	5.64	4.3	3	134.4
13	160.15	69.21	4	67.57
14	83.59	159.06	3	61.3
15	116.61	98.79	2	16.65
16	112.23	20.19	2	80.74
17	63.96	136.84	2	51.54
18	160.86	17.84	2	102.25
19	40.3	6.43	2	110.99
20	29.52	10.59	2	113.85
Drivers: 11
id	x	y	end	sensitivity
17	39.96	57.54	6	1.26
18	143.34	62.31	6	0.8
19	104.19	159.66	7	0.88
20	154.07	84.95	5	1.95
21	84.95	0.12	4	1.93
22	65.57	148.72	4	1.78
23	13.73	31.04	3	1.14
24	72.15	51.03	4	1.27
25	138.06	100.47	3	1.71
26	51.66	43.68	4	0.7
27	111.04	168.13	5	0.69
Period: 3
Tasks:12
id	x	y	end	c
21	12.84	88.63	5	87.9
22	152.75	69.83	5	60.77
23	20.47	111.39	3	80.34
24	164.45	62.53	4	74.55
25	149.67	139.73	3	63.6
26	18.81	187.96	4	119.7
27	182.01	176.78	3	112.34
28	132.41	27.61	4	79.31
29	139.08	52.11	3	61.81
30	190.81	174.59	6	117.52
31	127.73	165.02	5	70.69
32	80.37	93.3	5	20.74
Drivers: 14
id	x	y	end	sensitivity
28	168.52	153.85	5	0.67
29	152.79	137.82	5	1.53
30	183.43	143.27	6	1.49
31	162.69	145.29	6	1.69
32	116.88	21.71	3	1.87
33	66.74	11.14	3	1.72
34	140.98	34.27	5	1.9
35	112	196.66	3	0.96
36	30.19	178.67	4	1.24
37	51.86	17.54	4	1.49
38	77.49	24.17	5	1.24
39	94.67	19.21	7	1.36
40	147.32	86.17	5	1.02
41	195.07	11.22	4	0.62
Period: 4
Tasks:14
id	x	y	end	c
33	49.38	73.55	4	57.11
34	161.81	12.98	5	106.74
35	187.63	128.83	6	92.25
36	151.94	75.4	5	57.47
37	197.77	21.8	4	125.2
38	106.21	70.17	5	30.47
39	159.12	79.96	4	62.42
40	97.4	156	4	56.06
41	96.82	196.03	5	96.08
42	179.12	170.64	4	106.07
43	156.49	159.29	4	81.89
44	31.62	163.48	4	93.3
45	66.96	69.4	4	45.03
46	150.57	172.47	5	88.37
Drivers: 16
id	x	y	end	sensitivity
42	14.52	173.92	4	1.85
43	128.87	185.89	7	1.82
44	183.77	191.54	7	1.3
45	154.41	13.87	6	1.37
46	166.2	77.16	7	1.21
47	29.05	51	6	0.51
48	154.72	61.16	5	0.65
49	19.51	49.59	5	1.61
50	56.42	134.28	5	1.43
51	37.9	122.16	5	0.87
52	134.26	147.45	5	1.52
53	195.34	103.61	5	1.1
54	169.62	199.93	6	1.78
55	85.09	188.89	9	1.7
56	191.88	143.64	7	1.13
57	94.05	196.62	6	0.88
Period: 5
Tasks:12
id	x	y	end	c
47	111.28	4.01	7	96.65
48	47.58	35.89	6	82.81
49	84.42	116.01	7	22.34
50	89.11	8.83	6	91.82
51	177.32	8.01	6	120.17
52	174.24	163.75	5	97.86
53	125.81	46.07	6	59.79
54	134.65	70.01	5	45.83
55	73.32	35.27	8	70.01
56	121.94	80.5	6	29.35
57	91.86	22.22	6	78.2
58	162.57	42.58	6	84.92
Drivers: 12
id	x	y	end	sensitivity
58	173.52	114.8	5	0.66
59	171.8	133.79	7	1.38
60	10.84	33.08	6	1.9
61	191.04	56.34	7	1.74
62	199.57	68.6	7	0.93
63	109.45	49.48	6	1.76
64	83.53	68.46	6	1.37
65	8.91	17.48	7	1.56
66	196.46	103.71	5	0.55
67	12.09	167.43	10	1.64
68	10.37	26.21	5	0.76
69	190.67	8.23	6	0.68
Period: 6
Tasks:9
id	x	y	end	c
59	122.19	6.3	6	96.29
60	28.68	110.82	8	72.14
61	76.07	55.96	6	50.12
62	196.25	1.58	7	137.66
63	100.46	174.22	6	74.22
64	33.65	29.38	6	96.9
65	154.81	138.7	8	67.1
66	114.85	138.96	6	41.69
67	165.22	119.35	6	68.03
Drivers: 20
id	x	y	end	sensitivity
70	40.02	107.73	9	0.56
71	126.13	150.56	8	1.06
72	191.71	51.48	8	0.63
73	92.9	40.76	6	1.86
74	147.22	155.03	6	0.66
75	115.43	63.57	7	1.81
76	195.55	39.72	11	1.24
77	49.07	108.36	8	1.98
78	40.91	8.04	7	0.54
79	36.5	160.71	9	1.6
80	51.16	167.61	7	1.88
81	106.86	177.86	8	1.03
82	111.77	96.6	8	1.22
83	51.24	114.14	7	1.51
84	155.8	159.5	9	1.2
85	198.01	18.85	11	0.54
86	84.47	139.83	7	1.6
87	21.13	174.47	7	1.57
88	58.1	59.23	8	1.73
89	113.67	186.52	8	0.68
Period: 7
Tasks:6
id	x	y	end	c
68	46.27	158.39	8	79.35
69	64.98	59.52	9	53.53
70	122.33	11.4	8	91.37
71	192.21	19.01	8	122.73
72	168.52	48.29	8	85.84
73	20.84	41.45	8	98.46
Drivers: 11
id	x	y	end	sensitivity
90	180.76	53.68	10	0.64
91	24.22	176.25	7	1.24
92	44.77	152.49	10	1.76
93	50.84	191.39	7	0.61
94	144.23	55.79	7	0.62
95	184.29	154.98	9	1.47
96	6.58	103.24	7	0.73
97	51.88	32.98	8	1.61
98	88.33	185.05	9	1.24
99	1.47	59.28	9	1.09
100	186.82	149.24	9	1.94
Period: 8
Tasks:13
id	x	y	end	c
74	43.15	22.48	11	96.13
75	149.55	12.14	9	100.87
76	162.76	57.06	8	76.04
77	85.24	78.78	9	25.85
78	41.43	89.4	8	59.52
79	132.51	43.53	11	65.16
80	147.73	156.02	8	73.6
81	135.67	163.08	8	72.47
82	26.81	191.85	9	117.44
83	52.14	76.75	8	53.21
84	74.81	48.17	9	57.63
85	113.11	13.23	9	87.75
86	197.48	57.35	8	106.4
Drivers: 9
id	x	y	end	sensitivity
101	66.1	13.38	10	0.92
102	11.74	133.97	9	0.74
103	124.74	166.16	11	1.13
104	178.48	119.49	12	0.8
105	70.61	113.97	11	1.99
106	89.25	113.24	9	0.65
107	1.77	85.89	8	0.68
108	63.49	140.58	10	1.56
109	53.73	70.49	11	1.25
Period: 9
Tasks:12
id	x	y	end	c
87	82.6	4.01	10	97.55
88	175.77	178.7	9	109.25
89	108.01	137.47	9	38.32
90	42.72	113.65	10	58.88
91	20.17	147.7	11	93
92	68.28	78.55	9	38.29
93	119.32	12.33	11	89.77
94	132.42	120.5	10	38.36
95	77.77	35.67	11	68.06
96	112.73	94.48	11	13.88
97	183.13	31.71	9	107.58
98	51.97	75.51	9	53.91
Drivers: 10
id	x	y	end	sensitivity
110	176.74	137.99	12	0.85
111	5.91	64.4	14	0.93
112	33.7	32.48	11	1.44
113	55.21	113.28	12	1.91
114	101.44	4.56	12	0.7
115	192.28	195.57	9	0.54
116	113.1	15.46	10	1.59
117	138.84	98.72	12	1.51
118	70.87	134.26	11	0.98
119	186.74	174.59	10	0.82
Period: 10
Tasks:3
id	x	y	end	c
99	87.68	176.89	10	77.87
100	63.79	159.92	13	70.01
101	60.61	180.21	10	89.36
Drivers: 17
id	x	y	end	sensitivity
120	173.26	2.6	10	1.14
121	109.28	22.71	11	1.19
122	120.19	163.67	12	1.74
123	2.81	13.85	16	1.27
124	12.12	83.19	14	1.68
125	137.82	131.18	13	1.68
126	14.31	138.43	11	1.73
127	132.82	90.6	16	0.78
128	43.7	50.86	11	0.9
129	196.87	93.18	13	1.48
130	92.78	174.56	12	1.36
131	73.89	19.04	13	1.61
132	199.55	63.91	11	1.92
133	116.7	10.1	11	1.18
134	132.37	101.77	13	0.93
135	133.18	167.76	12	1.35
136	8.98	53.29	14	1.1
Period: 11
Tasks:14
id	x	y	end	c
102	167.97	182.23	12	106.69
103	129.66	169.98	13	76.01
104	91.3	105.66	12	10.38
105	85.24	65.16	11	37.84
106	115.32	72.14	11	31.79
107	146.37	5.69	12	105.09
108	147.57	26.4	11	87.63
109	199.9	39.42	13	116.83
110	121.76	99.89	11	21.76
111	145.92	140.27	11	61.08
112	136.83	67.24	11	49.29
113	174.37	124.45	12	78.29
114	86.94	131.44	13	34.04
115	196.9	165.34	11	116.87
Drivers: 11
id	x	y	end	sensitivity
137	0.43	44.53	12	1.5
138	54.1	159.52	12	1.17
139	60.56	63.97	12	1.24
140	104.58	110.76	14	0.87
141	184.93	31.88	16	0.9
142	99.72	49.04	16	1.88
143	139.27	136.12	14	1.57
144	53.91	139.48	11	1.47
145	173.03	71.13	12	0.58
146	22.11	146.54	14	0.73
147	52.35	86.46	13	1.11
Period: 12
Tasks:8
id	x	y	end	c
116	105.64	62.89	14	37.54
117	162.32	183.01	13	103.8
118	124.28	25.78	12	78.09
119	135.66	98.82	13	35.68
120	116.52	103.53	12	16.89
121	161.85	168.68	12	92.42
122	141.78	61.5	12	56.81
123	180.54	191.37	13	121.8
Drivers: 22
id	x	y	end	sensitivity
148	198.1	106.35	14	1.74
149	85.31	124.33	12	1.6
150	51.28	58.56	12	1.91
151	21.47	173.02	12	0.71
152	140.72	88.32	14	1
153	165.33	158.46	16	1.16
154	7.39	176.34	13	1.15
155	114.92	118.87	12	1.81
156	69	47	13	1.67
157	194.95	57.08	16	1.84
158	193.17	35.28	14	1.24
159	33.66	189.92	14	1.71
160	194.33	90.19	14	1.72
161	79.06	15.67	16	1.5
162	116.58	3.73	12	0.94
163	152.21	98.13	16	0.83
164	75.65	187.3	13	1.78
165	125.09	14.69	15	0.93
166	179.42	86.17	12	1.31
167	194.1	31.32	15	1.41
168	135.6	89.44	14	0.78
169	183.34	83.77	13	1.61
Period: 13
Tasks:12
id	x	y	end	c
124	64	160.93	14	70.77
125	50.66	42.44	14	75.81
126	193.88	90.98	13	94.31
127	168.19	162.23	16	92.32
128	54.65	137.7	15	58.97
129	191.83	55.84	16	101.9
130	44.18	168.28	14	88.19
131	179.67	190.94	15	120.9
132	113.58	102.66	16	13.84
133	160.15	30.41	14	91.98
134	11.42	60.39	14	97.03
135	121.86	166.58	15	70.08
Drivers: 14
id	x	y	end	sensitivity
170	181.45	23.59	18	0.54
171	141.29	144.31	13	0.94
172	53.72	7.96	14	1.99
173	146.18	158.54	17	1.15
174	159.79	117.68	14	1.19
175	4.95	38.57	15	0.81
176	150.04	78.08	15	0.68
177	39.12	44.11	14	1.74
178	32.54	38.96	14	1.66
179	44.93	108.66	15	0.68
180	187.98	85.21	14	1.34
181	161.47	145.82	15	1.9
182	11.47	197.28	15	0.76
183	178	47.83	16	1.5
Period: 14
Tasks:10
id	x	y	end	c
136	134.38	36	14	72.65
137	165.16	169.36	14	95.17
138	132.88	137.42	16	49.81
139	166.08	14.79	15	107.83
140	53.21	124.83	15	52.97
141	179.35	158.26	15	98.44
142	42.02	193.82	15	110.29
143	40.51	80.46	14	62.62
144	58.48	112.31	18	43.31
145	149.2	175.03	17	89.72
Drivers: 20
id	x	y	end	sensitivity
184	87.65	4.73	16	1.34
185	159.76	183.02	15	0.67
186	20.45	117.86	17	1.45
187	166.02	72.25	18	1.14
188	77.89	35.65	15	1.5
189	24.41	161.47	17	0.6
190	136.61	31.13	17	0.71
191	19.1	151.73	14	1.75
192	179.74	44.54	14	1.19
193	38.11	38.47	14	1.3
194	10.86	137.01	16	1.8
195	74.29	9.65	14	0.81
196	8.42	42.06	18	0.66
197	160.38	162.8	15	0.58
198	1.47	58.46	14	0.59
199	198.67	178.83	14	1.37
200	111.73	153.52	15	1.65
201	16.34	147.47	17	1.46
202	72.74	33.65	16	1.9
203	22	133.04	15	1.82
Period: 15
Tasks:15
id	x	y	end	c
146	89.52	45.76	18	55.24
147	134.54	27.55	15	80.26
148	5.99	185.02	16	126.75
149	152.12	6.65	15	106.91
150	55.57	132.42	17	55
151	119.18	171.72	18	74.24
152	126.48	21.57	17	82.78
153	59.75	102.99	19	40.36
154	74.13	161.6	17	66.81
155	90.63	191.85	16	92.33
156	19.15	108.9	15	81.34
157	169.99	123.19	16	73.73
158	0.04	74.07	17	103.27
159	24.18	163.11	16	98.65
160	103.37	152.82	16	52.93
Drivers: 14
id	x	y	end	sensitivity
204	186.03	71.12	18	1.71
205	188.68	79.67	17	1.37
206	108.9	178.75	20	0.55
207	7.7	14.23	16	0.79
208	182.09	133.02	17	1.21
209	172.24	34	18	0.55
210	182.13	45.55	18	1.56
211	15.84	115.31	17	0.92
212	49.27	149.88	18	1.8
213	196.49	192.84	15	1.37
214	30.36	20.56	17	1.69
215	13.16	106.88	16	0.77
216	65.59	136.97	17	1.07
217	198.79	8.37	18	1.34
Period: 16
Tasks:15
id	x	y	end	c
161	20.95	74.82	17	82.96
162	182	4.63	17	125.78
163	163.59	166.5	16	92.01
164	96.39	59.77	17	40.39
165	110.67	193.92	19	94.52
166	35.06	7.75	18	112.82
167	95.15	189.16	18	89.29
168	161.99	36.75	16	88.56
169	141.2	43.31	17	70.08
170	5.03	80.09	17	97.03
171	164.22	165.03	17	91.4
172	195.85	150.83	17	108.49
173	193.02	170.98	16	117.01
174	32.52	133.21	16	75.21
175	117.22	16.59	17	85.17
Drivers: 21
id	x	y	end	sensitivity
218	126.69	55.71	17	0.86
219	3.25	145.4	19	1.98
220	38.5	192.07	20	1.44
221	171.57	192.77	17	0.8
222	155.04	70.52	18	1.67
223	163.99	159.79	18	1.72
224	163.98	188.44	16	0.63
225	143.7	163.08	18	1.57
226	71.59	77.91	20	1.65
227	13.59	101.05	19	1.95
228	16.57	96.79	18	0.81
229	127.66	196.39	17	1.16
230	83.49	86.03	19	1.94
231	43.54	43.23	16	1.35
232	185.06	50.89	17	1.38
233	154.81	60.51	16	1.4
234	33.15	80.21	16	0.67
235	43.85	166.85	17	1.24
236	132.3	100.36	19	1.72
237	42.29	9.16	17	0.6
238	105.44	39.53	17	1.86
Period: 17
Tasks:8
id	x	y	end	c
176	141.8	147.46	17	63.24
177	105.99	101.04	18	6.08
178	197.73	26.32	19	122.39
179	39.15	111.83	18	61.99
180	99.41	196.04	17	96.04
181	25.92	96.46	17	74.16
182	151.34	98.27	17	51.37
183	58.13	124	18	48.26
Drivers: 20
id	x	y	end	sensitivity
239	124.57	163.43	18	1.81
240	136.06	197.52	20	0.69
241	76.03	153.93	21	1.02
242	83.11	150.9	19	1.98
243	29.39	110.76	19	1.03
244	147.74	107.05	21	1.82
245	31.85	183.76	18	0.7
246	15.37	104.61	18	1.28
247	93.27	136.49	21	1.38
248	154	103.56	17	1.05
249	24.8	85.37	17	0.54
250	125.84	0.33	19	0.96
251	128.29	165.37	21	1.75
252	182.04	87.42	19	1.93
253	115.53	191.85	19	1.04
254	113.49	14.35	20	0.94
255	146.18	187.95	19	1.45
256	59.57	198.63	19	1.2
257	21.75	94.45	21	1.25
258	38.6	150.52	21	0.92
Period: 18
Tasks:12
id	x	y	end	c
184	43.43	134.24	19	66.13
185	123.28	131.35	19	39.05
186	134.78	119.66	19	39.95
187	13.37	81.48	20	88.59
188	34.7	192.26	20	113.03
189	131	85.89	18	34.06
190	82.48	138.83	19	42.6
191	79.59	86.63	18	24.4
192	79.79	197.93	18	99.99
193	164.47	137.26	19	74.46
194	174.98	174.7	18	105.84
195	41.99	55.48	19	73.12
Drivers: 14
id	x	y	end	sensitivity
259	138.85	62.59	19	1.54
260	46.82	126.14	20	1.29
261	73.43	151.02	19	1.76
262	46.2	23.86	20	0.66
263	171.1	77.18	21	1.7
264	112	0.66	21	1.46
265	80.57	23.57	19	1.81
266	143.97	33.93	19	0.94
267	189.35	0.28	19	0.6
268	8.13	156.39	20	1.97
269	93.79	112.85	19	1.18
270	178.69	180.54	19	1.02
271	106.75	64.92	18	0.67
272	101.84	25.21	19	1.04
Period: 19
Tasks:13
id	x	y	end	c
196	190.09	87.07	19	91.01
197	141.21	131.77	22	52.03
198	20.33	123.64	22	83.1
199	179.39	187.39	20	118.07
200	160.58	154.96	20	81.8
201	194.28	116.05	20	95.64
202	80.4	29.94	19	72.75
203	10.12	131.94	20	95.39
204	170.68	5.16	20	118.28
205	18.13	133.65	20	88.52
206	74.88	187.27	19	90.81
207	50.21	105.97	19	50.15
208	58.06	49.52	20	65.63
Drivers: 14
id	x	y	end	sensitivity
273	60.62	16.19	19	1.07
274	135.61	46.96	20	0.98
275	54.61	179.87	23	1.27
276	184.64	104.41	25	1.68
277	38.3	105.1	19	1.61
278	40.25	8.22	20	1.16
279	79.85	138.36	20	1.21
280	37.18	97.39	19	1.76
281	60.59	103.4	21	1.63
282	192.04	173.66	22	1.16
283	38.74	3.17	21	1.48
284	39.55	135.07	22	1.26
285	5.41	54.71	22	1.3
286	181.6	52.97	23	1.17
Period: 20
Tasks:7
id	x	y	end	c
209	175.57	106.44	23	75.84
210	44.63	15.87	22	100.72
211	20.34	129.09	22	84.81
212	44.38	168.83	21	88.49
213	189.44	128.74	23	93.94
214	118.83	168.73	21	71.26
215	197.73	18.8	20	127.06
Drivers: 13
id	x	y	end	sensitivity
287	199.98	77.38	26	0.8
288	9.9	118.43	23	1.53
289	89.39	90.34	21	1.35
290	182.71	43.9	23	1.36
291	30.47	78.48	21	0.6
292	2.15	110.19	20	1.16
293	98.39	113.41	20	0.72
294	95.49	195.35	24	1.11
295	85.39	82.78	21	1.15
296	65.47	96.54	22	1.78
297	109.25	69.59	22	1.8
298	135.21	19.68	21	1.72
299	97.78	48.19	20	1.6
Period: 21
Tasks:9
id	x	y	end	c
216	25.32	165.85	21	99.57
217	82.92	198.19	22	99.66
218	170.94	175.09	22	103.3
219	17.97	135.75	22	89.48
220	64.49	120.64	22	41.07
221	39.61	32.79	21	90.36
222	110.69	88.89	22	15.42
223	23.5	147.57	22	90.08
224	186.94	0.81	22	131.9
Drivers: 13
id	x	y	end	sensitivity
300	118.32	6.42	24	1.87
301	120.63	82.97	22	1.48
302	17.62	168.23	24	1.99
303	79.3	4.53	26	1.23
304	171.99	91.77	25	0.66
305	178.52	69.17	23	1.05
306	37.96	0.18	22	1.41
307	72.4	1.75	24	0.55
308	6.14	160.23	24	0.69
309	141.84	182.87	23	1.16
310	82.59	106.27	25	1.62
311	194.12	118.54	23	1.56
312	159.8	160.5	21	0.83
Period: 22
Tasks:11
id	x	y	end	c
225	90.81	131.74	25	33.04
226	189.23	70.12	23	94.1
227	38.7	165.56	23	89.75
228	149.05	26.91	24	88.02
229	28.61	67.72	26	78.35
230	96.32	70.06	22	30.17
231	142.92	55.65	22	61.72
232	24.51	194.92	25	121.28
233	50.65	160.27	25	77.9
234	21.91	152.16	23	93.91
235	182.34	127.75	24	86.89
Drivers: 17
id	x	y	end	sensitivity
313	103.62	102.24	24	0.7
314	95.73	148.39	24	1.58
315	11.09	179.24	24	1.15
316	97.5	76.99	24	0.63
317	82.34	141.83	23	1.18
318	2.38	42.54	23	1.95
319	168.3	57.18	24	1.96
320	106.46	64.7	24	1.14
321	130.38	22.84	25	0.89
322	134.93	39.68	24	1.27
323	173.96	8.71	24	1.12
324	74.13	194.75	25	0.62
325	193.75	169.59	25	1.85
326	27.25	12.25	26	1.11
327	152.72	76.45	22	0.72
328	36.62	167.02	22	1.1
329	0.58	171.98	24	1.59
Period: 23
Tasks:8
id	x	y	end	c
236	176.38	8.21	23	119.41
237	181.11	91.52	23	81.55
238	15.67	49.55	23	98.27
239	54.29	158.79	25	74.47
240	71.5	130.12	24	41.47
241	189.76	84.45	27	91.1
242	137.34	39.8	24	70.84
243	102.24	42.36	24	57.68
Drivers: 13
id	x	y	end	sensitivity
330	13.94	196.04	25	1.93
331	139.38	168.74	25	0.72
332	26.89	191.11	25	1.32
333	22.72	80.21	24	1.99
334	51.48	198.92	25	1.56
335	44.31	171.34	24	1.68
336	54.42	101.38	23	1.56
337	59.34	154.9	26	0.9
338	78.36	49.14	25	1.01
339	79.2	174.7	26	1.72
340	140.54	11.34	25	1.3
341	149.93	145.88	24	0.56
342	111.28	167.47	23	0.93
Period: 24
Tasks:13
id	x	y	end	c
244	68.17	82.62	25	36.27
245	66.31	78.38	25	40.03
246	4.48	116.69	26	96.97
247	90.53	73.67	26	27.98
248	128.95	46.48	24	60.85
249	186.87	28.55	25	112.48
250	118.19	0.96	26	100.7
251	57.01	74.13	26	50.17
252	150	87.78	24	51.47
253	167.1	47.29	24	85.33
254	106.03	113.19	24	14.5
255	57.21	164.82	25	77.67
256	58.76	52.91	24	62.6
Drivers: 11
id	x	y	end	sensitivity
343	124.64	134.69	28	0.84
344	65.93	196.57	25	1.89
345	85.11	119.87	25	0.85
346	16.21	13.81	25	1.14
347	101.07	78.49	26	0.97
348	94.68	134.29	26	0.93
349	76.93	176.29	25	1.75
350	120.61	23.4	25	1.11
351	113.37	48.3	27	1.49
352	6.12	128.15	24	0.95
353	73.87	118.49	28	0.54
Period: 25
Tasks:9
id	x	y	end	c
257	143.11	103.41	26	43.24
258	199.67	188.11	25	133.03
259	17.8	22.15	26	113.21
260	84.49	30.12	27	71.58
261	192.15	102.15	25	92.18
262	90.47	130.2	26	31.67
263	112.36	87.91	25	17.29
264	4.26	81.55	26	97.5
265	52.2	120.4	26	51.97
Drivers: 13
id	x	y	end	sensitivity
354	187.52	89.26	29	0.97
355	94.23	189.03	25	1.69
356	74.43	70.51	28	1.75
357	118.21	20.82	27	1.88
358	36.87	75.91	32	1.56
359	188.38	93.53	30	1.38
360	147.14	75.41	28	0.84
361	148.74	34.94	26	1.25
362	37.11	106.34	27	0.63
363	11.25	32.96	26	1.59
364	105.06	111.66	25	1.61
365	145.1	35.03	27	1.66
366	158.69	31.12	28	1.16
Period: 26
Tasks:11
id	x	y	end	c
266	189.09	100.19	26	89.09
267	172.45	183.8	27	110.78
268	102.42	191.4	26	91.43
269	135.48	148.24	26	59.88
270	76.43	39.44	27	64.99
271	61.57	32.45	27	77.72
272	76.64	119.92	26	30.7
273	101.47	56.01	27	44.01
274	115.44	49.6	28	52.71
275	170.02	24.84	27	102.72
276	94.08	180.51	28	80.73
Drivers: 12
id	x	y	end	sensitivity
367	69.25	33.59	30	1.92
368	133.53	83.35	28	1.25
369	60.11	136.12	28	1.79
370	147.09	24.61	27	0.98
371	177.81	109	28	1.25
372	156.69	104.88	28	1.6
373	175.83	9.47	26	0.91
374	128.97	152.25	29	0.6
375	21.03	132.54	28	1.21
376	199.38	31.88	28	1.19
377	190.52	96.88	29	0.9
378	65.14	164.5	28	1.47
Period: 27
Tasks:11
id	x	y	end	c
277	65.82	114.83	29	37.26
278	54.54	32.14	30	81.68
279	3.92	154.99	28	110.7
280	5.22	85	27	95.96
281	3.34	64.79	28	102.87
282	112.45	102.69	30	12.74
283	158.53	105.82	29	58.82
284	104.56	94.67	27	7.01
285	51.85	52.24	27	67.82
286	122.41	166.5	30	70.17
287	21.89	52.86	29	91.23
Drivers: 16
id	x	y	end	sensitivity
379	51.47	6.37	29	0.54
380	100	35.06	30	1.17
381	96.1	168.19	29	1.04
382	42.08	136.3	30	1.85
383	97	50.46	28	1.28
384	74.73	171.01	28	0.51
385	56.22	71.37	29	0.83
386	88.92	14.27	29	1.88
387	176.64	191.05	27	1.68
388	146.02	24.04	27	1.86
389	51.69	105.77	31	1.37
390	143.66	72.09	30	1.28
391	133.54	160.95	29	0.58
392	78.22	175.93	27	0.81
393	153.8	106.9	30	0.73
394	52.64	180.32	30	1.42
Period: 28
Tasks:9
id	x	y	end	c
288	68.33	27.2	30	79.39
289	66.1	29.9	29	77.87
290	75.07	74.02	30	36.01
291	43.4	10.17	29	106.17
292	155.51	113.91	30	57.23
293	192.44	164.18	28	112.54
294	165.46	175	29	99.55
295	7.35	117	29	94.2
296	32.59	192.61	30	114.55
Drivers: 13
id	x	y	end	sensitivity
395	67.08	93.16	31	0.52
396	63.74	89.5	28	1.63
397	187.38	145.16	33	0.56
398	46.93	164.82	31	0.97
399	188.29	138.92	30	1.93
400	153.5	99.79	30	1.89
401	144.41	4.23	29	1.91
402	20.85	184.59	29	1.84
403	146.24	179.71	32	1.5
404	33.17	161.53	28	1.14
405	51.23	121.67	29	1.29
406	108.17	51.88	29	1.96
407	67.8	61.29	31	1.25
Period: 29
Tasks:9
id	x	y	end	c
297	87.41	48.24	29	53.27
298	56.83	10.93	30	98.98
299	127.14	180.67	30	85.11
300	116.73	66.6	29	37.36
301	18.13	139.48	29	90.89
302	190.41	92.46	29	90.72
303	182.22	1.01	29	128.68
304	29.1	133.47	29	78.4
305	24.89	35.36	31	99.1
Drivers: 19
id	x	y	end	sensitivity
408	191.91	35.76	31	1.38
409	100.23	9.38	31	1.5
410	179.93	183.02	30	1.96
411	26.54	51.77	32	1.42
412	151.07	124.05	30	1.17
413	164.24	127.05	30	0.7
414	110.92	131.46	32	1.12
415	7.25	109.09	31	0.54
416	84.7	33.2	30	1.89
417	114.32	180.89	29	1.75
418	142.52	159.76	29	0.57
419	185.37	96.24	32	1.76
420	168.37	129.46	34	1.75
421	20.36	196.45	32	1.09
422	106.68	28.49	32	0.53
423	20.47	54.7	31	1.91
424	11.99	94.82	31	1.68
425	198.16	163.08	30	0.6
426	10.53	103.79	29	1.48
Period: 30
Tasks:13
id	x	y	end	c
306	83.45	39.55	32	62.67
307	150.75	76.35	30	55.99
308	72.73	166.88	31	72.23
309	130.53	174.42	31	80.44
310	139.34	124.08	31	46.12
311	195.14	185.6	32	127.98
312	197.02	21.7	31	124.67
313	59.68	148.6	31	63.15
314	197.47	25.65	30	122.59
315	184.91	25.28	30	113.11
316	21.67	110.01	30	78.97
317	73.46	60.38	30	47.69
318	11.11	45.21	30	104.42
Drivers: 14
id	x	y	end	sensitivity
427	162.13	194.63	34	1.43
428	101.18	175.48	33	1.89
429	144.64	29.52	32	1.36
430	128.81	81.8	33	0.63
431	87.18	191.88	33	1.66
432	144.21	170.67	30	0.65
433	198.63	108.17	31	1.65
434	4.44	144.71	33	0.81
435	161.55	57.05	31	1.49
436	92.6	162.96	33	0.99
437	118.99	180.98	32	1.17
438	134.97	189.81	36	0.9
439	53.24	3.98	33	1.04
440	80.1	81.65	31	1.41
Period: 31
Tasks:13
id	x	y	end	c
319	6.73	103.76	32	93.35
320	145.5	5.94	31	104.49
321	121.24	41.93	32	61.83
322	123.25	55.01	31	50.64
323	88.86	30.38	32	70.51
324	158.85	64.38	33	68.79
325	72.08	171.96	34	77.19
326	187.02	29.27	31	112.14
327	111.19	136.02	32	37.72
328	68.64	26.4	31	80
329	181.65	113.09	33	82.69
330	120.84	56.81	32	47.95
331	19.38	133.91	33	87.46
Drivers: 19
id	x	y	end	sensitivity
441	119.15	100.26	33	0.64
442	89.8	109.74	31	1.93
443	171.95	146.91	32	1.93
444	159.2	133.5	34	1.25
445	25.03	39.82	34	1.19
446	171.41	137.23	34	0.56
447	153.13	136.98	31	1.86
448	64.09	183.4	32	1.7
449	32.53	193.97	34	0.6
450	117.83	137.59	31	1.74
451	162.85	97.98	33	1.88
452	132.41	85.67	32	0.95
453	82.67	72.43	33	0.74
454	84.41	137.46	31	0.65
455	155.59	26.19	32	1.49
456	31.13	71	34	0.74
457	153.07	178.54	36	1.84
458	59.79	53.26	34	1.52
459	55.65	76.32	32	1.26
Period: 32
Tasks:10
id	x	y	end	c
332	150.14	137.92	33	62.86
333	37.77	122.89	33	66.31
334	90.83	145.83	33	46.74
335	114.29	142.8	33	45.12
336	61.74	50.49	34	62.57
337	80.89	89.2	33	21.95
338	59.85	63.23	34	54.44
339	175.92	44.19	33	94.23
340	83.16	155.3	36	57.81
341	193.34	82.63	35	94.94
Drivers: 12
id	x	y	end	sensitivity
460	131.28	120.06	35	1.15
461	106.93	189.27	34	1.95
462	2.62	147.88	34	0.55
463	37.35	61.76	36	1.22
464	183.85	104.47	34	0.92
465	114.02	31.34	35	1.01
466	135.94	95.32	36	0.69
467	117.26	9.53	37	1.69
468	72.77	194.39	33	1.09
469	171.35	171.28	33	0.77
470	49.62	88.85	34	1.34
471	154.02	78.37	36	1.14
Period: 33
Tasks:11
id	x	y	end	c
342	82.91	157.31	34	59.8
343	146.19	186.98	34	98.48
344	47.49	86.52	34	54.21
345	91.49	13.31	35	87.11
346	63.54	128.21	33	46.1
347	129.24	9.98	33	94.65
348	101.37	33.34	34	66.67
349	195.58	13.37	33	129
350	29.9	135.65	35	78.64
351	199.51	87.86	39	100.25
352	54.38	171.68	34	84.97
Drivers: 11
id	x	y	end	sensitivity
472	130.84	86.6	33	0.75
473	161.64	95.69	36	0.82
474	64.71	21.36	36	0.6
475	94.41	95.58	35	0.58
476	9.13	12.26	33	0.87
477	77.92	59.97	37	0.95
478	181.93	185.65	33	1.21
479	98.56	141.96	35	1.13
480	196.38	84.72	34	1.17
481	1.07	39.09	36	1.83
482	187.8	49.71	35	0.92
Period: 34
Tasks:9
id	x	y	end	c
353	97.68	59.15	36	40.92
354	26.6	12.99	36	113.83
355	114.94	90.55	35	17.68
356	194.53	71.45	36	98.75
357	168.57	132.44	34	75.86
358	2.23	145.73	38	107.94
359	63.56	96.52	34	36.61
360	86.72	114.27	36	19.49
361	198.69	103.07	35	98.74
Drivers: 13
id	x	y	end	sensitivity
483	182.49	76.87	35	1.8
484	155.78	135.76	36	0.51
485	122.21	54.16	37	1.79
486	185.63	164.25	35	1.27
487	25.79	10.95	35	1.34
488	78.11	155.67	34	1.08
489	123.57	10.28	36	0.56
490	12.49	38.58	37	1.58
491	60.5	161.39	34	1.4
492	1.97	20.75	36	1.04
493	35.09	89.99	36	0.74
494	59.49	183.78	38	1.29
495	184.59	41.94	37	1.69
Period: 35
Tasks:14
id	x	y	end	c
362	97.91	72.91	35	27.17
363	64.2	140.19	36	53.82
364	144.75	129.09	37	53.37
365	159.59	177.65	36	97.88
366	66.3	50.65	39	59.76
367	194.31	12.19	35	128.86
368	49.94	88.7	37	51.32
369	142.54	3.98	36	105.02
370	123.64	180.46	36	83.86
371	194.67	79.59	36	96.85
372	127.35	9.14	35	94.89
373	33.25	92.7	35	67.15
374	45.51	188.81	37	104.19
375	70.08	56.86	39	52.5
Drivers: 11
id	x	y	end	sensitivity
496	15.43	37.23	38	0.61
497	111.35	77.42	37	0.98
498	12.94	61.58	38	1.12
499	17.15	7.79	36	1.03
500	181.95	112.22	36	1.36
501	153.8	88.76	38	1.1
502	113.6	85.32	39	1.15
503	108.38	43.28	37	1.02
504	113.53	49.7	37	1.48
505	80.51	52.64	36	1.73
506	199.6	167.89	36	1.26
Period: 36
Tasks:6
id	x	y	end	c
376	1.8	122.02	37	100.64
377	147.99	111.46	36	49.34
378	154.74	101.37	37	54.76
379	145.92	90.02	37	46.99
380	108.41	121.09	36	22.7
381	131	108.58	36	32.17
Drivers: 7
id	x	y	end	sensitivity
507	177.3	66.15	37	2
508	2.33	48.86	38	1.45
509	164.43	140.15	36	0.51
510	170.58	161.24	38	1.92
511	185.29	139.75	36	0.57
512	45.56	106.46	39	1.44
513	160.37	185.64	38	1.65
Period: 37
Tasks:13
id	x	y	end	c
382	37.19	77.62	41	66.68
383	178.52	123.58	38	81.98
384	98.1	185.36	39	85.38
385	152.6	75.33	37	58.1
386	41.8	68.12	38	66.36
387	144.47	163.93	38	77.88
388	85.51	106.15	39	15.74
389	179.77	93.59	37	80.03
390	183.93	40.43	38	102.92
391	52.23	87.93	39	49.27
392	33.26	143.4	38	79.61
393	81.04	35.31	37	67.41
394	193.36	73.22	38	97.12
Drivers: 14
id	x	y	end	sensitivity
514	127.78	28.17	38	1.39
515	51.76	67.78	38	1.24
516	74.49	171.04	39	0.88
517	112.26	137.52	39	1.93
518	133.31	187.1	39	1.3
519	92.49	78.38	38	1.72
520	128.65	115.81	37	1.65
521	152.12	168.69	38	0.91
522	81.29	130.64	38	0.75
523	96.08	46.82	40	1.43
524	79.32	145.18	39	2
525	29.47	150.22	37	1.51
526	42.4	106.49	39	0.98
527	157.11	41.76	38	1.89
Period: 38
Tasks:17
id	x	y	end	c
395	173.27	183.74	40	111.27
396	170.55	182.26	38	108.37
397	43.31	56.85	39	71.24
398	38.75	8.28	38	110.29
399	63.95	129.63	39	46.66
400	184.35	106.86	39	84.63
401	175.9	30.75	43	102.74
402	132.86	176.62	38	83.37
403	71.78	169.21	39	74.74
404	165.93	125.17	38	70.57
405	75.35	192.99	40	96.2
406	118.61	74.47	39	31.59
407	69.75	54.03	39	55.03
408	94.43	30.7	39	69.52
409	82.18	42.5	42	60.2
410	19.81	159.42	39	99.81
411	68.83	60.13	40	50.61
Drivers: 14
id	x	y	end	sensitivity
528	11.47	45.31	43	0.77
529	136.32	41.64	39	0.78
530	31.42	61.37	40	0.95
531	79.39	144.94	39	0.82
532	65.6	195.11	39	1.46
533	109.88	99.14	41	1.29
534	110.02	41.83	39	1.68
535	139.18	149.07	41	1.85
536	37.32	154.69	42	1.3
537	10.58	133.29	41	1.35
538	73.3	187.94	39	0.51
539	52.63	169.89	41	1.03
540	19.92	23.36	40	0.76
541	42.41	189.01	40	1.94
Period: 39
Tasks:4
id	x	y	end	c
412	86.38	109.22	41	16.45
413	69.42	130.77	39	43.38
414	87.38	34.87	39	66.34
415	140.07	94.21	42	40.49
Drivers: 19
id	x	y	end	sensitivity
542	171.43	22.68	43	1.03
543	122.15	26.03	40	0.54
544	178.59	98.5	40	1.04
545	105.45	187.36	40	0.75
546	50.62	106.49	42	1.77
547	37.8	183.2	42	1.99
548	88.47	41.32	41	0.99
549	112.58	134.11	42	0.5
550	67.29	139.77	40	0.93
551	141.37	60.9	42	0.64
552	174.61	76.97	39	1.31
553	132.79	11.65	41	1.35
554	1.56	57.46	40	1.95
555	161.09	6.24	42	1.42
556	21.57	105.13	41	0.79
557	109.5	44.05	39	1.55
558	4.43	47.42	40	1.01
559	169.98	73.33	39	0.59
560	159.68	112.87	40	1.82
Period: 40
Tasks:13
id	x	y	end	c
416	192.79	69.59	40	97.65
417	65.58	157.42	41	66.95
418	194.67	127.8	42	98.67
419	175.81	122.44	43	79.06
420	23.44	5.3	41	121.78
421	150.19	181.13	41	95.4
422	135.14	7.02	41	99.4
423	148.91	104.12	42	49.08
424	87.38	43.21	42	58.18
425	57.49	199.75	40	108.43
426	56.82	86.85	40	45.14
427	190.05	98.32	41	90.07
428	182.3	123.58	41	85.61
Drivers: 21
id	x	y	end	sensitivity
561	131.11	190.91	40	0.68
562	197.47	60.15	43	0.65
563	75.14	8.88	43	1.34
564	161.14	60.25	41	1.04
565	144.26	82.68	42	0.54
566	70.63	118.76	41	0.82
567	51.42	159.58	43	1.84
568	125.23	145.82	41	1.28
569	37.2	107.14	40	0.52
570	108.6	122.75	43	1.35
571	35.06	188.16	42	0.87
572	198.81	57.22	43	1.32
573	135.59	112.27	42	1.85
574	190.95	162.61	42	1.04
575	145.52	35.42	41	0.59
576	160.98	29.77	43	1.76
577	194.42	184.34	40	1.1
578	172.58	190.05	46	1.15
579	88.6	23.84	43	0.52
580	99.92	101.06	41	0.53
581	44.73	43.11	41	1.91
Period: 41
Tasks:12
id	x	y	end	c
429	168.78	101.81	42	68.8
430	87.7	19.35	43	81.58
431	118.26	46.83	42	56.22
432	158.79	127.34	42	64.84
433	61.67	78.14	41	44.13
434	12.54	45.4	42	103.1
435	197.83	27.35	42	121.86
436	165.66	60.45	41	76.65
437	101.3	23.89	43	76.12
438	2.75	198.53	41	138.44
439	66.33	184.7	44	91.15
440	166.82	139.92	45	77.84
Drivers: 18
id	x	y	end	sensitivity
582	146.5	17.05	45	0.54
583	135.35	102.59	43	1.69
584	126.34	131.75	44	1.02
585	91.31	147.95	42	0.57
586	82.6	146.26	43	1.18
587	69.61	143.91	42	1.16
588	190.88	23.77	43	1.26
589	68.85	63.25	45	0.77
590	52.1	4.88	41	1.11
591	197.2	98.02	43	1.49
592	79.6	34.97	43	1.76
593	110.65	21.93	42	1.9
594	146.6	181.9	42	1.03
595	141.44	120.67	44	0.82
596	23.72	50.86	44	1.46
597	151.49	31.14	41	0.64
598	95.27	40.05	41	1.85
599	158.7	188.04	44	1.33
Period: 42
Tasks:8
id	x	y	end	c
441	82.05	104.28	43	18.45
442	34.09	99.05	44	65.92
443	119.95	174.55	44	77.17
444	81.34	27.03	42	75.32
445	31.4	186.19	44	110.16
446	139.25	145.21	44	59.87
447	3.92	175.26	44	122.05
448	10.59	71.35	44	93.89
Drivers: 19
id	x	y	end	sensitivity
600	191.81	187.06	46	1.23
601	3.08	35.48	43	1.04
602	79.1	48.95	43	1.39
603	18.8	138.35	44	0.5
604	148.21	156.99	46	1.6
605	93.22	3.25	43	1.73
606	171.7	0.89	43	1.05
607	188.69	135	43	1.33
608	28.39	30.42	43	1.47
609	111.76	145.01	47	0.99
610	51.46	137.73	45	1.9
611	56.16	142.59	43	1.85
612	182.34	68.41	45	1.84
613	19.47	72.8	45	1.78
614	35.69	61.43	45	0.68
615	4.08	36.31	44	0.64
616	186.66	116.66	45	1.4
617	163.61	28.46	47	1.53
618	28.91	3.95	44	0.7
Period: 43
Tasks:9
id	x	y	end	c
449	73.05	71.78	44	39.02
450	139.18	58.23	44	57.27
451	120.01	60.68	43	44.12
452	184.89	29.32	45	110.46
453	187.92	190.22	45	125.97
454	119.75	127.95	44	34.22
455	124.47	199.64	43	102.6
456	27.3	9.23	44	116.29
457	97.62	21.31	47	78.73
Drivers: 11
id	x	y	end	sensitivity
619	194.25	189.59	48	1.9
620	35.08	40.62	44	1.84
621	181.64	63.83	43	1.86
622	103.46	153.81	45	1.72
623	49.17	69.23	45	0.76
624	126.93	179.48	43	1.35
625	33.01	105.62	46	1.3
626	84.42	78.5	50	1.88
627	23.37	156.12	46	1.33
628	62.76	53.84	44	1.28
629	167.78	17.48	45	1.18
Period: 44
Tasks:4
id	x	y	end	c
458	37.17	55.92	44	76.75
459	131.47	100.69	46	31.48
460	92.07	11.02	45	89.33
461	108.82	60.75	44	40.23
Drivers: 14
id	x	y	end	sensitivity
630	70.41	149.57	46	1.02
631	43.68	24.55	45	1.72
632	52.97	29.46	45	0.68
633	173.44	148.02	45	1.34
634	22.56	7.29	46	1.3
635	10.23	18.43	46	0.75
636	85.35	154.35	47	0.82
637	185.48	89.52	51	1.2
638	83.68	176.08	47	0.72
639	181.56	145.21	45	0.52
640	13.89	119.53	48	0.75
641	194.26	72.08	44	1.45
642	8.97	17.58	45	1.5
643	15.67	91.22	48	1.04
Period: 45
Tasks:14
id	x	y	end	c
462	56.67	197.99	46	107.14
463	26.89	117.97	45	75.29
464	102.35	173.88	45	73.92
465	108.14	94.35	46	9.91
466	129.62	131.04	46	42.9
467	76.08	8.95	45	94.14
468	180.21	180.93	45	113.94
469	94.69	7.45	46	92.7
470	120.28	23.53	47	79.11
471	103.28	98.46	46	3.62
472	190.93	117.99	45	92.69
473	32.72	121.66	45	70.68
474	154.96	140.5	45	68.27
475	70.8	110.34	45	30.98
Drivers: 14
id	x	y	end	sensitivity
644	167.21	161.24	47	0.87
645	109.22	15.01	45	1.91
646	118.87	121.91	48	1.78
647	48.88	9.8	45	1.04
648	101.33	6.49	47	0.5
649	62.21	190.61	46	1.97
650	143	108.93	47	0.51
651	100.73	9.53	47	0.69
652	194.81	44.79	47	0.96
653	92.32	77.81	46	1.48
654	125.57	108.87	47	1.3
655	90.67	57.1	46	1.66
656	47.7	132.58	47	1.46
657	103.03	27.15	45	0.57
Period: 46
Tasks:15
id	x	y	end	c
476	19.39	148.99	47	94.33
477	32.32	41.43	47	89.5
478	93.74	51.21	49	49.19
479	35.85	146.03	46	78.96
480	72.5	121.14	47	34.69
481	189.16	36.16	47	109.66
482	112.07	152.27	47	53.65
483	100.93	12.11	48	87.89
484	157.73	144.9	47	73.14
485	53.81	107.99	49	46.88
486	134.46	71.55	47	44.69
487	91.27	117.56	46	19.61
488	16.94	193.3	46	124.92
489	61.4	128.06	46	47.72
490	45.23	154.78	49	77.46
Drivers: 22
id	x	y	end	sensitivity
658	53.42	104.32	47	0.74
659	183.69	172.69	47	0.72
660	99.87	80.14	47	0.58
661	153.36	90.36	49	1.27
662	62.22	146.56	48	1.87
663	91.12	0.53	48	1.13
664	128.54	101.37	46	1.08
665	117.97	3.52	47	1.92
666	71.83	138.95	48	0.65
667	23.34	105.61	49	1.02
668	126.95	10.49	47	0.77
669	26.67	80.08	49	1.72
670	113.62	196.58	47	1.84
671	28.13	84	46	0.75
672	14.17	43.96	46	1.43
673	198.42	182.8	51	0.64
674	148.1	72.59	47	1.18
675	71.99	12.82	49	1.3
676	20.28	34.43	46	0.72
677	65.51	183.8	47	1.55
678	35.75	138.13	46	1.55
679	59.16	87.96	50	0.65
Period: 47
Tasks:11
id	x	y	end	c
491	70.27	64.57	48	46.25
492	72.01	174.95	47	80.01
493	88.05	61.2	47	40.6
494	27.36	158.14	50	93.04
495	75.88	130.46	48	38.85
496	39.29	33.2	47	90.27
497	94.33	153.37	47	53.67
498	33.25	60.87	47	77.37
499	5.04	182.83	50	126.01
500	145.12	62.55	47	58.64
501	180.07	53.4	51	92.64
Drivers: 17
id	x	y	end	sensitivity
680	48.34	21.31	47	1.37
681	10.69	30.6	48	1.99
682	114.1	38.67	49	0.7
683	172.14	0.31	50	1.76
684	45.79	116.73	51	1.72
685	39.59	123.03	51	0.9
686	31.36	113	51	0.72
687	158.04	36.37	49	1.88
688	145.97	167.65	49	0.86
689	68.74	73.32	51	1.33
690	136.23	174.26	52	1.79
691	32.74	68.08	50	1.2
692	168.33	24.45	48	1.1
693	101.88	110.01	49	0.91
694	103.82	147.46	50	1.56
695	14.77	183.92	48	0.55
696	196.03	159.37	49	1.91
Period: 48
Tasks:9
id	x	y	end	c
502	177.82	82.94	49	79.67
503	8.99	57.33	49	100.52
504	17.37	167.49	49	106.69
505	54.41	79.63	48	49.93
506	14.11	98.97	49	85.9
507	39.58	50.36	48	78.2
508	95.56	150.21	50	50.41
509	173.59	159.85	49	94.86
510	124	181.45	50	84.91
Drivers: 21
id	x	y	end	sensitivity
697	78.99	91.84	49	1.56
698	169.9	187.25	55	1.7
699	24.26	127.23	52	0.67
700	183.83	120.55	50	0.56
701	197.33	169.49	53	1.85
702	168.51	164.4	49	0.67
703	75.22	29.02	51	0.97
704	94.59	112.64	50	0.86
705	113.48	127.44	48	0.72
706	48.06	67.2	48	0.71
707	31.9	149.67	49	1.94
708	93.79	23.99	49	1.26
709	51.69	168.26	52	1.55
710	56.82	133.52	52	0.87
711	14.68	127.41	50	0.74
712	196.85	82.69	50	1.62
713	14.01	37.33	50	1.29
714	117.89	162.26	49	1.36
715	21.01	39.21	50	1.32
716	102.09	51.42	49	1.17
717	123.01	191.14	50	0.84
Period: 49
Tasks:10
id	x	y	end	c
511	50.29	192.81	50	105.28
512	45.53	93.58	50	54.85
513	121.23	149.66	51	54.01
514	161.43	198.1	49	115.75
515	153.73	32.62	50	86.18
516	167.46	77.41	50	71.14
517	111.31	14.89	51	85.86
518	73.51	12.1	51	91.8
519	82.88	84.19	50	23.3
520	127.64	47.79	49	59.07
Drivers: 13
id	x	y	end	sensitivity
718	67.98	45.08	51	1.99
719	83.26	28.12	51	0.59
720	18.64	156.36	52	1.46
721	118.39	7.4	50	0.72
722	54.32	5.12	50	1.5
723	29.16	12.45	50	1.95
724	127.34	84.32	51	0.66
725	138.12	84.18	51	1.23
726	134.17	155.45	51	1.42
727	92.68	142.94	51	1.83
728	153.17	40.78	51	1.35
729	63.83	147.64	50	1.19
730	94.62	183.87	49	1.09
Period: 50
Tasks:5
id	x	y	end	c
521	197.34	116.78	51	98.78
522	107.36	151.86	52	52.38
523	161.57	91.56	53	62.15
524	75.51	89.27	52	26.74
525	45.29	42.83	50	79.13
Drivers: 9
id	x	y	end	sensitivity
731	32.85	49.45	52	0.88
732	10.15	75.84	52	1.88
733	135.31	12.84	51	1.94
734	6.19	36.97	52	1.93
735	18.14	45.27	55	0.98
736	87.83	71.28	51	0.89
737	181.45	99.16	54	0.69
738	51.67	105.41	53	0.93
739	127.56	170.07	50	1.49
Period: 51
Tasks:9
id	x	y	end	c
526	16.87	186.67	52	120.09
527	134.55	156.9	51	66.57
528	151.15	37.04	51	81.12
529	41.16	14.7	53	103.63
530	60.18	136.09	53	53.74
531	36.96	87.31	53	64.3
532	137.55	170.79	52	80.13
533	83.64	191.95	51	93.39
534	107.06	157.61	51	58.04
Drivers: 8
id	x	y	end	sensitivity
740	173.76	61.45	51	1.65
741	114.98	109.16	52	1.77
742	136.58	74.94	52	0.73
743	177.12	151.22	52	1.09
744	148.24	26.3	55	1.24
745	170.32	127.87	54	1.34
746	119.29	195.86	53	0.9
747	91.5	34.3	53	1.25
Period: 52
Tasks:7
id	x	y	end	c
535	47.2	5.33	52	108.4
536	113.74	151.12	52	52.93
537	164.85	146.32	54	79.69
538	31.44	161.03	52	91.79
539	115.55	1.16	53	100.06
540	149.71	159.04	55	77.18
541	141.1	78.29	56	46.48
Drivers: 27
id	x	y	end	sensitivity
748	141.49	138.87	53	1.42
749	0.65	4.6	52	0.62
750	13	52.71	52	1.62
751	50.75	181.99	55	1.2
752	102.43	44.61	52	0.81
753	29.36	113.47	53	1.3
754	10.82	102.88	56	0.56
755	59.2	94.95	54	1.42
756	77.22	156.61	54	1.08
757	158.74	17.79	56	1.74
758	155.17	138.23	53	0.64
759	69.91	156.66	53	1.09
760	23.42	84.91	54	1.6
761	15.09	105.96	55	1.63
762	122.4	97.93	55	1.45
763	118.03	188.17	53	1.01
764	110.58	153.11	53	1.49
765	181.82	58.43	56	1.08
766	1.45	30.34	54	1.4
767	35.24	160.83	56	0.75
768	142	11.73	54	1.07
769	114.38	129.04	53	1.39
770	186.08	194.3	54	1.44
771	196.29	1.68	52	0.87
772	186.61	171.06	54	1.94
773	188.42	78.11	55	1.23
774	113.1	31.93	55	1.31
Period: 53
Tasks:4
id	x	y	end	c
542	133.63	71.38	53	44.16
543	93.62	0.95	54	99.26
544	162.99	164.29	53	90.01
545	189.25	154.42	53	104.53
Drivers: 21
id	x	y	end	sensitivity
775	117.14	184.15	57	1.6
776	129.44	185.23	57	0.81
777	160.17	97.87	56	1.37
778	156.05	5.71	54	1.82
779	51.24	41.06	54	1.18
780	148.1	56.56	54	0.67
781	130.39	67.19	56	1.15
782	141.42	54.9	55	0.96
783	167.77	69.25	57	0.96
784	30.93	37.82	57	1.9
785	17.31	104.94	56	1.7
786	15.62	146.06	53	0.5
787	152.29	104.43	54	1.6
788	97.97	94.23	54	0.5
789	155.03	8.33	59	0.77
790	132.65	95.34	54	1.57
791	32.63	81.23	53	0.66
792	101.45	94.33	56	0.65
793	144.97	173.02	55	1.92
794	55.2	152.47	55	1.94
795	63.72	178.3	56	0.86
Period: 54
Tasks:11
id	x	y	end	c
546	169.41	153.75	54	87.79
547	39.87	179.62	55	99.77
548	108.82	145.6	55	46.45
549	72.69	76.58	55	35.98
550	127.03	93.91	55	27.71
551	170.08	109.37	56	70.7
552	161.57	177.87	56	99.27
553	138.46	22.62	54	86.41
554	93.81	154.55	54	54.9
555	29.58	62.21	57	79.92
556	79.76	42.43	55	61.02
Drivers: 11
id	x	y	end	sensitivity
796	148.93	40.13	56	1.05
797	58.89	93.61	56	0.97
798	43.07	0.53	55	1.55
799	15.61	154.89	56	1.77
800	188	160.51	55	0.72
801	173.21	74.9	54	1.19
802	25.62	69.06	57	1.44
803	119.7	91.2	56	1.07
804	161.8	29.74	55	1.53
805	160.99	61.05	55	0.52
806	4.2	35.03	55	1.99
Period: 55
Tasks:8
id	x	y	end	c
557	190.89	22.21	56	119.63
558	5.18	131.78	56	100
559	82.77	101.12	58	17.27
560	163.28	88.69	57	64.28
561	105.29	101.91	55	5.62
562	102.22	180.42	55	80.45
563	105.72	183.61	57	83.81
564	161.88	5.49	57	112.97
Drivers: 6
id	x	y	end	sensitivity
807	170.31	135.11	60	1.02
808	36.32	160.06	56	1.98
809	68.88	123.11	57	1.25
810	167.6	182.55	58	1.4
811	112.03	162.17	60	1.14
812	82.68	97.4	55	1.79
Period: 56
Tasks:13
id	x	y	end	c
565	100.08	161.91	57	61.91
566	50.09	155.62	57	74.73
567	175.59	134.24	56	82.98
568	33.72	163.19	56	91.58
569	180.94	56.65	57	91.82
570	179.93	99.12	57	79.93
571	146.9	148.53	57	67.49
572	65.86	12.29	57	94.12
573	78.49	164.34	56	67.84
574	47.41	57.12	62	67.86
575	87.49	186.07	56	86.97
576	2.6	19.73	57	126.21
577	116.42	194.73	56	96.14
Drivers: 11
id	x	y	end	sensitivity
813	7.75	103.52	57	0.5
814	106.27	110.66	57	1.93
815	84.3	60.84	58	0.68
816	170.02	144.63	57	1.07
817	2.16	133.61	59	1.22
818	116.36	41.57	59	0.74
819	176.95	114.76	57	1.82
820	136.06	1.39	57	0.9
821	145.14	171.57	59	0.83
822	1.02	81.47	57	1.85
823	32.08	94.34	60	0.68
Period: 57
Tasks:15
id	x	y	end	c
578	110.47	149.81	57	50.9
579	54.57	152.53	57	69.45
580	87.39	51.29	58	50.32
581	82	65.27	58	39.12
582	172.59	67.2	59	79.66
583	105.91	86.77	60	14.49
584	66.85	17.35	58	89.05
585	10.65	14.44	57	123.71
586	182.8	169.03	57	107.8
587	42.81	103.24	58	57.28
588	15.79	8.48	58	124.37
589	30.22	54.65	58	83.22
590	132.42	164.84	59	72.49
591	166.89	70.04	57	73.29
592	39.23	81.85	59	63.42
Drivers: 13
id	x	y	end	sensitivity
824	3.08	41.59	62	0.68
825	119.92	113.68	59	1.02
826	18.18	123.66	58	1.37
827	153.72	2.93	62	0.68
828	174.48	147.47	58	1.18
829	116.56	47.55	60	1.54
830	192.69	81.47	57	0.76
831	164.14	113.22	61	1.15
832	160.82	48.36	60	1.31
833	106.27	49.47	61	0.66
834	33.26	79.45	60	0.69
835	88.31	158.94	58	0.88
836	1.17	13.24	59	1.19
Period: 58
Tasks:4
id	x	y	end	c
593	81.55	105.37	59	19.22
594	134.53	171.48	59	79.38
595	105.14	37.76	58	62.45
596	188.48	110.8	60	89.14
Drivers: 14
id	x	y	end	sensitivity
837	21.96	178.12	61	1.94
838	169.93	20.7	63	1.07
839	13.91	40.16	61	0.58
840	175.47	20.38	60	0.79
841	104.06	147.6	61	1.66
842	178.32	169	59	1.95
843	108.1	64.07	60	1.59
844	130.47	152.04	62	1.41
845	175.15	39.91	61	1.91
846	5.65	104.59	61	1.53
847	134.43	136.42	62	1.82
848	11.51	195.06	61	1.04
849	13.47	57.96	60	0.54
850	79.47	128.22	61	1.04
Period: 59
Tasks:7
id	x	y	end	c
597	149.68	59.62	60	64.02
598	7.71	66.14	61	98.31
599	197.04	38.38	59	114.95
600	56.62	150.68	59	66.71
601	123.64	184.75	59	87.99
602	57.73	162.85	60	75.74
603	148.94	147.28	61	68.05
Drivers: 20
id	x	y	end	sensitivity
851	81.32	173.06	59	1.72
852	154.87	27.02	61	0.82
853	142.08	158.04	60	1.01
854	43.76	22.49	61	1.57
855	177.06	42.24	60	0.63
856	155.84	9.43	60	1.72
857	182.14	77.44	60	1.36
858	43.95	85.13	61	0.79
859	147.68	19.52	61	0.66
860	87.27	16.72	59	1.53
861	146.38	158.68	59	1.03
862	176.6	14.13	59	0.8
863	146.26	59.04	59	0.87
864	27.77	168.8	61	1.68
865	142.85	162.72	60	0.78
866	3.76	132.6	60	0.95
867	58.48	100.52	61	0.64
868	162.22	47.09	61	1
869	47.29	71.16	62	1.61
870	104.62	107.68	61	1.93
Period: 60
Tasks:10
id	x	y	end	c
604	34.22	196.96	63	117.17
605	35.43	21.69	60	101.5
606	119.47	195.24	60	97.21
607	56.78	60.54	61	58.52
608	15.83	118.36	61	86.15
609	89.22	101.8	62	10.93
610	177.29	75.27	61	81.15
611	3.41	21.11	62	124.71
612	131.5	152.6	61	61.31
613	197.34	66.1	60	103.07
Drivers: 14
id	x	y	end	sensitivity
871	158.46	84.51	61	1.96
872	12.7	28.56	60	1.3
873	180.36	116.96	63	0.83
874	59.08	111.98	62	1.55
875	161.33	132.48	61	1.63
876	11.76	86.36	63	1.45
877	143.38	111.51	60	1.43
878	139.08	93.08	61	0.78
879	139.48	28.91	62	1.6
880	198.65	161.86	61	1.78
881	10.3	146.08	61	1.34
882	67.88	57.51	63	0.52
883	111.84	26.3	63	1.94
884	146.84	101.1	62	1.42
Period: 61
Tasks:7
id	x	y	end	c
614	116.21	190.69	63	92.13
615	87.42	112.61	62	17.81
616	186.55	65.27	62	93.26
617	189.55	27.16	62	115.43
618	131.61	32.42	64	74.61
619	8.35	26.88	64	117.24
620	151.69	187.88	62	101.95
Drivers: 17
id	x	y	end	sensitivity
885	87.94	21.39	62	0.89
886	85.26	119.02	62	0.78
887	142.74	196.76	62	1.79
888	106.64	3.31	63	0.74
889	118.49	190.28	63	0.69
890	153.42	29.16	62	0.81
891	24.34	18.08	65	1.93
892	19.87	155.34	62	1.45
893	112.12	87.48	62	1.79
894	39.05	124.75	61	1.63
895	169.5	108.53	62	1.73
896	109.84	183.82	61	1
897	138.78	71.17	64	1.71
898	74.96	101.23	65	1.65
899	133.34	53.53	64	1.91
900	156.61	171.1	65	1.14
901	137.07	153.5	67	1.4
Period: 62
Tasks:11
id	x	y	end	c
621	34.91	166.58	63	93.11
622	194.78	181.1	62	124.74
623	177.41	80.23	63	79.89
624	128.99	91.08	63	30.33
625	155.62	152.88	63	76.75
626	175.68	169.28	65	102.6
627	109.19	25.58	65	74.99
628	40.29	63.38	65	70.05
629	85.83	163	64	64.57
630	134.36	75.44	64	42.24
631	181.81	35.38	63	104.25
Drivers: 11
id	x	y	end	sensitivity
902	158.6	136.31	64	1.22
903	117.21	121.16	63	1.42
904	83.55	143.77	65	1.27
905	119.22	90.62	65	1.9
906	178.37	34.07	62	0.91
907	70.03	51.28	64	0.58
908	87.36	104.93	63	0.75
909	17.6	4.89	62	1.56
910	73.78	11.22	66	1.14
911	192.22	198.57	64	1.2
912	34.44	88.51	64	0.67
Period: 63
Tasks:14
id	x	y	end	c
632	182.6	123.8	64	85.96
633	26.56	85.62	64	74.83
634	33.66	78.48	64	69.74
635	22.09	189.15	66	118.4
636	14.12	190.39	63	124.68
637	7.86	175.17	64	118.91
638	132.5	58.4	65	52.79
639	93.07	124.27	65	25.24
640	130.61	58.92	64	51.23
641	165.05	8.36	64	112.38
642	116.33	148.35	65	51.03
643	163.49	136.29	63	73.13
644	10.49	84.38	63	90.86
645	116.63	139.88	63	43.21
Drivers: 19
id	x	y	end	sensitivity
913	1.1	168.94	65	1.08
914	159.43	38.5	65	1.05
915	136.88	75.01	66	1.47
916	83.88	83.41	66	0.63
917	150.67	10.24	63	1.01
918	127.64	125.47	66	1.5
919	173.23	23.83	64	1.95
920	162.29	139.74	65	0.81
921	129.04	41.06	66	1.74
922	49.49	153.55	67	0.83
923	1.66	25	64	1.93
924	65.11	52.43	65	1.84
925	96.93	77.09	64	0.78
926	136.04	61.22	64	1.1
927	142.83	191.47	69	1.05
928	1.93	32.34	63	1.08
929	63.93	185.27	63	1.16
930	122.48	144.04	64	0.84
931	98.37	73.49	65	1.41
Period: 64
Tasks:10
id	x	y	end	c
646	162.57	163.17	65	88.91
647	173.95	134.42	64	81.57
648	62.34	174.39	64	83.38
649	147.59	116.64	64	50.42
650	114.56	9.08	66	92.08
651	105.5	90.17	64	11.26
652	20.44	81.59	64	81.66
653	5.87	14.88	64	126.91
654	59.5	94.24	66	40.91
655	129.77	175.28	66	80.95
Drivers: 25
id	x	y	end	sensitivity
932	186.09	71.76	66	1.81
933	125.47	105.27	64	1.1
934	168.06	152.67	64	0.73
935	51.83	199.65	64	1.1
936	150.7	141.72	68	0.67
937	132.39	183.17	65	0.65
938	10.26	152.73	67	0.91
939	159.59	145.69	64	0.63
940	4.56	148.18	66	1.45
941	109.64	8.41	66	0.84
942	55.11	135.28	65	0.61
943	184.4	174.86	68	1.17
944	116.94	141.8	64	0.7
945	163.14	170.97	66	0.67
946	54.21	162.15	66	0.76
947	9.82	165.98	67	1.67
948	154.69	40.44	65	1.01
949	7.43	190.36	66	1.85
950	72.84	11.71	67	0.95
951	53.97	134.85	66	0.77
952	195.56	27.43	64	0.9
953	95.92	90.53	67	0.53
954	86.15	87.05	67	0.58
955	159.53	146.75	66	1.84
956	72.6	57.83	66	0.63
Period: 65
Tasks:7
id	x	y	end	c
656	143.46	55.05	66	62.52
657	138.28	56.2	65	58.17
658	54.07	87.45	66	47.61
659	107.28	49.13	67	51.39
660	49.26	6.32	65	106.54
661	108.69	36.71	67	63.88
662	76.69	188.19	65	91.22
Drivers: 18
id	x	y	end	sensitivity
957	50.57	168.7	67	0.79
958	49.76	154.06	67	1.77
959	115.62	78.64	67	1.92
960	108.66	92.74	65	1.21
961	66.92	69.61	67	0.57
962	147.2	83.2	66	1.63
963	170.49	30.26	67	1.65
964	67.31	137.94	68	1.31
965	71.84	153.72	68	1.01
966	169.66	37.97	66	1.35
967	118.95	62.83	70	0.95
968	175.26	70.53	68	1.89
969	140.27	145.84	69	1.31
970	182.43	85.61	66	0.75
971	22.07	118.68	66	0.74
972	29.88	140.96	65	1.37
973	17.04	138.82	70	0.62
974	68.51	128.57	67	0.95
Period: 66
Tasks:9
id	x	y	end	c
663	139.2	116.66	67	42.59
664	87.68	47.34	67	54.08
665	67.51	142.31	66	53.35
666	15.17	117.05	68	86.53
667	82.2	165.52	67	67.89
668	189.88	38.82	67	108.73
669	24.06	156.49	66	94.65
670	40.69	85.62	67	61.03
671	182.13	68.26	67	88.05
Drivers: 22
id	x	y	end	sensitivity
975	199.37	61.05	72	1.87
976	19.04	186.47	70	1.68
977	143.93	122.19	67	0.57
978	13.72	69.27	72	1.28
979	102.43	76.83	68	1.41
980	184.99	79.35	68	1.41
981	82.9	95.49	69	1.99
982	144.73	6.69	67	0.62
983	142.95	172.14	67	1.89
984	91.8	62.41	67	1.18
985	109.55	106.71	71	1.03
986	28.04	20.49	68	1.77
987	66.05	197.95	70	1.48
988	139.08	111.8	67	0.98
989	31.65	190.37	69	0.55
990	104.84	180.28	66	1.35
991	82.02	91.42	69	1.62
992	126.25	138.36	67	0.73
993	89.55	46.11	69	1.88
994	62.98	50.4	68	1.52
995	52.64	199.05	67	1.65
996	155.81	33.46	67	0.85
Period: 67
Tasks:15
id	x	y	end	c
672	48.7	66.78	67	61.12
673	27.58	131.03	68	78.79
674	168.44	91.96	67	68.91
675	35.33	44.46	67	85.25
676	96.89	41.79	67	58.29
677	110.28	159.5	67	60.38
678	88.65	188.74	68	89.46
679	69.77	172.88	68	78.9
680	73.89	20.28	69	83.89
681	95.53	26.39	67	73.75
682	74.77	186.32	67	89.93
683	107.49	155.06	68	55.57
684	137.81	161.2	67	71.94
685	198.71	23.44	68	124.92
686	75.83	106.38	68	25
Drivers: 17
id	x	y	end	sensitivity
997	46.2	47.04	71	0.76
998	190.93	72.34	72	1.02
999	41.19	96.62	68	1.08
1000	32.47	198.37	70	0.71
1001	136.48	197.89	70	1.9
1002	167.44	173.05	67	1.14
1003	15.65	193.89	71	1.34
1004	97.24	21.95	71	1.24
1005	40.87	168.47	67	1.23
1006	13.91	1.97	71	1.15
1007	143.91	26.91	67	1.18
1008	123.81	137.69	73	1.11
1009	97.24	198.81	69	1.14
1010	95.46	176.39	69	1.99
1011	136.25	36.84	67	1.43
1012	31.59	54.57	70	0.96
1013	144.06	58.72	69	1.37
Period: 68
Tasks:15
id	x	y	end	c
687	173.28	80.16	69	75.92
688	16.63	5.94	70	125.69
689	50.47	139.44	68	63.31
690	150.76	78	70	55.32
691	43.76	67.29	68	65.06
692	138.97	195.94	69	103.55
693	37.02	110.39	68	63.83
694	131.99	155.32	69	63.9
695	170.91	77.91	68	74.27
696	122.29	155.08	68	59.42
697	111.19	183.05	68	83.8
698	118.63	169.95	68	72.39
699	26.56	57.71	69	84.75
700	181.93	36.72	69	103.52
701	163.81	35.01	69	91.08
Drivers: 17
id	x	y	end	sensitivity
1014	3.45	170.98	71	1.99
1015	177.82	171.88	72	1.19
1016	105.83	77.13	70	1.03
1017	101.53	130.93	68	1.57
1018	157.82	6.67	71	1.23
1019	151.45	16.93	69	0.56
1020	132.11	137.81	73	1.56
1021	104.13	5.43	69	0.52
1022	135.43	172.93	70	1.35
1023	16.95	39.45	70	0.52
1024	161.23	75.71	68	0.6
1025	151.78	189.54	70	1.71
1026	150.91	122.14	68	1.96
1027	73.35	137.04	70	0.8
1028	134.43	138.12	69	0.99
1029	176.85	129.85	70	0.95
1030	52.98	198.48	69	1.54
Period: 69
Tasks:10
id	x	y	end	c
702	112.28	149.81	69	51.3
703	184.93	116.25	69	86.47
704	41.71	148.96	70	76.12
705	187.13	14.04	69	122.4
706	151.95	27.87	73	88.89
707	16.66	51.7	70	96.32
708	112.33	32.51	71	68.61
709	77.75	95.54	70	22.69
710	81.14	85.61	70	23.72
711	167.14	163.03	70	92.09
Drivers: 12
id	x	y	end	sensitivity
1031	161.52	5.8	71	1.49
1032	144.67	87.38	71	1.65
1033	50.35	104.51	72	0.75
1034	25.77	49.22	71	1.9
1035	118.75	124.88	71	1.33
1036	130.33	124.83	72	0.77
1037	96.3	119.11	69	1.25
1038	22.59	175.66	69	1.86
1039	69.38	112.98	72	1.06
1040	13.25	80.46	71	0.56
1041	127.48	145.3	69	0.85
1042	61.76	45.45	69	1.23
Period: 70
Tasks:8
id	x	y	end	c
712	81.46	53.98	72	49.61
713	94.99	134.21	72	34.57
714	33.04	15.21	76	108.04
715	18.1	111.16	74	82.66
716	82.59	182.28	70	84.1
717	66.55	158.89	71	67.73
718	28.15	50.35	72	87.34
719	141.23	102.99	70	41.34
Drivers: 17
id	x	y	end	sensitivity
1043	78.28	32.41	71	0.9
1044	59.59	184.4	71	1.75
1045	14.92	124.17	70	0.91
1046	180.49	35.11	74	1.36
1047	76.99	24.98	72	1.88
1048	4.2	101.24	72	1.88
1049	96.13	3.26	70	1.14
1050	164.57	72.35	71	1.7
1051	62.53	78.13	73	0.58
1052	76.35	35.76	72	0.93
1053	144.96	139.06	74	1.43
1054	150.46	104.08	73	1.41
1055	145.93	120.98	71	0.58
1056	141.13	18.47	71	1.72
1057	184.34	34.87	73	1.81
1058	188.78	7.6	72	1.01
1059	77.55	42.06	72	1.1
Period: 71
Tasks:9
id	x	y	end	c
720	187.81	119.98	72	90.05
721	121.58	101.13	71	21.61
722	168.01	82.94	72	70.12
723	67.66	84.72	71	35.77
724	50.56	156.13	71	74.8
725	32.39	77.04	72	71.4
726	68.62	52.57	72	56.87
727	42.04	148.93	71	75.85
728	57.86	161.65	72	74.68
Drivers: 12
id	x	y	end	sensitivity
1060	150.55	51.12	72	0.51
1061	112.84	171.28	75	1.43
1062	73.89	110.14	72	0.51
1063	195.45	95.25	74	1.75
1064	116.48	54.24	74	0.66
1065	4.03	71.75	74	0.97
1066	71.92	59.8	71	1.96
1067	49.94	8.29	73	1.81
1068	58.72	83.61	72	0.53
1069	137.41	112.92	72	0.99
1070	186.38	148.54	77	0.81
1071	66.34	198.43	72	0.8
Period: 72
Tasks:9
id	x	y	end	c
729	41.88	179.32	74	98.33
730	96.81	141.83	73	41.95
731	169.72	85.85	74	71.14
732	59.31	47.48	75	66.44
733	193.78	6.61	73	132.35
734	78.19	128.33	73	35.75
735	162.88	102.11	72	62.92
736	93.2	13.4	74	86.87
737	79.92	3.93	74	98.15
Drivers: 19
id	x	y	end	sensitivity
1072	56.76	179.3	74	0.82
1073	20.62	82.74	74	1.52
1074	189.74	191.38	75	0.98
1075	134.3	141.91	76	1.88
1076	164.86	143.16	72	1.07
1077	185.72	61.27	73	1.64
1078	55.94	70.68	73	0.91
1079	29.82	179.68	76	1.4
1080	158.98	172.85	73	0.84
1081	106.67	2.1	73	1.66
1082	88.72	43.17	76	1.84
1083	6.33	108.54	74	1.57
1084	180.52	102.57	73	1.02
1085	38.49	192.4	76	0.94
1086	173.63	35.35	74	1.26
1087	155.04	186.59	74	1.61
1088	146.02	179.82	76	1.79
1089	194.61	166.78	74	1.34
1090	56.44	36.21	76	1.42
Period: 73
Tasks:9
id	x	y	end	c
738	107.37	129.87	74	30.77
739	130.36	34.51	75	72.18
740	115.56	52.68	75	49.81
741	144.8	142.08	74	61.46
742	114.56	56.75	75	45.64
743	132.92	46.35	73	62.94
744	58.52	103.85	74	41.66
745	197.34	24.54	73	123.16
746	145.07	140.93	75	60.88
Drivers: 16
id	x	y	end	sensitivity
1091	51.39	163.79	74	1.1
1092	14.74	154.53	77	1.51
1093	153.8	7.81	75	0.82
1094	36.57	125.74	74	1.68
1095	195.59	11.64	76	1.52
1096	22.4	38.45	76	0.84
1097	54.55	89.54	75	1.22
1098	170.13	3.64	74	1.44
1099	94.19	121.79	76	1.31
1100	109.7	114.22	76	1.76
1101	69.63	183.77	76	1.76
1102	187.04	133.93	74	1.4
1103	7.13	31.67	74	1.04
1104	81.64	100	76	1.46
1105	87.41	99.14	76	0.76
1106	100.87	15.28	73	0.58
Period: 74
Tasks:10
id	x	y	end	c
747	166.75	29.66	74	96.97
748	110.62	22.83	76	77.9
749	103.72	33.39	76	66.71
750	174.08	149.78	75	89.25
751	112.91	62.94	74	39.24
752	41.1	78.74	75	62.62
753	154.05	113.71	75	55.76
754	193.8	59.02	74	102.36
755	193.18	195.24	76	133.24
756	21.88	37.24	75	100.21
Drivers: 15
id	x	y	end	sensitivity
1107	170.91	106.74	78	0.77
1108	157.25	0.24	75	1.67
1109	170.77	22.22	74	1.36
1110	70.46	122.9	76	1.15
1111	8.91	57.04	77	0.85
1112	24.24	174.9	80	0.65
1113	31.26	37.56	74	1.87
1114	111.52	4.24	77	1.9
1115	194.19	24.84	75	0.52
1116	3.56	51.41	76	1.4
1117	77.03	123.7	75	1.78
1118	199.68	161.08	75	1.08
1119	150.04	3.12	75	0.73
1120	98.31	128.58	78	1.81
1121	107.7	131.17	80	1.09
Period: 75
Tasks:15
id	x	y	end	c
757	117.51	37.81	76	64.61
758	182.5	112.7	77	83.47
759	58.81	14.78	78	94.65
760	174.62	48.77	79	90.51
761	175.67	142.69	77	86.88
762	134.07	77.7	75	40.72
763	28.68	169.58	76	99.64
764	42.65	41.14	75	82.18
765	184.93	183.42	75	119.05
766	197.99	103.3	75	98.05
767	37.33	38.13	75	88.06
768	106.61	163.39	77	63.73
769	90.26	158.94	76	59.74
770	126.16	175.15	76	79.57
771	38.28	55.14	79	76.3
Drivers: 16
id	x	y	end	sensitivity
1122	132.4	142.14	77	1.17
1123	136.44	108.17	75	0.88
1124	147.27	197.67	77	1.2
1125	80.18	197.82	76	2
1126	147.33	152.46	77	0.74
1127	39.18	70.1	76	1
1128	113.09	119.29	76	1.64
1129	70.08	43.08	77	0.95
1130	55.53	47.19	76	1.38
1131	135.77	189.3	77	1.1
1132	24.14	175.41	77	0.67
1133	101.72	44.27	75	1.87
1134	61.59	12.56	77	1.82
1135	175.61	75.1	81	0.56
1136	98.06	13.32	77	0.65
1137	102.91	34.63	78	1.86
Period: 76
Tasks:15
id	x	y	end	c
772	57.8	178.15	76	88.82
773	151.03	130.28	78	59.34
774	199.49	13.12	79	132.08
775	110.62	151.62	78	52.7
776	154.03	22.54	76	94.44
777	69.6	180.21	76	85.78
778	28.69	1	76	122.01
779	80.41	21.81	77	80.61
780	113.13	89.82	78	16.61
781	156.27	26.91	77	92.24
782	177.52	2.69	77	124.41
783	29.94	72.55	76	75.25
784	27.43	196.74	79	120.93
785	77.02	9.82	77	93.06
786	147.13	70.11	76	55.81
Drivers: 19
id	x	y	end	sensitivity
1138	0.58	47	78	1.05
1139	157.57	45.89	81	1
1140	49.61	125.3	79	0.85
1141	127.06	160.62	78	1.09
1142	69.18	81.66	77	1.43
1143	104.27	16.69	79	1.75
1144	28.05	36.23	78	1.24
1145	135.49	44.18	79	1.8
1146	67.62	38.15	78	1.78
1147	18.44	173.53	78	1.91
1148	97.97	72.89	78	0.57
1149	19.42	168.05	77	0.9
1150	37.52	110.97	79	1.72
1151	84.84	65.38	78	1.27
1152	148.59	115.71	76	0.51
1153	111.8	129.73	79	1.24
1154	82.74	129.88	77	0.57
1155	142.25	156.97	79	1.23
1156	108.62	18.5	76	1.94
Period: 77
Tasks:10
id	x	y	end	c
787	124.85	105.42	79	25.43
788	110.68	132.88	82	34.57
789	22.59	14.01	78	115.7
790	159.75	80.4	78	62.88
791	63.61	197.97	79	104.51
792	127.33	20.99	82	83.6
793	26.65	104.32	79	73.48
794	90.31	154.33	78	55.19
795	154.06	94.93	80	54.3
796	94.76	194.52	77	94.67
Drivers: 14
id	x	y	end	sensitivity
1157	142.07	152.89	79	1.28
1158	92.02	186.15	80	0.91
1159	69.93	131.38	78	1.74
1160	111.39	107.19	82	0.87
1161	158.78	195.65	77	0.64
1162	83.17	78.71	80	1.4
1163	59.47	157.52	79	0.76
1164	156.94	169.68	79	1.54
1165	140.17	49.48	80	1.89
1166	83.37	75.39	78	0.72
1167	178.38	150.85	78	1.76
1168	97.87	144.57	78	1.36
1169	101.96	22.43	77	1.79
1170	15.74	15.53	80	1.58
Period: 78
Tasks:9
id	x	y	end	c
797	38.06	54.33	80	76.96
798	192.84	136.07	79	99.6
799	64.7	113.77	81	37.89
800	132.73	139.78	78	51.51
801	57.59	86.94	79	44.38
802	83.05	170.73	79	72.73
803	133.4	199.67	78	105.12
804	116.88	178.36	80	80.16
805	128.25	73.65	80	38.63
Drivers: 16
id	x	y	end	sensitivity
1171	23.29	7.81	78	1.98
1172	35.11	181.84	83	0.91
1173	64.13	85.87	80	1.3
1174	132.22	20.06	80	1.34
1175	0.98	92.14	79	1.03
1176	96.37	134.56	79	1.83
1177	141.46	102.33	81	1.08
1178	183.29	153.24	78	0.7
1179	186.48	147.07	80	0.81
1180	27.22	64.05	78	0.84
1181	154.9	29.66	82	1.28
1182	132.76	16.91	81	0.65
1183	97.14	187.53	81	1.38
1184	161.53	15.9	80	1.54
1185	18.6	117.03	79	1.66
1186	137.23	28.9	79	1.34
Period: 79
Tasks:10
id	x	y	end	c
806	15.52	8.05	79	124.87
807	115.18	52.47	79	49.9
808	179.27	100.7	79	79.27
809	128.89	130.31	80	41.87
810	128.24	45.6	80	61.29
811	73.3	4.59	80	99.08
812	189.1	74.75	81	92.61
813	58.31	102.68	79	41.78
814	150.48	88.01	80	51.88
815	60.93	24.09	79	85.37
Drivers: 12
id	x	y	end	sensitivity
1187	42.88	13.74	80	0.63
1188	165.07	109.21	80	1.72
1189	169.71	165.59	80	0.81
1190	66.71	86.82	80	1.44
1191	45.97	147.21	80	1.94
1192	44.91	57.22	86	0.55
1193	86.39	168.55	81	0.97
1194	4.18	98.67	82	1.49
1195	126.8	167.67	80	1.69
1196	34.22	175	83	1.62
1197	115.48	153.65	80	1.72
1198	44.24	179.9	79	1.48
Period: 80
Tasks:5
id	x	y	end	c
816	154.92	176.18	80	93.91
817	145.56	132.26	80	55.82
818	31.03	27.46	82	100.09
819	156.24	78.09	83	60.36
820	97.64	7.83	80	92.2
Drivers: 19
id	x	y	end	sensitivity
1199	85.26	60.89	84	1.46
1200	75.44	186.56	83	1.22
1201	4.27	190.28	81	1.1
1202	130.71	146.91	82	1.47
1203	26.43	31.36	80	0.69
1204	171.3	114.88	83	1.63
1205	156.7	83.46	81	1.82
1206	77.65	7.73	81	1.19
1207	9.29	31.78	82	0.66
1208	9.72	92.23	82	1.22
1209	8.08	179.9	81	1.85
1210	153.67	91.61	82	1.59
1211	195.25	20.55	82	0.69
1212	38.44	11.83	81	1.27
1213	27.02	53.95	83	1.79
1214	59.12	174.35	82	1.35
1215	153.51	30.59	83	1.32
1216	155.31	134.13	81	1.87
1217	77.5	121.33	82	1.45
Period: 81
Tasks:8
id	x	y	end	c
821	29.31	91.67	82	71.18
822	148.25	7.12	81	104.66
823	25.62	126.91	81	79.1
824	18.29	180.03	84	114.37
825	161.6	187.39	83	106.92
826	83.21	12.71	81	88.89
827	111.24	174.05	84	74.9
828	182.58	2.68	81	127.63
Drivers: 19
id	x	y	end	sensitivity
1218	21.15	156.27	83	1.21
1219	5.67	129.1	83	1.9
1220	173.54	94.5	82	1.51
1221	36.45	7.88	82	1.59
1222	27.55	141.89	83	0.84
1223	147.25	7.44	84	1.78
1224	61.79	113.55	83	1.6
1225	42.53	92.47	82	1.66
1226	144.21	42.33	84	0.7
1227	0.52	114.35	83	1.29
1228	169.79	35.41	84	1.4
1229	72.28	29.86	83	0.9
1230	93.15	138.24	82	0.92
1231	172.85	149.16	83	0.96
1232	165.95	48.42	82	0.79
1233	163.14	182.78	82	1.66
1234	105.48	51.39	83	1.33
1235	130.81	79.2	81	1.82
1236	111.08	79.99	82	0.81
Period: 82
Tasks:8
id	x	y	end	c
829	57.02	62.71	83	56.9
830	137.15	35.33	82	74.58
831	115.92	111.03	82	19.37
832	69.29	77.56	82	38.03
833	144.53	113.64	82	46.57
834	182.01	32.67	83	106.11
835	67.56	182.52	82	88.67
836	68.42	64.53	84	47.49
Drivers: 16
id	x	y	end	sensitivity
1237	15.94	166.4	86	1.66
1238	196.96	63.87	83	0.64
1239	187.3	22.65	84	0.5
1240	95.02	99.51	83	1.99
1241	64.15	62.48	84	1.37
1242	120.18	195.33	84	1.81
1243	71.59	117.28	84	1.42
1244	58.52	35.94	83	1.2
1245	9.06	65.4	88	1.64
1246	26.48	116.45	84	0.78
1247	111.8	52.7	85	0.53
1248	56.74	114.63	86	0.74
1249	107.26	50.98	84	0.62
1250	19.23	141.58	82	0.51
1251	34.82	136.82	83	1.88
1252	155.79	53.22	83	0.93
Period: 83
Tasks:13
id	x	y	end	c
837	8.33	27.74	85	116.73
838	183.28	156.05	83	100.39
839	186.88	163.25	83	107.46
840	26.2	70.59	83	79.44
841	74.75	179.31	87	83.23
842	33.54	99.7	83	66.46
843	24.73	125.22	84	79.38
844	156.04	132.57	85	64.82
845	31.1	153.14	85	87.01
846	51.89	27.77	85	86.79
847	70.25	102.54	83	29.86
848	68.15	192.59	84	97.91
849	146.82	41.19	85	75.17
Drivers: 18
id	x	y	end	sensitivity
1253	107.58	195.72	86	1.93
1254	183.73	72.88	87	1.54
1255	127.49	130.99	84	1.03
1256	129.56	87.63	83	1.66
1257	111.41	176.63	86	0.68
1258	118.22	5.98	84	1.69
1259	135.3	68.58	84	1.04
1260	38.38	80.55	83	0.73
1261	39.46	97.43	86	0.64
1262	63.74	59.17	83	1.2
1263	197.37	170.07	84	1.25
1264	178.94	43.56	84	0.53
1265	88.11	185.68	83	0.98
1266	16.65	124.25	84	0.53
1267	67.99	123.17	83	1.6
1268	151.12	96.41	84	0.65
1269	183.79	65.43	85	0.53
1270	124.24	149.91	84	0.84
Period: 84
Tasks:21
id	x	y	end	c
850	82.12	39.25	84	63.33
851	49.86	120.31	84	54.1
852	42.28	72.1	85	64.11
853	189.1	127.57	85	93.27
854	132.43	143.85	86	54.54
855	88.69	34.94	84	66.04
856	108.86	186.16	84	86.61
857	168.84	134.86	84	77.16
858	97.93	99.96	84	2.07
859	162.43	168.51	87	92.69
860	198.42	119.07	85	100.25
861	179.81	86.92	85	80.87
862	106.47	98.48	84	6.65
863	43.98	153.33	86	77.35
864	177.01	163.3	86	99.69
865	104.7	176.31	84	76.45
866	147.3	25.53	85	88.22
867	45.9	28.63	85	89.56
868	46.63	172.33	86	89.89
869	82.91	10.61	84	91.01
870	7.25	178.77	84	121.69
Drivers: 23
id	x	y	end	sensitivity
1271	27.15	5.34	84	1.63
1272	197.03	83.95	86	1.93
1273	95.07	143.09	86	0.56
1274	25.44	57.27	89	1.75
1275	177.83	160.19	87	1.27
1276	166.89	127.24	85	1.09
1277	28.89	56.35	87	1.45
1278	105.08	73.03	85	0.52
1279	134.77	194.88	84	1.01
1280	175.19	169.78	85	1.91
1281	133.42	11.65	87	0.73
1282	5.4	20.45	86	1.97
1283	168.52	191.71	86	1.02
1284	69.4	110.93	84	1.07
1285	149.35	13.27	88	1.43
1286	100.25	146.52	84	1.92
1287	181.04	86.89	87	1.84
1288	116.49	186.51	85	0.87
1289	153.04	34.7	87	1.58
1290	105.13	192.26	87	1.55
1291	38.51	135.21	87	1.38
1292	115.08	189.59	86	1.33
1293	141.9	195.71	86	1.84
Period: 85
Tasks:9
id	x	y	end	c
871	153.25	14.61	85	100.63
872	190.64	111.89	86	91.42
873	187.78	197.8	85	131.42
874	31.45	146.46	86	82.81
875	82.16	188.3	86	90.08
876	102.98	43.05	85	57.03
877	183.59	11.09	85	122.03
878	27.75	188.3	85	114.09
879	92.23	0.14	86	100.16
Drivers: 9
id	x	y	end	sensitivity
1294	137.24	23.54	85	1.72
1295	97.07	12.9	85	1.7
1296	63.75	50.56	86	1.42
1297	193.12	69.66	86	1.57
1298	37.54	114.21	85	0.96
1299	13.66	160.8	88	1.96
1300	172.38	104.39	87	0.59
1301	176.81	195.21	87	1.06
1302	132.14	183.43	85	1.42
Period: 86
Tasks:14
id	x	y	end	c
880	29.09	169.59	88	99.35
881	33.78	11.56	87	110.48
882	8.08	8.39	86	129.78
883	125.08	198.85	86	101.98
884	192.22	38.91	87	110.62
885	69.06	175.65	89	81.73
886	10.33	150.23	87	102.78
887	134.54	34.68	86	73.89
888	88.91	180.05	88	80.81
889	44.4	118.86	86	58.71
890	35.53	48.5	87	82.51
891	7.41	127.56	87	96.6
892	164.98	116.84	86	67.13
893	192.31	167.03	86	114.08
Drivers: 17
id	x	y	end	sensitivity
1303	75.95	29.76	89	0.59
1304	135.5	81.64	86	0.73
1305	106.26	102.88	89	1.85
1306	79.46	117.25	87	1.88
1307	70.17	128.28	88	1
1308	124.8	65.23	87	1.82
1309	109.93	65.4	89	1.68
1310	99.55	69.52	86	0.75
1311	12.06	44.62	89	1.44
1312	157.39	134.98	89	1.63
1313	116.23	189.66	87	1.98
1314	195.7	132.98	89	1.47
1315	59.25	171.95	89	1.88
1316	165.17	158.9	86	1.91
1317	94.52	153.75	88	1.13
1318	123.7	105.41	87	1.69
1319	32.84	173.82	88	0.74
Period: 87
Tasks:6
id	x	y	end	c
894	45.49	111.64	88	55.74
895	105.89	34.72	87	65.55
896	91.19	174.68	88	75.2
897	101.32	79.95	87	20.09
898	148.32	72.69	87	55.5
899	147.28	106.24	88	47.69
Drivers: 19
id	x	y	end	sensitivity
1320	95.87	95.07	88	1.48
1321	172.31	84.71	87	0.88
1322	14.3	138.31	90	0.62
1323	119.42	75.48	92	0.86
1324	137.55	13.21	91	0.62
1325	65.08	80.56	89	1.21
1326	97.05	86.13	89	1.38
1327	178.61	34.31	93	1.19
1328	46.16	183.16	89	1.85
1329	19.8	174.75	92	0.57
1330	130.33	118.63	92	0.75
1331	38.77	153.08	87	0.56
1332	44.62	82.54	88	0.69
1333	131.16	74.61	91	1.37
1334	45.06	107.79	89	0.92
1335	180.57	166.11	87	0.77
1336	36.85	47.89	88	1.19
1337	55	74.84	89	1.53
1338	48.79	171.02	90	0.64
Period: 88
Tasks:20
id	x	y	end	c
900	193.49	92.06	88	93.83
901	191.63	74.93	88	95
902	198.85	47.01	88	112.16
903	124.43	38.38	89	66.29
904	115.38	168.63	91	70.33
905	57.37	131.48	90	52.99
906	171.71	175.26	88	103.95
907	38.82	45.13	88	82.18
908	184.9	157.84	90	102.73
909	196.43	26.3	90	121.37
910	108.85	116.98	88	19.15
911	110	121.02	89	23.28
912	34.38	153.6	89	84.73
913	146.48	59.08	89	61.93
914	89.1	86.31	90	17.5
915	52.2	35.45	88	80.32
916	148.11	179.75	89	93.14
917	78.06	65.71	90	40.71
918	43.8	191.46	92	107.35
919	195.02	110.9	89	95.64
Drivers: 19
id	x	y	end	sensitivity
1339	154.96	38.7	89	1.65
1340	17.53	92.82	88	1.96
1341	96.32	146.6	90	0.8
1342	103.48	153.68	88	0.58
1343	132.62	123.07	88	1.2
1344	14.84	27.13	89	0.86
1345	75.06	170.46	92	1.73
1346	99.92	7.96	89	1.35
1347	141.45	145.39	90	1.67
1348	22.52	184.04	88	0.63
1349	1.8	99.26	92	0.52
1350	94.54	106.45	92	1.08
1351	146.9	28.06	93	1.5
1352	15.99	187.2	90	0.67
1353	23.33	167.66	92	0.59
1354	100.84	175.63	92	1.15
1355	124.09	77.56	93	1.07
1356	140.29	191.82	89	1.95
1357	80.72	175.81	90	0.62
Period: 89
Tasks:5
id	x	y	end	c
920	182.66	37.21	91	103.8
921	56.01	33.89	90	79.41
922	93.07	94.39	89	8.92
923	116.81	106.3	90	17.95
924	23.66	162.48	89	98.65
Drivers: 14
id	x	y	end	sensitivity
1358	45.48	127.64	90	1.1
1359	32.6	119.49	90	1
1360	117.56	156.88	93	1.34
1361	46.35	148.51	92	1.6
1362	20.09	89.97	91	1.94
1363	129.03	145.21	92	1.32
1364	15.75	198.1	96	1.68
1365	43.18	71.9	91	1.72
1366	64.17	136.36	94	1.47
1367	81.07	187.09	91	1.66
1368	191.6	197.93	92	1.35
1369	28.93	196.39	92	1.93
1370	16.22	194.49	90	0.62
1371	186.5	96.25	89	0.76
Period: 90
Tasks:13
id	x	y	end	c
925	13.04	127.92	90	91.33
926	189.04	55.27	91	99.64
927	153.25	116.42	92	55.72
928	138.2	56.16	92	58.15
929	175.54	11.3	90	116.51
930	135.33	117.21	91	39.3
931	162.53	91.4	92	63.12
932	33.14	1.82	91	118.78
933	114.87	62.86	90	40.01
934	162.19	99.07	95	62.2
935	61.65	44.02	90	67.86
936	42.78	185.98	92	103.28
937	13.9	91.01	91	86.57
Drivers: 19
id	x	y	end	sensitivity
1372	104.87	58.17	90	0.57
1373	74.08	158.78	90	1.31
1374	192.78	118.5	91	1.25
1375	91.36	136.56	91	0.87
1376	153.7	70.9	93	1.54
1377	51.5	166.61	93	0.62
1378	87.03	122.05	90	1.36
1379	152.7	123.82	91	1.95
1380	94.63	136.35	93	1.86
1381	191.15	172.8	92	0.89
1382	148.05	144.77	94	0.91
1383	18.62	94.18	91	1.28
1384	198.37	149.23	90	0.86
1385	102.57	87.86	91	1.15
1386	73.55	88.85	92	0.72
1387	124.17	44.25	94	1.16
1388	17.41	127.24	92	1.03
1389	80.49	105.82	93	1.2
1390	65.04	97.02	90	1.28
Period: 91
Tasks:12
id	x	y	end	c
938	76.74	102.06	93	23.35
939	106.38	52.16	92	48.26
940	24.69	61.78	91	84.45
941	162.64	136.28	91	72.39
942	8.64	25.76	92	117.72
943	50.89	111.44	91	50.42
944	73.05	93.46	94	27.73
945	48.6	35.74	91	82.29
946	145.69	34.93	91	79.51
947	41.56	169.76	92	91
948	120.56	196.59	91	98.75
949	133.42	199.43	92	104.9
Drivers: 17
id	x	y	end	sensitivity
1391	77.64	96.35	93	0.94
1392	62.76	120.51	92	0.71
1393	45.17	179.26	92	1.02
1394	195.47	94.79	91	0.71
1395	59.38	88.15	94	1.26
1396	187.03	155.59	93	0.77
1397	68.33	87.63	91	1.6
1398	196.17	86.7	92	1.58
1399	12.95	106.6	93	0.54
1400	21.52	138.59	94	0.57
1401	178.15	103.39	95	1.33
1402	25.99	138.98	93	1.48
1403	168.35	168.25	94	1.13
1404	158.24	155.02	95	1.41
1405	179.77	12.6	94	1.48
1406	130.27	145.67	93	1.22
1407	176.33	17.32	94	0.5
Period: 92
Tasks:11
id	x	y	end	c
950	111.75	79.7	95	23.46
951	11.69	101.58	92	88.32
952	141.94	153.53	93	68
953	195.36	131.95	93	100.57
954	42.26	72.88	93	63.79
955	142.26	169.38	93	81.24
956	114.23	64.78	94	37.99
957	164.16	127.24	93	69.7
958	79.58	99.44	93	20.43
959	141.43	59.98	92	57.6
960	108.06	101.7	96	8.24
Drivers: 17
id	x	y	end	sensitivity
1408	50.99	178.28	95	1.83
1409	58.18	157.69	93	0.79
1410	75.76	115	94	0.76
1411	28.6	58.16	92	0.54
1412	159.03	153.39	94	1.25
1413	85.54	2.19	92	1.24
1414	182.63	147.69	93	1.38
1415	108.81	89.19	95	0.74
1416	18.29	184.05	92	1.93
1417	116.66	60.48	95	0.97
1418	115.05	124.33	95	1.47
1419	173.89	161.98	94	0.72
1420	47.36	8.14	92	1.91
1421	15.05	73	94	1.68
1422	148.78	121.03	94	0.58
1423	60.25	7.48	95	1.35
1424	156.44	47	95	1.72
Period: 93
Tasks:14
id	x	y	end	c
961	113.09	91.65	96	15.53
962	183.01	160.05	94	102.45
963	179.32	146.26	93	91.82
964	186.7	116.88	94	88.33
965	34.84	45.42	94	85
966	114.63	65.5	95	37.47
967	11.59	149.62	94	101.38
968	183.77	186.94	94	120.73
969	1.53	49.97	93	110.45
970	138.33	13.45	93	94.66
971	35.34	182.24	93	104.62
972	199.27	20	94	127.49
973	133.21	35.81	94	72.27
974	86.62	54.73	94	47.21
Drivers: 17
id	x	y	end	sensitivity
1425	26.84	45.05	93	1.71
1426	77.25	123.41	96	1.21
1427	100.15	167.63	95	1.68
1428	153.34	135.84	93	1.23
1429	110.03	199.41	93	1.51
1430	12.24	89.23	94	1.1
1431	154.45	192.86	95	0.91
1432	187.38	93.66	95	1.34
1433	73.83	22.65	93	0.55
1434	137.18	43.2	97	1.48
1435	33.76	38.69	96	1.64
1436	39.33	10.09	97	1.55
1437	52.81	195.29	95	0.76
1438	109.31	39.55	95	1.31
1439	99.68	125.2	94	1.51
1440	142.11	132.58	94	0.51
1441	128.38	34.61	94	1.6
Period: 94
Tasks:8
id	x	y	end	c
975	189.95	28.88	94	114.67
976	142.93	121.1	96	47.84
977	188.16	37.29	94	108.19
978	68.66	163.04	95	70.4
979	117.91	90.38	95	20.33
980	87.39	83.8	94	20.53
981	46.72	37.63	94	82.03
982	89.92	161.2	94	62.02
Drivers: 20
id	x	y	end	sensitivity
1442	70.28	90.4	98	0.85
1443	19.99	22.37	96	1.51
1444	14.95	187.31	95	1.32
1445	84.95	101.85	96	0.85
1446	169.58	149.19	94	0.81
1447	117.88	17.53	96	1.56
1448	70.3	174.01	95	1.38
1449	92.2	144.88	96	0.83
1450	29.72	131.13	94	0.93
1451	156.94	41.89	96	1.79
1452	180.23	127.49	96	1.6
1453	58.64	150.43	97	1.87
1454	72.23	166.67	100	1.61
1455	192.15	182.22	94	0.54
1456	116.91	144.76	95	1.76
1457	167.03	23.89	94	1.09
1458	103.72	56.67	96	1.02
1459	170.06	88.87	96	1.95
1460	179.98	176.26	97	0.81
1461	181.87	35.14	96	1.58
Period: 95
Tasks:6
id	x	y	end	c
983	84.68	193.61	99	94.86
984	31.83	68.07	96	75.28
985	5.39	136.95	95	101.57
986	28.46	121.41	95	74.68
987	25.7	76.1	95	78.05
988	148.02	64.65	96	59.63
Drivers: 12
id	x	y	end	sensitivity
1462	35.61	34.77	97	1.09
1463	3.02	171.35	97	0.99
1464	53.04	155.66	97	1.16
1465	27.38	60.62	99	0.72
1466	16.17	62.35	99	1.39
1467	27.37	29	96	1.19
1468	159.3	144.07	98	1.48
1469	143.51	106.63	97	1.69
1470	151.48	110.15	96	1.42
1471	34.32	103.83	97	1.01
1472	45.75	116.73	97	1.94
1473	115.07	15.29	98	0.9
Period: 96
Tasks:12
id	x	y	end	c
989	166.81	16.49	98	106.95
990	183.91	29.12	96	109.84
991	146.84	133.65	97	57.67
992	33.52	32.14	98	95
993	72.91	73.05	97	38.21
994	63.05	31.61	96	77.73
995	81.18	153.38	97	56.6
996	79.33	18.4	97	84.18
997	197.46	68.05	96	102.56
998	128.83	0.26	96	103.82
999	199.35	164.16	97	118.27
1000	3.69	41.47	97	112.7
Drivers: 21
id	x	y	end	sensitivity
1474	197.2	111.54	98	1.9
1475	76.97	3.14	97	1.53
1476	66.47	60.42	98	1.39
1477	152.61	127.68	103	0.96
1478	84.41	11.25	97	1.01
1479	48.77	100.55	98	0.87
1480	72.56	49.9	98	1.46
1481	86.21	197.38	97	0.53
1482	155.42	9.98	96	1.58
1483	99.82	124.72	99	0.99
1484	155.81	174.65	99	1.88
1485	29.33	83.83	97	0.7
1486	198.24	44.64	96	1.15
1487	77.31	84.53	98	0.64
1488	71.87	177.89	98	1.31
1489	64.95	165.28	98	1.37
1490	162.38	191.56	96	0.82
1491	40.83	181.39	97	1.5
1492	42.11	144.72	98	0.98
1493	9.64	142.68	99	1.44
1494	109.12	7.85	96	1.93
Period: 97
Tasks:10
id	x	y	end	c
1001	7.99	167.1	99	113.88
1002	20.95	38.82	98	99.96
1003	97.59	185.02	98	85.05
1004	90.95	156.93	99	57.64
1005	82.93	119.18	98	25.68
1006	16.23	189.25	98	122.4
1007	119.49	172.28	98	74.86
1008	96.83	93.79	100	6.97
1009	188.85	39.73	98	107.36
1010	139.22	98.6	97	39.24
Drivers: 12
id	x	y	end	sensitivity
1495	41.52	60.32	99	1.11
1496	25.21	159.4	98	1.57
1497	121.71	68.31	101	1.91
1498	83.44	195.98	100	1.31
1499	119.35	127.46	102	1.83
1500	102.06	147.99	97	1.01
1501	121.39	36.23	99	1.33
1502	17.34	12.29	98	1.37
1503	102.02	63.86	97	0.85
1504	183.35	114.23	99	0.86
1505	46.69	62.47	99	1.17
1506	101.49	107	100	1.36
Period: 98
Tasks:10
id	x	y	end	c
1011	106.61	115.76	100	17.09
1012	118.78	109.82	99	21.19
1013	101.86	174.15	98	74.17
1014	35.48	25.1	98	98.86
1015	5.85	0.06	99	137.3
1016	147.49	133.41	98	58.06
1017	128.72	34.44	99	71.57
1018	187.88	180.99	98	119.51
1019	60.46	171.63	98	81.82
1020	6.48	50.5	98	105.81
Drivers: 16
id	x	y	end	sensitivity
1507	193.28	182.02	101	0.61
1508	79.41	52.28	98	0.98
1509	25.54	131.6	100	1.86
1510	104.63	145.65	99	1.69
1511	90.93	111.16	99	1.03
1512	124.9	169.29	101	0.51
1513	11.57	153.85	99	0.79
1514	109.71	190.58	101	1.66
1515	165.23	142.53	99	1.85
1516	100.92	92.85	101	1.84
1517	99.08	135.99	98	0.63
1518	12.31	58.98	103	0.71
1519	137.35	12.67	100	1.9
1520	27.26	80.62	98	1.78
1521	152.47	31.91	99	1.14
1522	22.45	178.79	101	1.34
Period: 99
Tasks:5
id	x	y	end	c
1021	173.78	6.19	100	119.35
1022	133.16	128.22	100	43.54
1023	15.53	196.64	101	128.35
1024	107.12	90.85	99	11.59
1025	153.36	41	99	79.55
Drivers: 20
id	x	y	end	sensitivity
1523	95.33	18.72	101	0.86
1524	187.66	9.64	104	0.53
1525	134.79	193.88	99	1.06
1526	171.43	181.61	101	1.39
1527	138.47	119.29	100	0.68
1528	189.69	167.32	100	1.71
1529	118.08	184.23	100	1.15
1530	167.3	161.41	102	1.44
1531	155.66	19.23	102	0.85
1532	57.91	126.32	101	1.18
1533	100.77	107.27	100	0.82
1534	121.93	138.33	102	1.41
1535	33.02	33.61	103	1.89
1536	89.27	7.2	100	1.81
1537	167.6	68.18	100	1.06
1538	179.05	4.62	101	0.82
1539	44.34	145.39	101	1.85
1540	6.13	70.1	105	1.08
1541	168.24	115.07	103	1.2
1542	100.33	87.28	102	1.61
Period: 100
Tasks:15
id	x	y	end	c
1026	155.31	86.64	100	56.9
1027	28.94	47.98	102	88.07
1028	92.36	97.87	102	7.93
1029	120.77	75.79	101	31.9
1030	71.33	42.95	101	63.85
1031	51.4	97.36	101	48.67
1032	69.61	37.36	103	69.62
1033	165.65	135.69	101	74.72
1034	15.72	103.03	101	84.33
1035	186.15	100.67	100	86.15
1036	118.33	188.07	100	89.96
1037	184.71	130.65	100	90.08
1038	56.68	43.34	101	71.32
1039	95.4	120.13	101	20.65
1040	137.7	27	101	82.16
Drivers: 15
id	x	y	end	sensitivity
1543	35.9	148.21	103	1.33
1544	9.11	172.13	102	0.91
1545	126.16	102.81	103	0.96
1546	5.65	36.87	102	1.47
1547	107.55	30.72	102	1.4
1548	90.33	67.61	101	1.63
1549	21.55	185.59	102	1.45
1550	75.32	110.27	102	1.42
1551	164.74	133.66	102	1.62
1552	63.93	51.92	102	0.73
1553	1.88	80.66	101	0.52
1554	173.45	73.93	100	1.67
1555	153.07	191.22	103	1.48
1556	158.8	176.93	100	1.27
1557	162.56	84.93	104	1.64
