Periods: 100
Task Arrival Rate: 5
Task Average Time: 2
Driver Arrival Rate: 15
Driver Average Time: 1
Period: 1
Tasks:4
id	x	y	end	c
1	31.87	65.33	2	76.44
2	71.46	40.06	2	66.39
3	145.73	188.53	4	99.64
4	38.06	89.64	5	62.8
Drivers: 22
id	x	y	end	sensitivity
1	43.09	27.72	4	0.62
2	165.91	25.08	2	1.93
3	63.5	65.87	2	1.67
4	71.99	113.23	2	0.7
5	80.87	36.64	2	0.8
6	104.98	127.32	3	1.92
7	169.69	88.13	2	0.91
8	155.81	8.19	1	0.64
9	149.46	97.28	2	1.67
10	133.54	188.93	2	1.9
11	35.98	175.26	4	1.33
12	146.08	6.69	1	0.84
13	52.76	72.3	2	1.92
14	86.36	135.03	1	0.76
15	26.96	107.22	1	0.97
16	118.24	96.36	1	1.25
17	49.92	173.62	3	1.26
18	184.48	174.7	1	1.83
19	76.65	5.45	2	1.04
20	182.48	165.36	2	0.6
21	162.58	12.38	2	1.1
22	53.15	106.19	3	1.89
Period: 2
Tasks:7
id	x	y	end	c
5	103.38	12.19	4	87.88
6	171.53	22.01	6	105.83
7	91.52	185.49	4	85.91
8	12.65	39.21	2	106.42
9	192.8	157.7	5	109.28
10	122.57	118.42	6	29.13
11	39.85	65.86	5	69.16
Drivers: 16
id	x	y	end	sensitivity
23	140.81	182.18	2	0.75
24	146.93	62.96	4	0.54
25	36.51	189.69	2	1.95
26	107.14	113.14	5	1.76
27	178.86	42.28	2	1.45
28	173.91	155.72	3	1.74
29	24.06	156.5	2	0.74
30	6.8	47.43	4	1.5
31	73.62	97.86	3	1.69
32	151.14	88.44	4	1.99
33	176.55	120.29	3	0.75
34	157.21	154.48	2	1.59
35	132.98	55.7	3	0.61
36	188.8	52.51	2	1.01
37	88.51	4.37	2	1.02
38	1.3	170.11	3	1.28
Period: 3
Tasks:5
id	x	y	end	c
12	68.89	198.65	8	103.44
13	140.87	147.88	6	62.95
14	128.29	16.84	3	87.84
15	54.6	151.1	4	68.35
16	53.87	63.1	8	59.07
Drivers: 6
id	x	y	end	sensitivity
39	91.72	70.83	4	1.82
40	87.39	185.07	5	0.61
41	133.56	116.73	4	1.79
42	92.84	97.57	3	0.98
43	83.05	133.77	3	1.15
44	109.49	175.61	4	0.72
Period: 4
Tasks:10
id	x	y	end	c
17	161.18	196.89	6	114.59
18	55.26	158.17	5	73.39
19	66.79	12.06	5	94
20	42.84	195.81	6	111.57
21	22.86	31.73	5	103.01
22	158.78	152.01	5	78.49
23	32.38	43.62	4	88.04
24	128.85	64.59	7	45.67
25	161.06	86.04	7	62.64
26	44.79	41.79	9	80.23
Drivers: 14
id	x	y	end	sensitivity
45	126.66	67.04	6	1.46
46	168.64	146.15	5	1.47
47	166.41	86.88	4	0.6
48	128.9	138.04	4	1.49
49	141.36	86.96	6	1.03
50	161.02	52.96	5	0.72
51	56.84	16.96	4	1.63
52	55.31	53.32	7	0.76
53	10.66	164.53	6	0.54
54	13.19	6.49	7	1.01
55	114.7	161.4	4	0.92
56	157.81	198.33	6	1.69
57	196.48	66.51	7	0.93
58	18.06	187.39	6	0.95
Period: 5
Tasks:3
id	x	y	end	c
27	196.24	111.07	7	96.87
28	151.14	60.87	7	64.39
29	31.62	142.01	7	80.25
Drivers: 16
id	x	y	end	sensitivity
59	81.2	123.32	7	1.88
60	14.27	76.95	8	1.28
61	198.23	196.22	6	1.66
62	112.67	132.83	5	0.87
63	60.17	168.15	6	0.51
64	164.53	34.15	6	1.99
65	68.06	13.89	6	1.08
66	91.47	55.45	6	1.89
67	170.59	171.37	6	1.55
68	137.67	62.43	6	1.97
69	179.15	153.49	6	0.79
70	21.26	97.57	5	1.68
71	108.99	106.84	6	1.85
72	144.56	74.16	5	0.83
73	1.82	159.27	6	0.76
74	175.86	75.65	6	1.57
Period: 6
Tasks:9
id	x	y	end	c
30	2.83	21.66	10	124.82
31	127.34	137.21	6	46.17
32	88.72	172.49	9	73.36
33	24.41	0.32	8	125.1
34	116.02	17.07	6	84.46
35	39.49	26.56	7	95.16
36	14.62	0.02	10	131.48
37	88.39	84.01	6	19.76
38	17.19	121.51	8	85.56
Drivers: 18
id	x	y	end	sensitivity
75	150.81	49.27	7	1.29
76	22.98	114.41	6	0.78
77	160.03	131.57	6	0.8
78	50.66	141.59	6	1.18
79	22.4	146.88	6	1.86
80	41.28	164.49	7	1.65
81	73.56	10.31	6	1.28
82	77.33	42.53	10	1.53
83	164.84	102.9	7	1.76
84	134.24	92.19	6	1.07
85	181.07	145.48	7	0.82
86	81.38	194.22	6	1.31
87	179.8	13.46	7	1.29
88	97.01	94.73	9	1.71
89	121.75	60.63	6	0.57
90	117.83	160.95	6	1.45
91	126.75	125.01	6	1.18
92	43.77	49.13	7	1.61
Period: 7
Tasks:7
id	x	y	end	c
39	189.28	3.06	11	131.79
40	77.27	98.1	9	22.81
41	134.05	56.18	8	55.49
42	177.28	72.29	12	82.1
43	129.69	170.44	10	76.44
44	61.5	116.28	9	41.8
45	103.5	91.69	7	9.02
Drivers: 18
id	x	y	end	sensitivity
93	47.83	170.67	10	1.89
94	50.47	71.61	8	1.64
95	139.09	122.17	7	1.39
96	164.77	68.85	7	0.58
97	147.79	1.11	8	1.89
98	25.79	108.12	7	0.7
99	14.72	126.95	8	1.07
100	173.79	137.1	8	0.51
101	51.4	139.05	9	0.91
102	31.27	133.9	8	1.25
103	20.7	16.18	10	0.87
104	27.62	11.48	7	1.82
105	105.47	135.64	9	1.96
106	118.71	14.38	7	0.62
107	59.08	115.96	10	1.04
108	0.91	47.3	8	1.64
109	191.9	14.69	11	0.79
110	167.9	119.14	7	1.76
Period: 8
Tasks:9
id	x	y	end	c
46	59.56	38.45	9	73.65
47	96.38	55.63	11	44.52
48	67.74	131.14	10	44.84
49	142.73	154.36	12	69.14
50	7.24	160.62	9	110.81
51	44.14	135.61	11	66.25
52	22.63	43.59	9	95.75
53	1.9	116.13	11	99.42
54	57.88	135.26	9	54.93
Drivers: 26
id	x	y	end	sensitivity
111	18.86	112.14	9	1.38
112	178.96	88.42	9	0.89
113	157.87	4.74	10	1.46
114	43.37	49.04	8	1.07
115	168.35	76.26	9	1.39
116	61.89	148.02	8	2
117	87.65	141.5	8	1.61
118	1.29	153.73	8	1.35
119	148.82	108.69	8	1.26
120	159.85	94.99	8	0.59
121	32.07	105.78	8	1.84
122	101.74	188.5	9	1.66
123	15.54	79.76	10	1.35
124	150.64	185.72	10	1.43
125	110.24	176.19	10	1.35
126	199.59	196.57	9	1.49
127	17.6	102.93	9	1.11
128	88.5	187.71	8	1.08
129	108.22	15.76	8	1.55
130	44.16	152.76	10	1.32
131	113.06	61.15	9	1.87
132	37.69	173.48	8	1.13
133	1.9	94	10	0.58
134	101.45	184.71	10	1.91
135	72.15	7.45	9	1.2
136	180.03	182.55	8	1.33
Period: 9
Tasks:10
id	x	y	end	c
55	11.67	147.47	14	100.28
56	13.11	8.37	11	126.28
57	98.01	82.04	11	18.07
58	54.17	58.81	11	61.62
59	7.93	154.38	14	106.93
60	178.01	11.84	12	117.72
61	175.39	183.72	11	112.66
62	156.47	145.77	11	72.69
63	3.35	11.76	10	130.87
64	5.3	125.2	11	98
Drivers: 11
id	x	y	end	sensitivity
137	128.18	113.55	9	1.67
138	43.66	19.53	9	1.72
139	196.62	9.87	9	1.78
140	180.87	12.75	10	0.92
141	10.1	10.29	9	1.99
142	157.42	82.53	9	0.91
143	23.94	14.78	9	1.23
144	182.18	66.3	9	0.89
145	110.58	120.04	9	1.12
146	42.97	174.75	11	1.53
147	127.38	125.1	10	1.17
Period: 10
Tasks:6
id	x	y	end	c
65	133.81	174.16	11	81.5
66	148.35	67.32	11	58.36
67	114.2	36.99	15	64.59
68	125.41	144.7	12	51.42
69	40.07	142.53	14	73.49
70	56.94	58.85	13	59.56
Drivers: 22
id	x	y	end	sensitivity
148	32.35	51.6	10	1.3
149	67.55	31.07	10	1.02
150	38.05	107.45	12	1.29
151	136.73	185.96	10	1.64
152	141.81	140.21	10	0.81
153	154.97	121.22	11	1.81
154	98.53	190.53	10	1.58
155	95.42	184.45	11	1.79
156	100.6	97.69	11	1.02
157	107.98	113.45	12	1.7
158	149.56	153.54	11	1.33
159	121.93	65.14	13	0.6
160	106.99	175.11	11	1.72
161	35.97	99.9	10	1.04
162	139.98	126.23	11	1.48
163	180.66	111.97	11	0.82
164	73.74	47.88	10	0.86
165	179.55	148.31	12	1.97
166	138.58	137.03	11	0.96
167	174.46	141.93	11	0.83
168	48.77	155.85	11	0.83
169	152.38	32.21	10	0.87
Period: 11
Tasks:6
id	x	y	end	c
71	189.29	164.22	12	109.99
72	114.62	66.08	11	36.94
73	166.44	13.11	12	109.38
74	167.67	66.25	12	75.62
75	101.16	33.42	12	66.59
76	92.4	23.67	12	76.71
Drivers: 21
id	x	y	end	sensitivity
170	59.77	80.85	11	1.39
171	115.08	171.69	12	0.51
172	185.86	98.6	12	1.25
173	71.52	186.15	12	1.37
174	12.44	94.83	12	1.13
175	146.52	26.37	13	1.03
176	98.17	17.08	12	1
177	174.59	49.31	12	1.08
178	5.24	123.98	13	0.82
179	34.04	104.29	11	1.78
180	76.56	131.37	12	1.63
181	98.61	177.84	11	1.62
182	83.58	109.07	14	1.66
183	168.09	195.74	11	0.58
184	144.54	173	12	0.73
185	159.58	116.72	13	1.43
186	188.12	49.31	12	0.5
187	35.31	122.94	12	1.22
188	6.65	80.72	13	1.3
189	18.15	31.4	12	1.96
190	75.17	107.95	11	1.86
Period: 12
Tasks:5
id	x	y	end	c
77	148.49	65.19	16	59.69
78	149.8	34.25	13	82.48
79	69.17	134.47	18	46.25
80	81.47	165.69	15	68.25
81	25.22	41.7	12	94.82
Drivers: 10
id	x	y	end	sensitivity
191	34.82	73.54	12	1.62
192	41.48	101.8	16	0.55
193	75.74	130.21	14	1.92
194	11.04	92.94	12	0.95
195	85.49	63.14	12	1.91
196	159.62	159.32	15	1.66
197	31.51	19.04	13	1.61
198	77.55	154.94	13	1.95
199	46.42	96.92	15	1.71
200	81	89.05	12	1.76
Period: 13
Tasks:4
id	x	y	end	c
82	11.56	170.64	16	113.19
83	27.16	128.57	16	78.24
84	16.17	1.85	18	129.08
85	114.12	91.21	13	16.63
Drivers: 14
id	x	y	end	sensitivity
201	197.62	182	14	0.95
202	59.92	129.87	13	1.73
203	97.9	123.29	13	1.74
204	160.87	51.45	13	1.87
205	148.75	58.66	14	1.92
206	108.45	64.5	14	1.05
207	107.77	134.8	14	1.41
208	16.69	52.92	13	0.99
209	93.07	36.61	16	1.61
210	8.84	64.36	14	0.72
211	154.98	169.02	14	0.67
212	69.02	131.57	13	1.65
213	94.67	57.23	16	1.84
214	42.92	166.82	14	1.38
Period: 14
Tasks:4
id	x	y	end	c
86	41.81	154.07	17	79.43
87	164.3	98.87	16	64.31
88	51.1	21.41	18	92.56
89	124.28	5.58	18	97.49
Drivers: 9
id	x	y	end	sensitivity
215	180.53	101.12	16	1.1
216	146.96	197.11	16	1.45
217	34.82	22.89	14	1.38
218	83.02	92.35	15	1.79
219	73.38	34.75	14	1.04
220	118.83	174.99	15	0.77
221	65.43	93.87	14	0.77
222	51.63	137.48	16	1.16
223	166.13	140.54	14	1.19
Period: 15
Tasks:6
id	x	y	end	c
90	163.8	103.36	16	63.89
91	190.55	76.59	17	93.53
92	115.87	122.43	19	27.48
93	171.57	25.95	16	102.98
94	64.88	159.19	15	68.82
95	146.25	83.49	19	49.11
Drivers: 19
id	x	y	end	sensitivity
224	181.66	92.18	17	0.69
225	18.95	45.08	15	0.76
226	177.47	136.43	16	1.64
227	5.78	102.93	16	0.66
228	75.05	143.73	16	1.88
229	57.75	24.4	18	1.33
230	186.74	113.2	15	1.1
231	44.13	124.1	17	1.04
232	179.88	91.85	15	1.33
233	54.71	172.41	16	0.53
234	57.29	30.52	15	1.62
235	126.35	144.59	15	1.88
236	105.7	33.28	16	1.11
237	185.47	95.8	16	0.86
238	40.61	167.18	15	1.2
239	35.44	104.51	16	1.11
240	69.45	110.09	17	0.92
241	105.12	193.02	15	1.37
242	154.89	146.95	16	1.57
Period: 16
Tasks:1
id	x	y	end	c
96	101.06	53.68	16	46.33
Drivers: 16
id	x	y	end	sensitivity
243	8.98	48.45	17	1.15
244	131.86	46.21	18	0.72
245	191.15	51.26	16	1.23
246	182.68	172.64	18	1.35
247	51.43	101.57	19	1.95
248	2.84	29.78	17	0.9
249	130.4	11.72	16	1.57
250	102.18	124.95	16	0.81
251	102.75	155.73	17	1.43
252	192.76	48.79	16	0.58
253	109.25	25.01	17	1.52
254	39.71	162.21	18	1.47
255	151.41	155	19	0.95
256	112.23	130.75	17	0.62
257	30.93	52.48	16	0.74
258	44.39	95.56	19	0.91
Period: 17
Tasks:3
id	x	y	end	c
97	157.17	55.72	18	72.31
98	45.53	153.56	17	76.39
99	138.53	0.08	19	107.09
Drivers: 11
id	x	y	end	sensitivity
259	80.19	12.51	19	1.17
260	76.11	186.42	17	1.69
261	71.14	100.43	18	1.82
262	23.2	58.05	21	0.6
263	62.94	151.2	18	1.2
264	179.67	76.62	19	1.46
265	105.62	71.26	19	0.94
266	49.61	10.45	19	0.88
267	77.45	172.71	19	1.5
268	96.75	8.07	17	1.91
269	78.71	6.46	19	1.82
Period: 18
Tasks:5
id	x	y	end	c
100	86.12	128.25	21	31.48
101	175.45	118.58	21	77.7
102	141	26.82	20	83.88
103	145.73	118.19	21	49.21
104	73.51	150.39	18	56.93
Drivers: 12
id	x	y	end	sensitivity
270	64.32	112.48	18	1.08
271	138.77	46.85	19	1.58
272	3.62	127.16	18	1.71
273	33.39	45.93	18	1.42
274	51.09	96.62	18	1.32
275	130.01	88.88	19	0.51
276	73.72	99.65	19	1.94
277	146.89	78.11	18	1.69
278	174.62	57.79	18	1.9
279	113.2	24.43	19	1.94
280	38.49	107.78	20	1.02
281	4.1	114.87	19	1.56
Period: 19
Tasks:6
id	x	y	end	c
105	110.81	92.26	20	13.3
106	65.98	194.17	21	100.13
107	119.39	54.09	21	49.84
108	162.45	83.91	21	64.49
109	22.82	147.96	22	90.87
110	123.56	68.51	20	39.33
Drivers: 21
id	x	y	end	sensitivity
282	16.3	67.06	19	1.41
283	133.52	23.45	19	1.16
284	56.58	199.92	20	0.88
285	168.55	17.94	20	0.69
286	128.02	39.77	19	1.21
287	34.97	171.23	22	1.26
288	145.61	123.1	20	1.43
289	186.74	183.88	22	1.49
290	40.86	48.81	19	1.1
291	141.58	46.47	19	1.18
292	90.3	20.33	19	1.2
293	118.54	142.07	20	1.04
294	72.98	68.99	20	0.73
295	105.78	145.16	19	1.2
296	0.42	167.4	19	1.82
297	42.13	170.99	19	1.43
298	198.79	137.64	19	1.47
299	10.16	181	19	1.23
300	69.28	55.63	19	1.03
301	86.53	105.7	21	1.06
302	30.07	149.67	23	0.82
Period: 20
Tasks:5
id	x	y	end	c
111	114.99	20.48	21	80.92
112	80.37	181.35	21	83.68
113	110.58	94.97	21	11.71
114	101.58	28.31	21	71.71
115	91.79	176.33	21	76.77
Drivers: 14
id	x	y	end	sensitivity
303	125.28	81.95	21	0.89
304	83.49	16.6	23	1.5
305	24.65	183.27	22	1.52
306	130.71	101.92	20	1.29
307	60.73	117.76	20	0.77
308	119.1	54.69	22	1.72
309	123.94	59.32	21	0.92
310	144.42	144.23	21	0.83
311	122.7	175.69	22	1.39
312	100.74	81.51	23	0.84
313	164.91	45.76	21	1.74
314	77.92	173.04	24	2
315	185.6	0.42	23	1.53
316	94.73	66.72	20	1
Period: 21
Tasks:6
id	x	y	end	c
116	156.25	135.59	27	66.56
117	68.96	120.39	22	37.14
118	98.98	97.73	22	2.49
119	85.09	15.97	25	85.34
120	43.98	169.38	25	89.17
121	40.87	172.71	24	93.72
Drivers: 22
id	x	y	end	sensitivity
317	46.36	127	21	0.87
318	127.63	146.09	21	0.87
319	129.71	16.11	21	0.72
320	184.86	54.38	24	1.8
321	46.32	89.99	22	0.91
322	9.87	13.03	22	0.96
323	52.06	159.73	21	1.65
324	59.73	73.01	22	1.71
325	192.86	6.54	21	1.64
326	28.53	2.37	21	1.01
327	112.22	184.14	22	1.43
328	115.7	25.36	21	0.61
329	141.42	106.02	23	0.74
330	28.09	144.91	23	1.4
331	177.12	126.49	22	0.96
332	178.26	73.55	23	1.21
333	166.29	170.4	23	1.42
334	132.14	42.5	22	0.9
335	188.8	107.13	23	1.51
336	72.99	103.57	24	0.75
337	153.52	106.67	21	0.71
338	56.63	82.48	22	1.66
Period: 22
Tasks:7
id	x	y	end	c
122	33.96	180.87	26	104.41
123	130.11	174.92	23	80.74
124	76.08	178.75	22	82.3
125	183.4	57.07	24	93.8
126	97.72	193.74	24	93.77
127	13.58	78.46	27	89.06
128	198.69	63.58	24	105.2
Drivers: 11
id	x	y	end	sensitivity
339	115.23	102.49	22	1.4
340	156.6	45.03	22	0.61
341	144.82	16.22	23	1.4
342	24.48	120.19	22	0.98
343	24.04	168.74	24	0.68
344	96.03	87.81	22	0.74
345	134.67	68.38	22	0.91
346	34.24	148.41	22	1.52
347	130.91	24.58	22	1.11
348	140.7	69.2	22	1.61
349	192.9	147.03	25	0.65
Period: 23
Tasks:8
id	x	y	end	c
129	120.11	198.37	29	100.4
130	162.85	81.79	24	65.43
131	123.13	77.31	25	32.4
132	67.77	36.91	28	70.85
133	26.76	83.89	25	74.99
134	97.32	151.62	26	51.69
135	114.78	74.67	23	29.33
136	12.26	33.97	23	109.81
Drivers: 19
id	x	y	end	sensitivity
350	129.43	133.2	25	0.86
351	169.55	46.75	23	1.36
352	63.96	8.94	25	1.56
353	32.92	67.6	23	1.29
354	193.64	147.13	24	1.71
355	111.84	11.85	23	1.05
356	40.77	177.33	23	1.09
357	94.1	2.37	26	1.71
358	152.37	169.62	26	1.93
359	136.47	78.1	24	1.21
360	42.1	141.19	24	0.87
361	174.47	5.19	23	0.81
362	168.12	105.16	24	1.34
363	176.02	67.09	23	0.83
364	147.15	122.64	24	0.57
365	167.81	42.93	23	0.89
366	192.77	2.76	23	1.05
367	135.83	47.5	26	1.78
368	97.6	91.97	25	0.68
Period: 24
Tasks:5
id	x	y	end	c
137	46.5	139.63	27	66.58
138	152.69	162.09	24	81.43
139	156.33	32.58	27	87.86
140	185.26	101.25	29	85.27
141	181.85	35.09	26	104.46
Drivers: 17
id	x	y	end	sensitivity
369	64.37	21.05	24	0.81
370	174.48	17.24	27	0.99
371	25.48	110.73	25	1.7
372	88.13	118.26	25	1.91
373	20.88	197.85	24	0.66
374	59.55	89.85	28	1.36
375	134.92	131.8	24	1.05
376	152.15	124.82	24	1.42
377	125.38	140.63	24	0.57
378	91.64	189.41	25	1.65
379	168.84	92.25	27	0.53
380	22.84	124.44	24	0.82
381	64.53	59.09	24	0.51
382	12.77	4.12	24	1.5
383	20.43	33.78	25	0.91
384	180.06	57.19	25	0.69
385	174.81	35.83	25	1.61
Period: 25
Tasks:3
id	x	y	end	c
142	65.21	129.31	27	45.49
143	181.05	129.75	26	86.34
144	177.55	110.67	25	78.28
Drivers: 19
id	x	y	end	sensitivity
386	49.78	181.3	25	1.71
387	31.5	11.25	26	1.56
388	74.2	101.9	25	1.7
389	22.42	149.98	27	0.78
390	140.48	115.15	28	1.16
391	141.71	172.51	27	0.88
392	62.23	89	26	0.83
393	101.71	66.09	27	1.12
394	11.11	110.55	27	1.37
395	34.64	191.25	26	1.53
396	68.68	43.51	25	1.14
397	18.17	171.23	26	0.68
398	29.3	126.7	25	1.73
399	152.37	64.59	27	0.78
400	177.28	180.08	25	0.87
401	136.86	95.46	26	1.67
402	180.85	129.49	26	0.83
403	164.15	160.01	26	1.57
404	17.89	126.38	25	0.85
Period: 26
Tasks:4
id	x	y	end	c
145	194.99	195.45	28	134.66
146	48.89	174.5	29	90.35
147	60.62	31.01	27	79.44
148	43.96	17.33	27	99.87
Drivers: 19
id	x	y	end	sensitivity
405	167.88	134.82	26	0.58
406	130.61	177	30	0.53
407	46.4	186.16	26	1.45
408	44.98	151.96	27	0.53
409	159.2	170.38	26	1.44
410	46.36	4.36	27	0.68
411	25.48	76.9	26	0.81
412	56.63	56.32	26	1.82
413	65.9	40.77	28	1.72
414	80.65	137.27	28	1.76
415	121.53	22.1	26	1.66
416	199.53	6.59	27	1.23
417	20.41	88.13	28	0.98
418	164.95	138.06	26	1.18
419	56.85	100.81	26	1.94
420	132.94	5.02	28	1.4
421	92.12	53.43	26	1.93
422	156.95	197.17	32	0.63
423	55.08	29.3	26	1.17
Period: 27
Tasks:5
id	x	y	end	c
149	80.74	170.46	30	73.04
150	94.05	102.21	30	6.35
151	81.09	173.06	27	75.47
152	9.67	19.29	32	121.13
153	177.9	83.23	29	79.68
Drivers: 15
id	x	y	end	sensitivity
424	17.12	153.04	30	0.97
425	197.2	113.93	28	0.74
426	23.5	8.1	27	1.53
427	168.98	54.38	29	1.55
428	22.32	59.21	27	1.23
429	152.47	49.85	29	1.85
430	14.74	55.48	28	1.11
431	7.18	35.5	27	0.87
432	127.74	75.81	27	0.5
433	98.63	63.73	27	0.79
434	70.07	75.62	29	1.61
435	40.66	46.14	27	0.87
436	176.99	185.8	28	0.63
437	131.42	143.39	28	0.54
438	22.2	142.39	29	1.53
Period: 28
Tasks:7
id	x	y	end	c
154	76.87	198.73	31	101.4
155	155.02	172.11	28	90.7
156	162.15	27.09	29	95.8
157	35.77	191.77	29	112.01
158	184.56	191.55	30	124.63
159	3.78	41.77	29	112.47
160	189.44	15.6	30	122.98
Drivers: 9
id	x	y	end	sensitivity
439	97.02	190.67	30	0.65
440	196.19	178.16	28	1.83
441	129.69	113.94	30	0.75
442	131.23	159.25	28	1.61
443	105.07	49.64	28	1.38
444	5.01	58.26	29	0.73
445	75.64	70.92	29	1.11
446	13.88	114.92	28	0.82
447	116.83	174.71	29	1.76
Period: 29
Tasks:4
id	x	y	end	c
161	101.3	195.76	30	95.77
162	100	191.44	31	91.44
163	148.8	65.35	33	59.85
164	92.34	64.16	32	36.65
Drivers: 14
id	x	y	end	sensitivity
448	56.55	3.46	30	0.97
449	99.19	198.67	31	1.81
450	96.31	197.38	29	1.35
451	53.49	165.97	30	1.73
452	20.77	19.18	31	1.52
453	40.77	194.41	30	1.57
454	51.96	132.08	29	1.36
455	121.85	150.01	30	1.61
456	143.72	172	29	1.74
457	195.41	137.61	30	0.98
458	5.83	49.15	30	0.66
459	96.33	12.09	29	0.6
460	174.32	182.64	29	1.4
461	50.42	39.17	29	1.78
Period: 30
Tasks:2
id	x	y	end	c
165	187.8	163.18	31	108.17
166	0.7	117.12	32	100.76
Drivers: 11
id	x	y	end	sensitivity
462	174.45	160.32	32	0.56
463	77.95	48.48	32	0.73
464	148.12	176.91	30	0.92
465	2.89	176.32	32	0.7
466	148.39	199.04	33	0.61
467	197.57	153.42	30	0.98
468	181.38	121.58	32	1.22
469	62.2	123.65	32	1.32
470	18.39	173.78	30	1.62
471	78.42	80.23	32	1.57
472	104.8	34.27	32	1.17
Period: 31
Tasks:6
id	x	y	end	c
167	46.83	53.76	32	70.46
168	84.24	44.51	33	57.68
169	126.76	68.45	33	41.37
170	114.73	125.49	34	29.44
171	175.72	43.13	34	94.7
172	107.86	115.45	32	17.33
Drivers: 13
id	x	y	end	sensitivity
473	144.21	11.51	32	0.84
474	135.28	12.81	32	1.38
475	133.62	94.88	34	0.61
476	162.95	106.39	32	1.1
477	94.22	124.1	32	0.6
478	161.79	113.9	32	1.9
479	51.49	193.91	32	1.25
480	23.46	118.5	31	1.64
481	82.08	58.92	32	1.49
482	132.81	117.81	33	0.51
483	0.63	198.66	31	1.13
484	32.32	23.58	31	1.82
485	123.12	139.75	31	1.52
Period: 32
Tasks:1
id	x	y	end	c
173	181.03	42.25	35	99.5
Drivers: 14
id	x	y	end	sensitivity
486	167.58	51.05	36	0.77
487	65.44	65.44	32	0.59
488	84.72	57.34	33	1.04
489	25.75	46.82	34	1.67
490	96.24	56.77	33	0.75
491	112.1	57.4	34	0.51
492	180.25	148.82	33	0.91
493	179.71	181.72	34	0.93
494	135.84	62.95	33	1.18
495	182.72	19.57	32	1.53
496	170.52	68.35	36	0.96
497	105.52	109.52	32	0.64
498	75.07	135.73	32	1.99
499	20.01	103.11	32	1.33
Period: 33
Tasks:1
id	x	y	end	c
174	78.13	115.67	37	26.9
Drivers: 25
id	x	y	end	sensitivity
500	65.86	95.85	34	0.58
501	128.35	119.38	34	1.37
502	194.99	83.24	34	1.51
503	188.93	129.56	35	0.77
504	137.22	82.47	35	0.78
505	156.16	116.49	33	0.72
506	68.72	164.46	35	0.77
507	90.34	81.33	33	1.06
508	73	2.44	34	0.87
509	120.51	62.94	33	1.32
510	51.28	145.32	34	1.3
511	163.44	167.42	33	0.81
512	149.34	86.52	34	0.68
513	52.13	194.92	33	1.84
514	161.94	157.13	34	0.92
515	142.47	95.35	33	1.91
516	53.53	9.06	35	0.75
517	60.25	56.41	33	0.87
518	175.46	109.62	35	1.77
519	69.23	8.35	33	1.7
520	111.15	28.88	36	1.09
521	80.45	29.73	36	1.38
522	144.03	180.88	33	0.98
523	108.72	90.69	35	1.49
524	123.1	40.39	36	0.86
Period: 34
Tasks:3
id	x	y	end	c
175	185.06	131.28	34	90.63
176	175.52	156.12	37	94.09
177	139.5	127.35	37	48.04
Drivers: 10
id	x	y	end	sensitivity
525	11.41	38.8	34	0.75
526	114.93	182.74	35	0.76
527	145.35	163.82	38	1.95
528	33.42	185.28	36	0.82
529	59.54	105.5	34	0.67
530	28.36	149.18	36	1.34
531	83.55	8.41	36	0.88
532	118.06	69.82	35	1.12
533	69.82	137	34	1.16
534	36.54	4.57	34	1.57
Period: 35
Tasks:5
id	x	y	end	c
178	144.98	166.45	38	80.24
179	114.61	102.71	39	14.86
180	104.57	91.27	38	9.85
181	130.21	10.79	38	94.19
182	127.53	189	36	93.16
Drivers: 16
id	x	y	end	sensitivity
535	175.06	4.89	37	1.6
536	1.18	139.6	38	1.93
537	10.69	164.36	41	1.89
538	134.74	53.52	35	1.89
539	188.51	52.81	36	1.85
540	191.64	61.49	35	0.7
541	56.31	4.41	35	0.77
542	163.19	62.24	35	1.92
543	179.22	56.52	36	1.77
544	35.78	44.73	36	1.79
545	20.7	91.44	36	1.59
546	125.66	67.82	38	0.72
547	114.27	152.49	38	0.99
548	117.51	89.13	36	1.64
549	145.1	8.11	38	1.23
550	194.37	50.84	37	1.1
Period: 36
Tasks:4
id	x	y	end	c
183	4.84	169.95	37	118.1
184	65.31	151.63	38	62.2
185	162.78	142.38	36	75.75
186	19	117.89	40	82.95
Drivers: 19
id	x	y	end	sensitivity
551	114.1	190.56	38	0.91
552	35.2	184.75	36	1.99
553	116.63	160.87	36	0.93
554	143.41	53.97	36	1.21
555	65.85	71.29	39	1.11
556	91.07	56.18	38	1.3
557	111.85	117.34	37	0.61
558	149.76	88.14	36	1.46
559	33.57	94.54	39	0.56
560	101.66	10.73	37	1.23
561	184.95	166.46	37	1.95
562	68	76.91	36	1.53
563	11.63	131.68	37	1.55
564	22.67	117.2	36	1.79
565	193.57	52.69	37	0.56
566	124.72	81.86	37	1.95
567	86.78	67.32	38	0.97
568	58.6	55.5	38	1.94
569	152.21	29.27	36	1.24
Period: 37
Tasks:2
id	x	y	end	c
187	179.24	11.15	40	119.05
188	9.72	186.97	39	125.36
Drivers: 19
id	x	y	end	sensitivity
570	29.39	99.22	39	1.86
571	84.09	123.41	37	1.54
572	100.07	182.97	37	1.25
573	154.77	127.32	38	1.57
574	131.65	180.56	39	1.63
575	31.08	111.45	38	1
576	173.64	78.65	37	1.03
577	143.19	1.45	37	1.76
578	150.1	45.63	37	0.52
579	82.9	144.26	37	0.72
580	142.61	76.36	37	0.52
581	23.82	25.65	39	0.78
582	119.71	195.72	39	1.15
583	34.08	100.36	37	0.91
584	66.89	72.93	37	0.72
585	118.75	46.27	37	1
586	106.87	21.87	37	0.89
587	147.21	85.13	41	1.59
588	112.27	104.98	39	1.36
Period: 38
Tasks:6
id	x	y	end	c
189	101.59	131.93	40	31.97
190	195.17	103.38	39	95.23
191	147.13	157.21	40	74.12
192	117.43	177.1	40	79.05
193	18.57	124.63	39	85.07
194	110.09	131.57	41	33.14
Drivers: 7
id	x	y	end	sensitivity
589	27.42	184.88	42	1.05
590	95.02	29.17	39	1.76
591	58.49	64.53	40	1.62
592	148.05	104.61	38	1.34
593	198.65	144.62	38	1.73
594	192.41	58.42	38	1.75
595	24.09	148.23	38	0.62
Period: 39
Tasks:2
id	x	y	end	c
195	140.98	30.31	42	80.85
196	48.27	69.66	40	59.97
Drivers: 12
id	x	y	end	sensitivity
596	156.89	177.08	39	0.93
597	11.65	194.22	39	0.63
598	91.22	170.53	41	1.45
599	131.2	16.01	39	1.6
600	13.48	131.4	40	1.15
601	97.73	187.09	40	1.8
602	141	192.05	41	0.82
603	5.01	107.51	39	0.93
604	76.65	70.53	39	1.11
605	170.19	170.13	40	1.19
606	133.98	193.12	41	1.78
607	24.53	193.5	39	0.82
Period: 40
Tasks:3
id	x	y	end	c
197	106.48	87.99	41	13.65
198	76.11	188.49	42	91.66
199	143.12	99.08	41	43.13
Drivers: 18
id	x	y	end	sensitivity
608	112.11	39.59	42	1.96
609	152.63	152.24	41	1.44
610	17.99	62.23	41	0.86
611	157.93	85.37	42	0.73
612	17.92	121.72	41	1.35
613	12.3	3.33	41	1.53
614	92.18	64.59	42	1.73
615	106.79	168.81	40	1.72
616	180.46	137.03	41	0.83
617	94.68	130.57	41	1.69
618	40.31	63.73	40	0.94
619	144.62	103.89	42	1.85
620	33.88	93.8	41	0.84
621	181.81	31.05	41	1.36
622	108.78	4.59	42	1.85
623	191.89	187.89	40	1.48
624	122.46	146.28	40	1.85
625	106.91	191.18	43	1.1
Period: 41
Tasks:2
id	x	y	end	c
200	185.5	9.12	43	124.78
201	47.98	153.73	44	74.79
Drivers: 19
id	x	y	end	sensitivity
626	197.21	166.58	42	1.69
627	28.08	45.28	41	0.9
628	0.76	196.15	42	1.43
629	107.82	52.52	43	0.83
630	77.77	159.96	42	1.85
631	90.65	20.7	41	1.21
632	174.78	98.84	43	1.43
633	166.31	94.91	42	1.2
634	113.21	101.3	44	0.65
635	174.34	117	41	0.98
636	163.85	26.11	41	1.11
637	54.66	195.21	43	1.02
638	23.74	131.54	41	0.64
639	151.81	114.69	41	1.27
640	105.82	79.64	41	0.91
641	159.9	125.26	41	1.44
642	44.02	139.24	41	0.79
643	183.92	122.08	41	0.83
644	151.32	28.16	43	1.15
Period: 42
Tasks:9
id	x	y	end	c
202	54.25	30.66	43	83.07
203	27.3	103.18	44	72.77
204	192.75	0.5	46	136.03
205	55.21	135.79	43	57.33
206	97.7	145.61	44	45.67
207	194.9	7.77	46	132.33
208	72.81	67.59	44	42.3
209	116.12	18.18	45	83.39
210	133.66	40.64	46	68.24
Drivers: 16
id	x	y	end	sensitivity
645	86.28	91.22	48	1.08
646	71.81	164.92	43	1.09
647	110.29	188.54	42	1.99
648	38.89	53.24	42	1.79
649	69.72	165.81	43	1.63
650	96.24	107.93	43	1.32
651	169.65	180.78	42	0.75
652	46.19	90.02	43	0.79
653	51.82	79.97	43	1.23
654	19.91	15.55	42	0.95
655	108.88	4.53	42	1.07
656	166.82	52.7	43	1.85
657	98.5	85.96	45	1.57
658	60.73	125.67	43	1.36
659	191.25	25.55	44	0.89
660	168.61	144.76	44	1.14
Period: 43
Tasks:0
id	x	y	end	c
Drivers: 21
id	x	y	end	sensitivity
661	106.79	67.08	43	1.24
662	182.12	185.98	43	1.44
663	178.92	68.93	45	0.54
664	85.27	18.4	43	1.16
665	16.06	153.67	44	0.95
666	26.85	146.11	46	1.19
667	44.52	147.8	45	1.49
668	125.99	165.43	44	0.72
669	30.37	50.19	46	0.89
670	131.13	182.37	43	1.81
671	101.11	132.91	44	1.94
672	75.64	171.34	44	1.57
673	143.07	97.14	45	0.81
674	123.94	84.12	44	1.26
675	195.48	183.92	43	1.79
676	144.97	174.14	44	0.58
677	17.95	80.52	44	1.31
678	161.45	198.91	45	0.64
679	27.23	79.37	43	0.57
680	26.72	195.89	44	0.64
681	112.23	12.94	44	1.7
Period: 44
Tasks:12
id	x	y	end	c
211	193.39	166.48	45	114.64
212	41.79	198.14	45	114.1
213	161.83	145.26	44	76.63
214	177.94	105.05	49	78.1
215	144.91	58.79	49	60.95
216	192	151.14	47	105.26
217	75.53	94.32	46	25.12
218	136.48	168.08	50	77.24
219	115.47	148.87	47	51.26
220	125.39	199.6	47	102.79
221	92.76	88.51	46	13.58
222	115.21	113.51	45	20.34
Drivers: 13
id	x	y	end	sensitivity
682	147.36	18.24	45	1.13
683	152.06	130.23	45	1.94
684	28.87	35.17	46	0.54
685	43.71	187.42	45	1.23
686	182.94	106.36	44	0.69
687	199.82	120.3	45	1.17
688	151.94	62.35	45	1.85
689	39.28	59	47	1.72
690	182.76	34.31	44	1.09
691	50.45	4.37	44	0.96
692	128.93	197.34	44	1.24
693	146.37	44.8	44	0.94
694	133.61	133.06	44	1.03
Period: 45
Tasks:2
id	x	y	end	c
223	177.78	150.81	46	92.91
224	50.05	182.5	49	96.44
Drivers: 13
id	x	y	end	sensitivity
695	5.58	116.62	46	1.16
696	139.64	127.59	46	0.59
697	136.9	193.29	45	0.71
698	109.35	19.89	45	1.18
699	176.9	71.54	46	0.77
700	107.96	106.81	46	1.93
701	190.22	28.41	46	1.39
702	165.66	5.82	45	1.9
703	2.3	10.08	47	1.64
704	18.32	156.53	47	0.91
705	190.24	22.25	46	0.56
706	172.68	11.88	46	1.87
707	104.43	47.7	45	0.77
Period: 46
Tasks:5
id	x	y	end	c
225	79.34	62.36	47	42.94
226	113.63	183.24	48	84.35
227	195.89	36.69	47	114.9
228	75.55	86.58	48	27.89
229	57.98	155.96	48	69.98
Drivers: 12
id	x	y	end	sensitivity
708	101.94	104.54	48	1.38
709	95.08	71.7	46	0.52
710	121.26	69.4	47	2
711	101.77	112.94	46	1.59
712	0.57	135.87	47	0.73
713	131.47	86.13	47	1.11
714	156.34	19.2	47	1.26
715	186.59	197.71	47	1.61
716	23.42	113.95	46	1.6
717	194.35	53.09	46	0.9
718	74.64	69.26	47	0.65
719	70.94	85.39	46	1.8
Period: 47
Tasks:3
id	x	y	end	c
230	76.82	8.48	49	94.41
231	59.64	12.05	50	96.77
232	78.12	133.5	48	40.01
Drivers: 19
id	x	y	end	sensitivity
720	183.57	5.24	48	0.53
721	105.6	40.51	48	0.67
722	39.6	117.11	47	1.39
723	78.89	68.97	48	0.76
724	153.19	38.18	48	1.93
725	36.16	53.24	48	0.64
726	48.35	19.46	50	0.83
727	4	159.79	49	0.88
728	41.38	121.58	47	0.93
729	191.58	53.62	47	0.93
730	42.08	160.39	49	1.13
731	114.11	150.64	47	0.95
732	135.97	49.81	48	1.01
733	47.06	100.93	48	0.71
734	102.16	61.08	47	0.71
735	31	135.9	49	1.65
736	14.01	190.52	47	1.21
737	161.73	38.85	48	0.79
738	110.51	139.84	47	1.05
Period: 48
Tasks:5
id	x	y	end	c
233	190.94	104.87	52	91.07
234	126.21	68.75	48	40.79
235	48.27	136.86	49	63.52
236	142.52	54.64	49	62.17
237	126.73	104.99	51	27.19
Drivers: 13
id	x	y	end	sensitivity
739	116.95	43.66	51	1.35
740	51.23	196.49	48	1.34
741	193.51	111.9	52	1.85
742	151.9	43.69	49	1.47
743	197.08	165.23	48	1.8
744	125.67	136.17	49	1.99
745	75.18	198.92	49	0.77
746	88.84	156.8	49	1.38
747	124.25	109.81	51	0.57
748	144.04	18.2	48	0.51
749	25.71	138.18	49	1.34
750	142.9	63.32	49	1
751	5.77	172.62	49	1.7
Period: 49
Tasks:5
id	x	y	end	c
238	2.48	169.64	49	119.83
239	178.18	177.69	50	110.22
240	34.02	198.27	52	118.37
241	23.67	136.97	53	84.81
242	152.67	13.36	49	101.39
Drivers: 14
id	x	y	end	sensitivity
752	107.28	1.33	49	0.52
753	22.67	118.45	50	0.51
754	50.42	161.22	51	1.1
755	33.43	8.75	51	1.87
756	109.26	85.45	49	1.65
757	41.64	174.67	51	0.54
758	165.83	35.6	52	1.5
759	148.78	136.11	49	1.26
760	179.6	58.8	49	0.97
761	139.42	66.87	49	0.74
762	60.83	59.6	49	1.68
763	154.45	38.32	50	1.79
764	20.16	93.67	52	1.83
765	126.53	57.05	49	1.53
Period: 50
Tasks:7
id	x	y	end	c
243	166.18	37.45	54	91.06
244	35.13	192.17	50	112.71
245	146.29	20.99	51	91.57
246	142.61	139.47	53	58.08
247	144.52	155.84	52	71.42
248	28.09	155.54	51	90.86
249	176.27	110.94	50	77.05
Drivers: 13
id	x	y	end	sensitivity
766	85.87	144.33	53	1.81
767	186.38	96.92	50	1.65
768	150.62	50.35	50	0.73
769	173.82	140.11	53	0.74
770	195.05	67.11	51	1.1
771	182.19	102.12	50	1.58
772	87.36	165.03	52	1.3
773	66.64	31.04	50	0.92
774	108.99	79.64	51	1.47
775	145.4	90.89	50	0.93
776	147.32	19.97	51	0.51
777	111.29	41.89	50	0.72
778	46.19	186.41	50	1.73
Period: 51
Tasks:4
id	x	y	end	c
250	11.03	50.78	51	101.68
251	49.69	43.68	55	75.52
252	188.23	6.76	52	128.37
253	0.48	87.82	51	100.26
Drivers: 19
id	x	y	end	sensitivity
779	152.91	154.04	52	1.38
780	32.47	4.27	51	1.52
781	112.41	59.42	51	0.57
782	110.48	166.03	51	1.92
783	76.24	76.23	51	1.07
784	191.86	154.78	51	1.31
785	99.37	7.36	52	1.03
786	64.26	184.27	53	0.57
787	79.96	3.42	51	1.71
788	127.85	111.06	53	1.1
789	77.4	41.34	52	0.7
790	164.05	50.69	52	1.27
791	128.13	164.08	52	1.92
792	20.09	97.24	51	1.21
793	128.77	40.54	53	1.11
794	173.99	126.5	52	1.78
795	131.56	11.53	52	1.19
796	82.04	163.86	52	1.69
797	94.84	178.83	52	1.17
Period: 52
Tasks:5
id	x	y	end	c
254	199.91	141.8	55	108.3
255	166.47	194.37	52	115.43
256	18.85	32.83	52	105.34
257	44.67	168.36	56	87.95
258	43.4	135.52	52	66.82
Drivers: 23
id	x	y	end	sensitivity
798	118.93	73.05	54	0.98
799	169.38	86.65	53	1.05
800	8.81	54.03	54	1.52
801	156.67	193.66	52	1.53
802	69.82	168.79	53	1.76
803	29.96	49.06	53	1.99
804	72.82	148.48	54	1.51
805	67.69	38.05	52	1.6
806	159.93	59.84	55	0.52
807	8.23	83.54	54	1.45
808	198.13	51.74	55	1.78
809	101.31	87.7	55	1.51
810	41.28	104.51	52	1.3
811	1.41	12.04	53	1.39
812	128.38	28.92	54	1.91
813	106.84	119.26	53	1.24
814	39.04	100.18	56	1.39
815	95.21	83.7	52	0.6
816	80.81	145.46	52	1.95
817	128.81	178.82	56	1.06
818	75.59	101.12	52	1.41
819	71.31	32.51	53	1.31
820	8.89	119.3	53	0.58
Period: 53
Tasks:4
id	x	y	end	c
259	193.78	113.85	54	94.8
260	90.49	189.32	58	89.82
261	67.57	172.05	53	79.01
262	44.43	24.21	54	93.98
Drivers: 17
id	x	y	end	sensitivity
821	103.43	143.37	54	1.77
822	2.72	152.01	56	1.14
823	77.74	153.52	54	0.5
824	132.58	196.75	53	0.97
825	33.06	133.6	54	0.58
826	9.11	82.04	54	1.93
827	26.21	9.69	53	1.12
828	149.85	94.89	54	1.23
829	194.06	52.53	54	0.83
830	89.73	184.98	56	1
831	147.42	84.01	56	0.76
832	189.89	12.61	54	1.5
833	187.77	79.85	53	0.67
834	134.31	5.92	54	1.49
835	183.52	70.13	54	1.75
836	64.43	145.71	53	0.57
837	134.88	90.23	54	1.79
Period: 54
Tasks:2
id	x	y	end	c
263	162.57	115.58	55	64.48
264	43.01	84.77	58	58.99
Drivers: 13
id	x	y	end	sensitivity
838	182.47	127.83	55	1.19
839	75.38	66.67	55	1.68
840	185.8	59.94	55	1.49
841	31.8	190.84	55	1.73
842	192.01	169.99	56	0.57
843	173.07	36.23	55	0.96
844	116.51	118.68	54	0.92
845	60.93	96.09	56	0.51
846	29.79	140.89	54	0.5
847	10.45	183.09	55	1.17
848	20.27	126.89	54	1.85
849	122.3	144.7	56	0.68
850	42.6	70.98	54	1.18
Period: 55
Tasks:4
id	x	y	end	c
265	70.32	33.31	56	73
266	73.91	137.68	58	45.83
267	40.59	33.16	55	89.43
268	42.63	180.53	56	98.88
Drivers: 13
id	x	y	end	sensitivity
851	151.97	121.87	56	0.62
852	151.77	93.33	56	0.53
853	138.05	158.15	55	1.8
854	68.46	33.57	58	0.73
855	51.53	148.32	57	1.54
856	124.78	172.28	55	1.59
857	129.21	127.5	57	0.79
858	174.12	20.58	55	1.38
859	177.45	61.73	55	1.3
860	149.14	174.74	55	0.54
861	95.28	14.58	56	1.44
862	141.5	156.38	56	0.57
863	12.56	75.84	55	1.68
Period: 56
Tasks:7
id	x	y	end	c
269	94.46	101.54	58	5.75
270	8.85	74.99	60	94.52
271	123.96	46.39	60	58.72
272	23.83	0.18	59	125.56
273	58.6	74.24	62	48.76
274	71.32	89.35	58	30.59
275	72.02	172.13	57	77.37
Drivers: 10
id	x	y	end	sensitivity
864	150.01	33.5	58	0.95
865	69.69	199.26	57	0.5
866	166.43	190.65	57	0.51
867	171.61	166.91	57	1.06
868	69.69	122.47	56	1.99
869	87.35	180.88	57	0.58
870	119.43	166.13	57	0.54
871	115.9	184.51	56	0.96
872	95.14	18.56	57	1.44
873	6.35	106.23	57	1.96
Period: 57
Tasks:2
id	x	y	end	c
276	16	136.36	58	91.53
277	186.3	143.11	60	96.47
Drivers: 13
id	x	y	end	sensitivity
874	133.24	129.06	57	0.92
875	53.84	107.55	61	1.54
876	68.14	28.43	58	1.49
877	69.76	112.31	57	0.84
878	118.51	191.21	59	1.75
879	108.42	155.79	58	1.15
880	183.65	148.32	58	1.34
881	63.91	178.65	60	0.6
882	167.36	133.12	59	0.72
883	94.75	44.25	57	1.49
884	166.1	188.27	57	0.82
885	38.01	194.27	58	1.97
886	127.85	182.18	57	1.46
Period: 58
Tasks:5
id	x	y	end	c
278	12.65	38.42	62	106.87
279	82.93	158.37	60	60.81
280	130.31	179.74	59	85.31
281	193.76	112.07	60	94.53
282	49.32	185.53	61	99.42
Drivers: 14
id	x	y	end	sensitivity
887	12.88	36.1	60	0.87
888	149.58	140.31	59	1.35
889	60.78	146.69	61	1.68
890	25.83	28.11	59	0.52
891	39.9	104.42	60	1.15
892	28.19	23.43	58	1.19
893	84.35	76.87	59	0.9
894	6.02	27.62	59	1.74
895	83.76	99.84	61	1.04
896	95.98	89.9	58	0.86
897	104.95	55.55	58	1.52
898	3.66	190.31	58	1.22
899	98.53	43.13	58	1.19
900	91.44	13.9	58	1.61
Period: 59
Tasks:4
id	x	y	end	c
283	167.56	41.13	64	89.61
284	181.35	190.4	61	121.61
285	45.76	118.07	59	57.17
286	164.85	152.59	59	83.49
Drivers: 16
id	x	y	end	sensitivity
901	9.18	63.89	61	1.45
902	177.91	54.34	60	1.62
903	38.89	169.24	59	0.72
904	79.04	165.4	61	0.75
905	50.67	162.2	59	0.88
906	18.83	119.77	61	0.87
907	181.69	18.77	61	1.83
908	65.73	108.37	60	0.78
909	5.18	84.75	60	1.4
910	163.21	157.71	59	1.35
911	187.88	194.08	61	1.82
912	53.04	70.26	60	0.85
913	116.23	25.48	61	1.02
914	134.89	20.12	61	1.49
915	21.69	100.4	60	1.09
916	87.41	105.08	60	1.18
Period: 60
Tasks:3
id	x	y	end	c
287	148.62	93.08	65	49.11
288	111.47	189.37	60	90.1
289	165.76	175.99	62	100.49
Drivers: 22
id	x	y	end	sensitivity
917	79.59	27.6	60	1.33
918	82.72	156.12	62	1.22
919	1.53	39.84	61	0.98
920	6.99	11.68	60	1.13
921	102.93	154.96	60	1.12
922	70.11	28.71	62	1.73
923	107.67	21.91	60	1.49
924	182.42	130.13	61	1.6
925	7.04	146.12	60	1.31
926	32.85	37.59	62	1.61
927	49.73	185.09	60	0.82
928	158.02	135.31	62	1.54
929	76.95	13.91	61	1.46
930	99.74	19.72	61	0.61
931	117.9	0.81	60	1.11
932	151.48	53.93	61	1.73
933	19.66	175.96	61	1.35
934	82.21	30.66	60	1.28
935	182.51	74.65	62	0.87
936	79.21	130.52	60	0.68
937	47.87	79.83	60	1.1
938	138.49	164.52	60	1.01
Period: 61
Tasks:7
id	x	y	end	c
290	60.3	140.82	63	56.94
291	62.58	91.29	66	38.42
292	34.68	104.42	64	65.47
293	175.98	51.37	62	90.21
294	181.02	70.51	64	86.22
295	161.33	175.89	63	97.57
296	99.57	130.99	63	30.99
Drivers: 10
id	x	y	end	sensitivity
939	61.19	160.52	61	0.73
940	20.89	68.61	63	1.06
941	81.59	119.86	61	0.67
942	181.28	186.95	62	1.84
943	96.67	54.91	61	1.4
944	29.46	142.97	63	1.67
945	5.19	33.91	61	0.93
946	187.62	174.96	64	1.44
947	126.78	170.56	61	0.54
948	43.33	105.82	61	1.01
Period: 62
Tasks:4
id	x	y	end	c
297	198.92	19.63	65	127.45
298	59.54	121.65	63	45.89
299	197.46	126.43	63	100.98
300	192.4	5.01	64	132.52
Drivers: 16
id	x	y	end	sensitivity
949	163.86	74.82	62	0.8
950	56.97	52.32	63	1.36
951	162.34	10.98	63	1.86
952	27.27	78.7	62	1.92
953	48.89	183.03	62	0.59
954	184.98	97.15	64	1.73
955	189.05	137.65	64	1.59
956	16.55	195.99	62	0.94
957	81.77	117.58	63	0.62
958	41.15	103.14	64	0.81
959	43.24	7.6	64	0.88
960	158.31	84.42	62	1.09
961	199.46	120.82	62	1.86
962	83.64	156.68	64	0.61
963	181.31	188.48	63	1.28
964	121.94	22.95	63	0.75
Period: 63
Tasks:3
id	x	y	end	c
301	170.54	24.64	64	103.22
302	141.4	184.63	65	94.21
303	157.78	56.62	63	72.25
Drivers: 22
id	x	y	end	sensitivity
965	84.97	88.37	64	1.15
966	103.5	125.58	65	1.96
967	59.93	141.61	65	0.72
968	116.7	77.14	65	1.88
969	59.21	18.38	65	0.73
970	184.5	187.96	63	0.99
971	115.7	178.67	66	1.65
972	137.03	140.21	64	0.69
973	73.11	174.2	63	0.78
974	62.49	176.02	63	0.82
975	79.66	57.92	63	1.79
976	6.39	64.6	64	1.63
977	71.97	158.78	65	0.62
978	166.66	139.04	64	1.42
979	91.18	41.48	64	1.47
980	51.58	137.95	64	0.54
981	65.34	173.73	63	0.64
982	136.26	179.2	66	0.85
983	109.21	165.46	63	1.2
984	189.1	145.89	64	1.87
985	88.06	174.63	65	0.76
986	138.18	92.11	65	1.11
Period: 64
Tasks:2
id	x	y	end	c
304	65.57	187.76	65	94.27
305	141.4	192.74	66	101.56
Drivers: 14
id	x	y	end	sensitivity
987	102.87	105.26	65	1.04
988	38.25	124.14	68	1.58
989	4.16	45.72	65	1.91
990	106.61	11.18	65	1.57
991	136.07	113.47	64	1.42
992	9.14	38.39	64	1.8
993	92.95	183.29	65	1.02
994	120.63	109.4	65	1.23
995	172.68	147.69	65	1.76
996	36.1	18.02	66	1.56
997	85.6	81.56	65	1.92
998	189.62	104.43	67	1.04
999	28.48	85.12	65	1.98
1000	63.15	84.19	64	1.47
Period: 65
Tasks:7
id	x	y	end	c
306	177.75	61.4	66	86.8
307	84.17	24.38	67	77.26
308	149.76	31.07	68	85.01
309	124.13	198.09	66	101.01
310	48.77	135.47	66	62.31
311	98.35	73.34	66	26.71
312	47.43	40.69	66	79.25
Drivers: 18
id	x	y	end	sensitivity
1001	115.11	87.14	66	1.34
1002	19.03	97.63	65	1.23
1003	78.75	113.28	69	1.07
1004	150.94	39.35	67	1.59
1005	7.19	152.39	65	0.99
1006	51.32	100.52	68	0.85
1007	32.24	119.7	66	0.99
1008	18.81	148.08	65	1.4
1009	118.72	38.03	65	0.7
1010	31.63	64.84	67	1.64
1011	85.06	150.35	66	0.96
1012	152.83	110.02	66	0.53
1013	120.87	182.74	65	0.97
1014	87.55	113.99	68	1.79
1015	169.07	30.4	66	0.92
1016	157.73	22.01	66	0.8
1017	194.1	76.98	66	1.32
1018	105.22	107.86	68	1.03
Period: 66
Tasks:4
id	x	y	end	c
313	160.47	89.91	68	61.31
314	80.11	185.43	69	87.71
315	177.13	151.29	70	92.63
316	180.88	28.94	68	107.66
Drivers: 17
id	x	y	end	sensitivity
1019	133.14	19.46	66	1.66
1020	86.03	165.37	67	1.01
1021	19.41	139.49	66	0.7
1022	174.1	191.13	66	0.93
1023	15.65	140.52	67	1.66
1024	42.59	60.47	67	1.8
1025	163.22	43.84	68	1.67
1026	75.15	160.97	67	1.05
1027	36.05	9.95	67	0.71
1028	120.83	71.6	66	1.05
1029	19	123.48	67	1.5
1030	82.06	44.66	67	1.39
1031	34.54	150.52	69	1.18
1032	95.89	132.19	66	1.92
1033	110.4	176.15	66	1.95
1034	66.73	6.44	68	1.66
1035	122.87	14.63	68	0.71
Period: 67
Tasks:5
id	x	y	end	c
317	159.69	184.77	70	103.68
318	93.1	59.77	68	40.82
319	175.91	52.03	68	89.8
320	92.99	90.76	70	11.6
321	129.8	118.38	68	35.01
Drivers: 17
id	x	y	end	sensitivity
1036	89.9	107.62	69	1.8
1037	110.63	183.87	68	1.33
1038	128.1	150.72	68	0.59
1039	100.58	185.31	67	0.85
1040	167.82	188.98	67	1.83
1041	96.79	128.27	67	1.19
1042	47.32	82.63	67	1.11
1043	29.21	75.42	68	0.6
1044	56.88	35.83	68	1.93
1045	193.23	114.49	67	1.35
1046	12.74	162.05	68	1.93
1047	141.96	167.59	69	1.91
1048	178.83	75.07	67	0.7
1049	104.76	49.11	68	1.79
1050	170.53	170.86	67	1.7
1051	63.59	29.48	68	1.96
1052	28.05	129.82	69	1.79
Period: 68
Tasks:3
id	x	y	end	c
322	38.34	9.34	71	109.64
323	44.56	47.77	72	76.17
324	149.36	47.96	71	71.73
Drivers: 17
id	x	y	end	sensitivity
1053	174.39	26.34	68	1.67
1054	179.87	20.39	68	0.51
1055	81.11	16.26	69	1.54
1056	33.69	56.37	68	1.98
1057	138.62	37.59	68	0.89
1058	98.57	43.7	69	1.31
1059	62.94	173.33	70	0.77
1060	36	13	68	0.83
1061	175.98	27.09	68	1.24
1062	131.46	146.89	69	1.71
1063	9.01	134.55	69	0.73
1064	27.28	56.31	69	1.55
1065	89.88	89.72	68	1.51
1066	39.9	17.04	68	0.89
1067	120.65	89.33	68	1.54
1068	55.21	39.21	68	0.5
1069	55.65	147	70	1.52
Period: 69
Tasks:4
id	x	y	end	c
325	178.42	90.02	72	79.05
326	173.64	100.15	73	73.64
327	41.64	118.35	71	61.18
328	199.27	164.5	70	118.38
Drivers: 15
id	x	y	end	sensitivity
1070	197.28	147.82	71	1.51
1071	183.57	101.32	70	1.86
1072	53.73	11.91	70	1.8
1073	41.6	158.55	70	0.61
1074	144.18	119.45	69	1.82
1075	174.15	167.22	69	0.85
1076	180.35	192.2	70	0.54
1077	175.74	122.95	70	0.65
1078	104.3	192.88	69	0.83
1079	46.88	152.53	69	1.22
1080	76.53	96.09	69	1.91
1081	195.3	109.47	72	0.59
1082	197.35	81.36	70	0.83
1083	17.86	89.27	72	1.67
1084	39.27	197.13	69	1.17
Period: 70
Tasks:3
id	x	y	end	c
329	10.34	176.79	73	118.05
330	199.84	67.93	72	104.86
331	2.54	99.29	71	97.46
Drivers: 13
id	x	y	end	sensitivity
1085	197.76	67.74	71	1.89
1086	195.2	101.69	71	1.75
1087	83.03	49.7	70	1.38
1088	3.62	129.91	70	1.87
1089	84.63	7.05	70	1.9
1090	179.22	120.4	70	1.31
1091	73.48	135.43	72	1.27
1092	162.26	23.8	72	0.69
1093	134.78	7.31	71	0.9
1094	27.92	195.65	70	1.54
1095	199.93	133.56	71	1.57
1096	13.47	45.46	72	1.01
1097	138.82	34.08	72	0.6
Period: 71
Tasks:3
id	x	y	end	c
332	149.5	86.23	75	51.38
333	96.71	84.93	73	15.42
334	48.41	192.8	73	106.18
Drivers: 16
id	x	y	end	sensitivity
1098	49.91	135.12	73	1.49
1099	75.9	107.87	72	0.99
1100	178.92	87.01	71	1.64
1101	118.87	52.29	72	0.53
1102	153.75	24.96	71	1.23
1103	103.01	107.5	71	0.93
1104	114.75	15.12	72	1.81
1105	74.06	98.08	74	1.43
1106	68.19	154.65	71	1.92
1107	28.85	126.28	71	0.63
1108	121.24	31.52	71	0.89
1109	60.78	129.23	71	1.17
1110	10.21	43.87	72	1.53
1111	85.19	22.03	74	0.89
1112	17.48	18.44	73	1.81
1113	18.23	175.77	71	1.89
Period: 72
Tasks:4
id	x	y	end	c
335	119.81	141.24	76	45.75
336	108.71	154.97	74	55.66
337	71.67	123.84	74	37.03
338	64.53	131.78	73	47.62
Drivers: 12
id	x	y	end	sensitivity
1114	138.67	122.57	72	1.52
1115	75.6	42.15	72	1.29
1116	93.3	80.58	72	1.62
1117	57.51	63.4	75	1.28
1118	41.7	57.54	72	0.92
1119	126.58	124.99	74	0.78
1120	49.65	135.01	73	1.98
1121	197.44	195.2	74	0.83
1122	57.33	40.37	73	1.65
1123	69.91	119.51	72	0.83
1124	117	130.97	73	0.95
1125	148.92	132.78	72	1
Period: 73
Tasks:5
id	x	y	end	c
339	84.88	78.73	74	26.1
340	138.28	10.3	74	97.53
341	7.75	151.77	74	105.78
342	80.59	43.42	81	59.82
343	64.47	123.02	73	42.34
Drivers: 18
id	x	y	end	sensitivity
1126	7.5	96.02	73	1.83
1127	45.07	27.87	75	0.97
1128	73.16	69.77	73	0.78
1129	89.45	122.91	74	1.41
1130	120.25	109.89	77	1.64
1131	43.55	54.59	73	0.52
1132	74.92	50.57	73	0.84
1133	123.1	87.12	74	1.4
1134	73.71	65.51	74	1.96
1135	129.66	154.48	74	0.72
1136	8.63	0.62	73	0.68
1137	165	84.85	73	1.44
1138	164.11	198.24	73	1.28
1139	61.25	55.89	73	1.17
1140	122.5	104.61	73	1
1141	180.75	28.01	75	0.92
1142	29.86	72.12	77	0.91
1143	156.71	160.71	73	1.15
Period: 74
Tasks:6
id	x	y	end	c
344	132.74	20.93	76	85.58
345	152.13	41.31	77	78.5
346	194.14	134.03	76	100.1
347	83.09	159.74	74	62.09
348	159.52	0.66	74	115.81
349	70.45	33.38	78	72.88
Drivers: 17
id	x	y	end	sensitivity
1144	146.87	111.5	74	0.6
1145	17.44	107.83	77	0.58
1146	15.92	115.77	77	0.96
1147	148.31	120.61	76	1.44
1148	177.64	42.66	75	0.7
1149	29.35	48.18	75	1.46
1150	130.81	116.4	75	0.69
1151	88.83	146.24	74	1.19
1152	134.54	54.06	75	1.31
1153	197.11	187.42	77	0.79
1154	85.5	3.16	74	1.46
1155	78.96	111.5	75	1.72
1156	111.41	3.67	75	1.79
1157	112.11	35.11	76	1.79
1158	34.42	161.94	75	1.89
1159	64.97	91.93	77	1.81
1160	99.8	193.69	74	1.39
Period: 75
Tasks:5
id	x	y	end	c
350	149.29	148.46	78	69.12
351	25.94	20.96	77	108.32
352	121.91	44.14	76	60
353	81.21	113.17	77	22.95
354	3.57	78.69	78	98.76
Drivers: 8
id	x	y	end	sensitivity
1161	153.76	164.02	75	0.7
1162	61.47	21.64	75	1.99
1163	124.18	183.28	75	1.89
1164	69.83	36.75	75	1.9
1165	79.63	10.83	77	0.99
1166	178.73	30.51	75	1.4
1167	56.67	193.4	75	1.68
1168	130.93	45.94	76	0.71
Period: 76
Tasks:5
id	x	y	end	c
355	191.28	123.67	79	94.3
356	193.34	110.98	77	93.98
357	177.01	120.03	78	79.57
358	153.31	28.04	77	89.56
359	84.34	151.07	79	53.42
Drivers: 15
id	x	y	end	sensitivity
1169	85.02	115.48	77	0.85
1170	159.3	133.87	76	1.13
1171	17.85	42.03	76	1.72
1172	2.56	60.27	77	1.73
1173	96.26	177.04	76	1.2
1174	132.48	3.67	76	0.53
1175	146.87	8.74	76	1.56
1176	48.52	178.9	78	0.9
1177	26.53	196.94	76	0.61
1178	195.88	68.1	76	1.14
1179	109.2	8.82	77	0.55
1180	103.87	24.66	77	1.15
1181	38.59	127.21	76	1.28
1182	55.77	81.48	79	1.34
1183	79.84	66.31	76	1.42
Period: 77
Tasks:3
id	x	y	end	c
360	159.58	4.06	82	112.93
361	59.84	143.3	80	59.06
362	166.07	164.01	78	91.99
Drivers: 16
id	x	y	end	sensitivity
1184	45.88	118.29	78	0.68
1185	33.12	144.88	77	1.06
1186	156.9	63.33	80	1.68
1187	147.3	68.87	78	1.36
1188	86.71	29.41	77	0.92
1189	18.16	47.44	77	1.18
1190	172.4	32.06	79	0.54
1191	66.82	85.75	77	1.29
1192	98.24	194.42	77	1.86
1193	117.01	13.86	77	1.44
1194	35.94	94.06	77	1.04
1195	182.67	85.59	78	0.89
1196	140.38	113.24	78	0.92
1197	1.06	197.56	79	1.1
1198	132.51	186.45	78	1.08
1199	134.91	119.94	79	0.85
Period: 78
Tasks:2
id	x	y	end	c
363	128.46	126.33	78	38.77
364	171.84	44.88	80	90.55
Drivers: 20
id	x	y	end	sensitivity
1200	110.42	144.57	81	1.76
1201	118.01	197.84	78	1.14
1202	40.87	120.54	78	1.51
1203	197.56	14.52	78	1.35
1204	23.7	18.28	78	1.51
1205	121.92	157.52	78	0.67
1206	21.48	74.43	79	1.99
1207	139.72	190.78	80	0.74
1208	156.62	29.61	82	1.34
1209	15.29	137.65	79	1.5
1210	144.54	77.89	79	1.46
1211	81.36	53.43	79	0.69
1212	119.39	144.72	79	1.74
1213	17.99	3	81	1.94
1214	68.87	158.28	78	1.17
1215	189.78	42.89	80	1.02
1216	189.29	162.19	80	1.65
1217	97.64	4.88	79	0.64
1218	179.79	171.89	80	1.21
1219	115.53	119.19	79	1.13
Period: 79
Tasks:7
id	x	y	end	c
365	173.34	86.39	82	74.59
366	143.42	198.85	81	107.97
367	142.36	194.75	79	103.79
368	93.97	31.4	83	68.86
369	153.66	61.17	83	66.24
370	124.34	187.4	81	90.73
371	155.45	133.94	80	65.01
Drivers: 14
id	x	y	end	sensitivity
1220	67.41	17.14	80	1.62
1221	158.95	190.16	80	0.88
1222	105.92	104.7	80	1.43
1223	183.12	155.56	82	1.62
1224	64.77	141.79	81	1.82
1225	98.93	155.19	81	0.82
1226	95.08	135.45	81	1.35
1227	109.5	162.61	81	1.24
1228	94.98	2.32	79	1.27
1229	125.12	92.22	82	0.81
1230	124.12	59.59	80	1.64
1231	135.58	32.36	80	1.27
1232	13.47	123.65	80	1.59
1233	124	70.82	79	0.76
Period: 80
Tasks:8
id	x	y	end	c
372	0.86	198.39	82	139.68
373	52.91	74.22	80	53.68
374	128.29	158.73	83	65.19
375	183.12	52.16	82	95.9
376	87.4	122.54	81	25.82
377	58.47	44.51	81	69.31
378	39.67	194.03	83	111.72
379	7.99	186.29	82	126.14
Drivers: 12
id	x	y	end	sensitivity
1234	59.93	52.04	80	1.02
1235	49.22	150.91	81	1.3
1236	97.08	186.25	81	1.34
1237	139.76	23	81	1.14
1238	117.02	165.85	82	0.66
1239	44.31	71.65	83	1.48
1240	7.54	170.01	81	0.6
1241	154.93	182.21	81	0.62
1242	46.71	92.39	80	1.33
1243	102.68	103.21	81	1.16
1244	77.2	34.13	81	0.53
1245	115.69	38.78	82	1.24
Period: 81
Tasks:5
id	x	y	end	c
380	74.83	7.08	84	96.27
381	164.34	140.57	84	76.06
382	145.68	104.51	81	45.9
383	35.21	120.57	84	67.98
384	100.68	9.18	82	90.82
Drivers: 13
id	x	y	end	sensitivity
1246	156.88	185.57	83	0.81
1247	73.7	80.19	82	0.5
1248	44.48	76.71	81	1.21
1249	168.81	48.18	82	0.57
1250	199.09	137.57	81	1.65
1251	57.86	62.15	82	1.48
1252	19.17	116.84	81	1.19
1253	5.8	136.2	81	1.06
1254	170.95	128.4	84	0.62
1255	136.33	93.81	84	1.82
1256	23.93	21.63	83	1.96
1257	40.71	30.69	82	1.66
1258	1.41	23.83	81	0.95
Period: 82
Tasks:5
id	x	y	end	c
385	74.63	166.44	83	71.12
386	20.7	173.09	83	107.85
387	60.49	1.32	83	106.3
388	5.75	54.25	83	104.77
389	32.9	89.95	86	67.85
Drivers: 16
id	x	y	end	sensitivity
1259	47.3	36.95	82	0.8
1260	159.05	82.54	83	1.52
1261	80.5	106.39	82	1.99
1262	156.8	158.31	82	1.81
1263	79.86	86.09	82	1.95
1264	155.01	190.91	85	1.1
1265	34.22	4.57	82	0.52
1266	127.39	175.08	83	1.08
1267	1.03	54.47	84	1.68
1268	181.85	183.24	82	1.33
1269	129.09	79.25	82	1.3
1270	150.65	89.03	84	0.7
1271	157.52	192.67	83	1.14
1272	197.34	165.73	83	1.12
1273	151.61	138.29	83	0.87
1274	122.27	136.96	83	0.83
Period: 83
Tasks:6
id	x	y	end	c
390	160.87	9.73	85	108.88
391	53.15	198.01	87	108.63
392	154.5	143.85	85	69.95
393	63.28	165.62	83	75.2
394	154.44	63.56	87	65.51
395	158.34	69.61	84	65.78
Drivers: 13
id	x	y	end	sensitivity
1275	152.24	106.03	83	0.56
1276	30.37	61.87	85	1.25
1277	123.26	79.55	84	1.82
1278	91.16	190.37	84	1.67
1279	168.12	3.58	85	1.01
1280	83.09	159.98	83	0.98
1281	138.95	168.68	84	1.7
1282	26.43	171.78	86	1.71
1283	31.96	174.01	84	1.48
1284	190.04	121.95	85	0.82
1285	79.6	38.76	83	1.04
1286	122.22	180.29	83	0.55
1287	139.89	6.34	84	1.83
Period: 84
Tasks:5
id	x	y	end	c
396	111.28	153.36	86	54.54
397	115.79	85.49	87	21.44
398	28.84	69.02	85	77.61
399	50.43	131.27	87	58.61
400	181.63	160.65	87	101.7
Drivers: 16
id	x	y	end	sensitivity
1288	138.56	199.01	84	1.56
1289	74.67	91.63	84	1.1
1290	197.33	127.25	84	1.52
1291	79.08	114.05	84	1.26
1292	66.52	122.78	86	1.95
1293	124.36	124.31	85	0.8
1294	87.25	47.1	85	1.18
1295	151.77	67.94	86	0.62
1296	94.43	194.09	87	0.66
1297	144.86	125.05	85	1.7
1298	7.66	119.96	86	1.77
1299	12.9	136.33	85	1.28
1300	61.72	89.18	87	1.66
1301	160.91	174.95	85	0.64
1302	32.59	119.44	84	1.89
1303	64.87	182.75	84	1.22
Period: 85
Tasks:14
id	x	y	end	c
401	58.13	120.4	88	46.58
402	60.81	92.93	87	39.82
403	135.94	17.02	89	90.43
404	194.46	199.18	88	136.96
405	170.2	1.24	86	121.17
406	192.19	28.52	86	116.65
407	164.12	139.01	88	75.05
408	168.68	188.64	87	112.13
409	20.9	175.84	85	109.58
410	54.25	180.2	91	92.33
411	103.55	160.88	89	60.98
412	94.38	10.67	86	89.51
413	123.89	51.56	88	54.01
414	50.88	73.09	87	56.01
Drivers: 18
id	x	y	end	sensitivity
1304	188.29	188.08	86	1
1305	25.61	35.07	86	1.24
1306	166.01	110.39	85	1.39
1307	51.73	183.52	88	0.95
1308	147.6	130.94	86	1.22
1309	141.45	17.04	85	1.3
1310	155.73	20.29	86	1.45
1311	129.83	186.98	85	0.8
1312	117.13	179.75	86	1.03
1313	55.12	138.43	87	1.24
1314	121.32	6.96	86	1.84
1315	190.08	38.6	86	0.74
1316	163.4	198.62	85	1.16
1317	195.83	20.49	86	0.96
1318	56.41	97.15	85	0.66
1319	166.96	60.46	86	1.67
1320	110.53	150.01	85	1.97
1321	95.14	41.56	88	0.78
Period: 86
Tasks:5
id	x	y	end	c
415	86.78	155.81	87	57.35
416	177.36	107.65	88	77.74
417	126.55	166.95	89	72.02
418	57.62	65.95	90	54.36
419	2.21	62.53	88	104.72
Drivers: 15
id	x	y	end	sensitivity
1322	135.51	44.93	86	1.43
1323	136.9	65.95	86	0.8
1324	185.81	48.9	86	1.23
1325	172.85	74.22	86	0.96
1326	197.94	40.75	86	1.04
1327	28.88	156.4	86	1.95
1328	163.96	56.52	86	1.2
1329	92.5	162.67	86	0.8
1330	32.69	10.24	88	1.8
1331	187.1	120.92	88	1.74
1332	7.63	178.68	87	0.88
1333	38.48	110.97	87	1.52
1334	43.24	60.33	86	1.19
1335	129.08	179.31	86	1.95
1336	117.64	37.89	87	1.41
Period: 87
Tasks:2
id	x	y	end	c
420	110.13	5.25	91	95.29
421	63.9	8.55	89	98.32
Drivers: 17
id	x	y	end	sensitivity
1337	165.3	173.74	88	1.66
1338	90.72	7.92	90	0.76
1339	144.71	157.16	87	1.48
1340	6.7	5.94	88	1.15
1341	117.31	55.79	87	1.74
1342	41.9	113.94	87	1.96
1343	188.95	78.02	88	1.4
1344	4.41	56.21	89	1.01
1345	163.93	71.58	88	1.64
1346	23.32	191.14	87	1.21
1347	126.72	132.15	88	1.87
1348	43.28	34.43	87	0.55
1349	91.77	199.32	89	0.72
1350	116.38	47.66	88	1.32
1351	80.93	113.96	87	0.65
1352	160.15	73.9	87	0.96
1353	142.92	195.11	90	1.47
Period: 88
Tasks:7
id	x	y	end	c
422	81.17	19.38	90	82.79
423	57.16	179.97	90	90.72
424	136.39	152.81	88	64.13
425	163.59	68.41	90	71
426	78.89	94.03	90	21.94
427	29.73	79.77	89	73.12
428	34.87	182.96	93	105.47
Drivers: 18
id	x	y	end	sensitivity
1354	36.8	10.85	90	0.72
1355	0.03	49.99	90	1.24
1356	186.11	103.64	89	1.75
1357	43.71	144.45	90	0.51
1358	172.68	13.76	88	1.14
1359	51.4	77.15	88	0.71
1360	122.66	8.24	88	0.87
1361	168.87	82.54	89	1.06
1362	1.42	26.95	88	1.92
1363	9.83	98.45	89	1.05
1364	45.29	120.58	91	1.34
1365	185.05	139.55	90	1
1366	59.62	136.01	88	0.73
1367	169.23	27.32	91	0.61
1368	11.39	106.96	89	1.72
1369	82.43	154.34	89	0.59
1370	72.93	190.38	90	1.67
1371	30.04	0.36	89	0.68
Period: 89
Tasks:3
id	x	y	end	c
429	94.18	141.77	90	42.17
430	161.89	16.13	95	104.23
431	118.25	93.16	92	19.49
Drivers: 13
id	x	y	end	sensitivity
1372	149.23	174.95	91	0.9
1373	133.63	91.93	91	1.19
1374	138.73	149.98	90	1.34
1375	67.05	162.86	90	0.83
1376	183.64	118.4	90	0.67
1377	21.19	190.67	90	0.98
1378	107.93	32.97	89	1.26
1379	86.54	155.01	90	0.74
1380	165.87	7.88	89	1.17
1381	137.1	109.71	90	1.99
1382	33.66	87.55	90	0.7
1383	141.56	62.48	93	1.49
1384	69.7	196.3	92	0.76
Period: 90
Tasks:10
id	x	y	end	c
432	111.29	29.89	93	71.01
433	163.64	129.97	94	70.34
434	175.53	185.01	92	113.72
435	158.4	191.28	92	108.36
436	26.73	2.96	90	121.59
437	62.42	163	91	73.36
438	194.74	72.13	91	98.75
439	105.27	78.89	92	21.76
440	18.04	134.3	94	88.85
441	21.78	24.95	90	108.4
Drivers: 15
id	x	y	end	sensitivity
1385	66.25	142.42	90	0.94
1386	74.46	166.34	91	0.83
1387	110.57	111.6	90	0.63
1388	178.45	156.39	90	0.54
1389	2.79	6.11	90	0.53
1390	122.51	107.81	93	1.36
1391	89.69	161.87	91	1.42
1392	189.51	32.92	92	1.31
1393	24	117.24	92	1.18
1394	110.54	0.76	90	1.54
1395	135.54	86.24	91	0.54
1396	11.36	34	92	0.88
1397	69.86	33.25	91	1.39
1398	179.59	179.82	91	1.64
1399	43.84	1.19	91	0.66
Period: 91
Tasks:6
id	x	y	end	c
442	57.58	87.3	94	44.28
443	135.49	69.82	94	46.59
444	144.35	90.91	92	45.27
445	69.97	6.02	93	98.66
446	158.16	2.82	95	113.25
447	96.23	126.19	94	26.46
Drivers: 15
id	x	y	end	sensitivity
1400	145.47	10.85	93	1.11
1401	190.4	30.97	92	0.56
1402	36.21	158.09	91	1.09
1403	181.82	85.08	91	0.77
1404	185.99	116.8	91	0.82
1405	29.93	16.83	91	0.89
1406	86.42	52.75	92	0.58
1407	56.04	174.62	93	0.75
1408	55.07	73.91	93	1.26
1409	114.85	165.16	92	1.5
1410	18.19	67.62	91	1.23
1411	157.55	86.42	92	1.57
1412	87.68	59.97	95	1.38
1413	98.98	47.78	92	1.37
1414	0.45	129.38	92	0.9
Period: 92
Tasks:7
id	x	y	end	c
448	176.42	72.45	92	81.23
449	50.82	95.57	93	49.38
450	11.05	159.28	93	106.89
451	108.92	65.38	93	35.75
452	192.44	148.06	94	104.19
453	182.3	29.75	95	108.21
454	130.33	143.17	96	52.76
Drivers: 18
id	x	y	end	sensitivity
1415	46.78	70.72	94	1.64
1416	104.43	122.37	92	1.24
1417	8.08	108.91	92	1.81
1418	75	136.94	93	0.71
1419	172.65	44.93	92	0.55
1420	124.2	100.18	92	1.83
1421	169.69	128.53	93	1.16
1422	184.72	62.51	93	1.78
1423	16.92	164.71	93	1.33
1424	141.54	38.74	94	1.47
1425	50.11	42.36	93	1.07
1426	40.79	20.19	92	1.96
1427	143.09	75.84	92	1.38
1428	119.68	168.94	92	0.99
1429	24.21	116.26	93	1.13
1430	30.37	150.14	92	1.79
1431	182.47	149.97	92	1.02
1432	171.91	125.03	92	1.62
Period: 93
Tasks:7
id	x	y	end	c
455	111.87	170.28	97	71.28
456	52.87	107.58	98	47.74
457	100.78	154.23	95	54.24
458	113.97	33.3	94	68.15
459	71.06	41.52	98	65.25
460	56.41	187.35	97	97.62
461	11.8	44.68	94	104.11
Drivers: 16
id	x	y	end	sensitivity
1433	8.17	92.9	94	0.6
1434	33.78	176.02	94	1.08
1435	192.08	98.13	94	0.95
1436	146.55	178.69	93	1.54
1437	196.15	104.09	93	1.94
1438	70.61	94.23	93	0.64
1439	198.76	195.04	94	0.55
1440	65.65	20.66	93	1.04
1441	96.28	67.82	93	1.83
1442	87.54	99.85	94	1.42
1443	192.24	165.53	93	0.59
1444	30.95	113.38	95	0.54
1445	28.93	192.37	94	1.54
1446	158.02	141.14	93	1.87
1447	84.74	123.83	95	0.94
1448	199.16	127.89	94	0.6
Period: 94
Tasks:6
id	x	y	end	c
462	5.91	74.94	95	97.37
463	81.64	177.77	95	79.91
464	89.94	111.02	95	14.92
465	189.43	150.13	94	102.52
466	190.75	55.98	94	100.86
467	49.78	40.22	96	78.07
Drivers: 16
id	x	y	end	sensitivity
1449	111.31	65.08	94	1.48
1450	107.55	192.63	96	1.9
1451	115.77	195.17	95	1.71
1452	198.57	45.02	94	0.6
1453	40.16	141.47	94	1.81
1454	182.6	36.86	96	0.71
1455	46.21	110.93	95	1.27
1456	171.09	64.31	96	0.67
1457	82.41	122.07	95	1.02
1458	125.75	26.68	94	1.73
1459	195.08	130.57	96	1.85
1460	37.85	87.78	95	1.32
1461	110.94	165.59	95	1.44
1462	184.11	144.39	96	1.86
1463	123.59	93.51	95	1.75
1464	15.92	178.1	95	0.87
Period: 95
Tasks:4
id	x	y	end	c
468	108.19	172.37	98	72.83
469	109.27	146.27	96	47.19
470	50.71	142.22	96	64.9
471	192.29	66.7	98	98.11
Drivers: 16
id	x	y	end	sensitivity
1465	94.74	99.91	95	1.93
1466	190.63	47.79	98	1.05
1467	58.77	155.8	95	1.72
1468	191.23	13.43	97	0.7
1469	40.04	31.34	95	1.05
1470	32.07	75.74	97	1.81
1471	91.74	166.29	97	1.18
1472	101.42	133.39	95	1.55
1473	68.35	109.07	95	1.89
1474	145.52	166.04	96	1.75
1475	183.24	75.04	98	1.12
1476	130.37	113.61	95	0.53
1477	55.33	160.62	97	1.45
1478	80.47	84.54	97	1.24
1479	178.23	97.35	95	1.73
1480	85.95	144.72	95	1.86
Period: 96
Tasks:4
id	x	y	end	c
472	19.21	159.58	98	100.38
473	140.32	103.62	100	40.48
474	88.84	12.41	96	88.3
475	2.44	0.69	97	139.21
Drivers: 13
id	x	y	end	sensitivity
1481	71.78	5.78	97	0.7
1482	41.61	158.93	98	1.19
1483	101.67	199.08	98	0.66
1484	172.28	33.39	96	1.01
1485	26.35	66.38	97	1.05
1486	189.65	195.91	96	1.88
1487	65.85	10.39	96	1.22
1488	135.1	145.8	96	1.2
1489	113.09	0.64	96	1.07
1490	1.14	163.4	97	1.83
1491	199.94	101.67	96	1.75
1492	146.01	16.46	96	1.92
1493	185.33	99.1	98	1.06
Period: 97
Tasks:6
id	x	y	end	c
476	85.69	98.36	100	14.4
477	192.76	16.59	101	124.75
478	187.66	35.47	98	108.85
479	195.3	93.9	97	95.5
480	88.53	52.99	98	48.39
481	182.28	129.69	99	87.47
Drivers: 19
id	x	y	end	sensitivity
1494	116.27	122.92	98	1.52
1495	63.66	43.5	98	1.23
1496	50.82	12	100	1.43
1497	57.09	67.96	98	1.68
1498	146.88	66.1	98	0.85
1499	94.03	31.42	99	0.84
1500	94.63	30.28	100	1.37
1501	19.57	149.65	99	1.4
1502	149.5	147.83	97	1.18
1503	35.49	18.41	97	1.37
1504	47.15	60.52	97	1.33
1505	34.44	129.14	98	1.29
1506	75.01	52.49	99	1.34
1507	106.55	73.78	97	1.6
1508	16.66	123.44	97	1.94
1509	181.23	102.23	97	1.77
1510	35.3	126.22	98	1.22
1511	60.33	138.8	97	1.04
1512	43.78	25.24	98	0.51
Period: 98
Tasks:7
id	x	y	end	c
482	36.43	33.75	100	91.82
483	109.93	41.46	100	59.38
484	96.97	177.25	99	77.31
485	19.39	170.51	100	107.1
486	165.92	145.9	98	80.33
487	12.43	36.96	100	107.9
488	46.76	63.44	99	64.58
Drivers: 14
id	x	y	end	sensitivity
1513	65.26	67.64	100	1.21
1514	54.62	178.06	98	1.31
1515	56.13	91.17	100	1.75
1516	123.23	104.95	99	1.39
1517	138.67	23.35	99	1.53
1518	96.74	47.2	100	0.74
1519	115.19	5.38	99	1.69
1520	140.7	181.38	99	1.51
1521	3.62	107.4	98	0.65
1522	132.49	174.34	99	1.3
1523	88.41	58	98	0.87
1524	127.75	45.7	99	1.21
1525	8.64	155.78	99	0.76
1526	64.13	39.12	98	1.14
Period: 99
Tasks:10
id	x	y	end	c
489	81.32	136.47	102	40.98
490	14.73	47.04	100	100.38
491	91.74	192.88	100	93.25
492	181.97	67.95	101	88.01
493	2.7	93.54	100	97.51
494	33.75	76.98	100	70.14
495	154.68	195.5	101	110.05
496	153.59	181.14	101	97.24
497	166.48	182.6	103	106.03
498	92.35	22.8	101	77.58
Drivers: 17
id	x	y	end	sensitivity
1527	88.08	171.65	99	1.37
1528	180.94	188.73	101	1.02
1529	98.09	67.74	100	0.66
1530	4.26	66.76	100	1.35
1531	156.3	75.35	99	1.06
1532	182.74	13.08	101	0.57
1533	117.2	64.32	101	0.83
1534	1.35	189.87	100	0.96
1535	79.8	149.29	100	1.16
1536	193.37	138.32	99	1.19
1537	157.54	62.33	99	1.01
1538	175.66	179.06	100	1.68
1539	64.77	125.03	100	0.69
1540	95.55	24.75	99	0.79
1541	124.05	154.52	100	1.51
1542	81.91	116.14	99	1.3
1543	122.4	188.31	99	1.77
Period: 100
Tasks:8
id	x	y	end	c
499	182.73	193.04	104	124.5
500	198.07	170.35	102	120.69
501	113.51	185.23	102	86.29
502	70.67	125.7	101	39
503	195.93	108.5	102	96.31
504	154.58	139.33	102	67.27
505	126.37	148.11	102	54.86
506	159.6	85.01	102	61.46
Drivers: 18
id	x	y	end	sensitivity
1544	162.56	52.37	102	0.9
1545	0.45	117.02	102	0.55
1546	144.18	6.88	100	0.77
1547	199.72	156.43	101	0.52
1548	166.77	19.58	102	1
1549	9.62	128.56	106	0.54
1550	4.12	29.93	100	1.66
1551	1.97	132.5	100	1.93
1552	199.34	169.5	102	0.74
1553	146.48	56.12	100	1.82
1554	57.33	178.94	100	1.86
1555	21.33	152.66	100	1.69
1556	132.31	93.83	101	1.53
1557	115.43	188.04	101	0.96
1558	180.46	88.51	100	1.97
1559	93.04	157.15	100	1.02
1560	187.97	22.27	100	1.51
1561	133.63	150.7	101	1.96
