Periods: 100
Task Arrival Rate: 10
Task Average Time: 2
Driver Arrival Rate: 10
Driver Average Time: 2
Period: 1
Tasks:9
id	x	y	end	c
1	50.45	171.58	1	87.06
2	145.26	124.77	4	51.59
3	182.64	143.03	2	93.17
4	159.72	195.66	3	112.77
5	186.84	188.24	2	123.8
6	163.93	15.46	3	105.99
7	0.91	65.93	4	104.78
8	49.44	109.96	3	51.53
9	150.81	9.01	3	104.22
Drivers: 12
id	x	y	end	sensitivity
1	160.81	39.73	5	1.54
2	1.22	79.12	5	1.2
3	6.52	156.59	3	1.31
4	15.87	91.58	4	0.95
5	154.85	143.99	2	1.36
6	5.15	40.91	3	1.1
7	153.58	61.93	1	1.29
8	20.61	138.1	1	0.54
9	76.46	104.53	5	1.23
10	66.08	50.23	2	1.68
11	93.92	33.25	4	1.1
12	79.79	98.64	4	0.66
Period: 2
Tasks:10
id	x	y	end	c
10	169.89	142.92	5	82.02
11	185.38	122.44	5	88.28
12	79.89	66.09	5	39.42
13	147.84	95.73	4	48.03
14	124.01	170.44	5	74.42
15	100.71	84.72	4	15.3
16	197.49	123.06	2	100.18
17	133.11	150	3	59.97
18	92.5	91.03	3	11.69
19	21.45	183.39	4	114.56
Drivers: 7
id	x	y	end	sensitivity
13	40.6	41.32	3	0.56
14	177.91	100.4	2	1.25
15	11.54	159.79	3	1.76
16	20.27	12.37	3	0.68
17	190.55	72.72	4	0.51
18	20.82	56.42	4	1.23
19	194.55	3.78	2	1.61
Period: 3
Tasks:7
id	x	y	end	c
20	174.77	175.19	4	106.04
21	148.46	133.25	4	58.77
22	113.46	34.96	4	66.42
23	101.05	58.07	5	41.94
24	182.56	146.92	5	94.96
25	130.85	165.65	5	72.54
26	48.49	112.78	3	53.07
Drivers: 11
id	x	y	end	sensitivity
20	136.99	149.69	8	1.39
21	27.03	87.69	4	1.43
22	26.95	1.01	7	1.31
23	136.32	45.7	4	1.43
24	26.24	138.67	3	1
25	15.3	105.7	3	1.31
26	14.49	171.75	6	1.57
27	89.37	17.87	4	0.68
28	94.9	95.61	5	0.66
29	145.24	171.65	6	0.93
30	136.68	46.04	6	1.68
Period: 4
Tasks:10
id	x	y	end	c
27	173.21	31.09	6	100.54
28	196.02	101.28	5	96.03
29	5.26	29.92	9	117.84
30	156.77	181.13	9	99.02
31	198.55	145.87	5	108.7
32	70.64	97.38	5	29.48
33	107.16	76.7	7	24.38
34	164.94	182.66	5	105.12
35	10.02	95.02	5	90.12
36	60.63	150.61	6	64.12
Drivers: 13
id	x	y	end	sensitivity
31	53.43	189.4	5	1.21
32	120.78	121.34	8	0.58
33	137.92	99.82	5	1.12
34	88.84	165.93	4	1.43
35	162.95	138.78	5	1.93
36	17.66	69.66	6	1.82
37	164.52	77.61	7	1.34
38	162.43	42.21	6	1.59
39	43.71	149.64	6	1.61
40	90.19	182.36	5	1.38
41	22.7	56.38	6	1.91
42	114.71	86.6	8	0.6
43	54.94	103.41	5	1.83
Period: 5
Tasks:7
id	x	y	end	c
37	3.99	13.73	6	129.08
38	181.14	150.14	7	95.38
39	191.04	61.05	6	99.02
40	130.32	171.26	8	77.44
41	39.83	158.7	5	84.06
42	186.6	118.92	10	88.64
43	172.53	87.14	7	73.66
Drivers: 14
id	x	y	end	sensitivity
44	86.78	194.69	7	1.65
45	170.98	151.85	6	1.19
46	186.74	178.13	5	1.68
47	100.16	100.66	7	0.86
48	196.84	62.2	8	1.93
49	187.47	185.92	5	0.81
50	133.45	49.59	6	0.93
51	193.96	132.75	7	0.51
52	53.74	51.93	5	1.75
53	50.28	32.55	6	1.56
54	117.05	5.13	5	0.59
55	49.81	57.2	7	0.66
56	16.05	114.98	7	1.79
57	102.85	106.87	7	0.71
Period: 6
Tasks:12
id	x	y	end	c
44	35.92	188.27	7	109.08
45	158.38	132.11	11	66.63
46	99.7	171.06	9	71.06
47	194.67	183.98	7	126.55
48	142.45	133.09	9	53.82
49	126.08	52.72	8	54
50	184	156.24	7	101.09
51	90.4	169.18	9	69.84
52	4.2	194.55	6	134.6
53	109.61	161.49	8	62.24
54	7.33	1.36	8	135.34
55	3.49	131.64	7	101.56
Drivers: 10
id	x	y	end	sensitivity
58	76.46	197.76	8	1.62
59	121.04	113.37	6	0.87
60	50.4	167.14	7	0.52
61	139.8	30.94	10	1.37
62	193.93	7.83	8	0.54
63	67.25	112.32	7	1.99
64	74.93	23.91	8	0.77
65	141.5	120.13	6	1.55
66	16.59	84.16	7	0.86
67	165.49	184.46	11	1.06
Period: 7
Tasks:2
id	x	y	end	c
56	177.5	21.79	8	110.1
57	86.3	32.47	11	68.91
Drivers: 11
id	x	y	end	sensitivity
68	96.01	32.75	10	1.02
69	138.59	91.46	8	1.98
70	156.68	138.77	9	1.64
71	140.38	91.62	10	1.28
72	45.7	16.96	14	1.96
73	149.53	174.9	8	1.31
74	75.27	61.89	9	0.69
75	50.15	82.67	7	0.7
76	46.81	98.44	13	0.56
77	6.02	104.18	9	0.74
78	147.67	46.82	8	1.31
Period: 8
Tasks:6
id	x	y	end	c
58	36.33	158.04	10	86.15
59	117.33	85.8	11	22.4
60	197.1	74.79	9	100.32
61	120.81	198.58	9	100.75
62	62.92	90.13	9	38.37
63	88.47	157.68	11	58.82
Drivers: 7
id	x	y	end	sensitivity
79	108.45	79.32	10	0.8
80	59.91	137.54	10	1.03
81	113.46	149.14	11	1.28
82	44.85	26.07	9	1.04
83	87.73	94.01	10	0.62
84	155.2	6.68	9	0.95
85	49.75	161.03	9	0.87
Period: 9
Tasks:11
id	x	y	end	c
64	64.35	56.68	12	56.1
65	175.45	184.95	10	113.62
66	134.38	38.65	12	70.33
67	172.71	77.69	9	76.06
68	74.19	193.62	12	97.11
69	52.42	89.28	10	48.77
70	55.23	190.81	11	101.25
71	3.44	161.16	10	114.3
72	49.46	18	10	96.32
73	94.4	16.77	11	83.42
74	37.14	72.59	10	68.58
Drivers: 9
id	x	y	end	sensitivity
86	129.31	9.33	12	1.06
87	95.49	149.93	10	0.69
88	6.54	123.92	11	0.64
89	8.21	149.41	13	1.32
90	123.44	112.68	12	0.81
91	121.82	164.16	9	0.9
92	128.74	61.69	11	1.89
93	39.64	0.15	9	1.96
94	130.82	45.24	15	0.94
Period: 10
Tasks:12
id	x	y	end	c
75	97.07	79.14	11	21.06
76	176.66	143.59	11	88.19
77	79.69	195.98	14	98.11
78	32.62	9.39	14	112.92
79	131.06	117.3	13	35.55
80	137.44	170.51	11	79.83
81	28.09	95.87	12	72.03
82	121.59	160.42	12	64.16
83	11.48	157.65	13	105.64
84	120.27	119.51	11	28.13
85	89.25	198.66	12	99.24
86	61.58	188.28	12	96.28
Drivers: 12
id	x	y	end	sensitivity
95	34.27	22.2	11	1.34
96	110.41	106.57	11	0.55
97	38.21	15.18	11	0.87
98	18.5	180.32	11	1.07
99	198.11	42.05	11	1.61
100	28.3	38.64	13	1.55
101	5.69	39.2	11	1.9
102	90.24	60.86	12	0.81
103	178.41	189.87	10	1.39
104	70.36	119.61	13	0.86
105	68.12	142.9	13	1.03
106	133.44	13.89	12	1.96
Period: 11
Tasks:3
id	x	y	end	c
87	29.2	140.08	14	81.36
88	152	184.23	13	98.99
89	61.1	79.7	12	43.88
Drivers: 16
id	x	y	end	sensitivity
107	101.23	50.81	13	1.53
108	79.7	124.16	11	1.71
109	40.81	92.74	13	0.84
110	12.9	111.81	15	1.33
111	30.51	117.91	12	1.38
112	81.62	188.76	19	1
113	51.77	115.36	14	0.67
114	198.91	125.3	16	0.81
115	7.7	103.05	14	1.79
116	9.68	11.48	11	0.85
117	168.59	76.01	13	1.05
118	71.27	109	15	0.65
119	77.88	43.07	13	1.22
120	44.23	88.45	11	1.42
121	9.6	76.49	12	0.57
122	54.19	41.78	14	1.72
Period: 12
Tasks:11
id	x	y	end	c
90	172.25	144.74	13	84.98
91	44.12	95.97	17	56.03
92	91.63	25.08	16	75.39
93	162.27	188.39	14	108.12
94	199.57	11.25	15	133.38
95	68.77	56.51	16	53.54
96	185.42	143.17	15	95.71
97	95.25	92.71	14	8.7
98	113.95	172.32	12	73.65
99	8.88	78.29	12	93.67
100	50.45	170.41	16	86.1
Drivers: 8
id	x	y	end	sensitivity
123	35.57	155.79	14	1.58
124	175.59	56.76	16	1.28
125	44.85	28.14	15	0.78
126	7.41	40.94	16	0.95
127	89.86	155.54	12	0.89
128	100.1	127.49	12	1.46
129	139.13	101.91	15	1.32
130	88.22	47.84	13	0.62
Period: 13
Tasks:9
id	x	y	end	c
101	12.63	87.06	15	88.32
102	26.3	4.54	15	120.6
103	34.89	29.16	14	96.22
104	25.52	26.81	15	104.42
105	92.44	143.65	15	44.3
106	181.51	24.65	15	111
107	86.2	30.79	17	70.57
108	180.06	93.59	16	80.32
109	76.43	81.04	15	30.25
Drivers: 6
id	x	y	end	sensitivity
131	74.25	148.03	13	1.43
132	90.19	172.48	13	1.67
133	163.94	103.32	18	1.7
134	27.7	162.55	13	1.3
135	44.92	60	19	1.19
136	131.99	64.42	15	1.89
Period: 14
Tasks:10
id	x	y	end	c
110	30.52	66.28	15	77.23
111	58.27	36.86	17	75.68
112	80.95	40.46	16	62.51
113	182.88	181.88	19	116.51
114	186.9	10.36	15	124.85
115	78.01	95.42	17	22.46
116	99.35	14.27	15	85.73
117	125.85	139.71	15	47.38
118	174.39	53.99	14	87.47
119	153.92	198.08	16	111.92
Drivers: 6
id	x	y	end	sensitivity
137	86.83	87.74	16	0.85
138	127.58	144.26	15	1.54
139	36.02	85.43	14	0.79
140	141.9	30.43	15	1.48
141	21.12	7.52	16	1.33
142	140.44	173.97	15	1.73
Period: 15
Tasks:11
id	x	y	end	c
120	97.37	100.27	18	2.64
121	4.34	171.91	18	119.67
122	9.82	102.9	18	90.23
123	26.1	18.04	18	110.36
124	113.32	196.1	18	97.02
125	44.61	152.8	16	76.52
126	75.09	120.45	15	32.23
127	13.85	104.63	17	86.27
128	154.28	32.62	19	86.52
129	46.33	30.55	17	87.77
130	136.71	131.45	16	48.34
Drivers: 13
id	x	y	end	sensitivity
143	107.68	75.58	16	1.26
144	51.49	9.62	15	1.45
145	60.11	35.97	19	1.71
146	30.25	95.4	18	0.62
147	12.11	82.17	16	0.55
148	2.94	142.02	17	0.96
149	164.3	9.52	16	1.4
150	91.77	195.3	17	1.97
151	129.51	89.84	16	1.08
152	164.7	23.8	18	0.78
153	136.05	191.07	15	1.56
154	54.79	67.69	18	1.08
155	12.77	79.07	17	1.8
Period: 16
Tasks:6
id	x	y	end	c
131	94.87	65.68	16	34.7
132	95.47	161.2	17	61.37
133	196.48	145.52	17	106.68
134	48.18	42.38	17	77.49
135	95.38	89.81	18	11.19
136	161.66	138.61	18	72.75
Drivers: 7
id	x	y	end	sensitivity
156	5.09	127.08	18	1.4
157	147.9	6.96	17	0.83
158	77.24	89.33	18	1.29
159	174.08	82.08	16	1.48
160	33.35	0.15	19	1.22
161	113.6	92.03	16	1.12
162	41.65	5.25	18	0.91
Period: 17
Tasks:8
id	x	y	end	c
137	127.06	32.16	20	73.04
138	13.35	141.56	18	96.1
139	82.26	38.58	17	63.93
140	172.93	27.09	18	103.12
141	139.1	141.8	19	57.24
142	54.75	56.95	21	62.46
143	9.3	117.37	18	92.35
144	124.83	36.54	19	68.14
Drivers: 7
id	x	y	end	sensitivity
163	170.49	99.46	23	1.9
164	5.76	110.28	18	1.02
165	54.98	48.82	19	1.04
166	23.4	144.71	19	0.59
167	124.31	123.9	19	1.18
168	58.43	19	18	0.62
169	76.59	105.51	19	1.64
Period: 18
Tasks:11
id	x	y	end	c
145	97.07	56.04	19	44.06
146	105.39	183.45	18	83.62
147	39.76	185.73	20	104.78
148	50.83	22.23	21	92.01
149	8.4	4.87	19	132.06
150	32.74	67.94	20	74.51
151	150.07	184.61	22	98.32
152	76.31	83.39	23	28.93
153	57.32	161.24	20	74.65
154	31.17	15.31	19	109.13
155	98.99	173.01	18	73.02
Drivers: 14
id	x	y	end	sensitivity
170	7.1	107.03	18	1.62
171	2.82	168.88	21	0.58
172	115.93	136.55	22	1.56
173	131.59	20.05	22	0.71
174	67.71	62.26	20	1.07
175	48.16	4.67	22	1.75
176	155.18	116.63	22	0.77
177	188.01	160.48	19	1.85
178	184.42	40.84	20	1.36
179	166.73	108.12	20	0.52
180	162.56	5.14	18	1.76
181	178.91	148.9	24	0.52
182	16.93	191.4	19	0.83
183	93.67	44.78	21	1.68
Period: 19
Tasks:9
id	x	y	end	c
156	42.17	189.86	20	106.86
157	25.29	134.88	20	82.45
158	3.26	106.11	19	96.93
159	12.56	102.37	21	87.47
160	191.18	13.02	20	126.01
161	176.57	1.46	23	124.79
162	44.54	46.46	20	77.09
163	132.97	163.34	19	71.41
164	141.51	186.1	23	95.58
Drivers: 18
id	x	y	end	sensitivity
184	53.73	11.16	21	0.61
185	4.1	135	26	1.4
186	162.12	23.41	20	1.09
187	22.35	91.98	20	0.95
188	46.08	77.72	19	1.97
189	178.97	104.04	20	1.09
190	113.82	191.89	20	1.58
191	84.44	1.85	23	1.49
192	95.99	137.55	21	0.81
193	169.95	141.83	21	1.7
194	132.14	96.43	21	1.02
195	79.48	181.79	20	0.66
196	9.02	97.42	20	1.34
197	130.67	99.95	19	1.28
198	127.57	80.86	19	1.68
199	134	90.06	21	1.88
200	185.37	6.12	20	1.96
201	196.22	192.71	21	1.88
Period: 20
Tasks:8
id	x	y	end	c
165	174.07	157.06	25	93.5
166	116.02	181.88	23	83.43
167	141.13	67.93	24	52.16
168	101.15	135.92	21	35.94
169	75.09	13.5	21	90.02
170	133.34	191.63	21	97.51
171	137.81	37.34	23	73.18
172	135.34	95.14	22	35.67
Drivers: 10
id	x	y	end	sensitivity
202	91.47	177.13	22	1.75
203	190.64	23.93	21	0.64
204	29.18	127.1	21	0.8
205	196.23	155.58	24	0.55
206	49.25	11.38	23	1.52
207	107.36	135.16	22	1.33
208	78.09	114.88	22	0.63
209	58.43	101.85	20	1.05
210	124.24	76.37	22	1.91
211	169.88	83.48	20	0.8
Period: 21
Tasks:7
id	x	y	end	c
173	31.78	191.53	24	114.16
174	175.81	158.11	23	95.52
175	192.53	17.01	24	124.29
176	152.7	46.72	22	74.94
177	102.86	102.68	26	3.92
178	1.35	130.09	23	103.14
179	184.51	60.98	21	93.08
Drivers: 7
id	x	y	end	sensitivity
212	194.17	108.92	24	0.6
213	103.12	6.23	22	0.72
214	179.8	104.4	24	1.97
215	50.44	23.35	23	1.15
216	30.98	132.52	23	1.6
217	197.03	11.48	22	1.54
218	198.38	178.23	22	1.14
Period: 22
Tasks:11
id	x	y	end	c
180	100.32	122.64	24	22.64
181	155.24	63.6	23	66.15
182	194.91	10.9	24	130.18
183	0.09	130.86	27	104.57
184	182.31	168	24	106.77
185	6.81	90.01	23	93.72
186	186.22	25.07	24	114.23
187	80.29	33.36	25	69.49
188	99.55	37.07	25	62.93
189	44.36	163.72	27	84.59
190	4.63	168.22	23	117.26
Drivers: 9
id	x	y	end	sensitivity
219	52.24	107.06	24	1.13
220	100.48	3.81	22	0.73
221	74.64	172.96	23	1.03
222	93.27	148.44	24	1.29
223	18.49	104.25	23	1.96
224	102.84	21.28	25	1.79
225	82.22	186.35	24	0.87
226	69.62	199.63	24	1.97
227	156.08	107.04	26	0.57
Period: 23
Tasks:8
id	x	y	end	c
191	140.89	128.1	25	49.61
192	157.15	169.71	25	90.14
193	160.6	48.83	28	79.31
194	92.02	24.14	26	76.28
195	131.36	14.06	24	91.48
196	4.83	180.2	25	124.46
197	167.32	184.87	23	108.33
198	138.01	89.58	24	39.41
Drivers: 8
id	x	y	end	sensitivity
228	160.17	14.09	24	0.84
229	60.55	101.58	23	0.84
230	154.03	172.54	26	1.64
231	108.79	107.1	25	0.85
232	192.96	188.14	23	0.73
233	49.41	38.17	28	1.04
234	146.93	190.15	25	1.66
235	51.5	77.77	23	0.75
Period: 24
Tasks:10
id	x	y	end	c
199	89.62	189.16	25	89.76
200	129.1	111.99	25	31.47
201	189.54	198.33	25	132.99
202	58.87	194.6	27	103.15
203	187.84	143.42	25	97.99
204	116.68	185.51	28	87.12
205	121.59	183.62	24	86.36
206	42.17	190.04	27	107.01
207	156.96	143.29	26	71.54
208	44.26	115.6	27	57.88
Drivers: 10
id	x	y	end	sensitivity
236	106.79	101.64	28	0.97
237	129.23	74.32	26	1.45
238	43.07	144.16	24	0.59
239	11.49	142.23	26	1.12
240	47.22	52.32	28	1.76
241	107.55	48.06	28	1.76
242	9.28	183.17	30	1.95
243	181.88	194.79	25	0.58
244	116.24	94.07	26	1.23
245	143.93	69.23	25	1.27
Period: 25
Tasks:11
id	x	y	end	c
209	9.35	153.78	25	105.4
210	140.58	83.86	27	43.67
211	198.88	167.25	27	119.58
212	125.44	8.69	27	94.79
213	188.57	184	27	122.07
214	87.63	192.67	26	93.49
215	183.9	61.48	26	92.32
216	158.7	71.96	27	65.05
217	46.09	117.57	28	56.7
218	79.72	123.03	26	30.69
219	26.42	51.54	28	88.1
Drivers: 10
id	x	y	end	sensitivity
246	121.43	184.48	28	1.79
247	82.47	42.75	28	1.5
248	36.61	12.33	25	1.76
249	48.56	134.08	26	1.66
250	55.3	185.29	29	0.72
251	10.95	62.68	26	1.09
252	178.43	189.49	28	1.21
253	28.62	184.6	30	1
254	178.79	113.6	29	1.41
255	55.37	31.14	26	0.61
Period: 26
Tasks:7
id	x	y	end	c
220	50.48	107.88	26	50.14
221	146.02	84.64	27	48.52
222	91.45	25.42	27	75.07
223	14.1	67.78	27	91.74
224	44.16	98.92	29	55.85
225	148.3	39.8	29	77.18
226	60.92	36.68	28	74.41
Drivers: 12
id	x	y	end	sensitivity
256	96.97	46.89	27	1.97
257	129.85	127.44	28	1.65
258	103.43	172.37	28	1.89
259	90.87	73.17	27	1.45
260	54.76	8.61	27	1.09
261	19.95	45.33	29	1
262	90.64	96.44	28	1.38
263	171.67	28.18	29	0.6
264	26.03	11.02	30	0.99
265	31.23	69.86	29	1.88
266	163	80.92	26	1.96
267	171.38	149.71	28	1.75
Period: 27
Tasks:8
id	x	y	end	c
227	34.31	118.39	27	68.22
228	199.24	71.59	31	103.23
229	57.4	176.22	33	87.32
230	85.06	191.19	30	92.41
231	127.48	93.19	32	28.31
232	182.21	159.41	28	101.43
233	161.9	34.62	29	90.03
234	137.21	160.39	28	70.93
Drivers: 10
id	x	y	end	sensitivity
268	135.07	189.78	28	1.8
269	18.99	63.6	30	0.76
270	188.18	66.75	28	0.53
271	84.34	165.33	29	0.78
272	139.72	166.74	29	1.79
273	150.68	11.09	27	1.66
274	143.92	45.8	29	0.81
275	166.45	8.41	27	1.46
276	195.13	178.23	29	1.87
277	29.59	158.35	28	1.68
Period: 28
Tasks:7
id	x	y	end	c
235	93.9	114.63	31	15.85
236	164.74	194.88	32	114.86
237	122.47	111.08	31	25.05
238	7.61	190.64	29	129.43
239	82.13	171.54	31	73.74
240	134.39	67.08	28	47.61
241	157.06	14.48	29	102.81
Drivers: 13
id	x	y	end	sensitivity
278	107.79	87.65	30	0.52
279	83.35	131.96	30	1.65
280	28.89	184.59	30	1.5
281	56.93	188.43	30	1.16
282	15.43	134.09	34	1.38
283	9.87	44.44	32	1.3
284	30.96	140.8	31	1.09
285	168.11	127.27	29	1.53
286	20.07	123.71	31	1.17
287	59.29	48.18	30	1.07
288	74.3	192.49	31	1.53
289	111.15	106.02	29	1.46
290	137.5	54.91	31	0.95
Period: 29
Tasks:8
id	x	y	end	c
242	153.55	61.28	31	66.08
243	5.08	112.21	30	95.7
244	55.88	80.76	30	48.13
245	178.57	87.58	36	79.55
246	11.81	101.01	32	88.2
247	197.88	108.19	30	98.22
248	181.86	32.7	30	105.97
249	32.01	57.49	30	80.19
Drivers: 8
id	x	y	end	sensitivity
291	46.78	31.59	29	1.8
292	26.2	141.53	30	1.08
293	7.44	85.27	32	0.85
294	23.09	3.83	31	1.11
295	90.76	125.25	31	1.38
296	56.73	135.2	30	0.63
297	167.26	150.54	30	1.63
298	128.41	41.77	30	1.41
Period: 30
Tasks:10
id	x	y	end	c
250	137.17	118.41	31	41.48
251	49.82	73.48	31	56.76
252	82.8	144.7	33	47.89
253	8.97	98.63	33	91.04
254	67.82	4.4	32	100.87
255	71.78	140.9	31	49.69
256	67.15	111.12	31	34.68
257	53.62	77.93	31	51.36
258	47.48	17.72	30	97.61
259	118.2	102.04	31	18.31
Drivers: 14
id	x	y	end	sensitivity
299	60.52	45.43	34	1.07
300	3.93	24.73	31	1.13
301	79.66	19.66	33	0.7
302	148.39	46.23	32	0.91
303	84.27	52.82	34	1.49
304	180.88	142.87	30	1.75
305	96.53	93.48	32	0.96
306	70.54	112.03	33	1.04
307	65.05	28.24	30	1.29
308	198.58	181.18	30	1.51
309	15.64	81.6	32	1.67
310	81.28	119.36	37	1.86
311	182.24	33.41	30	0.51
312	191.35	108.69	31	0.69
Period: 31
Tasks:13
id	x	y	end	c
260	42.34	119.19	32	60.77
261	158.33	114.43	34	60.09
262	136.74	85.96	34	39.33
263	114.54	142.58	35	44.99
264	24.39	2.13	34	123.67
265	85.74	103.75	32	14.74
266	45.49	189.63	33	104.9
267	133.83	188.1	35	94.37
268	94	5.02	32	95.17
269	112.04	26	33	74.97
270	129.65	116.14	32	33.76
271	130.83	53.76	33	55.58
272	59.76	148.77	33	63.23
Drivers: 6
id	x	y	end	sensitivity
313	63.09	52.34	33	0.86
314	171.2	163.86	33	0.96
315	192.75	123.91	34	0.66
316	145.79	78.72	35	1.97
317	172.93	36.14	33	1.72
318	184.45	99.06	34	1.07
Period: 32
Tasks:13
id	x	y	end	c
273	125.88	195.31	32	98.76
274	64.76	113.49	32	37.73
275	150.03	37.04	33	80.42
276	52.42	166.8	34	82.01
277	193.3	42.38	36	109.66
278	169.96	123.67	37	73.86
279	2.02	187.43	38	131.32
280	146.3	35.78	38	79.17
281	199.55	73.2	33	103.09
282	124.4	84.35	34	28.99
283	141.92	159.83	35	73.05
284	130.04	88.03	33	32.34
285	79.17	180.91	34	83.55
Drivers: 8
id	x	y	end	sensitivity
319	190.02	157.46	34	0.93
320	155.14	110.47	37	1.26
321	30.71	70.41	34	1.16
322	188.82	105.57	36	1.95
323	12.71	155.23	32	0.65
324	21.29	67.28	33	1.78
325	151.2	173.99	33	0.83
326	47.35	22.45	33	1.03
Period: 33
Tasks:7
id	x	y	end	c
286	73.59	171.63	37	76.34
287	34.9	174.77	33	99.14
288	36.89	113.5	37	64.54
289	77.11	38.16	35	65.94
290	36.56	146.92	35	78.91
291	45.85	12.99	35	102.48
292	196.33	127.12	37	100.07
Drivers: 11
id	x	y	end	sensitivity
327	130.56	159.95	36	0.91
328	135.15	6.7	33	1.09
329	28.65	95.67	33	0.64
330	175.64	138.8	38	1.37
331	144.12	18.49	37	0.71
332	37.04	58.94	35	1.96
333	12.35	84.11	34	1.42
334	110.73	105	33	0.96
335	93.92	180.57	36	1.57
336	2.45	5.87	33	1.69
337	187.48	38.99	34	1.9
Period: 34
Tasks:9
id	x	y	end	c
293	75.46	25.55	35	78.39
294	96.17	169.24	34	69.35
295	79.16	191.9	35	94.23
296	134.46	119.69	36	39.69
297	127.34	59.07	35	49.22
298	78.32	165.37	38	68.87
299	127.64	58.11	35	50.19
300	152.6	39.21	36	80.39
301	106.58	15.52	37	84.74
Drivers: 11
id	x	y	end	sensitivity
338	11.94	188.72	37	1.05
339	16.11	37.15	37	1.54
340	127.93	99.68	36	1.86
341	135.98	195.52	35	0.88
342	84.8	36.54	35	1.31
343	118.16	103.82	37	1.33
344	69.33	29.74	35	1.52
345	148.42	128.46	37	0.5
346	33.04	183.06	36	1.48
347	174.18	148.83	35	1.25
348	184.91	71.33	37	1.73
Period: 35
Tasks:9
id	x	y	end	c
302	97.57	20.94	36	79.1
303	182.55	0.81	36	129.05
304	49.84	59.22	36	64.65
305	121.51	4.19	36	98.19
306	45.2	148.47	39	73.16
307	8.07	79.62	36	94.16
308	194.88	146.8	40	105.79
309	75.68	33.43	37	70.87
310	28.11	186.78	36	112.69
Drivers: 10
id	x	y	end	sensitivity
349	197.81	30.22	37	1.21
350	60.92	10.33	36	1.13
351	32.28	18.38	36	1.64
352	58.46	5.54	35	0.7
353	120.66	53.75	36	1.35
354	65.8	31.64	37	1.45
355	104.02	129.17	36	1.09
356	98.07	72.41	35	1.08
357	80.4	65.52	38	1.81
358	31.08	119.93	38	1.98
Period: 36
Tasks:9
id	x	y	end	c
311	11	182.57	38	121.4
312	41.22	113.83	38	60.39
313	98.79	4.9	38	95.11
314	153.87	28.98	39	89.14
315	148.89	162.72	37	79.52
316	42.23	161.16	39	84.13
317	74.34	90.13	40	27.49
318	81.55	143.68	41	47.42
319	132.74	140.77	37	52.29
Drivers: 12
id	x	y	end	sensitivity
359	160.41	187.43	40	1.78
360	63.05	110.72	37	0.85
361	48.78	125.43	38	1.62
362	174.1	43	38	1.32
363	71.44	197.26	37	0.8
364	104.89	29.65	38	0.56
365	155.38	22.18	40	1.75
366	183.09	89.52	39	1.54
367	102.58	135.24	37	1.43
368	115.64	172.48	40	1.53
369	72.48	34.36	38	1.46
370	94.7	182	38	0.8
Period: 37
Tasks:6
id	x	y	end	c
320	93.39	132.83	40	33.49
321	38.81	69.7	38	68.28
322	173.35	156.31	39	92.47
323	138.36	126.2	38	46.45
324	192.35	193.58	40	131.48
325	49.93	171.9	39	87.62
Drivers: 8
id	x	y	end	sensitivity
371	8.32	98.97	40	1.75
372	52.42	89.11	41	0.68
373	3.17	49.89	39	1.61
374	86.11	185.55	40	0.92
375	89.36	159.88	38	1.67
376	82.97	120.84	38	1.73
377	100.37	183.82	38	1.57
378	190.77	103.38	40	0.8
Period: 38
Tasks:13
id	x	y	end	c
326	78.41	101.93	38	21.68
327	155.91	34.21	38	86.34
328	25.34	5.88	41	120.14
329	188.72	20.61	38	119.05
330	28.88	109.34	39	71.73
331	95.1	185.14	41	85.28
332	197.77	90.26	42	98.25
333	155.26	166.39	38	86.38
334	179.55	192.87	40	122.28
335	164.78	183.32	39	105.54
336	121.23	86.86	39	24.97
337	66.89	67.15	39	46.64
338	110.16	69.98	38	31.69
Drivers: 11
id	x	y	end	sensitivity
379	29.94	148.98	39	1.16
380	90.35	54.5	41	0.97
381	141.83	140.62	39	0.85
382	181.64	126.22	39	1.13
383	34.21	146.9	40	0.99
384	77.94	104.18	38	1.98
385	20.82	30.9	40	1.3
386	39.5	38.79	41	1.99
387	79.11	178.23	39	1.85
388	98.31	106.36	39	1.34
389	96.4	185.65	42	1.16
Period: 39
Tasks:7
id	x	y	end	c
339	104.61	147.02	40	47.25
340	141.31	0.46	41	107.77
341	141.58	47	42	67.36
342	22.15	80.48	40	80.26
343	4.06	24.78	40	121.91
344	63.21	174.69	41	83.26
345	104.74	10.67	39	89.46
Drivers: 7
id	x	y	end	sensitivity
390	28.21	39.1	39	0.95
391	128.51	76.77	39	1.78
392	49.09	70.48	41	0.81
393	26.03	128.52	41	1.85
394	152.97	12.31	43	1.83
395	146.87	93.51	43	0.93
396	157.51	127.53	40	1.8
Period: 40
Tasks:14
id	x	y	end	c
346	140.75	161.79	42	74.02
347	114.93	128.68	40	32.33
348	87.21	5.4	46	95.46
349	30	117.05	40	72.05
350	84.82	64.11	44	38.97
351	30.94	127.67	44	74.4
352	198.84	185.67	41	130.8
353	97.16	190.31	42	90.35
354	110.17	11.96	42	88.63
355	127.07	15.6	42	88.63
356	141.67	53.91	40	62.13
357	194.47	172.19	41	118.89
358	17.84	52.74	41	94.78
359	16.36	168.77	41	108.28
Drivers: 12
id	x	y	end	sensitivity
397	193.49	113.6	40	1.65
398	28.51	193.63	41	1.7
399	193.88	40.25	42	1.56
400	168.24	152.76	46	0.86
401	3.11	155.48	42	1.58
402	81.65	80.32	42	1.61
403	153.82	192.32	42	0.77
404	30.87	101.87	42	0.79
405	69.78	3.5	41	1.25
406	140.65	133.34	42	1.2
407	121.66	105.66	40	0.67
408	16.36	23.88	40	1.3
Period: 41
Tasks:12
id	x	y	end	c
360	0.34	28.73	46	122.52
361	75.89	111.69	42	26.79
362	163.09	85.58	44	64.72
363	178.95	171.9	42	106.78
364	175.44	97.31	44	75.49
365	72	67.54	43	42.87
366	132.74	193.37	43	98.94
367	142.76	5.84	42	103.41
368	185.53	197.16	42	129.44
369	122.69	98.27	43	22.76
370	40.24	168.95	42	91.24
371	84.15	32.48	43	69.36
Drivers: 5
id	x	y	end	sensitivity
409	158.92	127.83	43	1.51
410	184.65	83.04	43	1.88
411	32.25	69.73	41	0.86
412	181.63	144.73	44	0.75
413	138.75	104.38	45	1.95
Period: 42
Tasks:13
id	x	y	end	c
372	145.54	0.23	43	109.67
373	144.49	141.95	45	61.15
374	49.76	81.21	45	53.64
375	104.46	75.31	44	25.09
376	64.4	182.28	43	89.65
377	125.78	140.45	42	47.97
378	169.04	135.12	46	77.46
379	180.5	42.62	45	98.86
380	126.17	3.01	46	100.46
381	189.9	62.01	45	97.6
382	7.89	74.67	43	95.53
383	91.6	197.77	43	98.13
384	135.88	174.72	43	82.89
Drivers: 14
id	x	y	end	sensitivity
414	37.63	197.57	44	1.19
415	23.83	180.5	43	1.85
416	60.59	61.23	43	0.99
417	3.04	171.43	42	1.73
418	146.45	161.48	46	1.81
419	66.19	78.67	44	1.65
420	156.71	51.23	42	0.69
421	145.09	17.27	47	1.83
422	196.48	172.68	44	1.96
423	187.22	103.37	47	0.84
424	56.65	12.37	44	0.91
425	168.55	141.05	45	1.77
426	73.36	172.4	43	1.64
427	167.95	167.74	44	1.03
Period: 43
Tasks:10
id	x	y	end	c
385	185.77	0.13	45	131.65
386	99.17	154.59	45	54.6
387	155.61	124.82	44	60.9
388	73.56	73.29	46	37.58
389	93.76	126.58	43	27.3
390	191.24	174.66	46	117.89
391	105.49	106.98	44	8.88
392	141.55	188.56	45	97.82
393	186.39	65.65	44	92.97
394	184.54	117.49	50	86.33
Drivers: 8
id	x	y	end	sensitivity
428	26.83	159.52	45	0.9
429	195.61	81.7	45	0.62
430	141	100.81	46	1.01
431	139.54	82.9	45	1.71
432	71.65	179.89	44	1.44
433	125.68	167.08	44	1.71
434	125.73	70.12	45	0.89
435	132.95	168.42	46	1.04
Period: 44
Tasks:7
id	x	y	end	c
395	177.46	134.81	44	84.92
396	158.17	15.43	47	102.64
397	44.45	171.28	45	90.37
398	64.1	191.67	44	98.45
399	143.38	127.53	46	51.38
400	123.49	2.58	44	100.21
401	79.84	61.32	44	43.62
Drivers: 9
id	x	y	end	sensitivity
436	65.82	107.76	47	1.72
437	85.96	98.81	45	1.43
438	194.1	137.26	45	1.37
439	39.7	91.71	46	1.83
440	67.1	13.59	49	1.92
441	15.86	43.11	48	1.51
442	22.74	137.74	46	0.93
443	197.62	187.36	45	0.66
444	199.93	91.16	44	1.03
Period: 45
Tasks:12
id	x	y	end	c
402	70.79	106.74	46	29.98
403	56.62	60.91	51	58.39
404	78.33	157.05	46	61.03
405	75.97	162.3	45	66.77
406	180.59	124.96	46	84.37
407	8.3	170.02	48	115.38
408	91.11	89.61	48	13.67
409	87.18	134.75	48	37.04
410	162.62	154.2	48	82.82
411	16.52	113.47	45	84.56
412	164.93	62.31	50	75.08
413	128.47	187.12	46	91.65
Drivers: 9
id	x	y	end	sensitivity
445	174.02	124.82	48	1.97
446	185.14	25.48	47	1.78
447	79.97	130.32	48	1.86
448	163.02	119.5	46	1.45
449	63.2	148.38	47	0.78
450	27.09	153.71	49	1.68
451	20.44	195.48	48	0.8
452	59.64	141.41	46	1.48
453	137.9	80.31	48	0.63
Period: 46
Tasks:10
id	x	y	end	c
414	58.53	22.27	48	88.1
415	84.39	77.14	49	27.68
416	193.4	10.14	47	129.61
417	119.41	66.63	47	38.6
418	169.44	39.4	48	92.16
419	32.09	96.07	47	68.02
420	53.34	110.47	46	47.82
421	116.56	50.71	47	52
422	110.7	179	47	79.72
423	163.88	20.12	46	102.28
Drivers: 11
id	x	y	end	sensitivity
454	102.64	170.32	46	1.88
455	175.38	78.73	46	0.96
456	162.12	89.21	47	0.77
457	132.13	175.8	48	1.8
458	23.22	83.36	49	0.6
459	142.49	87.09	49	1.98
460	156.59	161.48	50	1.08
461	151.39	143.58	50	0.65
462	167	64.84	48	1
463	59.18	122.3	53	0.94
464	103.92	62.78	49	1.4
Period: 47
Tasks:9
id	x	y	end	c
424	51.4	58.95	47	63.62
425	135.21	72.36	49	44.76
426	155.98	150.3	50	75.26
427	41.68	166.84	50	88.71
428	190	35.43	50	110.77
429	22.47	7.72	48	120.53
430	158.84	148.19	49	76.06
431	54.12	146.97	50	65.66
432	134.08	187.92	51	94.29
Drivers: 13
id	x	y	end	sensitivity
465	179.34	167.98	48	1.44
466	120.2	45.6	49	1.44
467	81.2	128	50	1.37
468	6.57	175.14	50	1.35
469	12.1	182.07	48	1.74
470	177.98	135.52	47	1.1
471	8.74	108.92	50	1
472	132.59	138.67	49	1.9
473	155.87	12.09	50	1.54
474	51.61	27.59	48	1.4
475	24.48	94.66	49	0.61
476	26.59	169.64	51	1.1
477	31.92	147.15	47	1.57
Period: 48
Tasks:7
id	x	y	end	c
433	66.01	154.45	53	64.19
434	188.28	187.4	51	124.23
435	109.47	17.16	48	83.38
436	66.65	68.74	50	45.71
437	31.93	13.95	50	109.72
438	38.77	170.22	49	93.17
439	30.46	135.51	51	78.08
Drivers: 7
id	x	y	end	sensitivity
478	81.41	79.08	52	1.6
479	75.63	74.12	50	0.93
480	11.75	69.49	51	1.83
481	81.75	66.65	52	0.63
482	163.57	9.16	50	1.44
483	172.76	185.77	49	0.91
484	25.76	47.22	49	0.91
Period: 49
Tasks:13
id	x	y	end	c
440	193.18	137.38	50	100.4
441	112.36	167.94	50	69.06
442	17.94	143.11	53	92.69
443	51.99	189.27	50	101.36
444	21.04	43.81	50	96.91
445	0.02	39.3	49	116.96
446	131.72	183.73	51	89.54
447	72.58	146.51	51	53.99
448	146.49	126.41	49	53.47
449	164.13	66.31	49	72.44
450	106.65	47.24	52	53.18
451	50.19	61.36	51	63.04
452	87.01	77.74	51	25.77
Drivers: 7
id	x	y	end	sensitivity
485	9.76	8.83	53	0.94
486	42.33	117.92	50	0.78
487	72.41	119.29	50	0.57
488	125.55	165.69	51	1.82
489	63.87	115.77	50	1.06
490	33.76	38.81	50	0.86
491	79.99	75.79	51	1.87
Period: 50
Tasks:14
id	x	y	end	c
453	87.23	93.19	52	14.47
454	11.28	160.54	53	107.41
455	4.65	197.2	54	136.16
456	26.28	149.44	55	88.76
457	20.93	66.48	51	85.88
458	9.87	154.61	53	105.38
459	70.1	41.63	52	65.58
460	179.61	70.22	51	85
461	147.57	16.45	50	96.14
462	143.95	26.15	53	85.94
463	34.01	178.05	54	102.21
464	77.08	176.69	54	80.04
465	181.24	4.09	51	125.69
466	33.19	7.3	51	114.27
Drivers: 9
id	x	y	end	sensitivity
492	18.28	128.24	51	0.75
493	80.91	10.81	52	0.96
494	147.95	175.37	50	1.27
495	114	163.9	51	1.89
496	159.16	109.2	52	1.09
497	113.67	126.87	54	1.68
498	7.71	0.66	53	1.54
499	97.83	2.67	51	1.54
500	120.05	183.81	50	0.92
Period: 51
Tasks:15
id	x	y	end	c
467	60.05	6.89	52	101.32
468	85.16	28.69	53	72.84
469	180.35	47.55	52	95.95
470	29.04	85.39	54	72.45
471	137.1	75.94	53	44.22
472	142.95	19.24	52	91.47
473	28.53	193.72	52	117.86
474	85.9	103.38	52	14.5
475	109.84	17.43	52	83.15
476	155.96	44.39	54	78.89
477	199.66	197.62	55	139.51
478	7.44	165.15	52	113.19
479	191.37	33.61	52	112.94
480	110.14	73.04	53	28.8
481	152.34	187.43	51	101.9
Drivers: 10
id	x	y	end	sensitivity
501	199.27	78	52	0.63
502	29.31	12.72	51	1.6
503	156.77	59.57	55	1.58
504	158.71	78.65	54	1.47
505	66.24	122.45	52	0.93
506	13.35	120.37	53	1.46
507	64.03	89.87	53	1.43
508	34.23	96.09	54	1.84
509	84.83	193.2	54	0.62
510	6.49	27.89	52	1.81
Period: 52
Tasks:11
id	x	y	end	c
482	183.8	125.74	53	87.66
483	187.86	90.21	54	88.4
484	141.03	144.74	54	60.71
485	72.35	45.59	55	61.03
486	101.35	190.93	53	90.94
487	169.69	199.75	56	121.68
488	166.4	149.07	53	82.56
489	26.78	137.43	53	82.23
490	71.48	107.84	52	29.58
491	152.64	148.82	52	71.79
492	49.56	125.13	55	56.35
Drivers: 14
id	x	y	end	sensitivity
511	142.36	71.28	54	1.28
512	192.47	110.34	56	1.67
513	125.97	90.19	52	1.35
514	38.06	154.49	55	1.88
515	168.64	43.82	54	1.76
516	130.69	156.39	56	0.52
517	82.44	146.29	54	1.59
518	11.97	174.3	53	0.92
519	149.08	29.34	53	0.8
520	114.57	149.08	54	0.65
521	83.37	163	52	0.88
522	170.94	178.49	54	1.47
523	191.02	103.63	54	1.98
524	122.72	82.9	52	1.28
Period: 53
Tasks:8
id	x	y	end	c
493	46.19	127.22	56	60.3
494	102.55	88.91	56	11.38
495	163.28	28.01	53	95.85
496	49.7	129.77	55	58.45
497	37.77	14.97	54	105.37
498	126.68	121.38	53	34.19
499	21.8	134.12	56	85.32
500	63.29	132.61	55	49.1
Drivers: 13
id	x	y	end	sensitivity
525	57.14	87.95	56	1.49
526	159.36	47	54	1.41
527	44.06	76.73	56	1.13
528	63.1	197.39	56	1.71
529	29.16	100.43	55	1.95
530	87.04	62.61	55	0.73
531	72.12	158.76	55	1.32
532	47.28	81.42	58	1.29
533	59.05	27.56	57	1.04
534	139.35	46.73	55	1.52
535	189.29	112.11	56	1.13
536	181.53	146.83	55	1.05
537	120.26	170.42	54	0.59
Period: 54
Tasks:10
id	x	y	end	c
501	67.74	150.78	55	60.16
502	155.78	140.12	56	68.71
503	94.72	9.92	54	90.23
504	83.76	80.15	56	25.65
505	181.4	64.43	57	88.83
506	79.04	48.81	56	55.31
507	65.97	42.47	54	66.84
508	92.75	26.95	57	73.41
509	105.46	10.87	55	89.3
510	36.59	132.71	56	71.35
Drivers: 11
id	x	y	end	sensitivity
538	43.06	94.36	55	1.55
539	69.93	184.64	55	1.18
540	85.72	151.38	56	1.36
541	76.18	155.15	56	0.56
542	195.14	111.38	55	1.83
543	135.93	67.56	54	1.32
544	177.84	164.87	56	1.24
545	62.29	100.39	57	1.16
546	88.4	138.78	55	1.52
547	174.4	184.36	55	1.38
548	49.05	160.76	57	0.84
Period: 55
Tasks:17
id	x	y	end	c
511	4.34	90.93	56	96.09
512	33.11	68.71	59	73.85
513	174.66	44.82	57	92.84
514	189.61	189.45	55	126.61
515	113.93	130.52	57	33.55
516	83.74	120.77	61	26.38
517	196.36	57.05	58	105.5
518	58.79	98.54	62	41.24
519	66.57	10.24	57	95.78
520	161.19	7.92	60	110.56
521	102.7	177.31	57	77.36
522	71.48	66.62	59	43.9
523	49.93	49.38	59	71.2
524	10.65	150.63	57	102.7
525	93.02	186.4	55	86.68
526	13.45	76.34	57	89.73
527	133.53	85.65	60	36.47
Drivers: 16
id	x	y	end	sensitivity
549	139.73	174.31	58	1.8
550	90.42	176.79	57	1.11
551	142.15	118.46	56	1.9
552	110.5	57.18	57	1.32
553	88.87	102.72	55	1.2
554	166.5	52.02	57	0.94
555	74.95	121.31	55	0.9
556	26.92	158.05	57	1.76
557	64.42	115.92	61	1.15
558	42.39	29.52	56	1.43
559	51.09	69.53	55	1.44
560	60.5	75.36	59	1.22
561	31.53	169.82	56	1.05
562	26.29	37.96	57	0.84
563	30.16	19.94	57	1.16
564	27.07	114.08	55	0.8
Period: 56
Tasks:7
id	x	y	end	c
528	177.93	51.79	58	91.64
529	154.01	84.7	58	56.14
530	173.58	177.66	59	106.98
531	148.44	135.89	60	60.29
532	107.16	55.36	57	45.21
533	195.91	144.16	60	105.59
534	51.75	173.46	57	87.89
Drivers: 6
id	x	y	end	sensitivity
565	113.22	93.26	58	1.65
566	153.62	153.3	58	0.98
567	123.21	21.71	56	1.68
568	77.34	137.51	57	0.52
569	162.2	115.86	58	1.31
570	170.22	47.39	58	1.61
Period: 57
Tasks:9
id	x	y	end	c
535	191.29	120.14	58	93.49
536	170.01	199.88	60	121.97
537	197.58	48.61	60	110.29
538	70.85	148.11	58	56.25
539	95.44	24.97	57	75.17
540	139.1	133.38	57	51.41
541	23.25	119.82	59	79.27
542	97.81	1.09	60	98.93
543	120.42	197.56	60	99.67
Drivers: 5
id	x	y	end	sensitivity
571	42.39	20.1	59	1.02
572	112.5	177.55	59	1.94
573	47.59	180.34	58	1.58
574	69.12	73.78	58	1.98
575	16.95	133.98	61	0.87
Period: 58
Tasks:4
id	x	y	end	c
544	36.15	100.59	59	63.85
545	154.74	193.39	59	108.25
546	40.57	23.94	62	96.52
547	60.84	94.31	62	39.57
Drivers: 13
id	x	y	end	sensitivity
576	21.77	173.44	63	1.92
577	186.55	136.45	60	1.06
578	29.33	67.83	60	1.73
579	50.71	27.74	60	0.79
580	174.39	108.13	60	1.41
581	182.64	196.14	59	1.04
582	141.96	107.54	59	0.52
583	37.84	52.43	61	1.46
584	101.01	94.77	59	1.39
585	81.96	25.66	63	1.58
586	15.32	87.6	60	0.91
587	198.65	148.81	59	1.87
588	171.93	89.77	58	1.33
Period: 59
Tasks:9
id	x	y	end	c
548	10.1	198.01	62	133
549	91.66	92.74	59	11.06
550	41.9	51.87	60	75.45
551	52.91	53.73	61	66.02
552	174.86	126.99	64	79.58
553	187.03	193.35	61	127.63
554	96.97	194.52	61	94.57
555	182.96	161.48	60	103.26
556	18.97	69.54	61	86.57
Drivers: 14
id	x	y	end	sensitivity
589	146.16	136.4	63	1.74
590	55.4	188.7	64	1.51
591	58.69	29.12	60	1.29
592	139.48	119.07	60	1.32
593	114.22	26.02	61	1.85
594	162.61	140.12	59	1.12
595	140.22	51.13	62	1.94
596	144.77	23.98	63	1.54
597	81.68	90.63	61	1.29
598	39.45	72.23	60	1.41
599	61.32	52.79	60	1.83
600	107.5	72.02	61	1.09
601	23.16	159.65	60	0.51
602	84.24	111.25	60	0.83
Period: 60
Tasks:13
id	x	y	end	c
557	19.49	74.04	64	84.59
558	162.77	54.44	62	77.56
559	46.88	57.98	61	67.73
560	126.34	185.12	62	89.1
561	112.07	181.32	61	82.21
562	49.83	157.78	62	76.52
563	65.01	144.91	61	56.93
564	51.12	8.82	67	103.46
565	36.74	12.72	61	107.79
566	10.92	167.14	62	111.55
567	177.96	101.51	61	77.97
568	46.82	25.9	61	91.21
569	77.23	115.25	61	27.41
Drivers: 8
id	x	y	end	sensitivity
603	19.74	179.86	62	0.59
604	68.33	102.06	61	0.76
605	4.85	176.27	61	0.85
606	192.51	41.5	61	0.59
607	103.43	70.96	62	0.51
608	109.7	45.63	61	0.59
609	101.28	137.03	63	1.64
610	182.53	128.72	62	1.68
Period: 61
Tasks:13
id	x	y	end	c
570	33.7	56.97	63	79.04
571	112.68	132.2	62	34.61
572	47.76	38.83	63	80.44
573	105.48	21.22	63	78.97
574	133.35	177.05	62	83.96
575	18.03	196.28	64	126.45
576	74.84	109.04	63	26.73
577	63.71	122.3	61	42.59
578	25.47	8.02	64	118.39
579	111.26	19.28	65	81.5
580	113.68	161.77	63	63.27
581	109.51	124.9	64	26.65
582	67.52	70.65	63	43.78
Drivers: 6
id	x	y	end	sensitivity
611	80.87	98.59	62	1.51
612	157.96	157.85	62	0.64
613	27.13	137.78	63	1.05
614	0.16	135.28	64	0.79
615	56.14	101.12	64	1.92
616	125.85	173.25	63	1.41
Period: 62
Tasks:7
id	x	y	end	c
583	131.49	25.52	66	80.86
584	147.96	59.54	62	62.75
585	138.97	163.92	64	74.86
586	68.38	162.58	64	70.11
587	114.18	145.5	63	47.66
588	169.3	36.69	65	93.87
589	172.56	59.58	63	83.06
Drivers: 11
id	x	y	end	sensitivity
617	104.42	90.9	63	0.93
618	46	85.94	62	1.4
619	171.38	59.17	62	1.91
620	184.45	96.53	63	1.67
621	42.03	47.5	62	0.79
622	157.29	62.4	63	0.77
623	8.3	191.69	64	0.61
624	112.02	110.51	64	1.48
625	63.61	87.13	66	0.56
626	26.27	192.79	63	1.88
627	21.85	159.49	64	1.41
Period: 63
Tasks:6
id	x	y	end	c
590	22	123.81	66	81.55
591	81.44	171.19	65	73.57
592	92.63	104.99	65	8.9
593	87.38	178.18	67	79.19
594	47.98	23.55	64	92.47
595	98.15	5.04	66	94.98
Drivers: 10
id	x	y	end	sensitivity
628	135.43	24.67	64	1.47
629	187.91	101.21	63	1.89
630	195.9	157.25	64	1.8
631	163.8	102.71	63	1.96
632	76.02	8.96	67	1.89
633	5.55	107	68	0.75
634	125.37	96.05	63	1.1
635	11.82	47.36	65	0.94
636	145.45	35.36	67	1.31
637	161.43	160.18	65	1.15
Period: 64
Tasks:9
id	x	y	end	c
596	56.95	187.56	65	97.57
597	58.7	23.27	64	87.14
598	120.85	38.85	65	64.61
599	37.63	167.55	68	91.94
600	130.3	140.71	66	50.75
601	97.48	54.85	66	45.22
602	163.44	172.44	64	96.29
603	15.68	1.52	64	129.65
604	30.56	110.35	65	70.21
Drivers: 11
id	x	y	end	sensitivity
638	93.67	46.3	67	1.45
639	125.26	142.3	67	1.26
640	26.27	91.3	67	0.65
641	85.27	179.42	65	0.65
642	175.5	25.17	65	1.94
643	81.48	193.48	65	1.58
644	19.31	197.53	66	0.57
645	105.11	83.11	69	1.91
646	80.32	40.28	66	0.64
647	16.07	26.55	67	1.65
648	81.27	156.31	68	1.25
Period: 65
Tasks:6
id	x	y	end	c
605	134.07	173.91	68	81.38
606	3.73	113.91	69	97.27
607	46.86	61.48	65	65.63
608	122.09	22.66	65	80.43
609	45.3	146.41	67	71.74
610	77.11	152.68	66	57.44
Drivers: 10
id	x	y	end	sensitivity
649	121.14	54.81	66	1.6
650	86.85	81.9	67	0.7
651	159.74	134.27	66	1.32
652	77.24	60.19	67	0.77
653	30.37	104.68	67	1.56
654	45.2	178.71	69	0.68
655	81.51	31.73	71	0.53
656	18.39	105.5	65	1.56
657	76.33	118.34	66	1
658	120.51	186.1	66	1.51
Period: 66
Tasks:6
id	x	y	end	c
611	0.02	7.19	68	136.42
612	124.87	195.76	70	98.94
613	76.33	88.02	68	26.53
614	73.08	193.94	70	97.72
615	1.26	147.96	67	109.77
616	176.27	20.24	66	110.36
Drivers: 11
id	x	y	end	sensitivity
659	65.12	43	69	0.73
660	27.65	189.27	69	1.47
661	143.22	43.55	69	1.2
662	168.32	15.41	68	0.72
663	43.24	106.62	70	0.97
664	49.8	138.59	69	0.5
665	47.19	145.76	69	0.75
666	40.48	78.27	68	1.18
667	163.12	21.54	68	1.54
668	125.08	15.47	66	1.72
669	116.26	102.08	68	1.83
Period: 67
Tasks:11
id	x	y	end	c
617	164.85	91.18	68	65.45
618	15.94	112.25	69	84.95
619	161.77	193.44	69	112.01
620	12.2	74.81	71	91.34
621	47.73	61.15	68	65.13
622	66.21	140.41	70	52.68
623	104.91	77.27	69	23.25
624	182.92	75.22	69	86.54
625	52.49	72.65	69	54.82
626	141.26	104.68	68	41.52
627	37.94	59.45	68	74.13
Drivers: 10
id	x	y	end	sensitivity
670	184.27	75.57	69	1.83
671	136.9	47.48	69	1.09
672	33.34	103.29	69	1.6
673	167.23	71.71	69	1.53
674	21.36	85.75	71	1.68
675	84.71	128.77	68	1.57
676	166.71	71.83	70	1.47
677	134.22	27.51	67	1.4
678	119.41	165.51	70	1.46
679	36.85	35.73	70	1.96
Period: 68
Tasks:14
id	x	y	end	c
628	147.34	12.11	71	99.83
629	162.26	174.98	69	97.46
630	62.6	55.46	70	58.16
631	132.94	79.9	70	38.59
632	38.8	113.3	70	62.63
633	77.56	113.15	69	26.01
634	29.67	192.93	69	116.54
635	20.29	107.46	72	80.06
636	17.86	75.32	72	85.77
637	63.48	9.44	70	97.65
638	161.51	78.81	73	65.06
639	23.49	99.88	69	76.51
640	22.68	66.68	72	84.19
641	42.22	192.7	71	109.23
Drivers: 12
id	x	y	end	sensitivity
680	126.45	75.05	70	1.11
681	75.7	146.55	71	0.91
682	45.15	40.96	70	1.51
683	138.4	110.03	70	0.68
684	113.94	86.78	69	1.15
685	199.92	105.23	71	1.5
686	163.15	143.73	70	1.44
687	25.67	135.64	70	1.7
688	170.76	93.26	69	1.91
689	116.05	47.38	69	0.97
690	131.26	99.35	69	1.84
691	52.76	2.44	69	0.79
Period: 69
Tasks:7
id	x	y	end	c
642	50.8	165.6	70	82
643	63.45	94.4	70	36.98
644	193.84	147.83	71	105.33
645	179.52	83.02	71	81.31
646	83.63	192.53	71	93.97
647	67.36	169.98	72	77.22
648	159.62	187.08	70	105.53
Drivers: 13
id	x	y	end	sensitivity
692	113.04	108.17	70	1.67
693	185.83	175.24	72	1.54
694	50.77	199.92	71	0.55
695	17.72	192.62	71	1.69
696	75.29	98.66	69	1.28
697	196.4	107.04	72	1.29
698	47.32	2.78	73	1.13
699	112.86	86.36	70	2
700	56.34	122.4	69	1.97
701	16.91	79.17	71	0.6
702	178.52	93.39	70	0.96
703	170.13	94.15	69	1.11
704	139.89	116.67	69	0.76
Period: 70
Tasks:13
id	x	y	end	c
649	126.09	157.52	71	63.16
650	153.01	172.7	73	89.97
651	134	178.51	71	85.56
652	196.65	36.49	71	115.65
653	71.76	81.5	72	33.76
654	156.34	107.78	72	56.87
655	129.39	173.48	71	79.14
656	183.84	102.45	73	83.88
657	188.62	131.31	71	93.99
658	172.24	195.27	73	119.56
659	112.53	126.72	73	29.51
660	84.51	136.62	73	39.76
661	56.9	187.21	71	97.28
Drivers: 9
id	x	y	end	sensitivity
705	93.79	42.17	73	1.62
706	199.99	153.9	73	0.52
707	128.52	53.98	73	0.6
708	139.4	93.15	73	0.92
709	10.25	59.8	71	1.2
710	133.82	34.32	72	0.51
711	128.37	181.6	73	0.9
712	44.02	58.18	70	1.23
713	82.85	195.26	74	1.29
Period: 71
Tasks:13
id	x	y	end	c
662	2.14	51.18	72	109.36
663	138.17	145.99	74	59.77
664	155.96	169.54	74	89.26
665	48.2	136.27	72	63.24
666	157.47	176.22	73	95.46
667	117.17	80.39	74	26.06
668	188.69	194.63	72	129.69
669	185.3	125.13	71	88.92
670	121.98	67.04	72	39.62
671	193.8	26.08	71	119.43
672	43.72	192.98	72	108.69
673	163.04	138.48	74	73.86
674	194.13	167.04	74	115.56
Drivers: 11
id	x	y	end	sensitivity
714	21.49	192.46	73	1.65
715	39.01	194.77	75	1.92
716	143.93	163.22	72	1.01
717	154.2	177.63	74	0.56
718	44.61	147.01	71	0.56
719	71.17	127.88	73	1.65
720	57.81	163.95	73	1.42
721	9.65	90.64	73	1.76
722	32.32	154.69	72	0.73
723	6.41	101.73	72	0.82
724	68.48	158.23	72	1.53
Period: 72
Tasks:12
id	x	y	end	c
675	141.02	186.92	72	96.11
676	173.41	52	73	87.71
677	13.39	81.24	73	88.62
678	8.23	59.08	72	100.48
679	28.92	54.36	72	84.47
680	1.05	63.64	73	105.42
681	179.88	57.99	76	90.25
682	15.48	83.05	73	86.2
683	97.79	122.7	73	22.81
684	72.08	59.02	73	49.59
685	62.42	19.85	76	88.52
686	85.25	174.37	74	75.82
Drivers: 10
id	x	y	end	sensitivity
725	176.87	138.57	74	1.43
726	154.22	59.31	75	0.54
727	74.81	65.83	74	0.61
728	62.18	90.49	75	0.9
729	9.2	132.73	73	0.85
730	130.84	20.62	78	1.99
731	56.48	82.58	75	1.8
732	174.16	75.95	73	1.71
733	71.82	71.86	73	0.51
734	67.42	159.15	74	1.53
Period: 73
Tasks:5
id	x	y	end	c
687	95.93	10.79	74	89.3
688	156.4	76.46	73	61.12
689	136.71	189.11	75	96.38
690	109.31	123.84	73	25.59
691	173.91	88.13	73	74.86
Drivers: 9
id	x	y	end	sensitivity
735	94.06	150.23	74	1.93
736	135.48	100.5	75	1.23
737	85.53	102.85	77	0.64
738	115.16	64.04	75	1.27
739	12.11	74.43	75	1.16
740	187.39	73.11	75	1.29
741	150.58	134.37	74	1.69
742	194.84	114.96	77	1.65
743	199.56	198.54	75	0.7
Period: 74
Tasks:9
id	x	y	end	c
692	84.56	128.85	78	32.72
693	118.59	101.14	77	18.62
694	66.27	72.18	78	43.72
695	141.48	124.95	76	48.41
696	35.45	118.66	75	67.19
697	43.91	76.61	75	60.77
698	122.64	146.61	76	51.82
699	168.84	103.14	74	68.91
700	165.62	79.87	77	68.64
Drivers: 11
id	x	y	end	sensitivity
744	38.82	192.73	75	1.19
745	149.19	146.66	75	1.06
746	2.69	166.94	77	1.16
747	11.26	23.03	75	0.9
748	23.42	180.08	77	0.94
749	34.92	136.18	78	1.03
750	6.97	100.55	75	1.69
751	28.49	181.54	74	0.56
752	73.37	83.66	77	1.43
753	121.92	195.67	75	1.76
754	138.97	17.25	75	0.63
Period: 75
Tasks:14
id	x	y	end	c
701	130.43	79.94	79	36.45
702	96.54	6.09	75	93.97
703	7.31	174.97	78	119.21
704	83.84	87.87	77	20.21
705	156.89	123.1	77	61.4
706	88.48	168.83	77	69.79
707	85.37	113.88	80	20.17
708	126.78	8.19	76	95.64
709	168.72	72.04	77	74.19
710	101.56	172.82	81	72.84
711	12.54	62.36	77	95.22
712	135.28	172.78	80	80.88
713	114.27	65.82	78	37.04
714	179.11	56.31	77	90.37
Drivers: 12
id	x	y	end	sensitivity
755	64.91	49.64	79	0.62
756	189.18	36.24	76	0.52
757	112.79	88.43	76	1.01
758	151.39	111.39	77	1.81
759	145.55	154.93	77	0.6
760	138.65	32.45	75	1.02
761	176.71	178.08	79	1.76
762	26.29	2.55	76	1.96
763	69.48	108.51	77	1.32
764	180.98	151.88	77	1.78
765	91.25	102.97	79	1.97
766	44.27	3.3	76	1.38
Period: 76
Tasks:8
id	x	y	end	c
715	73.34	171.53	76	76.34
716	193.86	76.63	77	96.73
717	11.92	67.32	77	93.95
718	14.16	155.97	82	102.48
719	151.16	109.26	76	51.99
720	147.06	91.51	77	47.82
721	131.61	199.74	79	104.63
722	51.7	135.87	78	60.16
Drivers: 12
id	x	y	end	sensitivity
767	102.99	43.98	79	1.29
768	168.4	69.74	78	1.02
769	109.58	26.18	78	1.21
770	196.03	83.11	79	1.18
771	89.92	117.82	78	1.04
772	180.95	45.95	82	0.66
773	189.53	171.21	77	0.9
774	155.01	95.7	78	1.42
775	28.97	39.14	79	1.3
776	191.56	183.93	80	1.35
777	50.55	141.13	77	1.98
778	5.67	157.23	77	1.56
Period: 77
Tasks:12
id	x	y	end	c
723	48.28	51.62	79	70.82
724	156.26	120.92	81	60.02
725	125.63	113.19	78	28.82
726	51.29	118.14	81	51.98
727	92.07	63.14	78	37.7
728	60.37	90.65	78	40.72
729	183.59	68.27	80	89.41
730	150.04	16.21	78	97.59
731	17.71	56.63	77	93.02
732	175.66	61.79	78	84.76
733	37.19	106.59	80	63.15
734	191.27	35.95	78	111.5
Drivers: 11
id	x	y	end	sensitivity
779	102.9	147.54	78	0.82
780	92.89	184.49	81	1.56
781	96.48	39.38	78	1.46
782	6.46	113.94	78	0.98
783	57.15	182.78	77	0.59
784	44.07	193.04	81	1.21
785	69.19	151.92	78	1.84
786	81.28	176.25	78	1.63
787	9.01	31.1	78	1.83
788	37	174.93	77	0.65
789	15.76	197.99	82	1
Period: 78
Tasks:17
id	x	y	end	c
735	93.22	58.52	79	42.03
736	148.5	114.88	78	50.73
737	88.37	129.36	80	31.58
738	50.95	166.68	79	82.78
739	123.81	136.07	78	43.22
740	78.85	76.27	79	31.79
741	154.44	122.88	82	59.05
742	126.85	44.62	79	61.55
743	100.33	33.65	81	66.35
744	69.42	187.75	80	92.93
745	83.11	56.96	83	46.24
746	143.42	27.88	78	84.18
747	138.06	42.23	79	69.18
748	101.11	181.85	80	81.86
749	30.54	126.93	80	74.5
750	26.33	182.48	79	110.59
751	55.42	167.91	81	81.24
Drivers: 13
id	x	y	end	sensitivity
790	162.3	40.89	79	0.76
791	110.02	195.27	80	0.84
792	152.82	121.78	79	0.5
793	186.32	124.56	79	0.9
794	150.79	166	80	0.76
795	179.73	163.73	81	1.18
796	50.98	170.63	82	1.63
797	105.53	188.24	78	1.08
798	190.12	108.48	80	1.8
799	22.68	10.1	80	1.61
800	121.4	130.4	80	1.2
801	143.95	161.5	80	0.87
802	49.07	193.84	79	1.35
Period: 79
Tasks:12
id	x	y	end	c
752	138.63	77.44	81	44.74
753	131.13	110.88	82	32.98
754	89.03	122.79	81	25.29
755	176.39	16.57	80	113.12
756	198.33	19.94	83	126.8
757	69.4	2.03	81	102.64
758	103.79	120.74	80	21.08
759	48.27	2.89	81	110.03
760	60.37	3.54	81	104.28
761	119.79	153.47	80	57.01
762	74.96	14.38	81	89.21
763	113.36	80.74	81	23.44
Drivers: 8
id	x	y	end	sensitivity
803	28.84	112.69	80	1.63
804	36.44	182.78	82	0.53
805	145.76	135.36	80	0.58
806	75.11	125.42	80	0.66
807	48.15	99.09	79	1.35
808	110.52	116.82	84	0.75
809	53.03	151.43	82	1.24
810	1.35	161.92	80	1.17
Period: 80
Tasks:6
id	x	y	end	c
764	56.53	12.7	82	97.52
765	173.05	19.75	80	108.52
766	60.14	32.25	83	78.61
767	128.34	8.73	83	95.57
768	39.07	194.02	82	112.04
769	133.45	90.74	80	34.71
Drivers: 5
id	x	y	end	sensitivity
811	66.47	39.39	81	1.01
812	23.06	144.47	80	1.44
813	86.55	132.51	80	1.73
814	128.6	33.9	82	1.13
815	77.56	90.6	84	1.13
Period: 81
Tasks:6
id	x	y	end	c
770	144.42	90.41	83	45.44
771	190.93	48.21	83	104.64
772	25.01	83.36	84	76.81
773	156.97	185.94	86	103.11
774	70.17	130.28	84	42.51
775	102.34	112.84	82	13.05
Drivers: 8
id	x	y	end	sensitivity
816	54.23	82.42	81	1.86
817	99.51	158.4	85	1.73
818	22.36	130.6	81	1.54
819	10.12	104.18	84	1.55
820	80.59	50.81	81	1.86
821	62.91	138.03	84	1.66
822	75.4	80.44	82	1.08
823	108.72	64.85	83	1.85
Period: 82
Tasks:4
id	x	y	end	c
776	192.48	139.84	83	100.7
777	59.97	34.29	83	76.94
778	143.87	161.95	86	75.91
779	156.55	191.48	84	107.55
Drivers: 9
id	x	y	end	sensitivity
824	25.12	178.38	85	1.83
825	32.57	111.62	85	1.76
826	146.4	199.94	84	1.69
827	144.07	186.79	84	1.86
828	152.1	42.33	83	0.64
829	159.08	46.66	84	0.52
830	167.72	10.12	84	1.18
831	54.92	4.25	84	0.87
832	138.21	7.22	83	1.34
Period: 83
Tasks:7
id	x	y	end	c
780	20.05	109.65	87	80.53
781	176.35	119.38	85	78.77
782	126.57	106.33	86	27.31
783	81.83	9.75	87	92.06
784	100.64	53.81	86	46.19
785	63.84	132.91	86	48.89
786	87.52	86.7	88	18.24
Drivers: 10
id	x	y	end	sensitivity
833	160.86	12.5	84	1.86
834	54.01	36.83	85	1.48
835	64.99	117.85	84	1.34
836	132.82	73.25	84	1.89
837	142.31	168.27	84	1.03
838	159.78	43.88	84	0.68
839	110.35	126.64	84	1.01
840	32.81	5.03	84	1.43
841	102.79	134.17	84	1.08
842	135.12	59.09	84	1.52
Period: 84
Tasks:16
id	x	y	end	c
787	104.38	116.8	84	17.36
788	15.93	162.41	85	104.7
789	110.41	27.96	85	72.79
790	158.09	35.06	84	87.13
791	11.52	147.02	86	100.2
792	27.23	71.18	86	78.27
793	141.41	178.69	85	88.92
794	107.37	29.34	89	71.04
795	120.81	183.09	86	85.66
796	122.23	194.9	85	97.47
797	152.84	47.05	90	74.8
798	49.59	13.18	85	100.39
799	137.39	28.38	86	80.79
800	160.27	14.96	87	104.23
801	176.01	188.8	85	116.89
802	49.73	169.37	84	85.67
Drivers: 13
id	x	y	end	sensitivity
843	174.1	80.91	85	1.46
844	24.46	48.98	87	1.82
845	166.17	91.56	87	1.38
846	189.24	149.19	84	1.28
847	70.93	54.76	88	1.65
848	166.75	18.01	86	0.93
849	144.56	83.39	86	0.71
850	145.75	26.11	86	1.19
851	136.6	185.16	86	0.66
852	18.75	103.78	86	1.67
853	32.65	131.82	85	0.82
854	80.2	104.21	87	0.57
855	117.72	116.21	86	1.73
Period: 85
Tasks:10
id	x	y	end	c
803	16.67	1.13	87	129.3
804	23.84	146.22	88	89.09
805	32.6	145.5	87	81.32
806	44.12	73.43	88	61.88
807	24.73	105.37	90	75.46
808	78.33	64.05	86	41.98
809	186.34	161.09	86	105.77
810	60.52	86.07	85	41.87
811	168.78	183.99	86	108.56
812	19.04	116.03	86	82.53
Drivers: 8
id	x	y	end	sensitivity
856	39.21	189.51	86	1.97
857	165.76	0.8	89	1.7
858	124.65	123.62	87	0.64
859	13.97	50.96	86	1.04
860	111.28	57	87	0.76
861	148.19	180.89	87	1.38
862	81.33	161.29	88	1.03
863	1.07	116.53	85	1.09
Period: 86
Tasks:11
id	x	y	end	c
813	181.7	68.85	91	87.44
814	166.19	173.61	87	98.99
815	131.25	64.03	87	47.65
816	123.66	81.67	90	29.93
817	95.5	184.52	89	84.64
818	82.69	129.26	89	34
819	164.79	60.5	89	75.88
820	183.39	95.3	90	83.52
821	51.56	46.72	91	72.01
822	39.39	13.51	86	105.61
823	69.19	26.11	88	80.06
Drivers: 16
id	x	y	end	sensitivity
864	151.35	118.43	89	1.01
865	18.9	4.55	87	1.97
866	45.05	15.31	86	1.13
867	199.61	151.64	87	1.29
868	34.82	149.95	87	1.64
869	198.51	146.41	87	1.12
870	98.19	85.98	87	0.64
871	111.17	136.64	87	2
872	67.44	169.51	88	1.89
873	184.61	86.41	87	1.15
874	32.7	116	87	1.96
875	109.78	174	87	1.81
876	23.3	120.33	87	1.23
877	46.43	56.37	89	0.69
878	193.71	184.41	88	0.74
879	99.77	174.43	88	1.94
Period: 87
Tasks:9
id	x	y	end	c
824	196.04	62.73	90	103.02
825	29.69	21.87	89	105.11
826	42.92	96.31	87	57.2
827	166.94	124.5	88	71.28
828	185.11	198.68	88	130.31
829	171.75	15.34	88	110.97
830	108.95	131.5	90	32.75
831	35.65	115.15	90	66.11
832	23.28	12.07	88	116.69
Drivers: 13
id	x	y	end	sensitivity
880	154.39	169.86	89	0.53
881	112.17	93.74	87	1.95
882	143.26	192.94	89	0.93
883	188.5	94.96	89	1.29
884	15.6	30.58	87	1.18
885	90.92	25.51	87	2
886	131.77	28.54	89	0.86
887	31.98	190.5	88	0.78
888	51.27	7.41	89	0.97
889	68.9	163.36	89	0.57
890	129.41	130.6	87	1.78
891	180.81	96.2	90	0.84
892	114.66	189.52	89	0.82
Period: 88
Tasks:8
id	x	y	end	c
833	162.94	171.77	90	95.46
834	149.94	116.13	90	52.48
835	195.22	68.54	89	100.28
836	45.33	147.72	89	72.57
837	34.17	190.9	91	112.23
838	39.24	3.31	89	114.2
839	1.89	80.39	88	100.05
840	37.34	17.51	92	103.59
Drivers: 13
id	x	y	end	sensitivity
893	53.7	115.93	89	0.79
894	106.57	0.21	91	0.84
895	173.03	65.81	91	0.56
896	27.3	62.61	89	1.68
897	174.96	183.56	91	1.21
898	52.96	183.09	92	1.24
899	160.01	118.88	90	0.95
900	185.08	176.77	88	1.45
901	64.57	10.4	89	1.38
902	164.92	153.53	90	1.13
903	159.11	50.99	93	1.1
904	162.93	9.13	91	0.84
905	2.8	47	90	1.03
Period: 89
Tasks:14
id	x	y	end	c
841	86.25	95.77	92	14.39
842	10.7	171.87	89	114.63
843	95.7	131.8	91	32.09
844	100.49	158.14	93	58.14
845	44.35	42.06	92	80.34
846	132.25	65.43	92	47.28
847	98.44	123.24	93	23.29
848	13.45	24.1	89	115.12
849	73.28	124.26	93	36.09
850	177.03	110.51	89	77.74
851	129.17	40.12	89	66.61
852	148.3	95.8	92	48.48
853	176.46	180.31	90	110.89
854	147.74	136.18	91	59.9
Drivers: 8
id	x	y	end	sensitivity
906	98.33	26.19	91	0.59
907	98.1	100.29	92	0.74
908	95.61	48.6	91	1.78
909	82.94	65.01	91	1.69
910	88.77	196.22	91	1.95
911	182.13	64.79	91	0.8
912	79.94	124.37	91	0.95
913	99.89	47.47	91	0.91
Period: 90
Tasks:11
id	x	y	end	c
855	37.69	109.19	93	62.98
856	3.54	24.35	91	122.59
857	26.38	190.49	93	116.65
858	40.17	69.34	94	67.23
859	10.57	127.05	90	93.43
860	57.72	196.51	94	105.36
861	15.53	127.57	92	88.86
862	180.42	122.74	91	83.57
863	51.82	14.15	91	98.45
864	194.1	42.66	91	110.19
865	131.64	73.46	94	41.3
Drivers: 13
id	x	y	end	sensitivity
914	84.35	0.61	90	0.93
915	108.97	136.94	91	1.74
916	24.47	83.53	91	0.86
917	125.17	23.37	94	0.81
918	169.27	100.84	91	1.56
919	43.75	73.7	91	1.57
920	136.56	139.58	92	1.48
921	42.34	6.91	94	1.46
922	125.73	164.14	90	1.08
923	43.56	195.13	93	0.65
924	63.5	141.79	93	1.43
925	131.88	47.38	93	1.41
926	38.47	84.11	91	0.52
Period: 91
Tasks:14
id	x	y	end	c
866	100.65	147.53	94	47.53
867	61.92	106.71	92	38.67
868	56.51	126.79	92	51.08
869	45.78	193.06	96	107.7
870	170.86	130.89	91	77.3
871	46.01	4.95	94	109.31
872	163.76	168.88	92	93.86
873	198.24	135.77	91	104.55
874	17.87	129.92	93	87.41
875	170.67	0.1	92	122.37
876	138.42	22.81	92	86.22
877	185.48	131.7	93	91.17
878	105.9	50.68	93	49.67
879	106.4	164.04	93	64.36
Drivers: 18
id	x	y	end	sensitivity
927	146.26	182.93	91	1.85
928	181.02	22.86	93	0.99
929	128.44	113.64	95	1.1
930	48.96	42.4	94	1.55
931	111.21	90.6	92	1
932	30.6	36.37	96	1.35
933	99.28	42.23	91	1.56
934	169.9	50.56	91	1.22
935	79.82	179.14	92	0.81
936	15.41	180.77	91	1.89
937	13.36	76.49	91	1.73
938	115.92	188.48	93	1.34
939	63.49	109.49	93	1.63
940	117.79	155.62	95	0.51
941	109.7	114.71	94	0.78
942	41.23	75.76	94	1.26
943	186.96	178.44	95	0.66
944	144.02	163.36	94	1.7
Period: 92
Tasks:5
id	x	y	end	c
880	58.1	61.81	94	56.69
881	45.1	196.44	92	110.97
882	159.02	44.39	95	81.09
883	112.1	66.2	92	35.9
884	43.23	5.37	93	110.35
Drivers: 10
id	x	y	end	sensitivity
945	114.64	34.9	95	1.76
946	177.59	139.91	93	1.71
947	100.2	12.52	92	1.57
948	112.26	90.62	93	1.87
949	136.99	199.35	94	1.51
950	60.1	139.56	93	1.02
951	138.22	146.46	92	0.85
952	11.55	84.36	95	1.8
953	169.93	86.28	96	0.98
954	25.43	99.51	94	1.85
Period: 93
Tasks:10
id	x	y	end	c
885	67.88	47.98	96	61.14
886	198.27	143.76	95	107.57
887	101.09	168.35	97	68.36
888	69.02	89.63	97	32.67
889	50.41	144.4	95	66.56
890	137.99	55.84	95	58.25
891	149.27	34.31	95	82.11
892	41.41	7.3	93	109.66
893	106.7	27.14	94	73.17
894	115.24	18.8	94	82.62
Drivers: 1
id	x	y	end	sensitivity
955	164.1	78.38	95	1.42
Period: 94
Tasks:2
id	x	y	end	c
895	91.5	192.97	95	93.36
896	55.47	19.07	97	92.37
Drivers: 13
id	x	y	end	sensitivity
956	50.25	21.49	95	1.11
957	125.93	113.22	96	0.8
958	79.56	28.37	98	1.12
959	128.96	63.18	95	1.95
960	20.06	37.18	99	1.68
961	4.47	59.63	96	0.75
962	172.36	95.52	96	0.99
963	135.56	49.85	96	0.85
964	148.62	182.08	97	1.87
965	51.07	110.86	96	0.83
966	135.22	25.77	96	0.98
967	180.44	120.12	95	2
968	98.03	144.09	98	1.39
Period: 95
Tasks:10
id	x	y	end	c
897	3.44	6.94	97	134.1
898	43.54	3.41	96	111.88
899	4.1	72.25	98	99.83
900	178.75	27.2	98	107.24
901	178.58	156.29	95	96.66
902	168.51	199.99	100	121.21
903	66.44	32.68	95	75.22
904	185.04	128.59	96	89.72
905	92.67	159.95	97	60.4
906	128.21	186.25	98	90.75
Drivers: 8
id	x	y	end	sensitivity
969	59.32	33.22	99	0.76
970	146.44	78.12	95	0.8
971	187.08	158.94	99	0.99
972	57.07	157.87	95	0.97
973	181.03	76.3	101	1.74
974	154.61	125.82	99	0.98
975	143.87	116.09	95	1.57
976	185.21	104.76	98	1.88
Period: 96
Tasks:19
id	x	y	end	c
907	52.91	70.14	99	55.76
908	53.05	50.68	96	68.09
909	17.19	87.89	96	83.69
910	22.56	147.81	97	91.01
911	154.73	189.25	97	104.69
912	184.4	39.83	99	103.65
913	36.82	30.29	96	94.08
914	138.36	21.9	99	87.01
915	137.61	179.57	98	88.01
916	171.65	183	99	109.65
917	7	156.9	97	109.03
918	158.46	129.18	101	65.34
919	85.23	65.33	97	37.69
920	115.48	110.02	99	18.44
921	156.96	149.56	99	75.5
922	145.05	9.02	96	101.52
923	182.62	141.36	100	92.39
924	105.44	89.12	100	12.16
925	30.02	143.97	99	82.65
Drivers: 9
id	x	y	end	sensitivity
977	180.48	87.38	100	1.37
978	94.35	136.17	99	1.4
979	94.53	150.88	101	1.97
980	176.45	163.24	98	0.55
981	117.68	108.69	100	0.99
982	79.55	53.74	96	0.8
983	46.39	28.75	100	0.64
984	27.08	31.86	101	1.85
985	46.56	96.44	97	1.78
Period: 97
Tasks:7
id	x	y	end	c
926	16.58	128.82	97	88.26
927	27.02	168	98	99.75
928	28.98	58.07	99	82.47
929	86.59	12.28	97	88.74
930	22.03	30.5	99	104.45
931	100.54	140.3	98	40.3
932	57.57	103.18	99	42.55
Drivers: 8
id	x	y	end	sensitivity
986	111.49	101.96	97	1.83
987	141.16	184.86	103	1.61
988	149.35	194.05	99	1.4
989	103.34	160.81	102	1.56
990	132.85	12.2	101	0.89
991	51.56	137.12	101	1.1
992	105.62	68.24	99	1
993	57.55	73.41	99	1.32
Period: 98
Tasks:15
id	x	y	end	c
933	168.05	90.51	98	68.71
934	47	66.15	100	62.89
935	137.06	93.3	104	37.66
936	136.09	140.56	99	54.29
937	187.04	22.07	100	116.83
938	196.62	77.69	99	99.16
939	105.14	31.26	98	68.93
940	61.35	101.66	103	38.69
941	24.03	74.13	100	80.25
942	128.34	132	98	42.75
943	193.85	182.13	103	124.71
944	188.13	92	99	88.49
945	48.48	45.07	100	75.31
946	171.08	7.57	101	116.6
947	86.26	33.8	98	67.61
Drivers: 5
id	x	y	end	sensitivity
994	69.48	173.8	100	0.81
995	84.97	20.56	101	1.43
996	112.42	63.19	98	1.85
997	114.95	124.91	103	0.65
998	185.66	0.04	98	1.32
Period: 99
Tasks:8
id	x	y	end	c
948	147.22	70.88	104	55.48
949	180.51	7.02	103	122.99
950	29.07	183.97	103	109.92
951	139.61	41.74	101	70.45
952	88.02	81.58	101	21.97
953	178.09	6.22	101	122.04
954	14.49	176.75	99	114.9
955	54.23	162.57	101	77.52
Drivers: 11
id	x	y	end	sensitivity
999	86.12	90.7	100	1.27
1000	48.39	5.16	102	1.75
1001	127.21	113.35	106	0.9
1002	183.24	172.48	102	1.91
1003	131.25	46.41	100	0.9
1004	167.78	74.36	105	0.75
1005	178.9	166.37	100	1.66
1006	180.43	42.99	100	1.36
1007	16.74	145.2	101	1.78
1008	88.34	160.72	103	0.7
1009	123.07	122.91	100	0.65
Period: 100
Tasks:6
id	x	y	end	c
956	89.29	166.05	101	66.91
957	93.51	57.96	101	42.54
958	86.74	177.8	102	78.92
959	35.75	191.98	101	112.2
960	77.25	60.56	103	45.53
961	32.78	31.72	102	95.82
Drivers: 9
id	x	y	end	sensitivity
1010	11.81	79.55	102	1.28
1011	79.99	187.54	102	0.6
1012	162.01	28.54	101	1.98
1013	179.8	190.23	103	1.32
1014	118.39	27.32	102	1.98
1015	92.43	107.49	101	1.63
1016	126.41	158.02	104	1.3
1017	141.27	60.98	103	0.88
1018	148.77	130.34	106	1.4
