Periods: 100
Task Arrival Rate: 15
Task Average Time: 3
Driver Arrival Rate: 15
Driver Average Time: 1
Period: 1
Tasks:12
id	x	y	end	c
1	6.4	127.61	5	97.59
2	50.55	78.96	1	53.74
3	171.62	51.77	5	86.35
4	105.78	106.09	4	8.4
5	155.44	91.14	3	56.14
6	56.11	42.42	5	72.4
7	121.52	69.76	3	37.12
8	49.48	160.07	2	78.49
9	143.02	76.31	2	49.11
10	71.07	86.05	5	32.12
11	83.08	19.36	4	82.4
12	49.19	5.62	5	107.19
Drivers: 14
id	x	y	end	sensitivity
1	35.18	36.53	4	1.9
2	144.75	108.96	2	1.02
3	76.64	149.98	4	1.08
4	193.91	111.02	1	0.74
5	183.2	105.34	1	0.61
6	79.24	132.15	1	1.52
7	152.09	3.7	2	1.01
8	72.12	4.65	3	1.64
9	120.33	83.8	1	1.81
10	53.75	35.01	1	0.98
11	48.08	34.27	2	0.53
12	186.05	78.32	2	1.79
13	62.88	123.52	3	0.85
14	9.96	129.8	2	1.31
Period: 2
Tasks:18
id	x	y	end	c
13	107.18	183.93	2	84.24
14	34.93	75.99	4	69.36
15	125.38	168.91	6	73.44
16	82.54	171.69	4	73.79
17	44.86	14	5	102.16
18	28.46	159.05	3	92.76
19	25.67	63.65	6	82.74
20	17.93	196.92	6	127
21	23.51	63.67	4	84.68
22	163.32	135.72	8	72.7
23	153.22	87.83	7	54.59
24	56.4	46.47	5	69.04
25	35.39	37.19	6	90.11
26	10.08	139.64	7	98.27
27	190.09	191.35	6	128.3
28	131.9	27.55	6	79.16
29	109.31	54.81	4	46.14
30	102.37	159.93	4	59.98
Drivers: 9
id	x	y	end	sensitivity
15	33.85	6.26	2	1.52
16	9.69	98.05	2	1.93
17	170.84	116.74	2	1.26
18	96.35	177.17	2	1.74
19	144.93	63.9	2	1.59
20	35.03	89.29	3	0.54
21	61.96	128.18	2	1.82
22	49.03	109.92	2	0.78
23	55.71	146.38	3	1.36
Period: 3
Tasks:15
id	x	y	end	c
31	91.66	143.88	4	44.67
32	112.2	101.01	6	12.24
33	37.25	74.58	5	67.7
34	27.37	60.14	7	82.85
35	36.87	189.44	7	109.48
36	90.64	159.21	6	59.95
37	129.68	33.53	8	72.8
38	47.42	75.06	4	58.2
39	149.8	63.99	5	61.46
40	106.08	40.18	4	60.13
41	119.91	147.58	8	51.58
42	5.7	178.05	8	122.41
43	173.74	146.94	7	87.41
44	190.94	48.22	8	104.65
45	37.16	108.91	11	63.47
Drivers: 14
id	x	y	end	sensitivity
24	170.2	74.69	4	1.75
25	109.41	11.13	5	1.78
26	21.46	94.24	3	0.73
27	16.93	29.48	5	1.69
28	91.52	5.31	4	1.85
29	57.48	99.44	3	0.92
30	26.05	166.83	4	1.54
31	97.6	65.32	7	1.71
32	61.19	20.7	4	1.15
33	95.23	19.11	6	1.64
34	83.57	120.83	6	1.23
35	94.54	112.16	3	1.9
36	189.76	170.28	5	0.58
37	99.5	14.35	5	1.98
Period: 4
Tasks:9
id	x	y	end	c
46	11.53	3.64	7	130.81
47	71.49	39.8	5	66.61
48	33.02	114.03	5	68.43
49	130.92	63.66	6	47.71
50	11.49	164.2	8	109.34
51	148.9	46.37	7	72.58
52	124.8	159.33	9	64.3
53	103.34	91.1	8	9.51
54	4.63	123.37	7	98.19
Drivers: 17
id	x	y	end	sensitivity
38	135.72	183.81	5	1.02
39	134.55	67.33	6	1.03
40	113.35	98.3	4	1.96
41	101.3	78.78	5	1.68
42	100.78	74.77	4	1.56
43	41.69	171.76	5	1.24
44	129.91	87.28	6	0.65
45	133.09	165.97	4	1.28
46	15	29.27	4	1.39
47	178.17	152.28	4	1.4
48	47.01	179.2	4	1.44
49	166.42	21.18	5	1.39
50	111.15	166.02	5	1.46
51	2.72	70.21	4	0.88
52	128.53	153.54	5	1.18
53	72.88	15.9	6	1.74
54	21.88	103.05	4	0.83
Period: 5
Tasks:18
id	x	y	end	c
55	89.12	156.03	9	57.08
56	38.26	54.85	5	76.49
57	129.35	129.35	7	41.51
58	69.94	40.32	9	66.82
59	2.86	167.3	6	118.18
60	129.97	149.72	6	58.05
61	177.28	152.03	6	93.16
62	176.49	167.92	7	102.29
63	103.05	169.77	9	69.84
64	28.5	199.77	6	122.74
65	174.68	77.66	8	77.95
66	106.82	29.49	7	70.84
67	74.03	65.5	9	43.18
68	107.34	195.07	10	95.35
69	31.96	84.16	9	69.86
70	81.22	53.29	8	50.34
71	72.74	115.29	9	31.26
72	124.26	89.54	11	26.42
Drivers: 17
id	x	y	end	sensitivity
55	169.61	1.67	7	0.53
56	25.05	145.41	5	0.8
57	62.96	4.47	6	1.46
58	70.64	0.5	5	1.84
59	160.55	179.01	7	1.56
60	198.8	115.45	5	1.09
61	153.19	14.34	5	1.72
62	94.34	39.94	6	1.49
63	155.74	150.03	7	0.66
64	14.65	84.79	7	0.91
65	12.09	122.6	5	1.4
66	25.58	79.09	6	0.78
67	156.55	29.89	6	0.72
68	29.07	155.12	6	1.84
69	33.62	173.15	7	0.63
70	113.83	199.65	8	1.38
71	85.88	189.35	6	0.8
Period: 6
Tasks:17
id	x	y	end	c
73	30.67	108.16	11	69.81
74	10.51	48.73	10	103.14
75	148.41	51.95	7	68.21
76	126.71	153.33	8	59.64
77	104.59	47.52	9	52.68
78	29.45	183.03	7	108.96
79	123.46	159.84	7	64.27
80	179.15	84.5	8	80.65
81	125.87	27.94	9	76.56
82	49.2	186.54	8	100.35
83	45.24	21.8	8	95.47
84	141.19	144.84	9	60.89
85	101.48	186.57	10	86.58
86	111.67	1.38	10	99.31
87	197.49	151.91	10	110.45
88	15.37	182.54	8	118.22
89	17.44	114.1	11	83.76
Drivers: 14
id	x	y	end	sensitivity
72	112.19	88.77	7	1.99
73	168.35	139.68	9	0.53
74	65.59	12.74	8	0.75
75	58.75	150.04	7	1.59
76	140.05	52.65	6	1.57
77	48.2	93.85	8	0.75
78	13.26	147.37	10	1.37
79	75.88	28.77	8	1.94
80	121.27	181.14	9	0.54
81	154.78	63.82	6	1.27
82	69.95	180.98	7	0.58
83	45.99	145.08	6	1.06
84	176.98	144.96	8	1.87
85	45.37	159.38	8	0.84
Period: 7
Tasks:15
id	x	y	end	c
90	160.78	2.54	11	114.86
91	32.6	173.96	8	100.06
92	98.89	124.15	11	24.18
93	74.9	107.7	11	26.25
94	6.9	156.6	10	108.95
95	8.37	148.87	9	103.85
96	43.12	145.9	10	73.09
97	39.35	187.33	11	106.32
98	41.78	173.35	10	93.65
99	101.61	171.65	10	71.67
100	90.43	102.83	8	9.98
101	93.28	160.09	7	60.46
102	131.44	171.15	8	77.79
103	137.27	80.68	10	41.98
104	28.91	42.51	8	91.43
Drivers: 20
id	x	y	end	sensitivity
86	151.43	176.71	9	1.22
87	28.84	19.78	8	1.71
88	82.15	154.88	9	1.66
89	81.25	30.74	7	1.43
90	95.54	116.95	8	1.86
91	136.06	69.12	7	1.2
92	152.9	45.68	8	1.94
93	43.21	102.65	7	0.97
94	169.43	145.99	10	0.9
95	174.46	32.42	8	1.5
96	106.41	12.23	8	1.22
97	187.47	78.29	7	1.58
98	187.09	1.35	7	0.59
99	129.16	78.47	7	1.45
100	38.18	7.94	9	0.71
101	50.53	89.34	7	0.64
102	55.86	4.88	9	1.36
103	54.44	132.78	9	0.65
104	184.04	142.43	8	1.26
105	67.68	31.86	10	1.45
Period: 8
Tasks:13
id	x	y	end	c
105	67.14	47.99	11	61.52
106	41.23	119.52	9	61.93
107	22.01	5.6	11	122.45
108	110.7	96.15	10	11.37
109	68.97	67.35	12	45.04
110	5.51	184.91	10	127.04
111	9.07	0.55	14	134.75
112	60.8	77.02	8	45.44
113	5.02	190.15	10	130.95
114	3.65	176.81	14	123.22
115	8.71	59.96	10	99.68
116	90.87	153.49	10	54.26
117	38.92	15.05	9	104.63
Drivers: 18
id	x	y	end	sensitivity
106	84.31	173.85	9	1.41
107	137.58	26.52	8	1.78
108	149.09	3.36	8	0.64
109	110.7	34.71	10	1.83
110	24.4	73.65	8	1.98
111	136.52	56.48	11	1.67
112	20.26	62.7	11	0.86
113	116.99	115.04	9	0.93
114	160.64	62.42	9	1.65
115	157.14	38.73	8	1.02
116	25.84	171.74	9	1.63
117	46	191.01	8	1.48
118	94.86	18.72	8	0.76
119	163.2	199.01	8	1.98
120	98.21	148.59	9	1.42
121	1.49	124.72	11	0.73
122	66.74	108.67	11	1.54
123	127.25	182.16	9	1.29
Period: 9
Tasks:12
id	x	y	end	c
118	112.84	39.34	10	62
119	101.74	0.77	13	99.25
120	18.79	32.12	11	105.84
121	157.58	174.1	12	93.84
122	98.74	92.95	13	7.16
123	161.55	176.99	11	98.57
124	184.43	46.16	15	100.14
125	152.91	97.31	15	52.98
126	184.58	18.17	12	117.69
127	25.68	54.99	15	86.89
128	60.3	132.21	15	51.12
129	159.84	93.32	9	60.21
Drivers: 21
id	x	y	end	sensitivity
124	39.95	171.29	9	1.88
125	168.54	94.28	9	0.74
126	49.6	87.52	10	1.9
127	84.29	38.13	13	1.98
128	60.68	70.66	9	0.79
129	111.17	147.93	9	1.25
130	40.27	39.42	10	1.3
131	198.64	145.67	9	1.15
132	39.79	20.54	10	1.48
133	158.56	20.84	9	1.47
134	71.89	10.38	11	1.08
135	71.62	134.74	10	1
136	30.04	111.5	10	1.96
137	77.82	165.74	11	1.94
138	61.61	163.93	9	0.86
139	152.42	73.92	10	1.04
140	38.34	82.42	9	1.89
141	166.54	53.3	11	1.56
142	111.53	158.78	10	1.98
143	155.45	104.96	9	1.11
144	123.96	17.36	10	0.98
Period: 10
Tasks:16
id	x	y	end	c
130	91.3	146.83	12	47.63
131	152.21	133.43	10	62
132	38.59	127.83	14	67.42
133	10.18	129.16	12	94.43
134	100.1	11.82	10	88.18
135	141.44	94.14	11	41.85
136	163.66	111.24	15	64.64
137	9.35	53.2	14	102.02
138	24.05	157.27	12	95.12
139	185.99	52.6	14	98.19
140	57.71	164.18	11	76.86
141	39.89	56.69	17	74.09
142	101.7	133.6	12	33.64
143	152.67	186.52	13	101.29
144	48.78	89.14	13	52.36
145	41.06	90.2	15	59.75
Drivers: 9
id	x	y	end	sensitivity
145	199.96	28.77	11	1.46
146	193.08	27.52	10	1.43
147	184.5	108.77	10	1.67
148	6.72	12.16	11	1.9
149	145.82	17.61	10	0.54
150	186.03	51.46	10	1.12
151	33.78	56.66	13	0.83
152	10.39	144.83	11	1.03
153	33.05	120.09	10	1.38
Period: 11
Tasks:12
id	x	y	end	c
146	164.18	136.08	14	73.63
147	150.58	138.18	11	63.37
148	120.76	3.85	16	98.37
149	93.16	49.33	16	51.13
150	99.28	106.18	13	6.22
151	81.34	165.33	16	67.94
152	78.65	115.62	13	26.45
153	153.04	73.33	15	59.37
154	133.78	9.22	14	96.86
155	151.24	193.01	15	106.19
156	139.16	15.93	13	92.74
157	3.3	186.54	13	129.77
Drivers: 16
id	x	y	end	sensitivity
154	185.09	111.83	11	1.89
155	181.01	11.8	11	1.52
156	91.91	189.48	11	1.22
157	87.13	76.34	13	1.91
158	71.01	196.69	12	0.67
159	177.78	72.79	12	0.88
160	165.81	63.1	11	1.19
161	80.51	174.61	14	1.88
162	173.05	61.25	11	0.78
163	72.55	71.28	12	1.31
164	78.49	118.8	12	1.28
165	50.83	154.72	12	1.39
166	3.57	159.88	11	1.2
167	51.07	54.99	11	1.5
168	109.25	22.68	11	1.53
169	23.41	80.87	15	1.92
Period: 12
Tasks:13
id	x	y	end	c
158	71.6	34.2	12	71.67
159	124.88	194.33	12	97.56
160	164.92	30.41	13	95.17
161	79.35	94.43	18	21.39
162	101.93	54	14	46.04
163	154.78	165.89	15	85.69
164	129.72	41.04	17	66.03
165	53.7	84.78	13	48.74
166	197.19	12.37	16	130.86
167	35.85	68.92	15	71.28
168	47.9	173.73	13	90.28
169	10.88	20.94	13	119.13
170	181.19	156.55	14	98.94
Drivers: 12
id	x	y	end	sensitivity
170	193.76	55.84	13	1.32
171	177.56	55.05	12	0.74
172	189.5	91.9	15	1.79
173	3.21	116.1	15	1.65
174	40.42	107.83	14	1.54
175	96.26	64.34	15	1.74
176	146.46	133.32	14	1.3
177	169.13	147.96	14	1.71
178	114.6	92.22	13	1.53
179	48.65	149.71	12	1.42
180	190.54	41.38	13	1.35
181	134.86	16.78	12	0.78
Period: 13
Tasks:17
id	x	y	end	c
171	160.69	46.44	15	80.94
172	102.68	2.26	17	97.78
173	31.95	199.85	14	120.83
174	177.32	164.49	18	100.68
175	6.8	81.52	18	95.01
176	58.51	59.52	15	57.97
177	157.68	107.95	14	58.23
178	64.5	164.73	15	73.83
179	191.13	28.9	19	115.58
180	92.03	32.93	15	67.54
181	22.37	198.12	16	125.12
182	198.85	105.85	16	99.02
183	49.12	132.25	15	60.24
184	73.24	124.06	16	35.99
185	162.3	166.69	13	91.26
186	62.94	188.82	13	96.24
187	35.31	55.94	15	78.27
Drivers: 14
id	x	y	end	sensitivity
182	151.3	70.01	14	0.86
183	129.49	114.59	13	1.89
184	97.21	123.41	14	1.9
185	98.68	2.65	14	0.64
186	45.58	48.13	15	1.72
187	59.72	5.62	13	0.73
188	68.19	170.3	16	1.44
189	166.88	150.06	13	0.84
190	59.39	106.05	14	1.96
191	21.16	90.93	14	1.6
192	177.89	75.41	14	0.52
193	116.62	92.03	13	1.58
194	62.06	64.69	15	1.21
195	68.92	48.54	15	0.91
Period: 14
Tasks:12
id	x	y	end	c
188	130.82	64.23	15	47.22
189	172.86	125.25	18	77.11
190	171.22	156.21	17	90.73
191	76.22	19.95	15	83.51
192	94.57	25.6	16	74.6
193	40.55	93.3	15	59.83
194	115.01	99.85	17	15.01
195	58.63	64.57	18	54.47
196	110.85	107.13	18	12.98
197	111.58	20.56	17	80.28
198	157.77	110.18	16	58.66
199	102.05	177.28	16	77.31
Drivers: 14
id	x	y	end	sensitivity
196	42.28	47.73	14	1.51
197	98.1	16.98	16	0.61
198	193.19	40.26	15	1.56
199	93.7	160.45	16	0.9
200	168.43	94.84	14	0.68
201	61.63	144.93	14	1.2
202	30.71	190.64	16	0.82
203	174.13	65.2	17	0.71
204	137.75	105.19	14	1.06
205	171.49	189.9	17	0.66
206	145.49	88.05	15	1.95
207	61.2	168.52	14	0.79
208	149.27	192.67	14	1.89
209	112.74	79.9	15	1.38
Period: 15
Tasks:25
id	x	y	end	c
200	70.43	148.41	19	56.73
201	58.54	63.82	17	55.03
202	78.01	36.49	17	67.21
203	10.01	48.5	17	103.68
204	49.36	73.88	16	56.98
205	161.85	43.51	18	83.76
206	17.09	119.42	16	85.15
207	30.85	25.45	19	101.68
208	43.5	143.69	18	71.42
209	63.8	21.8	18	86.17
210	125.47	119.65	17	32.17
211	35.99	152.33	17	82.68
212	194.35	98.62	20	94.36
213	118.77	113.21	19	22.95
214	141.79	109.97	16	42.96
215	69.03	18.76	21	86.94
216	112.87	160.39	20	61.75
217	0.51	106.84	17	99.72
218	74.8	145.25	18	51.79
219	27.22	181.12	17	108.98
220	1.93	119.73	18	100.03
221	111.82	187.3	16	88.1
222	136.12	97.19	18	36.23
223	162	85.29	19	63.72
224	182.9	184.68	18	118.5
Drivers: 10
id	x	y	end	sensitivity
210	11.88	114.64	15	1.49
211	134.86	13.08	17	0.98
212	176.99	164.41	18	0.76
213	10.03	41.87	18	1.2
214	15.59	154.17	17	1.24
215	148.45	176.55	15	1.91
216	139.27	95.22	15	0.86
217	151.17	93.25	17	0.62
218	162.82	27.93	15	0.72
219	85.97	148.29	16	1.83
Period: 16
Tasks:19
id	x	y	end	c
225	57.59	54.95	18	61.87
226	193.99	128.42	18	98.19
227	192.18	154.62	16	107.15
228	193.97	50.42	21	106.25
229	178.13	134.93	19	85.58
230	4.92	33.77	20	115.87
231	75.27	75.18	19	35.04
232	21.94	86.53	20	79.21
233	158.29	104.33	19	58.45
234	33.75	56.9	19	79.04
235	154.26	70.32	16	61.85
236	13.07	183	17	120.19
237	173.6	82.2	23	75.72
238	149.31	132.8	21	59.22
239	4.25	109.3	20	96.2
240	156.29	64.51	18	66.54
241	59.62	41.89	19	70.76
242	138.45	142.98	19	57.67
243	83.89	66.56	20	37.12
Drivers: 10
id	x	y	end	sensitivity
220	65.12	17.1	17	0.79
221	64.22	11.38	17	0.7
222	40.42	66.42	19	1.32
223	59.88	175.51	20	1.35
224	134.34	96.52	17	0.84
225	174.93	12.43	18	1.01
226	159.07	13.38	18	1.63
227	58.87	29.13	16	1.71
228	103.31	14.44	19	0.88
229	147.98	105.76	16	1.29
Period: 17
Tasks:17
id	x	y	end	c
244	59.07	10.58	19	98.34
245	79.84	199.11	18	101.14
246	152.68	38.13	19	81.26
247	166.61	124.49	18	70.97
248	55.06	106.71	19	45.44
249	52.73	197.41	18	108.27
250	172.51	189.6	21	115.26
251	168.66	36.71	22	93.38
252	117.01	192.8	19	94.35
253	107.66	143.62	21	44.29
254	189.37	111.06	17	90.05
255	61.23	104.88	19	39.08
256	106.52	77.89	20	23.05
257	12.43	155.57	19	103.71
258	164.12	193.01	20	112.97
259	134.97	89.12	23	36.62
260	108.43	18.63	18	81.81
Drivers: 18
id	x	y	end	sensitivity
230	193.7	45.71	17	1.25
231	172.85	189.41	17	1.47
232	80.53	123.27	17	1.46
233	194.62	50.95	18	0.84
234	123.17	165.66	18	1.66
235	56.35	173.54	18	1.28
236	85.86	139.79	18	1.25
237	132.44	2.23	18	1.08
238	165.47	94.21	17	0.74
239	148.49	189.46	19	1.33
240	63	99.7	20	1.47
241	30.8	91.3	18	0.88
242	106	60.52	18	1.71
243	98.07	183.53	19	0.86
244	176.92	13.95	17	0.9
245	121.14	32.93	17	1.78
246	48.46	196.75	17	1.17
247	136.85	29.48	18	1.91
Period: 18
Tasks:8
id	x	y	end	c
261	88.74	159.11	21	60.17
262	87.99	137.14	22	39.03
263	160.48	45.22	27	81.6
264	6.34	176.87	22	121.17
265	116.79	131.09	20	35.33
266	8.08	22.5	22	120.23
267	95.25	121.57	22	22.09
268	174.58	184.02	20	112.35
Drivers: 27
id	x	y	end	sensitivity
248	199.88	160.28	19	1.23
249	187.94	100.99	20	1.53
250	73.99	62.34	18	1.98
251	104.77	8.88	19	0.64
252	8.9	199.14	18	1.47
253	130.51	107.49	19	1.21
254	186.15	56.04	19	1.86
255	188.59	85.66	19	0.9
256	195.88	195.34	20	1.63
257	176.98	67.19	18	1.94
258	87.65	4.4	18	1.46
259	139.77	85.11	19	1.84
260	47.15	13.56	19	0.81
261	198.77	67.31	19	1.03
262	19.64	49.02	19	1.01
263	150.55	88.82	18	1.69
264	10.08	181.27	20	0.61
265	34.68	61.37	19	1.6
266	18.84	175.33	19	0.94
267	95.41	106.28	18	1.98
268	47.27	81.02	19	1.04
269	101.49	155.94	19	0.72
270	199.43	138.3	18	0.78
271	3.6	62.69	18	1.54
272	6.92	47.12	19	1.39
273	21.56	118.1	19	1.54
274	81.83	103.23	19	1.89
Period: 19
Tasks:14
id	x	y	end	c
269	127.39	25.92	26	78.98
270	63.46	190.92	24	97.99
271	195.71	61.22	24	103.27
272	87.33	73.45	25	29.42
273	28.24	137.74	22	81.08
274	166.64	62.4	22	76.52
275	8.82	17.04	21	123.27
276	125.05	83.49	20	30
277	69.31	138.86	22	49.52
278	6.55	109.44	20	93.93
279	9.8	16.13	23	123.17
280	51.25	8.82	23	103.39
281	14.03	98.43	23	85.98
282	52.35	59.62	23	62.46
Drivers: 20
id	x	y	end	sensitivity
275	88.7	53.62	20	0.85
276	70.94	69.14	19	1.43
277	97.68	175.49	20	0.53
278	165.07	154.27	20	0.81
279	61.66	128.61	19	0.61
280	152.52	43.18	19	0.81
281	113.79	81.93	20	1.02
282	103.11	99.46	20	1.96
283	56.93	131.17	19	1.31
284	112.41	77.27	22	1.06
285	83.66	192.1	20	0.52
286	127.36	126.75	19	1.92
287	157.56	181.33	20	1.8
288	171.39	36.89	21	1.99
289	95.39	143.82	19	1.7
290	176.12	162.18	19	0.64
291	113.02	21.31	20	1.34
292	197.97	125.8	20	0.75
293	98.43	167.95	20	1.3
294	129.85	35.58	19	0.85
Period: 20
Tasks:15
id	x	y	end	c
283	83.31	48.08	25	54.54
284	73.39	24.98	24	79.6
285	17.05	115.16	25	84.32
286	1.47	122.98	23	101.17
287	84.71	93.37	24	16.67
288	57.74	40.47	23	73
289	67.39	51.19	21	58.7
290	91.97	137.75	20	38.59
291	115.42	120.42	22	25.59
292	142.32	27.48	24	83.97
293	25.61	5.45	20	120.31
294	197.99	139.67	23	105.72
295	178.55	118.86	20	80.78
296	78.49	57.38	23	47.74
297	188.7	60.07	25	97.27
Drivers: 21
id	x	y	end	sensitivity
295	184.66	156.35	22	1.77
296	155.99	160.1	21	1.01
297	50.77	116.64	21	1.47
298	72.39	121.27	21	1.1
299	102	156.91	20	0.51
300	161.35	190.3	21	0.62
301	155.87	123.53	23	1.11
302	39.29	94.47	21	0.54
303	110.76	144.74	21	1.49
304	162.4	30.53	21	1.53
305	42.99	152.84	21	1.34
306	27.54	112.81	20	1.36
307	98.43	31.61	21	1.04
308	100.46	64.58	20	0.92
309	101.97	61.72	20	0.9
310	21.75	161.99	20	0.73
311	23.12	25.15	21	1.61
312	130.09	26.79	23	0.93
313	5.05	146.96	23	0.91
314	170.54	160.58	22	1.99
315	150.46	91	21	1.45
Period: 21
Tasks:15
id	x	y	end	c
298	127.77	22.84	24	82.01
299	51.87	127.53	22	55.45
300	79.83	121.25	27	29.3
301	54.99	20.36	23	91.48
302	125.06	126.15	23	36.22
303	153.99	38.12	21	82.12
304	55.68	102.97	24	44.42
305	11.66	114.99	28	89.6
306	133.08	173.63	22	80.72
307	65.89	88.14	25	36.11
308	16.69	180.28	24	115.7
309	111.86	85.46	23	18.76
310	57.42	162.03	22	75.24
311	72.86	85.59	25	30.73
312	149.7	61.94	21	62.6
Drivers: 12
id	x	y	end	sensitivity
316	79.39	187.31	21	1.52
317	197.57	73.63	23	1.37
318	157.1	24.69	22	1.64
319	133.51	18.96	21	1.3
320	67.09	61.69	21	1.98
321	57.78	11.17	21	1.4
322	76.24	131.37	24	1.07
323	81.68	26.61	24	1.54
324	22.84	198.29	21	0.71
325	179.32	186.83	21	1.89
326	138.33	183.4	21	0.63
327	133.02	141.84	22	1.18
Period: 22
Tasks:11
id	x	y	end	c
313	144.95	198	26	107.82
314	85.09	30.8	24	70.79
315	26.98	30.81	27	100.59
316	73.16	147.67	25	54.71
317	47.2	153.02	23	74.83
318	159.39	68.3	23	67.32
319	33.43	193.24	29	114.57
320	16.53	127.12	28	87.77
321	173.32	180.76	30	109.08
322	35.62	71.42	23	70.44
323	136.29	146.57	26	59.04
Drivers: 12
id	x	y	end	sensitivity
328	151.94	103.03	22	1.83
329	165.45	54.66	23	0.53
330	161.27	167.86	23	1.59
331	117.33	190.56	22	1.06
332	125.5	145.59	23	1.95
333	53.23	82.55	24	1.04
334	143.73	104.48	22	0.52
335	83.81	52.53	24	1.19
336	1.08	83.35	22	1.57
337	121.8	111	24	1.68
338	46.57	102.81	23	1.41
339	163.62	114.55	23	1.12
Period: 23
Tasks:19
id	x	y	end	c
324	115.85	139.41	25	42.48
325	160.01	62.16	25	70.94
326	8.8	181.92	23	122.59
327	7.46	108.21	26	92.9
328	91.22	161.43	28	62.05
329	65.52	58.71	26	53.79
330	161.04	192.69	27	110.98
331	159.06	21.72	24	98.06
332	33.54	18.99	27	104.78
333	140.82	59.12	24	57.77
334	185.07	149.73	25	98.54
335	122.72	64.49	26	42.16
336	121.81	77.44	25	31.38
337	103.95	0.98	27	99.1
338	154.45	107.1	24	54.91
339	136.44	167.16	26	76.41
340	132.01	157.78	27	66.05
341	116.58	31.29	27	70.68
342	144.61	119.72	27	48.77
Drivers: 12
id	x	y	end	sensitivity
340	80.82	64.55	23	1.82
341	150.49	159.01	24	1.24
342	183.27	172.07	23	1.05
343	164.45	0.1	23	0.91
344	5.66	156.94	24	1.25
345	99.66	198.44	24	1.42
346	27.33	41.56	24	0.5
347	97	156.37	24	0.94
348	69.76	159.2	23	0.75
349	113.1	136.54	26	0.88
350	154.06	119.32	25	1.71
351	35.99	44.22	24	1.7
Period: 24
Tasks:14
id	x	y	end	c
343	105.78	139.55	26	39.97
344	95.62	112.18	32	12.94
345	122.78	162.22	27	66.26
346	144.43	132.83	28	55.24
347	5.19	90.8	27	95.26
348	127.84	171.24	25	76.49
349	166.28	189.1	27	111.05
350	32.99	40.9	28	89.35
351	164.16	15.68	25	105.95
352	118.32	8.78	25	93.04
353	117.25	2.16	30	99.35
354	2.42	31.05	28	119.48
355	193.28	120.49	29	95.5
356	174.04	136.89	26	82.72
Drivers: 19
id	x	y	end	sensitivity
352	23.47	40.67	25	1.4
353	107.62	76.71	26	1.76
354	57.71	155.43	26	1.11
355	61.83	195.02	25	1.31
356	190.34	82.41	24	1.81
357	40.14	114.63	25	1.56
358	137.13	7.95	25	1.73
359	120.62	181.72	27	1.3
360	133.97	85.61	24	1
361	178.94	181.44	24	0.59
362	155.09	66.03	24	1.21
363	150.45	117.51	24	1.46
364	197.83	14.65	24	0.52
365	132.16	168.16	26	1.42
366	36.41	0.9	26	1.87
367	72.84	88.71	24	0.67
368	133.77	77.82	25	1.42
369	64.48	101.58	25	0.58
370	127.15	105.12	24	1.03
Period: 25
Tasks:13
id	x	y	end	c
357	91.46	140.52	27	41.41
358	164.25	73.75	28	69.41
359	89.63	89.24	29	14.94
360	92.79	7.16	29	93.12
361	67.75	189.72	26	95.34
362	189.66	26.15	29	116.16
363	152.46	8.79	29	105.22
364	10.95	120.08	27	91.29
365	170.73	90.95	31	71.31
366	59.58	145.73	28	61.03
367	164.71	35.06	28	91.68
368	187.62	71.55	28	92.12
369	174.54	167.73	31	100.72
Drivers: 14
id	x	y	end	sensitivity
371	83.35	66.38	25	1.82
372	140.3	188.87	25	1.77
373	10.61	113.79	26	1.95
374	95.67	117.29	26	1.76
375	122.93	20.33	27	1.64
376	85.34	35.28	25	0.57
377	9.76	189.46	27	0.87
378	173.83	78.59	25	1.7
379	147.76	70.18	27	1.94
380	167.83	181.01	26	1.6
381	81.15	30.34	26	1.97
382	39.58	117.31	26	0.91
383	34.92	168.59	26	0.51
384	84.33	192.76	26	1.9
Period: 26
Tasks:14
id	x	y	end	c
370	48.86	50.01	28	71.51
371	89.34	171.93	30	72.72
372	83.96	62.49	28	40.8
373	91.64	70.5	34	30.66
374	2.44	122.67	28	100.16
375	54.81	63.3	28	58.22
376	162.36	66.37	28	70.85
377	184.44	97.96	28	84.46
378	163.6	130.93	29	70.72
379	27.15	95.35	28	73
380	187.68	78.87	27	90.19
381	141.72	131.86	26	52.49
382	159.61	60.8	34	71.34
383	11.27	110.32	28	89.33
Drivers: 15
id	x	y	end	sensitivity
385	101.11	1.93	27	1.26
386	76.96	77.15	27	1.16
387	153.54	150.65	28	0.53
388	12.88	166.32	29	1.61
389	138.96	93.79	26	1.32
390	83.53	5.49	27	0.7
391	110.78	182.59	28	2
392	54.8	19.53	27	1.02
393	58.3	59.65	26	1.37
394	110.06	130.19	27	1.18
395	176.14	34.97	26	1.93
396	109.38	18.76	26	1.24
397	174.54	120.95	28	1.62
398	198.52	115.07	28	1.65
399	71.51	100.42	27	1.37
Period: 27
Tasks:19
id	x	y	end	c
384	14.64	134.06	32	91.9
385	18.86	89.69	30	81.79
386	116.55	182.9	29	84.54
387	22.77	107.14	30	77.56
388	163.9	183.8	30	105.38
389	73.25	160.77	29	66.4
390	153.39	113.7	31	55.12
391	159.59	40.51	32	84.2
392	184.34	73.37	32	88.44
393	35.71	185.23	30	106.76
394	87.38	1.38	30	99.42
395	175.25	125.84	27	79.56
396	50.04	127.05	32	56.81
397	170.54	190.54	30	114.78
398	55.1	46.01	32	70.22
399	100.66	31.35	27	68.65
400	111.54	188.21	32	88.96
401	44.26	198.52	31	113.2
402	86.26	98.58	31	13.81
Drivers: 11
id	x	y	end	sensitivity
400	89.66	105.28	28	0.97
401	20.31	116.53	28	1.86
402	48.71	6.61	29	1.39
403	24.09	73.44	27	1.9
404	176.52	103.01	28	1.47
405	32.26	175.27	29	0.77
406	112.85	17.01	28	1.79
407	105.17	96.79	27	0.62
408	92.95	52.73	27	1.38
409	52.41	117.37	27	0.58
410	13.16	61.04	28	0.66
Period: 28
Tasks:15
id	x	y	end	c
403	177.72	27.39	30	106.36
404	142.76	60.51	31	58.21
405	14.8	150.32	30	98.95
406	188.41	179.22	31	118.71
407	108.32	183.97	31	84.38
408	89.57	36.44	32	64.41
409	169.81	95.44	30	69.96
410	108.42	172.91	31	73.39
411	166.09	106.68	30	66.43
412	44.94	15.65	31	100.73
413	155.86	170.26	35	89.76
414	100.65	133.87	28	33.88
415	170.61	48.74	29	87.25
416	41.1	139.23	29	70.77
417	1.99	29.73	32	120.6
Drivers: 13
id	x	y	end	sensitivity
411	126.67	107.47	28	0.69
412	65.4	115.98	31	0.66
413	27.79	41.9	31	0.7
414	90.02	24.68	30	0.67
415	58.42	13.05	29	1.14
416	13.07	90.81	28	1.64
417	129.88	166.96	28	1.04
418	19.19	121.7	28	1.02
419	94.85	152.99	30	0.56
420	84.73	129.45	28	1.68
421	138.25	143.15	29	0.54
422	147.45	195.59	29	1.95
423	173.31	104.6	31	1.06
Period: 29
Tasks:14
id	x	y	end	c
418	14.7	175.77	31	114.09
419	161.69	195.25	35	113.48
420	44.93	187.31	35	103.23
421	71.12	113.3	31	31.8
422	174.91	136.26	35	83.22
423	173.43	123.65	34	77.14
424	53.39	108.66	33	47.41
425	1.94	100.21	30	98.06
426	37.7	129.78	30	69.05
427	100.55	140.94	31	40.94
428	15.13	126.62	31	88.95
429	28.55	124.95	33	75.68
430	158.46	101.46	31	58.48
431	144.46	85.09	32	46.89
Drivers: 12
id	x	y	end	sensitivity
424	149.83	117.69	31	0.52
425	140.59	176.38	32	1.18
426	94.63	189.46	29	1.76
427	37.08	33.48	29	1.21
428	34.3	89.37	30	1.61
429	198.92	91.68	30	0.95
430	91.27	124.03	31	1
431	156.69	181.43	32	1.65
432	102.85	150.06	29	1.64
433	187.8	39.33	30	1.61
434	170.92	53.91	31	1.18
435	40.06	191.17	30	1.25
Period: 30
Tasks:10
id	x	y	end	c
432	88.89	172.7	32	73.54
433	79.09	29.61	37	73.43
434	153.37	17.44	33	98.31
435	52.9	99.02	34	47.11
436	90.26	129.76	34	31.31
437	152.37	51.41	31	71.44
438	56.77	22.1	31	89.09
439	11.36	82.79	35	90.3
440	194.19	160.03	33	111.69
441	194.09	58.44	34	102.86
Drivers: 16
id	x	y	end	sensitivity
436	52.76	90.09	30	1.58
437	86.5	86.33	30	0.73
438	54.63	120.74	31	0.53
439	7.44	152.5	32	0.6
440	120.84	51.84	31	0.51
441	28.21	125.62	31	1.66
442	151.29	152.6	31	1.35
443	15.17	127.91	32	1.73
444	63.32	59.68	33	1.17
445	193.79	180.37	32	1.97
446	150.32	19.19	30	1.24
447	28.46	105.77	30	1.77
448	138.54	170.09	30	1.56
449	18.63	167.37	32	0.68
450	193.64	138.17	30	0.67
451	134.98	80.34	31	0.87
Period: 31
Tasks:11
id	x	y	end	c
442	62.75	157.48	38	68.49
443	41.01	127.09	33	64.91
444	61.39	7.83	35	99.93
445	135.14	17.58	35	89.6
446	80.89	152.92	33	56.26
447	23.8	182.08	33	112
448	114.69	146.56	34	48.82
449	54.61	191.96	31	102.55
450	178.56	151.87	31	94.14
451	118.94	110.31	35	21.56
452	92.32	121.8	35	23.11
Drivers: 16
id	x	y	end	sensitivity
452	159.86	146.96	34	1.1
453	170.83	78.85	31	1.46
454	130.35	122.4	32	0.66
455	63.39	60.99	32	1.61
456	83.81	109.79	31	1.09
457	87.49	44.51	32	1.35
458	42.41	170.31	31	1.3
459	106.92	14.22	31	1.22
460	110.42	81.43	32	1.91
461	92.67	136.46	32	1.26
462	193.94	25.22	33	1.68
463	122.02	165.59	34	0.78
464	184.72	193.67	32	1.21
465	196.97	81.83	31	0.93
466	39.05	54.28	31	1.34
467	192.51	185.18	31	1.51
Period: 32
Tasks:13
id	x	y	end	c
453	89.28	106.96	36	12.78
454	185.67	31.92	37	109.43
455	65.96	138.07	34	51.07
456	17.79	153.12	35	97.88
457	185.73	179.54	37	116.95
458	196.47	48.39	34	109.41
459	13.78	127.3	33	90.44
460	2.94	142.13	35	105.81
461	13.99	120.57	34	88.44
462	101.29	60.36	41	39.66
463	146.58	63.96	37	58.89
464	110.89	86.63	34	17.24
465	69.35	34.89	34	71.96
Drivers: 16
id	x	y	end	sensitivity
468	137.4	63.99	33	0.87
469	79.24	140.63	32	0.59
470	9.06	170.93	32	1.82
471	4.64	3.09	32	1.1
472	122.19	60.42	35	1.51
473	14.8	116.35	33	0.98
474	148.44	178.63	32	1.87
475	170.26	118.87	32	0.89
476	11.26	80.93	32	0.82
477	158.14	3.48	32	1.8
478	140.53	6.01	33	0.57
479	74.61	58.16	34	0.94
480	107.95	192.32	34	1.72
481	18.17	62.04	34	0.59
482	102.14	55.23	33	0.75
483	99.7	172.91	32	1.11
Period: 33
Tasks:11
id	x	y	end	c
466	143.02	94.09	35	43.42
467	26.33	147.21	36	87.5
468	148.95	138.32	36	62.17
469	93.75	49.99	34	50.4
470	87.36	99.16	37	12.67
471	107.88	129.05	37	30.1
472	90.75	70.74	37	30.69
473	60.71	66.78	38	51.45
474	37.36	39.87	35	86.83
475	12.19	17.5	34	120.49
476	152.75	124.14	38	58.01
Drivers: 19
id	x	y	end	sensitivity
484	140.22	192.23	33	1.05
485	98.47	115.49	33	1.51
486	148.99	71.71	34	0.51
487	122.71	72.21	33	1.18
488	186.19	30.76	34	1.68
489	165.74	198.8	35	1.88
490	167.86	173.64	33	1.35
491	147.65	194.75	34	1.15
492	179.24	199.28	33	0.69
493	68.41	41.79	34	1.72
494	131.84	58.23	37	1.47
495	164.72	199.1	35	1.69
496	41.03	190.8	34	1.48
497	184.54	112.64	34	0.87
498	166.72	75.42	34	1.37
499	196.1	75.78	36	1.98
500	160.7	111.16	34	1.76
501	186.89	42.01	33	0.69
502	84.84	26.89	33	1.68
Period: 34
Tasks:13
id	x	y	end	c
477	114.66	30.55	35	70.98
478	44.67	70.68	36	62.62
479	111.08	66.91	41	34.9
480	81.72	166.99	38	69.44
481	79.03	5.32	39	96.97
482	81.56	132.29	37	37.18
483	85.28	193.49	37	94.64
484	75.11	192.79	38	96.07
485	5.73	31.5	39	116.53
486	122.94	25.49	38	77.96
487	138.71	68.37	37	49.99
488	24.05	21.37	35	109.32
489	32.84	70.67	37	73.29
Drivers: 12
id	x	y	end	sensitivity
503	129.72	33.62	35	1.87
504	113.59	151.83	36	1.98
505	46.02	3.81	37	0.98
506	91.74	95.23	34	0.91
507	149.2	24.38	35	1.74
508	133.52	20.13	36	1.01
509	43.4	56.07	34	0.92
510	80.84	109.32	35	1
511	58.62	47.95	35	0.59
512	56.99	157.73	35	1.6
513	169.84	166.36	34	0.64
514	13.49	13.44	36	0.94
Period: 35
Tasks:19
id	x	y	end	c
490	37.13	162.08	38	88.35
491	109.89	32.14	39	68.58
492	180	173.77	36	108.82
493	14.09	10.9	37	123.77
494	88.67	182.87	38	83.64
495	21.03	14.19	40	116.62
496	140.07	99.74	36	40.07
497	13.99	125.57	37	89.73
498	60.98	166.92	37	77.47
499	18.48	66.41	38	88.17
500	153.77	36.76	36	83.01
501	84.11	125.78	37	30.28
502	97.21	110.54	37	10.9
503	62.02	136.45	36	52.64
504	167.09	57.23	37	79.56
505	171.74	199.97	37	123.05
506	79.79	124.68	37	31.9
507	144.85	26.63	38	85.99
508	130.72	182.17	37	87.72
Drivers: 14
id	x	y	end	sensitivity
515	111.52	15.59	35	0.51
516	110.01	128.52	37	0.58
517	137.17	112.18	37	1.82
518	100.71	142.09	35	1.82
519	175.77	173.35	37	1.65
520	45.46	117.67	36	1.83
521	66.05	79.1	36	0.65
522	87.92	199.01	37	1.26
523	107.97	11.31	36	0.53
524	3.17	17.21	37	1.4
525	101.64	154.98	35	0.79
526	31.63	131.95	36	0.57
527	127.53	23.72	35	1.28
528	190.84	153.26	36	0.76
Period: 36
Tasks:22
id	x	y	end	c
509	128.05	17.78	37	86.87
510	52.9	133.19	38	57.62
511	94.04	68.12	42	32.43
512	150.13	167.21	40	83.85
513	41.7	192.44	37	109.29
514	109.11	31.52	41	69.08
515	127.86	99.97	39	27.86
516	38.84	53.16	39	77.04
517	20.21	186.2	38	117.46
518	97.29	75.71	41	24.44
519	193.9	156.46	38	109.57
520	147.29	54.08	39	65.92
521	3.4	181.67	38	126.5
522	147.24	93.81	40	47.64
523	30.75	96.26	37	69.35
524	118.73	118.83	38	26.56
525	161.91	173	38	95.72
526	24.81	84.9	37	76.69
527	26.3	98.14	41	73.72
528	49.04	140.09	42	64.84
529	93.54	194.23	37	94.45
530	124.73	188.92	39	92.29
Drivers: 18
id	x	y	end	sensitivity
529	17.58	160.33	37	0.78
530	105.13	93.91	37	1.5
531	133.64	14.21	37	1.37
532	196.88	164.31	36	0.71
533	18.64	0.29	38	0.51
534	104.25	147.75	37	0.69
535	92.42	173.65	37	1.76
536	51.23	48.9	36	1.05
537	8.59	111.24	37	0.66
538	100.09	96.53	37	0.64
539	188.19	122.16	37	1.55
540	153.99	70.78	37	1.43
541	79.23	111.58	37	1.03
542	4.18	62.7	37	1.08
543	175.68	33.11	37	1.79
544	54.61	1.13	36	1.81
545	75.34	126.97	37	1.04
546	70.75	142.58	37	1.92
Period: 37
Tasks:16
id	x	y	end	c
531	155.21	39.44	44	81.95
532	185.84	31.98	40	109.52
533	83.01	128.48	37	33.16
534	89.24	14.92	41	85.76
535	178.94	30.38	41	105.25
536	101.83	36.64	41	63.39
537	15.5	95.05	39	84.64
538	75.03	173.4	40	77.53
539	97.06	66.96	39	33.17
540	52.33	103.31	44	47.78
541	136.34	68.69	39	47.97
542	41.87	129.57	38	65.22
543	39.04	79.23	39	64.4
544	136.94	125.54	39	44.91
545	125.97	32.81	43	72.03
546	183.64	23.91	40	113.07
Drivers: 11
id	x	y	end	sensitivity
547	25.63	76.85	37	1.58
548	17.29	20.95	38	1.28
549	186.53	111.4	37	1.62
550	32.65	35.89	38	0.82
551	174.45	192.16	37	0.71
552	6.58	78.36	37	1.28
553	47.7	163.11	38	1.01
554	156.35	4.87	37	1.83
555	189.88	103.69	38	0.72
556	25.86	100.09	37	1.92
557	108.17	162.23	37	1
Period: 38
Tasks:16
id	x	y	end	c
547	7.94	159.14	40	109.42
548	109.66	9.83	40	90.69
549	127.92	28.2	41	77.04
550	84.39	79.45	40	25.81
551	162.99	72.94	41	68.56
552	123.26	57.49	43	48.46
553	50.67	94.32	44	49.66
554	152.35	190.89	41	104.89
555	178.62	60.3	43	88.07
556	110.93	85.93	41	17.82
557	82.12	70.25	39	34.71
558	129.18	50.92	40	57.1
559	144.65	119.91	39	48.89
560	154.97	132.93	42	64.08
561	160.67	146.63	43	76.52
562	23.03	158.72	43	96.81
Drivers: 14
id	x	y	end	sensitivity
558	67.27	22.83	38	0.96
559	129.89	190.01	40	1.23
560	8.62	75.38	38	1.19
561	53.07	182.03	38	1.27
562	129.12	188.35	39	1.78
563	134.3	155.2	40	1.66
564	135.44	15.22	38	1.92
565	43.7	134.03	40	1.61
566	54.54	50.06	38	0.89
567	16.41	94.34	39	1.53
568	9.56	1.2	38	0.88
569	129.65	146.24	40	0.95
570	77.4	113.93	38	1.77
571	94.8	152.33	39	1.46
Period: 39
Tasks:15
id	x	y	end	c
563	119.99	170.8	43	73.57
564	168.81	128.2	41	74.36
565	82.97	93.01	42	18.41
566	39.29	78.16	43	64.52
567	174.79	12.34	43	115.23
568	155.37	25.97	39	92.45
569	135.4	52.65	41	59.12
570	81.22	25.62	43	76.71
571	173.66	112.85	42	74.77
572	70.76	136.57	40	46.82
573	40.88	132.97	43	67.69
574	86.99	109.25	43	15.96
575	135.98	5.81	43	100.83
576	35.35	117.18	41	66.89
577	20.92	18.15	44	113.81
Drivers: 20
id	x	y	end	sensitivity
572	16.08	81.14	41	0.91
573	109.51	153.57	40	1.4
574	82.63	137.74	40	1.36
575	12.66	119.69	41	1.86
576	159.63	178.53	42	1.67
577	130.04	190.92	42	1.28
578	118	17.28	41	1.97
579	21.06	177.18	40	0.99
580	72.6	153	39	1.19
581	122.12	29.73	39	1.93
582	60.68	125.35	40	0.8
583	51.6	78.02	39	0.75
584	21.42	187.75	40	1
585	5.03	75.74	40	0.56
586	46.9	136.81	40	1.91
587	92.47	27.65	40	1.76
588	58.78	187.32	40	1.12
589	55.37	106.93	41	1.94
590	149.4	29.19	39	1.91
591	168.59	171.75	40	0.52
Period: 40
Tasks:24
id	x	y	end	c
578	68.11	84.08	41	35.64
579	48.99	134.59	44	61.63
580	52.8	42.24	46	74.59
581	31.49	26.7	41	100.33
582	52.49	90.58	44	48.43
583	121.05	109.7	46	23.18
584	131.03	90.33	41	32.5
585	169.99	188.5	42	112.83
586	117.09	93.49	42	18.29
587	59.43	172.69	43	83.25
588	111.1	87.81	42	16.49
589	197.63	198.07	46	138.38
590	48.8	76.11	44	56.5
591	79.01	131.19	42	37.6
592	26.76	97.34	44	73.29
593	74.82	21.56	45	82.38
594	147.07	178.37	40	91.42
595	147.49	163.54	41	79.33
596	198.26	84.55	44	99.47
597	123.63	20.32	46	83.11
598	182.7	174.2	50	111.11
599	186.76	115.89	40	88.2
600	53.28	160.01	45	76.05
601	154.44	62.82	43	65.92
Drivers: 18
id	x	y	end	sensitivity
592	23.64	37	41	1.82
593	144.55	31.25	41	0.94
594	96.52	58.86	41	1.65
595	198.38	31.33	40	1.17
596	134.78	74.95	40	1.28
597	59.64	40.32	42	1.97
598	191.54	34.34	41	1.99
599	131.1	110.2	41	1.85
600	166.09	165.13	42	1.14
601	176.75	49.26	43	1.02
602	85.27	151.15	41	0.57
603	143.3	30.28	40	0.84
604	186.46	108.69	40	1.26
605	78.48	79.57	41	1.68
606	85.05	112.03	41	0.61
607	133.47	58.24	40	0.86
608	134.18	182.25	40	1.03
609	197.36	45.65	40	1.08
Period: 41
Tasks:16
id	x	y	end	c
602	9.65	51.79	43	102.41
603	118.74	177.54	42	79.77
604	166.52	134.95	44	75.14
605	84.58	45.51	44	56.63
606	0.52	81.08	42	101.26
607	69.04	8.98	41	96.14
608	148.21	85.79	46	50.26
609	115.67	11.19	46	90.18
610	111.75	186.18	43	86.98
611	63.17	151.13	43	63.01
612	126.62	97.09	43	26.78
613	18.5	173.98	43	110.07
614	134.29	182.43	42	89.28
615	170.94	140.93	46	81.9
616	113.8	98.25	45	13.91
617	38.15	177.03	43	98.79
Drivers: 20
id	x	y	end	sensitivity
610	85.62	90.94	42	1.53
611	148.79	88.56	42	0.62
612	96.85	3.97	42	1.76
613	21.06	146.87	43	0.59
614	66.89	34.01	41	1.81
615	104.95	131.16	45	0.91
616	177.29	8.44	41	1.22
617	72.93	148.96	41	0.54
618	61.2	176.17	43	0.63
619	37.08	65.56	42	1.7
620	191.53	174.93	41	1.72
621	45.09	183.25	43	1.56
622	13.81	23.1	44	1.57
623	123.75	29.05	42	1.09
624	185.77	129.05	42	1.29
625	158.31	55.62	42	0.81
626	50.92	17.91	43	1.16
627	176.91	2.02	42	0.93
628	174.38	50.49	43	1.75
629	76.85	137.58	43	0.79
Period: 42
Tasks:14
id	x	y	end	c
618	6.02	160.07	42	111.54
619	51.67	184.7	42	97.52
620	86.44	104.01	45	14.14
621	85.39	125.87	43	29.71
622	196.39	3.84	43	136.15
623	29.44	97.12	46	70.62
624	137.17	143.19	47	56.98
625	18.82	194.64	43	124.69
626	117.79	25	44	77.08
627	133.64	20.16	43	86.64
628	6.12	14.43	45	127.03
629	120.82	40.38	45	63.15
630	56.05	173.55	46	85.68
631	29.36	86.38	43	71.94
Drivers: 18
id	x	y	end	sensitivity
630	190.68	106.41	43	1.11
631	63.34	104.24	44	1.85
632	97.15	177.86	42	0.57
633	123.5	93.08	43	1.79
634	171.85	183.86	42	1.41
635	103.29	180.78	44	0.72
636	0.09	136	44	1.52
637	152.76	106.34	43	1.37
638	100.69	160.87	44	1.18
639	133.61	196.88	42	0.86
640	53.05	49.43	44	1.17
641	153.5	135.02	43	1.84
642	111.1	149.32	43	0.6
643	47.06	35.18	43	1.47
644	84.62	43.91	42	0.81
645	99.61	120.75	42	1.33
646	147.92	90	44	1.77
647	139.65	77.37	44	1.33
Period: 43
Tasks:11
id	x	y	end	c
632	163.38	9.84	44	110.21
633	0.07	123.94	45	102.76
634	84.67	85.97	49	20.78
635	67.15	196.09	47	101.55
636	45.88	62.84	47	65.65
637	167.29	51.41	47	83
638	169.13	105.27	45	69.33
639	79.55	88	47	23.71
640	112.06	109.96	46	15.64
641	5.63	7.3	46	132.28
642	186.3	43.24	44	103.29
Drivers: 13
id	x	y	end	sensitivity
648	195.4	157.25	45	1.13
649	76.75	29.5	43	1.16
650	66.29	122.76	43	0.74
651	110.89	120.86	44	1.02
652	131.18	170.09	43	1.67
653	84.15	33.38	45	1.55
654	27	155.35	44	0.61
655	175.87	182.24	44	1.46
656	63.31	98	44	1.58
657	174.62	91.28	43	1.61
658	31	32.68	43	1.99
659	163.69	128.72	43	1.26
660	155.17	140.52	44	0.77
Period: 44
Tasks:16
id	x	y	end	c
643	81.75	110.27	49	20.94
644	16.35	68.28	50	89.46
645	169.9	154.69	45	88.75
646	74.06	32.17	49	72.62
647	78.53	122.18	47	30.87
648	101.75	74.31	48	25.75
649	153.45	11.07	46	103.76
650	126.55	131.8	44	41.43
651	52.79	93.54	46	47.65
652	188.84	55.16	48	99.51
653	116.85	69.78	46	34.6
654	80.58	110.95	46	22.29
655	100.82	36.29	49	63.72
656	103.25	145.41	52	45.53
657	146.81	173.78	44	87.38
658	93.67	150.95	45	51.34
Drivers: 18
id	x	y	end	sensitivity
661	65.53	23.15	46	1.5
662	40.87	20.03	46	0.79
663	90.1	29.35	47	1.59
664	146.45	180.95	46	1.04
665	123.21	6.04	45	1.78
666	115.62	0.23	45	1.26
667	77.48	6.98	47	0.77
668	165.87	44.6	45	1.53
669	85.93	123.55	44	1.11
670	171.45	82.64	45	1.62
671	4.09	76.48	46	0.55
672	131.63	95.1	47	0.85
673	67.67	196.95	44	1.71
674	83.62	87.67	45	1.13
675	112.57	129.37	44	1.96
676	115.77	173.8	44	1.55
677	20.04	12.43	45	1.83
678	71.28	64.02	44	1.66
Period: 45
Tasks:14
id	x	y	end	c
659	145.44	134.11	46	56.82
660	198.55	103.43	48	98.61
661	68.98	96.99	51	31.17
662	194.54	32.32	48	116.27
663	197.86	44.53	50	112.49
664	87.33	28.42	50	72.69
665	16.25	95.88	50	83.85
666	21.53	188.6	49	118.35
667	97.74	21.95	49	78.08
668	52.94	181	47	93.68
669	64.98	77.11	48	41.84
670	75.4	91.42	51	26.05
671	49.89	172.19	53	87.88
672	194.4	115.69	46	95.7
Drivers: 15
id	x	y	end	sensitivity
679	83.6	59.16	46	1.77
680	165.14	115.81	46	1.93
681	195.69	29.43	48	0.54
682	39.93	167.63	47	1.2
683	106.5	190.62	47	0.52
684	37.05	49.55	46	0.7
685	99.97	109.16	46	1.66
686	136.89	90.74	45	0.61
687	101.66	71.31	45	0.53
688	109.21	86.56	46	1.88
689	158.08	73.93	47	1.55
690	67.09	144.14	45	1.31
691	135.8	37.66	46	1.95
692	74.65	49.92	46	1.13
693	4.91	173.89	45	0.61
Period: 46
Tasks:14
id	x	y	end	c
673	47.61	71.49	51	59.65
674	112.88	138.1	50	40.22
675	21.73	112.88	49	79.32
676	57.71	119.37	50	46.51
677	125.38	140.32	49	47.64
678	91.21	140.48	49	41.42
679	191.04	71.71	47	95.33
680	69.34	24.62	50	81.38
681	171.64	155.63	48	90.7
682	123.26	74.72	47	34.35
683	91.59	11.91	47	88.49
684	195.76	25.63	47	121.25
685	183.31	25.74	47	111.6
686	193.44	199.02	48	136.15
Drivers: 15
id	x	y	end	sensitivity
694	126.33	81.11	49	0.85
695	117.12	194.2	47	1.27
696	119.93	75.52	46	1.45
697	90.88	54.71	46	0.68
698	172.51	139.8	47	1.75
699	186.8	86.52	47	1.99
700	87.77	122.74	47	0.55
701	176.43	168.8	46	1.44
702	34.36	64.52	46	1.05
703	172.68	61.75	47	1.05
704	120.25	127.91	46	1.75
705	73.91	17.11	46	0.97
706	53.62	20.22	49	1.26
707	198.56	30.92	49	0.94
708	165.92	130.95	47	1.16
Period: 47
Tasks:16
id	x	y	end	c
687	26.39	31.19	50	100.76
688	88.98	199.16	49	99.77
689	155.86	50.1	52	74.9
690	22.18	26.62	53	106.96
691	110.68	62.11	50	39.37
692	85.61	30.26	48	71.21
693	157.81	167.11	55	88.58
694	2.63	199.51	49	139.22
695	80.59	65.46	51	39.62
696	0.67	153.09	49	112.63
697	47.26	41.06	49	79.09
698	76.53	4.79	50	98.06
699	38.94	120.95	49	64.55
700	48.04	13.04	50	101.3
701	111.43	179.96	49	80.77
702	22.55	188.75	54	117.79
Drivers: 10
id	x	y	end	sensitivity
709	81.12	168.7	49	0.71
710	31.03	54.46	47	1.09
711	59.34	120.63	49	0.53
712	73.83	43.34	47	1.77
713	142.97	106.12	48	0.53
714	55.07	93.23	50	1.65
715	96.71	182.79	49	1.5
716	199.28	52.69	48	0.89
717	33.8	183.71	48	0.93
718	137.79	176.6	50	1.81
Period: 48
Tasks:17
id	x	y	end	c
703	62.62	95.63	51	37.63
704	87.38	143.86	50	45.64
705	154.61	94.51	48	54.89
706	107.39	59.85	50	40.82
707	94.72	154.55	50	54.8
708	149.16	161.5	50	78.73
709	83.99	46.27	51	56.06
710	47.22	45.32	53	76
711	74.47	128.19	53	38.03
712	57.79	75.55	52	48.78
713	50.03	137.64	49	62.56
714	144.22	153.54	51	69.44
715	145.91	79.53	50	50.27
716	48.43	165.9	51	83.68
717	15.54	31.08	51	109.01
718	195.38	130.23	54	100.06
719	81.15	99.3	49	18.86
Drivers: 24
id	x	y	end	sensitivity
719	14.72	62.26	48	1.02
720	22.3	157.73	48	1.09
721	75.07	66.04	50	1.64
722	85.82	130.44	49	0.87
723	50.65	58.73	48	0.71
724	58.96	95.66	50	1.35
725	113.78	158.26	51	1.7
726	35.84	101.45	50	0.78
727	72.53	120.05	48	0.65
728	187.12	56.1	50	0.7
729	174.2	28.11	49	0.57
730	188	40.23	51	1.76
731	16.61	61.56	51	1.58
732	6.76	99.17	49	1.26
733	81.81	191.16	50	1
734	102.03	198.53	50	0.91
735	46.21	144.32	48	0.59
736	151.85	185.76	51	0.86
737	174.5	58.78	51	1.8
738	191.08	98.26	49	0.67
739	114.95	79.11	49	1.4
740	166.39	173	52	1.02
741	31.04	84.02	48	1.73
742	183.74	161.44	49	1.62
Period: 49
Tasks:14
id	x	y	end	c
720	29.9	34.88	56	95.68
721	44.27	95.28	52	55.93
722	43.78	143.71	51	71.21
723	136.12	158.22	51	68.51
724	71.38	74.96	51	38.03
725	118.34	174.34	51	76.57
726	80.3	7.16	51	94.91
727	53.04	152.47	51	70.42
728	21.83	169.57	53	104.64
729	159.36	167.45	54	89.85
730	96.37	62.96	53	37.22
731	173.09	51.76	51	87.57
732	88.64	49.69	50	51.58
733	65.12	72.62	54	44.34
Drivers: 16
id	x	y	end	sensitivity
743	173.57	64.35	52	0.59
744	136.36	15.79	50	0.69
745	94.06	165.27	50	1.97
746	107.47	190.16	51	0.51
747	113.65	35.71	50	0.79
748	151.81	111.06	50	1.33
749	84.7	119.06	50	1.73
750	170.19	194.91	51	1.9
751	157.62	86.66	51	0.51
752	101.02	149.27	49	0.95
753	162.54	140.41	52	1.44
754	98.56	83.36	49	0.66
755	82.31	197.95	50	1.92
756	51.47	60.45	50	0.81
757	53.27	106.54	49	1.14
758	126.53	196.32	51	1.09
Period: 50
Tasks:13
id	x	y	end	c
734	190.08	178.77	51	119.66
735	55.94	83.08	53	47.2
736	8.06	40.35	56	109.6
737	137.95	62.15	57	53.6
738	13.94	25.73	53	113.68
739	189.86	131.6	53	95.25
740	38.44	103.87	55	61.68
741	91.99	152.59	51	53.2
742	29.52	199.49	55	121.92
743	155.4	112.04	56	56.69
744	72.65	38.63	51	67.19
745	163.19	141.42	51	75.56
746	128.48	52.04	52	55.78
Drivers: 6
id	x	y	end	sensitivity
759	29.87	20.82	51	0.7
760	125.46	46.6	50	1.87
761	21.53	138.76	54	1.38
762	45.96	86.54	51	0.94
763	196.12	172.55	52	0.55
764	126.05	115.22	54	1.58
Period: 51
Tasks:20
id	x	y	end	c
747	167.53	74.3	51	72.26
748	168.94	57.03	55	81.24
749	95.02	191.02	53	91.16
750	13.53	148.99	56	99.38
751	191.58	193.1	53	130.59
752	9.97	82.09	53	91.79
753	102.66	167.13	55	67.18
754	57.46	34.33	54	78.24
755	9.04	133.86	58	97.06
756	82.86	192.19	53	93.77
757	107.95	99.2	51	7.99
758	78.89	95.3	53	21.63
759	106.23	63.77	56	36.76
760	176.92	99.83	53	76.92
761	183.51	74.29	52	87.38
762	162.29	142.61	55	75.47
763	73.63	21.95	55	82.38
764	27.86	185.7	53	112.02
765	37.07	115.46	55	64.8
766	99.9	168.71	55	68.71
Drivers: 18
id	x	y	end	sensitivity
765	88.16	41.5	53	1.97
766	97.81	134.65	51	1.57
767	83.76	196.4	52	0.81
768	185.24	55.97	52	1.51
769	175.68	41.8	52	1.69
770	169.46	137.56	54	0.92
771	141.68	129.89	51	1.48
772	113.52	41.68	51	1.94
773	111.32	5.62	51	1.77
774	104.13	70.42	53	1.9
775	57.75	23.52	51	1.98
776	83.13	114.23	51	1.39
777	136.29	125.32	51	0.72
778	119.08	109.46	51	1.56
779	130.61	16.05	52	1.86
780	109.38	28.98	52	0.56
781	131.72	168.68	53	1.91
782	11.71	126.5	51	0.9
Period: 52
Tasks:15
id	x	y	end	c
767	12.16	96.08	55	87.93
768	142.75	25.86	55	85.58
769	179.4	162.61	55	101.12
770	172.02	173.13	54	102.64
771	23.4	96.73	55	76.67
772	192.52	70.26	53	97.18
773	162.68	36.37	54	89.32
774	109.06	94.93	57	10.38
775	105.29	138.61	53	38.97
776	0.59	181.81	57	128.74
777	21.95	174.51	55	107.91
778	0.78	77.87	56	101.66
779	128.54	130.08	58	41.46
780	28.2	143.83	55	84.12
781	67.07	22.76	52	83.97
Drivers: 11
id	x	y	end	sensitivity
783	75.3	198.01	54	1.55
784	166.23	103.94	52	1.31
785	128.17	170.62	52	1.78
786	129.48	34.66	54	1.97
787	174.61	130.68	54	0.85
788	127.23	48.25	53	1.16
789	34.9	146.42	56	0.84
790	72.08	46.52	53	1.58
791	0.45	184.94	53	0.63
792	186.3	143.14	52	0.63
793	58.27	139.33	52	1.93
Period: 53
Tasks:18
id	x	y	end	c
782	184.39	164.86	55	106.44
783	150.85	157.72	58	76.92
784	188.08	76.65	58	91.12
785	174.49	20.93	55	108.63
786	31.69	60.27	57	79.02
787	151.78	164.81	54	82.95
788	74.73	73.3	55	36.76
789	115.53	88.23	53	19.49
790	153.78	143.15	59	68.95
791	170.64	24.15	54	103.65
792	146.95	122.47	55	52.05
793	31.24	132.16	54	75.91
794	13.48	105.47	57	86.69
795	41.77	51.4	55	75.85
796	110.47	54.18	56	47
797	159.01	196.77	55	113.34
798	9.62	149.45	56	103.02
799	6.83	133.36	56	98.96
Drivers: 19
id	x	y	end	sensitivity
794	187.22	166.15	56	1.21
795	152.97	132.45	56	0.55
796	37.82	192.66	53	1
797	158.42	113.65	56	0.94
798	64.55	97.9	53	0.96
799	125.05	81.82	54	1.32
800	93.68	83.99	54	0.98
801	37.62	107.26	55	1.76
802	162.79	194.73	53	1.36
803	176.64	44.77	54	1.94
804	174.51	199.9	53	0.82
805	134.95	191.63	53	1.33
806	104.89	11.46	53	1.15
807	160.09	25.01	54	2
808	145.63	182.48	53	1.72
809	13.64	74.92	54	1.64
810	31.53	18.49	53	0.8
811	81.06	24.53	53	1.08
812	157.23	135.15	55	1.25
Period: 54
Tasks:22
id	x	y	end	c
800	186.02	147.41	58	98.22
801	148.61	112.67	60	50.23
802	131.79	37.34	55	70.26
803	9.27	172.47	60	116.12
804	9.11	96.16	55	90.97
805	132.91	90.15	58	34.35
806	151.47	69.69	57	59.73
807	63.86	84.37	58	39.38
808	151.32	198.03	57	110.65
809	8.65	136.55	55	98.39
810	2.55	195.69	57	136.58
811	146.56	192.93	54	103.94
812	49.06	100.67	57	50.94
813	36.3	71.8	56	69.66
814	145.72	19.34	58	92.72
815	163.77	90.16	58	64.52
816	184.6	24.92	55	113.11
817	94.97	7.19	54	92.95
818	56.05	8.26	62	101.72
819	191.82	174.35	56	118.15
820	81.69	29.83	57	72.52
821	58.98	125.08	57	48.08
Drivers: 10
id	x	y	end	sensitivity
813	35.44	145.9	54	1.61
814	83.39	134.63	54	1.67
815	179.72	186.06	56	1.47
816	183.95	197.11	56	0.8
817	182.35	129.29	56	1.61
818	122.91	65.06	55	1.04
819	94.7	185.62	55	1.56
820	22.45	160.85	55	1.15
821	84.15	150.09	55	1.91
822	68.78	36.82	55	1.31
Period: 55
Tasks:13
id	x	y	end	c
822	8.02	191.52	57	129.75
823	162.51	22.1	60	99.88
824	134.38	102.84	58	34.5
825	102.41	133.91	57	34
826	100.02	118.95	56	18.95
827	119.93	194.22	60	96.3
828	65.89	85.99	59	36.88
829	23.3	167.82	57	102.38
830	61.79	63.66	58	52.73
831	90.86	187.51	57	87.99
832	130.77	171.85	59	78.16
833	13.5	157.1	56	103.65
834	6.32	132.67	58	99.21
Drivers: 12
id	x	y	end	sensitivity
823	65.96	4.74	57	0.59
824	131.13	148.86	55	1.67
825	55.57	36.27	56	0.98
826	190.41	130.99	56	1.97
827	123.41	6.09	55	1.83
828	152.06	169.23	56	0.73
829	15.6	8.72	57	1.03
830	36.48	62.99	57	0.98
831	115.6	20.21	56	0.7
832	26.36	20.46	55	1.12
833	53.89	120.09	55	1.83
834	195.96	123.72	57	1.43
Period: 56
Tasks:14
id	x	y	end	c
835	140	1.9	59	105.94
836	52.1	185.46	59	97.97
837	107.76	88.91	58	13.54
838	82.81	2.28	60	99.22
839	153.31	60.04	62	66.62
840	36.91	96.03	58	63.21
841	101.29	30.17	58	69.84
842	52.41	22.07	60	91.31
843	124.52	145.87	62	52.01
844	136.04	107.84	60	36.88
845	164.81	166.74	59	93.03
846	36.5	1.19	63	117.45
847	155.6	125.65	57	61.23
848	53.91	104.18	57	46.28
Drivers: 14
id	x	y	end	sensitivity
835	149.5	182.63	58	1.93
836	97.97	182.85	57	0.97
837	43.2	125.32	56	1.75
838	174.98	51.09	57	0.62
839	153.19	54.57	60	0.81
840	138.89	196.48	56	1.82
841	65.5	74.21	58	0.61
842	110.51	197.75	56	1.07
843	113.81	170.8	56	1.12
844	110.75	31.14	56	1.34
845	2.15	199.35	57	1.63
846	165.17	145.43	56	1.56
847	166.45	194.13	56	1.78
848	103.04	172.66	56	0.78
Period: 57
Tasks:18
id	x	y	end	c
849	16.41	112.57	60	84.53
850	112.76	124.39	58	27.53
851	97.35	85.61	61	14.63
852	39.72	194.23	57	111.86
853	12.23	72.99	59	91.83
854	168.83	142.71	59	81
855	61.45	37.79	59	73.19
856	180.14	178.07	61	111.88
857	61.32	133.46	60	51.14
858	177.89	190.27	63	119.23
859	32.86	34.24	62	93.98
860	6.48	156.56	59	109.29
861	39.39	195.3	60	112.94
862	4.45	87.04	59	96.42
863	106.54	30.3	58	70.01
864	0.61	130.71	61	104.03
865	152.76	95.88	63	52.92
866	38.06	170.17	60	93.6
Drivers: 16
id	x	y	end	sensitivity
849	166.99	48.47	58	1.6
850	57.47	16.38	59	1.59
851	175.32	166.5	58	0.7
852	161.03	62.19	58	0.93
853	170.4	65.13	57	1.24
854	82.16	70.99	58	1.49
855	154.54	90.76	58	0.97
856	35.32	187.43	57	1.1
857	182.05	49.78	57	1.37
858	158.41	36.72	57	0.8
859	94.56	166.7	58	0.59
860	192.57	113.05	58	1.71
861	116.23	18.24	59	0.56
862	50.83	108.31	58	1.51
863	162.73	117.83	57	0.81
864	1.2	166.63	57	1.2
Period: 58
Tasks:14
id	x	y	end	c
867	176.2	180.24	61	110.66
868	12.4	105.94	60	87.8
869	48.21	111.88	64	53.14
870	196.82	147.14	62	107.69
871	126.42	81.65	59	32.17
872	79.86	36.2	61	66.9
873	52.89	158.37	59	75.01
874	49.54	73.54	62	56.98
875	31.1	112.3	60	69.99
876	113.11	107.21	61	14.96
877	97.12	32.85	60	67.21
878	108.53	189.53	59	89.94
879	147.94	85.12	59	50.2
880	41.64	98.7	59	58.37
Drivers: 16
id	x	y	end	sensitivity
865	38.33	66.73	59	0.71
866	196.1	81.9	60	0.64
867	55.64	86.65	60	1.83
868	67.94	135.19	59	0.57
869	85.53	143.34	60	1.11
870	109.92	150.44	58	1.11
871	169.29	44.11	59	1.17
872	89.08	198.29	59	1.88
873	52.61	4.5	58	1.29
874	71.81	148.85	62	1.34
875	58.37	40.36	58	1.68
876	175.07	0.45	60	1.74
877	45.68	131.6	58	1.65
878	81.66	2.17	59	1.69
879	27.27	187.22	59	1.76
880	53.66	187.34	58	1.84
Period: 59
Tasks:12
id	x	y	end	c
881	75.19	98.97	60	24.83
882	144.95	67.7	64	55.35
883	100.43	14.75	61	85.25
884	15.29	146.24	61	96.51
885	48.29	102.22	63	51.76
886	19.72	117.05	62	82.07
887	25.51	86.98	60	75.62
888	9.19	77.5	62	93.56
889	19.34	116.5	64	82.33
890	121.1	149.13	61	53.47
891	157.54	186.86	65	104.19
892	132.76	153.97	63	63.13
Drivers: 13
id	x	y	end	sensitivity
881	83.86	32.06	60	1.63
882	152.84	157.97	59	0.91
883	78.7	99.68	59	0.54
884	146.99	33.82	60	1.29
885	28.61	108.29	59	0.52
886	87.65	124.6	62	0.79
887	186.67	184.46	59	1.83
888	105.42	53.68	59	1.28
889	172.16	133.39	59	1.28
890	191.09	109.66	59	1.17
891	66.39	54.94	60	1.37
892	135.5	12.66	59	1.53
893	111.91	101.21	62	1.76
Period: 60
Tasks:15
id	x	y	end	c
893	161.53	63.46	62	71.56
894	165.15	66.98	66	73.04
895	198.36	49.43	63	110.6
896	127.66	45.98	63	60.69
897	171.71	116.61	66	73.61
898	165.08	62.06	62	75.33
899	41.43	62.63	68	69.48
900	77.43	141.43	61	47.18
901	37.68	118.65	61	65.05
902	64.45	128.24	60	45.4
903	160.69	153.32	61	80.79
904	67.04	68.27	63	45.75
905	190.71	179.57	63	120.66
906	26.05	2.97	62	122
907	165.72	106.03	64	66
Drivers: 18
id	x	y	end	sensitivity
894	73.97	25.42	62	0.58
895	140.14	101.09	60	1.1
896	110.32	190.81	64	0.71
897	24.77	172.25	61	0.7
898	119.94	109.25	60	0.92
899	52.1	34.69	62	1.17
900	112.92	90.2	61	1.38
901	32.1	186.12	62	1.62
902	167.39	97.61	63	0.71
903	87.33	192.73	61	2
904	76.54	57.01	63	0.79
905	139.91	140.99	65	0.98
906	141.8	41.52	62	1.82
907	18.83	151.44	63	1.59
908	186.08	13.34	60	1
909	64.62	39.63	61	1.87
910	159.8	198.37	61	1.72
911	31.41	86.43	61	1.55
Period: 61
Tasks:8
id	x	y	end	c
908	42.34	177.52	64	96.61
909	16.06	63.67	64	91.46
910	8.79	146.39	66	102.33
911	152.77	113.73	61	54.53
912	72.17	147.91	64	55.41
913	130.88	109.16	66	32.21
914	26.15	180.4	64	109.17
915	147.03	76.68	64	52.49
Drivers: 16
id	x	y	end	sensitivity
912	189.35	111.79	64	0.97
913	25.62	63.74	63	0.89
914	32.75	168.01	61	0.99
915	132.95	156.35	64	1.12
916	138.24	195.84	61	0.93
917	176.04	126.1	62	1.06
918	161.11	121.59	62	1.26
919	53.81	18.01	62	1.01
920	70.15	154.66	63	0.83
921	87.81	46.06	62	1.5
922	136.78	189.16	62	1.46
923	67.35	162.81	61	0.74
924	168.59	63.95	62	1.62
925	140.29	4.52	61	1.57
926	190.12	34.56	63	1.02
927	74.33	48.11	62	1.12
Period: 62
Tasks:20
id	x	y	end	c
916	83.31	99.28	66	16.71
917	163.86	196.2	63	115.47
918	163.11	4.44	64	114.52
919	14.1	102.14	62	85.93
920	128.55	170.27	65	75.85
921	67.46	195.54	66	100.93
922	174.32	1.54	62	123.36
923	0.67	167.55	65	120.12
924	162.7	28.89	65	94.8
925	25.47	151.93	63	90.84
926	182.22	28.83	64	108.74
927	181.72	171.38	66	108.5
928	68.26	167.27	66	74.38
929	68.45	8.57	62	96.72
930	112.39	5.92	65	94.89
931	35.03	115.9	66	66.89
932	79.26	69.75	66	36.68
933	142.78	140.3	68	58.77
934	120.62	60.29	63	44.74
935	29.84	60.13	64	80.7
Drivers: 18
id	x	y	end	sensitivity
928	162.65	37.14	63	1.7
929	158.69	51.81	62	1.2
930	194.81	74.7	62	0.68
931	60.66	163.54	64	1.6
932	102.84	125.31	64	0.67
933	65.98	61.4	65	1.82
934	168.01	140.65	62	1.67
935	29.03	181.78	62	1.58
936	82.75	119.07	64	1.53
937	153.44	44.84	63	1.68
938	37.7	25.93	63	1.28
939	74.68	49.51	62	0.8
940	21.81	151.16	62	0.52
941	124.52	8.09	62	1.63
942	155.66	114.18	65	0.52
943	23.08	56.82	63	1.44
944	136.53	12.67	63	1.56
945	91.12	64.49	64	1
Period: 63
Tasks:18
id	x	y	end	c
936	38.16	150.88	67	80.08
937	194.29	24.82	65	120.59
938	154.51	155.27	64	77.63
939	195.25	102.86	64	95.29
940	78.06	163.87	67	67.53
941	186.47	193.98	64	127.71
942	36.73	101.73	66	63.29
943	183.09	137.78	65	91.28
944	106.02	126.94	64	27.6
945	15.8	8.97	64	124
946	175.02	101.58	68	75.04
947	58.97	57.34	66	59.19
948	159.48	78.48	64	63.25
949	139.27	74.58	66	46.78
950	68.45	72.88	66	41.6
951	189.74	84.03	66	91.15
952	1.74	63.36	64	104.87
953	148.38	5.45	67	106.21
Drivers: 10
id	x	y	end	sensitivity
946	133.69	174.73	65	1.38
947	163.09	175.17	64	1.58
948	37.86	7.26	65	1.49
949	160.63	174.54	63	0.83
950	31.39	103.18	63	1.06
951	86.76	190.83	63	0.96
952	151.4	154.77	64	0.98
953	127.3	163.05	64	1.8
954	29.58	191.34	64	1.38
955	119.26	189.31	63	1.3
Period: 64
Tasks:9
id	x	y	end	c
954	0.72	104.26	67	99.37
955	158.09	189.45	67	106.66
956	42.34	131.36	64	65.64
957	109.87	106.43	65	11.78
958	86.01	130.98	68	33.99
959	3.5	63.86	64	103.05
960	131.07	0.38	65	104.35
961	172.3	47.9	71	89.12
962	67.05	63.11	66	49.46
Drivers: 14
id	x	y	end	sensitivity
956	158.37	186.63	65	1.68
957	137.53	78.41	64	1.39
958	12.31	35.89	65	1.07
959	11.27	102.82	65	1.4
960	36.71	143.49	64	1.59
961	68.26	73.85	68	1.43
962	172.97	170.05	67	1.48
963	140.97	89.3	65	1.13
964	100.18	142.82	64	1.91
965	107.75	55.13	65	1.27
966	99.81	74.19	66	0.65
967	70.49	77.8	64	0.98
968	147.87	15.62	65	1.39
969	67.21	52.85	67	1.33
Period: 65
Tasks:18
id	x	y	end	c
963	188.37	188.25	65	124.89
964	137.46	180.86	66	89.12
965	102.17	143.55	67	43.6
966	76.69	198.57	68	101.29
967	136.5	106.51	67	37.08
968	153.68	17.34	67	98.56
969	183.53	174.5	66	111.93
970	75.79	121.46	67	32.35
971	87.21	133.06	70	35.45
972	157.99	197.66	69	113.58
973	156.62	84.03	68	58.83
974	134.41	61.84	70	51.38
975	166.8	91.81	66	67.3
976	23.57	164.94	69	100.29
977	28.13	17.62	70	109.32
978	62.17	103.34	70	37.98
979	142.52	40.41	68	73.2
980	176.26	21.39	67	109.52
Drivers: 16
id	x	y	end	sensitivity
970	62.2	197.38	67	0.57
971	78.49	40.64	65	0.76
972	71	59.68	69	0.67
973	129.46	148.81	67	0.59
974	88.54	50.21	65	0.78
975	111.02	16.79	66	1.38
976	91.79	129.58	65	0.81
977	144.62	103.83	66	1.44
978	66.8	69.28	65	0.56
979	88.71	128.24	66	1.17
980	17.35	146.7	67	1.44
981	180.57	66.36	65	1.56
982	141.49	187.06	65	1.27
983	90.15	145.57	67	1.44
984	53.09	153.41	65	1.15
985	95.02	44.43	66	1.4
Period: 66
Tasks:18
id	x	y	end	c
981	64.62	36.98	67	72.27
982	4.39	139.88	68	103.59
983	148.01	71.35	71	55.91
984	130.73	117.45	70	35.34
985	87.69	140.56	70	42.39
986	192.04	69.66	67	96.91
987	163.65	121.83	67	67.29
988	106.59	157.22	72	57.6
989	192.52	135.9	72	99.24
990	138.91	89.78	69	40.23
991	42.68	15.52	68	102.09
992	6.87	10.54	73	129.14
993	34.72	135.99	68	74.54
994	46.66	155.91	69	77.27
995	193.82	198.82	70	136.26
996	57.79	84.62	68	44.92
997	65.04	6.2	66	100.1
998	124.73	82.91	72	30.06
Drivers: 21
id	x	y	end	sensitivity
986	94.52	146.62	67	0.61
987	128.44	183.72	67	1.46
988	13.4	126.6	66	0.84
989	152.6	143.96	66	1.76
990	84.52	171.46	70	1.66
991	132.24	181.85	67	1.01
992	116.41	97.66	67	1
993	137.99	100.12	67	0.53
994	47.41	59.28	66	1.82
995	180.2	131.07	67	1.25
996	173.43	134.47	66	1.38
997	153.99	31.71	68	0.83
998	106.37	24.32	68	1.22
999	20.28	31.23	66	1.87
1000	52.41	105.01	66	0.74
1001	168.33	154.14	68	0.86
1002	169.81	54.23	66	1.18
1003	119.46	171.54	68	1.64
1004	35.14	4.41	67	1.88
1005	129.99	135.75	67	0.67
1006	47.67	164.85	70	1.87
Period: 67
Tasks:11
id	x	y	end	c
999	162.98	154.4	69	83.22
1000	46.03	191.08	71	105.87
1001	125.12	101.98	73	25.2
1002	87.7	71.71	72	30.85
1003	136.37	11.05	74	96.1
1004	85.31	162.38	67	64.09
1005	178.3	161.58	70	99.61
1006	190.56	96.86	69	90.61
1007	165.01	199.13	71	118.55
1008	100.56	98.14	71	1.94
1009	14.42	92.61	67	85.9
Drivers: 12
id	x	y	end	sensitivity
1007	22.35	131.98	69	1.99
1008	59.59	21.32	67	1.65
1009	10.62	149.5	68	1.44
1010	53.16	135.67	68	0.67
1011	6.71	137.96	70	1.21
1012	162.67	21.12	69	1.37
1013	9.24	9.77	68	1.38
1014	194.98	162.72	67	0.58
1015	31.43	193.31	68	0.54
1016	100.66	162.49	67	1.87
1017	161.39	7.69	67	1.72
1018	165.48	168.71	67	1.37
Period: 68
Tasks:11
id	x	y	end	c
1010	137.17	26.28	69	82.56
1011	21.85	109.36	72	78.71
1012	139.99	198.42	69	106.23
1013	181.02	106.67	69	81.29
1014	91.06	12.48	71	87.98
1015	181.83	67.35	70	88.1
1016	6.28	190.82	74	130.51
1017	11.59	11.93	73	124.79
1018	129.46	121.96	69	36.74
1019	124.8	81.98	69	30.66
1020	23.08	104.95	71	77.08
Drivers: 20
id	x	y	end	sensitivity
1019	42.39	45.39	70	1.33
1020	107.36	100.43	69	1.84
1021	42.25	47.57	68	0.62
1022	129.56	142.99	68	1.4
1023	128.94	97.1	70	0.6
1024	31.29	169.47	71	1.14
1025	144.35	191.61	70	0.69
1026	149.48	146.42	68	1.82
1027	99.47	165.45	70	1.72
1028	146.02	85.55	69	1.62
1029	113.88	193.88	69	1.45
1030	109.19	12.05	69	0.82
1031	170.73	138.31	70	1.36
1032	139.3	95.94	69	0.98
1033	194.18	105.43	69	1.72
1034	75.64	192.41	69	1.82
1035	164.17	28.68	70	1.83
1036	134.98	94	69	1.84
1037	65.81	108.52	70	1.57
1038	20.82	17.1	68	1.2
Period: 69
Tasks:13
id	x	y	end	c
1021	57.65	78.76	72	47.38
1022	83	42.1	71	60.34
1023	137.38	37.44	76	72.88
1024	27.12	104.27	74	73
1025	66.74	24.66	71	82.35
1026	105.06	118.13	74	18.82
1027	42.62	86.51	73	58.94
1028	15.88	0.06	71	130.63
1029	19.85	28.92	71	107.13
1030	38.76	98.09	73	61.27
1031	168.49	84.07	73	70.32
1032	1.17	101.71	72	98.84
1033	84.73	108.43	73	17.44
Drivers: 22
id	x	y	end	sensitivity
1039	119.29	167.91	70	1.66
1040	156.05	151.93	71	0.56
1041	2.72	104.06	69	1.16
1042	68.91	150.75	69	1.28
1043	91.58	65.17	69	1.89
1044	143.22	159.43	70	0.99
1045	84.99	93.81	70	0.96
1046	6.59	122.92	69	1.32
1047	49.14	139.34	69	1.55
1048	175.08	88.83	70	0.98
1049	192.16	34.83	69	1.71
1050	23.03	41.75	70	1.94
1051	154.82	128.18	69	1.38
1052	178.37	37.24	70	1.65
1053	142.97	151.25	71	1.63
1054	155.54	11.59	69	1.59
1055	151.74	138.9	69	1.6
1056	66.44	23.74	70	1.96
1057	67.06	71.65	70	1.08
1058	22.67	162.82	69	0.98
1059	62.24	26.6	69	1.74
1060	81.17	61.9	70	1.1
Period: 70
Tasks:16
id	x	y	end	c
1034	114.95	156.31	72	58.26
1035	71.65	127.36	74	39.4
1036	145.29	0.36	76	109.45
1037	15.8	79.31	72	86.7
1038	18.19	107.19	74	82.13
1039	167.98	99.34	76	67.98
1040	26.48	119.59	73	76.09
1041	123.78	153.71	73	58.74
1042	190.37	125.3	72	93.84
1043	156.1	148.67	72	74.27
1044	183.87	149.75	72	97.52
1045	68.8	90.45	71	32.63
1046	22.2	37.04	72	100.08
1047	4.41	170.17	71	118.58
1048	67.35	80.69	75	37.93
1049	185.89	80.66	73	88.04
Drivers: 5
id	x	y	end	sensitivity
1061	121.99	59.04	71	1.24
1062	194.53	46.23	71	1.65
1063	85.47	9.26	72	0.86
1064	123.99	81.45	70	1.98
1065	53.78	55	71	0.58
Period: 71
Tasks:11
id	x	y	end	c
1050	42.23	32.56	73	88.8
1051	75.67	32.58	76	71.68
1052	141.45	50.37	73	64.66
1053	149.34	131.63	73	58.61
1054	76.06	63.84	72	43.37
1055	85.23	99.98	75	14.77
1056	2.9	30.85	74	119.21
1057	6.33	101.76	72	93.69
1058	106.51	137.44	73	38
1059	32.43	46.37	72	86.27
1060	56.73	32.73	73	79.98
Drivers: 11
id	x	y	end	sensitivity
1066	82.63	139.97	72	1.18
1067	90.63	146.71	72	0.56
1068	109.13	24.03	72	1.5
1069	180.85	115.37	71	1.34
1070	65.29	119.37	71	0.8
1071	114.41	145.49	74	1.86
1072	6.77	67.43	73	1.51
1073	136.06	19.35	72	1.28
1074	182.59	38.01	74	1.15
1075	54.39	23.81	73	1.24
1076	49.05	51.34	71	1.13
Period: 72
Tasks:19
id	x	y	end	c
1061	108.09	36.74	76	63.78
1062	123.03	0.79	75	101.85
1063	113.52	102.01	74	13.67
1064	149.48	120.7	75	53.64
1065	195.74	59.55	76	103.93
1066	20.03	115.4	74	81.44
1067	105.76	176.49	72	76.71
1068	58.62	172.07	75	83.1
1069	45.93	169.35	76	87.94
1070	3.35	178.85	72	124.73
1071	66.69	156.93	74	65.96
1072	143.17	58.48	75	59.9
1073	137.6	76.04	73	44.59
1074	124.96	96.4	75	25.22
1075	0.67	192.58	75	135.78
1076	137.19	75.45	74	44.56
1077	74.17	186.45	74	90.23
1078	116.96	76.88	72	28.67
1079	175.18	115.22	76	76.71
Drivers: 18
id	x	y	end	sensitivity
1077	184.5	64.16	73	1.68
1078	4.99	13.75	72	0.64
1079	30.27	107.05	72	0.74
1080	179.94	139.14	74	1.22
1081	108.25	100.07	73	1.7
1082	31.39	188.68	74	1.65
1083	44.92	189.65	73	0.58
1084	130.39	199.02	73	1.76
1085	156.34	134.23	72	1.2
1086	80.01	156.53	72	0.71
1087	145.62	126.26	75	1.98
1088	24.26	197.45	73	1.2
1089	65.77	40.19	73	0.71
1090	34.94	129.8	73	1.72
1091	28.34	118.12	73	1.78
1092	191.64	14.58	73	1.99
1093	197.79	70.97	74	1.35
1094	139.43	180.42	73	1.25
Period: 73
Tasks:15
id	x	y	end	c
1080	102.59	151.54	74	51.61
1081	141.09	183.45	75	93.02
1082	96.7	8.71	76	91.35
1083	112.75	189.75	75	90.65
1084	123.59	49.11	76	56.09
1085	88.29	125.19	77	27.78
1086	40.57	169.47	78	91.42
1087	44.52	135.51	75	65.87
1088	3.87	112.54	77	96.94
1089	18.02	74.93	76	85.73
1090	185.73	95.97	75	85.82
1091	168.66	159.21	75	90.66
1092	40.33	21.67	76	98.47
1093	32.51	65.85	77	75.64
1094	44.63	99.27	73	55.37
Drivers: 17
id	x	y	end	sensitivity
1095	0.87	56.36	74	1.73
1096	3.88	53.35	76	1.49
1097	5.03	151.68	74	1.48
1098	32.23	25.15	73	1.48
1099	88.18	108.76	74	1.86
1100	156.1	14.07	74	1.26
1101	16.48	7.15	74	2
1102	15.45	94.98	73	1.09
1103	73.02	113.62	74	1.93
1104	131.75	119.14	73	1.02
1105	44.43	151.49	73	1.5
1106	159.92	114.66	73	1.9
1107	141.64	170.33	75	1.16
1108	67.9	142.36	73	0.58
1109	3.16	44.09	73	1.01
1110	184.67	77.62	78	1.92
1111	21.92	103.05	73	1.31
Period: 74
Tasks:13
id	x	y	end	c
1095	23.8	48.9	79	91.75
1096	96.6	135.01	81	35.17
1097	151.05	61.23	75	64.1
1098	147.51	59.85	75	62.2
1099	19.25	187.15	79	118.81
1100	91.99	101.07	76	8.08
1101	77.14	55.26	78	50.24
1102	10.88	23.73	78	117.3
1103	14.62	96.84	79	85.44
1104	64.83	58.15	78	54.67
1105	118.54	162.12	75	64.83
1106	185.19	88.64	75	85.94
1107	172.47	82.36	76	74.59
Drivers: 15
id	x	y	end	sensitivity
1112	126.58	171.89	75	1.76
1113	1.59	141.77	75	1.82
1114	122.53	103.06	76	1.77
1115	190.08	29.64	74	1.06
1116	136.5	193.89	76	1.57
1117	194.57	75.11	74	1.61
1118	198.78	111.6	75	0.53
1119	173.93	187.63	76	0.87
1120	192.6	64.17	76	1.82
1121	95.71	144.25	76	0.68
1122	4.79	47.21	74	1.85
1123	82.84	52.09	76	1.09
1124	141.67	1.75	76	1.44
1125	63.7	117.57	75	1.73
1126	93.26	126.75	76	0.51
Period: 75
Tasks:15
id	x	y	end	c
1108	106.2	165.61	78	65.9
1109	185.6	156.87	78	102.77
1110	67.89	30.84	79	76.25
1111	125.04	102.48	78	25.16
1112	168.82	56.04	77	81.66
1113	162.63	15.37	76	105.28
1114	75.08	48.83	77	56.92
1115	57.51	160.47	79	73.91
1116	1.27	96.26	77	98.8
1117	73.6	24.42	81	80.06
1118	86.75	3.1	78	97.8
1119	155.97	154.11	83	77.85
1120	41.38	59.03	78	71.52
1121	119.37	107.68	77	20.84
1122	10.38	188.43	78	125.9
Drivers: 8
id	x	y	end	sensitivity
1127	13.2	198.88	76	1.94
1128	61.9	101.76	76	1
1129	147.58	191.86	75	0.76
1130	54.08	5.61	75	1.44
1131	151.8	41.13	75	1.5
1132	110.05	187.06	75	1.51
1133	158.27	127.15	75	1.8
1134	68.5	113.11	75	0.93
Period: 76
Tasks:17
id	x	y	end	c
1123	55.45	93	81	45.1
1124	10.5	76.11	80	92.63
1125	140.51	84.74	77	43.29
1126	153.66	83.37	77	56.18
1127	140.21	65.17	76	53.2
1128	56.55	186.03	78	96.38
1129	52.56	158.41	83	75.25
1130	85.93	108.32	77	16.35
1131	39.34	154.91	77	81.82
1132	181.5	193.98	77	124.4
1133	147.93	28.93	82	85.72
1134	161.73	67.43	79	69.8
1135	191.73	140.24	79	100.17
1136	187.49	7.83	78	127.08
1137	166.28	70.23	79	72.66
1138	29.62	186.12	82	111.22
1139	24.68	114.77	80	76.75
Drivers: 11
id	x	y	end	sensitivity
1135	19.53	126.61	76	0.99
1136	98.01	2.5	78	1.42
1137	35.91	62.99	78	1.95
1138	68.62	85.42	76	0.53
1139	29.11	49.95	76	1.88
1140	47.74	67.37	77	0.81
1141	169.58	168.49	77	1.98
1142	21.33	161.65	77	0.71
1143	189.29	173.04	77	1.68
1144	41.08	30	76	1.66
1145	145.75	138.2	79	1.55
Period: 77
Tasks:16
id	x	y	end	c
1140	161.1	99.93	84	61.1
1141	153.92	181.61	80	97.81
1142	45.09	39.69	79	81.56
1143	78.31	160.06	79	63.86
1144	17.55	126.24	77	86.52
1145	142.79	129.22	78	51.81
1146	5.28	103.02	78	94.77
1147	83.86	166.44	78	68.37
1148	106.54	129.96	78	30.67
1149	104.21	20.78	79	79.33
1150	171.22	36.31	77	95.54
1151	108.44	177.5	81	77.96
1152	26.41	124.67	80	77.62
1153	108.68	28.82	79	71.71
1154	73.17	83.74	79	31.37
1155	192.41	165.98	83	113.55
Drivers: 16
id	x	y	end	sensitivity
1146	78.36	75.8	78	0.56
1147	42.8	154.13	79	1.58
1148	142.52	93.92	77	0.72
1149	173.94	195	78	1.91
1150	138.04	145.53	77	0.75
1151	55.71	140.8	77	1.43
1152	198.02	13.86	78	0.67
1153	148.69	75.08	77	0.77
1154	77.65	195.53	77	1.01
1155	31.33	87.23	80	1.64
1156	160.37	126.17	77	1.86
1157	53.13	144.27	79	1.61
1158	38.77	140.36	79	0.55
1159	103.34	53.14	77	0.86
1160	182.29	25.06	81	1.97
1161	157.27	6.97	78	0.94
Period: 78
Tasks:19
id	x	y	end	c
1156	2.43	152.52	81	110.81
1157	48.03	181.58	82	96.73
1158	162.08	19.66	81	101.53
1159	161.79	188.23	78	107.72
1160	102.57	77.21	81	22.93
1161	113.16	29	80	72.21
1162	72.88	159.42	81	65.32
1163	142.44	184.58	81	94.63
1164	57.53	130.83	79	52.48
1165	11.55	134	80	94.76
1166	32.13	145.07	82	81.47
1167	168.2	44	79	88.25
1168	176.49	164.37	81	99.97
1169	122.69	144.56	79	50
1170	28.3	0.34	80	122.77
1171	88.29	37.44	80	63.65
1172	131.88	57.48	83	53.14
1173	93.38	178.28	81	78.56
1174	17.03	116.41	80	84.58
Drivers: 20
id	x	y	end	sensitivity
1162	91.8	180	78	1.52
1163	56.33	137.67	79	1.99
1164	190.44	153.26	78	1.85
1165	176.16	59.24	80	0.9
1166	154.2	17.73	78	1.98
1167	150.81	107.18	80	0.61
1168	177.83	15.04	80	1.39
1169	100.1	1.45	78	1.79
1170	113.07	189.61	78	1.68
1171	143.56	134.47	78	1.72
1172	38.73	33.25	79	0.98
1173	191.15	192.11	79	1.87
1174	197.63	113.98	79	0.95
1175	188.08	11.63	78	0.75
1176	34.97	170.66	79	1.94
1177	51.63	105.54	79	1.51
1178	186.94	196.52	79	0.97
1179	138.23	110.66	79	2
1180	102.83	98	81	0.71
1181	104.9	134.1	79	1.57
Period: 79
Tasks:18
id	x	y	end	c
1175	95.05	181.4	83	81.55
1176	152.1	129.75	82	60
1177	117.02	99.14	84	17.04
1178	56.13	0.69	86	108.57
1179	116.35	103.28	84	16.68
1180	2.75	193.02	81	134.57
1181	105.79	28.74	85	71.49
1182	11.52	113.95	82	89.57
1183	23.1	127.67	81	81.73
1184	106.66	6.69	80	93.55
1185	42.75	143.67	81	72
1186	5.43	104.98	85	94.7
1187	31.1	74.12	81	73.6
1188	104.5	123.92	82	24.34
1189	166.82	143.49	79	79.73
1190	132.09	1.54	83	103.56
1191	98.01	186.68	84	86.7
1192	4.49	176.93	82	122.64
Drivers: 15
id	x	y	end	sensitivity
1182	81.1	89.6	81	1.28
1183	59	187.84	79	1.17
1184	50.67	140.27	82	1.72
1185	182.19	163.7	79	0.75
1186	29.61	71.3	80	1.88
1187	26.73	198.79	81	1.54
1188	61.31	96.82	79	0.85
1189	112.73	99.2	81	1.01
1190	6.23	122.94	81	1.98
1191	176.69	16.67	79	1.6
1192	177.46	37	81	1.42
1193	92.99	151.25	80	1.14
1194	95.33	42.78	80	1.54
1195	113.59	163.79	80	1.63
1196	61.45	129.31	80	0.59
Period: 80
Tasks:14
id	x	y	end	c
1193	189.4	42.48	85	106.31
1194	47.49	78.7	84	56.67
1195	120.34	12.56	84	89.77
1196	77.63	177.79	82	80.94
1197	42.66	100.9	89	57.35
1198	197.62	134.43	83	103.51
1199	100.17	52.8	84	47.2
1200	152.03	164.31	86	82.72
1201	72.68	157.38	82	63.55
1202	33.6	71.49	82	72.26
1203	58.69	80.82	84	45.55
1204	14.8	178.91	81	116.13
1205	36.49	47.01	80	82.71
1206	60.67	90.31	82	40.51
Drivers: 17
id	x	y	end	sensitivity
1197	148.21	74.28	82	1.66
1198	2.61	134.68	80	1.65
1199	56.56	138.75	81	0.9
1200	122.38	199.17	81	1.74
1201	79.94	126.28	80	1.87
1202	75.66	26.96	81	0.63
1203	61.15	181.23	81	1.88
1204	44.48	64.33	81	0.74
1205	33.25	85.26	81	1.08
1206	86.68	79.3	81	0.52
1207	105.23	175.14	80	1.03
1208	177.96	94.27	80	0.58
1209	156.86	8.58	82	1.38
1210	101.87	102.46	81	1.93
1211	196.93	87.52	81	1.15
1212	61.91	103.3	82	0.84
1213	179.94	70.63	80	1.79
Period: 81
Tasks:9
id	x	y	end	c
1207	39.89	118.82	83	62.99
1208	76.1	108.45	83	25.35
1209	139.72	30.32	86	80.21
1210	4.79	57.84	86	104.13
1211	82.33	5.9	83	95.74
1212	141.53	126.42	83	49.22
1213	178.31	125.12	84	82.24
1214	160.44	197.32	83	114.56
1215	154.49	168.66	85	87.65
Drivers: 14
id	x	y	end	sensitivity
1214	170.39	48.7	82	0.55
1215	71.43	162.67	81	1.57
1216	138.49	24.35	82	1.95
1217	49.42	113.53	83	0.66
1218	62.74	107.65	82	1.47
1219	31.62	113.88	82	1.89
1220	180.49	19.61	82	1.26
1221	107.44	13.3	82	0.92
1222	78.73	195.77	83	1.27
1223	88.65	142.83	81	1.25
1224	192.47	179.41	81	1.48
1225	34.47	116.3	83	0.7
1226	139.93	165.58	84	1.47
1227	50.58	19.8	83	1.13
Period: 82
Tasks:15
id	x	y	end	c
1216	95.26	59.41	86	40.87
1217	79.6	30.37	85	72.56
1218	105.9	187.48	83	87.68
1219	171.86	20.23	85	107.36
1220	41.82	149.29	88	76.25
1221	78.88	143.3	88	48.18
1222	12.22	173.77	86	114.66
1223	1.77	162.02	85	116.17
1224	111.87	25.05	86	75.88
1225	0.5	159.04	85	115.7
1226	164.93	20.17	85	102.9
1227	78.52	122.39	83	31.03
1228	189.95	163.87	87	110.32
1229	199.63	108.87	84	100.02
1230	188.16	44.67	85	104.08
Drivers: 19
id	x	y	end	sensitivity
1228	26.73	60.68	82	0.61
1229	62.13	151.35	82	0.63
1230	143.74	182.54	83	1.74
1231	106.5	197.76	83	0.87
1232	12.84	163.15	83	1.88
1233	167.37	170.19	83	0.81
1234	46.71	85.46	82	0.6
1235	171.49	90.4	83	1.95
1236	52.27	48.63	84	1.98
1237	41.92	29.63	82	1.63
1238	128.89	167.4	82	1.62
1239	152.85	26.97	83	1.44
1240	131.76	196.63	84	1.59
1241	33.12	65.3	83	0.79
1242	112.9	197.2	83	0.58
1243	119.03	55.78	83	1.33
1244	100.67	123.98	83	1.01
1245	62.42	26.89	84	0.86
1246	68.09	109.44	85	0.78
Period: 83
Tasks:12
id	x	y	end	c
1231	58.17	35.42	86	76.94
1232	26.36	135.86	89	81.91
1233	149.93	50.83	87	70.08
1234	126.5	139.36	83	47.45
1235	9.63	133.54	85	96.39
1236	122.81	82.88	83	28.52
1237	162.84	166.85	84	91.75
1238	23.94	149.94	86	90.99
1239	147.88	191.96	88	103.68
1240	93.37	155.63	85	56.02
1241	22.13	139.08	87	87.13
1242	43	11.1	83	105.6
Drivers: 10
id	x	y	end	sensitivity
1247	185.27	141.72	86	1.28
1248	95.68	167	84	1.37
1249	29.86	86.16	84	0.77
1250	132	142.94	84	1.99
1251	116.33	164.35	84	1.98
1252	75.19	151.63	85	0.5
1253	50.95	129.73	84	1.24
1254	59.07	172.57	87	0.51
1255	105.92	146.3	83	0.95
1256	177.93	195.21	84	1.7
Period: 84
Tasks:18
id	x	y	end	c
1243	134.08	107.66	88	34.93
1244	67.99	32.57	88	74.64
1245	54.62	43.98	85	72.09
1246	128.1	15.24	86	89.3
1247	13.14	168.61	88	110.69
1248	2.47	75.52	87	100.56
1249	168.67	182.95	86	107.69
1250	64.78	8.54	90	98.01
1251	5.14	17.64	87	125.62
1252	39.72	135.72	86	70.07
1253	16.99	121.02	90	85.63
1254	54.62	165.38	88	79.59
1255	82.99	10.77	90	90.84
1256	72.4	28.19	85	76.93
1257	170.14	46.93	89	87.95
1258	147.31	79.32	88	51.63
1259	101.13	55.12	88	44.89
1260	82.49	146.66	87	49.84
Drivers: 17
id	x	y	end	sensitivity
1257	83.69	107.51	85	0.61
1258	1.16	113.44	85	1.56
1259	103.72	45.71	84	1.5
1260	12.11	174.9	87	1.38
1261	7.17	12.64	85	1.05
1262	80.47	170.46	87	1.81
1263	98.52	100.29	84	0.52
1264	181.2	47.85	85	1.57
1265	99.58	192.1	84	1.36
1266	68.3	174.91	85	1.32
1267	8.17	152.22	84	1.49
1268	199.37	130.28	86	1.96
1269	174.25	101.4	85	1.62
1270	145.17	58.91	85	1.17
1271	35.9	99.69	87	1.67
1272	43.67	184.75	85	1.4
1273	89.08	121.64	84	0.93
Period: 85
Tasks:19
id	x	y	end	c
1261	75.57	16.06	87	87.42
1262	7.27	134.84	87	99.06
1263	86.03	107.75	90	15.98
1264	195.53	43.44	88	111.02
1265	188.89	92.51	88	89.21
1266	152.44	20.14	85	95.54
1267	13.58	190.13	88	124.87
1268	191.06	195.85	90	132.21
1269	64.38	85.22	88	38.56
1270	96.54	32.1	87	67.99
1271	151.47	3.49	87	109.38
1272	25.97	72.61	87	78.93
1273	182.95	9.39	88	122.84
1274	117.87	157.41	87	60.13
1275	127.61	74.03	90	37.9
1276	86.08	92.61	90	15.76
1277	5.92	40.31	88	111.42
1278	97.67	198.01	89	98.04
1279	38.19	39.25	89	86.67
Drivers: 16
id	x	y	end	sensitivity
1274	157.65	121.19	86	1.78
1275	97.98	120.45	86	1.92
1276	190.43	54.96	85	0.61
1277	184.77	121.1	87	0.99
1278	184.53	81.27	86	1.34
1279	143.05	135.63	85	1.28
1280	51.66	80.99	86	0.75
1281	160.84	74.43	86	0.8
1282	43.59	86.22	87	1.21
1283	155.02	147.37	86	1.81
1284	54.16	40.07	85	1.67
1285	29.28	29.26	85	1.07
1286	94.22	2.33	86	1.75
1287	180.19	179.75	87	0.75
1288	77.15	39.88	86	1.68
1289	194.87	71.49	86	1.1
Period: 86
Tasks:14
id	x	y	end	c
1280	190.83	152.6	95	104.96
1281	76.92	42.96	87	61.53
1282	150.86	19.75	90	95.01
1283	105.76	85.34	90	15.75
1284	43.65	122.38	87	60.63
1285	127.38	85.66	89	30.91
1286	133.85	147.93	87	58.68
1287	29.4	3.04	88	119.94
1288	34.76	143.71	91	78.53
1289	134.63	197.64	88	103.6
1290	184.92	25.84	88	112.74
1291	140.91	101.17	87	40.93
1292	156.8	126.48	87	62.67
1293	111.93	62.26	91	39.58
Drivers: 16
id	x	y	end	sensitivity
1290	194.43	156.9	86	1.85
1291	79.46	48.53	88	1.89
1292	48.12	94.09	86	1.12
1293	34.21	106.64	86	1.83
1294	78.64	134.2	87	1.66
1295	108.23	100.81	87	0.73
1296	83.67	104.61	88	0.79
1297	125.5	105.03	86	1.14
1298	56.1	183.95	88	1.87
1299	116.66	117.55	88	1.18
1300	86.32	88.96	86	1.54
1301	18.34	121.55	87	1.26
1302	3.94	93.6	86	0.93
1303	1.12	139.39	86	1.87
1304	80.22	189.34	87	1.55
1305	136.99	114.75	87	0.58
Period: 87
Tasks:16
id	x	y	end	c
1294	179.25	126.33	88	83.51
1295	49.4	148.91	87	70.37
1296	53.03	78.18	89	51.79
1297	180.72	119.14	92	82.96
1298	73.48	71.72	90	38.77
1299	48.02	98.88	90	51.99
1300	85.27	65.98	91	37.07
1301	121.16	35.08	89	68.28
1302	2.5	80	91	99.53
1303	48.48	163.11	91	81.47
1304	13.82	38.35	87	105.96
1305	61.57	38.02	90	72.93
1306	108.3	132.9	90	33.93
1307	131.17	21.48	88	84.48
1308	46.87	48.56	88	73.95
1309	18.13	174.42	88	110.64
Drivers: 10
id	x	y	end	sensitivity
1306	196.27	102.31	88	1.85
1307	170.44	88.52	88	0.57
1308	165.31	184.87	87	0.56
1309	14.42	176.98	88	0.85
1310	150.86	58.2	89	1.91
1311	144.58	178.76	87	0.97
1312	155.56	129.53	87	0.92
1313	114.62	71.43	88	0.87
1314	159.95	53.49	89	0.56
1315	29.39	197.47	87	1.03
Period: 88
Tasks:11
id	x	y	end	c
1310	136.76	35.73	89	74.04
1311	72.64	13.63	95	90.6
1312	143.89	50.48	93	66.17
1313	49.03	131.63	90	59.99
1314	91.76	106.58	90	10.54
1315	9.1	35.71	91	111.34
1316	135.44	178.17	91	85.83
1317	65.73	119.18	89	39.27
1318	172.79	58.18	91	83.95
1319	180.09	17.56	91	114.94
1320	128.55	139.74	92	48.93
Drivers: 16
id	x	y	end	sensitivity
1316	20.37	145.79	88	1.08
1317	21.72	42.87	88	0.51
1318	11.07	25.57	89	0.82
1319	40.1	128.12	89	1.54
1320	108.62	137.89	90	1.28
1321	38.81	34.64	89	1.23
1322	169.24	88.87	89	0.88
1323	177.36	61.03	88	0.68
1324	135.58	126.08	92	1.06
1325	78.28	15.15	88	1.68
1326	176	65.69	89	1.16
1327	28.7	195.75	89	1.78
1328	119.8	64.38	90	1.42
1329	70.8	47.6	92	1.58
1330	117.96	104.14	88	1.57
1331	171.65	82.75	88	1.52
Period: 89
Tasks:16
id	x	y	end	c
1321	81.36	176.62	91	78.85
1322	57.36	114.92	93	45.17
1323	120.52	188.05	89	90.41
1324	49.15	146.34	90	68.8
1325	9.85	140.54	92	98.85
1326	84.12	14.53	90	86.93
1327	38.8	171.72	94	94.28
1328	104.24	75.63	91	24.74
1329	133.21	26.08	94	81.04
1330	4.29	169.37	90	118.21
1331	105.23	130.22	94	30.67
1332	51.04	184.57	92	97.72
1333	17.72	184.16	93	117.7
1334	98.2	148.83	92	48.86
1335	111.94	82.58	96	21.12
1336	94.58	81.28	90	19.49
Drivers: 15
id	x	y	end	sensitivity
1332	22.07	61.68	89	0.64
1333	158.66	109.41	89	1.37
1334	97.33	8.85	92	1.3
1335	143.22	6.89	89	0.5
1336	178.45	187.89	89	1.14
1337	118.38	113.19	89	0.71
1338	122.83	26.37	90	0.69
1339	102.44	168.58	89	1.17
1340	96.41	178.09	91	1.75
1341	134.1	127.01	89	1.52
1342	144.9	198.05	90	1.88
1343	6.09	146.12	90	0.94
1344	84.23	17.18	89	1.65
1345	126.62	62.99	89	1.25
1346	11.23	72.39	90	0.67
Period: 90
Tasks:22
id	x	y	end	c
1337	116.42	189.17	94	90.67
1338	6.6	77.15	94	96.15
1339	164.28	17.26	93	104.78
1340	42.72	171.53	96	91.64
1341	60.26	82.07	94	43.6
1342	104.56	94.63	91	7.04
1343	165.28	101.03	91	65.29
1344	79.52	177.89	94	80.54
1345	82.08	139.27	93	43.17
1346	157.85	158.5	91	82.27
1347	99.48	60.94	92	39.06
1348	173.32	100.88	95	73.33
1349	139.33	131.21	92	50.21
1350	2.13	7.51	93	134.66
1351	185.06	128.85	94	89.82
1352	163.04	20.66	93	101.34
1353	157.28	33.27	94	87.94
1354	30.59	175.13	95	102.29
1355	142.57	95.11	92	42.85
1356	151.92	129.97	91	59.95
1357	190.18	14.93	94	123.97
1358	55.61	184.59	93	95.53
Drivers: 11
id	x	y	end	sensitivity
1347	12.36	91.21	92	0.93
1348	8.6	154.76	91	1.23
1349	56.14	172.39	94	1.51
1350	194.11	175.27	90	1.2
1351	138.71	79.95	93	0.8
1352	46.88	172.57	91	1.91
1353	130.32	143.15	91	1.03
1354	170.15	142.37	90	0.77
1355	156.47	74.02	94	1.73
1356	78.08	157.13	90	1.61
1357	190.4	112.03	90	1.12
Period: 91
Tasks:14
id	x	y	end	c
1359	19.87	85.37	97	81.45
1360	160.99	186.77	92	106.06
1361	172.75	170.94	95	101.61
1362	60.04	184.12	100	93.13
1363	47.2	51.37	94	71.78
1364	1.97	50.07	96	110.01
1365	80.3	67.99	91	37.59
1366	161.21	137.52	94	71.79
1367	59.06	14.95	95	94.39
1368	113.03	121.22	93	24.9
1369	85.86	173.68	94	75.02
1370	187.62	71.73	94	92.07
1371	164.64	147.44	95	80.18
1372	146.2	151.11	95	68.9
Drivers: 14
id	x	y	end	sensitivity
1358	183.4	136.23	92	1.32
1359	27.82	35.41	91	1.95
1360	117.53	124.89	92	0.69
1361	43.6	181.42	92	1.88
1362	105.14	35.21	91	1.82
1363	180.75	50.26	92	1.02
1364	198.08	159	93	0.57
1365	85.52	52.97	92	0.61
1366	53.65	177.98	92	1.87
1367	178.67	197.95	92	0.61
1368	13.98	78.37	91	1.06
1369	19.93	57.42	93	1.58
1370	30.45	87.01	91	1.04
1371	15.33	52.34	91	1.42
Period: 92
Tasks:15
id	x	y	end	c
1373	111.57	13.15	94	87.62
1374	199.4	30.82	93	121.1
1375	29.7	168.2	96	97.95
1376	63.47	94.81	95	36.9
1377	11.81	48.49	98	102.13
1378	138.84	15.44	94	93.05
1379	168.88	184.98	95	109.39
1380	39.2	52.31	94	77.27
1381	24.25	193.44	96	120.29
1382	175.93	106.74	94	76.23
1383	161.32	188.64	92	107.78
1384	145.14	134.58	96	56.86
1385	110.18	102.59	99	10.5
1386	60.52	101.46	96	39.51
1387	29.66	145.06	93	83.54
Drivers: 22
id	x	y	end	sensitivity
1372	172.98	83.97	92	1.9
1373	63.99	53.54	92	0.59
1374	89.22	38.94	93	1.67
1375	75.52	174.72	95	1.83
1376	69.12	103.32	92	1.8
1377	49.34	149.81	94	1.64
1378	64.91	189.82	93	1.61
1379	111.94	130.66	94	1.09
1380	122.48	53.09	92	1.39
1381	151.19	129.79	94	1.7
1382	6.64	167.58	94	1.17
1383	48.12	186.46	92	1.49
1384	121.18	125.88	92	1.44
1385	194.97	91.74	93	1.13
1386	13.42	25.49	92	1.16
1387	157.5	183.66	94	1.89
1388	28.9	95.37	93	1.12
1389	30.79	180.23	92	0.71
1390	178.85	40.77	93	0.88
1391	195.15	134.32	92	0.92
1392	59.44	1.78	93	0.69
1393	155.23	171.82	95	0.76
Period: 93
Tasks:13
id	x	y	end	c
1388	174.36	113.15	94	75.51
1389	105.07	93.65	95	8.13
1390	36.81	165.09	98	90.72
1391	171.77	38.2	98	94.71
1392	97.23	171.7	95	71.75
1393	167.43	126.07	96	72.29
1394	70.14	22.05	96	83.47
1395	167.36	47.58	94	85.35
1396	48.15	5.13	97	108.11
1397	86.66	105.43	97	14.4
1398	86.21	80.26	97	24.08
1399	81.15	33.73	93	68.9
1400	199.75	75.02	95	102.83
Drivers: 22
id	x	y	end	sensitivity
1394	9.39	135.36	94	1.63
1395	188.86	88.47	94	1.8
1396	2.57	24.14	94	0.76
1397	176.46	32.84	95	0.55
1398	175.14	137.57	94	1.62
1399	146.68	2.41	95	0.71
1400	95.83	47.27	93	1.72
1401	46.55	45.54	93	0.5
1402	36.09	50.66	95	0.56
1403	50.01	44.72	94	0.74
1404	162.42	149.02	94	0.84
1405	135.17	67.84	95	1.93
1406	78.83	198.01	94	0.74
1407	0.61	118.22	93	0.62
1408	11.31	18.3	93	1.51
1409	98.52	15.33	95	1.46
1410	181.12	32.99	96	1.75
1411	68.6	142.83	95	1.63
1412	18.99	72.13	94	0.57
1413	41.24	77.42	93	0.78
1414	151.63	3.37	93	1.29
1415	59.17	143.48	93	1.38
Period: 94
Tasks:18
id	x	y	end	c
1401	53.8	48.89	96	68.9
1402	72.57	68.76	95	41.57
1403	42.96	48.97	94	76.54
1404	50.4	126.41	96	56.19
1405	28.54	6.22	98	117.9
1406	16.48	163.53	97	104.94
1407	85.83	52.12	98	49.93
1408	57.97	143.1	96	60.2
1409	35.64	62.43	96	74.52
1410	77.67	45.05	98	59.31
1411	172.93	63.78	97	81.43
1412	86.31	154.44	97	56.13
1413	182.49	172.21	96	109.63
1414	184.36	198.95	96	130.03
1415	49.11	23.4	95	91.96
1416	60.12	145.24	96	60.31
1417	83.59	176.3	98	78.04
1418	134.65	190.36	96	96.78
Drivers: 11
id	x	y	end	sensitivity
1416	192.28	112.55	95	0.66
1417	36.9	111.46	95	1.41
1418	34.14	80.3	94	1.26
1419	14.16	149.55	96	1.65
1420	171.55	58.25	95	0.61
1421	78.57	44.69	94	0.9
1422	68.28	145.31	95	0.56
1423	187.29	69.01	96	0.64
1424	130.52	89.45	95	1.43
1425	127.51	87.15	95	0.86
1426	3.01	90.38	95	0.9
Period: 95
Tasks:19
id	x	y	end	c
1419	39.08	126.63	97	66.49
1420	4.76	180.39	100	124.63
1421	4.49	111.1	98	96.15
1422	78.98	180.76	102	83.45
1423	34.18	40.07	99	89.02
1424	106.31	26.21	98	74.06
1425	34.93	32.25	97	93.94
1426	125.56	156.38	97	61.9
1427	38.68	198.31	100	115.87
1428	127.38	187	97	91.21
1429	177.49	48.84	99	92.85
1430	186.37	84.83	97	87.69
1431	172.22	79.81	96	74.99
1432	87.61	138.51	98	40.45
1433	25.11	102.67	98	74.94
1434	113.18	118.19	98	22.46
1435	189.89	42.64	96	106.63
1436	77	127.97	98	36.21
1437	89.77	189.42	100	90
Drivers: 12
id	x	y	end	sensitivity
1427	134.15	173.39	98	1.05
1428	191.84	150.03	96	1.21
1429	10.18	188.72	95	1.59
1430	118.46	37.78	95	0.93
1431	139.17	40.16	96	0.69
1432	189.17	10.74	95	1.11
1433	176.06	86.95	97	0.97
1434	73.64	67.31	95	1.98
1435	119.59	73.7	97	1.38
1436	12.02	141.9	97	0.91
1437	166.43	3.13	95	0.74
1438	26.03	164.66	96	1.65
Period: 96
Tasks:15
id	x	y	end	c
1438	182.88	192.13	99	123.92
1439	189.08	141.04	101	98.08
1440	31.34	29.81	101	98.19
1441	188.69	94.55	99	88.86
1442	7.31	104.81	98	92.81
1443	0.11	68.48	99	104.75
1444	105.91	45.05	101	55.27
1445	125.06	44.61	102	60.8
1446	8.15	194.33	101	131.66
1447	142.14	109.95	99	43.3
1448	159.07	13.67	97	104.6
1449	25.49	36.07	101	98.18
1450	142.69	105.05	100	42.99
1451	46.72	106.61	98	53.69
1452	65.8	74.47	103	42.68
Drivers: 18
id	x	y	end	sensitivity
1439	10.24	79.8	97	0.96
1440	124.56	188.33	97	0.69
1441	175.05	91.64	96	1.47
1442	155.36	48.97	100	1.17
1443	0.97	196.09	96	0.69
1444	197.12	138.18	96	0.8
1445	94.52	140.68	98	1.66
1446	15.77	109.2	98	1.61
1447	10.17	23	96	0.74
1448	169.05	126.98	99	1.76
1449	29.33	195.89	96	1.19
1450	78.14	9.42	96	0.5
1451	158.1	3.91	97	1.21
1452	197.55	79.57	96	1.26
1453	41.63	67.24	97	1.76
1454	141.52	74.53	99	0.59
1455	159.54	13.49	96	1.28
1456	95.25	81.09	97	1.91
Period: 97
Tasks:20
id	x	y	end	c
1453	116.67	130.46	100	34.72
1454	195.65	5.54	99	134.43
1455	8.98	135.35	98	97.64
1456	61.26	147.86	98	61.57
1457	89.25	30.38	102	70.45
1458	112.98	101.79	98	13.1
1459	51.95	141.35	101	63.39
1460	98.27	71.65	101	28.4
1461	78.65	148.93	99	53.39
1462	7.34	11.34	102	128.24
1463	69.4	139.62	99	50.06
1464	53.94	62.12	102	59.64
1465	99.5	147.09	99	47.09
1466	163.15	133.53	99	71.5
1467	37.2	116.7	101	64.98
1468	110.49	24.42	103	76.3
1469	85.07	181.49	102	82.85
1470	34.68	161.01	98	89.38
1471	123.28	146.17	102	51.71
1472	94.66	41.45	98	58.79
Drivers: 12
id	x	y	end	sensitivity
1457	115.04	170.7	97	1.15
1458	43.82	112.51	97	0.76
1459	122.94	47.8	99	1.92
1460	199.26	196.99	98	1.86
1461	82.66	106.24	97	0.6
1462	17.66	144.85	98	0.56
1463	114.33	54.46	97	0.61
1464	167.51	44.08	97	1.73
1465	151.42	123.95	99	0.65
1466	196.58	131.64	97	0.78
1467	88.62	164.34	98	1.5
1468	116.46	130.2	97	1.79
Period: 98
Tasks:12
id	x	y	end	c
1473	3.02	168.1	102	118.5
1474	50.19	84.83	101	52.07
1475	39.93	97.69	100	60.11
1476	71.44	49.08	100	58.38
1477	49.35	29.46	101	86.84
1478	162.45	47.38	100	81.66
1479	198.93	59.11	100	107.05
1480	39.52	85.98	100	62.08
1481	152.17	87.87	101	53.56
1482	57.07	51.68	99	64.64
1483	35.4	128	101	70.41
1484	124.13	86.48	104	27.66
Drivers: 21
id	x	y	end	sensitivity
1469	18.26	24.73	100	1.97
1470	114.93	102.81	101	1.01
1471	120.22	191.26	98	0.76
1472	80.1	136.92	98	0.66
1473	34.92	106.81	98	1.5
1474	12.59	71.33	99	0.55
1475	89.25	51.44	98	1.18
1476	5.48	101.22	98	1.06
1477	198.04	47.41	98	1.42
1478	42.66	27.79	98	1.11
1479	126.95	93.61	98	1.89
1480	149.55	37.08	99	0.53
1481	107.47	168.74	98	1.06
1482	53.5	182.53	98	1.17
1483	56.09	47.4	99	1.57
1484	26.65	165.71	98	0.86
1485	23.62	194.27	99	1.42
1486	181.01	22.45	98	1.98
1487	141.78	28.2	99	1.93
1488	145.96	168.69	99	1.03
1489	86.18	13.31	99	1.91
Period: 99
Tasks:16
id	x	y	end	c
1485	82.11	116.54	103	24.36
1486	127.35	32.22	103	73.09
1487	59.91	127.64	105	48.69
1488	155.21	140.61	104	68.54
1489	164.07	132.91	100	72.03
1490	76.15	35.99	102	68.31
1491	188.46	16.1	102	121.92
1492	109.48	78.9	105	23.13
1493	96.84	110.43	104	10.9
1494	190.67	108.58	101	91.08
1495	161.1	177.58	105	98.75
1496	192.55	31.25	104	115.29
1497	88.83	171.6	103	72.47
1498	103.16	64.25	100	35.89
1499	68.63	194.11	103	99.2
1500	86.9	71.32	102	31.53
Drivers: 16
id	x	y	end	sensitivity
1490	108.8	34.28	101	0.85
1491	58.92	13.55	99	0.74
1492	177.7	196.93	100	0.59
1493	105.11	90.11	101	0.55
1494	135.75	133.22	99	0.84
1495	128.17	35.33	99	1.88
1496	5.51	198.9	99	1.68
1497	93.58	69.2	99	1.64
1498	193.14	78.18	99	1.46
1499	122.5	146.67	101	1.61
1500	44.09	162.18	101	1.67
1501	72.07	64.39	99	0.85
1502	38.61	158.35	99	1.47
1503	87.7	194.17	99	1.57
1504	32.5	8.83	101	1.34
1505	131.47	166.68	100	1.27
Period: 100
Tasks:14
id	x	y	end	c
1501	152.58	12.73	104	101.89
1502	47.45	144.16	103	68.64
1503	113.37	88.93	103	17.36
1504	112.24	111.37	106	16.71
1505	89.93	154.19	106	55.12
1506	96.98	195.8	101	95.85
1507	188.16	55.9	101	98.57
1508	2.14	107.75	104	98.17
1509	181.31	93.3	103	81.59
1510	177.29	161	100	98.46
1511	141.9	87.58	103	43.7
1512	11.08	9.71	102	126.72
1513	85.79	60.27	103	42.19
1514	38	26.35	102	96.27
Drivers: 16
id	x	y	end	sensitivity
1506	45.79	2.72	102	0.68
1507	159.74	182.97	100	0.88
1508	69.73	52.79	101	1.18
1509	197.22	152.24	102	0.67
1510	83.43	101.48	101	0.55
1511	49.27	70.21	101	1.97
1512	167.67	148.73	101	1.57
1513	138.61	126.36	100	0.85
1514	133.31	199.82	100	1.01
1515	170.59	123.12	103	1.61
1516	101.19	137.74	100	0.59
1517	118.99	30.36	100	1.17
1518	159.83	175.96	100	1.94
1519	22.89	156.59	100	1.34
1520	45.32	115.83	100	1.66
1521	145.8	155.87	101	1.96
