Periods: 100
Task Arrival Rate: 10
Task Average Time: 2
Driver Arrival Rate: 5
Driver Average Time: 1
Period: 1
Tasks:9
id	x	y	end	c
1	11.89	151.24	1	101.93
2	20.02	81.62	3	82.06
3	173.29	50.88	5	88.23
4	140.19	139.13	1	56.09
5	88.72	168.12	2	69.05
6	104.67	24.83	4	75.31
7	115.76	103.6	2	16.17
8	183.76	158.72	3	102.29
9	35.87	41.52	4	86.79
Drivers: 3
id	x	y	end	sensitivity
1	101.8	64.44	1	1.08
2	121.97	97.17	2	0.57
3	83.01	182.16	3	1.53
Period: 2
Tasks:11
id	x	y	end	c
10	177.34	141.44	5	87.74
11	155.33	103.37	3	55.43
12	27.39	85.88	3	73.97
13	52.07	185.25	3	97.8
14	12.97	19.08	5	118.84
15	126.67	132.67	3	42.17
16	72.28	146.65	5	54.26
17	47.76	18.95	4	96.43
18	174.54	121.04	4	77.45
19	123.77	61.7	2	45.08
20	116.65	157.95	2	60.29
Drivers: 8
id	x	y	end	sensitivity
4	85.54	94.45	3	1.45
5	188.1	82.03	2	1.02
6	109.7	141.4	2	1.76
7	74.19	131.23	3	1.89
8	72.31	25.07	5	1.1
9	95.97	161.23	6	0.57
10	72.64	124.57	5	1.57
11	198.61	164.77	3	1.54
Period: 3
Tasks:11
id	x	y	end	c
21	188.64	5.57	5	129.51
22	166.46	136.95	4	76.04
23	95.08	172.73	4	72.9
24	76.68	115.99	4	28.28
25	184.05	95.14	6	84.19
26	197.04	92.09	5	97.36
27	24.21	69.78	5	81.59
28	175.03	106.38	5	75.3
29	184.44	91.55	4	84.86
30	79.36	89.97	7	22.95
31	173.24	91.62	6	73.72
Drivers: 3
id	x	y	end	sensitivity
12	186.14	39.44	3	1.17
13	197.69	168.52	3	1.68
14	129.8	34.78	3	1.58
Period: 4
Tasks:10
id	x	y	end	c
32	66.29	102.78	6	33.82
33	54.83	3.53	4	106.52
34	113.46	184.23	5	85.3
35	102.37	192.13	8	92.16
36	145.01	141.8	6	61.43
37	138.29	165.93	5	76.24
38	77.76	129.11	7	36.63
39	157.17	46.52	7	78.28
40	193.31	38.3	8	111.86
41	149.68	2.56	5	109.37
Drivers: 5
id	x	y	end	sensitivity
15	193.38	157.51	4	1.47
16	161.1	115.24	5	1.79
17	164.61	128.05	5	1.81
18	40.49	129.41	6	1.62
19	122.34	90.63	6	0.84
Period: 5
Tasks:10
id	x	y	end	c
42	170.3	178.55	9	105.41
43	105.36	3.57	5	96.58
44	121.96	188.57	7	91.25
45	172.69	174.68	6	104.22
46	30.84	86.22	8	70.52
47	40.11	0.42	9	116.2
48	90.2	101.34	6	9.89
49	197.16	185.8	10	129.62
50	9.03	133.3	7	96.87
51	93.56	117.52	9	18.67
Drivers: 6
id	x	y	end	sensitivity
20	73.19	22.92	6	1.69
21	180.67	89.79	6	1.02
22	181.44	97.9	5	0.51
23	0.81	168.89	7	1.52
24	124.6	181.19	6	1.3
25	146.06	127.94	5	1.1
Period: 6
Tasks:12
id	x	y	end	c
52	32.73	127.13	10	72.53
53	32.21	92.09	6	68.25
54	196.92	68.53	8	101.9
55	164.29	32.35	9	93.33
56	29.3	16.12	9	109.7
57	67.38	19.75	8	86.63
58	94.43	38.09	9	62.16
59	148.94	80.24	7	52.78
60	61.08	24.25	8	85.16
61	134.2	115.13	7	37.4
62	191.71	161.75	7	110.56
63	45.07	97.93	10	54.97
Drivers: 6
id	x	y	end	sensitivity
26	19.82	112.93	7	1.01
27	109.93	30.02	10	1.83
28	73.99	29.43	6	1.31
29	38.67	6.38	7	0.56
30	65.2	195.86	8	1.17
31	199.14	49.97	8	1.53
Period: 7
Tasks:7
id	x	y	end	c
64	188.3	120.06	9	90.55
65	188.56	37.42	11	108.44
66	14.2	187.87	10	122.81
67	138.06	144.58	9	58.62
68	161.9	197.05	11	115.11
69	132.55	181.41	10	87.68
70	56.96	36.36	8	76.83
Drivers: 10
id	x	y	end	sensitivity
32	177.29	134.92	8	0.94
33	60.92	30.38	8	0.91
34	157.5	154.45	8	1.14
35	45.75	183.89	9	1.61
36	37.86	74.15	7	0.96
37	91.39	144.03	8	1.77
38	99.14	187.65	7	0.88
39	111.02	151.08	9	1.98
40	13.6	116.17	7	0.59
41	13.77	148.78	9	1.53
Period: 8
Tasks:13
id	x	y	end	c
71	171.22	53.39	8	85.12
72	61.66	93.63	12	38.87
73	94.37	44.19	9	56.09
74	59.7	2.07	8	105.9
75	6.8	32.23	10	115.23
76	56.8	44.91	11	70.01
77	37.71	141.19	10	74.68
78	105.43	124.81	11	25.4
79	89.04	36.09	10	64.84
80	68.23	136.9	11	48.69
81	36.87	20.77	11	101.31
82	79.29	0.44	10	101.69
83	98.81	108.98	9	9.06
Drivers: 4
id	x	y	end	sensitivity
42	196.99	188.53	9	0.61
43	126.01	22.03	10	0.96
44	44.36	118.8	9	1.57
45	6.94	3.82	9	1.69
Period: 9
Tasks:8
id	x	y	end	c
84	170.68	111.33	12	71.58
85	133.83	189.33	10	95.52
86	156.31	179.42	11	97.36
87	171.37	47.31	12	88.71
88	6.29	21.23	9	122.42
89	158.33	160.1	9	83.75
90	22.17	161.25	10	99.04
91	34.7	32.74	9	93.74
Drivers: 7
id	x	y	end	sensitivity
46	176.34	97.88	11	1.87
47	108.94	137.14	10	1.55
48	164.29	183.33	10	0.51
49	164.86	45.77	10	1.44
50	154.53	62.14	11	1.69
51	95.84	55.29	10	1.92
52	197.32	177	9	0.63
Period: 10
Tasks:12
id	x	y	end	c
92	190.79	86.97	10	91.72
93	77.41	119.94	12	30.13
94	120.18	128.03	11	34.54
95	104.1	160.93	12	61.07
96	52.36	197.54	10	108.55
97	26.13	190.11	11	116.52
98	191.24	56.89	12	100.91
99	173.18	161.3	14	95.46
100	43.83	61.26	12	68.23
101	62.44	113.52	11	39.92
102	183.22	49.56	12	97.31
103	181.12	191.46	10	122.25
Drivers: 5
id	x	y	end	sensitivity
53	49.75	102.47	11	1.54
54	32.82	21.79	12	1.51
55	60.82	1.89	11	1.81
56	27.7	9.76	12	1.54
57	130.56	62.33	11	0.65
Period: 11
Tasks:13
id	x	y	end	c
104	78.18	115.95	13	27.03
105	73.55	109.93	13	28.25
106	195.63	22.95	12	122.81
107	80.05	138.13	14	43.03
108	127.98	109.11	13	29.43
109	102.63	12.23	12	87.81
110	146.11	12.47	16	98.93
111	24.86	128.89	15	80.5
112	49.66	85.93	12	52.27
113	194.17	110.25	13	94.73
114	89.83	29.54	14	71.19
115	158.37	28.75	13	92.11
116	184.65	38.8	13	104.46
Drivers: 2
id	x	y	end	sensitivity
58	64.56	79.99	12	0.8
59	169.7	160.13	14	1.2
Period: 12
Tasks:7
id	x	y	end	c
117	150.9	196.31	13	108.93
118	81.35	44.54	12	58.51
119	97.5	101.25	14	2.8
120	75.29	134.3	12	42.27
121	154.29	132.27	16	63.16
122	132.54	44.89	13	64
123	52.37	175.32	14	89.12
Drivers: 2
id	x	y	end	sensitivity
60	104.81	109.63	13	0.53
61	148.71	136.65	12	0.76
Period: 13
Tasks:11
id	x	y	end	c
124	179.81	157.13	13	98.15
125	187.8	148.37	16	100.24
126	53.28	170.52	16	84.59
127	157.68	79.87	13	61.09
128	110.13	134.12	15	35.59
129	23.45	154.5	17	93.97
130	83.29	71.64	15	32.92
131	19.28	189.5	18	120.52
132	122.44	131.39	16	38.59
133	154.95	141.4	15	68.8
134	164.06	105.91	17	64.33
Drivers: 5
id	x	y	end	sensitivity
62	194.1	95.84	15	1.56
63	83.34	184.1	15	1.61
64	17.25	20.61	14	1
65	41.65	116.85	14	1.55
66	111.74	69.94	15	2
Period: 14
Tasks:13
id	x	y	end	c
135	185.32	6.36	16	126.68
136	129.03	20.1	15	85.01
137	157.03	54.11	17	73.2
138	43.27	192.24	17	108.29
139	161.59	98.01	17	61.62
140	34.05	95.31	16	66.12
141	62.9	177.13	17	85.59
142	84.51	55.71	15	46.92
143	189.98	158.12	16	107.12
144	97.05	66.16	15	33.97
145	169.31	0.71	16	121.09
146	64.14	192.32	17	99.04
147	41.11	166.97	17	89.18
Drivers: 8
id	x	y	end	sensitivity
67	83.13	73.04	15	0.91
68	183.07	180.04	14	1.22
69	3.3	54.35	15	1.98
70	9.87	88.4	15	1.65
71	23.53	21.14	15	1.46
72	143.64	127.43	16	1.12
73	11.38	145.17	14	1.87
74	9.24	194.93	15	0.97
Period: 15
Tasks:13
id	x	y	end	c
148	130.04	71.93	17	41.11
149	165.1	33.73	18	92.9
150	2.6	157.25	15	112.98
151	74.95	188.26	16	91.75
152	137.2	176.24	18	84.83
153	83.76	8.51	16	92.92
154	13.15	114.83	16	88.11
155	34.9	167.9	16	94.07
156	33.67	62.95	19	75.98
157	32.79	94.41	21	67.44
158	170.72	2.87	17	120.15
159	70.97	94.36	18	29.57
160	40.97	36.53	15	86.68
Drivers: 4
id	x	y	end	sensitivity
75	10.89	85.86	16	1.73
76	103.74	10.96	16	1.83
77	101.71	114.55	16	1.55
78	131.78	51.31	16	1.85
Period: 16
Tasks:13
id	x	y	end	c
161	66.81	116.14	20	36.91
162	19.87	63.54	19	88.03
163	157.96	60.06	18	70.39
164	61.96	59.29	17	55.72
165	102	112.48	19	12.64
166	1.87	111.82	16	98.84
167	20.54	118.01	17	81.48
168	101.01	114.33	19	14.37
169	75.36	76.26	19	34.22
170	85.08	37.93	16	63.84
171	102.88	138.78	18	38.89
172	114.16	180.91	19	82.14
173	104.87	93.17	19	8.39
Drivers: 5
id	x	y	end	sensitivity
79	91.69	70.2	16	1.02
80	191.93	110.71	16	0.87
81	46.27	111.22	16	1
82	27.98	41.56	16	1.1
83	162.69	107.42	16	1.94
Period: 17
Tasks:13
id	x	y	end	c
174	198.65	168.07	18	119.86
175	146.76	152.37	18	70.21
176	74.55	195.51	19	98.84
177	79.16	107.64	18	22.2
178	163.93	48.07	18	82.36
179	159.57	125.38	18	64.75
180	183.2	174.41	19	111.62
181	166.43	138.5	18	76.78
182	174.85	128.89	18	80.23
183	121.88	148.61	20	53.31
184	104.3	6.5	18	93.6
185	167.86	165.39	17	94.24
186	45.44	58.31	20	68.66
Drivers: 5
id	x	y	end	sensitivity
84	135.93	134.47	18	1.36
85	93.54	143.24	19	1.42
86	156.66	166.75	18	0.68
87	111.39	129	17	1.08
88	74.35	110.81	18	0.82
Period: 18
Tasks:15
id	x	y	end	c
187	190.13	199.34	19	134.13
188	84.24	149.09	20	51.56
189	60.79	164.5	20	75.48
190	184.48	23.45	18	114
191	151.87	150.71	20	72.54
192	163.62	104.12	19	63.75
193	119.91	35.96	23	67.06
194	159.07	24.62	20	95.77
195	11.49	170.98	19	113.46
196	150.31	160.08	20	78.36
197	97.46	90.49	19	9.84
198	109.64	138.37	18	39.56
199	13.2	6.1	18	127.87
200	17.98	17.15	20	116.58
201	159.48	131.19	21	67.16
Drivers: 4
id	x	y	end	sensitivity
89	176.75	124.2	19	0.92
90	189.12	198.09	18	1.87
91	49.91	74.77	19	1.67
92	129.29	138.37	18	1.68
Period: 19
Tasks:13
id	x	y	end	c
202	116.65	10.22	19	91.31
203	31.41	28.12	20	99.35
204	75.99	84.24	19	28.72
205	98.37	91.27	21	8.88
206	155.59	156.79	24	79.47
207	67.11	103.06	20	33.03
208	130.74	85.59	20	33.95
209	122.79	22.93	21	80.37
210	51.49	34.29	24	81.68
211	40.1	64.5	20	69.63
212	13.94	23.13	20	115.39
213	166.63	72.54	20	72.07
214	20.39	47.11	19	95.58
Drivers: 4
id	x	y	end	sensitivity
93	140.68	74.7	19	1.16
94	48.4	133.6	19	1.81
95	32.27	179.6	20	1.65
96	109.31	78.3	19	1.13
Period: 20
Tasks:14
id	x	y	end	c
215	182.15	116.88	21	83.87
216	47.42	46.2	24	75.23
217	28.18	182.3	21	109.23
218	24.1	130.68	20	81.87
219	68.18	98.97	22	31.84
220	75.03	108.89	20	26.51
221	111.12	148.38	20	49.64
222	57.83	154.88	21	69.21
223	183.69	140.57	20	93.01
224	118.27	25.52	21	76.69
225	120.78	111.02	22	23.52
226	31.24	175.67	21	102.24
227	95.86	25.46	23	74.65
228	40.52	178.77	23	98.7
Drivers: 5
id	x	y	end	sensitivity
97	120.51	84.76	21	1.12
98	37.93	40.35	22	0.64
99	110.58	158.22	20	0.87
100	39.87	61.35	21	0.66
101	92.64	182.52	21	0.5
Period: 21
Tasks:11
id	x	y	end	c
229	138.3	58.83	22	56.23
230	34.51	123.84	22	69.69
231	60.88	156.25	22	68.52
232	79.31	158.35	23	61.91
233	116.74	16.64	23	85.02
234	107.33	13.16	22	87.15
235	13.86	145.76	23	97.54
236	51.99	10.78	22	101.32
237	19.96	79.98	25	82.51
238	141.08	85.54	21	43.55
239	113.83	131.67	22	34.56
Drivers: 3
id	x	y	end	sensitivity
102	168.78	167.88	23	0.57
103	19.29	194.29	25	0.76
104	27.01	19.29	23	1.14
Period: 22
Tasks:19
id	x	y	end	c
240	79.84	65.36	29	40.08
241	132.82	63.26	24	49.26
242	131.39	95.28	22	31.74
243	27.2	110.02	23	73.49
244	42.27	97.04	24	57.81
245	173.24	72.65	22	78.18
246	20.12	87.96	24	80.78
247	114.51	163.57	25	65.2
248	153.65	137.17	23	65.27
249	21.65	104.57	23	78.48
250	110.48	167.16	24	67.97
251	2.94	6.89	23	134.5
252	58.87	76.01	24	47.62
253	9.49	110.69	22	91.14
254	31.93	1.91	25	119.4
255	68.03	23.63	25	82.79
256	84.7	111.08	22	18.89
257	193.78	56.41	24	103.42
258	67.29	90.77	22	33.99
Drivers: 4
id	x	y	end	sensitivity
105	11.29	176.94	22	1.05
106	37.52	20.74	25	0.65
107	199.58	137.43	24	1.85
108	42.48	34.24	24	1.45
Period: 23
Tasks:10
id	x	y	end	c
259	39.47	135.35	26	70.1
260	138.86	85.33	23	41.54
261	61.99	33.42	25	76.67
262	55.29	81.66	24	48.33
263	1.89	69.29	25	102.8
264	124.39	150.93	25	56.47
265	73.62	164.75	25	69.92
266	6.16	29.44	24	117.41
267	71.5	26.32	24	79
268	130.24	163.86	25	70.66
Drivers: 5
id	x	y	end	sensitivity
109	107.97	94.87	23	1.68
110	156.62	21.1	24	1.93
111	28.34	4.25	24	1.85
112	17.54	135.99	23	1.92
113	71.79	36.15	24	0.9
Period: 24
Tasks:8
id	x	y	end	c
269	44.33	181.55	27	98.74
270	199.4	112.57	24	100.19
271	45.57	74.16	27	60.25
272	195.46	128.41	24	99.6
273	176.65	161.63	27	98.35
274	10.04	128.19	27	94.27
275	127.32	99.11	27	27.33
276	101.61	179.81	27	79.83
Drivers: 2
id	x	y	end	sensitivity
114	80.32	126.88	25	1.24
115	66.45	145.65	25	1.3
Period: 25
Tasks:5
id	x	y	end	c
277	83.27	69.18	28	35.07
278	143.4	41.63	25	72.74
279	96.51	64.14	31	36.03
280	1.07	30	26	121.19
281	171.9	181.7	26	108.83
Drivers: 6
id	x	y	end	sensitivity
116	180.27	27.83	25	1.05
117	97.06	186.34	25	0.9
118	58.6	108.17	25	1.35
119	187.68	178.15	26	1.67
120	89.94	79.83	25	1.62
121	87.57	108.45	25	1.23
Period: 26
Tasks:12
id	x	y	end	c
282	126.59	146.93	29	53.94
283	167.99	10.55	26	112.36
284	162.9	181.77	31	103.16
285	190.57	149.01	29	102.98
286	97.9	163.44	26	63.47
287	180.81	156.39	27	98.54
288	129.89	177.25	26	82.83
289	148.1	56.28	29	65
290	9.84	8.77	28	128.26
291	94.93	162.71	26	62.91
292	96.47	109	29	9.67
293	187.51	126.16	30	91.34
Drivers: 3
id	x	y	end	sensitivity
122	24.27	158.68	28	1.19
123	128.16	107.63	26	1.16
124	72.32	127.76	28	0.54
Period: 27
Tasks:7
id	x	y	end	c
294	71.67	121.56	28	35.6
295	104.77	196.9	33	97.02
296	40.46	50.86	29	77.2
297	183.82	122.02	30	86.66
298	149.13	149.21	27	69.54
299	3.95	189.11	30	131.02
300	136.1	4.21	30	102.37
Drivers: 3
id	x	y	end	sensitivity
125	124.94	168.57	28	1.12
126	87.43	33.03	30	1.75
127	93.37	156.75	27	0.84
Period: 28
Tasks:9
id	x	y	end	c
301	193.4	189.77	29	129.55
302	21.82	72.61	31	82.84
303	133	77.35	31	40.03
304	178.75	75.39	28	82.51
305	165.76	122	30	69.34
306	123.64	47.88	30	57.23
307	73.44	65.25	29	43.74
308	126.82	119.88	30	33.38
309	147.34	160.73	30	77
Drivers: 7
id	x	y	end	sensitivity
128	10.71	29.41	34	1.48
129	108.44	148.33	29	1.12
130	148.06	158.99	30	1.83
131	78.74	168.46	29	1.67
132	179.95	144.45	29	0.77
133	157.91	82.15	29	0.58
134	56.67	154.65	28	1.81
Period: 29
Tasks:12
id	x	y	end	c
310	171.66	85.86	31	73.04
311	124.52	170.01	30	74.18
312	9.66	0.5	29	134.39
313	46.22	39.34	34	81.07
314	151.92	77.91	31	56.42
315	40.44	19.05	31	100.5
316	36.99	171.38	30	95.21
317	156.34	28.71	33	90.87
318	146.69	58.87	31	62.22
319	130.37	132.74	30	44.66
320	20.42	166.23	29	103.53
321	173.22	78.89	32	76.2
Drivers: 6
id	x	y	end	sensitivity
135	3.31	123.82	29	0.92
136	40.25	141.28	29	1.57
137	54.83	116.94	30	1.51
138	81.18	55.15	29	1.05
139	175.72	133.39	31	0.7
140	165.07	121.78	29	1.53
Period: 30
Tasks:11
id	x	y	end	c
322	83.64	63.57	30	39.93
323	166.62	24.34	34	100.81
324	111.18	107.49	33	13.46
325	17.96	180.38	34	114.85
326	66.4	7.79	31	98.14
327	121.34	112.37	31	24.67
328	44.34	21.74	34	96.03
329	180.77	115.25	31	82.2
330	21.99	193.61	33	121.85
331	11.2	183.83	31	122.12
332	173.66	17.62	31	110.51
Drivers: 2
id	x	y	end	sensitivity
141	28.2	140.66	31	1.72
142	135.42	192.13	30	1.48
Period: 31
Tasks:6
id	x	y	end	c
333	78.15	112.94	33	25.39
334	66.37	149.3	32	59.68
335	15.7	198.66	32	129.77
336	198.18	155.04	36	112.56
337	155.25	174.95	35	93.11
338	104.95	90.79	35	10.46
Drivers: 3
id	x	y	end	sensitivity
143	80.85	19.82	32	1.74
144	22.73	71.07	31	1.55
145	52.78	21.31	35	1.42
Period: 32
Tasks:14
id	x	y	end	c
339	25.73	166.56	35	99.73
340	44.92	70.32	33	62.57
341	133.04	64.73	32	48.33
342	54.1	56.95	35	62.93
343	105.2	23.73	36	76.45
344	135.63	85.6	33	38.43
345	80.96	47.93	33	55.44
346	20.68	72.94	32	83.81
347	69.22	173.22	35	79.43
348	109.82	74	32	27.79
349	73.94	22.05	33	82.19
350	183.92	20.13	33	115.85
351	75.47	92.73	33	25.58
352	159.84	134.31	33	68.98
Drivers: 5
id	x	y	end	sensitivity
146	117.88	27.42	34	1.88
147	17.48	169.5	32	0.94
148	131.46	6.46	32	1.04
149	190.56	95.61	34	1.33
150	90.04	95.66	32	0.81
Period: 33
Tasks:7
id	x	y	end	c
353	147.32	95.38	34	47.54
354	185.07	4.88	38	127.61
355	81.79	92.44	33	19.72
356	45.45	135.59	33	65.13
357	137.07	79.86	33	42.19
358	146.8	50.82	34	67.89
359	25.52	5.28	37	120.5
Drivers: 8
id	x	y	end	sensitivity
151	68.68	195.91	34	1.89
152	41.51	174.79	33	1.71
153	18.63	162.3	34	1.21
154	82.24	37.56	34	1.25
155	85.36	130.2	35	1.46
156	114.45	125.85	33	1.25
157	55.85	13.51	33	0.84
158	48.79	82.01	33	1.04
Period: 34
Tasks:7
id	x	y	end	c
360	60.37	25.03	35	84.8
361	19.08	84.6	34	82.37
362	159.94	166.58	39	89.59
363	38.47	80.3	36	64.61
364	14.07	12.35	35	122.75
365	162.67	177.4	36	99.59
366	172.42	178.19	37	106.58
Drivers: 4
id	x	y	end	sensitivity
159	16.13	125.39	35	0.76
160	10.34	174.71	36	0.66
161	148.12	59.37	35	1.1
162	0.33	30.79	34	1.39
Period: 35
Tasks:7
id	x	y	end	c
367	22.11	129.2	40	83.18
368	28.88	123.48	38	74.9
369	180.63	62.49	38	88.93
370	113.42	156.32	37	57.9
371	167.55	92.57	35	67.96
372	179.39	18.82	37	113.55
373	156.43	33.17	38	87.47
Drivers: 9
id	x	y	end	sensitivity
163	161.79	87.17	39	1.56
164	175.45	163.49	36	1.86
165	46.81	66.98	36	0.7
166	193.47	155.36	35	1.16
167	2.5	119.11	35	0.59
168	178.97	130.43	35	1.29
169	40.27	160.2	35	1.05
170	186.27	184.25	38	1.97
171	144.88	135.28	37	1.25
Period: 36
Tasks:8
id	x	y	end	c
374	6.12	198.26	38	135.9
375	53.5	135.11	39	58.27
376	98.98	2.94	39	97.07
377	97.72	138.61	39	38.68
378	126.65	7.17	38	96.58
379	116.86	180.13	38	81.88
380	37.77	184.52	38	104.96
381	178.75	188.31	36	118.32
Drivers: 3
id	x	y	end	sensitivity
172	23.59	65.15	36	0.55
173	59.45	170.87	39	0.78
174	3.56	187.7	36	0.75
Period: 37
Tasks:9
id	x	y	end	c
382	57.35	58.99	39	59.17
383	66.24	109.74	39	35.14
384	132.3	20.29	40	86.01
385	106.31	78.06	40	22.83
386	97.12	136.58	37	36.69
387	101.4	84.1	39	15.96
388	107.29	80.72	41	20.61
389	114.48	175.3	38	76.68
390	137.7	103.99	37	37.91
Drivers: 3
id	x	y	end	sensitivity
175	68.85	72.4	40	0.81
176	9.43	155.53	37	1.09
177	97.66	81.78	38	1.32
Period: 38
Tasks:11
id	x	y	end	c
391	7.59	80.04	38	94.54
392	8.4	122.41	38	94.3
393	163.3	27.92	39	95.93
394	22.43	196.24	42	123.61
395	173.07	174.78	43	104.55
396	76.24	168.82	39	72.81
397	83.48	62.94	42	40.58
398	20.52	58.63	41	89.6
399	83.46	149.19	40	51.9
400	48.56	199.02	44	111.58
401	59.43	195.69	40	103.94
Drivers: 11
id	x	y	end	sensitivity
178	118.88	130.03	39	1.79
179	2.3	184.75	38	0.65
180	168.05	144.43	39	1.73
181	183.42	6.62	38	1.52
182	151.11	111.24	40	1.19
183	27.09	124.58	40	1.23
184	101.8	140.02	38	0.83
185	181.02	61.46	38	1.66
186	82.88	7.52	41	1.66
187	86.2	152.12	39	0.62
188	182.54	12.11	38	1.95
Period: 39
Tasks:6
id	x	y	end	c
402	43.87	179.74	42	97.51
403	123.42	74.15	39	34.88
404	183.39	17.63	41	117.21
405	12.59	103.91	39	87.5
406	71.57	98.85	43	28.45
407	187.51	91.67	39	87.91
Drivers: 2
id	x	y	end	sensitivity
189	146.68	108.71	39	1.05
190	170.76	76.87	39	1.24
Period: 40
Tasks:9
id	x	y	end	c
408	56.74	66.38	42	54.79
409	164.15	43.21	44	85.68
410	74.52	7.76	42	95.69
411	113.11	32.82	40	68.45
412	175.42	8.13	43	118.86
413	155.99	41.15	43	81.23
414	108.14	99.53	42	8.15
415	102.92	85.02	46	15.26
416	165.59	162.67	42	90.72
Drivers: 5
id	x	y	end	sensitivity
191	6.68	84.48	41	1.67
192	177.64	74.2	40	0.59
193	57.68	41.59	41	0.83
194	107.16	27.46	41	1.23
195	43.25	88.48	43	0.54
Period: 41
Tasks:11
id	x	y	end	c
417	187.67	4.8	46	129.42
418	36.05	171.36	43	95.82
419	138.73	156.13	45	68.2
420	165.77	45.96	41	85.12
421	147.34	3.77	45	107.24
422	46.05	167.97	42	86.78
423	33.11	61.85	44	77
424	94.92	124.39	45	24.91
425	92.91	61.77	42	38.88
426	47.02	122.95	44	57.74
427	119.32	121.33	43	28.78
Drivers: 6
id	x	y	end	sensitivity
196	110.67	160.56	41	1.5
197	168.24	110.77	42	1.59
198	0.5	106.03	41	0.99
199	169.21	83.84	41	1.32
200	84.02	198.74	41	1.97
201	30.77	128.02	42	1.02
Period: 42
Tasks:14
id	x	y	end	c
428	69.85	145.88	43	54.9
429	113.3	15.12	45	85.92
430	87.19	91.25	45	15.51
431	10.38	164.59	42	110.47
432	106.06	105.79	44	8.38
433	140.24	36.64	43	75.06
434	27.82	7.04	45	117.69
435	157.81	127.9	43	64.19
436	161.12	170.82	44	93.55
437	72.36	145.3	46	53.07
438	68.37	53.8	46	55.99
439	131.22	33.22	44	73.72
440	175.43	31.19	45	102.1
441	71.25	37.23	45	69.04
Drivers: 5
id	x	y	end	sensitivity
202	99.19	10.09	43	1.95
203	11.86	63.37	42	1.57
204	97.53	174.45	44	1.96
205	50.43	53.97	43	0.89
206	42.07	56.63	44	0.53
Period: 43
Tasks:11
id	x	y	end	c
442	104.64	12.79	47	87.33
443	179.67	142.04	44	90.08
444	68.77	26.39	44	79.96
445	71.14	41.75	47	65.01
446	110.46	93.34	50	12.4
447	45.05	167.2	45	86.81
448	93.31	182.45	45	82.72
449	60.95	61.69	47	54.7
450	46.54	167.37	44	86
451	81.78	164.01	44	66.55
452	173.8	36.57	46	97.31
Drivers: 4
id	x	y	end	sensitivity
207	13.91	110.95	43	0.95
208	45.75	113.28	44	1.93
209	105.26	138.48	44	1.21
210	47.89	4.52	45	1.07
Period: 44
Tasks:7
id	x	y	end	c
453	41.29	156.39	46	81.4
454	26.77	79.23	46	76.12
455	172.83	105.72	45	73.05
456	14.65	50.72	45	98.56
457	69.34	182.87	45	88.36
458	191.29	45.57	46	106.28
459	101.07	10.34	44	89.67
Drivers: 1
id	x	y	end	sensitivity
211	72.67	64.46	46	1.61
Period: 45
Tasks:12
id	x	y	end	c
460	37.71	142.3	48	75.29
461	137.1	85.24	46	39.93
462	61.37	3.37	47	104.07
463	14.19	156.26	48	102.61
464	149.28	100.06	47	49.28
465	56.04	20.33	50	90.99
466	34.44	186.62	47	108.63
467	131.94	189.03	46	94.59
468	84.35	112.58	46	20.08
469	15.54	95.19	46	84.6
470	58.82	40.01	47	72.76
471	84.08	107.27	47	17.5
Drivers: 3
id	x	y	end	sensitivity
212	10.11	93.53	47	1.07
213	193.34	170.19	45	1.52
214	77.97	97.24	46	1.71
Period: 46
Tasks:10
id	x	y	end	c
472	188.95	73.88	48	92.71
473	66.2	181.41	49	88.15
474	39.39	26.55	50	95.23
475	29.78	97	48	70.28
476	126.48	106.74	48	27.32
477	98.75	65.19	48	34.83
478	60.26	3.21	48	104.63
479	47.4	119.5	50	56.1
480	24.91	106.09	49	75.34
481	5.23	112.83	47	95.63
Drivers: 5
id	x	y	end	sensitivity
215	115.04	31.23	47	1.42
216	71.86	187.29	47	1.63
217	122.98	9.75	47	1.05
218	112.47	153.49	47	1.09
219	12.87	143.91	46	1.13
Period: 47
Tasks:10
id	x	y	end	c
482	145	43.72	49	72.06
483	32.92	92.98	50	67.45
484	1.36	34.94	49	118.16
485	2.28	76.66	47	100.47
486	32.68	81.28	47	69.87
487	180.81	70.97	50	85.87
488	189.01	68.53	48	94.41
489	71.77	155.9	54	62.62
490	20.2	152.15	48	95.33
491	183.22	101.28	47	83.23
Drivers: 4
id	x	y	end	sensitivity
220	121.37	34.15	47	1.5
221	67.62	71.17	48	0.95
222	113.5	103.23	47	1.52
223	18.72	156.4	48	1.84
Period: 48
Tasks:11
id	x	y	end	c
492	150.49	14.29	50	99.48
493	134.28	152.8	49	62.95
494	124.2	136.2	50	43.54
495	199.1	61.82	49	106.2
496	12.79	192.71	49	127.28
497	74	183.01	48	86.99
498	143.06	5.41	52	103.93
499	160.98	48.09	49	80.08
500	112.6	29.62	49	71.5
501	67.99	79.34	53	38.1
502	117.21	130.85	49	35.33
Drivers: 6
id	x	y	end	sensitivity
224	102.05	92.46	49	1.88
225	135.27	17.88	49	0.73
226	160.69	185.88	48	1.37
227	184.05	25.71	49	1.38
228	0.04	121.92	48	1.16
229	15.34	175.24	48	1.87
Period: 49
Tasks:13
id	x	y	end	c
503	55.11	98.91	51	44.9
504	185.41	196.89	50	129.16
505	74.59	177.65	51	81.7
506	45.75	14.2	54	101.51
507	44.46	121.83	50	59.68
508	63.84	123.44	51	43.09
509	18.44	158.21	49	100.2
510	163	195.72	49	114.59
511	168.36	131.75	52	75.37
512	141.94	25.43	52	85.55
513	96.02	189.69	52	89.78
514	106.15	132.77	50	33.34
515	17.58	139.93	51	91.58
Drivers: 5
id	x	y	end	sensitivity
230	175.65	103.61	50	0.68
231	188.92	101.62	49	1.55
232	174.56	102.92	51	1.65
233	53.01	96.58	50	1.35
234	179.45	65.17	49	1.25
Period: 50
Tasks:12
id	x	y	end	c
516	4.54	150.16	53	107.84
517	187.84	104.73	50	87.97
518	36.28	153.56	52	83.24
519	101.14	144.01	51	44.02
520	91.89	36.79	51	63.73
521	78.75	10.21	52	92.27
522	185.14	6.88	51	126.18
523	86.07	187.54	51	88.64
524	121.09	6.11	50	96.23
525	174.07	151.43	53	90.17
526	164.98	116.77	50	67.11
527	90.38	193.85	55	94.34
Drivers: 4
id	x	y	end	sensitivity
235	99.69	120.52	50	1.85
236	163.27	139.39	51	0.68
237	144.33	102.55	50	1.27
238	104.67	87.52	51	0.9
Period: 51
Tasks:8
id	x	y	end	c
528	44.01	111.12	52	57.08
529	110.19	67.95	52	33.63
530	84.01	125.56	52	30.15
531	25.24	178.37	55	108.31
532	51.99	83.57	52	50.74
533	5.65	138.25	52	101.81
534	91.2	71.01	54	30.3
535	97.65	171.46	56	71.5
Drivers: 9
id	x	y	end	sensitivity
239	173.51	21.27	53	1.97
240	100.15	179.44	53	1.31
241	60.26	179.71	54	1.36
242	93.15	196.48	52	0.74
243	171.02	151.3	52	1.84
244	18.23	180.91	51	1.27
245	67.94	99.08	51	1.52
246	156.01	102.85	53	1.68
247	78.73	84.9	52	0.8
Period: 52
Tasks:9
id	x	y	end	c
536	93.01	65.69	52	35.01
537	62.47	46.54	53	65.32
538	116.1	173.96	53	75.69
539	112.12	150.32	53	51.76
540	156.01	120.68	55	59.71
541	129.9	108.07	54	30.97
542	180.47	195.66	53	125.01
543	93.64	121.79	55	22.7
544	164.2	93.85	56	64.49
Drivers: 2
id	x	y	end	sensitivity
248	72.39	161.75	53	0.7
249	102.19	22.52	52	0.6
Period: 53
Tasks:12
id	x	y	end	c
545	184.11	66.5	53	90.54
546	95.15	86.41	56	14.43
547	33.8	106.92	53	66.56
548	161.66	14.72	57	105.24
549	53.77	28.23	56	85.37
550	37.33	180.87	55	102.31
551	87.15	36.29	56	64.99
552	94.79	110.17	55	11.43
553	159.77	189.38	55	107.52
554	143.69	194.63	54	104.23
555	14.57	7.74	57	125.74
556	29.09	60.11	53	81.36
Drivers: 6
id	x	y	end	sensitivity
250	163.97	31.94	55	1.44
251	77.15	71.16	53	1.93
252	74.62	129.99	53	1.77
253	151.79	195.32	53	1.72
254	107.71	106.43	53	1.08
255	191.73	90.2	53	1.4
Period: 54
Tasks:7
id	x	y	end	c
557	18.47	112.73	56	82.52
558	111.4	97.37	58	11.7
559	153.14	173.3	55	90.54
560	22.4	39.13	55	98.63
561	1.15	24.93	55	124.12
562	97.54	52.68	54	47.38
563	126.3	166.42	56	71.44
Drivers: 5
id	x	y	end	sensitivity
256	62.1	2.97	54	0.83
257	82.49	62.46	56	1.3
258	194.04	187.24	56	1.63
259	116.6	51.86	54	1.58
260	150.42	34.45	55	0.71
Period: 55
Tasks:6
id	x	y	end	c
564	180.04	21.88	57	111.84
565	34.83	36.81	57	90.78
566	6.45	111.07	56	94.2
567	19.44	13.1	57	118.5
568	78.05	119.48	58	29.35
569	181.7	199.93	58	129.08
Drivers: 11
id	x	y	end	sensitivity
261	146.29	50.39	55	1.41
262	121.49	77.48	56	1.7
263	28.89	175.75	56	1.87
264	110.53	174.4	59	0.79
265	16.04	183.63	55	1.88
266	77.46	26.72	55	0.59
267	182.93	62.32	55	1.64
268	163.74	24.77	55	1.82
269	17.21	6.37	59	1.96
270	196.36	157.18	55	0.56
271	66.65	25.76	56	1.69
Period: 56
Tasks:8
id	x	y	end	c
570	134.3	162.42	56	71.22
571	116.75	15.4	59	86.24
572	144.1	108.93	56	45
573	8.59	12.41	62	126.6
574	17.02	49.88	59	96.94
575	92.7	49.79	58	50.74
576	31.49	10.9	59	112.39
577	99.79	29.27	56	70.73
Drivers: 7
id	x	y	end	sensitivity
272	10.58	39.26	59	1.32
273	81.33	158.93	58	1.43
274	63.81	22.2	56	0.85
275	170.4	135.44	57	1.42
276	76.69	65.67	59	0.54
277	160.7	1.59	58	1.38
278	58.38	160.57	57	1.25
Period: 57
Tasks:12
id	x	y	end	c
578	162.59	188.54	58	108.43
579	86.63	158.18	58	59.7
580	162.15	157.81	58	84.88
581	151.63	59.1	59	65.87
582	180.32	105.89	62	80.54
583	131.25	172.24	57	78.71
584	115.31	15.84	58	85.54
585	166.52	0.28	60	119.87
586	97.93	143.34	57	43.39
587	11.27	164.11	58	109.47
588	186.04	165.21	58	107.96
589	124.02	83.36	59	29.22
Drivers: 6
id	x	y	end	sensitivity
279	179.33	19.85	57	1.76
280	194.55	113.4	58	1.65
281	29.67	11.15	58	1.05
282	43.04	107.84	58	0.53
283	17.89	53.23	59	1.84
284	38.55	123.44	58	0.52
Period: 58
Tasks:12
id	x	y	end	c
590	94.2	154.86	59	55.17
591	28.85	149.57	62	86.72
592	2.32	79.24	62	99.86
593	16.82	138.71	60	91.75
594	105.33	156.89	59	57.14
595	100.86	24.24	63	75.76
596	124.73	179.71	60	83.46
597	188.12	99.11	60	88.12
598	176.56	94.24	65	76.78
599	116.48	78.09	58	27.42
600	197.04	55.48	60	106.77
601	173.13	15.69	58	111.61
Drivers: 5
id	x	y	end	sensitivity
285	140.77	48.81	58	1.23
286	19.93	22.86	60	1.31
287	103.74	168.47	59	1.57
288	73.87	177.6	60	1.61
289	196.19	55.98	59	0.68
Period: 59
Tasks:6
id	x	y	end	c
602	29.87	70.1	60	76.24
603	167.53	69.79	62	73.98
604	52.77	81.7	60	50.65
605	75.64	51.18	63	54.56
606	38.96	116.38	60	63.2
607	43.43	98.69	63	56.59
Drivers: 5
id	x	y	end	sensitivity
290	73	146.77	59	1.08
291	29.06	48.66	63	1.22
292	17.91	151.37	60	1.44
293	79.25	190.42	59	1.07
294	63.28	62.2	59	1.48
Period: 60
Tasks:9
id	x	y	end	c
608	93.67	145.83	63	46.27
609	4.58	124.34	62	98.48
610	40.31	92.2	62	60.2
611	94.82	175.18	62	75.36
612	125.01	135.18	64	43.16
613	120.48	191.07	61	93.34
614	44.74	37.78	61	83.22
615	1.55	112.02	60	99.18
616	42.19	139.05	61	69.76
Drivers: 4
id	x	y	end	sensitivity
295	131.17	51.76	61	1.35
296	2.24	73.19	61	0.81
297	45.34	96.76	60	0.74
298	72.17	50.35	62	1.55
Period: 61
Tasks:8
id	x	y	end	c
617	99.68	45.89	65	54.11
618	101.2	100.41	62	1.27
619	7.28	120.91	64	95.05
620	12.22	48.1	61	101.98
621	72.14	138.19	62	47.27
622	60.98	111.91	62	40.8
623	55.65	61.91	64	58.46
624	43.89	4.43	66	110.82
Drivers: 4
id	x	y	end	sensitivity
299	104.38	197.73	62	0.65
300	179.89	11.18	61	1.94
301	85.56	132.98	61	0.53
302	147.49	142.05	61	1.52
Period: 62
Tasks:11
id	x	y	end	c
625	191.25	58.99	62	100.04
626	9.47	132.57	63	96.21
627	118.25	70.83	63	34.41
628	101.38	149.14	63	49.16
629	30.67	194	64	116.8
630	60.32	109.25	65	40.74
631	199.59	33.87	64	119.55
632	78.54	137.93	62	43.58
633	62.35	57.46	64	56.81
634	87.45	145.54	63	47.24
635	141.72	2.16	65	106.36
Drivers: 7
id	x	y	end	sensitivity
303	184.29	155.03	64	1.84
304	144.36	142.6	63	1.88
305	9.09	140.66	62	0.53
306	73.05	4.74	62	0.78
307	136.35	74.25	64	1.63
308	3.89	18.32	63	1.61
309	91.53	199.82	62	1.72
Period: 63
Tasks:8
id	x	y	end	c
636	181.51	4.68	66	125.42
637	55.19	19.64	65	92.01
638	134.3	58.11	65	54.14
639	58.17	192.72	65	101.72
640	97.67	139.21	63	39.28
641	194.25	25.83	66	119.93
642	191.83	87.82	67	92.63
643	86.1	96.01	65	14.46
Drivers: 4
id	x	y	end	sensitivity
310	90.54	192.92	66	1.8
311	124.9	83.67	63	1.02
312	12.49	181.23	66	1.73
313	34.95	178.59	63	1.65
Period: 64
Tasks:10
id	x	y	end	c
644	150.52	102.43	66	50.58
645	43.71	167.88	66	88.18
646	198.71	0.13	65	140.42
647	178.81	160.67	65	99.46
648	83.83	195.57	66	96.93
649	164.85	189.48	65	110.51
650	39.15	160.75	67	85.98
651	154.21	23.71	65	93.59
652	76.95	173.75	68	77.27
653	138.3	81.37	68	42.59
Drivers: 6
id	x	y	end	sensitivity
314	20.66	186.65	65	1.12
315	162.49	118.84	65	1.73
316	171.2	28.85	65	1.95
317	60.84	86.24	66	1.9
318	178.39	106.08	66	1.83
319	137.49	197.81	66	0.59
Period: 65
Tasks:8
id	x	y	end	c
654	22.33	155.49	66	95.46
655	4.88	191.44	68	131.94
656	78.23	161.32	66	65.07
657	64.41	104.52	70	35.88
658	45.87	45.68	67	76.69
659	198.78	197.52	71	138.81
660	64.89	152.37	70	63.05
661	61.73	44.22	67	67.65
Drivers: 4
id	x	y	end	sensitivity
320	100.84	147.33	66	1.53
321	68.42	97.27	65	0.76
322	28.83	13.76	70	0.58
323	98.92	169.42	65	1.61
Period: 66
Tasks:13
id	x	y	end	c
662	77.99	6.16	68	96.39
663	75.48	132.15	67	40.43
664	145.36	96.98	68	45.46
665	167.79	162.08	68	91.92
666	197.98	91.01	68	98.39
667	2.85	133.36	66	102.72
668	135.93	36	67	73.4
669	161.66	176.23	67	98.05
670	91.13	126.18	70	27.64
671	52.2	13.47	69	98.85
672	1.74	97.86	69	98.28
673	151.5	13.23	69	100.9
674	130.78	9.48	69	95.61
Drivers: 6
id	x	y	end	sensitivity
324	10.42	59.17	68	0.88
325	33.58	109.43	67	1.09
326	91.67	153.2	67	1.68
327	95.26	160.48	67	1.34
328	52.08	27.42	67	1.4
329	79.81	144.41	67	1.05
Period: 67
Tasks:6
id	x	y	end	c
675	83.25	155.83	69	58.29
676	40.4	61.54	71	70.93
677	5.31	156.14	69	110.08
678	76.31	108.81	69	25.28
679	7.84	180.26	71	122.21
680	97.12	61.16	69	38.95
Drivers: 7
id	x	y	end	sensitivity
330	146.23	127.95	68	1.09
331	142.36	115.13	67	0.93
332	169.42	161.97	68	1.1
333	170.93	142.68	69	1.15
334	59.13	152.13	68	0.62
335	178.11	185.58	68	1.6
336	85.74	186.18	68	0.77
Period: 68
Tasks:13
id	x	y	end	c
681	23.16	5.35	70	121.91
682	80.01	100.46	72	20
683	172.29	145.26	71	85.29
684	144.8	53.67	70	64.45
685	128.28	18.15	70	86.6
686	116.91	181.01	68	82.76
687	3.04	161.7	68	114.93
688	147.6	100.76	69	47.61
689	79.85	88.93	70	22.99
690	47	23.97	69	92.68
691	123.35	128.85	69	37.12
692	126.96	147.52	71	54.64
693	114.98	4.38	70	96.79
Drivers: 6
id	x	y	end	sensitivity
337	133.41	139.63	69	1.07
338	77.1	68.39	71	0.78
339	188.79	14.32	68	1.75
340	58.53	49.31	72	1.8
341	86.49	187.74	69	1.32
342	150.76	133.22	70	0.85
Period: 69
Tasks:13
id	x	y	end	c
694	167.86	185.49	71	109.15
695	102.82	134.71	70	34.82
696	82.27	124.82	72	30.5
697	187.37	100.93	69	87.37
698	50.28	150.93	71	71.18
699	192.64	150.24	72	105.39
700	53.88	70.97	72	54.5
701	161.27	155.81	71	82.88
702	106.3	64.36	71	36.19
703	85.35	93.54	71	16.01
704	61.46	24.18	73	85.05
705	66.89	61.91	69	50.47
706	40.16	21.31	69	98.86
Drivers: 4
id	x	y	end	sensitivity
343	191.95	56.12	71	0.77
344	51.9	182.25	70	1.25
345	135.21	6.41	69	0.84
346	149.33	86.04	70	1.72
Period: 70
Tasks:10
id	x	y	end	c
707	159.56	175.18	74	95.91
708	19.47	67.51	72	86.84
709	162.77	126.93	71	68.3
710	169.48	114.09	72	70.89
711	69.32	106.89	72	31.44
712	148.58	25.32	71	89.09
713	43.7	87.84	74	57.6
714	3.14	0.87	71	138.6
715	83.67	71.09	73	33.2
716	90.9	59.81	74	41.21
Drivers: 5
id	x	y	end	sensitivity
347	17.69	49.36	70	1.58
348	89.13	144.22	72	1.58
349	199.24	34.86	70	0.64
350	148.91	183.02	70	1.91
351	36.31	180.71	70	1.46
Period: 71
Tasks:13
id	x	y	end	c
717	114.82	73.68	72	30.21
718	161.78	63.75	73	71.63
719	66.02	54.49	74	56.8
720	68.46	194.09	73	99.24
721	159.55	145.14	74	74.72
722	126.66	1.26	72	102.28
723	19.98	98.43	73	80.04
724	183.9	190.27	72	123.24
725	145.62	138.8	73	59.89
726	186.84	159.96	73	105.53
727	55.13	90.43	73	45.88
728	40.54	140.54	73	71.97
729	5.09	119.85	76	96.96
Drivers: 7
id	x	y	end	sensitivity
352	49.66	124	72	0.73
353	48.9	80.84	73	0.51
354	99.34	195.52	72	1.69
355	130.23	50.13	71	1.9
356	170.76	140.04	75	1.55
357	2.02	119.17	73	1.21
358	66.43	102.95	72	0.69
Period: 72
Tasks:6
id	x	y	end	c
730	53.43	108.96	78	47.42
731	19.88	146.66	75	92.72
732	122.98	4.02	78	98.69
733	124.05	106.75	75	24.98
734	64.25	104.33	73	36.01
735	78.58	56.61	75	48.39
Drivers: 4
id	x	y	end	sensitivity
359	44.14	191.35	72	1.17
360	131.51	24.75	74	0.56
361	192.89	88.98	72	1.03
362	48.22	69.1	73	1.82
Period: 73
Tasks:8
id	x	y	end	c
736	37.76	83.76	78	64.32
737	8.09	186.06	75	125.91
738	111.66	137.2	76	38.98
739	57.98	79.21	76	46.88
740	195.34	135.9	73	101.88
741	197.67	141.59	73	106.16
742	42.36	169.52	73	90.31
743	120.88	66.32	75	39.63
Drivers: 4
id	x	y	end	sensitivity
363	78.92	61.54	73	0.94
364	125.94	45.06	73	1.86
365	5.05	92.15	77	1.51
366	156.53	13.6	74	0.77
Period: 74
Tasks:14
id	x	y	end	c
744	140.79	179.99	75	89.79
745	22.86	51.05	76	91.36
746	127.38	169.22	76	74.44
747	59.66	63.55	81	54.37
748	160.94	59.18	76	73.35
749	92.21	37.07	75	63.41
750	75.33	56.04	76	50.41
751	187.75	139.78	75	96.35
752	73.92	51.53	78	55.04
753	115.08	15.88	77	85.46
754	121.46	53.44	75	51.27
755	180.38	7.87	79	122.27
756	173.28	62.73	77	82.21
757	60.22	77.05	76	45.93
Drivers: 2
id	x	y	end	sensitivity
367	30.56	19.64	76	0.95
368	141.35	49.31	75	0.62
Period: 75
Tasks:8
id	x	y	end	c
758	109.31	121.32	78	23.26
759	44.72	134.93	79	65.39
760	31.96	9.65	76	113.1
761	171.71	185.57	76	111.64
762	138.34	131.08	77	49.36
763	175.32	135.66	77	83.34
764	62.39	184.67	77	92.65
765	75.77	167.83	79	72.03
Drivers: 7
id	x	y	end	sensitivity
369	72.86	135.89	76	0.53
370	126.54	77.95	75	0.95
371	150.14	29.58	76	0.57
372	33.42	14.82	75	1.67
373	138.58	196.88	78	0.68
374	126.32	71.79	77	0.97
375	189.02	185.71	75	1.84
Period: 76
Tasks:12
id	x	y	end	c
766	124.87	185.02	79	88.58
767	81.61	189.38	78	91.25
768	106.53	46.13	82	54.26
769	2.79	73.34	79	100.8
770	149.55	125.03	77	55.51
771	35.72	119.66	76	67.22
772	14.41	105.22	79	85.75
773	170.74	30.89	77	98.9
774	179.65	131.36	78	85.6
775	2.35	140.32	79	105.65
776	85.55	40.17	79	61.55
777	19	140.01	78	90.34
Drivers: 4
id	x	y	end	sensitivity
376	153.71	166.46	76	0.75
377	197.55	68.37	77	0.72
378	114.93	61.54	76	1.71
379	134.82	42.24	80	1.65
Period: 77
Tasks:8
id	x	y	end	c
778	104.62	111.98	79	12.84
779	192.82	37.26	77	112.04
780	158.6	137	78	69.3
781	129.13	15.6	80	89.29
782	65.59	154.08	81	64.1
783	153.74	165.16	79	84.46
784	127.97	158.38	80	64.73
785	77.11	16.97	77	86.13
Drivers: 5
id	x	y	end	sensitivity
380	88.02	46.76	79	0.72
381	189.92	111.88	78	1.27
382	140.93	37.57	78	1.33
383	11.74	91.18	78	0.59
384	133.65	174.34	78	0.92
Period: 78
Tasks:7
id	x	y	end	c
786	105	182.37	79	82.52
787	101.96	51.06	78	48.98
788	40.29	93.72	82	60.04
789	84.68	23.42	78	78.1
790	88.39	56.32	78	45.2
791	152.73	159.26	79	79.32
792	18.83	47.89	79	96.46
Drivers: 5
id	x	y	end	sensitivity
385	163.8	81.16	78	0.76
386	63.06	104.95	79	0.59
387	27.26	92	78	0.93
388	177.58	18.99	79	0.84
389	19.68	163.89	78	1.87
Period: 79
Tasks:15
id	x	y	end	c
793	13	48.8	82	100.95
794	134.42	80.49	83	39.56
795	144.58	22.11	81	89.75
796	61.57	184.73	82	93.04
797	163.27	38.95	79	87.92
798	58.43	139.71	82	57.49
799	62.22	29.21	81	80.24
800	183.61	112.1	80	84.48
801	66.99	32.5	82	75.14
802	113.22	95.79	83	13.87
803	98.75	18.51	80	81.5
804	145.28	195.11	80	105.34
805	2.04	195.35	83	136.7
806	36.94	119.32	81	65.95
807	7.94	57.49	79	101.4
Drivers: 9
id	x	y	end	sensitivity
390	58.28	39.96	79	1.69
391	70.91	178.1	79	1.87
392	119.07	150.64	80	1.88
393	103.41	57.71	80	1.43
394	98.88	184.09	79	1.94
395	161.12	10.83	79	1.55
396	99.61	95.34	81	1.77
397	16.04	117.68	81	1.94
398	37.26	77.43	81	1.86
Period: 80
Tasks:9
id	x	y	end	c
808	85.25	125.61	80	29.55
809	55.62	181.6	84	92.89
810	177.54	75.79	82	81.23
811	143.57	117.63	87	47
812	169.57	58.31	84	81.11
813	26.43	10.4	83	115.93
814	62.21	160.3	82	71.16
815	65.88	161.57	81	70.39
816	85.91	155.42	84	57.18
Drivers: 6
id	x	y	end	sensitivity
399	35.65	136.04	81	1.51
400	28.6	90.24	82	1.14
401	38.93	151.96	82	1.41
402	133.83	76.82	82	1.35
403	186.82	140.49	82	0.87
404	112.59	149.14	80	0.5
Period: 81
Tasks:14
id	x	y	end	c
817	40.64	18.13	82	101.13
818	125.07	137.25	83	44.9
819	171.67	172.19	82	101.73
820	176.57	125.99	82	80.86
821	103.86	98.18	83	4.27
822	85.7	22.07	83	79.23
823	96.06	50.53	86	49.63
824	145.49	161.32	83	76.35
825	172.16	135.13	83	80.26
826	121.94	158.83	81	62.79
827	48.09	77.7	81	56.5
828	21.33	186.57	85	116.98
829	160.88	144.34	85	75.32
830	80.02	0.21	81	101.77
Drivers: 4
id	x	y	end	sensitivity
405	173.64	72.27	85	0.66
406	43.37	59.71	82	1.94
407	3.62	99.8	83	1.27
408	81.06	119.1	82	1
Period: 82
Tasks:16
id	x	y	end	c
831	130.03	124.34	84	38.66
832	130.57	186.85	84	92.07
833	42.27	70.8	83	64.69
834	144.4	156.94	86	72.2
835	55.9	42.93	83	72.12
836	60.86	20.28	83	88.81
837	197.06	48.43	86	109.91
838	179.32	33.61	83	103.44
839	143.67	132.31	84	54.32
840	167.82	123.47	83	71.77
841	85.75	65.23	84	37.58
842	99.51	36.91	83	63.09
843	49.23	199.93	85	112.09
844	74.21	122.95	85	34.52
845	70.54	164.41	85	70.83
846	78.25	196.22	84	98.65
Drivers: 4
id	x	y	end	sensitivity
409	48.13	171.05	82	0.97
410	93.73	127.9	82	1.16
411	173.15	35.06	84	1.49
412	127.17	131.1	82	0.64
Period: 83
Tasks:10
id	x	y	end	c
847	135.87	189.64	83	96.55
848	92.65	166.92	85	67.32
849	34.05	121.97	85	69.51
850	162.3	8.69	86	110.54
851	128.49	139.4	86	48.62
852	62.18	90.29	84	39.05
853	150.6	116.77	83	53.31
854	56.48	78	83	48.76
855	8.99	128.81	84	95.46
856	38.07	165.51	86	90.15
Drivers: 1
id	x	y	end	sensitivity
413	183.89	57.08	84	0.7
Period: 84
Tasks:10
id	x	y	end	c
857	142.79	96.98	90	42.9
858	81.27	48.03	88	55.24
859	50.28	15.1	85	98.39
860	119.7	198.49	85	100.44
861	198.7	12.3	87	132.03
862	49.73	184.71	87	98.5
863	5.06	194.71	84	134.1
864	144.57	58.24	87	61.08
865	75.05	151.63	86	57.34
866	153.62	83.36	85	56.14
Drivers: 4
id	x	y	end	sensitivity
414	99.79	108.31	85	0.99
415	118.81	169.85	84	1.2
416	68.74	194.21	87	0.64
417	62.97	129.12	84	0.62
Period: 85
Tasks:19
id	x	y	end	c
867	134.5	138.2	88	51.47
868	8.64	26.32	86	117.37
869	172.78	169.03	88	100.31
870	191.04	124.5	86	94.28
871	176.99	76.73	85	80.43
872	168.11	159.19	90	90.24
873	155.6	170.66	91	89.91
874	11.69	166.25	87	110.4
875	88.5	67.74	89	34.25
876	99.43	88.36	88	11.65
877	52.42	48.19	86	70.34
878	169.53	170.63	90	99.11
879	148.75	38.12	90	78.78
880	128.71	31.01	89	74.73
881	81.16	66.24	88	38.66
882	40.37	5.57	90	111.68
883	4.53	122.33	90	98.05
884	43.08	76.69	89	61.51
885	116.13	187.39	87	88.87
Drivers: 7
id	x	y	end	sensitivity
418	158.4	162.15	86	1.36
419	195.67	151.23	86	1.13
420	172.23	101.63	85	1.76
421	157.48	65.47	87	0.67
422	25.25	37.94	85	1.36
423	189.77	33.92	85	1.29
424	7.61	72.08	86	1.62
Period: 86
Tasks:10
id	x	y	end	c
886	188.24	52.27	88	100.32
887	180.02	40.79	89	99.54
888	33.34	107.06	87	67.03
889	164.2	77.91	89	67.89
890	57.06	197.24	89	106.3
891	17.95	179.43	87	114.2
892	3.61	11.12	90	131.11
893	175.22	159.71	87	96.04
894	178.24	111.38	90	79.06
895	54.58	82.96	89	48.51
Drivers: 6
id	x	y	end	sensitivity
425	121.66	116.6	86	1.02
426	20.36	138.18	88	1.87
427	156.69	176.45	86	1.54
428	42.19	58.28	87	1.85
429	134.93	14.31	86	1.46
430	71.52	165.95	86	1.52
Period: 87
Tasks:9
id	x	y	end	c
896	173.03	130.92	90	79.31
897	80.92	48.56	88	54.86
898	147.21	62.09	87	60.55
899	42.09	119.42	89	61.08
900	45.52	131.74	87	63.05
901	46.96	76.91	88	57.85
902	5.14	31.71	91	116.88
903	74.56	51.73	88	54.56
904	155.25	83.76	87	57.59
Drivers: 5
id	x	y	end	sensitivity
431	3.09	44.62	87	1.39
432	56.46	96.99	88	1.79
433	135.82	198.75	87	1.68
434	53.46	185.61	89	0.57
435	146.61	39.4	89	1.5
Period: 88
Tasks:7
id	x	y	end	c
905	169.1	22.09	92	104.14
906	133.38	52.21	89	58.29
907	11.12	10.27	89	126.3
908	77.55	56.17	88	49.25
909	168.55	187.5	91	111.15
910	109.92	120.87	90	23.11
911	114.24	190.35	94	91.47
Drivers: 1
id	x	y	end	sensitivity
436	46.92	52.23	88	1.17
Period: 89
Tasks:13
id	x	y	end	c
912	112.58	196.66	90	97.48
913	34.08	175.05	91	99.89
914	90.32	51.06	94	49.89
915	46.92	5.07	89	108.76
916	89.84	148.08	91	49.14
917	187.3	34.97	90	108.86
918	37.15	55.38	94	77.08
919	157.06	149.67	90	75.65
920	166.76	120.73	90	69.9
921	119.59	72.96	91	33.39
922	48.58	57.55	90	66.68
923	122.55	8.12	90	94.61
924	168.67	176.37	93	102.7
Drivers: 8
id	x	y	end	sensitivity
437	152.52	116	91	1
438	185.43	12.21	89	1.43
439	110.23	4.82	89	1.09
440	47.49	182.24	89	1.1
441	177.85	108.3	89	1.5
442	160.32	114.36	89	1.36
443	77.2	162.74	89	1.85
444	23.08	181.13	89	1.16
Period: 90
Tasks:4
id	x	y	end	c
925	101.57	154.84	90	54.86
926	145.91	118.74	91	49.59
927	133.31	85.99	90	36.14
928	42.61	66.37	95	66.52
Drivers: 4
id	x	y	end	sensitivity
445	87.62	158.51	90	1.27
446	8.4	94.61	91	1.39
447	167.58	190.21	90	0.84
448	92.19	108.27	91	1.86
Period: 91
Tasks:17
id	x	y	end	c
929	96.17	117.42	91	17.84
930	72.39	122.66	93	35.72
931	171.8	170.67	94	100.74
932	28.16	28.61	91	101.28
933	108.59	7.07	92	93.33
934	10.11	76.12	92	93.01
935	126.58	129.49	94	39.7
936	62.17	13.22	93	94.67
937	6.85	31.35	95	115.71
938	158.33	10.25	92	107.04
939	100.81	26.17	94	73.83
940	197.16	146.05	95	107.52
941	111.64	1.89	91	98.8
942	16.72	72.94	91	87.57
943	195.37	145	93	105.45
944	42.48	126.66	94	63.4
945	31.84	19.24	91	105.68
Drivers: 6
id	x	y	end	sensitivity
449	133.12	28.32	91	1.55
450	124.89	100.39	92	1.53
451	45.1	191.74	91	1.3
452	189.76	150.04	92	1.11
453	42.75	198.07	92	1.01
454	25.45	133.14	92	0.99
Period: 92
Tasks:8
id	x	y	end	c
946	160.27	66.59	95	68.91
947	159.7	2.99	97	113.91
948	51.92	133.34	92	58.51
949	131.26	191.08	95	96.3
950	52.1	40.62	95	76.29
951	93.29	67.25	94	33.43
952	135.91	159.08	96	69.14
953	13.55	12.55	95	122.97
Drivers: 4
id	x	y	end	sensitivity
455	81.01	156.49	94	0.55
456	53.17	25.41	94	0.97
457	25.22	112.32	95	0.78
458	91.85	22.91	92	0.91
Period: 93
Tasks:8
id	x	y	end	c
954	49.37	84.09	94	53.07
955	36.73	40.53	96	86.83
956	161.28	169.42	95	92.6
957	51.61	135.06	96	59.76
958	73.72	36.09	95	69.1
959	197.18	97.9	94	97.2
960	133.91	37.23	95	71.34
961	113.74	0.11	94	100.83
Drivers: 5
id	x	y	end	sensitivity
459	36.27	34.41	93	1.85
460	32.79	38.84	93	0.69
461	3.33	198.52	93	1.77
462	85.45	101.28	94	1.84
463	151.06	199.99	93	1.3
Period: 94
Tasks:12
id	x	y	end	c
962	43.57	125.37	94	61.87
963	8.19	77.09	97	94.63
964	11.65	114.58	96	89.54
965	151.06	165.91	96	83.37
966	44.49	51.88	97	73.46
967	96.68	103.82	96	5.06
968	176.23	146.17	98	89.12
969	124.58	56.33	97	50.11
970	12.84	3.98	97	129.68
971	157.92	85.05	98	59.82
972	153.67	137.8	96	65.65
973	61.54	164.23	96	74.86
Drivers: 2
id	x	y	end	sensitivity
464	39.43	135.71	94	1.6
465	96.34	109.59	95	0.91
Period: 95
Tasks:5
id	x	y	end	c
974	11.81	178.32	98	117.95
975	142.56	94.44	97	42.92
976	154.41	31.53	96	87.46
977	39.87	179.45	96	99.64
978	121.97	153.15	97	57.51
Drivers: 6
id	x	y	end	sensitivity
466	131.53	110.36	95	1.41
467	85.86	64.33	95	1.02
468	55.01	93.76	96	1.87
469	198.98	75.39	95	1.37
470	133.83	188.01	96	1.45
471	174.21	141.82	97	1.86
Period: 96
Tasks:5
id	x	y	end	c
979	39.03	105.5	99	61.22
980	115.01	52.3	96	50.01
981	88.33	108.72	97	14.57
982	40.56	103.52	99	59.54
983	81.75	197.75	97	99.44
Drivers: 2
id	x	y	end	sensitivity
472	171.56	48.74	96	0.61
473	178.76	44.49	96	1.06
Period: 97
Tasks:11
id	x	y	end	c
984	65.16	13.33	99	93.41
985	136.08	60.12	99	53.78
986	13.33	176.38	97	115.52
987	77.32	6.5	98	96.21
988	196.79	83.8	98	98.14
989	175.83	46.3	99	92.92
990	17.4	105.19	100	82.76
991	131.41	136.24	101	47.96
992	63.68	149.61	100	61.48
993	171.66	183.01	100	109.66
994	190.71	1.09	98	134.21
Drivers: 3
id	x	y	end	sensitivity
474	63.25	5.25	97	1.05
475	44.88	113.5	97	1.9
476	6.03	169.77	98	0.8
Period: 98
Tasks:7
id	x	y	end	c
995	17.43	182.71	100	116.87
996	179.87	25.05	98	109.53
997	160.3	119.57	99	63.4
998	67.5	134.76	99	47.59
999	129.61	193.59	100	98.16
1000	93.68	78.08	102	22.81
1001	149	108.6	98	49.75
Drivers: 6
id	x	y	end	sensitivity
477	130.26	5.5	99	0.84
478	99.85	87.66	98	0.65
479	128.79	146.25	98	1.67
480	7.7	45.53	101	1.82
481	190.05	143.45	98	0.6
482	102.72	109.43	99	1.15
Period: 99
Tasks:15
id	x	y	end	c
1002	131.2	149.49	102	58.5
1003	93.64	99.11	101	6.42
1004	82.38	163.54	103	65.94
1005	178.08	136.99	100	86.4
1006	50.1	129.52	99	57.98
1007	58.55	75.72	100	48.04
1008	175.1	43.97	102	93.7
1009	30.46	120.49	99	72.5
1010	106.03	108.26	101	10.23
1011	120.15	58.54	100	46.1
1012	62.29	140.57	101	55.39
1013	86.44	147.21	99	49.12
1014	105.17	184.94	103	85.1
1015	65.28	77.28	100	41.49
1016	92.73	39.39	101	61.04
Drivers: 4
id	x	y	end	sensitivity
483	135.44	128.68	101	1.66
484	98.79	14.41	99	0.77
485	173.85	77.23	100	0.66
486	187.35	87.57	101	1.03
Period: 100
Tasks:11
id	x	y	end	c
1017	109.31	182.77	100	83.29
1018	54.84	111.4	101	46.58
1019	189.03	135.32	101	95.78
1020	45.15	153.18	100	76.4
1021	45.27	1.08	101	113.05
1022	77.78	72.37	101	35.46
1023	138.68	85.74	101	41.22
1024	102.24	76.99	101	23.12
1025	82.64	96.04	104	17.81
1026	41.33	172.77	104	93.48
1027	116.51	28.71	102	73.18
Drivers: 8
id	x	y	end	sensitivity
487	61.16	13.51	100	1.07
488	104.64	140.23	100	1.91
489	186.37	82.47	100	1.43
490	70.34	70.81	100	1.85
491	7.04	7.12	100	1.9
492	183	72.11	103	0.54
493	64.01	29.62	104	1.56
494	67.04	144.27	100	0.78
