Periods: 100
Task Arrival Rate: 10
Task Average Time: 1
Driver Arrival Rate: 5
Driver Average Time: 2
Period: 1
Tasks:7
id	x	y	end	c
1	23.1	38.89	1	98.22
2	169.03	85.08	1	70.62
3	156.09	116.86	2	58.57
4	41.04	177.86	4	97.67
5	22.07	188.03	2	117.57
6	163.3	47.66	1	82.14
7	171.68	56.11	1	84.05
Drivers: 2
id	x	y	end	sensitivity
1	47.88	86.15	4	0.96
2	150.68	46.69	1	1.22
Period: 2
Tasks:10
id	x	y	end	c
8	79.17	104.99	2	21.42
9	129.65	195.21	2	99.72
10	86.07	11.54	3	89.55
11	87.19	178.61	2	79.65
12	85.46	112.61	3	19.25
13	82.12	118.77	3	25.92
14	77.51	58.38	2	47.31
15	166.1	70.5	3	72.38
16	113.77	44.58	3	57.11
17	45.57	107.95	4	55.01
Drivers: 4
id	x	y	end	sensitivity
3	161.26	64.41	5	1.13
4	94.32	182.64	3	1.45
5	122.34	177.38	5	1.09
6	84.6	182.19	3	1.84
Period: 3
Tasks:12
id	x	y	end	c
18	184.65	193.87	4	126.4
19	196	111.25	4	96.66
20	28.89	64.12	5	79.65
21	29.39	134.6	4	78.63
22	148.08	139.73	4	62.37
23	48.8	133.06	3	60.95
24	54.89	58.92	3	61.01
25	125.1	115.44	6	29.47
26	44.79	150.56	3	74.86
27	199.23	91.79	7	99.57
28	11.69	179.41	4	118.76
29	149.04	163.66	5	80.36
Drivers: 7
id	x	y	end	sensitivity
7	158.1	181.74	4	0.68
8	180.83	135.89	7	1.34
9	124.29	71.96	4	0.93
10	141.2	84.99	5	0.83
11	137.28	117.49	4	1.68
12	57.07	4.99	4	1.67
13	153.11	145.65	5	1.9
Period: 4
Tasks:15
id	x	y	end	c
30	32.44	7.82	6	114.29
31	21.43	189.33	4	118.97
32	61.41	196.2	4	103.65
33	123.35	133.46	4	40.8
34	122.6	162.91	5	66.85
35	190.57	90.46	5	91.07
36	103.09	143.38	4	43.49
37	22.5	160.04	4	98.04
38	99.73	33.41	4	66.59
39	62.4	199.67	4	106.53
40	139.6	186.79	4	95.4
41	152.82	46.52	4	75.17
42	162.63	9.47	5	110.08
43	95.19	23.57	7	76.58
44	52.22	119.75	4	51.7
Drivers: 6
id	x	y	end	sensitivity
14	155.8	94.59	6	1.67
15	4.54	25.82	7	1.86
16	168.99	173.71	6	1.96
17	183.37	128.81	6	0.99
18	20.44	53.57	5	0.77
19	41.88	37.36	7	0.73
Period: 5
Tasks:7
id	x	y	end	c
45	2.56	145.78	7	107.66
46	184.39	27.61	7	111.18
47	69.81	120.81	6	36.67
48	85.23	49.56	7	52.56
49	70.66	137.63	6	47.72
50	61.38	134.42	5	51.73
51	23.56	95.45	6	76.58
Drivers: 4
id	x	y	end	sensitivity
20	62.73	18.08	6	0.69
21	8.82	192.44	8	1.77
22	60.42	103.74	9	1.43
23	115.21	57.45	8	1.03
Period: 6
Tasks:10
id	x	y	end	c
52	135.89	72.92	6	44.96
53	90.02	84.32	7	18.59
54	23.9	105.38	6	76.29
55	26.94	26.08	7	103.93
56	85.56	187.5	7	88.68
57	107.89	194.25	7	94.58
58	131.28	84.53	8	34.9
59	146.18	177.09	7	89.86
60	172.56	80.59	6	75.11
61	6.61	134.3	6	99.49
Drivers: 5
id	x	y	end	sensitivity
24	137.28	12.21	8	1.88
25	97.87	161	7	1.35
26	79.41	75.86	11	1.42
27	90.69	35.6	8	1.63
28	147.28	60.48	9	0.53
Period: 7
Tasks:6
id	x	y	end	c
62	51.94	129.9	8	56.6
63	168.01	84.73	10	69.7
64	81.13	143.88	7	47.77
65	150.2	15.8	7	98.03
66	95.78	164.03	8	64.17
67	172.81	46.51	9	90.35
Drivers: 6
id	x	y	end	sensitivity
29	110.45	152.37	7	0.72
30	148.58	123.67	8	0.78
31	92.39	6.9	9	1.13
32	15.2	5.89	8	1.55
33	73.48	28.52	9	1.32
34	104.94	4.42	12	0.97
Period: 8
Tasks:7
id	x	y	end	c
68	103.36	8.43	12	91.63
69	18.99	3.1	9	126.3
70	1.31	41.1	8	114.93
71	143.22	152.88	9	68.3
72	49.22	153.6	9	73.83
73	53.99	151.23	8	68.86
74	84.16	190.3	8	91.68
Drivers: 6
id	x	y	end	sensitivity
35	87.39	121.91	8	1.82
36	11.06	0.77	14	0.94
37	67.7	53.52	11	0.64
38	121.02	6.86	9	0.76
39	34.11	47.53	10	0.78
40	120.99	61.21	11	1.98
Period: 9
Tasks:7
id	x	y	end	c
75	112.76	7.58	13	93.3
76	21.52	60.75	10	87.75
77	34.77	43.59	10	86.24
78	49.59	171.28	12	87.3
79	21.23	88.87	9	79.55
80	104.11	73.14	9	27.17
81	187.32	144.46	10	97.99
Drivers: 4
id	x	y	end	sensitivity
41	10.37	75.02	11	0.75
42	4.22	44.7	12	1.69
43	81.8	90.89	11	1.8
44	79.8	141.82	13	1.48
Period: 10
Tasks:14
id	x	y	end	c
82	54.63	137.46	10	58.84
83	145.89	132.64	11	56.31
84	45.47	15.69	10	100.41
85	91.05	15.57	11	84.9
86	108.69	155.01	11	55.69
87	78.88	17.43	11	85.23
88	105.36	24.71	10	75.48
89	27.54	28.01	13	102.14
90	124.51	113.18	11	27.83
91	12.98	23.76	10	115.69
92	108.11	122.06	10	23.5
93	15.05	120.16	10	87.31
94	82.51	68.11	11	36.37
95	85.66	131.6	11	34.7
Drivers: 8
id	x	y	end	sensitivity
45	181.9	138.98	12	1.55
46	13.08	50.62	13	0.78
47	163.88	99.72	12	1.61
48	99.66	89.03	12	1.42
49	84.62	164.98	11	0.77
50	124.31	167.88	13	0.98
51	105.38	134.22	15	1.08
52	33.99	144.33	13	1.88
Period: 11
Tasks:7
id	x	y	end	c
96	120.22	45.85	11	57.8
97	4.38	189.79	13	131.17
98	153.9	106.09	12	54.24
99	96.91	32.15	12	67.92
100	169.71	83.79	12	71.57
101	31.04	57.38	12	81.07
102	151.52	98.69	11	51.54
Drivers: 3
id	x	y	end	sensitivity
53	149.26	113.57	12	1.67
54	13.03	165.17	15	1.99
55	134.51	154.76	12	0.83
Period: 12
Tasks:12
id	x	y	end	c
103	108.9	147.64	12	48.46
104	41.25	178.86	13	98.34
105	10.11	74.45	12	93.45
106	100.28	131.99	12	31.99
107	127.64	166.54	14	72.05
108	186.02	19	14	118.15
109	159.01	31.69	13	90.27
110	138.61	155.87	12	67.91
111	60.62	150.99	13	64.43
112	71.86	40.93	12	65.43
113	168.05	8.04	12	114.4
114	64.38	152.54	13	63.48
Drivers: 2
id	x	y	end	sensitivity
56	70.41	117.89	14	1.74
57	135.92	141.6	15	1.79
Period: 13
Tasks:13
id	x	y	end	c
115	136.43	75.03	14	44.17
116	192.66	190.08	16	129.23
117	123.23	180.02	15	83.32
118	37.37	65.68	14	71.42
119	65.31	158.72	13	68.2
120	86.34	79.77	13	24.41
121	111.49	44.81	14	56.37
122	18.87	72.38	15	85.7
123	30.45	40.11	15	91.78
124	142.82	172.87	14	84.52
125	103.49	182.48	13	82.55
126	27.4	199.72	14	123.35
127	11.64	120.76	13	90.77
Drivers: 5
id	x	y	end	sensitivity
58	68.91	54.64	16	0.55
59	160.56	128.46	15	0.68
60	21.21	196.93	13	0.97
61	189.83	56.67	16	1.81
62	28.46	193.35	14	1.12
Period: 14
Tasks:6
id	x	y	end	c
128	153.63	19.88	15	96.41
129	96.84	70.54	14	29.63
130	197.93	115	16	99.07
131	23.13	175.97	16	108.08
132	63.8	40.19	15	69.91
133	178.21	145.03	14	90.25
Drivers: 6
id	x	y	end	sensitivity
63	47.72	25.86	15	1.68
64	28.02	74.27	15	0.74
65	186.13	76.64	16	0.79
66	177.23	140.72	15	0.72
67	78.45	64.63	16	1.98
68	185.41	97.37	15	1.83
Period: 15
Tasks:6
id	x	y	end	c
134	71.08	90.73	16	30.37
135	71.22	126.35	17	39.02
136	49.59	61.49	17	63.44
137	172.26	118.09	15	74.49
138	75.31	107.2	15	25.72
139	41.14	6.43	17	110.54
Drivers: 8
id	x	y	end	sensitivity
69	148.3	64.51	19	1.16
70	23.56	69.65	18	0.72
71	123.77	182.73	17	1.8
72	191.62	30.38	17	1.92
73	168.41	21.11	16	0.65
74	32.95	84.85	17	0.68
75	185.86	101.62	17	1.48
76	0.59	144.5	17	0.62
Period: 16
Tasks:19
id	x	y	end	c
140	139.81	75.68	19	46.65
141	164.83	59.45	17	76.47
142	47.37	123.61	16	57.68
143	67.73	83.56	18	36.22
144	79.62	54.64	18	49.73
145	184.94	122.96	17	87.99
146	144.93	70.14	18	53.95
147	20.68	25.29	16	108.96
148	196.46	136.62	16	103.18
149	171.41	25.42	17	103.25
150	77.46	144.16	16	49.58
151	175.66	2.17	18	123.67
152	68.11	162.99	16	70.6
153	90.35	119.61	18	21.86
154	188.82	61.29	19	96.89
155	75.56	30.63	19	73.55
156	185.37	30.17	17	110.29
157	9.48	105.86	17	90.71
158	52.67	95.68	16	47.53
Drivers: 4
id	x	y	end	sensitivity
77	151.98	61.69	17	0.69
78	19.07	0.15	17	1.82
79	160.02	146.92	20	1.94
80	85.59	107.01	16	1.54
Period: 17
Tasks:14
id	x	y	end	c
159	99.9	47.83	19	52.17
160	77	179.72	21	82.97
161	83.9	18.35	18	83.22
162	135.28	130.79	17	46.83
163	29.05	30.89	18	99.05
164	92.31	67.53	21	33.37
165	116.76	32.42	17	69.63
166	93.71	185.01	17	85.24
167	181.11	82.65	19	82.94
168	56.03	51.87	19	65.19
169	80.48	110.56	19	22.19
170	93.13	44.41	18	56.01
171	39.7	73.37	18	65.92
172	23.17	151.84	18	92.68
Drivers: 9
id	x	y	end	sensitivity
81	158.84	62.5	19	1.36
82	7.64	23.32	19	1.5
83	2.54	128.29	21	0.85
84	110.96	192.48	18	0.64
85	74.21	49.53	21	1.19
86	10.15	131.18	22	0.91
87	54.84	70.98	21	1.79
88	95.03	4.16	21	0.58
89	99.1	153.38	19	1.57
Period: 18
Tasks:2
id	x	y	end	c
173	121.95	24.16	18	78.95
174	189.66	115.97	18	91.07
Drivers: 6
id	x	y	end	sensitivity
90	111.69	17.05	18	1.28
91	31.46	40.37	19	1.67
92	25.4	137.38	21	1.99
93	150.8	78.58	22	1.43
94	34.54	146.65	20	1.89
95	58.84	3.37	18	1.31
Period: 19
Tasks:10
id	x	y	end	c
175	55.87	56.9	19	61.69
176	189.58	179.35	19	119.67
177	54.96	5.54	19	104.65
178	123.15	195.72	21	98.48
179	150.11	86.24	21	51.96
180	141.39	98.75	20	41.41
181	6.83	199.14	19	136.05
182	66.25	3.15	19	102.56
183	7.23	73.41	20	96.51
184	59.03	40.77	20	72.02
Drivers: 3
id	x	y	end	sensitivity
96	85.48	87.35	21	1.65
97	51.04	165.44	20	1.64
98	86.39	5.19	22	1.01
Period: 20
Tasks:14
id	x	y	end	c
185	192.6	111.93	22	93.37
186	114.45	25.05	23	76.33
187	189.87	141.97	21	99.19
188	66.92	165.95	21	73.78
189	1.78	41.43	21	114.36
190	109.93	82.21	21	20.37
191	125.13	124.34	20	34.99
192	95.06	154.82	20	55.04
193	62.15	13.08	21	94.8
194	16.35	187.27	21	120.89
195	165	6.44	20	113.92
196	197.03	72.88	21	100.75
197	20.4	152.54	21	95.38
198	180.28	184.85	21	116.81
Drivers: 5
id	x	y	end	sensitivity
99	66.96	4.2	24	0.73
100	167.62	190.94	22	1.43
101	2.1	113.77	21	0.77
102	157.82	149.3	21	0.97
103	148.76	164.57	24	0.75
Period: 21
Tasks:7
id	x	y	end	c
199	176.37	112.59	23	77.4
200	20.55	80.99	21	81.69
201	60.39	45.72	22	67.2
202	128.7	59.95	21	49.27
203	194.91	46.22	21	109.09
204	6.07	88.04	22	94.69
205	109.41	171.47	22	72.09
Drivers: 7
id	x	y	end	sensitivity
104	51.05	140.54	24	1.83
105	17.22	17.22	24	1.26
106	112.81	0.09	23	1.93
107	184.5	9.42	25	1.39
108	85.59	21.53	21	0.58
109	107.78	112.89	26	0.64
110	180.38	28.52	22	0.99
Period: 22
Tasks:10
id	x	y	end	c
206	196.95	41.85	24	113.05
207	53.3	102.34	22	46.76
208	194.57	173.24	23	119.61
209	14.7	77.55	23	88.2
210	166.22	36.56	23	91.7
211	75.17	47.98	24	57.64
212	20.58	196.08	23	124.66
213	25.41	35.61	23	98.54
214	74.51	131.61	22	40.61
215	23.56	149.3	23	90.96
Drivers: 4
id	x	y	end	sensitivity
111	36.57	101.72	25	1.25
112	152.08	55.69	22	0.89
113	48.18	106.77	22	0.54
114	57.28	114.43	24	0.98
Period: 23
Tasks:8
id	x	y	end	c
216	38.03	135.08	25	71.21
217	192.19	8.9	24	129.61
218	68.28	18.5	25	87.46
219	85.68	170.53	24	71.97
220	139.02	121.83	27	44.71
221	137.65	78.14	23	43.54
222	39.16	25.67	23	96.05
223	148.08	56.25	25	65.01
Drivers: 10
id	x	y	end	sensitivity
115	70.55	106.05	25	1.95
116	39.02	156.04	24	1.79
117	141.49	66.84	25	1.09
118	6.42	146.16	24	1.12
119	65.36	61.75	26	1.21
120	173.76	14.3	23	1.16
121	63.59	153.91	24	0.56
122	173.49	130.91	26	1.5
123	67.28	42.12	23	1.88
124	136.9	14.49	25	1.77
Period: 24
Tasks:8
id	x	y	end	c
224	54.35	3.57	25	106.69
225	125.3	54.88	24	51.73
226	84.64	83.07	25	22.86
227	72.96	38.46	26	67.22
228	156.2	60.82	24	68.51
229	28.65	114.99	27	72.91
230	42.56	24.22	24	95.09
231	103.25	34.53	24	65.55
Drivers: 4
id	x	y	end	sensitivity
125	33.8	4.18	27	1.13
126	68.27	104.49	25	0.96
127	168.34	8.41	25	1.11
128	154.93	142.39	26	0.93
Period: 25
Tasks:6
id	x	y	end	c
232	14.1	72.7	26	90.13
233	31.63	175.66	26	101.97
234	44.23	64.81	27	65.94
235	125.93	25.17	25	79.2
236	67.34	24.35	25	82.4
237	94.08	92.56	27	9.51
Drivers: 7
id	x	y	end	sensitivity
129	197.56	111.44	26	1.51
130	173.03	94.56	27	0.91
131	197.92	144.71	29	1.11
132	66.54	20.5	26	1.51
133	30.77	0.71	27	0.54
134	187.14	146.41	29	1.85
135	46.07	97.83	27	1.1
Period: 26
Tasks:9
id	x	y	end	c
238	57.84	13.01	28	96.67
239	39.88	96.3	26	60.23
240	150.51	110.15	26	51.52
241	61.95	144.92	28	58.87
242	77.49	126.17	27	34.52
243	24.45	187.29	26	115.44
244	62.83	15.38	28	92.42
245	120.25	149.53	28	53.51
246	197.83	186.24	27	130.41
Drivers: 3
id	x	y	end	sensitivity
136	106.97	15.51	29	1.29
137	143.18	15.36	27	1.6
138	18.42	142.31	26	0.63
Period: 27
Tasks:5
id	x	y	end	c
247	69.87	42.95	27	64.52
248	138	92.52	28	38.73
249	172.98	165.35	28	97.96
250	181.37	142.41	27	91.76
251	3.79	181.55	27	126.12
Drivers: 5
id	x	y	end	sensitivity
139	178.89	57.14	27	0.66
140	130.42	182.56	30	0.58
141	27.45	25.63	29	1.82
142	107.13	60.87	28	0.81
143	144.42	182.67	32	1.45
Period: 28
Tasks:10
id	x	y	end	c
252	146.59	182.83	29	95.03
253	167.08	176.7	29	101.9
254	21.22	24.55	29	109.08
255	29.51	75.66	29	74.57
256	135.18	85.38	28	38.1
257	68.27	104.88	29	32.1
258	106.47	52.02	28	48.41
259	192.68	26.07	29	118.55
260	98.17	146.14	29	46.18
261	136.82	1.44	28	105.21
Drivers: 0
id	x	y	end	sensitivity
Period: 29
Tasks:13
id	x	y	end	c
262	50.38	107.44	29	50.17
263	105.43	42.87	29	57.39
264	111.16	69.09	30	32.86
265	47.98	40.92	29	78.72
266	177.89	124.7	31	81.71
267	184.94	148.95	31	98.04
268	11.73	19.98	29	119.14
269	23.86	19.32	29	110.93
270	87.31	2.3	29	98.52
271	14.08	185.05	29	120.9
272	34.13	37.79	31	90.6
273	3.29	91.47	31	97.09
274	17.94	178.21	30	113.36
Drivers: 9
id	x	y	end	sensitivity
144	170.15	67.14	32	0.5
145	35.74	124.26	31	1.67
146	56.3	140.86	31	0.93
147	70.74	73.88	30	0.65
148	59.17	33.18	31	0.84
149	22.83	160.54	31	0.83
150	172.79	197.52	32	1.49
151	128.2	102.79	33	1.72
152	188.91	15.15	32	0.69
Period: 30
Tasks:17
id	x	y	end	c
275	150.08	137.03	31	62.28
276	58.95	83.55	31	44.22
277	20.97	119.8	30	81.47
278	79.22	94.08	31	21.61
279	185.25	136.08	32	92.57
280	199.19	47.73	32	112.12
281	75.06	165.51	30	70.1
282	69.21	187.56	31	92.82
283	114.9	194.37	32	95.54
284	32.83	78.11	31	70.65
285	42.01	103.74	30	58.11
286	113.45	22.15	30	79
287	68.38	183.81	31	89.58
288	2.95	179.13	30	125.22
289	97.04	177.94	32	78
290	8.41	78.72	30	94.03
291	92.09	100.16	31	7.91
Drivers: 7
id	x	y	end	sensitivity
153	145.19	118.35	33	1.87
154	7.18	165.35	31	0.73
155	66.18	102.06	36	1.49
156	111.83	11.07	34	1.6
157	154.87	112.02	31	1.68
158	196.78	145.94	33	1.08
159	20.29	76.12	30	0.72
Period: 31
Tasks:5
id	x	y	end	c
292	107.53	28.01	31	72.38
293	117.42	41.28	33	61.25
294	144.88	47.08	33	69.39
295	27.83	185.23	32	111.68
296	101.06	147.57	35	47.58
Drivers: 3
id	x	y	end	sensitivity
160	58.02	33.08	33	0.91
161	127.91	56.5	32	1.44
162	11.05	28.35	32	1.04
Period: 32
Tasks:12
id	x	y	end	c
297	125.04	41.96	35	63.21
298	175.88	53.26	34	89.12
299	148.99	165.07	34	81.45
300	121.96	184.81	32	87.61
301	195.71	70.48	32	100.16
302	101.11	116.01	33	16.05
303	99.32	14.36	36	85.64
304	72.07	109.55	34	29.52
305	198.33	140.35	35	106.29
306	57.73	73.03	33	50.14
307	22.48	74.76	34	81.53
308	55.25	102.83	33	44.84
Drivers: 5
id	x	y	end	sensitivity
163	5.85	119.22	32	1.98
164	103.48	175.03	34	1.15
165	52.6	145.47	32	0.82
166	180.71	75.23	32	0.97
167	175.01	192.9	33	0.82
Period: 33
Tasks:9
id	x	y	end	c
309	124.17	76.25	35	33.89
310	155.74	67.75	35	64.4
311	11.11	34.16	36	110.62
312	15.15	193.5	35	126.26
313	36.01	167.99	34	93.37
314	23.66	51.25	35	90.58
315	104.74	71.98	34	28.42
316	96.65	174.79	39	74.86
317	52.36	76.26	35	53.23
Drivers: 4
id	x	y	end	sensitivity
168	51.99	163.42	35	0.96
169	160.16	100.11	33	1.5
170	13.91	4.7	36	1.14
171	181.91	42.74	34	0.93
Period: 34
Tasks:11
id	x	y	end	c
318	132.97	96.12	34	33.2
319	98.09	91	36	9.2
320	175.81	41.62	34	95.68
321	36.96	192.09	35	111.6
322	123.28	105.87	34	24.01
323	87.65	130.42	37	32.83
324	185.51	193.36	35	126.6
325	171.73	39.75	34	93.68
326	149	193.17	35	105.27
327	127.56	53.56	34	54
328	194.62	139.12	35	102.39
Drivers: 7
id	x	y	end	sensitivity
172	26.97	150.82	37	0.6
173	122.03	165.79	34	1.82
174	93.41	56	35	1.66
175	147.03	183.29	36	1.35
176	194.34	132.23	34	0.71
177	75.93	56.76	36	0.7
178	172.04	128.02	38	0.58
Period: 35
Tasks:6
id	x	y	end	c
329	198.61	53.25	36	109.13
330	69.03	10.12	38	95.07
331	122.65	17.46	35	85.59
332	165.58	126.71	36	70.81
333	109.69	82.8	37	19.74
334	147.21	139.24	35	61.39
Drivers: 6
id	x	y	end	sensitivity
179	12.82	110.9	37	0.8
180	105.24	134.79	38	1.59
181	93.48	113.84	36	1.51
182	44.16	172.33	38	0.63
183	56.93	135.24	36	1.72
184	158.24	185.21	35	0.72
Period: 36
Tasks:5
id	x	y	end	c
335	199.24	114.72	39	100.33
336	133.55	172.93	38	80.28
337	160.91	92.57	37	61.36
338	36.2	144.19	37	77.61
339	189.44	107.65	37	89.77
Drivers: 6
id	x	y	end	sensitivity
185	10.44	84.68	38	0.79
186	153.5	35.66	39	1.15
187	33.56	169.71	39	0.85
188	168.56	58.69	39	1.52
189	139.31	123.01	39	1.72
190	137.26	144.3	39	1.55
Period: 37
Tasks:11
id	x	y	end	c
340	53.49	49.91	37	68.35
341	96.04	65.69	38	34.54
342	115.22	165.23	38	66.98
343	155.32	117.41	37	57.99
344	76.86	103.41	38	23.39
345	52.4	2.26	39	108.71
346	44.63	163.14	37	83.98
347	115.75	57.48	37	45.34
348	59.4	126.7	38	48.59
349	175.48	18.84	37	110.83
350	63.51	110.21	37	37.89
Drivers: 5
id	x	y	end	sensitivity
191	62.45	78.98	37	1.89
192	126.1	186.88	40	1.13
193	179.48	53.48	39	0.94
194	97.45	136.62	37	1.04
195	176.1	152.53	38	1.7
Period: 38
Tasks:11
id	x	y	end	c
351	188.12	88.5	40	88.87
352	75.69	129.94	41	38.57
353	178.47	153.74	39	95.11
354	168.95	131.2	40	75.68
355	24.38	102.86	38	75.67
356	177.64	159.64	38	97.9
357	194.12	110.46	40	94.7
358	4.66	125.91	41	98.8
359	98.04	113.18	38	13.32
360	53.56	189.33	39	100.68
361	23.71	148.29	39	90.29
Drivers: 7
id	x	y	end	sensitivity
196	67.36	58.51	41	1.34
197	3.39	51	42	0.57
198	181.72	64.3	41	0.97
199	43.25	156.81	39	0.71
200	148.79	80.6	39	1.6
201	87.87	27.04	39	1.84
202	97.4	162.22	40	0.52
Period: 39
Tasks:12
id	x	y	end	c
362	88.12	105.34	41	13.02
363	164.48	24.34	40	99.41
364	103.81	167.57	39	67.68
365	10.84	191.77	39	127.95
366	111.49	40.77	40	60.33
367	105.2	28.78	42	71.41
368	196.92	119.57	41	98.88
369	156.47	175.22	40	94.06
370	198.01	39.95	41	114.94
371	140.49	73.83	42	48.21
372	109.52	190.92	40	91.42
373	185.37	193.18	41	126.37
Drivers: 4
id	x	y	end	sensitivity
203	70.59	51.61	41	1.58
204	62.87	21.51	39	1.61
205	146.23	138.53	40	1.52
206	197.21	59.11	42	1.44
Period: 40
Tasks:10
id	x	y	end	c
374	125.69	177.61	41	81.75
375	188.39	144.91	40	99.14
376	134.01	113.71	40	36.67
377	164.58	19.35	41	103.32
378	187.26	115.06	41	88.55
379	183.15	124.31	41	86.63
380	10.89	96.14	42	89.19
381	131.68	187.54	40	93.1
382	2.09	42.04	40	113.78
383	188.71	157.55	40	105.74
Drivers: 8
id	x	y	end	sensitivity
207	111.17	186.09	42	1.55
208	118.18	84.3	43	0.77
209	78.24	56.64	40	1.16
210	152	170.75	41	0.52
211	51.39	138.54	42	1.45
212	176.83	21.23	40	1.67
213	124.4	55.03	42	1.26
214	22.05	1.61	44	1.81
Period: 41
Tasks:9
id	x	y	end	c
384	25.79	72.63	42	79.1
385	123.98	5.82	42	97.18
386	158.59	158.61	41	82.87
387	156.39	136.99	42	67.44
388	159.2	73.09	43	65.03
389	63.9	85.38	44	38.95
390	139.39	134.71	44	52.5
391	96.46	160.99	43	61.09
392	85.3	198.61	43	99.7
Drivers: 1
id	x	y	end	sensitivity
215	93.96	41.32	43	1.88
Period: 42
Tasks:8
id	x	y	end	c
393	193.21	20.92	43	122.24
394	176.5	3.25	42	123.34
395	22.65	187.28	44	116.62
396	83.71	93.87	44	17.41
397	39.95	155.76	43	81.95
398	52.11	28.33	43	86.2
399	194.04	17.08	42	125.38
400	109.02	97	42	9.51
Drivers: 1
id	x	y	end	sensitivity
216	36.35	28.14	45	0.69
Period: 43
Tasks:20
id	x	y	end	c
401	13.8	172.06	44	112.35
402	105.23	108.34	45	9.84
403	86.65	3.85	44	97.07
404	109.37	148.43	44	49.33
405	108.46	57.46	44	43.37
406	8.4	38.85	44	110.14
407	192.29	12.17	44	127.4
408	46.53	48.3	44	74.38
409	173.75	112.7	44	74.84
410	110.18	163.26	43	64.07
411	144.86	59.87	44	60.19
412	128.22	118.71	43	33.86
413	24.77	137.34	45	83.99
414	137.37	7.82	45	99.47
415	52.49	21.21	44	92.01
416	176.24	172.19	43	104.99
417	74.29	150.77	44	56.91
418	107.83	144.48	46	45.16
419	63.02	109.78	43	38.25
420	144.92	19.73	44	91.98
Drivers: 7
id	x	y	end	sensitivity
217	64.69	113.02	44	1.99
218	62.85	61.39	44	1.52
219	120.06	124.55	46	1.8
220	177.27	168.46	44	1.98
221	89.15	119.55	44	1.9
222	16.34	55.72	44	1.68
223	115.36	138.73	45	1.17
Period: 44
Tasks:13
id	x	y	end	c
421	65.71	27	45	80.65
422	62.7	134.6	44	50.88
423	19.37	176.79	44	111.35
424	38.45	135.01	44	70.81
425	141.69	152.3	44	66.88
426	132.62	119.12	45	37.81
427	37.39	58.7	45	75
428	194.29	132.61	45	99.77
429	26.68	25.12	46	104.8
430	37.13	43.86	45	84.29
431	72.21	47.53	44	59.37
432	87.75	79.81	46	23.62
433	38.85	33.85	46	90.08
Drivers: 6
id	x	y	end	sensitivity
224	117.36	92.7	45	1.9
225	16.59	154.2	49	1.71
226	66.24	171.28	46	0.97
227	154.42	183.79	47	1.63
228	91.63	120.54	46	0.83
229	29.77	29.63	46	0.51
Period: 45
Tasks:9
id	x	y	end	c
434	79.29	151.66	45	55.66
435	39.87	0.41	45	116.33
436	117.17	11.69	46	89.96
437	10.32	123.31	48	92.66
438	48.85	39.46	47	79.26
439	76.57	141.75	48	47.88
440	122.95	157.31	47	61.73
441	6.37	77.05	45	96.4
442	155.98	1.81	46	113.03
Drivers: 5
id	x	y	end	sensitivity
230	130.58	66.01	46	1.6
231	12.57	78.83	47	1.24
232	88.56	64.15	46	1.49
233	191.37	176.87	45	1.12
234	169.48	11.85	45	1.96
Period: 46
Tasks:5
id	x	y	end	c
443	88.27	12.3	48	88.48
444	96.7	7.18	46	92.88
445	87.18	147.37	48	49.07
446	137.45	104.49	47	37.72
447	93.38	79.05	47	21.97
Drivers: 4
id	x	y	end	sensitivity
235	111.17	32.48	49	0.97
236	29.03	87.42	48	1.5
237	99.96	75.91	51	1.89
238	1.14	136.78	48	0.8
Period: 47
Tasks:15
id	x	y	end	c
448	142.43	101.17	50	42.45
449	95.67	197.44	48	97.54
450	115.06	76.9	49	27.58
451	36	105.87	47	64.27
452	138.2	29.75	49	79.96
453	141.98	101.77	47	42.02
454	57.52	158.76	48	72.51
455	72.07	20.84	48	83.94
456	115.16	155.74	47	57.76
457	165.19	179.73	48	102.99
458	2.36	8.56	48	133.77
459	99.85	160.25	49	60.25
460	154.86	35.82	53	84.43
461	22.92	93.58	47	77.35
462	40.17	12.22	48	106.23
Drivers: 6
id	x	y	end	sensitivity
239	187.62	52.07	51	1.72
240	119.62	25.31	48	1.08
241	53.42	183.6	49	1.76
242	192.35	186.38	47	1.79
243	64.83	25.25	50	0.61
244	57.63	124.6	52	1.79
Period: 48
Tasks:13
id	x	y	end	c
463	20.79	19.11	49	113.21
464	179.93	133.48	48	86.66
465	119.79	91.47	48	21.55
466	54.73	15.74	49	95.65
467	175.84	194.42	52	121.11
468	54.05	167.69	48	81.81
469	171.64	174.71	48	103.51
470	150.33	22.96	49	92.02
471	117.57	59.97	49	43.72
472	27.62	122.84	49	75.9
473	119.97	60.05	48	44.66
474	131.61	57.39	49	53.05
475	49.34	130.84	49	59.31
Drivers: 11
id	x	y	end	sensitivity
245	27.12	100.26	50	1.96
246	111.8	195.88	50	1.37
247	45.79	47.83	56	0.62
248	60.71	26.89	50	1.17
249	100.83	129.92	51	1.12
250	123.1	83.32	50	0.55
251	128.4	88.33	49	0.92
252	30.7	172.08	50	1.64
253	81.47	91.76	50	1.61
254	132.8	92.64	49	1.99
255	162.1	28.74	50	1.73
Period: 49
Tasks:5
id	x	y	end	c
476	105.78	65.53	49	34.95
477	97.44	2.83	50	97.2
478	105.45	183.77	50	83.95
479	19.76	131.43	50	86.18
480	42.61	13.72	49	103.62
Drivers: 3
id	x	y	end	sensitivity
256	162.44	9.96	49	1.78
257	118.12	68.19	51	1.94
258	149.61	45.94	50	0.6
Period: 50
Tasks:7
id	x	y	end	c
481	144.91	120.5	50	49.37
482	151.64	73.65	54	57.97
483	191.51	31.92	50	114.06
484	132.41	146.35	51	56.56
485	88.61	117.64	50	21
486	18.63	142.57	51	91.83
487	37.98	165.56	51	90.25
Drivers: 1
id	x	y	end	sensitivity
259	65.06	168.84	53	1.91
Period: 51
Tasks:8
id	x	y	end	c
488	192.95	129.31	51	97.46
489	40.69	165.76	51	88.56
490	52.51	186.26	51	98.47
491	11.82	100.86	55	88.18
492	57.91	140.56	51	58.45
493	121.73	162.86	53	66.51
494	185.47	93.33	53	85.73
495	17.34	96.82	53	82.72
Drivers: 6
id	x	y	end	sensitivity
260	30.74	102.72	51	0.61
261	181.08	73.47	51	0.96
262	13.27	19.09	52	1.69
263	31.78	153.95	52	1.93
264	58.66	160.41	54	1.79
265	127.33	191.21	53	1.43
Period: 52
Tasks:6
id	x	y	end	c
496	80.64	120.8	52	28.42
497	49.18	77.77	53	55.47
498	147.09	94.72	52	47.39
499	30.93	20.15	52	105.58
500	198.58	173.4	53	122.9
501	167.85	51.45	53	83.43
Drivers: 7
id	x	y	end	sensitivity
266	71.03	36.17	53	1.22
267	140.36	141.13	57	0.9
268	178.3	130.5	53	1.44
269	172.22	172.98	56	1.78
270	85.72	193.73	55	1.5
271	88.14	87.02	52	1.87
272	101	105.49	56	1.99
Period: 53
Tasks:11
id	x	y	end	c
502	31.64	30.48	58	97.5
503	18.14	44.38	54	98.97
504	166.69	172.46	54	98.48
505	70.37	182.2	53	87.38
506	25.37	188.59	53	115.84
507	64.29	172.57	53	80.88
508	61.85	30.73	53	79.08
509	23.43	99.76	56	76.57
510	40.95	179.99	53	99.42
511	93.13	78.42	53	22.65
512	175.84	192.6	53	119.69
Drivers: 3
id	x	y	end	sensitivity
273	157.53	7.62	55	1.05
274	2.77	164.12	55	0.58
275	94.07	167.25	54	0.69
Period: 54
Tasks:8
id	x	y	end	c
513	173.02	161.54	56	95.49
514	143.69	16.93	54	93.86
515	135.7	28.42	56	79.99
516	2.58	80.27	56	99.4
517	69.32	96.73	54	30.85
518	152.68	182.4	54	97.8
519	43.17	104.36	55	57
520	84.74	129.7	56	33.39
Drivers: 7
id	x	y	end	sensitivity
276	121.55	69.21	55	0.67
277	22.72	1.68	57	1.23
278	161.36	62.92	55	1.79
279	192.65	194.34	55	1.02
280	22.71	135.56	55	1.85
281	88.68	23.41	58	1.76
282	112.19	152.59	56	0.83
Period: 55
Tasks:7
id	x	y	end	c
521	121.64	63.27	56	42.63
522	193.32	53.91	55	104.08
523	183.26	5.23	56	126.15
524	39.71	56.47	55	74.36
525	56.01	37.01	58	76.83
526	144.48	170.81	57	83.62
527	83.24	137.52	55	41.09
Drivers: 4
id	x	y	end	sensitivity
283	22.63	43.75	59	0.69
284	152.15	61.21	60	1.72
285	167.44	165.2	57	1.6
286	109.55	154.04	56	1.06
Period: 56
Tasks:8
id	x	y	end	c
528	137.79	16.45	57	91.7
529	57.75	42.13	56	71.65
530	171.04	2.64	57	120.52
531	174.91	64.6	56	82.85
532	89.92	171.38	56	72.09
533	115.77	28.57	58	73.15
534	42.35	105.19	56	57.88
535	100.26	12.34	57	87.66
Drivers: 2
id	x	y	end	sensitivity
287	93.53	195.81	58	1.5
288	116.51	148.22	60	0.99
Period: 57
Tasks:9
id	x	y	end	c
536	77.66	96.32	58	22.64
537	181.44	198.91	58	128.12
538	139.4	122.63	59	45.44
539	199.84	84.37	59	101.06
540	146.11	181.58	59	93.71
541	198.97	92.95	58	99.22
542	184.13	151.5	57	98.64
543	104.2	143.88	58	44.08
544	171.98	47.45	58	89.12
Drivers: 5
id	x	y	end	sensitivity
289	152.38	36.05	57	0.52
290	8.09	127.99	59	0.77
291	104.59	191.79	60	0.74
292	103.42	159.48	58	1.43
293	109.91	38.41	58	1.02
Period: 58
Tasks:17
id	x	y	end	c
545	197.59	64.17	60	103.96
546	49.45	77.01	59	55.53
547	92.79	81.65	58	19.72
548	125.41	145.06	59	51.73
549	74.11	22.21	58	81.99
550	60.39	159	60	71.06
551	191.54	129.47	59	96.17
552	161.49	46.9	59	81.24
553	108.82	144.96	59	45.82
554	113.62	177.09	58	78.28
555	66.37	61.92	60	50.8
556	73.53	182.8	61	86.93
557	55.51	107.2	58	45.07
558	178.15	97.6	58	78.19
559	152.82	130.73	60	61.11
560	8.52	59.91	58	99.88
561	111.78	121.63	58	24.63
Drivers: 7
id	x	y	end	sensitivity
294	31.26	168.32	64	1.62
295	158.43	36.86	58	1.28
296	60.46	72.34	61	1.93
297	190.47	122.14	61	1.79
298	84.38	186.58	61	0.86
299	193.44	46.29	61	1.01
300	179.33	9.49	60	1.17
Period: 59
Tasks:12
id	x	y	end	c
562	67.27	70.18	61	44.28
563	45.02	122.55	59	59.42
564	77.55	133.52	63	40.34
565	185.91	77.87	61	88.71
566	2.55	70.55	59	101.8
567	143.11	171.75	60	83.71
568	104.22	2.64	61	97.45
569	131.31	24.4	61	81.83
570	170.78	88.53	61	71.7
571	152.83	169.25	60	87.1
572	118.12	178.82	59	80.88
573	181.91	40.21	60	101.41
Drivers: 4
id	x	y	end	sensitivity
301	156.39	110.99	60	1.77
302	74.68	120.16	62	0.86
303	159.12	12.13	59	1.96
304	192.53	60.45	63	1.48
Period: 60
Tasks:12
id	x	y	end	c
574	17.59	158.91	61	101.3
575	48.58	78.4	61	55.77
576	117.29	142.07	61	45.48
577	182.28	128.6	60	87.11
578	132.81	54.45	61	56.14
579	11.88	148.11	63	100.4
580	190.02	15.6	60	123.4
581	91.77	26.41	60	74.05
582	176.16	192.82	61	120.07
583	77.64	162.46	62	66.34
584	163.65	114.73	60	65.33
585	55.65	40.57	61	74.15
Drivers: 4
id	x	y	end	sensitivity
305	137.52	173.05	62	1.55
306	54.69	42.29	61	1.59
307	104.86	34.7	61	1.83
308	27.15	31.68	62	0.62
Period: 61
Tasks:6
id	x	y	end	c
586	123.51	141.4	62	47.61
587	101.62	103.24	61	3.62
588	137.23	153.24	62	64.97
589	183.94	176.2	61	113.37
590	79.75	25.82	61	76.89
591	160.12	196.19	61	113.43
Drivers: 5
id	x	y	end	sensitivity
309	199.04	140.64	61	1.52
310	140.62	18.57	64	1.01
311	34.8	129.2	64	1.43
312	14.04	193.03	63	0.89
313	107.37	94.66	61	1.11
Period: 62
Tasks:14
id	x	y	end	c
592	50.55	177.69	62	92.09
593	78.59	64.53	62	41.43
594	73.65	62.48	63	45.85
595	66.67	123.11	62	40.56
596	33.99	133.62	65	74.08
597	13.24	73.68	66	90.66
598	188.07	101.85	62	88.09
599	70.41	71.66	62	40.97
600	65.67	35.41	62	73.15
601	7.65	137.04	64	99.5
602	110.73	134.81	64	36.43
603	111.53	14.17	62	86.6
604	95.17	166.55	66	66.73
605	102	66.48	64	33.58
Drivers: 5
id	x	y	end	sensitivity
314	166.17	63.85	63	1.01
315	151.73	125.91	64	0.77
316	25.11	187.69	64	1.53
317	153.1	155.1	64	1.82
318	167.42	50.56	63	0.69
Period: 63
Tasks:3
id	x	y	end	c
606	183.6	51.47	63	96.66
607	148.78	41.31	63	76.32
608	119.62	184.36	63	86.61
Drivers: 5
id	x	y	end	sensitivity
319	27.36	54.31	64	1.12
320	156.25	161.5	66	1.76
321	78.87	30.93	64	0.62
322	74.54	10.09	64	1.22
323	132.68	82.85	64	1.1
Period: 64
Tasks:9
id	x	y	end	c
609	102.84	87.16	65	13.15
610	86.31	93.39	65	15.2
611	8.53	2.87	64	133.42
612	153.01	170.35	67	88.09
613	144.86	116.75	64	47.89
614	151.03	183.22	66	97.62
615	103.08	46.51	64	53.58
616	97.15	27.33	65	72.73
617	85.18	138.07	68	40.85
Drivers: 4
id	x	y	end	sensitivity
324	116.66	137.63	68	1.14
325	55.93	105.26	69	1.28
326	72.08	85.83	66	1.1
327	111.75	176.87	65	1.24
Period: 65
Tasks:12
id	x	y	end	c
618	5.94	75.32	65	97.24
619	41.48	130.09	65	65.8
620	115.86	183.22	65	84.72
621	7.27	123.87	65	95.75
622	37.13	77.14	67	66.9
623	29.21	147.83	67	85.43
624	25.55	107.23	65	74.8
625	111.92	73.5	66	29.06
626	123.14	143.52	66	49.29
627	96.2	3.55	67	96.52
628	32.47	4.02	68	117.36
629	25.03	148.3	65	89.18
Drivers: 3
id	x	y	end	sensitivity
328	99.78	25.95	67	1.14
329	88.15	132.67	67	1.45
330	147.09	4.2	69	0.73
Period: 66
Tasks:10
id	x	y	end	c
630	105.87	130.41	67	30.97
631	94.24	18.58	67	81.62
632	57.51	29.14	68	82.62
633	99.36	197.8	67	97.8
634	107.3	11.04	66	89.26
635	109.57	160.34	67	61.09
636	98.25	37.16	66	62.86
637	186.08	101.5	67	86.09
638	11.68	106.18	68	88.54
639	74.25	183.2	66	87.09
Drivers: 4
id	x	y	end	sensitivity
331	34.98	27.21	67	1.44
332	38.77	3.68	67	1.32
333	126.31	162.52	68	1.68
334	43.18	179.37	68	0.85
Period: 67
Tasks:10
id	x	y	end	c
640	33.71	91.18	67	66.87
641	1.58	147.1	69	109.11
642	149.61	199.65	68	111.32
643	117.12	16.08	69	85.65
644	69.71	158.14	69	65.56
645	63.66	114.63	67	39.17
646	121.73	146.69	68	51.5
647	73.17	169.71	67	74.69
648	188.25	79.12	67	90.69
649	105.88	93.71	69	8.61
Drivers: 5
id	x	y	end	sensitivity
335	109.97	89.98	67	1.5
336	94.54	189.78	72	0.83
337	165.64	190.33	69	1
338	35.89	92.23	68	1.59
339	132.81	16.91	68	0.61
Period: 68
Tasks:5
id	x	y	end	c
650	3.54	166.71	69	117.28
651	130.03	147.58	70	56.26
652	64.35	89.48	70	37.17
653	102.44	179.67	69	79.71
654	165.35	166.01	69	92.89
Drivers: 4
id	x	y	end	sensitivity
340	69.21	9.1	70	1.38
341	92.52	187.92	72	1.7
342	128.15	74.16	69	1.14
343	99.31	179.59	70	1.86
Period: 69
Tasks:7
id	x	y	end	c
655	143.37	197.14	71	106.38
656	189.09	5.84	69	129.63
657	68.87	171.54	70	78.02
658	137.87	148.47	70	61.51
659	28.61	17.07	70	109.43
660	112.81	25.76	72	75.34
661	173.1	186.38	70	113.16
Drivers: 8
id	x	y	end	sensitivity
344	110.32	169.4	71	0.57
345	109.02	47.44	71	0.82
346	56.65	185.47	71	1.21
347	188.15	142.38	74	0.73
348	102.07	20.74	70	1.04
349	140.35	109.71	69	1.32
350	21.34	44.14	72	0.77
351	158.99	122.01	71	1.63
Period: 70
Tasks:12
id	x	y	end	c
662	175.34	74.06	74	79.68
663	142.92	182.72	72	93.19
664	10.2	43.79	70	105.94
665	68.76	27.1	72	79.31
666	116.1	149.54	70	52.09
667	158.52	73.13	74	64.39
668	160.81	158.66	73	84.49
669	108.22	81.37	72	20.36
670	39.64	38.55	70	86.14
671	194.33	106.92	71	94.58
672	115.74	148.03	72	50.54
673	194.61	93.59	71	94.83
Drivers: 2
id	x	y	end	sensitivity
352	43.22	179.33	73	1.35
353	95.78	86.95	70	1.27
Period: 71
Tasks:6
id	x	y	end	c
674	122.98	56.98	71	48.77
675	161.09	117.37	71	63.51
676	27	41.95	71	93.27
677	77.59	92.55	73	23.62
678	46.82	112.59	73	54.65
679	138.75	107.29	73	39.43
Drivers: 7
id	x	y	end	sensitivity
354	99.79	17.93	71	1.1
355	16.26	29.7	72	1.52
356	85.97	142.07	72	1.31
357	101.58	27.59	72	0.93
358	196.19	36.61	72	1.66
359	81.2	46.48	73	1.01
360	10.2	109.74	74	1.79
Period: 72
Tasks:8
id	x	y	end	c
680	89.34	121.16	72	23.69
681	32.36	159.41	75	90.03
682	166.04	2.3	72	117.93
683	16.48	136.17	74	91.02
684	139.42	88.98	72	40.93
685	90.81	73.24	73	28.29
686	123.95	154.51	72	59.54
687	107.89	181.09	72	81.47
Drivers: 7
id	x	y	end	sensitivity
361	29.85	115.37	76	1.53
362	16.36	162.32	72	1
363	82.2	27.63	72	1.18
364	6.57	138.67	74	1.71
365	50.23	149.87	73	0.86
366	133.92	178.21	74	1.35
367	27.72	74.06	74	1.78
Period: 73
Tasks:15
id	x	y	end	c
688	1.87	117.73	73	99.72
689	73.84	149.05	74	55.59
690	195.42	37.79	75	113.91
691	72.21	21.77	76	83.02
692	170.82	0.35	75	122.25
693	107.01	140.29	74	40.9
694	36.99	140.4	75	74.85
695	146.31	99.78	73	46.31
696	195.57	95.96	74	95.66
697	19.94	111.81	74	80.93
698	44.75	165.92	73	86.01
699	33.16	125.09	76	71.39
700	198.54	0.93	74	139.73
701	29.46	151.62	74	87.41
702	65.03	185.11	74	92.01
Drivers: 1
id	x	y	end	sensitivity
368	82.51	174.04	75	0.87
Period: 74
Tasks:14
id	x	y	end	c
703	108.88	129.19	75	30.51
704	176.41	197.96	74	124.24
705	75.08	177.58	75	81.48
706	182.24	146.48	76	94.47
707	142.07	194.15	74	103.12
708	157.9	184.88	74	102.75
709	12.3	163.33	79	108.18
710	107.42	180.89	77	81.23
711	199.94	124.96	74	103.01
712	144.84	187.66	75	98.46
713	89.58	151.16	75	52.21
714	193.57	45.16	75	108.46
715	129.18	121.72	76	36.38
716	85.61	142.38	76	44.76
Drivers: 3
id	x	y	end	sensitivity
369	188.99	94.02	76	0.58
370	78.49	1.52	76	0.51
371	19.42	105.63	75	1.64
Period: 75
Tasks:8
id	x	y	end	c
717	159.83	165.09	76	88.41
718	59.89	120.54	76	45.06
719	47.85	166.59	77	84.58
720	15.35	59.66	76	93.77
721	157.95	48.8	75	77.33
722	127.67	100.26	75	27.67
723	67.27	1.2	75	104.08
724	191.41	112.13	76	92.21
Drivers: 5
id	x	y	end	sensitivity
372	57.4	107.01	77	0.99
373	137.59	164.74	77	1.55
374	190.52	127.51	76	0.55
375	115.46	94.61	77	0.84
376	158.64	15.45	77	1.15
Period: 76
Tasks:14
id	x	y	end	c
725	18.97	62.99	79	89.08
726	6.94	31.5	78	115.55
727	47.18	49.47	76	73.1
728	124.69	115.64	78	29.23
729	56.21	160.41	77	74.61
730	87.31	72.12	76	30.63
731	198.81	151.84	77	111.58
732	49.42	55.56	77	67.33
733	115.15	57.54	78	45.08
734	116.66	68.9	77	35.28
735	32.18	121.05	77	71.01
736	86.92	196.4	77	97.28
737	159.66	27.13	76	94.18
738	121.77	17.77	76	85.06
Drivers: 7
id	x	y	end	sensitivity
377	52.26	53.03	79	1.73
378	143.19	186.77	78	0.68
379	122.84	160.13	77	1.08
380	138.02	10.36	76	1.02
381	178.41	166.89	78	1.65
382	77.71	66.47	77	0.94
383	102.74	59.33	77	1.77
Period: 77
Tasks:8
id	x	y	end	c
739	117.23	0.48	78	101
740	133.18	111.72	78	35.19
741	5.28	140.4	79	102.98
742	77.89	18.34	77	84.6
743	1.25	90.27	79	99.23
744	106.04	16.36	79	83.86
745	143.35	146.61	79	63.65
746	143.86	63.19	77	57.26
Drivers: 7
id	x	y	end	sensitivity
384	114.32	29.39	79	1.51
385	4.29	60.74	81	0.61
386	171.64	43.8	77	0.98
387	103.45	45.78	78	1.1
388	12.49	168.86	79	1.19
389	20.27	8.06	82	1.86
390	137.83	9.41	78	1.96
Period: 78
Tasks:6
id	x	y	end	c
747	76.66	72.44	78	36.12
748	177.11	164.55	80	100.56
749	112.06	95.63	79	12.83
750	24.64	172.04	79	104.25
751	85.31	182.81	78	84.1
752	118.68	147.24	80	50.8
Drivers: 8
id	x	y	end	sensitivity
391	47.81	184.85	80	1.78
392	0.94	166.2	78	1.67
393	63.26	158.79	78	0.96
394	142.97	154.41	81	1.05
395	128.35	188.24	79	1.57
396	133.05	92.56	79	1.74
397	156.37	2.76	81	1.59
398	158.53	153.2	79	1.08
Period: 79
Tasks:7
id	x	y	end	c
753	10.73	108.83	81	89.71
754	50.63	7.23	82	105.09
755	168.16	150.15	81	84.62
756	31.71	174.43	81	101.01
757	102.01	121.69	80	21.78
758	163.05	138.03	79	73.63
759	131.94	58.84	80	52.1
Drivers: 6
id	x	y	end	sensitivity
399	30.56	16.21	82	0.86
400	124.71	75.41	80	1.41
401	177.38	93.32	80	1.25
402	42.37	184.83	80	1.58
403	4.78	95.75	82	1.17
404	178.7	190.64	80	1.86
Period: 80
Tasks:15
id	x	y	end	c
760	93.33	98.57	81	6.82
761	126.18	116.95	81	31.19
762	64.08	54.12	82	58.27
763	157.33	191.83	80	108.26
764	120.64	124.27	80	31.86
765	49.14	136.96	81	62.87
766	59.25	181.37	80	91
767	61.29	177.31	82	86.46
768	21.71	161.49	80	99.55
769	47.98	129.95	82	60.03
770	98.6	113.46	84	13.53
771	72.23	67.3	81	42.9
772	10.39	55.64	81	99.99
773	60.37	160.49	80	72.32
774	176.38	62.66	81	85.02
Drivers: 3
id	x	y	end	sensitivity
405	179.27	195.7	81	0.6
406	123.29	9.68	83	0.86
407	25.28	68.38	81	0.78
Period: 81
Tasks:11
id	x	y	end	c
775	149.18	97.63	82	49.24
776	146.81	100.65	82	46.81
777	4.17	10.63	82	131.04
778	161.63	166.35	83	90.56
779	93.58	181.25	82	81.5
780	0.78	141.8	82	107.67
781	121.7	169.25	82	72.57
782	35.55	116.21	82	66.46
783	72.14	87.49	81	30.54
784	182.79	142.87	82	93.23
785	151.42	154.98	81	75.28
Drivers: 5
id	x	y	end	sensitivity
408	133.42	129.34	86	0.53
409	86.74	170.94	83	1.9
410	37.65	155.27	85	0.52
411	180.88	133.62	82	0.59
412	187.79	93.42	84	0.75
Period: 82
Tasks:8
id	x	y	end	c
786	148.42	146.5	83	67.13
787	40.63	127.52	82	65.44
788	99.01	68.28	83	31.74
789	91.67	138.13	82	39.03
790	160.6	150.05	82	78.6
791	15.38	42.03	83	102.57
792	151.63	87.4	84	53.15
793	130.38	188.84	82	93.89
Drivers: 10
id	x	y	end	sensitivity
413	48.09	175.35	86	0.56
414	39.28	92.72	84	1.48
415	49.63	127.95	82	0.98
416	117.82	30.83	84	0.87
417	100.54	165.5	85	1.67
418	174.52	126.39	89	0.83
419	82.52	173.18	84	0.85
420	102.47	64.39	86	0.8
421	145.8	2.07	83	1.28
422	37.65	128.32	87	1.63
Period: 83
Tasks:16
id	x	y	end	c
794	13.6	61.14	85	94.74
795	78.4	172.35	83	75.51
796	86.07	149.27	86	51.2
797	101.22	37.15	83	62.86
798	53.74	182.6	84	94.67
799	125.91	44.49	84	61.26
800	70.67	135.14	83	45.77
801	45.92	5.73	86	108.68
802	122.35	84.12	84	27.42
803	127.54	174.29	84	79.23
804	90.83	163.85	85	64.51
805	173.27	127.97	85	78.43
806	53.59	5.22	84	105.53
807	150.83	84.52	85	53.13
808	67.01	154.89	85	64.04
809	132.36	17.4	85	88.71
Drivers: 1
id	x	y	end	sensitivity
423	91.78	157.43	83	1.12
Period: 84
Tasks:16
id	x	y	end	c
810	25.61	73.52	85	78.96
811	194.9	126.34	85	98.49
812	140.8	24.98	84	85.4
813	131.47	142.29	85	52.71
814	33.21	138.34	84	77.01
815	172.22	101.38	86	72.23
816	27.4	42.52	86	92.6
817	35	6.41	84	113.95
818	103.66	165.81	84	65.91
819	83.38	23.33	84	78.45
820	181.37	15.83	85	117.07
821	81.4	149.31	85	52.7
822	96.37	197.27	84	97.34
823	181.95	93.64	84	82.2
824	47.16	165.93	86	84.49
825	42.41	184.18	84	101.99
Drivers: 7
id	x	y	end	sensitivity
424	169.59	115.57	89	1.86
425	25.71	135.45	86	1.39
426	59.32	149.43	87	0.7
427	120.25	20.44	86	0.95
428	151.15	157.18	87	1.28
429	81.22	184.08	86	1.25
430	80.14	0.87	84	0.5
Period: 85
Tasks:12
id	x	y	end	c
826	34.88	56.73	86	78.19
827	41.29	35.46	86	87.25
828	121.81	90.22	87	23.9
829	174.44	194.45	87	120.26
830	102.9	72.54	86	27.61
831	133.23	131.25	85	45.62
832	44.45	133.68	85	64.96
833	51.85	68.67	87	57.45
834	153.13	46.83	85	75.17
835	110.64	109.23	85	14.09
836	171.87	143.34	86	83.93
837	169.84	139.69	85	80.33
Drivers: 8
id	x	y	end	sensitivity
431	157.7	10.55	89	1.94
432	77.25	188.67	86	1.45
433	63.15	12.13	87	0.74
434	170.25	172.86	90	1.67
435	5.5	85.41	85	1.55
436	171.12	112.25	86	1.21
437	11.7	69.1	88	1.79
438	194.1	178.31	87	1.38
Period: 86
Tasks:4
id	x	y	end	c
838	33.76	179.2	87	103.25
839	143.42	31.65	87	80.98
840	96.33	167.27	86	67.37
841	55.06	133.32	89	55.94
Drivers: 7
id	x	y	end	sensitivity
439	13.46	122.89	86	0.69
440	58.58	48.06	88	1.7
441	30.63	83.55	87	1.18
442	41	93.7	89	0.81
443	194.24	96.04	87	1.83
444	196.12	183.13	91	1.6
445	12.39	4.7	89	0.86
Period: 87
Tasks:9
id	x	y	end	c
842	113.64	130.83	87	33.71
843	43.45	6.66	87	109.13
844	131.51	9.11	87	96.2
845	33.79	58.73	87	78.02
846	131.54	38.7	89	68.94
847	31.9	58.74	88	79.62
848	93.47	1.37	88	98.85
849	72.4	3.38	89	100.48
850	133.92	152.87	87	62.82
Drivers: 7
id	x	y	end	sensitivity
446	129.79	121.17	92	1.71
447	83.14	182.04	89	0.94
448	43.58	129.62	89	0.81
449	73.55	112.39	91	1.64
450	147.41	119.77	88	1.44
451	182.3	173.32	89	0.64
452	193.78	22.57	89	0.69
Period: 88
Tasks:12
id	x	y	end	c
851	54.32	109.36	91	46.63
852	32.08	152.04	91	85.56
853	106.19	161.21	88	61.52
854	19.5	112.48	88	81.46
855	68.52	153.06	89	61.7
856	119.3	11.61	89	90.47
857	84.57	155.86	90	57.95
858	61.07	128.62	88	48.32
859	97.84	104.98	89	5.43
860	157.08	119.33	92	60.26
861	56.55	8.21	89	101.55
862	61.55	39.97	88	71.29
Drivers: 6
id	x	y	end	sensitivity
453	192.12	31.55	91	1.08
454	192.27	49.06	91	1.31
455	80.73	117.94	90	1.06
456	48.03	46.35	90	0.82
457	56.93	67.46	90	0.54
458	136.36	56.28	91	1.94
Period: 89
Tasks:10
id	x	y	end	c
863	132.01	109.97	89	33.53
864	134.4	155.48	89	65.28
865	146.84	87.32	90	48.53
866	145.22	114.48	90	47.48
867	146.67	60.85	90	60.92
868	137.68	61.82	89	53.64
869	99.86	43.23	90	56.77
870	184.35	102.63	89	84.39
871	115.61	121.81	89	26.82
872	61.25	127.6	89	47.57
Drivers: 4
id	x	y	end	sensitivity
459	115.91	157.87	93	0.68
460	32.07	78.77	90	0.54
461	69.28	7.12	90	0.68
462	32.92	25.86	91	1.32
Period: 90
Tasks:7
id	x	y	end	c
873	123.45	102.23	90	23.56
874	68.97	84.89	90	34.51
875	152.68	102.42	95	52.74
876	108.71	68.74	90	32.45
877	58.56	112.92	91	43.41
878	31.77	17.77	90	106.85
879	54.5	45.36	92	71.1
Drivers: 4
id	x	y	end	sensitivity
463	56.01	62.56	96	0.91
464	145.75	127.71	92	1.61
465	21	25.08	96	1.3
466	195.38	109.24	93	1.8
Period: 91
Tasks:12
id	x	y	end	c
880	64.39	127.54	91	45.02
881	120.84	124.14	91	31.89
882	75.48	182.84	91	86.39
883	2.81	157.74	93	113.05
884	111.19	9.51	94	91.18
885	108.13	120.17	91	21.75
886	55.54	117.75	95	47.87
887	174.08	51.69	94	88.44
888	185.05	152.42	93	99.91
889	160.65	195.48	92	113.11
890	156.2	107.96	94	56.76
891	63.11	27.25	92	81.57
Drivers: 4
id	x	y	end	sensitivity
467	190.1	15.98	93	1.71
468	119.3	166.12	92	1.9
469	26.76	125.78	92	0.94
470	162.41	57.3	93	0.99
Period: 92
Tasks:5
id	x	y	end	c
892	154.4	111.68	93	55.64
893	116.71	72.48	93	32.2
894	103.56	96.16	93	5.24
895	119.46	2.81	96	99.12
896	163.92	6.23	95	113.48
Drivers: 7
id	x	y	end	sensitivity
471	175.54	56.17	93	0.96
472	93.63	174.23	96	1.22
473	174.27	7.98	92	0.53
474	173.51	33.68	93	1.46
475	39.19	181.95	93	1.06
476	56.57	141.42	94	1.94
477	181.65	179.48	95	0.54
Period: 93
Tasks:10
id	x	y	end	c
897	8.88	166.66	96	112.9
898	154.45	136.16	94	65.36
899	81.22	93.77	96	19.79
900	199.07	50.16	94	110.9
901	87.7	56.04	94	45.65
902	145.17	110.53	94	46.38
903	47.42	93.14	94	53.03
904	85.01	65.23	93	37.86
905	46.95	23.44	94	93.14
906	181.88	166.66	95	105.58
Drivers: 3
id	x	y	end	sensitivity
478	75.04	104.09	95	1.82
479	158.89	150.04	95	1.9
480	135.12	166.53	95	0.57
Period: 94
Tasks:9
id	x	y	end	c
907	89.15	174.9	95	75.68
908	180.37	54.32	94	92.44
909	189.93	137.65	96	97.49
910	21.03	187.8	98	118.09
911	167.3	92.5	95	67.72
912	61.07	69.58	96	49.41
913	172.49	53.18	94	86.3
914	149.29	64.95	94	60.48
915	136.67	54.95	96	58.09
Drivers: 4
id	x	y	end	sensitivity
481	78.89	170.9	96	0.84
482	122.27	149.38	96	0.6
483	78.88	54.6	95	1.3
484	2.28	155.47	96	1.34
Period: 95
Tasks:4
id	x	y	end	c
916	138.46	185.49	95	93.74
917	36.96	98.97	96	63.05
918	60.27	127.79	96	48.48
919	36.55	64.25	97	72.83
Drivers: 4
id	x	y	end	sensitivity
485	134.94	35.88	97	1.03
486	132.24	19.2	99	1.24
487	152.63	162.68	99	1.45
488	115.73	32.08	96	1.71
Period: 96
Tasks:9
id	x	y	end	c
920	137.7	9.56	98	97.98
921	9.04	108.71	96	91.38
922	0.21	118.84	97	101.55
923	127.96	163.55	97	69.43
924	88.88	35.74	97	65.22
925	103.36	26.86	98	73.22
926	35.28	1.5	96	117.86
927	4.47	171.94	98	119.59
928	193.17	92.7	96	93.46
Drivers: 3
id	x	y	end	sensitivity
489	53.49	158.94	99	1.45
490	36.91	175.91	99	1.52
491	101.56	121.35	98	0.91
Period: 97
Tasks:9
id	x	y	end	c
929	102.45	55.04	99	45.03
930	181.88	10.19	99	121.53
931	191.75	71.89	98	95.96
932	17.34	125.27	97	86.44
933	130.7	86.79	98	33.42
934	167.66	189.47	98	112.17
935	75.43	1.37	99	101.64
936	8.05	176.6	98	119.68
937	124.93	168.48	97	72.88
Drivers: 6
id	x	y	end	sensitivity
492	109.33	78.89	99	1.83
493	41.91	178.6	99	0.84
494	129.68	49.11	98	1.99
495	98.6	42.79	99	1.95
496	157.85	141.96	100	1.54
497	111.11	58.38	98	1.66
Period: 98
Tasks:5
id	x	y	end	c
938	180.69	160.35	100	100.76
939	151.25	140.64	100	65.41
940	41.52	189.63	101	107.02
941	61.18	25.03	101	84.42
942	111.79	15.77	98	85.05
Drivers: 4
id	x	y	end	sensitivity
498	127.67	18.09	104	0.66
499	33.3	78.4	99	1.32
500	124	169.83	99	0.77
501	123.72	116.64	102	0.8
Period: 99
Tasks:12
id	x	y	end	c
943	17.56	82.52	101	84.27
944	27.23	198	99	122.06
945	19.13	167.34	99	105.24
946	184.77	133.03	101	90.98
947	92.84	41.66	100	58.78
948	85.39	137.15	100	39.92
949	133.88	43.45	103	65.92
950	60.48	18.61	100	90.48
951	40.46	130.78	100	67.03
952	1.28	48.33	99	111.42
953	198.56	113.75	99	99.51
954	168.57	172.28	99	99.63
Drivers: 6
id	x	y	end	sensitivity
502	1	10.43	102	1.23
503	116.74	0.6	103	1.52
504	195.1	143.38	102	1.71
505	170.25	89.71	101	1.53
506	116.79	133.6	101	1.65
507	57.48	14.62	99	0.92
Period: 100
Tasks:13
id	x	y	end	c
955	109.03	116.56	101	18.86
956	98.02	162.91	102	62.94
957	192.45	95.57	100	92.56
958	29.51	1.73	101	120.94
959	69.65	121.65	100	37.28
960	108.23	157.18	101	57.77
961	17.82	117.81	101	84.09
962	75.98	140.36	104	46.97
963	148.83	65.86	100	59.58
964	21.37	32.42	101	103.68
965	66.98	107.4	100	33.84
966	195.61	181	100	125.31
967	52.86	137.71	102	60.37
Drivers: 6
id	x	y	end	sensitivity
508	161.97	83.45	103	1.69
509	160.49	11.41	102	1.56
510	190.49	157.79	104	0.75
511	51.02	129.42	104	1.05
512	19.49	15.99	100	1.7
513	39.67	183.44	102	1.58
