Periods: 100
Task Arrival Rate: 5
Task Average Time: 1
Driver Arrival Rate: 5
Driver Average Time: 2
Period: 1
Tasks:3
id	x	y	end	c
1	131.17	4.85	1	100.13
2	54.36	138.34	2	59.61
3	181.31	170.98	1	107.93
Drivers: 9
id	x	y	end	sensitivity
1	80.4	26.85	3	1.62
2	77.99	161.69	3	1.73
3	185.6	85.45	1	0.51
4	73.2	158.85	4	1.61
5	186.61	97.21	3	1.28
6	107.58	131.86	1	1.98
7	6.88	104.97	3	0.73
8	49.88	195.89	1	0.59
9	97.17	27.24	3	1.32
Period: 2
Tasks:5
id	x	y	end	c
4	33.57	41.75	3	88.35
5	169.18	49.39	5	85.72
6	12.96	97.46	3	87.08
7	45.58	48.82	2	74.71
8	83.15	39.94	3	62.38
Drivers: 1
id	x	y	end	sensitivity
10	122	148.11	3	0.96
Period: 3
Tasks:7
id	x	y	end	c
9	142.33	180.54	3	90.99
10	157.24	161.41	4	83.95
11	165.77	116.35	3	67.77
12	123.3	145.35	3	50.99
13	85.4	30.51	3	71.01
14	52.82	12.11	3	99.75
15	105.66	31.45	3	68.78
Drivers: 6
id	x	y	end	sensitivity
11	145.84	79.05	3	1.24
12	145.46	35.11	6	0.64
13	56.91	146.07	5	1.02
14	149.05	24.95	5	0.55
15	156.46	195.17	6	1.63
16	92.26	159.92	3	1.63
Period: 4
Tasks:8
id	x	y	end	c
16	182.21	175.85	5	111.86
17	18.73	52.22	6	94.27
18	156.49	198.42	5	113.48
19	186.34	128.01	4	90.77
20	59.09	28.31	7	82.54
21	100.42	182.46	6	82.46
22	135.24	195.45	4	101.75
23	118.3	153.55	6	56.59
Drivers: 7
id	x	y	end	sensitivity
17	168.64	56.19	6	0.84
18	39.53	3.3	8	0.96
19	96.76	118.86	8	1.06
20	119.8	169.48	6	0.63
21	182.34	44.35	8	1.56
22	75.42	129.54	6	1.5
23	142.18	12.58	5	0.68
Period: 5
Tasks:7
id	x	y	end	c
24	138.5	81.38	6	42.77
25	137.54	174.41	6	83.34
26	17.13	106.55	5	83.13
27	197.82	53.34	5	108.38
28	3.73	151.82	5	109.33
29	105.71	5.15	6	95.02
30	96.87	62.53	5	37.6
Drivers: 7
id	x	y	end	sensitivity
24	65.91	54.2	6	1.97
25	54.1	138.34	5	1.97
26	54.65	45.53	7	1.8
27	99.93	38.49	9	1.16
28	68.35	15.08	8	0.68
29	4.18	149.78	6	1.02
30	156.92	170.95	6	1.38
Period: 6
Tasks:2
id	x	y	end	c
31	145.85	175.48	6	88.31
32	71.22	132.35	8	43.3
Drivers: 2
id	x	y	end	sensitivity
31	115.62	169.78	8	0.84
32	126.64	188.74	9	0.87
Period: 7
Tasks:5
id	x	y	end	c
33	157.29	36.76	7	85.33
34	25.49	120.53	8	77.29
35	140.49	166.64	8	77.98
36	90.81	10.89	7	89.58
37	60.74	52.39	8	61.71
Drivers: 5
id	x	y	end	sensitivity
33	65.33	136.7	8	1.73
34	21.41	64.8	9	0.93
35	68.47	37.68	9	1.86
36	62.43	151.21	8	1.64
37	96.91	72.04	9	0.5
Period: 8
Tasks:5
id	x	y	end	c
38	62.12	37.34	8	73.22
39	76.63	54.35	8	51.28
40	137.62	35.34	10	74.81
41	160.16	121.14	8	63.77
42	168.29	126.93	9	73.41
Drivers: 5
id	x	y	end	sensitivity
38	57.95	190.18	9	0.79
39	122.17	86.79	10	1.2
40	152.32	131.06	8	1.6
41	109.08	113.61	9	1.71
42	4.2	55.21	13	1.23
Period: 9
Tasks:3
id	x	y	end	c
43	58.6	80.38	11	45.81
44	55.9	168.2	9	81.22
45	129.99	111.74	11	32.21
Drivers: 6
id	x	y	end	sensitivity
43	95.27	149.91	12	0.89
44	121.36	13.92	9	1.01
45	124.2	122.46	9	0.89
46	29.13	32.65	14	0.72
47	32.72	189.11	13	1.45
48	108.67	49.62	9	0.81
Period: 10
Tasks:7
id	x	y	end	c
46	30.08	85.87	12	71.33
47	195.45	89.06	12	96.07
48	93.54	5.26	15	94.96
49	122.14	92.53	12	23.37
50	110.72	155.79	10	56.81
51	46.99	22.35	10	94.02
52	17.29	198.6	10	128.7
Drivers: 7
id	x	y	end	sensitivity
49	155.92	20.79	12	0.92
50	118.59	31.06	11	1.95
51	60.88	188.55	11	0.67
52	77.33	191.53	12	0.66
53	120.41	93.81	11	1.99
54	184.39	41.86	11	1.36
55	45.13	85.94	11	1
Period: 11
Tasks:6
id	x	y	end	c
53	128.15	133.02	11	43.39
54	129.8	166.77	14	73.12
55	51.03	182.36	12	95.82
56	58.35	189.53	11	98.74
57	73.34	82.95	14	31.65
58	64.16	139.37	11	53.24
Drivers: 13
id	x	y	end	sensitivity
56	35.03	78.68	15	1.02
57	140.82	155.9	13	1.23
58	132.89	190.55	15	0.75
59	44.64	4.23	11	1.48
60	82.76	143.28	12	0.95
61	30.46	6.02	15	1.69
62	194.05	177.15	15	1.65
63	139.94	175.74	13	0.93
64	84.61	42.13	13	1.95
65	92.11	151.24	12	1.31
66	177.14	89.93	14	0.7
67	170.3	128.87	14	0.64
68	157.86	68.56	14	1.91
Period: 12
Tasks:2
id	x	y	end	c
59	85.38	118.01	12	23.2
60	97.65	181.65	12	81.68
Drivers: 2
id	x	y	end	sensitivity
69	178.76	163.32	16	1.93
70	13.79	37.77	13	1.71
Period: 13
Tasks:6
id	x	y	end	c
61	187.68	183.04	14	120.76
62	69.34	105.51	15	31.15
63	153.73	62.46	16	65.55
64	60.01	38.39	13	73.45
65	16.52	187.06	14	120.62
66	146.34	164.36	14	79.31
Drivers: 6
id	x	y	end	sensitivity
71	6.49	5.58	15	1.34
72	94.68	194.8	14	1.3
73	189.82	14.46	13	1.69
74	180.02	123.46	13	1.66
75	150	5.6	15	1.15
76	118.19	53.22	15	1.33
Period: 14
Tasks:4
id	x	y	end	c
67	169.53	69.51	15	75.92
68	109.4	60.56	14	40.54
69	85.71	12.49	15	88.67
70	58.56	98.46	15	41.47
Drivers: 6
id	x	y	end	sensitivity
77	76.7	143.41	16	1.74
78	105.21	167.61	16	0.85
79	6.2	188.2	16	1.07
80	179.48	135.71	19	1.03
81	152.82	101.27	15	1.32
82	173.31	170.25	18	1.52
Period: 15
Tasks:2
id	x	y	end	c
71	133.52	135.2	16	48.61
72	31.81	115.62	17	69.96
Drivers: 1
id	x	y	end	sensitivity
83	136.11	105.78	20	1.12
Period: 16
Tasks:5
id	x	y	end	c
73	178.62	158.46	17	97.97
74	126.56	100.27	17	26.56
75	107.34	104.42	18	8.57
76	103.57	129.37	16	29.59
77	58.77	90.86	16	42.23
Drivers: 8
id	x	y	end	sensitivity
84	95.68	23.05	17	1.34
85	145.76	86.5	18	1.64
86	135.09	154.59	18	1.43
87	41.04	151.17	17	0.65
88	142.1	16.25	18	1.57
89	44.57	30.84	18	1.01
90	21.12	132.14	20	0.63
91	94.58	156.77	18	1.7
Period: 17
Tasks:7
id	x	y	end	c
78	142.27	46.22	18	68.4
79	173.39	133.2	20	80.55
80	180.22	39.74	17	100.33
81	75.92	55.08	20	50.97
82	158.92	124.68	19	63.88
83	129.9	181.06	17	86.4
84	35.38	170.95	19	95.97
Drivers: 5
id	x	y	end	sensitivity
92	90.18	103.12	19	0.57
93	6.9	19.06	19	1.22
94	149.13	19.68	17	1.52
95	46.74	163.68	17	1.16
96	9.69	68.12	18	1.58
Period: 18
Tasks:8
id	x	y	end	c
85	35.36	23.4	18	100.23
86	166.91	27.45	19	98.69
87	50.32	73.06	20	56.51
88	188.53	76.99	18	91.47
89	13.7	108.85	18	86.75
90	135.33	98.46	20	35.36
91	124.28	44.15	19	60.9
92	55.54	170.91	20	83.7
Drivers: 3
id	x	y	end	sensitivity
97	55.73	12.46	20	1.79
98	129.27	188.77	19	0.52
99	146.31	130.82	19	1.88
Period: 19
Tasks:7
id	x	y	end	c
93	109.7	66.31	21	35.06
94	78.38	104.02	21	21.99
95	126.24	170.92	20	75.62
96	5.77	151.6	20	107.43
97	22.88	179.22	21	110.56
98	39.73	28.07	20	93.84
99	162.69	58.82	20	75.01
Drivers: 4
id	x	y	end	sensitivity
100	78.19	58.84	22	0.59
101	182.24	59.18	21	1.5
102	48.96	99.56	19	1.6
103	51.11	78.47	20	1.48
Period: 20
Tasks:5
id	x	y	end	c
100	153.09	21.16	21	95.05
101	80.97	173.23	20	75.66
102	136.44	166.03	22	75.42
103	47.87	53.58	20	69.8
104	154.39	75.43	20	59.68
Drivers: 4
id	x	y	end	sensitivity
104	37.97	137.61	20	0.76
105	138.7	178.75	21	1.01
106	7.14	95.64	23	1.34
107	175.08	154.27	21	1.88
Period: 21
Tasks:3
id	x	y	end	c
105	154.73	167.25	24	86.71
106	68.08	44.75	22	63.81
107	112.07	32.02	21	69.04
Drivers: 3
id	x	y	end	sensitivity
108	167.68	115.38	27	0.93
109	93.6	77.46	26	1.49
110	27.01	119.46	24	1.81
Period: 22
Tasks:5
id	x	y	end	c
108	159.87	55.8	22	74.42
109	196.85	174.22	22	122.02
110	38.45	15.14	22	104.83
111	53.43	158.76	22	74.98
112	77.94	107.19	22	23.2
Drivers: 5
id	x	y	end	sensitivity
111	45.23	43.42	22	1.97
112	187.64	4.09	24	1.2
113	49.12	110.62	23	0.78
114	25.18	120.73	24	0.76
115	131.09	68.05	22	1.95
Period: 23
Tasks:11
id	x	y	end	c
113	6.47	104.74	24	93.65
114	73.41	123.6	24	35.55
115	190.56	109.98	23	91.11
116	38.56	55.64	24	75.78
117	60.62	44.95	25	67.69
118	116.56	16.9	23	84.73
119	170.87	196.22	23	119.5
120	107.74	54.89	24	45.77
121	50.75	130.93	24	58.16
122	130.01	70.48	24	42.1
123	180.28	113.96	23	81.48
Drivers: 10
id	x	y	end	sensitivity
116	83.61	199.92	25	1.04
117	135.11	112.95	25	0.8
118	46.2	95.86	26	0.9
119	5.95	102.92	23	0.61
120	141.51	119.2	24	0.61
121	177.53	32.1	25	1.22
122	52.93	161.79	23	0.62
123	115.77	166.66	25	1.06
124	170.79	31.37	23	1.36
125	10.94	128.72	24	1.41
Period: 24
Tasks:7
id	x	y	end	c
124	113.23	10.67	26	90.3
125	88.62	80.72	24	22.39
126	84.96	90.08	25	18.02
127	153.25	27.91	25	89.62
128	160.3	40.73	27	84.55
129	101.81	56	26	44.04
130	124.78	33.04	25	71.4
Drivers: 7
id	x	y	end	sensitivity
126	132.88	115.13	25	0.74
127	75.97	45.73	30	0.66
128	178.7	122.51	29	0.9
129	61.19	196.79	26	0.61
130	185.19	52.77	27	1.84
131	102.19	54.36	27	1.14
132	152.48	64.03	27	1.56
Period: 25
Tasks:6
id	x	y	end	c
131	101.9	184.24	26	84.26
132	177.09	141	26	87.31
133	76.42	186.49	26	89.65
134	178.85	88.92	26	79.62
135	137.01	117.33	26	40.87
136	23.2	69.57	27	82.61
Drivers: 3
id	x	y	end	sensitivity
133	51.08	150.16	28	1.77
134	180.48	120.97	28	1.61
135	86.36	166.18	27	1.56
Period: 26
Tasks:4
id	x	y	end	c
137	46.8	187.83	27	102.69
138	30.47	55.01	26	82.82
139	59.58	11.83	27	96.99
140	85.17	170.56	28	72.1
Drivers: 3
id	x	y	end	sensitivity
136	125.2	167.93	28	1.02
137	85.66	165.48	31	1.46
138	58.29	189.04	28	1.68
Period: 27
Tasks:5
id	x	y	end	c
141	153.1	21.25	27	94.98
142	102.2	87.71	29	12.49
143	72.94	83.51	30	31.69
144	116.67	103.64	28	17.06
145	29.01	27.96	28	101.14
Drivers: 2
id	x	y	end	sensitivity
139	20.5	89.95	30	1.84
140	184.15	19.39	28	1.86
Period: 28
Tasks:0
id	x	y	end	c
Drivers: 3
id	x	y	end	sensitivity
141	158.51	47.13	28	1.64
142	178.57	149.27	29	1.51
143	28.69	90.32	31	1.97
Period: 29
Tasks:4
id	x	y	end	c
146	168.53	178.64	30	104.31
147	117.09	37.85	32	64.46
148	157.13	64.17	30	67.44
149	90.26	93.13	29	11.92
Drivers: 5
id	x	y	end	sensitivity
144	151.02	96.99	29	1.93
145	130.4	170.34	29	1.42
146	44.68	180.93	29	1.59
147	143.54	177.69	30	0.89
148	24.89	51.06	31	1.7
Period: 30
Tasks:3
id	x	y	end	c
150	61.54	89.52	30	39.86
151	73.08	116.76	33	31.71
152	23.73	156.08	31	94.67
Drivers: 6
id	x	y	end	sensitivity
149	46.13	73.67	32	1.62
150	30.19	187.43	32	1.46
151	127.81	150.77	34	1.9
152	90.21	122.11	32	1.34
153	30.81	47.31	30	1.28
154	121.8	145.77	31	1.81
Period: 31
Tasks:0
id	x	y	end	c
Drivers: 9
id	x	y	end	sensitivity
155	131.92	76.96	33	0.9
156	54.69	168.02	33	0.94
157	13.48	24.19	34	1.67
158	155.2	14.54	33	1.45
159	81.71	87.91	31	1.68
160	106.42	45.02	32	1.95
161	39.19	133.54	33	0.78
162	139.16	64.03	34	1.47
163	141.7	115.43	33	1.75
Period: 32
Tasks:3
id	x	y	end	c
153	151.96	77.67	33	56.56
154	131.14	174.56	33	80.8
155	194.8	31.6	35	116.9
Drivers: 4
id	x	y	end	sensitivity
164	60.69	1.97	33	0.93
165	24.95	71.75	37	0.64
166	29.54	173.27	34	1.3
167	177.98	145.52	32	1.65
Period: 33
Tasks:4
id	x	y	end	c
156	29.33	66.97	33	78.01
157	134.36	100.36	36	34.36
158	105.03	102.9	33	5.81
159	123.13	110.31	35	25.32
Drivers: 7
id	x	y	end	sensitivity
168	54.3	184.96	34	0.58
169	69.22	99.31	34	0.88
170	176.92	178.79	35	1.71
171	62.09	69.75	33	0.91
172	160.67	119.92	35	1.15
173	4.35	188.3	36	1.62
174	176.15	52.47	35	0.53
Period: 34
Tasks:5
id	x	y	end	c
160	181	10.56	35	120.67
161	91.02	190.06	34	90.51
162	156.85	44.77	34	79.26
163	164.28	15.85	34	105.89
164	130.74	192.49	35	97.46
Drivers: 6
id	x	y	end	sensitivity
175	67.87	169.32	35	1.56
176	23.72	100.5	35	1.51
177	77.66	106.56	36	1.71
178	155.88	88.37	36	1.67
179	33.37	45.42	35	1.32
180	127.38	141.53	36	0.55
Period: 35
Tasks:2
id	x	y	end	c
165	159.52	28.34	37	93.15
166	142.14	164.22	35	76.81
Drivers: 5
id	x	y	end	sensitivity
181	52.77	171.31	38	0.56
182	138.79	16.56	37	1.63
183	59.01	58.6	36	0.61
184	123.69	10.88	37	0.5
185	107.69	136.99	38	1.93
Period: 36
Tasks:7
id	x	y	end	c
167	140.88	176.43	37	86.68
168	184.96	120.02	38	87.29
169	2.6	15.28	36	129.09
170	124.26	166.45	36	70.74
171	147.13	136.44	36	59.57
172	147.9	135.87	36	59.84
173	172.47	49.26	36	88.47
Drivers: 4
id	x	y	end	sensitivity
186	16.99	65.38	38	0.83
187	73.07	104.2	36	1.73
188	190.6	3.98	36	1.93
189	169.05	139.61	39	1.77
Period: 37
Tasks:4
id	x	y	end	c
174	186.62	84.37	38	88.02
175	106.1	190.59	38	90.8
176	19.25	129.03	37	85.81
177	147.22	197.28	39	108.13
Drivers: 7
id	x	y	end	sensitivity
190	132.55	116.03	40	1.9
191	173.41	13.15	39	1.4
192	38.28	0.44	37	0.78
193	50.84	184.4	41	0.72
194	166.87	126.77	40	0.91
195	53.77	198.5	38	0.96
196	88.83	165.13	38	1.9
Period: 38
Tasks:6
id	x	y	end	c
178	100.97	166.16	39	66.17
179	92.08	28.5	38	71.94
180	36.61	54.15	39	78.23
181	8.02	45.33	40	107
182	126.79	110.59	38	28.81
183	167.56	14.16	39	109.24
Drivers: 4
id	x	y	end	sensitivity
197	47.24	187.51	41	0.93
198	95.44	101.01	40	0.55
199	57.04	60.93	39	1.51
200	102.22	97.19	40	1.47
Period: 39
Tasks:1
id	x	y	end	c
184	121.73	185.34	40	88.06
Drivers: 2
id	x	y	end	sensitivity
201	86.11	120.96	44	0.55
202	84.8	23.45	40	1.15
Period: 40
Tasks:7
id	x	y	end	c
185	34.73	122.55	41	69.06
186	97.67	75.56	40	24.55
187	99.71	57.24	41	42.76
188	142.14	107.52	41	42.81
189	80.02	90.06	42	22.32
190	55.44	0.56	40	108.97
191	64.06	177.85	40	85.75
Drivers: 4
id	x	y	end	sensitivity
203	155.47	134.38	44	1.14
204	49	73.31	42	1.91
205	93.76	38.53	42	0.62
206	48.87	58.53	40	1.27
Period: 41
Tasks:6
id	x	y	end	c
192	175.18	95.64	42	75.31
193	0.7	140.5	42	107.24
194	67.46	105.8	43	33.05
195	65.04	147.93	41	59.33
196	45.92	47.3	41	75.51
197	126.1	3.59	42	99.88
Drivers: 7
id	x	y	end	sensitivity
207	157.3	83.22	41	0.71
208	100.68	98.38	41	1.54
209	66.91	180.99	42	1.69
210	147.7	167.87	45	1.95
211	113.5	168.92	42	1.73
212	1.6	171.8	41	1.12
213	4.31	107.67	43	1.9
Period: 42
Tasks:5
id	x	y	end	c
198	11.8	131.65	42	93.71
199	97.13	101.2	43	3.11
200	169.49	105.64	43	69.72
201	27.94	142.93	42	83.88
202	39.18	157.96	42	84.01
Drivers: 4
id	x	y	end	sensitivity
214	139.94	8.11	45	1.57
215	137.83	49.75	45	0.99
216	179.52	179.39	43	0.69
217	141.52	151.75	44	0.76
Period: 43
Tasks:7
id	x	y	end	c
203	81.86	110.53	45	20.97
204	27.93	182.85	44	109.81
205	90.42	36.35	44	64.37
206	133.66	57.6	45	54.14
207	126.51	25.3	45	79.26
208	61.59	101.16	44	38.43
209	1.51	193.78	44	136
Drivers: 6
id	x	y	end	sensitivity
218	107.95	134.09	44	1.19
219	157.07	103.21	45	1.98
220	33.63	29.16	45	0.71
221	194.74	165.6	46	1.22
222	70.01	130.71	46	1.2
223	59.3	169.79	45	1.02
Period: 44
Tasks:3
id	x	y	end	c
210	168.03	195.34	44	117.12
211	123.7	150.07	46	55.4
212	138.35	94.3	44	38.77
Drivers: 4
id	x	y	end	sensitivity
224	185.13	113.91	45	1.96
225	127.06	143.86	50	1.38
226	69.45	6.5	44	1.4
227	125.92	63.93	45	1.29
Period: 45
Tasks:7
id	x	y	end	c
213	48	172.29	47	89.05
214	54.5	17.29	46	94.4
215	98.53	179.82	46	79.83
216	41.12	45.57	46	80.18
217	120.11	51.5	46	52.5
218	46.73	141.7	46	67.65
219	141.24	63.53	45	55.05
Drivers: 8
id	x	y	end	sensitivity
228	157.33	7.58	45	1.4
229	138.12	43.66	46	1.55
230	155.59	55.07	48	1.25
231	3.8	137.65	48	1.8
232	84.09	55.11	47	0.75
233	91.76	97.07	46	1.44
234	185.76	30.9	47	1.27
235	122.7	111.87	46	1.31
Period: 46
Tasks:6
id	x	y	end	c
220	43.3	37.08	47	84.7
221	165.7	185.72	47	108
222	81.64	95.34	47	18.94
223	34.62	98.28	48	65.4
224	22.33	142.83	47	88.7
225	67.15	57.73	48	53.53
Drivers: 7
id	x	y	end	sensitivity
236	190.04	149.01	46	1.47
237	152.78	44.29	47	1.97
238	176.34	49.92	47	1.49
239	133.53	85.98	48	1.39
240	159.4	19.65	48	0.79
241	67.1	63.68	47	1.92
242	139.41	122.22	50	0.91
Period: 47
Tasks:2
id	x	y	end	c
226	76.55	64.14	47	42.85
227	13.45	22.21	50	116.37
Drivers: 1
id	x	y	end	sensitivity
243	11.88	183.39	47	1.57
Period: 48
Tasks:6
id	x	y	end	c
228	50.14	6.19	48	106.24
229	57.86	67.77	49	53.05
230	25.84	168.14	49	100.71
231	178.94	12.73	49	117.68
232	9.4	136.49	49	97.67
233	179.01	12.33	48	118.02
Drivers: 3
id	x	y	end	sensitivity
244	31.95	193.05	51	0.61
245	0.24	198.05	51	1.11
246	170.4	0.05	48	1.48
Period: 49
Tasks:3
id	x	y	end	c
234	26.3	169.19	49	101.09
235	170.54	84	52	72.33
236	116.57	15.29	49	86.32
Drivers: 8
id	x	y	end	sensitivity
247	100.05	188.34	50	0.51
248	88.71	74.36	52	1.86
249	143.35	173.73	54	1.23
250	97.86	164.94	49	0.54
251	48.28	18.26	51	1.76
252	173.69	39.5	52	1.62
253	22.88	131.75	50	1.58
254	158.36	133.49	53	1.71
Period: 50
Tasks:4
id	x	y	end	c
237	79.69	13.45	52	88.9
238	123.2	93.67	52	24.05
239	197.12	199.28	50	138.88
240	159.87	52.04	52	76.71
Drivers: 10
id	x	y	end	sensitivity
255	131.22	137.01	52	1.19
256	102.57	193.58	53	1.08
257	4.66	34.47	52	1.72
258	62.25	198.43	51	1.24
259	75.57	151.18	51	1.55
260	136.75	169.33	55	0.51
261	10.34	98.87	53	1.83
262	17.92	146.08	55	0.93
263	177.25	131.92	54	1.08
264	152.55	0.24	51	1.95
Period: 51
Tasks:7
id	x	y	end	c
241	150.86	174.33	51	90.06
242	68.08	88.01	53	34.1
243	34.31	32.18	54	94.42
244	188.14	92.89	51	88.43
245	119.18	34.91	52	67.86
246	172.85	164.8	51	97.5
247	126.62	80.88	52	32.77
Drivers: 6
id	x	y	end	sensitivity
265	98.12	74.9	52	1.32
266	166.87	104.14	54	1.81
267	60.93	127.16	52	1.29
268	175.66	168.17	53	1.2
269	74.83	82.18	52	1.23
270	128.04	26.98	52	0.97
Period: 52
Tasks:6
id	x	y	end	c
248	35.03	119.89	53	67.95
249	59.64	45.85	52	67.54
250	41.63	36.33	54	86.38
251	130.78	125.82	52	40.18
252	132.41	154.34	55	63.27
253	144.54	123.92	52	50.56
Drivers: 6
id	x	y	end	sensitivity
271	70.97	165.31	54	1.3
272	132.29	129.59	54	0.98
273	125.67	156.07	52	1.02
274	80.38	145.63	57	0.94
275	185.85	12.44	52	1.18
276	157.45	87.25	53	0.6
Period: 53
Tasks:6
id	x	y	end	c
254	81.1	61.02	55	43.32
255	179.18	128.64	54	84.2
256	40.07	153.72	53	80.48
257	160.32	71.74	55	66.61
258	45.41	76.42	54	59.46
259	150.31	108.29	53	50.99
Drivers: 2
id	x	y	end	sensitivity
277	82.29	58.24	54	0.74
278	130.02	161.01	54	1.46
Period: 54
Tasks:2
id	x	y	end	c
260	187.44	85.64	56	88.61
261	180.83	186.46	55	118.36
Drivers: 3
id	x	y	end	sensitivity
279	124.65	125.43	57	1.66
280	63.46	66.51	56	1.09
281	7.28	72.92	57	1.98
Period: 55
Tasks:4
id	x	y	end	c
262	189.38	60.08	57	97.89
263	103.46	69.12	55	31.07
264	26.92	178.08	55	106.94
265	26.22	61.32	56	83.3
Drivers: 3
id	x	y	end	sensitivity
282	108.01	76.68	55	0.61
283	7.1	40.5	55	1.76
284	196.64	125.45	55	1.43
Period: 56
Tasks:4
id	x	y	end	c
266	133.88	153.45	57	63.28
267	104.9	185.07	57	85.21
268	96.64	30.58	57	69.5
269	186.2	49.76	57	99.77
Drivers: 2
id	x	y	end	sensitivity
285	174.95	39.48	57	1.62
286	6.97	173.55	58	1.97
Period: 57
Tasks:5
id	x	y	end	c
270	51.48	168.55	59	83.98
271	52.24	181.87	58	94.78
272	184.42	22.86	59	114.36
273	82.04	53.93	57	49.45
274	170.88	125.93	57	75.47
Drivers: 2
id	x	y	end	sensitivity
287	91.17	27.09	58	1.27
288	34.59	72.11	59	1.05
Period: 58
Tasks:6
id	x	y	end	c
275	53.56	120.19	60	50.64
276	165.39	187.85	58	109.51
277	142.33	120.91	60	47.21
278	28.9	10.05	59	114.66
279	32.61	138.9	58	77.81
280	31.65	66.38	58	76.17
Drivers: 6
id	x	y	end	sensitivity
289	171.32	101.72	58	1.82
290	123.46	42.92	59	1.49
291	10.26	100.89	59	1.88
292	22.84	26.97	59	1.27
293	74.74	18.69	61	0.96
294	177.86	150.64	60	1.09
Period: 59
Tasks:7
id	x	y	end	c
281	140.43	114.54	60	42.97
282	148.81	6.46	60	105.51
283	22.11	146.12	59	90.52
284	158.37	124.83	59	63.43
285	101.02	2.39	59	97.62
286	20.07	133.76	59	86.77
287	101.46	122.06	59	22.11
Drivers: 6
id	x	y	end	sensitivity
295	36.77	5.68	62	1.62
296	128.98	190.94	62	1.01
297	131.39	6.49	61	0.63
298	131.22	52.16	62	0.71
299	90.32	140.66	60	1.32
300	149.09	94.52	61	1.34
Period: 60
Tasks:8
id	x	y	end	c
288	162.31	12.23	60	107.64
289	171.79	173.25	60	102.56
290	193.71	141.65	61	102.55
291	144.68	75.63	64	50.89
292	163.27	164.42	61	90.29
293	72.78	121.48	61	34.67
294	168.63	119.12	60	71.24
295	37.39	143.33	60	76.14
Drivers: 4
id	x	y	end	sensitivity
301	68.21	199.42	62	1.16
302	40.17	51.67	61	0.58
303	11.62	175.43	64	1.77
304	57.59	125.38	61	1.63
Period: 61
Tasks:9
id	x	y	end	c
296	143.12	167.37	64	79.99
297	166.89	63.53	62	76.19
298	27.71	105.96	62	72.54
299	172.05	9.64	62	115.57
300	10.67	14.05	61	123.96
301	70.58	120.44	61	35.82
302	34.35	193.25	62	114.04
303	185.03	46.52	63	100.45
304	65.1	72.88	63	44.2
Drivers: 9
id	x	y	end	sensitivity
305	20.97	79.66	64	0.58
306	148.22	164.79	63	1.13
307	198.07	16.6	62	1.01
308	43.74	198.1	61	1.75
309	170.45	63.27	62	1.13
310	199.26	11.28	62	1.16
311	137.29	10.22	65	1.94
312	84.81	105.65	65	0.82
313	19.82	68.61	62	0.99
Period: 62
Tasks:7
id	x	y	end	c
305	58.47	65.88	63	53.75
306	14.95	88.43	63	85.83
307	61.28	17.94	65	90.74
308	171.55	93.27	63	71.87
309	133.14	77.14	63	40.26
310	67.01	28.22	62	79
311	142.13	157.83	62	71.55
Drivers: 5
id	x	y	end	sensitivity
314	173.35	172.5	65	1.21
315	149.01	133.36	63	1.56
316	138.43	5.27	62	1.14
317	63.73	146.5	64	1.5
318	103.87	83.71	62	1.61
Period: 63
Tasks:4
id	x	y	end	c
312	194.15	169.28	63	116.89
313	166.89	196.03	64	117.03
314	134.46	120.55	64	40.12
315	124.06	57.61	64	48.74
Drivers: 5
id	x	y	end	sensitivity
319	20.58	24.57	65	0.59
320	153.53	110.31	66	1.01
321	159.16	127.35	67	1.51
322	157.68	199.43	64	1.83
323	145.56	4.1	63	1.48
Period: 64
Tasks:7
id	x	y	end	c
316	149.19	125.65	64	55.48
317	193.82	177.09	65	121.43
318	7.34	8.14	67	130.48
319	171.17	21.57	65	105.91
320	29.8	130.04	66	76.36
321	170.35	104.01	64	70.46
322	75.36	128.62	65	37.77
Drivers: 5
id	x	y	end	sensitivity
324	50.48	185.34	65	0.62
325	180.79	123.6	67	1.09
326	97.1	35.29	68	0.69
327	102.14	71.86	66	1.56
328	58.88	156.24	66	1.79
Period: 65
Tasks:5
id	x	y	end	c
323	125.47	141.62	65	48.79
324	159.82	21.62	67	98.6
325	19.08	165.06	65	103.83
326	194.19	37.32	65	113.14
327	28.38	136.56	66	80.41
Drivers: 5
id	x	y	end	sensitivity
329	19.67	20.87	67	1.41
330	6.98	35.39	68	1.09
331	56.6	55.36	65	1.26
332	150.64	114.89	69	1.29
333	71.88	22.95	66	1.94
Period: 66
Tasks:3
id	x	y	end	c
328	128.32	147.39	66	55.21
329	146.61	198.08	66	108.59
330	155.7	100.24	68	55.7
Drivers: 3
id	x	y	end	sensitivity
334	116.25	68.15	68	1.1
335	50.72	55.45	67	1.71
336	172.96	26.42	67	1.75
Period: 67
Tasks:4
id	x	y	end	c
331	3.03	96.62	68	97.03
332	117.65	54.27	67	49.02
333	195.95	157.49	68	111.85
334	161.86	35.9	67	89.08
Drivers: 4
id	x	y	end	sensitivity
337	45.69	194.98	68	0.67
338	193.49	181.24	69	1.37
339	197.52	60.26	67	1.59
340	171.55	7.6	71	0.88
Period: 68
Tasks:4
id	x	y	end	c
335	16.02	24.22	68	113.12
336	44.01	175.02	70	93.61
337	20.6	59.12	69	89.31
338	1.71	117.3	69	99.8
Drivers: 5
id	x	y	end	sensitivity
341	96.82	183.7	70	1.86
342	25.94	102.4	71	0.53
343	124.19	128.24	71	0.95
344	120.34	151.25	72	1.88
345	193.55	150.92	71	1.87
Period: 69
Tasks:4
id	x	y	end	c
339	59.35	0.62	71	107.37
340	168.2	181.96	70	106.62
341	147.37	141.42	69	62.92
342	70.78	156.62	69	63.72
Drivers: 3
id	x	y	end	sensitivity
346	60.49	172.38	72	1.32
347	1.84	144.21	70	1.83
348	126.23	103.66	71	1.03
Period: 70
Tasks:6
id	x	y	end	c
343	171.22	88.94	70	72.07
344	170.46	18.19	70	107.97
345	91.24	102.14	70	9.02
346	42.34	173.76	73	93.62
347	93.33	76.21	71	24.71
348	193.37	44.19	71	108.78
Drivers: 8
id	x	y	end	sensitivity
349	36.29	172.71	73	0.93
350	93.02	176.01	74	1.42
351	0.53	143.82	73	1.29
352	123.11	66.67	71	1.61
353	48.4	155.42	71	0.67
354	134.37	71.02	71	0.77
355	112.44	173.05	73	1.76
356	132.69	123.47	72	1
Period: 71
Tasks:3
id	x	y	end	c
349	161.26	119.13	72	64.18
350	174.75	83.37	72	76.58
351	137.86	157.99	71	69.25
Drivers: 7
id	x	y	end	sensitivity
357	86.53	131.38	71	1.33
358	84.92	0.73	74	1.91
359	126.73	139.01	72	1.75
360	129.55	111.9	72	1.05
361	163.03	190.07	72	1.25
362	92.03	32.75	75	1.63
363	137.54	47.88	73	1.43
Period: 72
Tasks:2
id	x	y	end	c
352	156.55	143.99	72	71.65
353	176.55	18.55	73	111.78
Drivers: 8
id	x	y	end	sensitivity
364	184.15	172.88	74	0.54
365	16.2	156.92	74	0.87
366	158.75	151.13	72	1.9
367	181.51	82.71	75	1.58
368	138.56	38.06	76	1.04
369	59.84	168.72	74	0.86
370	4.37	0.62	74	0.89
371	137.57	150.36	74	1.2
Period: 73
Tasks:8
id	x	y	end	c
354	8.8	34.2	74	112.46
355	108.09	70.42	74	30.67
356	43.24	55.1	73	72.37
357	65.5	163.33	74	72.12
358	34.38	193.46	73	114.2
359	59.92	71.96	75	48.91
360	169.9	5.06	74	117.9
361	90.59	91.31	74	12.81
Drivers: 4
id	x	y	end	sensitivity
372	14.77	124.65	75	1.94
373	38.67	2.98	73	1.96
374	81.84	15.31	76	0.63
375	67.78	23.71	76	0.56
Period: 74
Tasks:6
id	x	y	end	c
362	27.73	50.48	75	87.61
363	56.34	165.24	74	78.5
364	61.57	148.92	75	62.21
365	56.93	22.67	76	88.52
366	138.54	15.9	75	92.51
367	148.77	114.74	75	50.95
Drivers: 8
id	x	y	end	sensitivity
376	153.58	157.18	74	1.07
377	148.69	181.63	76	1.12
378	4.52	66.53	77	1.05
379	57.95	129.93	77	0.5
380	123.29	121.65	77	0.64
381	48.96	9.78	75	1.85
382	166.29	125.12	77	1.1
383	125.16	109.28	75	1.41
Period: 75
Tasks:7
id	x	y	end	c
368	56.65	66.82	75	54.59
369	142.69	0.52	76	108.25
370	72.27	79.34	76	34.58
371	185.06	171.95	75	111.41
372	110.45	152.84	76	53.86
373	168.56	158.98	75	90.44
374	153.04	72.98	77	59.53
Drivers: 7
id	x	y	end	sensitivity
384	9.47	107.39	77	1.59
385	147.35	77.33	78	1.17
386	91.87	94.68	76	0.85
387	127.86	25.94	79	1.67
388	38.84	91.84	78	1.34
389	154.4	86.4	75	0.64
390	16.19	153.41	75	1.44
Period: 76
Tasks:6
id	x	y	end	c
375	114.82	48.25	76	53.83
376	77.63	196.98	76	99.53
377	42.5	23.67	76	95.56
378	37.88	188.64	76	108.24
379	26.21	66.22	77	81.15
380	58.32	86.08	76	43.94
Drivers: 3
id	x	y	end	sensitivity
391	19.33	20.5	77	0.61
392	185.83	7.18	78	1.43
393	107.97	36.1	78	0.82
Period: 77
Tasks:4
id	x	y	end	c
381	113.74	4.82	81	96.17
382	21.9	74.3	77	82.22
383	156.03	94.11	77	56.34
384	89.38	85.37	78	18.08
Drivers: 3
id	x	y	end	sensitivity
394	138.42	40.91	79	0.5
395	96.19	67.83	78	1.18
396	133.27	130.58	77	1.09
Period: 78
Tasks:7
id	x	y	end	c
385	106.31	63.49	81	37.05
386	63.42	125.09	81	44.36
387	90.95	123.9	78	25.56
388	43.61	115.44	78	58.47
389	199.36	87.75	78	100.11
390	159.84	10.01	80	108.07
391	1.38	183.96	78	129.52
Drivers: 5
id	x	y	end	sensitivity
397	10.68	136.2	82	0.86
398	174.45	37.5	80	1.68
399	59.01	9.52	80	1.7
400	141.51	92.81	82	0.64
401	18.91	23.89	79	0.8
Period: 79
Tasks:5
id	x	y	end	c
392	5.54	185.75	79	127.58
393	60.44	115.39	81	42.45
394	24.45	188.15	79	116.1
395	2.11	35.19	80	117.4
396	32.75	79.05	81	70.44
Drivers: 6
id	x	y	end	sensitivity
402	66.61	142.69	80	1.28
403	166.68	150.2	83	0.93
404	199.34	41.77	83	1.69
405	18.44	59.12	84	1.27
406	125.22	154.97	83	0.73
407	149.39	65.81	80	0.64
Period: 80
Tasks:9
id	x	y	end	c
397	143.02	126.57	80	50.56
398	30.9	164.19	80	94.31
399	107.02	175.81	80	76.13
400	84.83	97.25	82	15.42
401	30.34	47.14	80	87.45
402	34.77	93.71	80	65.53
403	43.66	97.85	80	56.38
404	186.06	117.43	80	87.81
405	136.84	182.87	80	90.69
Drivers: 4
id	x	y	end	sensitivity
408	126.35	175.55	81	0.68
409	40.87	103.61	82	1.15
410	62.38	72.19	82	1.06
411	40.4	74.77	83	1.42
Period: 81
Tasks:3
id	x	y	end	c
406	4.57	137.61	81	102.57
407	66.73	80.47	84	38.58
408	4.52	172.66	82	119.98
Drivers: 5
id	x	y	end	sensitivity
412	47.02	51.6	84	0.85
413	107.19	61.43	82	0.52
414	135.9	99.32	83	1.7
415	37.14	69.26	83	1.31
416	8.63	104.48	83	1.56
Period: 82
Tasks:7
id	x	y	end	c
409	128.97	155.32	84	62.45
410	176.02	149.61	82	90.78
411	168.5	18.72	82	106.3
412	30.86	44.88	85	88.42
413	10.28	57.94	82	99.09
414	46.64	62.66	83	65.13
415	92.75	88.9	84	13.26
Drivers: 7
id	x	y	end	sensitivity
417	31.77	175.26	83	1.46
418	150.99	150.11	87	1.34
419	20.01	36.57	86	1.64
420	43.49	22.46	83	0.91
421	152.93	118.92	83	1
422	40.76	80.65	84	0.68
423	181.34	31.52	85	0.52
Period: 83
Tasks:7
id	x	y	end	c
416	130.75	105.57	84	31.25
417	17.31	109.31	84	83.21
418	89.4	7.05	84	93.55
419	73.14	136.58	83	45.38
420	113.98	145.17	85	47.28
421	183.36	96.55	83	83.43
422	120.13	117.58	84	26.73
Drivers: 6
id	x	y	end	sensitivity
424	190.23	101.14	84	1.38
425	48.9	64.21	86	1.8
426	118.25	110.51	86	1.49
427	17.55	75.12	85	0.81
428	152.58	187.19	86	1.57
429	123.84	13.14	83	0.68
Period: 84
Tasks:7
id	x	y	end	c
423	10.89	119.89	85	91.3
424	157.43	44.8	84	79.66
425	138.24	0.85	85	106.27
426	132.82	123.11	85	40.14
427	7.95	150.91	85	105.19
428	90.23	71.56	84	30.07
429	77.9	92.42	84	23.36
Drivers: 1
id	x	y	end	sensitivity
430	144.69	21.3	88	1.24
Period: 85
Tasks:2
id	x	y	end	c
430	122.18	151.8	85	56.35
431	96.34	17.06	85	83.02
Drivers: 6
id	x	y	end	sensitivity
431	136.54	15.11	85	0.52
432	159.08	11.51	86	1.79
433	151.33	37.54	86	1.25
434	164.08	196.62	88	1.27
435	154.31	61.65	87	0.57
436	9.91	23.48	88	0.76
Period: 86
Tasks:5
id	x	y	end	c
432	9.68	169.1	88	113.72
433	187.86	132.15	86	93.56
434	176.73	126.28	88	81.11
435	68.57	44.64	88	63.66
436	182.86	103.98	86	82.96
Drivers: 5
id	x	y	end	sensitivity
437	65.74	103.21	90	1.11
438	1.08	175.41	91	1.42
439	54.56	168.76	88	0.5
440	192.92	98.27	89	0.68
441	137.63	51.35	88	1.21
Period: 87
Tasks:5
id	x	y	end	c
437	22.38	55.64	87	89.4
438	192.88	18.07	88	123.85
439	46.49	22.83	88	93.91
440	159.27	64.71	89	68.98
441	39.54	139.88	89	72.43
Drivers: 5
id	x	y	end	sensitivity
442	132.88	170.89	89	1.45
443	131.2	32.29	87	1.28
444	150.87	129.55	88	1.16
445	49.74	146.5	88	1.66
446	11.45	50.61	88	1.81
Period: 88
Tasks:7
id	x	y	end	c
442	42.73	88.31	88	58.45
443	193.57	21.28	89	122.28
444	20.58	8.93	88	120.84
445	167.31	136.73	89	76.68
446	38.52	199.08	90	116.6
447	130.15	160.93	88	67.98
448	28.73	9.64	89	115.08
Drivers: 1
id	x	y	end	sensitivity
447	93.65	196.88	89	1.31
Period: 89
Tasks:5
id	x	y	end	c
449	88.78	134.13	91	35.93
450	117.11	54.9	91	48.24
451	198.06	47.75	89	111.11
452	5.6	103.58	91	94.47
453	148.78	92.79	91	49.31
Drivers: 5
id	x	y	end	sensitivity
448	106.4	152.23	89	1.26
449	188.14	174.6	93	0.74
450	135.79	178.53	92	0.6
451	66.68	27.91	94	0.9
452	109.68	146	92	1.96
Period: 90
Tasks:5
id	x	y	end	c
454	25.51	96.57	91	74.57
455	105.97	193.17	92	93.36
456	198.37	98.15	90	98.39
457	108.61	162.4	90	62.99
458	76.82	139.78	90	46.04
Drivers: 9
id	x	y	end	sensitivity
453	156.44	33.43	91	0.54
454	136.27	71.53	91	1.56
455	163.98	147.29	93	1.69
456	162.97	47.81	91	0.73
457	82.38	76.2	92	1.47
458	47.57	3.94	96	1.13
459	37.43	104.22	93	0.88
460	196.23	102.85	93	0.82
461	1.6	70.39	93	1.14
Period: 91
Tasks:7
id	x	y	end	c
459	183.65	21.5	91	114.72
460	102.86	130.74	91	30.87
461	70.92	45.1	92	62.13
462	101.31	95.19	92	4.99
463	161.54	136.47	93	71.53
464	36.88	146.66	92	78.49
465	5.49	126.59	93	98.18
Drivers: 4
id	x	y	end	sensitivity
462	5.75	44.01	94	1.14
463	182.63	30.83	91	0.93
464	96.69	31.01	93	0.73
465	19.91	31.86	91	1.86
Period: 92
Tasks:2
id	x	y	end	c
466	64.67	5.86	94	100.55
467	58.28	65.23	93	54.31
Drivers: 6
id	x	y	end	sensitivity
466	16.52	164.67	93	0.97
467	174.51	146.79	95	1.49
468	56.27	140.8	92	1.34
469	38.91	4.81	96	1.16
470	39.62	54.3	93	0.95
471	111.92	149.67	95	0.93
Period: 93
Tasks:2
id	x	y	end	c
468	63.12	86.54	93	39.26
469	139.34	137.46	93	54.32
Drivers: 4
id	x	y	end	sensitivity
472	63.8	170.49	95	1.39
473	100.5	149.86	96	0.88
474	155.19	46.76	95	0.61
475	78.58	122.36	96	1.74
Period: 94
Tasks:4
id	x	y	end	c
470	76.09	16.64	96	86.72
471	38.86	186.5	94	105.93
472	168.56	175.62	94	102.07
473	80.33	34.74	94	68.16
Drivers: 2
id	x	y	end	sensitivity
476	89.38	175.23	97	0.96
477	114.15	115.22	97	1.99
Period: 95
Tasks:6
id	x	y	end	c
474	133.91	182.72	95	89.4
475	123.29	131.61	96	39.26
476	90.98	152.06	95	52.84
477	125.42	102.45	96	25.54
478	166.23	60.54	95	77.09
479	195.02	130.63	96	99.83
Drivers: 7
id	x	y	end	sensitivity
478	32.11	2.56	96	0.58
479	54.06	51.27	97	1.14
480	50.91	158.48	95	1.08
481	96.52	90.73	98	1.41
482	199.54	183.99	96	0.97
483	174.07	132.82	95	1.58
484	174.6	114.27	96	0.67
Period: 96
Tasks:8
id	x	y	end	c
480	173.53	46.66	97	90.84
481	26.78	158.69	96	93.84
482	128.07	15.1	96	89.42
483	81.56	2.69	99	99.04
484	5.51	182.89	97	125.69
485	170.05	88.46	96	70.99
486	51.3	71.68	96	56.34
487	99.58	15.68	96	84.32
Drivers: 3
id	x	y	end	sensitivity
485	186.76	134.75	98	1.46
486	96.95	24.95	97	1.59
487	31.43	95.12	99	0.77
Period: 97
Tasks:5
id	x	y	end	c
488	198.22	39.87	99	115.16
489	172.45	24.15	99	104.89
490	66.7	103.03	97	33.44
491	158.95	149.26	98	76.82
492	120.97	102.6	99	21.13
Drivers: 2
id	x	y	end	sensitivity
488	155.8	12.76	101	1.06
489	108.23	50.45	98	1.11
Period: 98
Tasks:4
id	x	y	end	c
493	85.66	190.66	99	91.79
494	96.85	9.72	98	90.33
495	104.06	75.53	98	24.8
496	184.5	65.75	101	91.18
Drivers: 5
id	x	y	end	sensitivity
490	194.79	90.62	100	1.27
491	66.84	97.33	99	0.79
492	86.31	91.21	100	0.66
493	188.47	88.11	102	1.89
494	61.15	86.94	100	1.62
Period: 99
Tasks:9
id	x	y	end	c
497	112.62	31.29	101	69.86
498	19.69	40.51	101	99.94
499	2.8	41.87	100	113.26
500	112.57	137.04	101	39.11
501	3.45	82.36	100	98.15
502	169.55	117.5	100	71.72
503	90.09	81.84	99	20.69
504	3.7	104.3	99	96.4
505	126.78	7.52	101	96.28
Drivers: 2
id	x	y	end	sensitivity
495	185.45	174.87	99	1.52
496	77.79	18	101	1.67
Period: 100
Tasks:3
id	x	y	end	c
506	141.86	39.54	102	73.54
507	123.96	151.6	100	56.89
508	102.26	4.77	100	95.26
Drivers: 7
id	x	y	end	sensitivity
497	194.28	167.52	104	1.4
498	183.02	74.36	100	1.47
499	85.69	28.39	101	0.88
500	28.06	41.84	102	0.89
501	170.91	110.77	100	1.29
502	19.89	123.05	104	1.48
503	54.82	184.38	103	0.61
