Periods: 100
Task Arrival Rate: 5
Task Average Time: 1
Driver Arrival Rate: 5
Driver Average Time: 2
Period: 1
Tasks:4
id	x	y	end	c
1	67.1	76.64	2	40.35
2	156.68	136.55	1	67.44
3	141.25	195.12	4	103.68
4	21.14	197.91	1	125.72
Drivers: 6
id	x	y	end	sensitivity
1	199.29	118.67	2	1.4
2	183.19	56.34	4	1.59
3	166.66	154.72	2	1.07
4	100.58	51.11	3	1.75
5	180.99	155.78	6	0.69
6	53.45	46.08	3	1.77
Period: 2
Tasks:5
id	x	y	end	c
5	112.31	106.9	3	14.11
6	64.18	34.34	6	74.8
7	45.97	30.79	3	87.8
8	120.83	50.36	2	53.83
9	127.92	109.81	4	29.59
Drivers: 9
id	x	y	end	sensitivity
7	23.2	120.01	5	0.83
8	45.2	17.63	2	1.68
9	54.21	102.01	3	1.16
10	146.16	47.35	2	1.23
11	119.41	53.71	4	0.85
12	26.87	27.95	4	1.71
13	150.51	18.67	4	1.47
14	99.95	184.71	5	1.45
15	197.89	190.26	3	1.12
Period: 3
Tasks:5
id	x	y	end	c
10	5.72	174.47	3	120.14
11	123.3	195.74	4	98.53
12	193.38	177.67	3	121.46
13	105.53	38.01	3	62.24
14	150.03	99.38	3	50.03
Drivers: 4
id	x	y	end	sensitivity
16	180.01	142.08	4	1.43
17	47.37	154.16	4	0.74
18	173.54	117.02	7	1.62
19	15.27	166.25	4	0.54
Period: 4
Tasks:6
id	x	y	end	c
15	116.24	96.24	5	16.67
16	106.26	59.67	4	40.81
17	84.04	175	4	76.68
18	155.3	75.26	6	60.58
19	107.66	166.4	5	66.84
20	192.29	1.45	4	135.02
Drivers: 5
id	x	y	end	sensitivity
20	77.98	131.18	5	0.66
21	185.39	54.08	7	1.95
22	18.7	121.9	4	0.81
23	131.37	189.38	4	1.56
24	124.34	178.72	6	1.59
Period: 5
Tasks:1
id	x	y	end	c
21	104.69	192.44	5	92.56
Drivers: 5
id	x	y	end	sensitivity
25	152.96	65.02	6	0.74
26	106.84	7.47	7	0.91
27	37.93	188.55	6	1.22
28	31.92	130.81	10	1.33
29	141.06	197.31	5	1.1
Period: 6
Tasks:8
id	x	y	end	c
22	154.75	66.69	6	64.09
23	20.3	118.81	7	81.89
24	1.45	116.25	7	99.88
25	119.35	65.68	6	39.4
26	141.28	150.69	8	65.37
27	83.27	115.24	6	22.63
28	86.94	144.25	6	46.14
29	125.76	104.13	7	26.09
Drivers: 6
id	x	y	end	sensitivity
30	123.75	176.28	9	1.31
31	154.07	121.93	10	1.6
32	94.33	41.65	9	0.74
33	186.67	146.14	8	0.74
34	181.19	135.51	7	1.66
35	194.86	173.42	8	1.53
Period: 7
Tasks:7
id	x	y	end	c
30	32.78	70.1	9	73.57
31	145.44	196.21	8	106.4
32	127.96	175.88	8	80.87
33	40.65	85.54	9	61.09
34	110.39	156.74	7	57.68
35	18.38	83.25	8	83.32
36	125	106.67	8	25.87
Drivers: 7
id	x	y	end	sensitivity
36	46.01	4.78	8	0.81
37	37.38	47.77	10	0.95
38	134.22	148.98	9	0.69
39	102.72	159.03	9	1.32
40	36.04	141.16	11	1.5
41	97.12	91.39	12	1.21
42	112.06	25.74	7	0.7
Period: 8
Tasks:6
id	x	y	end	c
37	98.94	136.92	10	36.94
38	125.01	7.09	9	96.22
39	112.57	13.29	12	87.62
40	34.46	94.18	9	65.8
41	139.26	44.03	9	68.37
42	83.31	22.82	9	78.96
Drivers: 5
id	x	y	end	sensitivity
43	191.86	162.45	9	1.49
44	31.75	125.92	12	1.07
45	118.57	28.11	11	0.76
46	86.9	126.78	10	0.66
47	133.38	104.39	8	1.02
Period: 9
Tasks:5
id	x	y	end	c
43	187.96	80.56	10	90.08
44	22.42	24.29	11	108.4
45	41.56	26.79	9	93.67
46	134.32	73.24	10	43.52
47	40.45	51.66	9	76.7
Drivers: 5
id	x	y	end	sensitivity
48	152.57	67.77	9	0.95
49	97.15	28.75	12	0.62
50	166.06	77.58	12	0.98
51	87.32	37.61	9	1.75
52	67.86	6.9	15	1.11
Period: 10
Tasks:6
id	x	y	end	c
48	6.93	153.44	10	107.32
49	164.33	66.51	11	72.53
50	71.7	0.63	12	103.32
51	134.11	106.44	11	34.71
52	125.32	138	13	45.66
53	125.05	9.51	12	93.89
Drivers: 4
id	x	y	end	sensitivity
53	138.26	61.59	11	1.25
54	59.95	125.39	10	1.61
55	37.61	163.71	11	1.01
56	124.32	7.61	15	0.69
Period: 11
Tasks:3
id	x	y	end	c
54	125.03	31.8	12	72.65
55	110.85	5.57	12	95.05
56	96.29	2.33	11	97.74
Drivers: 3
id	x	y	end	sensitivity
57	134.33	152.27	14	0.83
58	18.52	139.9	12	0.78
59	186.7	111.32	13	0.77
Period: 12
Tasks:2
id	x	y	end	c
57	173.33	16.19	14	111.36
58	192.46	168.09	13	114.83
Drivers: 4
id	x	y	end	sensitivity
60	68.08	165.01	14	0.96
61	145.84	154.15	16	0.52
62	102.76	29.4	15	1.41
63	114.67	174.89	12	1.72
Period: 13
Tasks:6
id	x	y	end	c
59	52.13	180.58	13	93.73
60	100.82	4.56	15	95.44
61	135.02	70.79	14	45.6
62	103.75	193.46	15	93.54
63	84.62	72.48	13	31.53
64	85.79	72.02	16	31.38
Drivers: 4
id	x	y	end	sensitivity
64	10.7	130.81	14	1.34
65	78.55	97.42	14	0.78
66	165.87	144.98	14	1.2
67	118.95	100.46	15	1.34
Period: 14
Tasks:2
id	x	y	end	c
65	142.88	58.26	14	59.84
66	10.44	32.04	14	112.43
Drivers: 10
id	x	y	end	sensitivity
68	79.21	57.71	17	1.31
69	61.69	69.63	16	1.3
70	151.56	161.51	15	1.24
71	157.11	186.68	16	1.41
72	169.89	175.97	17	1.92
73	177.04	98.42	15	0.93
74	139.19	100.38	16	1.39
75	91.1	190.78	16	1.05
76	38.4	65.95	14	0.71
77	93.1	151.85	15	0.92
Period: 15
Tasks:9
id	x	y	end	c
67	94	159.13	16	59.43
68	6.72	100.32	16	93.28
69	120.75	0.06	15	102.07
70	88.05	129.23	16	31.58
71	28.33	125.64	15	76.12
72	26.87	181.68	15	109.63
73	20.01	101.53	17	80
74	141.99	24.83	17	86.1
75	144.95	68.89	17	54.67
Drivers: 12
id	x	y	end	sensitivity
78	80.84	56.1	17	1.73
79	138.85	153.07	17	0.82
80	135.24	81.22	18	1.08
81	45.29	66.78	16	1.18
82	69.56	196.32	16	0.64
83	160.33	82.91	16	1.07
84	17.75	123.16	16	1.58
85	31.6	24.33	16	0.76
86	6.97	29.02	17	0.64
87	129.07	68.83	17	0.96
88	195.87	153.06	18	1.48
89	150.15	168.76	16	1.53
Period: 16
Tasks:4
id	x	y	end	c
76	154.89	38.34	16	82.55
77	27.61	52.73	16	86.46
78	70.49	100.1	16	29.51
79	182.27	74.84	17	86.03
Drivers: 8
id	x	y	end	sensitivity
90	0.55	3.97	21	1.52
91	21.41	108.5	19	1.53
92	125.06	127.43	20	1.22
93	166.36	168.42	18	0.65
94	178.2	39.07	18	1.15
95	0.86	130.52	19	1.18
96	34.52	179.14	21	0.88
97	89.45	162.45	20	1.41
Period: 17
Tasks:8
id	x	y	end	c
80	26.53	191.3	17	117.19
81	141.62	196.1	17	104.73
82	45.05	140.9	17	68.5
83	179.75	163.9	17	102.19
84	13.26	13.28	18	122.65
85	56.81	154.26	17	69.35
86	62.58	38.34	18	72.13
87	69.46	130.18	18	42.94
Drivers: 5
id	x	y	end	sensitivity
98	37.81	101.6	20	0.5
99	52.26	111.66	19	1.22
100	150.88	175.66	20	1.92
101	124.1	167.9	20	0.56
102	156.73	157.81	17	0.58
Period: 18
Tasks:5
id	x	y	end	c
88	163.91	78.44	20	67.45
89	25.73	8.97	19	117.48
90	34.45	114.56	19	67.15
91	83.65	104.09	19	16.85
92	140.84	41.98	18	70.95
Drivers: 4
id	x	y	end	sensitivity
103	52.64	104.29	19	0.53
104	108.28	193.17	20	1.38
105	65.26	136.07	21	1.36
106	10.61	48.15	19	1.89
Period: 19
Tasks:1
id	x	y	end	c
93	187.32	184.38	19	121.43
Drivers: 6
id	x	y	end	sensitivity
107	12.9	102.98	21	1.62
108	10.5	160.27	21	0.8
109	42.9	115.89	22	0.8
110	166.55	97.79	20	1.28
111	4.78	195.17	24	0.6
112	27.96	129.19	20	1.52
Period: 20
Tasks:5
id	x	y	end	c
94	96.42	173.85	21	73.94
95	147	143.94	20	64.34
96	185.91	63.27	22	93.43
97	163.63	50.95	23	80.34
98	83.8	177.9	22	79.57
Drivers: 4
id	x	y	end	sensitivity
113	127.38	9.09	20	1.24
114	69.64	122.13	22	1.01
115	20.17	2.27	21	1.49
116	66.33	103.25	21	0.62
Period: 21
Tasks:3
id	x	y	end	c
99	133.32	118.2	21	37.97
100	194.37	193.55	22	132.88
101	114.87	144.58	21	46.99
Drivers: 3
id	x	y	end	sensitivity
117	55.74	71.08	24	1.02
118	95.23	124.59	22	1.44
119	174.07	119.04	21	1.06
Period: 22
Tasks:5
id	x	y	end	c
102	195.76	109.56	24	96.24
103	166.77	189.05	23	111.3
104	149.9	97.19	22	49.98
105	58.39	117.18	22	45.02
106	39.11	21.6	23	99.27
Drivers: 2
id	x	y	end	sensitivity
120	69.68	23.92	23	1.49
121	77.06	118.19	26	1.44
Period: 23
Tasks:10
id	x	y	end	c
107	111.44	191.77	26	92.48
108	74.92	177.8	25	81.74
109	71.34	157.64	24	64.37
110	116.74	8.18	23	93.33
111	39.55	96.79	24	60.54
112	82.62	134.66	26	38.77
113	127.28	191.88	23	95.84
114	154.44	64.25	23	65.13
115	166.27	144.9	24	80.05
116	173.58	63.74	23	82.03
Drivers: 4
id	x	y	end	sensitivity
122	65.37	183.91	26	0.8
123	188.09	160.21	26	1.05
124	186.75	115.3	26	0.86
125	75.65	56.63	26	0.94
Period: 24
Tasks:4
id	x	y	end	c
117	16.45	126.8	25	87.74
118	27.64	147.1	26	86.34
119	29.84	138.99	25	80.27
120	46.96	19.14	25	96.7
Drivers: 5
id	x	y	end	sensitivity
126	183.82	7.82	25	0.76
127	48.36	59.38	25	1.76
128	90.7	19.85	25	0.77
129	178.12	101.14	25	0.65
130	194.97	135.01	28	0.8
Period: 25
Tasks:9
id	x	y	end	c
121	58.33	81.55	27	45.57
122	171.99	13.45	28	112.58
123	103.66	194.94	27	95.01
124	78.86	28.25	27	74.8
125	159.29	67.77	25	67.48
126	179.92	195.23	26	124.32
127	145.41	142.43	28	62.15
128	150.81	27.15	27	88.82
129	28.95	177.77	25	105.34
Drivers: 6
id	x	y	end	sensitivity
131	61.18	54.17	26	0.71
132	148.53	144.64	26	0.79
133	96.17	195.11	25	0.67
134	21.74	193.17	28	0.99
135	75.89	119.56	25	1.81
136	59.2	151.41	26	1.8
Period: 26
Tasks:9
id	x	y	end	c
130	168.52	56.58	28	81.12
131	110.56	66.9	26	34.74
132	72.16	87.29	26	30.6
133	123.1	19.1	26	84.13
134	139.71	6.19	27	101.87
135	32.05	118.44	26	70.41
136	89.73	149.8	28	50.85
137	104.72	101.59	29	4.98
138	74.85	163.15	28	67.97
Drivers: 6
id	x	y	end	sensitivity
137	12.89	193.78	27	1.56
138	89.69	148.96	31	0.64
139	49.55	175.23	28	0.68
140	133.42	160.9	29	0.66
141	75.15	132.74	26	1.6
142	19.48	4.4	27	1.83
Period: 27
Tasks:8
id	x	y	end	c
139	8.73	190.21	28	128.33
140	187.52	160.95	27	106.65
141	43.37	122.84	28	61.06
142	109.06	103.05	27	9.56
143	140.92	141.03	31	57.95
144	97.73	105.76	28	6.19
145	128.28	49.61	27	57.78
146	92.32	64.62	27	36.2
Drivers: 8
id	x	y	end	sensitivity
143	32.82	129.96	28	0.57
144	6.34	57.41	31	1.38
145	131.47	196.52	27	1.63
146	173.49	192.39	30	1.13
147	96.17	104.53	29	1.66
148	148.84	16.26	29	1.34
149	170.28	185.95	27	1.6
150	119.61	85.37	28	1.82
Period: 28
Tasks:4
id	x	y	end	c
147	43.64	34.86	29	86.14
148	34.38	20.5	30	103.08
149	134.84	49.67	30	61.21
150	158.38	87.44	29	59.72
Drivers: 6
id	x	y	end	sensitivity
151	174.93	121.76	33	1.13
152	59.19	10.33	30	1.25
153	20.05	178.3	32	1.26
154	49.74	13.79	31	1.98
155	19.55	37.6	28	1.41
156	95.25	40.28	31	1.08
Period: 29
Tasks:4
id	x	y	end	c
151	123.21	12.22	29	90.8
152	48.72	190.64	30	104.14
153	113.48	128.08	29	31.15
154	151.84	134.52	30	62.28
Drivers: 0
id	x	y	end	sensitivity
Period: 30
Tasks:2
id	x	y	end	c
155	95.82	162.5	31	62.64
156	128.59	180.14	32	85.09
Drivers: 7
id	x	y	end	sensitivity
157	37.51	149.49	32	1.34
158	116.42	33.5	30	1.35
159	123.13	36.37	31	0.87
160	119.7	171.89	32	1.93
161	131.99	105.79	35	0.6
162	152.14	93.38	32	1.52
163	114.09	142.54	31	1.01
Period: 31
Tasks:4
id	x	y	end	c
157	45.35	0.14	32	113.84
158	22.62	131.33	32	83.48
159	173.56	122.61	32	76.96
160	125.31	56.85	32	50.03
Drivers: 0
id	x	y	end	sensitivity
Period: 32
Tasks:6
id	x	y	end	c
161	197.23	121.88	32	99.66
162	176.1	178.04	33	109
163	81.79	42.79	35	60.04
164	76.49	39.78	33	64.65
165	36.89	148.85	33	79.81
166	22.26	132.99	32	84.45
Drivers: 5
id	x	y	end	sensitivity
164	189.66	37.4	34	0.87
165	102.85	158.27	34	1.94
166	41.22	30.71	33	1.67
167	77.09	57.43	34	0.99
168	122.09	120.15	34	1.42
Period: 33
Tasks:2
id	x	y	end	c
167	67.91	157.72	33	66.04
168	151.15	131.37	34	60
Drivers: 9
id	x	y	end	sensitivity
169	191.75	37.43	38	0.72
170	20.94	76.13	35	1.31
171	185.61	102.57	35	1.32
172	192.6	184.83	41	0.8
173	176.41	114.36	34	1.94
174	155.45	48.28	35	0.99
175	17.84	175.28	34	0.88
176	124.9	195.21	34	1.64
177	114.65	102.51	34	1.47
Period: 34
Tasks:5
id	x	y	end	c
169	14.45	4.4	35	128.29
170	144.97	132.63	36	55.56
171	75.05	57.72	35	49.09
172	88.08	56.82	34	44.8
173	165.88	17.59	36	105.51
Drivers: 4
id	x	y	end	sensitivity
178	77.75	54.25	35	1.11
179	133.04	111.46	35	1.93
180	194.18	93.1	39	0.94
181	119.15	8.85	37	0.57
Period: 35
Tasks:6
id	x	y	end	c
174	176	108.03	36	76.42
175	37.87	183.68	36	104.22
176	83.24	138.93	36	42.38
177	159.48	190.21	36	108.05
178	93.41	163.11	35	63.45
179	191.64	71.3	35	96.03
Drivers: 4
id	x	y	end	sensitivity
182	159.09	45.86	37	1.73
183	37.03	196.17	37	0.64
184	176.3	81.87	37	1.35
185	145.76	65.64	37	1.06
Period: 36
Tasks:4
id	x	y	end	c
180	62.02	35.45	36	74.89
181	178.1	65.89	36	85.22
182	191.13	190.17	36	128.2
183	147.6	60.63	38	61.77
Drivers: 5
id	x	y	end	sensitivity
186	6.03	39.91	36	0.74
187	176.85	57.97	38	1.24
188	97.69	54.98	36	1.3
189	54.29	192.26	40	1.6
190	162.54	123.83	38	1.34
Period: 37
Tasks:5
id	x	y	end	c
184	28.06	112.51	38	73.02
185	42.42	15.92	37	101.91
186	175.53	47.6	37	91.93
187	161	53.79	37	76.53
188	139.68	160.04	39	71.97
Drivers: 9
id	x	y	end	sensitivity
191	60.15	25.38	39	1.15
192	187.65	169.44	39	1.22
193	185.66	131.27	39	1.51
194	6.97	96.19	39	0.88
195	82.94	38.28	42	1.06
196	31.01	26.28	37	0.89
197	138.98	159.52	40	0.57
198	165.66	172.42	37	1.72
199	47.42	90.56	41	0.76
Period: 38
Tasks:6
id	x	y	end	c
189	118.6	76.96	39	29.61
190	197.38	31.42	41	119.11
191	82.07	80.06	38	26.82
192	147.51	147.9	38	67.47
193	179.82	119.66	39	82.21
194	126.68	130.32	38	40.39
Drivers: 4
id	x	y	end	sensitivity
200	17.01	172.69	40	1.6
201	198.97	111.53	40	0.62
202	177.62	94.9	41	1.43
203	25.22	109.8	40	0.57
Period: 39
Tasks:4
id	x	y	end	c
195	134.55	179.42	40	86.61
196	167.89	18.54	41	106.04
197	57.97	61.28	41	57.15
198	114.36	25.46	40	75.91
Drivers: 4
id	x	y	end	sensitivity
204	5.64	174.08	42	0.56
205	25.48	65.37	42	0.66
206	123.42	113.91	40	1.69
207	48.6	126.59	42	0.6
Period: 40
Tasks:7
id	x	y	end	c
199	34.1	69.33	40	72.69
200	116.83	19.46	40	82.28
201	41.31	179.56	41	98.87
202	111.34	9.43	41	91.28
203	55.94	65.86	40	55.74
204	14.71	144.67	40	96.28
205	42.4	11.4	41	105.68
Drivers: 7
id	x	y	end	sensitivity
208	176.29	55.94	44	0.74
209	164.22	80.86	40	0.89
210	143.39	140.52	44	1.88
211	183.89	95.33	40	1.09
212	8.66	36.04	41	0.61
213	117.4	85.15	41	0.95
214	178.43	55.11	43	1.67
Period: 41
Tasks:2
id	x	y	end	c
206	199.91	33.63	41	119.95
207	177.53	163.33	44	100.11
Drivers: 6
id	x	y	end	sensitivity
215	92.54	111.17	43	1.06
216	4.71	5.5	42	0.52
217	53.32	137.79	42	0.52
218	70.56	116.82	42	1.05
219	168.82	29.21	44	0.52
220	18.81	151.06	46	1.6
Period: 42
Tasks:11
id	x	y	end	c
208	172.23	172.33	44	102.22
209	4.02	176.79	43	122.92
210	67.2	190.53	43	96.29
211	189.22	93.31	43	89.47
212	107.54	5.58	42	94.72
213	94.26	79.59	43	21.2
214	133.7	179.9	45	86.72
215	39.97	20.45	45	99.66
216	166.03	141.83	42	78.16
217	161.72	167.54	43	91.49
218	129.26	182.26	42	87.31
Drivers: 5
id	x	y	end	sensitivity
221	146.03	131.1	43	1.87
222	158.68	157.16	43	1.63
223	93.65	27.65	42	1.82
224	54.5	122.59	42	1.65
225	169	12.83	42	1.89
Period: 43
Tasks:6
id	x	y	end	c
219	59.81	62.18	43	55.19
220	159	66.41	47	67.89
221	19.79	177.85	43	111.78
222	129.8	172.33	44	78.23
223	48.1	184.77	43	99.4
224	54.93	125.87	43	51.97
Drivers: 9
id	x	y	end	sensitivity
226	44.07	114.81	43	0.69
227	174.36	6.17	44	0.84
228	61.82	150.93	45	1.59
229	91.03	126.54	46	1.05
230	109.97	102.41	43	1.87
231	119.28	113.33	43	0.58
232	176.33	8.16	46	1.44
233	23.59	72.71	48	0.63
234	16.41	82.56	43	1.77
Period: 44
Tasks:7
id	x	y	end	c
225	16.58	199.98	46	130.21
226	41.17	146.83	46	75.19
227	198.41	34.3	45	118.33
228	45.48	9.62	45	105.55
229	196.24	113.64	45	97.2
230	36.85	147.82	45	79.21
231	187.54	121.86	45	90.23
Drivers: 3
id	x	y	end	sensitivity
235	20.78	156.04	46	0.95
236	118.01	43.99	45	1.91
237	91.58	180.86	46	1.5
Period: 45
Tasks:2
id	x	y	end	c
232	174.13	21.02	46	108.32
233	167.54	193.83	45	115.61
Drivers: 8
id	x	y	end	sensitivity
238	28.76	70.59	46	1.02
239	6.79	45.96	48	1.33
240	74.2	187.5	49	1.19
241	118.68	11.85	47	0.84
242	67.09	95.54	49	1.26
243	195.87	25.56	48	1.72
244	72.84	198.29	47	0.89
245	9.66	26.36	47	0.76
Period: 46
Tasks:8
id	x	y	end	c
234	100.78	142.09	46	42.1
235	101.26	79.64	46	20.4
236	116.2	25.38	47	76.36
237	16.89	154.05	47	99.14
238	159	133.14	47	67.67
239	151.62	31.56	46	85.72
240	35.03	64.4	46	74.08
241	190.73	136.9	47	97.95
Drivers: 7
id	x	y	end	sensitivity
246	164.15	75.83	49	1.08
247	116.01	135.5	48	0.86
248	9.55	152.21	50	0.62
249	55.88	103.07	46	1.71
250	113.35	132.79	48	1.12
251	34.18	6.87	48	1.76
252	8.01	124.74	51	1.32
Period: 47
Tasks:3
id	x	y	end	c
242	56.83	186.43	47	96.61
243	132.23	131.74	48	45.23
244	174.45	5.07	48	120.64
Drivers: 6
id	x	y	end	sensitivity
253	96.04	168.31	48	1.68
254	121.12	30.79	50	2
255	52.19	174.25	50	0.97
256	132.36	154.82	48	0.74
257	98.56	64.04	51	1.76
258	166.07	170.32	48	1.59
Period: 48
Tasks:8
id	x	y	end	c
245	88.53	128.69	49	30.9
246	59.49	5.09	48	103.19
247	101	48.99	48	51.02
248	198.14	55.19	48	107.89
249	103.31	126.88	50	27.08
250	92.92	21.76	50	78.56
251	189.39	67	52	95.29
252	53.86	149.6	49	67.74
Drivers: 10
id	x	y	end	sensitivity
259	127.38	52.89	49	0.71
260	91.75	163.43	51	0.84
261	141.8	106.76	50	1.44
262	155.57	46	48	0.9
263	14.21	16.77	53	0.98
264	109.77	196.47	48	0.74
265	27.2	108.45	49	1.36
266	95.56	79.04	49	0.63
267	0.67	109.24	49	1.64
268	152.04	95.32	51	1.01
Period: 49
Tasks:4
id	x	y	end	c
253	29.71	15.82	50	109.67
254	161.57	191.65	52	110.41
255	186.82	111.32	49	87.55
256	70.24	135.4	49	46.25
Drivers: 6
id	x	y	end	sensitivity
269	126.22	166.55	51	0.83
270	54.3	177.13	51	1.36
271	173.82	32.15	52	1.81
272	28.25	2.77	49	0.68
273	56.73	122	50	0.95
274	40.35	133.7	52	0.64
Period: 50
Tasks:9
id	x	y	end	c
257	55.82	131.49	51	54.25
258	66.2	128.35	50	44.12
259	135.93	13.65	51	93.53
260	84.92	198.04	50	99.19
261	121.13	33.22	52	70.04
262	140.17	147.31	51	62.06
263	120.88	33.37	50	69.83
264	27.08	172.1	50	102.55
265	55.15	7.46	50	102.84
Drivers: 2
id	x	y	end	sensitivity
275	5.4	82.43	51	1.66
276	160.56	121.95	50	1.87
Period: 51
Tasks:5
id	x	y	end	c
266	188.92	116.23	55	90.39
267	110.09	3.72	51	96.81
268	23.04	6.38	53	121.19
269	94.45	42.56	52	57.71
270	99.55	162.19	53	62.19
Drivers: 7
id	x	y	end	sensitivity
277	167.42	58.89	53	1.26
278	192.94	159.98	53	0.64
279	78.13	165.03	51	1.48
280	27.54	101.02	54	1.29
281	168.31	87.58	52	1.15
282	175.29	89.02	53	1.31
283	45.81	199.61	52	0.66
Period: 52
Tasks:10
id	x	y	end	c
271	8.21	135.5	53	98.42
272	39.53	140.61	55	72.84
273	62.57	128.13	52	46.82
274	103.68	37.57	52	62.54
275	81.38	121.72	52	28.61
276	107.25	193.66	54	93.94
277	96.52	31.26	53	68.83
278	79.05	71.47	54	35.4
279	136.33	103.36	53	36.49
280	197.74	94.11	52	97.92
Drivers: 5
id	x	y	end	sensitivity
284	142.93	1.02	52	0.66
285	6.62	122.04	54	0.62
286	12.69	158.18	56	0.55
287	44.42	69.31	54	0.69
288	144.63	111.88	54	1.14
Period: 53
Tasks:10
id	x	y	end	c
281	166.48	6.08	55	115.07
282	153.31	90.8	53	54.1
283	151.34	67.21	54	60.92
284	2.23	49.04	53	110.25
285	88.61	48.78	54	52.47
286	94.69	28.2	56	72
287	127.08	27.31	55	77.57
288	135.24	70.46	53	45.98
289	143.96	86.38	55	46.02
290	164.02	103.02	54	64.09
Drivers: 1
id	x	y	end	sensitivity
289	190.82	185.1	54	1.68
Period: 54
Tasks:3
id	x	y	end	c
291	109.08	187.89	56	88.36
292	83.59	194.87	57	96.28
293	185.78	34.86	56	107.71
Drivers: 6
id	x	y	end	sensitivity
290	70.29	60.59	57	1.85
291	98.91	58.28	54	1.41
292	125.93	108.24	58	2
293	137.47	24.07	56	1.74
294	127.16	6.12	56	0.59
295	130.73	46.09	56	0.69
Period: 55
Tasks:5
id	x	y	end	c
294	19.54	102	55	80.48
295	13.49	171.83	56	112.44
296	42.14	85.11	55	59.75
297	72.74	59.47	55	48.84
298	83.08	153.91	57	56.5
Drivers: 7
id	x	y	end	sensitivity
296	10.23	192.65	59	1.08
297	17.31	165.3	57	1.36
298	71.43	54.95	59	1.14
299	8.19	153.22	59	0.86
300	163.72	92.49	57	1.56
301	143.46	165.82	57	1.16
302	34.83	140.96	57	1.83
Period: 56
Tasks:3
id	x	y	end	c
299	61.19	180.23	56	89.12
300	195.89	103.55	58	95.96
301	129.94	57.11	58	52.31
Drivers: 6
id	x	y	end	sensitivity
303	17.48	88.96	57	1.03
304	166.87	32.27	60	0.58
305	54.88	178.76	59	2
306	25.37	121.67	57	1.8
307	14.38	97.01	58	1.88
308	153.44	56.61	58	1.94
Period: 57
Tasks:7
id	x	y	end	c
302	177.61	59.19	57	87.69
303	144.85	25.11	57	87.29
304	151.06	47.64	61	73.13
305	192.97	97.3	58	93.01
306	12.67	46.99	57	102.16
307	141.64	117.83	59	45.3
308	174.87	3.83	59	121.88
Drivers: 6
id	x	y	end	sensitivity
309	81.7	112.39	59	0.65
310	156.57	4.11	57	1.22
311	44.72	85.08	60	0.67
312	34.94	64.53	58	0.54
313	111.79	78.8	60	0.51
314	8.49	130.88	58	1.49
Period: 58
Tasks:2
id	x	y	end	c
309	83.57	46.67	58	55.8
310	199.39	140.77	59	107.43
Drivers: 6
id	x	y	end	sensitivity
315	151.65	0.88	58	1.6
316	120.39	45.11	59	0.61
317	159.37	77.71	58	0.82
318	169.73	63.11	62	0.65
319	23.69	55.03	59	0.92
320	95.9	49.98	59	0.8
Period: 59
Tasks:5
id	x	y	end	c
311	175.61	66.63	60	82.65
312	182.48	107.12	61	82.79
313	43.55	59.03	59	69.75
314	81.13	166.98	60	69.59
315	22.95	19.25	61	111.61
Drivers: 5
id	x	y	end	sensitivity
321	86.84	141.33	60	1.51
322	66.83	126.89	59	0.74
323	184.86	97.49	63	1.33
324	56.81	167.12	60	0.84
325	5.38	151.42	63	1.19
Period: 60
Tasks:6
id	x	y	end	c
316	165.15	138.73	60	75.79
317	60.47	8.45	61	99.72
318	107.11	75.15	61	25.85
319	103.69	19.93	64	80.15
320	81.8	64.2	61	40.16
321	40.29	167.95	63	90.46
Drivers: 4
id	x	y	end	sensitivity
326	130.08	87.28	61	0.7
327	102.44	51.36	61	1.08
328	143.69	23.16	62	1.66
329	144.68	145.52	62	1.55
Period: 61
Tasks:8
id	x	y	end	c
322	169.1	81.38	61	71.56
323	62.1	155.94	62	67.57
324	0.74	13.76	61	131.49
325	182.55	108.96	61	83.03
326	19.72	25.66	63	109.41
327	77.21	83.11	62	28.37
328	194.63	46.84	61	108.54
329	79.97	134.29	61	39.71
Drivers: 9
id	x	y	end	sensitivity
330	125.13	117.36	62	0.57
331	147.68	154.76	62	1.31
332	25.47	180.84	63	0.77
333	81.88	117.37	66	1.61
334	132.92	15.12	63	0.77
335	35.63	182.4	63	1.5
336	141.13	132.29	63	1.13
337	72.19	162.88	65	1.28
338	69.92	138.19	64	0.52
Period: 62
Tasks:3
id	x	y	end	c
330	56.34	46.04	63	69.41
331	151.2	85.38	63	53.25
332	110.62	170.53	64	71.33
Drivers: 6
id	x	y	end	sensitivity
339	68.35	7.05	63	1.91
340	164.61	124.06	64	1.04
341	159.93	137.72	65	1.7
342	125.92	140.34	66	1.05
343	179.62	124.23	62	1.07
344	181.39	38.71	63	0.94
Period: 63
Tasks:7
id	x	y	end	c
333	52.42	105.52	63	47.9
334	183.74	166.23	64	106.77
335	11.71	118.35	63	90.18
336	85.26	95.01	63	15.56
337	112.16	41.55	63	59.7
338	75.4	107.98	65	25.86
339	187.28	159.82	65	105.81
Drivers: 12
id	x	y	end	sensitivity
345	166.89	98.82	65	1.83
346	147.81	18.09	64	1.2
347	98.24	7.3	65	1.4
348	80.48	103.91	64	1.93
349	121.69	136.41	63	0.89
350	35.94	145.33	65	1.8
351	0.23	4.62	63	1.85
352	91.28	162.56	66	1.42
353	121.75	10.71	64	1.92
354	172.83	100.93	65	0.85
355	177.86	82.3	66	1.22
356	51.07	147.9	64	2
Period: 64
Tasks:7
id	x	y	end	c
340	161.49	74.91	65	66.41
341	4.9	55.72	65	104.9
342	65.32	172.65	64	80.5
343	13.62	105.36	66	86.55
344	72.86	24.04	64	80.66
345	187.98	122.04	65	90.7
346	56.84	111.99	65	44.79
Drivers: 4
id	x	y	end	sensitivity
357	29.35	13.88	65	1.89
358	15.63	30.11	64	1.24
359	16.88	143.82	66	1.61
360	50.8	105.34	66	0.7
Period: 65
Tasks:3
id	x	y	end	c
347	22.66	60.66	68	86.77
348	146.82	99.76	66	46.82
349	2.31	72.61	66	101.46
Drivers: 3
id	x	y	end	sensitivity
361	15.52	64.99	67	0.7
362	56.43	133.66	67	1.03
363	159.74	75.51	69	1.53
Period: 66
Tasks:8
id	x	y	end	c
350	196.62	36.67	68	115.53
351	32.69	91.42	67	67.85
352	115.51	22.58	66	78.96
353	65.27	11.94	66	94.66
354	199.16	86.59	69	100.06
355	158.14	149.37	66	76.27
356	110.85	93.68	67	12.56
357	169.91	70.08	68	76.04
Drivers: 5
id	x	y	end	sensitivity
364	43.1	195.92	72	1.79
365	140.15	144.08	68	1.94
366	187.82	196.12	67	1.61
367	91.99	32.83	67	0.54
368	60.01	116.45	66	0.93
Period: 67
Tasks:4
id	x	y	end	c
358	72.85	7.03	68	96.85
359	72.09	69.51	69	41.34
360	31.73	136.32	67	77.33
361	148.17	133.77	68	58.83
Drivers: 2
id	x	y	end	sensitivity
369	191.11	97.26	68	1.32
370	27.99	52.02	68	1.09
Period: 68
Tasks:7
id	x	y	end	c
362	105.18	106.88	68	8.61
363	88.59	182.55	69	83.33
364	114.92	86.04	70	20.43
365	66.03	0.12	69	105.5
366	192.49	64.2	68	99.18
367	139.44	2.38	68	105.29
368	169.73	17.55	70	107.98
Drivers: 7
id	x	y	end	sensitivity
371	101.39	29.89	68	0.85
372	178.82	124.76	70	1.38
373	3.91	7.33	70	0.6
374	15.85	190.24	70	0.97
375	162.11	155.07	69	0.5
376	78.64	107.27	68	0.87
377	110.69	108.08	71	1.11
Period: 69
Tasks:4
id	x	y	end	c
369	78.22	62.99	72	42.94
370	138.9	24.73	69	84.73
371	148.43	140.01	69	62.82
372	138	107.96	69	38.82
Drivers: 16
id	x	y	end	sensitivity
378	8.76	30.62	74	0.79
379	74.38	10.85	71	2
380	133.31	97.66	70	1.34
381	184.57	150.28	73	1.63
382	38.85	153.64	71	1.13
383	95	119.86	69	1.56
384	70.54	109.42	71	1.98
385	97.64	86.72	69	1.8
386	185.85	9.35	73	1.3
387	127.86	109.38	69	0.96
388	55.99	92.56	73	1.55
389	150.37	55.41	70	1.06
390	172.21	27.97	71	1.61
391	23.93	50.95	71	1.46
392	3.84	9.23	71	0.98
393	16.43	25.09	72	1.4
Period: 70
Tasks:6
id	x	y	end	c
373	126.1	166.59	72	71.52
374	83.22	100.59	70	16.79
375	89.05	70.49	72	31.48
376	51.98	65.53	71	59.11
377	183.11	192.98	71	124.71
378	165.87	35.03	70	92.52
Drivers: 4
id	x	y	end	sensitivity
394	175.21	172	72	1.23
395	137.6	52.75	70	1.51
396	72.69	130.67	72	0.88
397	163.75	44.46	71	1.93
Period: 71
Tasks:3
id	x	y	end	c
379	118.94	154.45	73	57.65
380	93.8	104.66	71	7.76
381	15.13	135.86	72	92.13
Drivers: 4
id	x	y	end	sensitivity
398	45.16	69.61	71	0.83
399	58.21	35.35	75	1.94
400	181.68	43.44	71	0.65
401	21.38	135.76	74	0.65
Period: 72
Tasks:10
id	x	y	end	c
382	50.65	10.54	73	102.17
383	10.87	104.04	72	89.22
384	101.11	119.97	74	20
385	59.12	18.33	73	91.33
386	144.06	125.68	72	51
387	59.22	81.07	72	44.96
388	171.92	20.12	72	107.49
389	136.98	101.06	72	37
390	129.91	153.63	74	61.41
391	111.37	135.28	72	37.07
Drivers: 4
id	x	y	end	sensitivity
402	178.43	74.95	73	1.92
403	174.62	118.04	76	1.85
404	128.38	96.49	73	0.52
405	130.07	160.03	73	0.71
Period: 73
Tasks:5
id	x	y	end	c
392	191.71	173.09	74	117.27
393	109.06	138.55	73	39.6
394	123.58	101.3	73	23.62
395	187.6	74.91	74	91.12
396	50.52	165.44	75	82.04
Drivers: 6
id	x	y	end	sensitivity
406	97.28	119.93	74	1.92
407	87.31	98.66	74	0.73
408	62.3	143.55	74	1.8
409	60.16	85.2	74	1.34
410	61.95	94.88	75	1.35
411	84.53	138.66	77	1.11
Period: 74
Tasks:4
id	x	y	end	c
397	60.99	92.48	74	39.73
398	100.06	54.02	75	45.98
399	139.93	122.34	74	45.75
400	148.25	88.61	74	49.58
Drivers: 3
id	x	y	end	sensitivity
412	47.05	52.02	76	1.37
413	120.04	78.4	74	0.83
414	6.4	100.13	74	0.58
Period: 75
Tasks:6
id	x	y	end	c
401	58.14	122.85	75	47.69
402	24.79	135	77	82.96
403	26.3	25.97	75	104.46
404	97.81	9.88	76	90.15
405	71.12	190.85	75	95.33
406	133.63	66.54	76	47.44
Drivers: 5
id	x	y	end	sensitivity
415	81.21	175.74	78	1.66
416	137.27	101.31	76	0.66
417	40.99	4.47	77	1.51
418	143.66	120.54	76	1.79
419	55.93	48.65	78	0.91
Period: 76
Tasks:2
id	x	y	end	c
407	89.88	100.09	76	10.12
408	156.34	105.53	78	56.61
Drivers: 0
id	x	y	end	sensitivity
Period: 77
Tasks:7
id	x	y	end	c
409	74.5	103.33	78	25.72
410	50.56	90.05	78	50.43
411	165.34	186.13	79	108.11
412	146.28	138.55	78	60.23
413	88.46	171.49	77	72.42
414	154.57	157.94	79	79.59
415	80.41	175.95	78	78.44
Drivers: 5
id	x	y	end	sensitivity
420	147.3	117.26	80	1.27
421	112.28	49.35	79	0.95
422	194.14	46.69	80	0.72
423	185.56	103.35	80	1.38
424	23.47	38.13	79	1.92
Period: 78
Tasks:7
id	x	y	end	c
416	184.15	146.26	78	96.03
417	192.4	18.72	79	123.06
418	135.2	14.1	78	92.83
419	105.5	124.13	80	24.75
420	5.96	185.87	78	127.35
421	56.6	190.79	79	100.63
422	138.48	143.49	81	58.07
Drivers: 9
id	x	y	end	sensitivity
425	114.63	62.44	80	1.66
426	140.38	15.64	81	1.5
427	140.51	57.1	81	1.14
428	156.21	81.23	79	1.88
429	127.21	21.43	78	1.98
430	78.42	198.01	78	1
431	145.95	94.42	79	1.98
432	105.31	68.22	81	1.42
433	49.01	67.21	79	1.4
Period: 79
Tasks:5
id	x	y	end	c
423	26.63	148.13	80	87.75
424	169.45	82.21	80	71.69
425	116.46	148.88	79	51.58
426	79.32	147.81	79	52.09
427	132.69	21.88	81	84.68
Drivers: 6
id	x	y	end	sensitivity
434	30.09	104.35	81	1.85
435	127.27	84.75	82	1.09
436	78.5	169.18	84	1.18
437	30.64	188.42	80	0.72
438	19.61	105.94	83	1.96
439	122.81	133.1	81	1.6
Period: 80
Tasks:3
id	x	y	end	c
428	170.75	27.59	80	101.24
429	199.65	137.25	81	106.38
430	181.05	157.83	80	99.57
Drivers: 3
id	x	y	end	sensitivity
440	180.37	153.51	82	1.54
441	96.07	143.85	83	0.57
442	21.8	82.62	82	1.74
Period: 81
Tasks:5
id	x	y	end	c
431	153.37	78.01	82	57.72
432	43.94	118.1	82	58.91
433	56.08	62.57	82	57.71
434	76.71	198.86	81	101.57
435	87.72	180.26	81	81.19
Drivers: 7
id	x	y	end	sensitivity
443	86.03	143.72	85	0.73
444	22.36	182.52	81	0.59
445	168.05	27.99	81	0.56
446	19.84	184.12	85	0.81
447	64.73	61.37	86	1.53
448	165.72	37.27	84	0.72
449	81.23	26.83	83	1.02
Period: 82
Tasks:0
id	x	y	end	c
Drivers: 2
id	x	y	end	sensitivity
450	189.64	176.55	84	1.34
451	77.68	115.89	82	1.09
Period: 83
Tasks:5
id	x	y	end	c
436	68.4	20.07	85	85.95
437	104.7	94.12	84	7.53
438	10.49	198.3	83	132.95
439	173.46	191.1	84	117.03
440	84.36	172.6	83	74.27
Drivers: 3
id	x	y	end	sensitivity
452	53.18	20.91	84	1.51
453	89.93	96.75	84	1.38
454	4.81	77.8	87	1.52
Period: 84
Tasks:13
id	x	y	end	c
441	56.08	56.19	87	62.03
442	168.16	59.63	85	79.22
443	46.17	17.28	84	98.69
444	121.73	58.1	84	47.2
445	62.08	156.39	86	67.95
446	186.52	139.69	86	95.19
447	118.75	23.05	85	79.2
448	71.06	196.29	84	100.54
449	36.07	94.71	85	64.15
450	194.89	81.8	85	96.62
451	51.25	87.57	84	50.31
452	171.78	75.56	86	75.83
453	115.73	57.85	86	44.99
Drivers: 4
id	x	y	end	sensitivity
455	1.27	112.5	86	1.07
456	134.37	22.05	85	1.05
457	85.59	120.6	85	1.2
458	31.67	184.35	84	1.86
Period: 85
Tasks:7
id	x	y	end	c
454	12.57	53.11	87	99.21
455	81.09	150.1	85	53.55
456	26.9	145.79	86	86.26
457	66.52	48.98	86	61.02
458	102.86	23.88	85	76.17
459	23.86	129.67	85	81.72
460	104.45	193.3	88	93.41
Drivers: 6
id	x	y	end	sensitivity
459	126.23	156.29	88	1.5
460	82.21	191.5	88	0.72
461	45.63	60.44	85	1.08
462	114.45	125.92	85	1.37
463	89.55	47.43	86	1.68
464	27.73	179.97	87	1.7
Period: 86
Tasks:1
id	x	y	end	c
461	92.96	177.98	88	78.3
Drivers: 3
id	x	y	end	sensitivity
465	143.97	180.37	88	1.44
466	137.07	124.03	88	1.18
467	38.19	18.42	86	1.23
Period: 87
Tasks:2
id	x	y	end	c
462	106.23	18.07	90	82.17
463	50.1	176.6	88	91.42
Drivers: 6
id	x	y	end	sensitivity
468	36.72	123.12	88	0.77
469	156.47	190.51	91	1.91
470	95.67	136.3	89	0.61
471	66.92	176.68	87	0.52
472	104.83	179.66	87	1.84
473	193.68	190.91	87	1.33
Period: 88
Tasks:5
id	x	y	end	c
464	58.2	55.75	90	60.87
465	43.38	86.36	89	58.24
466	163.33	40.8	89	86.69
467	140.03	76.16	89	46.59
468	130.86	85.55	88	34.08
Drivers: 0
id	x	y	end	sensitivity
Period: 89
Tasks:3
id	x	y	end	c
469	4.77	96.39	91	95.3
470	11.34	43.12	89	105.34
471	153.39	183.89	89	99.44
Drivers: 7
id	x	y	end	sensitivity
474	131.05	134.87	91	1.79
475	89.57	74.52	91	1.15
476	188.99	143.21	90	0.57
477	13.44	51.52	91	0.68
478	36.44	93.14	91	0.93
479	59.4	135.91	91	1.46
480	113.47	188.35	90	1.12
Period: 90
Tasks:4
id	x	y	end	c
472	52.34	24.89	91	88.95
473	23.15	146.34	90	89.74
474	111.77	122.74	90	25.61
475	73.48	79.48	92	33.53
Drivers: 4
id	x	y	end	sensitivity
481	154.36	108.83	92	0.99
482	71.27	112.36	95	0.84
483	186.62	129.53	92	1.02
484	17.88	94.02	92	0.95
Period: 91
Tasks:7
id	x	y	end	c
476	181.69	32.96	93	105.68
477	23.9	9.44	92	118.29
478	193.39	14.56	91	126.58
479	194.58	21.45	91	122.95
480	160.1	36.97	92	87.09
481	115.04	57.54	92	45.05
482	95.94	71.51	93	28.78
Drivers: 7
id	x	y	end	sensitivity
485	189.72	128.05	92	1.89
486	163.47	113.53	93	1.14
487	64.45	29.59	95	1.69
488	40.65	41.94	94	1.02
489	65.12	128.63	93	1.94
490	23.65	40.35	93	1.86
491	121.37	186.95	92	1.35
Period: 92
Tasks:1
id	x	y	end	c
483	112.55	131.68	93	34.08
Drivers: 3
id	x	y	end	sensitivity
492	32.89	128.42	94	0.51
493	191.09	45.46	94	0.64
494	166.66	128.26	94	0.8
Period: 93
Tasks:4
id	x	y	end	c
484	38.67	7.54	93	110.95
485	23.35	183.54	93	113.38
486	97.33	4.49	94	95.55
487	196.54	100.01	93	96.54
Drivers: 8
id	x	y	end	sensitivity
495	197.31	99.9	96	1.84
496	25.69	83.12	93	0.89
497	88.53	197.13	95	0.6
498	143.79	18.94	95	1.78
499	25.2	9.9	95	1.65
500	0.11	187.85	94	0.58
501	156.87	71.64	98	0.73
502	91.15	138.25	94	0.64
Period: 94
Tasks:3
id	x	y	end	c
488	126.89	84.29	94	31.14
489	92.5	160.09	94	60.56
490	58.61	119.5	96	45.75
Drivers: 3
id	x	y	end	sensitivity
503	16.18	51.7	98	1.22
504	94.22	103.9	94	1.16
505	50.62	94.11	96	1.17
Period: 95
Tasks:5
id	x	y	end	c
491	53.65	93.62	95	46.79
492	115.03	82.55	96	23.03
493	162.81	39.53	99	87.19
494	30.15	2.33	97	120.08
495	196.11	87.75	96	96.89
Drivers: 2
id	x	y	end	sensitivity
506	49.19	162.36	99	1.19
507	165.73	14.22	95	1.7
Period: 96
Tasks:4
id	x	y	end	c
496	7.59	47.42	96	106.32
497	150.55	157.18	96	76.32
498	198.22	178.78	97	125.91
499	29.01	174.93	97	103.22
Drivers: 2
id	x	y	end	sensitivity
508	169.66	67.27	99	1.86
509	51.93	196.35	98	1.49
Period: 97
Tasks:3
id	x	y	end	c
500	175.84	73.75	97	80.25
501	198.89	56.32	97	108.11
502	81.55	15.89	99	86.11
Drivers: 5
id	x	y	end	sensitivity
510	63.73	129.09	100	1.8
511	163.16	102.4	98	1.58
512	146.23	176.81	99	0.72
513	178.86	115.29	100	1.92
514	152.47	155.8	100	0.78
Period: 98
Tasks:7
id	x	y	end	c
503	159.95	95.5	99	60.12
504	135.62	81.73	100	40.03
505	126.97	196.51	98	100.21
506	109.99	1.68	101	98.83
507	29.9	117.64	99	72.29
508	128.53	131.57	98	42.55
509	6.55	160.51	99	111.33
Drivers: 5
id	x	y	end	sensitivity
515	186.19	20.47	102	1.47
516	123.63	168.94	98	1.88
517	121.47	115.9	102	1.54
518	85.63	108.08	99	1.49
519	21.49	164.91	99	1.17
Period: 99
Tasks:3
id	x	y	end	c
510	137.66	121.9	100	43.56
511	165.82	132.41	100	73.37
512	102.35	22.99	100	77.05
Drivers: 5
id	x	y	end	sensitivity
520	40.3	134.09	101	0.77
521	120.45	137.37	99	0.62
522	181.39	76.51	99	1.71
523	149.31	73.11	100	1.95
524	156.78	144.51	102	1.4
Period: 100
Tasks:8
id	x	y	end	c
513	65.23	95.8	101	35.02
514	110.59	105.01	100	11.72
515	173.7	7.02	103	118.65
516	103.06	20.71	101	79.35
517	111.58	58.05	101	43.52
518	165.25	47.22	100	83.92
519	198.45	53.63	100	108.82
520	120.51	159.24	100	62.69
Drivers: 2
id	x	y	end	sensitivity
525	52.86	119.93	103	1.66
526	150.75	152.59	104	1.37
