Periods: 100
Task Arrival Rate: 5
Task Average Time: 3
Driver Arrival Rate: 15
Driver Average Time: 2
Period: 1
Tasks:5
id	x	y	end	c
1	184.47	49.63	6	98.35
2	72.35	163.32	4	69.09
3	55.57	186.74	3	97.46
4	51.12	137.09	5	61.36
5	6.04	21.07	4	122.71
Drivers: 13
id	x	y	end	sensitivity
1	23.67	170.25	4	1.69
2	16.79	0.55	5	0.93
3	16.29	189.78	2	1.71
4	88.22	84.28	2	0.51
5	46.44	74.7	2	0.78
6	163.15	62.23	2	1.77
7	68.83	76.93	1	1.16
8	7.81	156.39	3	1.41
9	3.48	196.4	5	1.72
10	181.35	68.03	1	1.55
11	104.64	79.28	4	1.42
12	11.11	116.22	5	0.85
13	7.94	98.6	4	1.79
Period: 2
Tasks:5
id	x	y	end	c
6	192.86	30.91	4	115.74
7	198.56	90.27	11	99.04
8	34.37	163.04	5	91
9	1.31	181.31	5	127.87
10	53.64	69.91	6	55.27
Drivers: 7
id	x	y	end	sensitivity
14	140.46	192.01	5	1.74
15	79.56	26.98	5	0.86
16	82.8	92.38	6	0.58
17	121.48	89.17	3	0.71
18	69.1	129.45	5	0.88
19	139.92	119.62	2	1.84
20	3.17	34.79	4	1.49
Period: 3
Tasks:7
id	x	y	end	c
11	18.1	129.32	5	86.99
12	82.64	80.25	7	26.3
13	127.09	6.54	8	97.31
14	190.94	33.44	8	112.7
15	121.35	161.71	7	65.3
16	189.25	3.57	5	131.39
17	30.92	178.75	5	104.75
Drivers: 16
id	x	y	end	sensitivity
21	131.16	71.25	7	1.77
22	127.74	63.2	5	1.06
23	80.45	188.43	5	1.14
24	57.7	20.87	4	1.7
25	173.03	101.12	5	1.63
26	183.12	4.25	4	0.87
27	66.25	48.66	3	0.56
28	50.52	106.79	3	1.36
29	191.15	155.77	7	1.36
30	14.18	126.95	6	1.94
31	51.22	101.02	5	1.69
32	101.66	103.68	3	1.25
33	131.65	115.16	8	1.79
34	71.03	1.07	4	1.87
35	115.89	81.86	5	1.36
36	73.4	105.45	6	1.75
Period: 4
Tasks:12
id	x	y	end	c
18	176.73	72.48	5	81.52
19	148.06	12.52	9	99.81
20	149.98	116.16	7	52.53
21	149.24	151.46	7	71.22
22	68.03	103.33	9	32.14
23	174.23	169.52	7	101.7
24	60.8	61.18	7	55.17
25	24.39	134.75	6	83.21
26	139.96	28.6	5	81.82
27	174.47	93.76	7	74.73
28	8.75	54.13	6	102.13
29	195.39	121.27	6	97.73
Drivers: 12
id	x	y	end	sensitivity
37	188.18	60.37	5	1.73
38	75.8	81.38	4	1.96
39	24.62	100.49	6	1.83
40	73.86	86.67	8	1.21
41	124.21	52.19	4	0.77
42	101.35	152.95	7	0.69
43	36.55	8.03	7	1.58
44	163.61	147.73	7	1.68
45	50.35	76.69	4	1.9
46	139.68	167.95	6	0.81
47	82.36	79.12	8	1.73
48	156.03	128.2	5	1.45
Period: 5
Tasks:6
id	x	y	end	c
30	158.56	88.57	12	59.67
31	72.92	137.38	8	46.16
32	4.1	56.32	7	105.38
33	109.54	115.88	9	18.53
34	134.3	16.95	8	89.85
35	199.27	98.67	7	99.28
Drivers: 11
id	x	y	end	sensitivity
49	97.74	43.64	6	1.86
50	115.67	87.5	6	0.57
51	188.49	103.72	7	0.87
52	167.28	93.72	6	1.72
53	107.62	109.63	8	1.08
54	76.91	169.27	7	1.11
55	136.73	50.22	7	1.43
56	157.81	68.14	8	1.16
57	147.72	163.44	5	0.84
58	8.72	21.89	7	1.4
59	85.17	25.83	9	0.69
Period: 6
Tasks:7
id	x	y	end	c
36	80.85	139.81	8	44.18
37	119.81	43.7	11	59.68
38	123.9	1.39	6	101.46
39	2.11	113.3	8	98.79
40	6.15	41.36	10	110.66
41	34.64	155.27	9	85.6
42	121.43	108.08	7	22.9
Drivers: 18
id	x	y	end	sensitivity
60	98.69	81.98	7	1.01
61	172.67	155.09	11	1.65
62	180.43	35.37	7	1.33
63	79.23	158.17	8	1.15
64	63.47	164.23	7	1.08
65	108.26	158	8	1.54
66	123.69	101.27	10	1.39
67	48.36	57.45	9	1.87
68	7.69	114.72	7	0.72
69	7.48	177.76	6	1.93
70	191.18	98.15	9	1.51
71	108	52.71	9	1.26
72	114.06	77.34	7	1.23
73	188.47	115.15	9	1.63
74	108.57	5	8	1.38
75	125.35	64.55	7	0.78
76	183.32	140.72	7	1.71
77	137.98	170.02	8	1.48
Period: 7
Tasks:2
id	x	y	end	c
43	117	175.49	9	77.38
44	165.08	61.56	7	75.58
Drivers: 15
id	x	y	end	sensitivity
78	18.83	40.41	8	0.9
79	47.43	21.26	7	0.54
80	47.36	185.64	8	1.11
81	180.01	143.29	9	1.18
82	53.26	91.93	11	1.83
83	133	58.82	9	0.97
84	61.05	38.01	8	0.73
85	147.1	67.68	11	1.99
86	107.38	55.46	11	1.21
87	175.25	97.78	9	0.88
88	54.44	3.95	8	0.93
89	120.42	157.42	8	0.78
90	37.24	75.94	9	1.32
91	116.11	103.86	9	1.7
92	134.63	180.88	7	1.72
Period: 8
Tasks:8
id	x	y	end	c
45	36.86	120.25	10	66.31
46	125.12	87.11	12	28.23
47	46.72	85.36	9	55.25
48	126.69	120.55	13	33.68
49	41.23	116.64	11	61.08
50	126.18	118.28	14	31.93
51	157.8	51.81	11	75.25
52	128.28	14.6	14	89.96
Drivers: 14
id	x	y	end	sensitivity
93	17	25.63	9	1.03
94	197.5	28.75	13	1.95
95	110.89	179.15	12	0.81
96	81	83.18	8	0.74
97	170.7	161.55	9	1.8
98	110.9	141.92	8	1.64
99	81.38	0.33	9	0.55
100	4	13	8	0.51
101	162.14	61	10	1.3
102	108.35	54.22	13	0.77
103	47.67	195.41	10	1.46
104	124.66	53.49	10	1.97
105	159.61	188.01	9	0.83
106	133.77	158.64	10	0.58
Period: 9
Tasks:7
id	x	y	end	c
53	195.26	128.14	15	99.33
54	126.76	177.38	11	81.88
55	148.42	43.25	12	74.6
56	75.99	42.14	11	62.64
57	60.7	82.47	11	43.03
58	60.12	173.32	13	83.46
59	188.25	137.48	14	95.88
Drivers: 12
id	x	y	end	sensitivity
107	180.84	153.49	10	0.86
108	158.83	158.4	13	1.86
109	83.58	164.83	12	1.27
110	135.17	186.33	12	0.63
111	10.21	156.75	11	1.78
112	23.27	50.28	11	1.62
113	100.56	93	12	0.91
114	53.1	39.55	10	1.02
115	25.56	21.7	10	1.96
116	104.46	154.65	11	0.95
117	41.56	145.38	10	1.86
118	173.75	77.06	11	0.52
Period: 10
Tasks:4
id	x	y	end	c
60	10.43	190.52	10	127.34
61	39.7	24.51	12	96.62
62	199.77	109.49	12	100.22
63	136.97	186.51	12	94.08
Drivers: 18
id	x	y	end	sensitivity
119	38.87	153	13	0.86
120	121.95	107.7	11	0.68
121	171.74	28.72	13	1
122	171.66	115.85	11	0.76
123	96.01	103.58	14	1.16
124	72.28	23.42	11	1.45
125	179.84	178.68	12	1.44
126	112	134.28	13	1.86
127	25.2	104.65	12	1.4
128	177.7	44.67	10	0.74
129	57.04	70.04	11	0.8
130	83.17	19.66	10	1.01
131	46.35	9.92	15	0.56
132	162.03	44.99	12	1.75
133	122.81	32.47	11	1.72
134	30.01	97.09	12	1.96
135	3.27	62.26	13	1.75
136	115.35	156.5	12	1.37
Period: 11
Tasks:3
id	x	y	end	c
64	14.48	163.04	13	106.24
65	173.74	160.62	17	95.46
66	129.46	107.31	12	30.35
Drivers: 17
id	x	y	end	sensitivity
137	118.23	71.46	12	1.87
138	167.97	127.76	11	0.73
139	183.89	95.63	14	0.89
140	48.91	90.83	12	1.6
141	73.07	37.36	12	0.67
142	56.03	125.99	14	1.08
143	29.43	79	13	1.26
144	65.37	5.43	14	1.43
145	23.78	140.99	11	0.95
146	95.36	105.7	14	0.92
147	108.91	127.87	13	1.39
148	137.15	28.68	15	1.17
149	71.28	85.85	12	0.9
150	74.22	3.56	14	1.24
151	25.75	27.87	16	0.58
152	141.78	56.82	14	1.26
153	39.44	167.42	12	1.55
Period: 12
Tasks:3
id	x	y	end	c
67	113.48	145.29	16	47.25
68	58.61	108.14	16	42.18
69	74.83	186.44	16	90.03
Drivers: 17
id	x	y	end	sensitivity
154	103.62	119.59	12	0.66
155	85.59	4.64	12	1.98
156	15.07	96.96	16	1.13
157	50.86	111.31	12	1.62
158	140.76	63.8	16	0.56
159	46.87	21.31	16	0.77
160	60.93	132.51	12	1.07
161	46.88	89.94	13	1.77
162	173.66	132.43	17	0.78
163	180.08	188.97	13	1.02
164	169.34	71.29	12	0.61
165	58.14	167.97	13	0.74
166	4.21	111.56	14	1.6
167	199.24	27.03	14	1.43
168	4.57	165.78	14	0.92
169	3.39	21.21	14	0.56
170	47.96	72.28	13	1
Period: 13
Tasks:4
id	x	y	end	c
70	44.87	10.09	17	105.47
71	105.82	14.83	15	85.37
72	189.76	81.44	17	91.66
73	69.77	37.02	20	69.86
Drivers: 14
id	x	y	end	sensitivity
171	117.04	62.44	15	0.57
172	80.14	140.25	16	0.62
173	152.15	41.87	16	0.91
174	196.05	180.77	18	1.97
175	169.55	185.61	16	1.66
176	172.36	99.55	15	0.53
177	65.56	39.44	13	1.2
178	185.01	126.63	14	0.67
179	131.81	122.37	15	1.53
180	108.38	160.19	16	1.95
181	131.68	48.75	15	0.94
182	151.66	54.71	15	1.05
183	195.61	47.89	14	1.19
184	73.85	187.79	13	1.51
Period: 14
Tasks:6
id	x	y	end	c
74	57.13	147.18	18	63.75
75	147.94	40.87	14	76.12
76	76.77	175.21	19	78.72
77	125.25	167.12	16	71.71
78	78.08	94.43	17	22.62
79	15.27	6.78	15	125.97
Drivers: 10
id	x	y	end	sensitivity
185	29.66	162.94	16	1.88
186	30.4	73.32	16	1.09
187	131.18	7.5	15	0.76
188	97.65	188.52	16	0.88
189	48.09	173.48	17	1.66
190	72.34	45.2	16	1.99
191	4.14	176.36	17	1.5
192	12.6	122.36	16	1.97
193	189.69	23.11	16	1.3
194	186.35	134.27	15	1.29
Period: 15
Tasks:4
id	x	y	end	c
80	112.62	150.19	20	51.75
81	128.41	119.86	20	34.66
82	187.59	19.02	20	119.29
83	114.57	185.83	17	87.06
Drivers: 17
id	x	y	end	sensitivity
195	97.96	38.82	17	1.41
196	8.62	42.92	17	1.22
197	99.35	58.94	15	1.84
198	70.89	73.49	19	1.95
199	24.95	55.58	17	1.15
200	40.55	16.26	16	1.07
201	24.29	80.79	17	0.85
202	196.39	177.63	16	0.62
203	110.71	141.9	17	0.94
204	143.87	167.01	17	0.93
205	1.08	160.9	18	0.93
206	86.72	94.87	19	1.52
207	144.84	54.2	18	1.42
208	131.96	100.95	15	0.93
209	137.26	49.63	16	1.84
210	89.49	128.33	16	0.8
211	148.93	5.56	17	1
Period: 16
Tasks:6
id	x	y	end	c
84	195.5	22.71	20	122.86
85	102.67	35.65	18	64.41
86	174.53	97.19	18	74.58
87	147.53	149.71	19	68.78
88	47.34	28.21	19	89.03
89	132.42	102.46	20	32.51
Drivers: 15
id	x	y	end	sensitivity
212	139.49	153.5	17	1.93
213	130.46	99.46	19	1.34
214	163.85	71.93	17	0.79
215	52.74	170	18	1.29
216	195.12	178.74	18	1.55
217	119.6	192.84	18	0.89
218	133.6	135.86	16	1.83
219	90.69	64.91	18	0.72
220	89.43	193.38	18	1.16
221	190.31	94.91	17	1.81
222	173.27	148.91	17	0.96
223	156.94	125.56	18	0.88
224	104.48	185.72	17	1.72
225	15.37	114.52	20	1.3
226	135.78	63.11	17	1.96
Period: 17
Tasks:4
id	x	y	end	c
90	156.82	27.83	19	91.85
91	146.3	145.94	23	65.22
92	19.02	126.87	20	85.32
93	173.92	150.82	19	89.7
Drivers: 13
id	x	y	end	sensitivity
227	144.05	60.39	19	1.7
228	92.17	81.17	18	1.19
229	131.31	83.92	19	1.77
230	47.78	163.59	17	1.77
231	75.33	142.32	19	0.52
232	166.13	95.28	23	0.87
233	131.46	60.49	20	1.94
234	197.12	101.13	20	1
235	98.71	53.61	18	1.4
236	35.33	122.75	21	0.9
237	146.38	12.28	21	1.42
238	89.58	154.13	18	1.46
239	16.06	84.67	18	1.11
Period: 18
Tasks:5
id	x	y	end	c
94	78.9	109.8	21	23.26
95	32.89	65.18	22	75.61
96	113.09	85.66	19	19.42
97	133.72	120.42	22	39.42
98	157.58	39.91	23	83.22
Drivers: 14
id	x	y	end	sensitivity
240	38.61	176.85	22	1.5
241	84.29	73.05	18	1.22
242	59.82	195.45	20	0.61
243	27.43	41.05	19	0.67
244	75.1	187.96	20	1.93
245	123.23	57.61	19	1.93
246	17.62	58.89	20	1.24
247	71.03	151.28	18	0.65
248	27.06	14.27	19	1.16
249	3.73	77.96	19	1.37
250	41.95	164.95	20	0.58
251	5.57	164.91	19	0.75
252	170.96	136	20	0.72
253	12.19	83.72	20	1.88
Period: 19
Tasks:2
id	x	y	end	c
99	54.63	165.91	23	80.02
100	125.84	156.61	24	62.23
Drivers: 14
id	x	y	end	sensitivity
254	11.87	74.29	23	1.12
255	85.27	87.73	22	1.64
256	68.89	130.97	20	0.83
257	69.38	192.47	23	0.63
258	74.3	22.67	21	1
259	194.21	27.53	20	1.37
260	65.02	18.91	22	1.15
261	46.53	54.01	24	1.19
262	128.67	76.87	21	1.8
263	109.75	99.65	21	1.2
264	159.13	36.4	19	1.62
265	98.93	176.15	22	0.52
266	12.93	42.56	23	1.02
267	20.75	141.23	20	1.64
Period: 20
Tasks:8
id	x	y	end	c
101	146.89	75.65	25	52.84
102	93.08	55.72	26	44.82
103	171.63	95.16	29	71.79
104	80.64	63.68	22	41.16
105	52.78	46.42	24	71.42
106	120.93	180.11	23	82.8
107	165.65	8.61	21	112.53
108	53.63	3.85	22	106.75
Drivers: 17
id	x	y	end	sensitivity
268	170.54	112.83	22	0.77
269	191.39	107.66	20	0.7
270	44.74	23.97	22	0.82
271	151.83	103.45	22	1.29
272	114.08	132.24	21	1.27
273	52.21	143.29	22	0.82
274	194.06	128.98	23	1.88
275	135.52	126.01	21	1.94
276	148.72	53.16	22	1.92
277	78.96	72	23	1.46
278	141.4	107.28	23	1.61
279	86.57	170.02	24	1.88
280	2.13	159.29	20	1.35
281	44.95	175.39	20	1.06
282	6.82	152.28	20	1.19
283	18.23	191.67	21	1.42
284	12.55	8.31	23	1.75
Period: 21
Tasks:3
id	x	y	end	c
109	54.15	122.91	25	51.26
110	58.67	33.99	25	77.88
111	150.11	190.91	25	103.81
Drivers: 18
id	x	y	end	sensitivity
285	0.33	99.92	24	1.97
286	41.52	39.48	22	1.69
287	79.38	143.53	21	0.9
288	158.82	153.88	22	1.56
289	135.12	132.73	23	1.02
290	98.92	1.32	24	1.92
291	117.32	87.76	23	1.51
292	57.12	48.47	22	1.55
293	91.2	138.59	22	0.82
294	100.17	23.79	23	0.74
295	50.62	45.56	23	1.22
296	10.16	105.5	24	0.53
297	34.39	94.08	23	1.27
298	161.25	106.88	21	1.96
299	47.07	70.98	23	1.73
300	177.37	142.22	23	0.56
301	19.84	187.1	24	0.57
302	32.92	123.24	22	0.83
Period: 22
Tasks:3
id	x	y	end	c
112	177.13	195.94	24	123.1
113	23.94	164.55	26	99.76
114	20.41	171.7	24	107.12
Drivers: 17
id	x	y	end	sensitivity
303	131.06	68.13	24	1.29
304	88.94	64.19	23	0.66
305	113.51	12.69	23	0.92
306	3.1	57.81	22	1.99
307	18.24	20.62	25	1.52
308	135.48	115.24	23	1.8
309	174.61	112.71	29	1.33
310	125.68	157.85	24	0.56
311	122.43	54.51	23	1.53
312	112.05	134.8	24	0.66
313	141.56	176.15	25	1.94
314	173.51	138.26	26	0.6
315	108.51	130.67	24	0.93
316	8.62	132.55	23	1.73
317	13.5	29.14	27	1.66
318	144.73	83.84	24	1.52
319	63.31	124.88	23	0.83
Period: 23
Tasks:3
id	x	y	end	c
115	61.09	66.76	28	51.18
116	64.5	58.43	29	54.67
117	134.71	54.53	30	57.2
Drivers: 19
id	x	y	end	sensitivity
320	160.62	101.58	23	0.55
321	184.14	191.19	24	0.96
322	117.17	23.08	26	0.9
323	128.63	132.18	25	1.96
324	160.99	128.61	23	0.63
325	7.59	192.24	28	0.52
326	174.28	139.4	23	0.88
327	102.84	22.17	24	0.82
328	119.3	53.82	27	1.04
329	179.34	92.18	25	1.02
330	135.58	28.52	25	1.01
331	178.45	103.32	27	0.63
332	124.97	85.74	24	1.9
333	179.35	143.73	24	1.24
334	190	90.77	23	1.17
335	113.21	28.42	26	1.62
336	70.73	68.12	23	0.67
337	84.23	23.87	26	0.76
338	80.36	168.18	24	1.54
Period: 24
Tasks:6
id	x	y	end	c
118	46.42	55.86	28	69.42
119	39.43	14.57	27	104.72
120	90	177.69	27	78.33
121	76.29	7.9	29	95.1
122	144.04	138.87	30	58.74
123	97.55	73.44	34	26.67
Drivers: 13
id	x	y	end	sensitivity
339	13.05	9.92	25	1.58
340	50.92	44.27	25	0.65
341	141.08	192.53	26	1.66
342	179.29	7.93	27	1.02
343	100.15	83.3	25	1.72
344	155.92	100.82	26	1.64
345	17.46	30.39	27	0.92
346	170.74	29.75	25	1.84
347	38.54	142.19	27	1.85
348	107.78	47.6	26	1.76
349	61.66	168.43	27	0.99
350	63.37	151.18	25	1.45
351	168.95	95.29	27	0.6
Period: 25
Tasks:8
id	x	y	end	c
124	142.92	151.03	26	66.68
125	125.75	140.39	28	47.9
126	108.28	163.44	28	63.98
127	103.59	53.14	27	47
128	133.83	77.5	25	40.63
129	99.72	181.48	31	81.48
130	161.68	115.38	26	63.57
131	45.47	83.63	26	56.93
Drivers: 14
id	x	y	end	sensitivity
352	11.68	78.83	28	0.53
353	15.45	116.97	26	1.91
354	97.9	178.98	27	1.82
355	137.26	86.58	25	0.88
356	103.23	87.41	26	1.68
357	124.95	127.56	26	1.65
358	190.75	111.28	25	0.99
359	150.72	1.95	26	0.63
360	62.91	70.92	26	1.76
361	18.48	75.06	26	1.82
362	54.18	79.34	28	1.1
363	92.36	58.75	26	0.55
364	154.81	197.92	29	0.82
365	123.93	189.97	26	1.84
Period: 26
Tasks:9
id	x	y	end	c
132	157.33	97.48	29	57.39
133	146.81	31.86	34	82.67
134	86.06	78.45	29	25.67
135	123.51	66.79	28	40.69
136	60.63	34.34	28	76.56
137	32.49	54.55	27	81.38
138	171.53	176.12	31	104.45
139	102.12	65.96	28	34.11
140	8.78	100.01	28	91.22
Drivers: 11
id	x	y	end	sensitivity
366	67.32	110.92	30	1.34
367	134.37	125.46	26	1.96
368	141.2	110.73	30	1.84
369	26	196.58	28	0.68
370	55.84	166.16	28	1.77
371	74.51	12.02	27	1.48
372	195.87	140.21	28	1.43
373	84.71	160.74	28	1.96
374	177.43	19.93	26	1.04
375	44.22	199.07	27	1.59
376	71.88	182.31	30	1.33
Period: 27
Tasks:6
id	x	y	end	c
141	95.75	127.84	31	28.16
142	149.15	180.65	32	94.45
143	88.1	106.53	30	13.57
144	62.59	16.16	33	91.81
145	27.36	184.42	29	111.37
146	106.64	161.3	32	61.66
Drivers: 13
id	x	y	end	sensitivity
377	2.53	18.78	27	0.78
378	195.31	196.05	28	0.79
379	64.75	28.69	30	0.69
380	159.93	48.16	29	0.97
381	156.44	18.28	29	0.92
382	11.13	29.28	29	1.11
383	158.13	147.94	29	0.58
384	195.79	190.42	28	1.71
385	151.6	149.44	29	1.14
386	190.8	179.38	29	0.79
387	146.41	138.72	29	1.4
388	18.52	38.74	32	1.69
389	39.9	138.26	32	1.72
Period: 28
Tasks:3
id	x	y	end	c
147	129.88	29.15	30	76.89
148	41.39	130.95	30	66.28
149	94.12	6.96	29	93.23
Drivers: 14
id	x	y	end	sensitivity
390	135.11	12.62	30	1.1
391	177.51	137.64	30	1.21
392	86.43	174.84	33	1.89
393	194.87	115.51	30	1.19
394	116.04	134.82	31	0.71
395	148.3	63.39	30	1.29
396	193.57	33.77	30	1.96
397	65.77	4.11	28	0.98
398	137.17	35.27	29	1.07
399	101.3	56.4	29	1.14
400	15.37	115.95	30	1.43
401	52.65	94.48	32	1.22
402	136.86	8.19	28	1.17
403	90.61	75.47	29	0.82
Period: 29
Tasks:4
id	x	y	end	c
150	10.22	38.98	30	108.55
151	20.65	46.69	35	95.59
152	2.73	39.73	33	114.43
153	129.89	19	30	86.34
Drivers: 10
id	x	y	end	sensitivity
404	198.16	90.74	29	1.68
405	59.93	1.01	32	1.15
406	97.99	113.94	30	0.78
407	34.64	125.75	29	0.8
408	66.75	65.81	30	1.38
409	117.8	13.5	32	0.89
410	130.56	20.67	29	1.12
411	56.81	123.77	30	0.62
412	175.74	136.2	31	1.07
413	6.86	147.11	31	0.99
Period: 30
Tasks:5
id	x	y	end	c
154	92.23	13.87	36	86.48
155	8.31	156.68	34	107.79
156	101.31	181.81	32	81.82
157	126.79	86.71	36	29.91
158	37.19	80.36	33	65.81
Drivers: 12
id	x	y	end	sensitivity
414	52.47	43.67	31	1.95
415	182.24	31.44	32	1.08
416	97.14	117.24	31	1.32
417	148.58	113.54	32	0.51
418	101	67.22	31	1.76
419	92.59	171.55	32	0.59
420	31.87	198.91	33	1.38
421	22.12	188.04	31	0.79
422	49.2	43.61	32	1.96
423	30.2	143.26	30	1.75
424	156.02	48.55	32	1.27
425	149.85	103.44	33	0.76
Period: 31
Tasks:3
id	x	y	end	c
159	70.2	133.9	35	45.14
160	40.16	89.99	31	60.67
161	144.13	62.31	34	58.03
Drivers: 17
id	x	y	end	sensitivity
426	17.77	55.22	31	0.74
427	54.12	11.88	32	1.42
428	3.69	123.63	34	1.11
429	155.92	16.28	33	0.63
430	112.1	99.4	33	1.79
431	136.21	150.8	34	0.68
432	59.15	64.63	34	0.59
433	12.16	7.13	35	0.67
434	182.99	34.14	31	0.72
435	80.56	147.15	34	1.45
436	5.33	197.75	32	1.51
437	35.87	101.61	35	1.78
438	198.82	176.18	31	0.96
439	172.76	96.65	34	1.65
440	184.68	71.71	33	1.95
441	157.25	25.12	33	1.42
442	135.76	120.26	33	1.42
Period: 32
Tasks:8
id	x	y	end	c
162	49.16	142	35	65.94
163	195.4	24.06	36	121.93
164	58.05	30.08	35	81.54
165	125.77	95.94	34	26.09
166	133.29	29.51	33	77.96
167	199.04	26.66	32	123.24
168	191.57	177.56	34	120
169	41.61	148.3	35	75.78
Drivers: 12
id	x	y	end	sensitivity
443	53.96	101.02	36	1.63
444	55.65	106.37	36	1.16
445	123.18	3.82	36	0.88
446	128.17	174.17	35	0.98
447	126.19	27.83	33	0.82
448	155.94	17.51	33	0.85
449	12.56	123.17	34	1.2
450	111.79	105.14	33	1.07
451	110.45	112.51	36	0.54
452	93.97	105.61	32	1.75
453	56.11	193.73	32	1.27
454	122.63	64.32	35	0.58
Period: 33
Tasks:3
id	x	y	end	c
170	81.46	92.41	37	20.03
171	78.04	34.92	35	68.69
172	48.44	34.43	37	83.41
Drivers: 15
id	x	y	end	sensitivity
455	181.81	104.22	36	1.02
456	136.05	53.33	35	0.95
457	88.72	33.25	36	0.57
458	163.63	78.54	34	1.27
459	166.23	21.41	36	1.96
460	93.14	0.9	33	1.5
461	168.72	181.79	35	1.97
462	120.3	32.87	34	1.05
463	120.39	113.42	33	1.48
464	186.93	59.1	34	0.87
465	84.16	4.66	33	1.99
466	152.23	26.43	35	1.96
467	137.68	71.46	37	1.26
468	62.04	0.66	35	1.8
469	166.33	104.86	34	1.49
Period: 34
Tasks:6
id	x	y	end	c
173	85.38	14.26	38	86.98
174	88.73	136.74	38	38.43
175	188.06	37.27	36	108.12
176	144.34	135.25	37	56.64
177	87.11	21.85	37	79.21
178	119.83	136.55	35	41.58
Drivers: 8
id	x	y	end	sensitivity
470	67.16	103.79	36	1.66
471	187.56	12.67	35	0.64
472	91.32	42.57	34	1.46
473	196.92	149.5	37	1.65
474	3.92	8.5	36	1.99
475	20.93	27.67	37	1.13
476	179.65	122.38	38	1.04
477	178.5	114.59	38	1.49
Period: 35
Tasks:6
id	x	y	end	c
179	76.31	195.49	37	98.38
180	40.88	55.44	39	74.03
181	170.4	65.68	36	78.32
182	142.27	95.07	39	42.56
183	123.9	191.83	39	94.89
184	167.32	162.81	38	92.07
Drivers: 13
id	x	y	end	sensitivity
478	100.71	14.33	36	0.89
479	166.18	12.63	36	1.66
480	199.46	153.79	39	1.92
481	9.77	88.93	36	0.84
482	176.06	28.83	36	1.82
483	87.03	105.59	38	0.97
484	107.55	1.11	36	1.21
485	120.72	62.64	37	0.94
486	134.41	55.94	37	1.43
487	36.59	44.86	36	1.86
488	75.35	143.08	36	1.2
489	121.32	149.59	36	1.33
490	166.7	162.97	37	1.47
Period: 36
Tasks:5
id	x	y	end	c
185	190.76	143.61	42	100.69
186	30.67	146.97	39	83.74
187	193.53	36.16	38	113.24
188	21.69	147.19	37	91.43
189	160.52	144.75	39	75.27
Drivers: 13
id	x	y	end	sensitivity
491	54.38	101.25	36	1.24
492	143.73	160.95	37	0.93
493	40.04	135.59	38	0.8
494	187.37	30.69	37	1.08
495	104.1	8.26	38	1.48
496	185.8	176.61	42	1.26
497	162.22	101.79	37	0.88
498	60.87	36.39	38	1.95
499	94.98	16.33	39	0.8
500	132.72	53.34	37	1.22
501	16.25	159.11	40	0.56
502	153.97	3.83	38	0.79
503	143.07	187.52	40	0.76
Period: 37
Tasks:5
id	x	y	end	c
190	22.78	114.77	43	78.62
191	125.55	14.6	40	89.14
192	126.1	84.51	41	30.35
193	17.78	64.96	41	89.38
194	150.8	144.94	38	67.83
Drivers: 14
id	x	y	end	sensitivity
504	84.53	127.73	39	1.51
505	34.95	143.92	40	1.11
506	188.61	74.94	38	1.33
507	48.79	0.3	42	0.77
508	46.24	154.94	41	1.81
509	183.1	135.74	40	1.19
510	122.05	26.54	37	0.71
511	47.68	39.39	37	1.42
512	44.04	50.24	39	0.91
513	21.2	49.62	39	0.96
514	20.2	129.69	39	1.13
515	162.36	36.64	39	0.7
516	31.79	26.97	38	1.17
517	70.67	166.7	42	0.72
Period: 38
Tasks:7
id	x	y	end	c
195	70.49	80.84	44	35.18
196	199.15	140.11	38	106.96
197	108.39	193.07	45	93.45
198	152.87	117.21	42	55.6
199	1.92	113.45	39	99
200	6.3	124.16	40	96.76
201	163.1	11.59	40	108.62
Drivers: 15
id	x	y	end	sensitivity
518	152.8	23.52	39	1.96
519	117.14	145.99	41	1.55
520	53.49	54.19	41	0.77
521	0.23	103.94	42	0.66
522	19.18	142.14	38	1.84
523	164.94	168.17	38	0.57
524	16.91	46.22	38	1.29
525	82.16	108.35	40	0.65
526	71.49	34.3	40	1.74
527	162.96	51.62	39	0.98
528	112.52	11.23	39	1.83
529	21.38	28.37	38	1.97
530	171.82	139.56	42	1.21
531	193.21	24.33	40	1.74
532	65.78	33.66	39	0.57
Period: 39
Tasks:5
id	x	y	end	c
202	120.99	71.25	40	35.6
203	183.88	69.61	42	89.22
204	77.49	134.17	40	40.92
205	75.32	160.17	41	65.03
206	197.71	182.15	40	127.66
Drivers: 14
id	x	y	end	sensitivity
533	48.87	34.16	40	1.97
534	41.24	197.81	39	1.55
535	20.25	4.29	43	1.15
536	104.56	33.9	40	1.01
537	144.22	28.9	40	1.74
538	171.65	121.87	40	0.86
539	176.08	115.44	41	0.79
540	73.15	96.75	40	0.93
541	57.2	166.41	39	0.59
542	82.14	74.98	39	1.9
543	127.28	147.36	41	1.11
544	118.88	198.02	40	1.83
545	148.12	75.4	44	1.16
546	15.17	140.89	39	1.62
Period: 40
Tasks:5
id	x	y	end	c
207	151.15	60.12	44	64.86
208	196.94	73.48	42	100.5
209	40.93	129.99	44	66.25
210	98.54	183.1	44	83.11
211	130.15	89.08	43	32.07
Drivers: 15
id	x	y	end	sensitivity
547	36.43	28.36	40	0.76
548	46.37	44.12	41	0.57
549	145.64	120.23	43	1.48
550	180.99	138.8	40	1.15
551	165.09	58.97	43	1.92
552	34.97	104.17	41	1.58
553	196.47	77.49	42	1.33
554	82.64	55.8	42	1.62
555	21.75	162.96	40	1.48
556	59.12	150.52	42	1.43
557	25.31	2.8	40	1.56
558	177.83	133.85	44	0.67
559	43.52	29.37	43	0.87
560	190	154.17	44	0.84
561	110.36	27.36	41	1.95
Period: 41
Tasks:5
id	x	y	end	c
212	92.78	60.12	41	40.53
213	151.06	42.58	46	76.84
214	69.79	7.09	43	97.7
215	60.97	109.69	45	40.21
216	103.1	22.77	43	77.29
Drivers: 14
id	x	y	end	sensitivity
562	8.09	182.61	44	1.28
563	9.98	60.57	41	1.61
564	61.2	10.37	44	1.2
565	63.35	137.94	42	1.74
566	62.94	153.86	42	0.67
567	36.06	23.57	42	1.7
568	164.86	189.86	42	0.95
569	45.65	119.97	43	0.67
570	6.79	36.63	43	0.53
571	105.07	50.77	43	1.98
572	193.13	158.42	43	1.64
573	138.67	104.44	42	1.43
574	93.35	81.56	44	1.85
575	91.63	95.56	46	1.89
Period: 42
Tasks:5
id	x	y	end	c
217	132.96	120.24	43	38.68
218	86.24	18.96	45	82.2
219	22.51	92.3	46	77.87
220	21.39	127.42	46	83.25
221	153.48	129.72	45	61.18
Drivers: 11
id	x	y	end	sensitivity
576	134.41	113.72	45	1.84
577	198.86	116.14	42	0.71
578	26.63	192.9	45	1.63
579	10.61	141.6	43	1.47
580	176.12	159.42	46	1.01
581	166.84	126.11	43	1.97
582	92.12	58.06	42	1.32
583	100.59	190.83	44	1.7
584	198.55	20.24	43	0.69
585	63.31	173.14	43	0.56
586	24.24	84.46	44	1.39
Period: 43
Tasks:3
id	x	y	end	c
222	9.72	76.56	48	93.27
223	63.09	42.32	49	68.48
224	164.71	76.37	45	68.89
Drivers: 16
id	x	y	end	sensitivity
587	54.6	191.59	46	1.56
588	159.69	97.72	46	0.67
589	197.38	129.39	46	0.64
590	122.2	93.12	45	1.15
591	43.58	62.07	44	0.94
592	28.33	170.75	44	1.19
593	25.72	42.63	47	0.68
594	2.56	132.81	45	1.92
595	75.38	166.45	44	0.64
596	84.07	96.78	43	1.97
597	160.71	147.48	46	0.52
598	7.86	18.34	46	0.79
599	120.1	187.62	46	1.21
600	111.69	139.08	48	0.61
601	64.09	91.9	48	1.61
602	113.47	109.89	47	1.19
Period: 44
Tasks:8
id	x	y	end	c
225	77.72	113.92	46	26.27
226	119.16	89.22	50	21.98
227	66.63	176.66	46	83.61
228	46.38	196.02	50	109.98
229	86.9	139.46	46	41.58
230	167.14	80.21	49	70
231	135.42	190.51	48	97.19
232	102.4	144.44	50	44.5
Drivers: 13
id	x	y	end	sensitivity
603	19.14	93.23	45	0.76
604	176.92	143.6	44	1.76
605	85.3	104.84	46	1.77
606	71.61	169.66	46	0.85
607	89.67	133.32	46	1.15
608	28.43	175.2	45	0.94
609	88.69	62.17	45	2
610	10.22	198.45	45	1.46
611	29.88	20.99	47	1.87
612	86.99	101.14	45	1.72
613	161.25	131.79	45	0.61
614	15.54	87.55	49	1.27
615	159.18	56.39	46	0.55
Period: 45
Tasks:6
id	x	y	end	c
233	123.14	147.36	48	52.71
234	189.52	152.55	46	103.8
235	74.02	80.88	46	32.26
236	134.67	141.84	48	54.34
237	75.44	101.43	51	24.6
238	197.49	175.64	50	123.39
Drivers: 16
id	x	y	end	sensitivity
616	164.38	106.6	48	1.21
617	84.49	71.03	46	0.76
618	90.01	169.3	46	1.55
619	182.98	142.35	46	1.79
620	77.64	136.88	47	0.64
621	121.11	15.52	49	1.78
622	139.36	117.54	46	1.59
623	147.63	54.93	46	1.62
624	131.03	146.65	46	1.55
625	83.56	191.2	46	0.75
626	128.84	137.81	47	0.63
627	107.17	193.08	46	1.26
628	93.38	47.2	47	1.23
629	168.67	3.92	45	0.51
630	110.33	11.88	49	1.87
631	76.8	7.96	48	1.62
Period: 46
Tasks:5
id	x	y	end	c
239	138.16	25.36	48	83.83
240	173.11	124.7	49	77.17
241	66.63	114.23	49	36.28
242	121.67	100.72	50	21.68
243	116.97	114.38	48	22.24
Drivers: 19
id	x	y	end	sensitivity
632	155.35	148.01	46	1.86
633	93.43	131.37	49	1.46
634	167.67	73.02	48	0.76
635	33.28	154.66	46	0.81
636	126.31	174.22	48	0.78
637	79.34	180.38	47	0.9
638	128.04	160.65	49	1.73
639	53.46	92.18	49	0.56
640	17.32	100.35	47	0.63
641	46.44	126.69	47	1.18
642	8.08	7.33	48	1.15
643	195.26	130.67	49	1.77
644	50.53	125.94	48	0.67
645	103.09	141.29	47	1.45
646	32.66	96.12	46	1.47
647	39.26	45.76	48	1.98
648	55.57	150.11	48	1.91
649	55.98	128.62	46	1.69
650	117.48	32.23	46	0.93
Period: 47
Tasks:6
id	x	y	end	c
244	188.98	151.04	49	102.58
245	22.41	135.51	48	85.33
246	39.34	88.98	54	61.65
247	79.06	28.38	51	74.62
248	57.55	159.75	50	73.29
249	53.86	71.15	51	54.42
Drivers: 14
id	x	y	end	sensitivity
651	41.75	14.4	48	1.19
652	65.16	7.42	49	1.55
653	134.15	31.91	50	1.77
654	190.9	72.61	50	1.37
655	177.74	199.33	51	1.55
656	136.83	45.63	49	0.55
657	83.73	114.04	50	1.38
658	174.37	76.48	47	1.38
659	191.58	161.18	47	1.86
660	120.96	184.76	51	1.03
661	151.49	113.58	49	0.64
662	41.58	81.25	48	0.84
663	197.88	113.3	48	1.67
664	31.23	97.78	49	1.49
Period: 48
Tasks:6
id	x	y	end	c
250	145.18	111.57	49	46.64
251	124.71	11.75	50	91.64
252	12.46	182.19	51	120.08
253	170.94	125.43	50	75.36
254	131.47	140.19	49	51.05
255	131.35	135.39	51	47.28
Drivers: 14
id	x	y	end	sensitivity
665	181.68	65.21	48	1.46
666	169.68	133.34	50	1.71
667	130.79	175.45	50	0.71
668	33.47	123.34	54	1.19
669	156.8	77.07	49	0.59
670	176.12	103.7	50	1.09
671	137.69	87.84	49	0.94
672	135.08	185.7	48	0.65
673	4.83	104	51	1.53
674	168.2	23.86	51	1.92
675	161.81	159.5	52	1.82
676	162.62	199.1	50	1.46
677	124.27	22.6	53	1.15
678	31.03	171.58	48	1.17
Period: 49
Tasks:6
id	x	y	end	c
256	69.17	17.45	53	88.12
257	28.87	51.13	52	86.3
258	134.12	3.34	51	102.51
259	0.14	179.16	52	127.43
260	102.61	86.68	52	13.57
261	96.08	6.86	51	93.22
Drivers: 18
id	x	y	end	sensitivity
679	130.2	28.43	55	1.78
680	91.71	6.19	51	1.58
681	116.57	170.56	52	1.84
682	9.56	152.18	50	1.23
683	108.2	76.4	50	0.51
684	177.44	175.56	52	1.89
685	184.36	143.49	50	0.56
686	90.8	103.71	50	0.83
687	61.45	132.92	52	1.1
688	23.67	182.5	52	1.34
689	118.23	8.36	52	0.54
690	117.37	104.91	52	0.55
691	149.48	116.56	50	0.58
692	140.4	186.03	49	1.58
693	16.47	3.65	49	0.75
694	15.83	11.83	50	1.75
695	91.61	159.15	50	0.96
696	197.93	0.63	52	0.93
Period: 50
Tasks:5
id	x	y	end	c
262	11.17	115.28	53	90.13
263	82.36	186.67	55	88.45
264	139.4	97.24	58	39.5
265	186.55	37.2	54	106.93
266	24.53	93.7	55	75.73
Drivers: 19
id	x	y	end	sensitivity
697	95.61	86.61	50	1.71
698	0.53	187.98	54	1.48
699	175.39	32.92	50	0.97
700	20.63	86.78	50	1.2
701	184.74	186.78	52	1.95
702	79.21	10.34	52	1.38
703	174.96	123.75	52	0.52
704	46.8	29.03	54	1.15
705	140.13	27.89	51	1.44
706	33.85	95.93	51	1.34
707	9.8	39.42	50	1.47
708	68.96	181.01	54	1.53
709	195.25	122.04	51	0.54
710	89.21	43.69	52	1.32
711	161.28	159.75	53	1.09
712	84.96	195.18	53	1.73
713	171.45	164.54	52	0.94
714	71.98	123.67	56	1.88
715	40.32	158.67	52	1.83
Period: 51
Tasks:6
id	x	y	end	c
267	147.99	65.29	55	59.23
268	11.34	64.46	55	95.52
269	95.97	151.11	54	51.27
270	162.98	37.14	55	88.98
271	69.52	143.25	54	52.91
272	183.26	125.96	54	87.21
Drivers: 15
id	x	y	end	sensitivity
716	66.29	175.19	56	1.52
717	131	73.86	51	0.53
718	52.13	49.73	52	0.69
719	39.57	49.54	52	1.17
720	41.66	44.47	54	1.84
721	61.5	50.94	52	1.1
722	152.85	38.53	54	1.86
723	78.69	63.11	53	1.84
724	188.88	94.15	51	1.79
725	84.39	83.79	54	1.63
726	198.57	23.77	52	1.03
727	107.41	121.9	53	1.5
728	116.72	194	53	0.89
729	47.14	40.05	53	1.13
730	160.4	91.54	54	1.85
Period: 52
Tasks:4
id	x	y	end	c
273	30.89	111.21	53	70.01
274	160.81	75.72	52	65.48
275	177.3	125.93	55	81.53
276	35.63	186.24	54	107.61
Drivers: 21
id	x	y	end	sensitivity
731	56.69	23.2	53	1.36
732	54.57	41.5	55	0.9
733	170.62	116.51	53	0.67
734	157.27	38.4	58	1.38
735	94.07	26.79	54	1.8
736	195.17	84.88	54	0.62
737	17.67	41.58	53	1.75
738	40.92	174.07	55	1.48
739	152.38	84.74	54	1.12
740	185.9	128.28	57	1.53
741	191.29	55.78	55	1.73
742	140.23	191.09	55	0.79
743	137.79	77.06	53	0.91
744	73.65	144.32	56	1.43
745	101.95	94.27	55	1.21
746	109.24	198.65	55	0.86
747	153.75	143.68	52	1.21
748	115.69	69.27	56	1.48
749	70.22	144.99	56	1.12
750	58.34	97.76	56	1.2
751	136.96	174.29	55	0.82
Period: 53
Tasks:3
id	x	y	end	c
277	196.45	190.26	56	132.1
278	100.9	45.17	56	54.84
279	162.79	85.55	58	64.43
Drivers: 20
id	x	y	end	sensitivity
752	49.63	19.17	55	0.88
753	42.21	13.89	56	1.28
754	154.05	0.02	55	1.21
755	35.87	120.93	54	0.9
756	159.84	66.88	56	1.33
757	19.14	173.01	53	0.68
758	27.9	167.33	55	1.25
759	2.52	5.37	56	1.46
760	71.77	10.72	53	1.14
761	95.86	142.32	57	1.52
762	96.99	150.12	54	1.07
763	98.39	177.36	56	1.07
764	46.52	180.64	54	0.96
765	107.33	179.25	54	1.61
766	183.59	77.43	54	1.11
767	107.01	106.24	55	0.98
768	148.53	131.4	56	0.55
769	98.85	82.37	56	1.68
770	140.71	173.75	53	1.44
771	138.26	12.76	56	1.73
Period: 54
Tasks:3
id	x	y	end	c
280	124.87	156.75	57	61.96
281	39.42	189.08	56	107.73
282	121.16	53.71	58	50.9
Drivers: 17
id	x	y	end	sensitivity
772	61.53	157.99	56	0.57
773	153.38	90.49	57	1.77
774	128.99	82.49	54	1.75
775	80.66	147.67	56	1.63
776	60.56	16.45	55	0.59
777	177.82	190.31	57	1.68
778	80.74	149.86	55	1.92
779	97.62	126.58	55	0.5
780	48.54	69.95	55	1.76
781	29.01	185.37	54	1.73
782	47.01	65.32	57	1.61
783	190.91	43.42	58	1.86
784	170.93	120.28	56	1.99
785	122.31	82.79	55	1.55
786	10.95	68.34	57	1.46
787	63.94	147.24	54	0.67
788	38.85	152.01	55	1.34
Period: 55
Tasks:4
id	x	y	end	c
283	149.76	151.13	59	71.35
284	13.25	43.89	56	103.31
285	193.64	6.08	59	132.63
286	66.37	154.71	56	64.22
Drivers: 12
id	x	y	end	sensitivity
789	27.22	83.25	57	1.04
790	137.28	110.91	59	1.69
791	85.34	41.03	55	1.67
792	32.16	18.68	55	1.21
793	91.01	165.28	60	1.95
794	185.5	150.13	59	1
795	20.01	100.11	59	1.97
796	46.68	136.82	56	1.74
797	164.33	67.44	58	1.68
798	176.38	112.52	56	0.86
799	107.24	160.73	58	0.79
800	20.43	102.8	58	1.1
Period: 56
Tasks:5
id	x	y	end	c
287	180.88	174.23	61	109.78
288	30.28	101.69	64	69.74
289	53.68	30.33	60	83.66
290	51.99	178.49	60	92.01
291	106.06	148.02	59	48.4
Drivers: 18
id	x	y	end	sensitivity
801	124.44	156.57	60	1.83
802	144.23	127.16	56	1.43
803	135.4	7.7	58	0.7
804	164.38	181.47	58	0.93
805	148.25	162.83	58	1.3
806	197.45	168.07	58	1.78
807	82.19	19.16	59	1.4
808	3.09	89.53	57	1.26
809	17.04	23.18	56	1.54
810	21.63	142.97	58	1.56
811	123.55	46.72	59	0.64
812	175.95	193.91	58	1.78
813	91.14	118.02	58	1.27
814	112.13	68.96	58	1.38
815	137.99	87.1	58	1.62
816	65.37	92.94	58	1.43
817	33.69	28.99	58	1.41
818	89.3	187.62	58	0.51
Period: 57
Tasks:5
id	x	y	end	c
292	28.81	3.22	58	120.14
293	76.53	13.71	61	89.42
294	28.28	148.43	60	86.54
295	14.93	1.18	60	130.39
296	157.52	103.16	61	57.61
Drivers: 11
id	x	y	end	sensitivity
819	14.68	83.01	60	0.92
820	56.85	190.02	60	1.72
821	129.78	194.69	61	1.65
822	19.83	193.67	60	1.86
823	41.1	22.42	60	1.83
824	8.33	175.87	58	0.68
825	24.11	113.52	62	1.53
826	156.5	162.02	58	1.26
827	28.53	51.65	58	1.04
828	78.4	113.97	60	0.82
829	137.76	24.97	58	0.84
Period: 58
Tasks:0
id	x	y	end	c
Drivers: 16
id	x	y	end	sensitivity
830	40.64	138.51	61	1.76
831	77.61	56.75	60	1.55
832	49	99.72	60	1.22
833	117.42	45.83	59	0.77
834	101.54	183.62	60	1.92
835	162.71	20.89	58	1.98
836	148.47	79.62	59	0.95
837	158.51	139.33	60	0.89
838	54.61	120.57	61	1.75
839	169.73	60.79	59	1.76
840	102.29	48.67	61	0.89
841	165.65	51.17	59	0.5
842	189.66	118.45	63	1.04
843	99.38	191.8	58	0.89
844	41.28	92.53	59	1.83
845	126.33	161.74	59	1.2
Period: 59
Tasks:5
id	x	y	end	c
297	194.06	60.12	66	102.17
298	86.72	53.69	60	48.18
299	80.47	191.94	61	93.99
300	182.41	51.33	59	95.71
301	81.1	115.86	66	24.67
Drivers: 18
id	x	y	end	sensitivity
846	58.43	45.71	61	0.91
847	35.25	160.12	61	1.31
848	90.24	112.82	59	1.22
849	166.46	102.81	59	0.73
850	77.11	179.18	61	1.51
851	153.36	128.94	60	1.35
852	47.19	2.06	61	1.35
853	156.69	59.25	60	1.52
854	137.79	75.42	60	0.63
855	186.29	74.72	62	0.83
856	178.05	11.64	62	1.99
857	143.66	4.64	61	0.59
858	111.54	20.93	63	1.16
859	138.93	125.19	61	1.02
860	174.71	161.42	60	1.38
861	27.29	189.68	62	1.19
862	168.98	147.43	61	1.1
863	0.38	125.33	60	1.41
Period: 60
Tasks:7
id	x	y	end	c
302	147.63	125.47	64	54.01
303	193.26	62.28	61	100.6
304	61	28.62	63	81.34
305	91.82	27.42	66	73.04
306	141.78	186.39	62	95.96
307	6.69	20.41	61	122.64
308	50.1	61.76	65	62.87
Drivers: 14
id	x	y	end	sensitivity
864	18.6	118.53	64	0.66
865	21.08	108.23	60	0.59
866	110.37	4.51	62	1.94
867	51.02	106.84	63	1.52
868	172.61	46.47	62	1.98
869	32.75	101.32	61	1.19
870	20.57	91.52	62	1.75
871	108.81	147.15	62	0.58
872	35.37	77.8	64	1.87
873	64.5	17.55	62	0.68
874	31.95	57.23	65	1.92
875	154.5	197.39	60	1.44
876	149.55	68.28	61	1.76
877	112.94	58.76	64	0.95
Period: 61
Tasks:1
id	x	y	end	c
309	148.48	143.06	63	64.84
Drivers: 20
id	x	y	end	sensitivity
878	95.17	3.64	63	1.24
879	106.7	168.6	65	1.67
880	181.93	178.44	62	1.4
881	188.47	124.04	63	1.04
882	92.59	158.69	63	1.87
883	22.24	40.63	64	1.25
884	98.95	16.62	63	1.75
885	125.38	73.22	63	1.91
886	56.79	156.57	62	0.76
887	172.36	1.83	63	0.67
888	177.2	22.76	63	1.73
889	173.79	38.28	61	1.32
890	130.15	111.46	66	1.85
891	10.12	191.18	62	1.89
892	96.19	39.76	62	1.03
893	16.75	160.15	63	1.98
894	100.22	46.33	63	1.41
895	105.42	22.28	62	0.78
896	36.88	134.62	64	1.53
897	191.52	9.17	64	0.6
Period: 62
Tasks:4
id	x	y	end	c
310	85.81	78.65	63	25.64
311	169.18	193.63	64	116.41
312	15.22	101.87	65	84.8
313	90.29	136.04	66	37.33
Drivers: 13
id	x	y	end	sensitivity
898	100.31	114.36	65	1.75
899	142.67	83.03	67	1.73
900	101.55	53.27	66	1.34
901	97.08	10.05	64	0.52
902	59.87	167.1	64	1.46
903	114.12	196.48	63	1.03
904	158.05	191.65	64	1.41
905	73.56	79.09	62	1.87
906	100.88	178.38	63	1.44
907	127.67	65.18	62	1.92
908	134.02	99.33	67	0.74
909	13.33	149.48	63	0.91
910	44.17	90.07	63	0.64
Period: 63
Tasks:5
id	x	y	end	c
314	75.4	17.28	67	86.3
315	157.76	79.24	66	61.38
316	151.78	74.89	65	57.55
317	91.3	84.27	68	17.98
318	4.28	174.18	66	121.1
Drivers: 19
id	x	y	end	sensitivity
911	44.81	190.53	65	0.88
912	182.17	80.76	64	1.47
913	169.96	163.15	64	1.43
914	110.2	59.26	64	1.38
915	41.41	41.54	64	1.3
916	128.93	172.64	64	1.26
917	140.24	1.74	64	1.4
918	136.73	69.37	66	1.14
919	30.65	41	67	1.64
920	42.21	127.46	68	0.96
921	86.49	147.87	65	0.85
922	125.38	95.48	65	0.53
923	24.17	189.6	64	0.63
924	13.45	161.86	65	1.76
925	144.07	15.42	64	1.66
926	93.11	29.77	63	1.73
927	134.69	12.55	65	0.9
928	105.42	176.89	65	1.88
929	91.33	115.37	63	1.31
Period: 64
Tasks:5
id	x	y	end	c
319	77.45	181	68	84.08
320	40.84	192.92	67	110.15
321	70.67	150.81	66	58.67
322	181.24	84.37	66	82.73
323	150.14	169.79	69	85.93
Drivers: 16
id	x	y	end	sensitivity
930	182.91	22.94	66	1.45
931	147.51	139.7	65	1.87
932	107.44	49.27	66	0.67
933	63.49	71.94	64	1.35
934	71.25	111.03	66	1.95
935	72.85	45.48	65	0.99
936	55.37	35.73	64	1.6
937	149.12	161.27	66	1.31
938	42.62	152.18	67	1.54
939	93.1	64.03	65	1.64
940	45.75	3.11	68	1.65
941	111.39	169.77	64	0.99
942	158.03	184.48	65	0.7
943	152.25	121.67	66	0.6
944	65.67	123.67	66	1.09
945	170.73	15.51	64	1.49
Period: 65
Tasks:3
id	x	y	end	c
324	75.04	165.32	68	69.93
325	187.36	29.12	67	112.5
326	121.89	125.52	66	33.62
Drivers: 10
id	x	y	end	sensitivity
946	37.31	82.45	67	1.24
947	132.94	74.71	66	0.58
948	182.63	69.25	72	1.89
949	156.59	41.99	66	1.27
950	179.32	185.55	65	1.96
951	135.53	173.06	67	1.65
952	14.55	175.08	66	0.61
953	16.65	87.2	67	1.02
954	146.61	83.77	66	1.22
955	140.71	198.09	66	1.17
Period: 66
Tasks:4
id	x	y	end	c
327	86.43	132.81	70	35.51
328	1.85	116.54	68	99.53
329	54.3	93.02	69	46.23
330	16.11	5.89	67	126.07
Drivers: 18
id	x	y	end	sensitivity
956	164.67	139.44	67	1.53
957	65.81	1.89	69	0.8
958	112.36	146.08	69	1.81
959	122.89	147.59	69	1.04
960	126.18	114.73	68	0.62
961	170.11	49.59	68	1.86
962	44.43	196.23	69	0.67
963	14.29	155.13	69	1.28
964	180.27	132.54	70	1.8
965	197.06	111.92	67	0.55
966	8.48	5.52	70	0.71
967	92.61	36.96	67	0.54
968	10.27	117.64	67	1.08
969	77.52	34.28	67	0.54
970	195.13	179.49	70	0.57
971	198.39	193.83	69	0.66
972	24.41	136.75	68	1.63
973	134.66	172.39	67	1.55
Period: 67
Tasks:5
id	x	y	end	c
331	57.19	44.77	74	69.88
332	37.37	194.44	73	113.32
333	116.21	70.51	70	33.65
334	12.13	164.1	68	108.77
335	106.16	34.62	73	65.67
Drivers: 12
id	x	y	end	sensitivity
974	48.14	117.83	70	0.84
975	12.72	88.97	69	1.97
976	138.77	45.07	67	1.69
977	28.14	36.02	69	1.45
978	14.54	78.78	67	0.85
979	3.94	60.1	69	0.95
980	174.95	197.31	71	1
981	77.44	46.33	70	1.76
982	183.33	147.01	69	1.89
983	11.46	157.68	70	1.72
984	87.18	129.34	71	1.73
985	181.72	101.9	69	1.98
Period: 68
Tasks:6
id	x	y	end	c
336	57.32	111.79	69	44.28
337	49.64	11.35	70	101.96
338	120.87	118.28	69	27.74
339	25.58	185.55	71	113.39
340	82.84	157.66	70	60.16
341	47.61	180.76	71	96.26
Drivers: 9
id	x	y	end	sensitivity
986	74.1	40.31	70	1.02
987	42.72	43.78	68	0.73
988	165.37	57.79	70	1.72
989	58.88	116.77	71	1.78
990	65.63	0.27	70	0.68
991	160.4	106.77	71	1.27
992	129.04	152.89	70	1.89
993	91.26	141.53	71	0.63
994	160.64	170.3	72	0.95
Period: 69
Tasks:5
id	x	y	end	c
342	67.07	176.52	72	83.3
343	13.75	56.08	72	96.79
344	116.98	75.64	73	29.69
345	98.44	153.28	69	53.3
346	165	149.35	71	81.61
Drivers: 10
id	x	y	end	sensitivity
995	11.9	35.66	80	1.67
996	176.11	4.44	71	0.55
997	70.2	80.22	72	1.6
998	102.62	192.22	71	1.41
999	157.24	177.08	69	0.52
1000	146.81	35.12	71	1.82
1001	96.62	44.5	69	1.98
1002	128.33	38.01	72	0.84
1003	198.67	61.97	72	0.75
1004	160.24	46.26	70	1.83
Period: 70
Tasks:10
id	x	y	end	c
347	64.2	190.44	73	97.27
348	166.3	94	71	66.57
349	116.21	60.2	74	42.97
350	48.35	103.58	73	51.77
351	94.28	169.9	71	70.13
352	0.59	65.35	74	105.28
353	166.13	180.64	72	104.29
354	194.63	56.32	74	104.22
355	72.38	193.86	74	97.84
356	86.36	18.85	74	82.29
Drivers: 14
id	x	y	end	sensitivity
1005	85.84	114.19	75	1.96
1006	33.61	105.81	71	1.89
1007	38.22	194.83	72	1.62
1008	1.78	141.66	70	1.01
1009	139.48	86.32	73	0.96
1010	21.85	190.3	72	1.31
1011	100.66	173.75	72	1.01
1012	42.9	140.51	71	2
1013	1.51	82.12	71	1.77
1014	7.63	49.98	71	1.45
1015	138.46	138.18	71	1.42
1016	90.9	109.84	73	1.17
1017	37.5	14.52	71	2
1018	58.07	166.49	74	1.01
Period: 71
Tasks:5
id	x	y	end	c
357	36.06	102.46	73	63.99
358	189.2	157.23	73	105.98
359	167.3	47.39	74	85.42
360	139.43	54.83	74	59.96
361	84.01	81.25	72	24.64
Drivers: 16
id	x	y	end	sensitivity
1019	192.14	68.75	72	1.86
1020	125.09	163.37	74	1.01
1021	27.79	11.44	72	0.66
1022	99.9	36.03	73	1.58
1023	59.06	18.79	71	1.56
1024	73.55	87.87	71	1.69
1025	51.2	76.6	74	1.03
1026	193.22	7.8	73	1.99
1027	94.75	88.1	72	0.92
1028	65.2	149.79	73	0.52
1029	61.97	41.44	73	0.79
1030	132.85	50.09	72	0.69
1031	80.91	168.25	73	2
1032	59.28	127.86	71	1.22
1033	185.49	72.18	74	1.91
1034	120.02	84.83	73	1.8
Period: 72
Tasks:4
id	x	y	end	c
362	87.19	4.84	74	96.02
363	88.8	121.02	76	23.82
364	59.85	130.87	73	50.65
365	180.03	157.4	72	98.49
Drivers: 13
id	x	y	end	sensitivity
1035	66.68	193.26	74	1.15
1036	183.57	176.46	77	1.61
1037	61.82	130.28	73	1.82
1038	125.79	98.56	73	1.58
1039	104.19	182.86	73	0.65
1040	6.4	114.3	74	1.45
1041	199.62	56.93	76	1.46
1042	115.54	90.24	72	1.24
1043	127.89	16.56	76	1.67
1044	63.05	13.09	74	0.96
1045	108.65	34.63	73	1.13
1046	163.22	5.86	73	0.69
1047	137.4	132.07	76	2
Period: 73
Tasks:4
id	x	y	end	c
366	0.06	43.82	78	114.65
367	46.19	10.8	79	104.17
368	198.79	91.3	74	99.17
369	166.41	145.52	76	80.51
Drivers: 13
id	x	y	end	sensitivity
1048	30.3	83.16	77	0.92
1049	104.84	121.72	76	1.36
1050	32.29	143.54	74	0.58
1051	112.17	27.45	74	1.83
1052	182.91	44.17	74	1.58
1053	63.25	125.18	75	0.67
1054	25.79	81.28	75	1.2
1055	152.61	145.24	75	1.13
1056	123.19	27.62	74	1.94
1057	160.65	189.33	73	1.5
1058	191.24	6.5	76	1.23
1059	33.38	141.13	73	1.88
1060	32.72	172.72	75	1.63
Period: 74
Tasks:6
id	x	y	end	c
370	92.1	11.02	77	89.33
371	167.67	184.52	76	108.27
372	94.58	150.85	77	51.14
373	133.25	65.7	77	47.77
374	185.04	107.48	76	85.37
375	90.96	125.82	74	27.36
Drivers: 16
id	x	y	end	sensitivity
1061	102.79	171.44	76	1.28
1062	102.38	26.98	76	0.8
1063	30.27	34.71	75	1.65
1064	60.09	69.14	75	0.85
1065	171.96	113.58	76	1.63
1066	161.38	38.71	76	0.55
1067	53.18	62.54	76	0.95
1068	192.58	191.26	76	1.53
1069	26.03	34.91	78	1.3
1070	84.91	2.06	76	1.7
1071	6.98	172.91	75	1.93
1072	156.65	3.62	76	1.56
1073	169.86	138.41	76	1.96
1074	140.3	51.81	75	1.39
1075	21.49	58.68	75	0.71
1076	25.82	60.1	76	1.93
Period: 75
Tasks:9
id	x	y	end	c
376	59.14	176.18	77	86.45
377	13.25	5.94	76	127.96
378	23.6	178.59	75	109.61
379	111.28	186.81	77	87.54
380	151.62	89.55	78	52.67
381	149.53	116.54	76	52.22
382	109.67	64.47	80	36.82
383	33.51	41.75	79	88.4
384	113.06	89.97	80	16.47
Drivers: 10
id	x	y	end	sensitivity
1077	33.42	139.57	76	1.68
1078	47.71	45	80	0.78
1079	113.97	6.78	79	0.86
1080	34.03	137.1	78	1.25
1081	144.22	133.37	77	0.9
1082	169.25	133.16	75	1.09
1083	100.96	24.19	78	0.59
1084	80.76	103.45	77	1.73
1085	112.67	134.17	81	1.96
1086	26.16	63.6	76	1.8
Period: 76
Tasks:6
id	x	y	end	c
385	118.49	169.56	77	71.98
386	42.84	171.08	77	91.21
387	55.22	4.36	78	105.6
388	31.28	42.77	77	89.43
389	127.84	80.95	78	33.73
390	187.59	45.5	80	103.16
Drivers: 14
id	x	y	end	sensitivity
1087	130.23	92.58	79	1.95
1088	49.83	114.96	77	1.97
1089	198.67	183.86	80	1.5
1090	154.41	0.35	79	1.1
1091	121.12	161.12	78	0.8
1092	176.31	64.07	78	0.57
1093	187.32	75.41	80	1.62
1094	169.14	140.2	78	1.83
1095	29.11	94.24	82	1.46
1096	145.01	177.22	76	1.46
1097	49.57	154.65	79	1.2
1098	75.49	140.25	76	1.54
1099	65.43	2	78	1.89
1100	152.48	68.91	80	0.52
Period: 77
Tasks:0
id	x	y	end	c
Drivers: 18
id	x	y	end	sensitivity
1101	90.78	48.14	77	1.29
1102	1.05	104.04	81	1.86
1103	42.13	90.29	80	1.65
1104	164.14	5.87	79	1.26
1105	10.09	170.46	80	1.14
1106	150.45	117.57	78	1.42
1107	8.91	154.57	78	0.86
1108	189.27	22.96	80	1.65
1109	25.82	86.27	80	1.55
1110	22.38	190.9	78	1.31
1111	173.98	161.47	79	1.24
1112	139.82	13.43	79	1
1113	11.67	40.92	77	1.09
1114	18.67	183.2	82	1.26
1115	66.45	13.88	80	0.63
1116	122.67	71.19	79	1.11
1117	6.37	157.57	79	1.1
1118	74.46	43.31	79	0.83
Period: 78
Tasks:6
id	x	y	end	c
391	50.55	83.95	82	51.99
392	195.88	164.1	79	115.33
393	133	169.37	79	76.82
394	16.84	43.08	80	100.77
395	70.6	0.82	79	103.45
396	170.83	67.58	82	77.9
Drivers: 8
id	x	y	end	sensitivity
1119	159.89	179.43	80	1.37
1120	41.88	27.53	80	1.9
1121	64.77	33.09	80	1.42
1122	57.1	8.33	80	1.36
1123	94.76	12.43	81	1.3
1124	76.27	194.64	81	1.89
1125	191.39	90.87	79	0.83
1126	80.69	23.12	82	1.24
Period: 79
Tasks:4
id	x	y	end	c
397	139.62	158.33	81	70.51
398	106.41	170.41	83	70.7
399	151.24	128.42	82	58.59
400	148.14	24.17	81	89.82
Drivers: 19
id	x	y	end	sensitivity
1127	165.86	119.83	80	1.17
1128	94.84	82.93	82	1.97
1129	76.03	139.38	82	1.27
1130	69.29	192.31	80	0.84
1131	94.04	140.07	81	1.29
1132	112.34	109.55	81	1.18
1133	123.75	99.9	83	1.74
1134	30.45	169.39	81	0.86
1135	190.33	153.71	81	0.75
1136	52.74	197.04	81	1.51
1137	126.1	165.74	83	1.19
1138	150.14	139.59	81	1.88
1139	166.73	68.54	81	1
1140	179.64	53.34	80	0.88
1141	45.37	153.83	82	0.51
1142	186.28	36.28	81	1.59
1143	49.5	70.43	79	0.52
1144	181	154.19	82	1.9
1145	51.8	67.51	81	1.26
Period: 80
Tasks:3
id	x	y	end	c
401	89.1	193.57	82	94.2
402	37.27	2.71	84	115.76
403	136.15	64.37	86	50.76
Drivers: 13
id	x	y	end	sensitivity
1146	148.51	157.58	82	0.56
1147	164.96	63.87	81	0.72
1148	45.65	13.88	81	0.92
1149	12.86	112.32	80	1.7
1150	114.91	6.74	83	1.04
1151	149.42	186.43	83	1.89
1152	190.73	77.49	82	1.58
1153	89.38	189.15	81	1.14
1154	140.2	145.01	83	1.96
1155	52.37	64.5	83	1.89
1156	170.78	57.03	81	1.84
1157	92.29	6.79	83	1.63
1158	57.49	57.91	80	0.52
Period: 81
Tasks:7
id	x	y	end	c
404	65.64	121.21	84	40.38
405	105.8	9.58	85	90.61
406	104.93	30.46	84	69.71
407	70.63	91.19	82	30.66
408	98.56	188.52	83	88.53
409	100.82	89.45	85	10.58
410	121.95	107.04	88	23.05
Drivers: 18
id	x	y	end	sensitivity
1159	173.95	131.26	83	0.75
1160	77.24	145.82	81	1.77
1161	27.31	111.17	87	1.69
1162	20.98	155.56	86	0.9
1163	135.82	44.66	82	1.55
1164	65.73	123.39	82	0.6
1165	125.76	48.68	84	1.03
1166	118.34	0.36	84	1.34
1167	110.42	196.24	83	0.96
1168	16.26	107.27	82	1.26
1169	86.64	167.87	82	0.69
1170	184.96	48	82	1.11
1171	179.7	130.05	85	1.26
1172	122.13	170.96	81	1.91
1173	189.75	109.99	86	1.6
1174	187.85	8.79	84	1.28
1175	25.2	134.28	83	0.96
1176	177.29	9.4	83	1.36
Period: 82
Tasks:7
id	x	y	end	c
411	159.64	195.32	84	112.44
412	17.17	67.11	86	89.12
413	59.02	26.54	83	84.12
414	86.37	102.89	84	13.93
415	59.76	163.21	86	74.93
416	114.58	178.42	88	79.76
417	157.31	111.41	84	58.43
Drivers: 14
id	x	y	end	sensitivity
1177	100.78	120.75	85	1.58
1178	89.51	104.92	86	1.11
1179	102.53	152.01	84	1.69
1180	120.54	66.49	83	1.28
1181	74.07	45.76	84	1.25
1182	181.3	109.75	82	1.36
1183	156.5	95.66	83	1.24
1184	140.89	33.08	83	1.69
1185	4.88	72.14	84	1.38
1186	93.89	149.07	83	1.56
1187	57.75	194.42	86	1.02
1188	1.9	102.74	83	1.04
1189	85.09	79.52	83	0.84
1190	118.51	80.16	83	1.69
Period: 83
Tasks:8
id	x	y	end	c
418	123.82	183.38	85	86.72
419	186.78	144.33	85	97.45
420	7.66	28.36	85	116.87
421	199.49	173	88	123.4
422	147.85	81.37	84	51.35
423	169.38	12.31	86	111.82
424	95.96	37.32	86	62.81
425	106.96	108.23	84	10.78
Drivers: 14
id	x	y	end	sensitivity
1191	184.75	10.6	86	1.19
1192	101.34	38.24	87	1.51
1193	156.68	35.27	83	0.87
1194	103.23	4.1	85	0.65
1195	22.68	77.2	85	1.54
1196	91.38	59.47	85	0.6
1197	92.99	107.3	84	1.99
1198	116.54	164.88	85	0.5
1199	84.77	79.3	86	0.51
1200	93.62	41.12	86	0.85
1201	133.6	144.42	85	1.14
1202	5.24	115.22	86	0.92
1203	107.71	22.19	84	0.71
1204	73.09	59.48	86	1.23
Period: 84
Tasks:3
id	x	y	end	c
426	17.71	86.98	85	83.31
427	143.71	75.48	90	50.12
428	63.48	47.24	86	64.17
Drivers: 16
id	x	y	end	sensitivity
1205	113.43	146.54	89	0.55
1206	36.97	147.89	89	1.87
1207	145.86	46.88	86	1.6
1208	144.35	16.02	84	0.95
1209	167.84	195.2	86	0.56
1210	103.5	79.54	84	0.81
1211	193.65	191.43	85	1.84
1212	116.64	104.68	85	1.44
1213	80.68	129.1	85	1.59
1214	69.56	62.89	84	1.94
1215	53.23	188.64	88	1.3
1216	108.66	92.33	85	1.75
1217	83.58	98.5	86	0.7
1218	171.16	171.8	88	0.84
1219	133.26	47.48	86	1.51
1220	70.15	113.36	86	1.16
Period: 85
Tasks:6
id	x	y	end	c
429	172.28	83.3	89	74.18
430	49.46	12.38	85	101.15
431	95.58	98.29	89	4.74
432	154.81	10.77	87	104.72
433	124.41	49.54	88	56.05
434	193.39	3.84	87	134.05
Drivers: 24
id	x	y	end	sensitivity
1221	128.67	100.09	87	0.55
1222	71.32	41.8	85	1.03
1223	7.6	116.93	85	1.39
1224	42.26	141.98	86	1.84
1225	42.99	59.98	85	1.61
1226	199.44	186.09	85	1.05
1227	52.58	127.16	88	1
1228	171.61	90.96	85	1.52
1229	21.8	137.47	87	1.9
1230	30.13	133.49	87	0.54
1231	174.08	60.12	92	1.11
1232	166.58	156.63	89	1.78
1233	152.51	79.73	90	1.05
1234	83.84	70.78	86	1.05
1235	90.23	133.4	89	1.59
1236	176.44	28.5	87	1.97
1237	62.03	0.06	87	0.64
1238	36.35	180.88	87	1.62
1239	132.09	109.03	86	1.45
1240	65.85	156.38	86	1.73
1241	49.75	53.82	85	0.64
1242	43.68	76.94	86	0.53
1243	29.93	69.82	87	1.6
1244	32.11	47.98	87	0.51
Period: 86
Tasks:5
id	x	y	end	c
435	94.48	158.36	93	58.62
436	54.55	183.67	91	95.22
437	148.35	36.79	87	79.58
438	137.03	0.8	91	105.89
439	170.36	46.82	88	88.2
Drivers: 10
id	x	y	end	sensitivity
1245	154.12	108.41	91	1.49
1246	73.41	18.11	88	0.99
1247	26.12	71.86	87	0.89
1248	12.56	35.47	87	1.42
1249	60.29	118.19	88	1.69
1250	197.92	120.97	89	1.26
1251	191.66	28.69	87	1.93
1252	161.31	179.95	87	1.94
1253	173.12	190.47	89	0.73
1254	35.32	182.61	87	1.47
Period: 87
Tasks:7
id	x	y	end	c
440	184.26	130.56	91	89.63
441	142.59	113.39	92	44.65
442	56.45	190.27	91	100.23
443	161.45	59.57	93	73.56
444	84.92	196.7	89	97.87
445	62.6	161.31	88	71.82
446	136.99	19.08	88	88.97
Drivers: 12
id	x	y	end	sensitivity
1255	88.92	35.27	88	1.78
1256	133.96	99.74	88	1.75
1257	148.45	3.45	87	1.34
1258	152.89	128.61	87	0.51
1259	70.33	22.66	89	0.61
1260	141.2	111.07	89	1.93
1261	185.26	61.73	90	0.89
1262	9.4	8.98	88	1.32
1263	46.55	150.1	89	1.5
1264	154.3	97.48	87	0.97
1265	47.14	132.61	89	1.4
1266	59.59	62.6	89	1.65
Period: 88
Tasks:9
id	x	y	end	c
447	34.97	95.98	89	65.15
448	167.01	197.06	92	117.94
449	148.57	95.92	90	48.74
450	147.55	87.65	91	49.13
451	171.94	65.37	96	79.84
452	21.59	182.69	90	113.96
453	5.54	153.37	89	108.49
454	101.6	149.59	89	49.62
455	141.09	154.03	88	67.88
Drivers: 13
id	x	y	end	sensitivity
1267	113.13	96.09	89	0.75
1268	149.48	146.86	89	1.55
1269	38.8	56.09	89	1.85
1270	75.47	18.04	89	1.66
1271	192.97	139.67	90	0.91
1272	98.59	41.38	89	0.82
1273	18.19	56.36	89	1.38
1274	44.83	60.53	93	1.23
1275	114.51	145.31	90	1.86
1276	56.19	93.62	90	1.9
1277	191.04	42.33	89	1.3
1278	16.07	1.53	91	1.01
1279	175.31	175.07	90	1.18
Period: 89
Tasks:5
id	x	y	end	c
456	169.87	105.27	92	70.07
457	190.43	29.24	91	114.82
458	119.13	39.64	91	63.32
459	14.55	99.02	93	85.46
460	163.97	45.44	90	84.08
Drivers: 11
id	x	y	end	sensitivity
1280	186.25	43.91	89	0.68
1281	7.09	171.56	91	1.17
1282	104.04	67.36	90	0.56
1283	100.8	155.16	93	0.92
1284	13.48	82.44	91	0.88
1285	123.27	7.56	91	1.32
1286	27.3	5.52	90	0.77
1287	105.51	195.86	90	0.65
1288	175.22	53.47	90	1.01
1289	147.32	129.62	89	1.56
1290	122.08	197.1	92	1.09
Period: 90
Tasks:1
id	x	y	end	c
461	76.09	175.61	92	79.3
Drivers: 11
id	x	y	end	sensitivity
1291	37.11	103.19	91	1.41
1292	39.51	27.11	93	0.68
1293	97.74	186.38	90	1.73
1294	69.37	88.38	92	0.77
1295	74.12	181.04	91	1.93
1296	15.86	143.27	92	1.53
1297	107.18	128.23	94	1.87
1298	44.89	194.83	92	1.93
1299	167.13	142.47	93	1.61
1300	16.26	35.79	91	1.28
1301	160.92	1.3	91	0.52
Period: 91
Tasks:8
id	x	y	end	c
462	111.98	177.64	94	78.56
463	4.28	158.11	91	111.98
464	88.37	156.97	97	58.14
465	74.41	64.91	92	43.43
466	15.66	196.56	94	128.21
467	144.54	58.1	94	61.15
468	165.54	82.1	95	67.94
469	165.77	131.56	93	72.95
Drivers: 9
id	x	y	end	sensitivity
1302	45.12	147.9	92	0.55
1303	142.26	20.92	91	1.48
1304	101.2	191.07	93	1.9
1305	7.54	140.15	92	1.43
1306	141.47	154.65	92	1.39
1307	127.88	119.58	94	0.83
1308	71.98	138.81	93	1.09
1309	73.01	168.21	94	1.74
1310	146.46	179.04	93	1.34
Period: 92
Tasks:4
id	x	y	end	c
470	144.3	129.82	96	53.4
471	167.2	147.1	96	82.06
472	197.18	134.22	93	103.03
473	132.21	172.72	92	79.53
Drivers: 10
id	x	y	end	sensitivity
1311	48.3	89.88	94	1.16
1312	135.3	195.65	92	0.82
1313	36.71	19.25	95	1.52
1314	150.75	8.31	93	1.76
1315	101.73	14.26	93	1.25
1316	16.25	166.03	96	1.49
1317	14.27	43.15	94	0.51
1318	86.3	189.46	94	1.99
1319	10.58	84.93	94	1.56
1320	94.51	52.01	92	0.53
Period: 93
Tasks:5
id	x	y	end	c
474	36.97	197.35	96	115.97
475	39.89	59.78	97	72.32
476	127.98	56.87	95	51.41
477	43.03	22.42	101	96.25
478	90.46	44.4	98	56.41
Drivers: 15
id	x	y	end	sensitivity
1321	75.02	28.36	94	1.37
1322	190.02	40.99	96	1.47
1323	176.01	197.8	94	0.77
1324	4.79	115.7	94	1.17
1325	155.37	78.91	95	1.47
1326	158.66	46.32	95	1.81
1327	3.38	61.48	95	1.73
1328	163.81	76.92	95	1.64
1329	129.47	128.63	95	1.66
1330	61.92	118.27	96	0.9
1331	82.5	182.02	94	1.36
1332	181.62	182.61	93	1.03
1333	185.54	85.07	96	1.25
1334	46.46	96.36	97	1.05
1335	116.53	54.29	98	1.22
Period: 94
Tasks:6
id	x	y	end	c
479	197.8	72.79	98	101.51
480	186.55	180.95	100	118.51
481	85.29	171	98	72.51
482	36.04	39.11	98	88.31
483	193.43	193.94	97	132.49
484	34.46	156.68	97	86.65
Drivers: 8
id	x	y	end	sensitivity
1336	56.38	59.28	98	1.31
1337	22.97	157.54	94	0.87
1338	151.5	72.88	98	1.9
1339	86.08	84.88	96	1.59
1340	176.04	107.28	98	1.14
1341	59.15	164.28	95	1.88
1342	189.09	120.73	95	0.86
1343	157.89	189.24	100	1.91
Period: 95
Tasks:4
id	x	y	end	c
485	26.09	82.37	98	75.98
486	33.12	70.3	101	73.18
487	85.78	62.55	98	40.06
488	191.17	89.26	99	91.8
Drivers: 16
id	x	y	end	sensitivity
1344	106.51	163.54	96	1.26
1345	38.78	17.49	99	0.64
1346	81.22	7.57	98	1.82
1347	140.79	52.1	96	1.83
1348	32.51	30.55	98	1.45
1349	64.51	11.34	97	0.96
1350	32.03	102.6	97	0.66
1351	161.67	129.92	98	1.72
1352	63.08	75.06	95	1.8
1353	53.36	125.47	98	0.66
1354	31.93	36.65	98	1.11
1355	75.74	140.27	97	1.22
1356	9.17	157.99	96	0.92
1357	14.58	146.06	97	1.52
1358	111.7	124.96	96	1.33
1359	66.46	67.11	95	1.58
Period: 96
Tasks:3
id	x	y	end	c
489	144.85	122.21	98	50.05
490	4.91	125.56	99	98.47
491	139.89	89.17	103	41.33
Drivers: 15
id	x	y	end	sensitivity
1360	36.01	25.64	99	1.11
1361	187.96	4.94	98	0.87
1362	53.71	146.22	103	1.89
1363	197.8	86.98	97	0.95
1364	12.39	35.92	99	1.17
1365	31.85	80.8	97	0.68
1366	44.04	18.6	97	0.54
1367	145.99	109.8	99	0.94
1368	152.25	97.03	96	1.39
1369	190.73	25.22	97	0.65
1370	174.15	150.36	97	0.57
1371	87.69	121.14	98	0.6
1372	190.02	12.96	98	1.17
1373	25.12	66.99	97	1.18
1374	199.5	10.7	99	0.95
Period: 97
Tasks:4
id	x	y	end	c
492	49.58	98.27	100	50.45
493	162.24	177.85	102	99.67
494	60.65	137.42	100	54.3
495	101.23	61.41	97	38.61
Drivers: 15
id	x	y	end	sensitivity
1375	80.22	85.35	98	0.51
1376	39.16	143.51	100	1.83
1377	153.88	22.16	98	1.61
1378	92.72	137.69	98	1.1
1379	110.53	16.49	98	0.8
1380	32.89	42.83	98	1.43
1381	36.71	112.63	97	1.64
1382	158.37	125.81	98	1.84
1383	173.04	175.24	98	1.77
1384	69.89	166.47	99	0.97
1385	165.68	15.84	98	1
1386	85.85	10.22	98	0.95
1387	50.34	73.19	100	1.44
1388	115.83	79.57	98	1.01
1389	15.19	153.73	99	0.5
Period: 98
Tasks:7
id	x	y	end	c
496	191.02	67.65	99	96.6
497	197.9	153.23	104	111.44
498	146	135.02	103	57.81
499	70.05	25.34	100	80.44
500	132.97	166.68	102	74.39
501	108.77	180.72	99	81.2
502	118.11	69.36	105	35.59
Drivers: 10
id	x	y	end	sensitivity
1390	15.04	194.12	99	0.91
1391	174.54	44.4	100	1.07
1392	52.64	7.03	99	1.68
1393	196.78	43.43	103	1.27
1394	14.25	54.89	101	0.86
1395	89.53	25.55	99	0.51
1396	60.51	94.11	99	0.57
1397	52.75	82.2	100	1.25
1398	0.48	183.64	99	1.35
1399	34.07	8.66	100	0.74
Period: 99
Tasks:5
id	x	y	end	c
503	57.04	31.53	103	80.83
504	14.64	84.65	103	86.73
505	153.89	62.12	102	65.87
506	196.84	76.23	101	99.71
507	81.25	154.41	102	57.55
Drivers: 14
id	x	y	end	sensitivity
1400	137.33	42.76	101	0.94
1401	64.36	99.55	100	0.85
1402	139.29	172.37	101	0.83
1403	6.53	58.09	101	1.15
1404	112.82	132.23	101	1.99
1405	111.95	126.69	102	1.1
1406	5.53	94.44	99	1.59
1407	75.88	136.95	100	0.51
1408	152.49	17.53	99	1.71
1409	187.78	192.7	101	0.56
1410	153.42	68.77	101	0.58
1411	1.98	46.15	101	1.52
1412	100.77	152.75	101	1.46
1413	14.68	92.33	101	0.66
Period: 100
Tasks:6
id	x	y	end	c
508	182.25	53.12	102	94.67
509	140.32	151.34	101	65.28
510	124.36	193.08	102	96.21
511	103.72	134.3	103	34.5
512	13.7	34.6	100	108.28
513	31.75	43.4	103	88.67
Drivers: 18
id	x	y	end	sensitivity
1414	97.88	165.69	102	1.86
1415	126.34	157.98	102	1
1416	125.06	106.11	102	0.77
1417	61.38	182.89	101	1.49
1418	8.14	166.18	101	1.8
1419	24.26	111.44	103	1.45
1420	119.38	37.67	100	1.44
1421	160.84	191.96	101	1.43
1422	113.55	58.75	103	1.43
1423	178.32	49.72	101	0.64
1424	25.81	142.23	100	1.45
1425	65.14	73.6	103	1.53
1426	86.29	40.72	101	1.67
1427	128.96	25.18	101	1.24
1428	14.78	16.05	102	1.54
1429	33.08	160.4	103	1.91
1430	119.99	27.96	103	1.07
1431	63.24	20.55	104	0.98
