Periods: 100
Task Arrival Rate: 5
Task Average Time: 1
Driver Arrival Rate: 15
Driver Average Time: 3
Period: 1
Tasks:3
id	x	y	end	c
1	51.9	23.79	6	90.12
2	166.66	47.81	2	84.66
3	147.74	158	4	75.12
Drivers: 15
id	x	y	end	sensitivity
1	4.36	91.6	5	1.44
2	74.1	37.97	3	1.09
3	44.47	151.45	2	1.4
4	195.53	180.09	5	1.03
5	161.75	57.63	5	1.75
6	195.32	134.57	3	1.11
7	83.78	88.61	4	1.99
8	181.58	104.03	3	0.69
9	68.29	9.71	2	1.16
10	123.01	18.42	5	1.89
11	48.97	145.3	4	1.47
12	191.27	52.52	7	0.74
13	67.56	159.69	3	1.8
14	130.84	169.46	2	1.56
15	65.91	10.43	5	1.77
Period: 2
Tasks:6
id	x	y	end	c
4	70.1	172	3	77.96
5	88.13	55.15	3	46.39
6	26.89	5.17	4	119.74
7	143.69	59.73	4	59.42
8	21.07	18.29	5	113.61
9	167.01	182.26	5	106.1
Drivers: 19
id	x	y	end	sensitivity
16	197.34	172.87	4	1.25
17	167.06	102.67	4	1.41
18	57.33	75.4	7	0.5
19	189.9	91.76	5	0.82
20	182.89	166.53	7	0.81
21	146.18	118.51	3	1.39
22	61.13	35.69	6	1.64
23	141.59	81.67	5	0.73
24	101.93	31.69	5	1.85
25	143.45	100.2	3	1.04
26	45.44	52	2	1.47
27	146.7	78.58	7	1.56
28	142.2	51.17	7	0.55
29	82.86	199.54	6	0.63
30	192.91	181.9	7	1.14
31	76.01	125.6	4	1.17
32	142.05	51.35	8	0.89
33	144.8	126.97	3	0.57
34	110.14	162.78	7	0.76
Period: 3
Tasks:9
id	x	y	end	c
10	4.75	14.68	3	127.88
11	162.22	136.55	3	72.16
12	1.8	92.09	3	98.52
13	141.28	114.88	3	43.88
14	183.34	193.63	4	125.35
15	79.3	142.3	3	47.09
16	185.8	121.42	3	88.43
17	42.03	171.97	3	92.41
18	60.67	108.3	3	40.2
Drivers: 14
id	x	y	end	sensitivity
35	144.45	143.35	5	1.95
36	61.86	56.4	4	0.96
37	21.86	10.56	8	0.67
38	60.73	169.38	8	1.41
39	143.3	42.33	10	1.37
40	107.64	86.05	8	1.89
41	34.11	26.95	3	1.82
42	8.02	99.32	7	1.13
43	103.34	73.34	8	1.79
44	124.11	40.17	9	1.49
45	161.68	106.6	4	0.89
46	188.86	90.15	6	0.78
47	11.87	29.8	6	1.46
48	116.38	167.63	4	1.88
Period: 4
Tasks:7
id	x	y	end	c
19	49.91	123.46	5	55.31
20	4.49	96.12	4	95.59
21	93.43	44.88	6	55.51
22	36.51	40.4	5	87.08
23	38.27	49.78	4	79.58
24	60.72	128.85	4	48.74
25	87.26	113.23	4	18.37
Drivers: 10
id	x	y	end	sensitivity
49	80.36	42.5	9	1.54
50	20.51	116.47	9	1.25
51	46.96	142.56	10	1.72
52	138.3	131.55	9	1.97
53	17.17	57.16	6	0.83
54	80.84	140.9	7	1.31
55	72.01	137.18	8	1.25
56	12.36	135.05	6	0.79
57	156.09	140.78	5	1.12
58	182.58	127.38	5	1.5
Period: 5
Tasks:9
id	x	y	end	c
26	183.62	193.01	6	125.07
27	9.06	160.8	6	109.39
28	147.35	14.25	5	97.95
29	33.14	123.36	7	70.82
30	153.38	159.76	6	80.13
31	55.38	124.75	5	51.02
32	162.2	137.19	6	72.47
33	47.83	192.26	5	105.99
34	137.76	175.15	6	84.1
Drivers: 9
id	x	y	end	sensitivity
59	104	97.85	9	0.74
60	126.57	151.47	8	1.91
61	111.27	0.92	11	0.87
62	54.33	179.87	9	0.71
63	114.96	144.4	10	1.46
64	129.33	174.73	9	0.74
65	88.88	37.03	8	0.53
66	159.45	90.75	6	1.94
67	111.62	13.3	11	1.87
Period: 6
Tasks:2
id	x	y	end	c
35	156.95	71	8	63.91
36	49.51	150.72	6	71.57
Drivers: 9
id	x	y	end	sensitivity
68	22.5	76.22	7	1.03
69	46.57	66.02	8	1.54
70	149.68	3.91	9	0.69
71	61.83	106.59	11	0.92
72	168.25	23.88	9	0.6
73	178.26	114.16	7	1.71
74	82.94	112.79	13	1.07
75	34.84	94.36	9	0.78
76	127.56	183.39	7	0.82
Period: 7
Tasks:1
id	x	y	end	c
37	168.51	93.74	8	68.8
Drivers: 12
id	x	y	end	sensitivity
77	177.22	167.4	8	1.01
78	38.11	176.11	11	1.49
79	16.19	18.35	11	1.38
80	131.72	83.37	9	0.83
81	156.09	93.85	12	1.34
82	24.03	80.02	10	1.41
83	12.56	125.01	12	0.65
84	43.13	183.72	13	0.85
85	73.99	39.89	12	0.56
86	152.56	56.54	11	0.59
87	144.53	2.27	10	0.72
88	108.61	59.6	11	1.41
Period: 8
Tasks:5
id	x	y	end	c
38	60.62	107.74	8	40.13
39	26.1	71.45	8	79.22
40	75.57	15.69	10	87.78
41	1.91	188.56	8	132.15
42	116.13	63.19	9	40.19
Drivers: 16
id	x	y	end	sensitivity
89	68.46	12.77	16	1.98
90	80.45	179.54	11	1.37
91	11.4	41.41	10	1.45
92	97.87	200	9	0.95
93	52.23	174.91	9	1.15
94	70.09	51.29	12	0.89
95	30.83	77.02	11	1.49
96	53.65	166.3	15	0.55
97	199.85	140.86	13	1.37
98	66.09	121.33	11	1.97
99	92.12	126.42	10	1.46
100	64.1	16.35	13	1.46
101	41.12	166.15	11	1.18
102	183.55	62.86	10	0.62
103	142.13	59.24	11	1.24
104	181.68	111.96	11	1.85
Period: 9
Tasks:5
id	x	y	end	c
43	60.83	34.14	9	76.63
44	16.29	144.69	9	94.89
45	58.16	48.15	9	66.63
46	58.35	74.44	9	48.87
47	67.82	86.72	9	34.81
Drivers: 16
id	x	y	end	sensitivity
105	44.35	2.47	10	0.65
106	66.3	47.57	11	0.53
107	184.24	113.65	10	1.14
108	96.47	195.82	10	1.24
109	2.01	22.07	13	1.43
110	198.05	176.45	11	1.16
111	61.24	12.77	14	1.34
112	58.68	29.59	11	0.59
113	15.2	34.47	17	1.97
114	19.71	85.99	13	0.56
115	124.44	72.25	13	1.31
116	68.25	65.93	13	1.79
117	104.11	71.06	13	1.82
118	102.14	70.79	13	1.5
119	183.84	160.63	9	1.31
120	22.5	84.92	10	0.97
Period: 10
Tasks:3
id	x	y	end	c
48	155.13	147.32	10	72.65
49	148.3	113.63	11	50.19
50	154.6	95.02	11	54.83
Drivers: 15
id	x	y	end	sensitivity
121	38.22	112.4	12	1.01
122	145.24	101.72	13	1.11
123	1.79	178.5	14	1.42
124	4.19	34.77	17	1.18
125	192.66	147.2	13	1.28
126	176.77	113.65	16	1.24
127	168.42	36.14	12	1.22
128	31.65	54.85	12	1.08
129	63.11	5.64	11	1.45
130	29	137.97	13	1.47
131	108.5	102.16	14	1.63
132	188.13	75.9	11	1.52
133	171.01	109.15	13	1.35
134	52.17	195.65	13	0.55
135	86.69	135.93	13	0.7
Period: 11
Tasks:2
id	x	y	end	c
51	10.11	52.57	12	101.64
52	50.03	104.5	12	50.17
Drivers: 18
id	x	y	end	sensitivity
136	130.83	70.32	15	1.15
137	92.23	157.04	14	0.8
138	0.37	164.62	14	1.8
139	180.49	43.3	16	1.69
140	54.08	188.04	14	1.46
141	38.16	52.96	15	0.72
142	149.79	46.21	13	1.98
143	19.89	102.19	15	0.7
144	55.47	87.65	14	1.3
145	138.79	69.28	13	1.63
146	57.81	160.8	13	1.99
147	184.53	24.09	11	1.42
148	127.46	37.2	14	0.53
149	103.79	65.25	16	0.86
150	120.4	135.43	15	0.95
151	107.86	55.07	14	1.27
152	15.7	50.2	13	0.88
153	184.28	35.41	19	1.04
Period: 12
Tasks:7
id	x	y	end	c
53	194.92	102.44	13	94.95
54	21.79	33.69	12	102.54
55	38.3	177.47	13	99.04
56	133.57	121.26	13	39.74
57	72.5	79.32	12	34.41
58	72.24	161	14	67.02
59	152.28	41.46	12	78.49
Drivers: 19
id	x	y	end	sensitivity
154	176.74	173.91	16	1.51
155	149.64	31.2	15	0.54
156	16.18	91.03	15	0.85
157	148.75	160.18	17	0.69
158	46.55	124.88	13	1.11
159	27.38	20.99	14	0.62
160	151.03	20.29	14	1.17
161	25.74	106.84	15	1.12
162	174.49	190.48	12	0.52
163	15.13	190.6	13	1.58
164	60.49	46.04	15	1.17
165	161.82	112.92	13	0.55
166	36.05	130.96	13	1.74
167	22.89	143.72	17	1.46
168	0.62	23.31	15	1.35
169	29.59	78.79	16	1.98
170	95.44	140.59	15	1.5
171	154.29	173.59	17	1.36
172	67.31	95.52	16	1.31
Period: 13
Tasks:5
id	x	y	end	c
60	198.36	104.46	15	98.46
61	119.44	117.98	13	26.48
62	149.23	149.44	14	69.77
63	21.57	159.9	14	98.69
64	187.23	115.57	13	88.61
Drivers: 12
id	x	y	end	sensitivity
173	22.94	131.69	21	0.98
174	5.81	166.07	20	0.66
175	155.53	199.04	19	1.36
176	191.01	7.6	14	0.73
177	3.26	107.2	17	1.44
178	197	98.52	14	1.39
179	158.8	67.2	16	0.9
180	71.61	22.18	19	1.8
181	160.03	104.92	18	1.96
182	18.48	39.34	14	0.57
183	168.96	81.44	19	1.27
184	17.23	155.06	14	0.56
Period: 14
Tasks:5
id	x	y	end	c
65	110.35	179.14	17	79.81
66	156.6	153.28	16	77.73
67	74.25	21.66	16	82.46
68	135.5	161.65	15	71.14
69	95.67	173.18	15	73.31
Drivers: 12
id	x	y	end	sensitivity
185	158.15	39.62	16	1.22
186	6.85	8.31	15	1.03
187	82.19	145.56	15	1.04
188	120.71	23.28	16	1.92
189	170.01	125.07	21	1.71
190	172.74	126.3	17	1.46
191	114.94	81.48	21	1.82
192	102.73	3.26	17	1.04
193	97.69	67.65	20	1.5
194	192.47	67.93	17	1.41
195	179.31	198.11	17	1.49
196	23.16	7.48	17	1.59
Period: 15
Tasks:3
id	x	y	end	c
70	170.68	14.86	15	110.65
71	161.29	144.19	16	75.56
72	51.38	66	15	59.33
Drivers: 10
id	x	y	end	sensitivity
197	113.71	47.38	16	1.22
198	136.78	77.31	18	1
199	32.87	85.56	15	1.77
200	78.31	16.64	17	1.29
201	29.26	43.23	16	1.25
202	18.38	44.1	21	1.4
203	90.17	93.26	17	0.51
204	128.52	138.79	17	1.2
205	133.16	44.88	19	1.82
206	24.03	195.88	16	1.35
Period: 16
Tasks:5
id	x	y	end	c
73	82.25	116.09	16	23.96
74	134.66	164.31	19	73.06
75	0.51	131.14	19	104.25
76	166.06	78.58	18	69.45
77	67.63	127.65	16	42.57
Drivers: 16
id	x	y	end	sensitivity
207	23.49	35.29	20	1.91
208	134.62	107.68	19	1.52
209	132.67	156.91	18	0.77
210	94.61	67.21	17	0.54
211	192.41	64.01	16	1.89
212	178.06	186.6	18	1.03
213	19.98	120.82	19	0.82
214	158.74	10.96	20	1.14
215	46.71	107.52	18	0.65
216	185.59	176.14	21	1.24
217	120.5	73.72	20	0.65
218	73.47	85.61	20	1.68
219	98.3	87.96	20	0.96
220	85.22	113.86	17	1.17
221	101.24	69.89	16	1.08
222	155.15	173.69	20	1.38
Period: 17
Tasks:4
id	x	y	end	c
78	39.79	39.03	17	85.69
79	124.14	148.53	19	54.2
80	195.43	168.04	18	117.2
81	25.27	57.56	18	85.94
Drivers: 20
id	x	y	end	sensitivity
223	12.68	177.38	23	1.75
224	52.36	91.62	20	1.64
225	118.33	94.13	23	1.43
226	103.4	116.69	19	1.16
227	198.34	122.4	18	0.85
228	116.08	184.58	21	1.31
229	162.23	4.91	20	1.68
230	120.15	178.58	21	0.97
231	49	30.62	21	1.47
232	28.32	68.83	18	1.43
233	123.18	9.88	19	1.14
234	170.96	40.97	19	1.62
235	128.45	129.82	21	1.84
236	43.1	121.35	22	1.02
237	130.66	40.43	20	1.35
238	148.62	57.62	19	0.76
239	178.67	107.05	21	0.5
240	56.99	175.55	19	1.82
241	184.89	117.2	17	1.36
242	24.73	161.19	19	0.5
Period: 18
Tasks:3
id	x	y	end	c
82	111.08	78.92	20	23.81
83	69.63	141.52	18	51.44
84	87.59	28.68	19	72.39
Drivers: 9
id	x	y	end	sensitivity
243	117.06	191.68	20	1.94
244	150.63	174.78	20	1.33
245	100.08	135.8	21	1.59
246	170.07	15.77	23	1.84
247	198.68	131.6	24	0.96
248	56.2	153.38	20	0.83
249	75.59	11.04	20	1.69
250	176.59	8.96	20	0.54
251	8.7	198.23	20	0.58
Period: 19
Tasks:5
id	x	y	end	c
85	192.49	49.59	21	105.34
86	140.44	119.68	20	44.97
87	96.72	78.87	21	21.38
88	148.34	91.43	19	49.09
89	104.68	34.61	21	65.56
Drivers: 18
id	x	y	end	sensitivity
252	100.27	76.31	21	1.1
253	74.1	18.84	21	1.7
254	97.78	95.55	23	1.66
255	180.22	60.9	23	1
256	170.89	32.59	22	0.96
257	24.05	47.47	22	0.89
258	147.03	165.22	23	1.22
259	28.18	63.04	20	1.18
260	5.27	153.75	27	1.9
261	151.83	53.96	21	1.01
262	151.14	73.5	21	1.72
263	16.72	174.37	22	1.27
264	172.63	135.77	20	1.41
265	30.85	121.1	22	1.19
266	27.9	118.16	19	0.95
267	150.01	66.27	21	1.48
268	8.55	37.69	22	1.36
269	151.98	154.63	20	1.69
Period: 20
Tasks:1
id	x	y	end	c
90	54.35	11.61	20	99.48
Drivers: 13
id	x	y	end	sensitivity
270	112.97	136.86	24	1.55
271	149.69	26.02	24	1.14
272	107.76	111.28	22	0.69
273	143.66	98.85	21	1.05
274	187.91	20.45	23	1.26
275	27.79	153.95	22	0.79
276	191.02	67.8	21	1.12
277	24.98	199.87	20	0.53
278	53.8	186.97	22	1.63
279	136.64	41.89	23	1.63
280	197.64	49.3	25	0.6
281	73.71	189.9	22	1.05
282	94.45	133.15	25	1.1
Period: 21
Tasks:4
id	x	y	end	c
91	72.45	118.76	23	33.33
92	44.74	183.66	22	100.26
93	47	86.9	22	54.59
94	143.85	54.43	22	63.24
Drivers: 15
id	x	y	end	sensitivity
283	36.32	19.14	21	1.01
284	110.98	88.5	22	1.99
285	126.39	98.74	23	1.91
286	84.92	43.78	27	1.95
287	121.51	171.32	22	1.98
288	142.94	29.75	25	0.98
289	29.48	94.52	28	1.1
290	180.9	111.1	26	0.94
291	9.87	55.33	24	0.69
292	57.72	101.58	24	0.91
293	142.83	67.51	23	0.52
294	103.22	13.93	22	1.38
295	111.83	73.77	21	0.67
296	18.24	67.31	23	1.58
297	10.49	198.96	23	1.68
Period: 22
Tasks:7
id	x	y	end	c
95	146.59	123.93	24	52.38
96	57.65	79.45	24	47.07
97	182.16	19.01	23	115.37
98	133.89	16.63	24	89.99
99	3.88	47.72	22	109.42
100	194.41	97.53	24	94.44
101	9.16	81.53	22	92.7
Drivers: 16
id	x	y	end	sensitivity
298	61.43	61.42	28	1.16
299	12.98	28.27	25	0.85
300	197.43	158	24	1.46
301	161.12	151.66	24	1.83
302	187.11	123.66	28	1.18
303	21.97	39.67	26	0.99
304	159.24	167.12	23	1.64
305	36.21	155.54	22	1.9
306	15.04	24.68	25	1.11
307	51.69	29.86	23	1.22
308	39.41	1.5	27	0.74
309	106.91	11.77	25	1.52
310	163.27	5.09	26	1.74
311	76.17	103.86	23	1.19
312	149.29	181.17	24	1.44
313	113.96	109.36	26	1.57
Period: 23
Tasks:5
id	x	y	end	c
102	12.27	116.79	24	89.32
103	67.28	117.51	23	37.11
104	89.72	76.2	24	25.93
105	19.24	178.02	24	112.29
106	172	68.05	25	78.77
Drivers: 15
id	x	y	end	sensitivity
314	34.29	144.07	26	0.58
315	112.92	73.19	24	1.5
316	141.34	173.41	25	0.99
317	42.71	155.58	26	1.75
318	80.91	89.97	27	1.06
319	134	108.65	24	1.02
320	113.75	33.73	26	1.05
321	156.99	196.62	28	0.79
322	98.5	15.28	27	1.77
323	67.13	68.84	25	0.71
324	5.54	154.65	27	1.34
325	57.58	125.76	24	0.55
326	54.8	34.41	28	1.54
327	13.36	47.85	26	1.14
328	79.03	170.65	25	0.65
Period: 24
Tasks:5
id	x	y	end	c
107	27.45	127.55	25	77.6
108	177.51	62.64	25	86.04
109	57.09	199.73	25	108.57
110	106.64	117.73	25	18.93
111	78.76	77.45	25	30.98
Drivers: 21
id	x	y	end	sensitivity
329	104.62	107.31	29	0.77
330	25.83	35.4	26	1.08
331	117.92	163.48	28	1.58
332	198.27	1.68	28	0.96
333	166.32	151.81	25	1.36
334	84.65	115.58	28	0.83
335	84.06	93.48	25	1.4
336	168.09	177.12	26	1.54
337	20.51	35.16	25	1.24
338	92.5	130.23	26	1.26
339	2.94	155.11	29	1.82
340	10.96	121.37	27	1.63
341	156.82	122.22	26	1.5
342	143.59	60.28	26	0.53
343	6.93	178.3	25	0.86
344	115.78	37.38	31	1.98
345	147.63	101.71	26	0.8
346	24.38	19.34	28	1.35
347	121.36	153.65	29	0.83
348	139.42	178.59	29	1.08
349	81	67.18	26	0.74
Period: 25
Tasks:5
id	x	y	end	c
112	64.35	23.68	25	84.24
113	43.14	110.42	26	57.81
114	34.24	113.81	26	67.19
115	55.51	85.99	25	46.64
116	51.12	51.35	25	68.96
Drivers: 18
id	x	y	end	sensitivity
350	146.05	150.87	28	1.63
351	153.77	171.67	29	1.74
352	109.53	71.39	31	1.27
353	19.98	38.04	26	1.53
354	6.19	134.44	30	1.12
355	59.83	146.99	31	1.15
356	36.09	121.37	29	1.89
357	21.86	194.6	28	1.37
358	165.35	67.36	26	1.34
359	19.69	27.4	29	1.21
360	60.36	138.28	26	1.67
361	30.85	70.07	27	1.94
362	107.01	3.5	31	1.18
363	149.21	152.16	27	1.15
364	162.48	110.01	28	1.13
365	54.32	106.21	27	1.85
366	23.55	16.18	27	0.83
367	147.5	143.39	31	0.83
Period: 26
Tasks:5
id	x	y	end	c
117	153.06	183.09	26	98.59
118	93.25	159.75	29	60.13
119	191.27	164.53	28	111.78
120	37.05	138.35	29	73.71
121	170.66	122.71	28	74.22
Drivers: 16
id	x	y	end	sensitivity
368	66.47	18.36	30	1.74
369	130.92	77.35	29	1.71
370	26.92	92.02	27	1.03
371	100.63	158.57	30	1.88
372	71.49	119.11	26	1.54
373	123.29	66.86	30	1.25
374	99.38	193.27	31	1.95
375	133.78	78.64	28	1.12
376	160.07	165.07	30	0.51
377	3.1	28.97	29	0.76
378	105.22	81.34	27	1.17
379	120.93	192.84	31	1.07
380	159.12	48.41	28	2
381	190.37	183.23	31	1.71
382	143.1	167.8	33	1.05
383	88.67	68.36	28	0.54
Period: 27
Tasks:7
id	x	y	end	c
122	176.5	42.02	29	95.99
123	17.41	152.77	28	98.01
124	132.34	115.92	27	36.05
125	31.24	71.03	28	74.61
126	4.23	28.13	28	119.74
127	79.64	179.36	28	81.93
128	21.15	12.76	27	117.59
Drivers: 10
id	x	y	end	sensitivity
384	97.58	184.02	28	0.75
385	169.39	194.3	31	1.49
386	49.08	121.21	27	1.72
387	70.73	31.21	28	0.69
388	35.63	46.93	28	0.86
389	142.84	11.44	29	0.94
390	189.58	151.33	33	0.74
391	199.3	140.45	33	0.78
392	11.48	184.91	29	0.79
393	26.57	158.48	31	0.55
Period: 28
Tasks:5
id	x	y	end	c
129	39.79	106.79	29	60.59
130	184.07	136.72	29	91.74
131	83.67	41.25	32	60.98
132	138.17	146.64	29	60.27
133	87.93	33.45	28	67.64
Drivers: 17
id	x	y	end	sensitivity
394	197.7	54.44	33	1.51
395	135.18	189.62	32	1.33
396	125.62	81.61	30	1.62
397	18.22	177.19	30	1.08
398	105.08	6.97	31	1.49
399	136.03	49	31	1.9
400	117.14	84.53	30	1.56
401	68.78	64.61	32	1.11
402	68.96	167.49	36	1.08
403	14.34	137.37	32	1.73
404	112.63	10.14	31	0.99
405	158.51	103.62	31	1.71
406	16.84	86.97	30	1.42
407	48.25	130.25	32	0.68
408	91.67	110.89	31	1.72
409	72.43	12.26	31	0.88
410	59.51	25.15	31	1.02
Period: 29
Tasks:5
id	x	y	end	c
134	36.35	141.89	29	76.2
135	171.24	25.42	30	103.14
136	197.43	77.75	30	99.94
137	155.25	154.89	30	77.88
138	146.13	34.1	30	80.44
Drivers: 15
id	x	y	end	sensitivity
411	26.57	197.01	30	0.9
412	177.96	147.64	32	0.75
413	80.75	80.04	35	0.5
414	98.06	11.13	30	1.24
415	172.58	52.18	31	0.99
416	79.17	66.81	34	0.94
417	65.03	55.15	31	1.39
418	179.33	180.66	32	0.54
419	151.58	17.93	34	0.54
420	148.3	72.74	30	1.61
421	163.91	163.18	33	1.14
422	86.21	8.03	31	0.79
423	111.36	86.64	31	1.18
424	22.7	60.34	32	1.88
425	133.75	149.32	36	1.54
Period: 30
Tasks:1
id	x	y	end	c
139	94.79	23.91	30	76.27
Drivers: 12
id	x	y	end	sensitivity
426	93.02	181.34	33	1.86
427	199.58	127.81	36	1.89
428	120.75	199.92	36	1.66
429	95.08	88.58	31	0.67
430	52.94	67.44	33	0.57
431	10.36	128.42	32	1.97
432	12.49	168.49	32	0.77
433	17.11	15.17	34	1.16
434	27.73	36.69	30	1.5
435	104.48	30.67	33	1.44
436	114.22	95.37	38	1.43
437	193.41	123.76	31	0.72
Period: 31
Tasks:7
id	x	y	end	c
140	81.88	98.73	32	18.16
141	173.36	130.34	31	79.39
142	46.74	13.67	33	101.44
143	188.74	97.25	33	88.78
144	158.59	85.13	32	60.45
145	66.39	125.64	32	42.27
146	166.1	165.49	32	93.05
Drivers: 11
id	x	y	end	sensitivity
438	107.97	4.69	33	0.89
439	87.15	100.03	32	0.82
440	98.54	183.45	36	0.7
441	174.52	88.7	36	1.37
442	163.69	135.57	33	1.48
443	197.17	126.92	32	1.02
444	7.54	127.23	36	0.59
445	73.09	72.42	34	1.17
446	3.78	146.29	35	0.72
447	19.88	129.84	35	1.45
448	53.29	38.37	34	1.03
Period: 32
Tasks:4
id	x	y	end	c
147	143.11	94.87	33	43.41
148	46.18	17.1	32	98.84
149	88.04	158.37	32	59.58
150	132.42	190.54	32	96.17
Drivers: 12
id	x	y	end	sensitivity
449	120.15	86.39	36	1.9
450	160.03	66.97	39	1.52
451	114.86	41.34	34	1.22
452	106.84	79.26	35	1.97
453	92.7	26.23	36	1.51
454	13.43	119.32	33	1.01
455	123.2	191.19	36	1.77
456	91.16	75.28	35	1.81
457	3.16	68.37	34	0.52
458	44.52	72.57	35	1.14
459	176.07	93.46	38	0.93
460	102.6	13.93	38	0.67
Period: 33
Tasks:5
id	x	y	end	c
151	148.28	140.74	33	63.17
152	79.47	28.89	35	74.01
153	90.15	67.18	36	34.27
154	12.2	43.76	33	104.27
155	85.6	23.69	34	77.66
Drivers: 14
id	x	y	end	sensitivity
461	30.69	31.79	38	1.03
462	174.09	37.29	35	1.42
463	124.56	95.8	35	1.48
464	36.65	20.51	35	1.74
465	174.01	127.84	38	1.85
466	76.78	182.32	37	0.88
467	1.23	65.21	35	1.1
468	151.6	51.91	35	0.54
469	196.57	69.67	36	1.29
470	185.99	42.67	36	1.02
471	9.2	24.68	35	0.61
472	37.47	26.06	35	1.14
473	33.49	86.64	38	0.64
474	103.96	9.22	36	1.9
Period: 34
Tasks:10
id	x	y	end	c
156	51.19	111.8	34	50.22
157	133.05	145.79	34	56.47
158	95.71	109.25	36	10.2
159	84	134.41	35	37.95
160	86.46	95.87	34	14.16
161	65.11	160.13	35	69.52
162	170.3	53.04	35	84.54
163	105.24	76.95	36	23.64
164	85.9	91.42	34	16.51
165	75.62	3.37	35	99.66
Drivers: 19
id	x	y	end	sensitivity
475	20.94	186.03	37	0.78
476	143.3	80.07	34	1.79
477	99.46	168.8	36	1.08
478	118.19	155.87	38	0.53
479	36.83	55.22	40	1.38
480	110.08	21.32	39	0.6
481	50.59	167.6	39	1.11
482	36.94	185.37	36	1.58
483	4.26	151.7	36	0.84
484	15.49	113.59	38	0.89
485	124.63	125.12	39	1.95
486	157.39	101.92	37	1.69
487	95.23	35.88	36	1.98
488	58.24	91.75	40	0.61
489	96.52	46.06	39	0.96
490	131.44	46.78	40	1.81
491	188.29	184.52	39	1.83
492	125.45	181.28	36	0.86
493	52.02	71.7	39	0.9
Period: 35
Tasks:3
id	x	y	end	c
166	44.92	111.64	36	56.3
167	31.54	49.96	36	84.8
168	127.66	59.14	36	49.34
Drivers: 19
id	x	y	end	sensitivity
494	26.66	182.56	36	0.83
495	187.58	194.81	37	1.48
496	135.1	153.44	38	1.29
497	38.54	33.95	38	1.29
498	130.02	108.39	35	1.74
499	123.73	90.21	41	1.21
500	131.97	41.13	37	1
501	176.36	182.08	38	0.55
502	61.48	111.51	42	1.58
503	158.55	144.98	38	0.97
504	108.43	152.32	37	1.3
505	176.46	153.82	38	1.2
506	122.7	65.52	37	1.66
507	70.9	95.28	40	1.98
508	5.46	30.47	37	1.63
509	61.06	78.26	42	1.86
510	36.47	7.12	39	0.59
511	68.44	72.48	39	1.18
512	128.23	53.41	39	1.6
Period: 36
Tasks:6
id	x	y	end	c
169	145.7	10.37	36	100.61
170	5.79	42.22	37	110.52
171	172.19	52.1	37	86.64
172	106.06	185.27	37	85.49
173	141.8	62.5	36	56.16
174	150.42	110.45	36	51.49
Drivers: 23
id	x	y	end	sensitivity
513	66.78	102.29	39	1.12
514	175.1	51.1	40	1.86
515	164.23	10.01	39	0.51
516	20.18	175.1	37	0.91
517	107.63	164.48	38	1.54
518	193.5	18.75	40	1.12
519	36.46	62.4	38	0.92
520	131.94	21.03	40	1.47
521	96.63	164.34	41	1.33
522	184.96	9.05	38	1.98
523	2.87	109.6	42	1.24
524	52.21	73.53	37	0.53
525	74.29	83.23	40	1.01
526	51.55	62.77	41	0.83
527	164.22	36.99	42	1.14
528	125.68	159.89	38	1.48
529	64.98	189.81	36	1.66
530	35.45	40.3	41	1.92
531	29.28	25.66	40	1.69
532	143.53	25.63	38	1.23
533	52.15	103.59	40	1.84
534	163.89	186.05	39	0.54
535	133.88	137.52	43	0.81
Period: 37
Tasks:7
id	x	y	end	c
175	152.57	93.28	38	53
176	49.44	37.11	37	80.69
177	131.01	70.79	40	42.6
178	165.7	95.42	37	65.86
179	129.64	113.32	38	32.5
180	30.34	196.33	39	118.88
181	144.17	195.87	38	105.56
Drivers: 21
id	x	y	end	sensitivity
536	9.65	75.87	41	0.52
537	155.97	8.71	38	1.54
538	38.47	172.49	39	1.96
539	187.43	90.62	40	1.73
540	192.29	17.58	42	1.89
541	96.87	152.28	40	0.91
542	143.06	145.06	41	1.92
543	147.28	146.47	41	0.71
544	109.8	134	40	0.59
545	49.62	18.19	38	1.55
546	34.8	92.86	39	1.98
547	120.53	198.01	39	1.92
548	178.88	42.13	38	1.97
549	144.06	140.52	39	1.12
550	24.49	59.57	43	1.2
551	15.26	164.15	39	0.6
552	149.46	117.25	38	1.4
553	22.18	185.11	39	0.55
554	48.36	126.96	41	0.58
555	148.19	182.83	41	1.18
556	146.91	124.93	40	1.42
Period: 38
Tasks:4
id	x	y	end	c
182	85.36	182.05	39	83.35
183	194.88	22.73	38	122.36
184	12.26	53.51	38	99.3
185	115.37	143.1	39	45.76
Drivers: 14
id	x	y	end	sensitivity
557	45.76	150.6	44	1.1
558	55	61.6	41	1.04
559	177.25	48.04	39	0.59
560	108.79	27.17	39	0.83
561	79.95	95.24	43	1.33
562	165.78	92.27	41	1.62
563	81.35	54.29	42	1.62
564	53.16	108.48	41	1.96
565	31.06	75.37	38	1.76
566	69.23	15.77	38	1
567	171.85	33.69	41	1
568	93.07	63.79	43	0.67
569	32.32	109.32	39	0.87
570	116.7	15.14	39	0.9
Period: 39
Tasks:2
id	x	y	end	c
186	70.27	63.1	41	47.39
187	95.33	49.23	39	50.98
Drivers: 12
id	x	y	end	sensitivity
571	57.87	157.98	42	0.74
572	66.51	154.46	40	1.99
573	85.31	141.42	43	1.04
574	33.44	51.58	40	1.15
575	67.03	125.3	40	1.63
576	153.04	60.29	39	0.98
577	81.2	34.33	48	1.9
578	111.06	193.98	44	1.57
579	141.28	169.95	42	1.67
580	124.82	24.48	42	0.66
581	91.42	71.5	40	1.58
582	21.69	38.21	43	1.96
Period: 40
Tasks:3
id	x	y	end	c
188	56.48	94.96	40	43.81
189	0.63	98.68	42	99.38
190	145.38	147.04	41	65.36
Drivers: 12
id	x	y	end	sensitivity
583	68.55	32.18	45	1.17
584	64.08	154.33	42	1.21
585	85.93	182.78	47	0.69
586	133	61.03	44	1.64
587	87.2	65.46	44	0.96
588	94.34	131.07	42	1.65
589	111.67	102.14	41	1.36
590	117.8	110.35	43	1.25
591	168.08	98.92	43	1.97
592	151.68	176.27	44	1.45
593	74.34	186.71	42	1.58
594	167.1	192.52	44	1.42
Period: 41
Tasks:6
id	x	y	end	c
191	35.73	31.36	42	94.03
192	24.52	178.14	41	108.64
193	109.55	25.7	42	74.91
194	158.19	179.85	44	98.8
195	86.27	158.45	41	60.04
196	136.13	193.25	41	100
Drivers: 20
id	x	y	end	sensitivity
595	70.09	149.49	43	0.99
596	116.59	178.52	45	1
597	96.55	98.48	42	1.08
598	20.47	155.87	46	1.77
599	104.74	182.24	45	0.96
600	0.36	128.99	43	0.97
601	37.89	64.35	46	0.67
602	104.72	165.64	45	0.57
603	48.93	152.85	45	1.31
604	139.05	115.65	43	1.38
605	2.29	194.48	47	1.45
606	169.7	153.57	43	0.62
607	92.62	171.99	45	1.85
608	62.22	162.75	44	1.03
609	60.37	166.93	42	1.27
610	70.02	198.06	43	0.71
611	9.46	111.64	44	0.84
612	83.91	69.07	45	1.96
613	13.07	128.4	46	1.11
614	103.78	172.73	44	1.09
Period: 42
Tasks:5
id	x	y	end	c
197	72.81	181.81	42	86.21
198	181.7	8.31	42	122.81
199	160.76	155.32	44	82.17
200	22.64	147.4	42	90.73
201	162.33	188.36	42	108.13
Drivers: 14
id	x	y	end	sensitivity
615	179.85	21.95	44	0.5
616	188.2	8.44	44	0.74
617	116.28	170.24	48	1.95
618	45.36	181.66	48	1.98
619	29.15	159.48	45	0.92
620	3.3	139.03	43	1.36
621	119.13	19.79	46	1.5
622	144.39	63.69	45	1.79
623	37.64	109.75	43	1.2
624	138.86	13.78	48	1.48
625	69.77	121.74	44	1.68
626	130.1	90.24	49	0.86
627	36.11	95.98	47	1.06
628	28.11	19.03	44	1
Period: 43
Tasks:3
id	x	y	end	c
202	143.57	143.54	43	61.6
203	16.24	6.84	46	125.28
204	20.23	148.56	45	93.39
Drivers: 18
id	x	y	end	sensitivity
629	193.71	41.37	46	1.43
630	90.87	56.4	44	0.88
631	52.98	161.94	47	1.47
632	169.45	24.43	47	1.69
633	48.4	167.59	45	1.86
634	107.04	142.17	45	0.56
635	155.19	147.45	45	1.81
636	54	65.69	45	1.25
637	43.24	136.33	44	0.99
638	178.56	113.48	48	0.87
639	126.22	20.1	48	0.75
640	198.13	184.92	44	0.63
641	109.03	56.71	46	1.13
642	72.23	118.75	49	1.42
643	157.02	60.26	48	0.62
644	155.93	111.78	47	1.14
645	48.72	69.46	44	1.32
646	89.39	19.31	44	1.25
Period: 44
Tasks:10
id	x	y	end	c
205	119.25	52	44	51.72
206	40.12	41.8	45	83.5
207	39.73	159.42	44	84.64
208	100.91	156.59	45	56.6
209	88.77	130.51	45	32.51
210	114.89	173.35	45	74.85
211	161.15	173.84	44	95.87
212	171.17	150.09	45	87.03
213	11.45	30.95	45	112.29
214	186.51	192.99	45	127.01
Drivers: 13
id	x	y	end	sensitivity
647	116.19	59.62	44	1.61
648	182.11	151.22	47	1.88
649	74.87	147.11	48	1.61
650	153.48	123.21	44	0.65
651	157.15	113.49	46	1.98
652	133.63	79.58	48	1.57
653	170.28	73.07	47	1.76
654	177.93	173.93	44	1.59
655	54.19	87.58	46	1.35
656	44.72	192.4	44	0.9
657	194.47	96.59	49	1.49
658	3.39	120.69	50	1.98
659	45.48	147.1	48	0.86
Period: 45
Tasks:7
id	x	y	end	c
215	146.13	25.1	46	87.97
216	55.33	150.87	48	67.7
217	55.59	67.87	46	54.81
218	194.61	108.53	45	94.99
219	87.72	139.72	47	41.57
220	38.67	142.08	46	74.38
221	17.46	137.6	47	90.7
Drivers: 14
id	x	y	end	sensitivity
660	184.68	91.62	49	0.65
661	111.68	57.34	47	1.37
662	120.3	116.56	48	0.63
663	58.09	155.16	50	0.61
664	70.64	136.47	48	1.05
665	158.29	139.52	48	1.57
666	146.88	10.5	48	1.38
667	81.25	85.1	46	1.03
668	122.09	184.81	50	1.09
669	54.11	178.8	48	1.88
670	5.72	28.14	46	1.8
671	98.79	138.72	47	0.63
672	78.21	26.07	49	0.63
673	153.86	105.71	48	0.98
Period: 46
Tasks:4
id	x	y	end	c
222	165.56	34.52	46	92.66
223	19.56	18.83	48	114.28
224	16.42	77.28	46	86.61
225	85.61	183.37	46	84.6
Drivers: 14
id	x	y	end	sensitivity
674	13.5	62.21	48	0.56
675	33.89	87.15	51	1.51
676	5.4	135.88	50	1.83
677	150.62	126.04	53	0.69
678	88.22	1.49	48	1.88
679	48.45	44.54	47	0.52
680	40.96	35.6	47	1.37
681	180.02	159.05	50	1.09
682	151.85	76.52	50	0.97
683	183.64	33	52	0.74
684	140.42	171.92	49	1.02
685	146.45	15.52	49	1.84
686	164.69	57.16	50	1.33
687	171.39	157.69	46	1.42
Period: 47
Tasks:6
id	x	y	end	c
226	162.41	186.81	48	106.92
227	90.84	196.1	48	96.54
228	101.77	6.9	47	93.12
229	38.5	110.5	49	62.39
230	52.04	102.45	47	48.02
231	67.28	134.44	47	47.5
Drivers: 16
id	x	y	end	sensitivity
688	14	27.13	51	0.93
689	139.32	91.59	50	1
690	121.7	137.22	55	1.11
691	6.44	195.92	52	0.87
692	137.97	139.47	49	0.74
693	106.11	63.55	49	1.85
694	167.79	51.02	49	1.73
695	38.33	49.86	48	1.88
696	46.63	90.01	50	1.24
697	121.61	138.03	49	1.68
698	78.69	196.88	50	0.84
699	14	119.3	49	1.47
700	18.12	190.87	49	1.54
701	7.78	150.98	54	0.79
702	164.55	6.86	49	0.66
703	36.43	152.94	51	1.7
Period: 48
Tasks:6
id	x	y	end	c
232	115.5	144.01	50	46.66
233	69.29	19.45	50	86.21
234	153.12	61.4	50	65.66
235	126.78	115.08	48	30.73
236	100.3	48.35	49	51.65
237	144.72	128.76	48	53.17
Drivers: 14
id	x	y	end	sensitivity
704	9.26	87.13	52	0.69
705	118.47	157.36	50	0.59
706	25.99	182.69	49	1.06
707	85.24	143.5	49	0.59
708	165.87	68.67	52	1.62
709	108.89	159.96	52	0.84
710	98.2	138.45	50	0.57
711	136.75	150.52	50	1.05
712	95.56	17.77	49	1.6
713	173.23	183.97	52	1.42
714	192.62	103.12	52	0.93
715	136.6	20.22	52	1.1
716	45.27	180.41	52	1.86
717	57.76	47.4	49	1.53
Period: 49
Tasks:4
id	x	y	end	c
238	111.22	165.89	50	66.84
239	27.98	155.13	50	90.7
240	82.4	166.34	50	68.63
241	129.57	137.22	50	47.54
Drivers: 12
id	x	y	end	sensitivity
718	82.3	184.38	53	0.52
719	126.98	26.82	55	0.7
720	70.85	19.2	53	1.68
721	153.72	47.39	51	0.82
722	41.14	15.6	54	1.3
723	35.07	13.88	52	1.35
724	13.77	163.77	55	1.77
725	83.1	44.86	54	1.94
726	194.06	113.12	52	1.85
727	183.49	137.93	50	1.23
728	172.45	110.86	52	1.47
729	70.23	37.83	51	0.89
Period: 50
Tasks:2
id	x	y	end	c
242	45.13	156.24	50	78.57
243	138.94	100.98	51	38.95
Drivers: 16
id	x	y	end	sensitivity
730	124.45	164.1	58	1.16
731	127.56	175.18	50	0.88
732	31.35	29.61	54	1.06
733	7.42	137.61	53	0.86
734	40.88	88.82	54	1.41
735	96.6	59.95	58	1.4
736	160.46	103.79	52	0.84
737	14.7	187.66	52	0.83
738	184.64	29.91	52	1.68
739	13.87	18.54	54	1.18
740	64.14	129.42	53	1.06
741	70.37	97.71	51	1.82
742	158.26	55.14	51	0.88
743	51.12	52.05	53	1.82
744	89.34	48.74	54	0.7
745	106.04	186.58	54	1.28
Period: 51
Tasks:6
id	x	y	end	c
244	31.36	54.23	51	82.5
245	197.52	106.61	52	97.74
246	189.42	10.4	51	126.59
247	47.76	84.72	52	54.43
248	160.52	31.18	51	91.65
249	80.82	125.06	52	31.56
Drivers: 13
id	x	y	end	sensitivity
746	112.74	75.72	54	0.75
747	16.73	173.71	56	0.84
748	168.83	24.88	53	1.23
749	110.25	75.81	53	0.86
750	42.18	89.97	60	0.58
751	123.66	199.76	53	0.72
752	31.91	124.22	58	0.6
753	190.43	4.33	54	1.3
754	109.36	173.21	53	0.64
755	140.8	5.72	55	0.91
756	46.48	14.96	55	1.61
757	105.19	51.81	55	1.4
758	109.36	187.22	53	0.73
Period: 52
Tasks:4
id	x	y	end	c
250	19.15	176.39	52	111.23
251	149.41	80.32	54	53.19
252	11.03	150.58	53	102.34
253	27.15	126.39	52	77.48
Drivers: 12
id	x	y	end	sensitivity
759	149.4	181.66	56	1.99
760	97.14	179.2	56	0.59
761	30.43	114.94	54	2
762	95.4	151.86	57	1.69
763	39.7	36.4	56	1.2
764	53.63	19.46	53	1.51
765	154.5	168.93	58	1.23
766	125.6	57.67	53	1.01
767	11.23	15.07	59	1.3
768	128.83	195.03	56	1.52
769	6.25	193.61	57	1.05
770	102.69	168.53	54	1.85
Period: 53
Tasks:7
id	x	y	end	c
254	169.6	15.86	53	109.2
255	184.71	5.64	53	126.81
256	40.28	187.79	54	106.18
257	47.85	102.21	55	52.2
258	54.42	54.59	53	64.34
259	14.79	194.81	54	127.47
260	39.17	62.24	55	71.6
Drivers: 17
id	x	y	end	sensitivity
771	25.27	50.19	62	1.49
772	137.89	121.15	56	0.81
773	149.01	16.13	55	1.63
774	60.88	30.58	55	1.51
775	100.01	124.82	55	1.32
776	123.4	160.81	57	1.14
777	87.24	132.7	55	1.86
778	196.78	84.66	54	1
779	51.43	40.29	54	1.4
780	168.57	120.36	57	1.46
781	111.84	57.28	55	1.6
782	104.3	112.73	57	0.84
783	25.98	169.28	56	1.87
784	9.74	84.17	56	1.58
785	137.57	109.9	57	0.61
786	59.58	109.09	56	1.03
787	22.35	64.58	55	0.82
Period: 54
Tasks:4
id	x	y	end	c
261	168.55	57.82	54	80.49
262	81.3	65.33	55	39.39
263	114.68	197.39	55	98.49
264	104.7	121.82	59	22.32
Drivers: 16
id	x	y	end	sensitivity
788	88.1	187.49	54	1.53
789	85.73	90.66	61	0.59
790	51.11	123.6	59	1.03
791	9.41	123.94	59	1.23
792	115.72	184.8	54	0.51
793	79.31	137.85	57	1.93
794	118.58	101.28	57	0.53
795	198.76	125.92	54	0.63
796	162.56	150.26	59	1.49
797	144.99	106.56	54	1.77
798	38.37	91.41	57	1.03
799	110.42	45.48	57	0.66
800	32.55	135.46	55	1.14
801	50.69	126.44	56	1.15
802	68.11	32.13	54	1.61
803	5.22	198.09	57	1.4
Period: 55
Tasks:3
id	x	y	end	c
265	55.57	176.12	57	88.14
266	125.4	183	55	86.8
267	199.79	35.68	55	118.72
Drivers: 13
id	x	y	end	sensitivity
804	73.5	116.41	58	1.42
805	115.77	139.6	59	0.66
806	168.68	155.95	56	0.56
807	92.42	81.29	59	1.59
808	86.88	68.28	58	1.82
809	29.4	168.29	57	1.86
810	10.41	26.41	59	0.86
811	47.74	120.52	57	1.3
812	133.14	124.55	55	1.98
813	43.2	66.25	57	1.57
814	182.25	114.28	57	1.2
815	168.45	169.56	56	0.8
816	152.72	4.44	57	1.51
Period: 56
Tasks:7
id	x	y	end	c
268	103.06	154.63	56	54.72
269	20.68	95.17	57	79.47
270	62.34	129.84	56	48.05
271	127.49	15.16	57	89.18
272	157.86	1.51	57	114.23
273	116.17	125.6	58	30.28
274	137.84	49.23	56	63.32
Drivers: 13
id	x	y	end	sensitivity
817	137.56	101.12	59	1.52
818	89.55	157.08	60	1.51
819	130.66	149.8	59	1.49
820	73.65	192.25	58	1.55
821	163.97	124.13	58	1.84
822	93.68	146.55	60	0.64
823	194.81	96.21	60	1.43
824	188.56	113.92	58	0.6
825	194.38	158.98	61	1.49
826	88.84	139.75	58	1.92
827	40.62	170.47	57	0.55
828	166.24	105.92	60	1.52
829	190.4	60.08	62	1.57
Period: 57
Tasks:3
id	x	y	end	c
275	6.12	28.61	57	117.94
276	160.14	99.55	57	60.14
277	155.23	116.26	59	57.57
Drivers: 12
id	x	y	end	sensitivity
830	140.99	38.76	60	1.81
831	135.62	171.96	63	1.18
832	92.48	167.84	60	1.04
833	194.53	121.97	59	0.99
834	133.15	19.49	61	1.78
835	37.56	125.07	58	1.86
836	198.36	19.81	62	0.59
837	15.88	178.96	59	1.99
838	124.1	198.67	58	0.82
839	185.33	165.12	60	0.69
840	50.91	124.87	63	1.13
841	167.88	122.09	60	0.84
Period: 58
Tasks:4
id	x	y	end	c
278	153.94	109.29	58	54.73
279	122.11	129.16	59	36.59
280	86.12	183.2	58	84.35
281	109.31	124.31	58	26.03
Drivers: 18
id	x	y	end	sensitivity
842	196.18	145.3	61	1
843	184.64	102.1	61	1.71
844	116.12	180.49	61	1.73
845	17.15	65.93	62	0.98
846	23.54	164.16	65	0.59
847	193.9	80.79	60	1.43
848	90.8	131.01	62	1.11
849	69.8	73.48	61	1.68
850	154.17	139.02	62	1.16
851	58.49	111.56	59	1.14
852	79.32	95.45	64	0.83
853	7.54	199.95	61	1.59
854	150.76	116.24	62	0.86
855	69.64	173.83	59	1.41
856	89.17	23.19	61	0.8
857	96.31	68.69	62	1.45
858	89.86	40.75	62	1.11
859	191.73	158.26	63	1.6
Period: 59
Tasks:5
id	x	y	end	c
282	183.98	131.78	59	89.79
283	33.16	119.3	59	69.57
284	144.74	171.63	61	84.45
285	74.3	161.26	59	66.43
286	47.95	30.38	59	86.93
Drivers: 19
id	x	y	end	sensitivity
860	161.06	160.85	61	1.25
861	43.9	110.42	61	1.44
862	66.67	158.73	62	1.22
863	70.46	30.71	61	1.9
864	57.53	135.86	62	1.3
865	145.53	126.02	62	0.83
866	75.82	70.93	62	1.95
867	7.67	174.97	59	0.97
868	101.05	56.68	62	1.17
869	30.04	90.35	64	1.11
870	2.22	47.61	61	1.08
871	176.75	195.93	62	1.69
872	143.54	65.33	62	0.5
873	105.44	165.19	62	0.7
874	8.74	5.71	61	1.83
875	36.73	83.01	60	1.99
876	107.88	107.32	61	1.81
877	103.26	52.47	65	1.99
878	198.39	60.04	61	1.19
Period: 60
Tasks:1
id	x	y	end	c
287	135.58	148.88	61	60.46
Drivers: 13
id	x	y	end	sensitivity
879	66.2	170.28	64	1.93
880	105.06	120.78	63	1.94
881	114.85	97.57	64	0.86
882	164.55	157.39	66	1.82
883	15.94	73.94	65	1.12
884	55.62	108.16	68	1.34
885	13.21	179.27	63	1.79
886	81.38	37.79	63	1.64
887	64.19	69.16	62	1.23
888	110.93	61.61	62	0.76
889	110.07	183.15	61	1.29
890	171.83	38.41	63	0.72
891	42.52	112.83	60	1.43
Period: 61
Tasks:5
id	x	y	end	c
288	149.51	97.95	64	49.55
289	152.28	56.57	63	67.97
290	51.48	21.15	62	92.58
291	50.45	159.38	62	77.34
292	14.78	61.18	61	93.65
Drivers: 17
id	x	y	end	sensitivity
892	173.19	179.55	64	0.87
893	124.26	148.02	62	1.01
894	178.51	41.89	63	0.97
895	5.57	66.29	68	0.9
896	51.64	196.78	64	0.85
897	66.56	82.23	63	1.05
898	151.35	190.8	64	1.5
899	48.54	85.61	62	1.05
900	99.29	114	63	1.78
901	88.77	38.2	62	0.64
902	200	127.15	64	0.74
903	60.82	88.23	64	0.84
904	78.71	80.09	65	1.87
905	132.57	147.72	63	1.59
906	86.28	34.4	63	1.67
907	25.29	114.76	64	1.01
908	170.89	185.26	61	0.56
Period: 62
Tasks:10
id	x	y	end	c
293	110.26	190.84	65	91.42
294	130.18	170.53	62	76.72
295	196.89	149.56	64	108.83
296	61.31	131.76	63	50.06
297	99.66	61.43	63	38.57
298	88.97	65.62	64	36.11
299	180.19	20.06	63	113.23
300	188.84	72.98	62	92.86
301	51.87	165.44	64	81.23
302	46.89	56.97	63	68.35
Drivers: 14
id	x	y	end	sensitivity
909	10.42	128.33	64	1.3
910	161.03	72.37	63	1.69
911	63.95	93.91	63	0.81
912	146.55	192.02	66	1.69
913	55.13	87.76	69	1.22
914	30.4	149.11	66	1.61
915	141.15	121.84	67	0.88
916	107.34	66.45	62	0.69
917	62.57	5.42	63	0.81
918	1.88	115.47	67	1.68
919	119.87	28.89	65	1.83
920	153.77	46.15	65	1.8
921	181.27	0.37	66	0.56
922	3.06	176.06	67	0.89
Period: 63
Tasks:5
id	x	y	end	c
303	87.94	34.36	64	66.74
304	174.44	9.72	63	117.01
305	168.74	174.48	63	101.35
306	159.58	22.06	64	98.1
307	95.04	53.35	63	46.91
Drivers: 16
id	x	y	end	sensitivity
923	83.18	115.7	69	0.71
924	66.67	103.7	68	0.97
925	37.08	43.48	64	0.6
926	103.64	173.01	68	1.22
927	44.59	161.39	64	1.62
928	151.58	91.09	66	1.27
929	80.01	184.07	68	1.93
930	8.6	110.14	66	1.31
931	85.9	63.09	63	0.75
932	92.31	64.11	69	0.75
933	129.06	155.36	66	1.29
934	92.83	50.01	64	1.5
935	151.5	48.04	68	1.83
936	183.64	6.12	67	1.54
937	199.81	182.08	66	1.88
938	48.8	165.21	67	1.14
Period: 64
Tasks:5
id	x	y	end	c
308	76.42	169.86	64	73.73
309	171.18	34.11	64	97
310	109.47	25.23	64	75.37
311	117.16	183.96	64	85.7
312	66.35	185.31	64	91.71
Drivers: 18
id	x	y	end	sensitivity
939	92.35	71.27	66	1.38
940	145.6	96.37	67	0.69
941	109.78	91.34	66	1.94
942	43.01	187.62	67	0.53
943	131.22	28.71	66	1.39
944	121.22	154.15	66	1.26
945	121.11	34.3	71	0.98
946	120.8	8.48	69	0.67
947	64.94	93.72	65	1.27
948	74.17	81.3	70	0.91
949	134.49	107.87	67	1.14
950	99.55	38.44	65	0.6
951	166.99	123.6	66	1.76
952	131.39	41.74	67	1.72
953	15.82	9.65	69	1.93
954	173.55	111.63	69	0.69
955	95.98	31.41	69	1.78
956	170.06	178.32	68	0.78
Period: 65
Tasks:6
id	x	y	end	c
313	74.45	50.93	66	55.32
314	178.32	77.54	65	81.48
315	91.06	24.58	66	75.95
316	160.31	25.43	66	95.91
317	49.25	14.1	65	99.77
318	164.84	29.4	67	95.86
Drivers: 17
id	x	y	end	sensitivity
957	93.81	94.78	66	0.82
958	40.58	99.04	68	0.82
959	8.8	175.78	67	1.18
960	156.91	165.45	67	0.97
961	7.22	98.3	67	0.92
962	183.76	70.52	69	1.16
963	171.53	20.63	67	0.91
964	81.99	40.84	68	1.12
965	23.13	102.39	66	1.85
966	116.16	119.65	67	1.71
967	142.99	28.79	67	1.5
968	93.24	93.79	65	0.96
969	139.71	5.6	69	1.89
970	82.85	160.25	68	0.54
971	141.83	65.13	70	1.86
972	104.72	70.3	69	0.61
973	41.7	53.74	71	0.58
Period: 66
Tasks:4
id	x	y	end	c
319	161.16	57.32	66	74.58
320	85.72	156.94	67	58.7
321	164.31	26.9	66	97.36
322	186.07	156.85	67	103.15
Drivers: 18
id	x	y	end	sensitivity
974	27.42	18.27	69	0.62
975	15.92	95.12	68	1.92
976	17.58	36.51	69	1.91
977	131.77	106.88	69	1.62
978	96.58	61.87	69	1.34
979	15.63	158.42	70	1.22
980	122.25	47.42	70	1.48
981	194.44	7.59	66	0.95
982	48.99	96.09	67	1.84
983	108.98	12.37	69	0.68
984	53.47	174.6	67	0.97
985	97.76	144.85	70	0.64
986	197.89	152.66	67	1.61
987	145.33	69.94	67	1.29
988	70.56	134.55	68	1.44
989	152.04	79.13	69	1.31
990	60.35	49.06	68	1.82
991	106.89	112.16	68	0.65
Period: 67
Tasks:8
id	x	y	end	c
323	74.87	131.3	69	40.14
324	177.31	46.91	67	93.78
325	115.15	18.22	69	83.17
326	19.79	55.26	67	91.84
327	41.87	168.54	67	89.87
328	9.25	50.88	68	103.19
329	195.09	46.53	68	109.09
330	107.29	92.71	69	10.31
Drivers: 14
id	x	y	end	sensitivity
992	8.22	121.84	70	1.48
993	120.92	102.41	70	1.45
994	58.2	114.07	72	0.96
995	45.29	87.21	71	1.21
996	153.44	193.07	69	1.78
997	175.06	20.61	69	1.44
998	17.2	147.23	69	1.38
999	196.64	165.53	76	0.81
1000	6.52	122.39	70	1.66
1001	196.28	198.51	72	0.65
1002	184.91	117.99	70	1.55
1003	189.72	121.3	72	1.83
1004	8.41	174.75	70	1.43
1005	102.89	129.45	69	1.47
Period: 68
Tasks:5
id	x	y	end	c
331	124.94	110.98	72	27.25
332	89.4	144.05	71	45.31
333	138.33	98.18	69	38.37
334	113.07	156.59	68	58.08
335	7.78	73.43	69	95.97
Drivers: 14
id	x	y	end	sensitivity
1006	115.81	158.63	72	1.29
1007	173.65	33.99	72	1.93
1008	28.64	22.76	73	1.99
1009	150.46	65.41	70	1.62
1010	126.74	38.78	71	0.94
1011	64.14	186.76	73	1.95
1012	164.06	39.88	72	0.67
1013	39.7	155.14	73	0.72
1014	180.85	97.95	71	0.53
1015	43.72	173.18	71	1.3
1016	4.44	1.44	70	1.93
1017	117.54	6.17	70	1.47
1018	19.51	80.14	71	0.76
1019	174.73	174.7	75	1.46
Period: 69
Tasks:6
id	x	y	end	c
336	86.81	124.17	69	27.53
337	85.83	94.63	69	15.15
338	5.1	83.09	70	96.39
339	80.81	167.71	70	70.38
340	64.73	5.57	70	100.8
341	185.7	127.51	69	90.01
Drivers: 12
id	x	y	end	sensitivity
1020	40.56	8.99	72	1.36
1021	13.88	169.25	69	1.64
1022	43.04	187.96	72	1.23
1023	198.11	107.26	71	1.32
1024	166.65	94.23	71	0.58
1025	54.81	91.16	72	0.93
1026	56.42	39.86	75	0.71
1027	18.88	117.04	69	1.15
1028	134.83	6.24	74	1.66
1029	117.27	4.77	73	0.68
1030	52.52	112.59	72	0.74
1031	24.86	73.08	71	0.55
Period: 70
Tasks:6
id	x	y	end	c
342	152.51	31.5	72	86.31
343	155.24	54.2	71	71.76
344	77.78	82.47	71	28.3
345	43.17	23.15	72	95.58
346	44.31	77.39	71	60.1
347	195.36	8.57	71	132.11
Drivers: 11
id	x	y	end	sensitivity
1032	188.64	164.54	72	0.89
1033	147.68	148.56	73	0.86
1034	20.05	48.04	78	1.8
1035	3.26	48.59	71	0.92
1036	15.11	184.39	75	1.74
1037	42.03	138.9	71	1.52
1038	23.38	157.73	72	1.44
1039	14.21	85.17	71	1.94
1040	95.23	61.31	73	1.82
1041	124.57	45.13	74	1.73
1042	117.26	107.64	75	0.86
Period: 71
Tasks:7
id	x	y	end	c
348	9.28	90.99	71	91.17
349	147.96	81.86	73	51.28
350	48.67	30.01	71	86.79
351	119.85	116.34	72	25.71
352	115.14	63.03	72	39.95
353	179.67	38.78	72	100.47
354	116.68	36.07	72	66.07
Drivers: 15
id	x	y	end	sensitivity
1043	8.43	164.89	73	1.76
1044	174.1	45.32	72	1.47
1045	188.52	164.4	73	1.34
1046	39.97	140.11	72	1.36
1047	117.22	52.28	74	1.23
1048	31.8	88.16	76	1.39
1049	185.4	2.79	74	1.96
1050	106.29	92.21	75	1.21
1051	142.82	134.49	76	1.14
1052	94.75	11.3	72	0.67
1053	198.99	77.54	74	1.13
1054	46.53	11.14	74	1.04
1055	20.49	41.76	78	1.13
1056	162.11	82.98	73	1.74
1057	177.14	88.16	75	1.73
Period: 72
Tasks:6
id	x	y	end	c
355	63.67	20.64	73	87.28
356	120.34	99.29	72	20.35
357	43.15	81.71	74	59.72
358	88.86	102.22	73	11.36
359	31.13	18.37	73	106.8
360	99.64	135.26	72	35.26
Drivers: 9
id	x	y	end	sensitivity
1058	74.36	65.13	77	0.76
1059	82.23	191.5	75	1.74
1060	8.54	136.46	73	1.09
1061	39.6	114.18	74	0.85
1062	141.81	153.29	76	1.28
1063	8.93	36.8	74	0.7
1064	50.98	100.66	72	0.52
1065	19.96	185.25	73	0.99
1066	198.58	66.36	75	1.98
Period: 73
Tasks:1
id	x	y	end	c
361	198.77	197.76	75	138.97
Drivers: 14
id	x	y	end	sensitivity
1067	90.61	114.33	74	1.95
1068	53.47	195.54	76	0.54
1069	90.19	122.74	77	1.37
1070	139.24	140.33	73	0.51
1071	82.77	46.16	76	0.7
1072	61.1	148.1	75	0.61
1073	134.29	7.39	78	0.96
1074	189.95	27.33	76	1.63
1075	24.65	14.58	77	0.55
1076	132.71	150	75	0.93
1077	55.65	50.81	77	0.84
1078	83.56	43.28	75	1.26
1079	47.7	45.66	80	0.64
1080	113.95	9.67	76	1.12
Period: 74
Tasks:6
id	x	y	end	c
362	92.68	165.02	75	65.43
363	132.58	171.52	75	78.59
364	36.02	145.35	74	78.42
365	157.53	29.62	74	90.9
366	30.24	47.18	76	87.5
367	111.36	189.79	75	90.51
Drivers: 18
id	x	y	end	sensitivity
1081	125.19	30.69	79	1.12
1082	123.05	169.26	75	0.66
1083	24.65	153.54	76	0.63
1084	152.61	71.84	75	1.44
1085	141.8	2.8	80	1.57
1086	161.07	39.66	78	0.86
1087	183.75	152.76	77	1.92
1088	51.41	99.64	77	0.82
1089	130.05	148.15	75	1.26
1090	5.12	179.3	76	0.88
1091	158.59	37.11	74	1.76
1092	100.41	93.68	78	1.01
1093	112.5	67.63	78	0.52
1094	90.75	196.91	79	1.94
1095	33.32	145.32	76	0.6
1096	107.61	132.14	76	0.7
1097	97.66	7.05	76	1.41
1098	140.54	196.63	77	1.79
Period: 75
Tasks:6
id	x	y	end	c
368	22.14	126.24	76	82.16
369	156.84	75.58	76	61.86
370	106.06	175.87	77	76.11
371	52.21	6.46	76	105.04
372	72.2	115.64	76	31.9
373	167.25	25.25	76	100.55
Drivers: 13
id	x	y	end	sensitivity
1099	199.84	162	77	0.88
1100	95.83	131.19	77	0.64
1101	185.6	35.48	78	1.88
1102	171.18	108.05	77	1.68
1103	97.16	77.02	81	1.35
1104	16.35	94.2	80	0.65
1105	163.08	170.67	76	1.05
1106	15.08	92.4	78	1.44
1107	156.71	193.22	77	1.2
1108	163.61	53.39	78	1.76
1109	156.52	131.93	78	1.91
1110	174.93	42.84	80	0.6
1111	148.44	110.74	76	1.5
Period: 76
Tasks:10
id	x	y	end	c
374	72.1	130.17	81	41.09
375	133.3	85.89	77	36.17
376	153.94	167.19	76	86.16
377	107.85	184.2	77	84.57
378	96.76	185.03	77	85.09
379	161.37	187.65	77	107
380	146.58	182.95	78	95.13
381	4.42	146.92	76	106.48
382	88.95	192.57	77	93.23
383	33.55	80.98	77	69.12
Drivers: 10
id	x	y	end	sensitivity
1112	75.58	177.09	78	1.99
1113	192.07	91.12	77	1.39
1114	161.25	82.72	77	1.14
1115	165.38	14.05	78	0.65
1116	105.93	171.95	78	1.7
1117	15.85	53.79	77	1.14
1118	76.85	30.01	79	1.53
1119	102.25	199.46	80	1.03
1120	56.45	155.85	79	1.17
1121	170.46	163.3	79	0.6
Period: 77
Tasks:3
id	x	y	end	c
384	45.46	65.05	77	64.78
385	91.79	130.03	78	31.13
386	1.63	89.33	79	98.95
Drivers: 18
id	x	y	end	sensitivity
1122	118.06	48.65	81	0.58
1123	88.42	105.1	82	1.87
1124	127.27	95.46	80	1.13
1125	157.82	85.12	80	1.64
1126	171.94	50.99	80	1.54
1127	130.27	82.24	79	1.8
1128	21.45	181.9	80	1.73
1129	26.32	19.44	84	0.91
1130	24.75	0.41	77	0.94
1131	167.4	49.13	77	1.1
1132	186.54	95.56	78	1.45
1133	66.5	144.39	82	1.26
1134	158.96	180.94	81	1.1
1135	67.27	85.77	82	0.67
1136	48.69	98.37	79	0.53
1137	140.34	197.19	80	1
1138	122.29	14.37	79	0.62
1139	130.14	190.24	82	0.93
Period: 78
Tasks:5
id	x	y	end	c
387	66.7	140.32	78	52.29
388	96.85	116.06	78	16.37
389	98.2	140.6	78	40.64
390	190.04	190.25	78	127.48
391	92.27	133.89	79	34.76
Drivers: 11
id	x	y	end	sensitivity
1140	198.31	34.99	82	1.33
1141	15.36	51.46	84	0.94
1142	157.89	69.73	82	1.04
1143	185.6	117.69	80	1.12
1144	150.87	127.1	81	0.69
1145	186.57	187.46	79	0.5
1146	125.64	179.34	84	0.68
1147	115.71	62.17	82	0.8
1148	71.95	49.45	81	1.61
1149	19.08	75.6	85	0.63
1150	14.2	21.97	81	1.1
Period: 79
Tasks:3
id	x	y	end	c
392	121.02	53.03	82	51.46
393	59.52	143.03	80	59.08
394	158.33	180.48	79	99.4
Drivers: 19
id	x	y	end	sensitivity
1151	63.48	100.35	79	0.89
1152	173.74	176.2	84	1.36
1153	75.56	153.95	84	0.52
1154	61.97	8.15	82	1.93
1155	17.47	149.28	80	1.54
1156	123.04	69.76	83	1.22
1157	119.2	38.6	83	1.36
1158	143.04	41.9	81	1.57
1159	5.01	181.95	83	1.36
1160	161.5	94.23	85	0.52
1161	164.64	70.63	85	0.84
1162	15.53	105.95	80	0.52
1163	163.17	12.11	80	1.02
1164	45.91	73.55	80	0.72
1165	165.22	113.5	81	0.9
1166	21.96	55.08	81	1.3
1167	75.15	124.75	82	1.51
1168	162.29	91.79	81	1.65
1169	11.3	36.11	81	1.89
Period: 80
Tasks:3
id	x	y	end	c
395	17.7	128.78	82	87.19
396	136.79	139.31	82	53.84
397	69.14	194.17	81	99.1
Drivers: 14
id	x	y	end	sensitivity
1170	75.41	124.58	82	0.64
1171	152.36	77.81	86	1.38
1172	21.78	157.93	81	1.29
1173	95.69	7.91	81	1.56
1174	142.44	137.8	81	0.62
1175	94.85	80.83	84	0.69
1176	121.7	147.08	82	1.4
1177	88.52	81.23	81	1.26
1178	174.45	188.54	81	0.94
1179	168.4	33.39	83	1.69
1180	28.64	194.24	81	1.51
1181	83.1	92.09	82	1.88
1182	96.29	178.58	82	1.74
1183	32.35	26.81	82	0.6
Period: 81
Tasks:5
id	x	y	end	c
398	146.32	78.1	83	51.24
399	173.78	153.38	82	91.07
400	131.53	151.25	81	60.17
401	114.08	134.04	82	36.84
402	98.98	180.42	81	80.43
Drivers: 19
id	x	y	end	sensitivity
1184	153.19	188.39	83	1.31
1185	31.7	110.71	84	1.99
1186	199.39	19.24	86	1.42
1187	192.01	135.72	86	1.5
1188	28.72	186.93	84	1.37
1189	195.22	82.69	85	1.22
1190	165.22	58.77	81	1.19
1191	63.27	74.13	85	0.95
1192	121.47	165.79	85	0.77
1193	28.2	105.21	83	0.84
1194	168.5	109.3	81	0.78
1195	131.01	0.36	81	0.82
1196	25.06	3.88	81	0.76
1197	69.08	53.01	84	1.47
1198	1.94	40	83	0.84
1199	196.34	151.57	85	1.13
1200	36.04	6.28	83	1.84
1201	185.38	184.18	82	0.54
1202	93.95	134.75	87	1.59
Period: 82
Tasks:5
id	x	y	end	c
403	60.37	119.18	82	44.03
404	170.49	142.55	84	82.34
405	155.96	152.61	82	76.81
406	29.71	9.7	84	114.43
407	69.77	63.97	83	47.03
Drivers: 21
id	x	y	end	sensitivity
1203	89.89	154.84	87	1.75
1204	33.83	143.93	87	1.85
1205	14.87	106.06	84	1.56
1206	140.43	81.71	82	1.09
1207	156.97	12.31	82	1.84
1208	46.22	57.23	85	0.63
1209	65.86	175.2	86	0.72
1210	38.18	93.73	83	1.35
1211	157.49	23.97	85	1.28
1212	133.61	139.22	84	0.6
1213	117.39	145.72	89	1.32
1214	139.09	48.03	85	1.82
1215	76.33	77.9	84	1.66
1216	36.56	192.06	85	1.96
1217	141.08	162.54	85	1.43
1218	153.24	40.75	86	1.79
1219	155.93	10.61	84	0.95
1220	112.59	133.95	87	0.64
1221	163.72	4.68	86	0.56
1222	144.75	2.25	84	1.65
1223	63.91	190.06	82	1.67
Period: 83
Tasks:7
id	x	y	end	c
408	184.09	181.57	84	117.15
409	155.81	92.28	85	56.34
410	152.47	31.02	83	86.67
411	113.55	169.71	83	71.01
412	72.92	146.7	86	53.98
413	48.64	20.7	85	94.48
414	62.02	108.48	84	38.92
Drivers: 16
id	x	y	end	sensitivity
1224	2.44	149.44	88	1.99
1225	64.41	7.75	85	1.4
1226	87.1	11.55	87	0.95
1227	159.36	64.57	88	1.42
1228	66.82	127.98	85	1.99
1229	106.98	153.13	88	1.72
1230	17.37	136.82	84	0.54
1231	186.71	191.71	85	0.63
1232	57.3	30.47	87	1.05
1233	77.67	31.8	87	1.19
1234	39.98	4.87	85	0.76
1235	97.63	33.01	86	0.63
1236	190.59	25.68	86	1.19
1237	163.31	60.01	84	1.45
1238	71.75	142.27	85	0.76
1239	113.27	181.43	89	0.52
Period: 84
Tasks:5
id	x	y	end	c
415	122.3	46.56	84	57.91
416	88.63	90.53	86	14.8
417	2.78	195.01	88	135.94
418	53.05	38.55	85	77.33
419	85.82	28.66	86	72.74
Drivers: 13
id	x	y	end	sensitivity
1240	137.47	180.6	87	1.74
1241	181.33	95.79	87	1.65
1242	3.47	123.15	88	1.22
1243	157.85	109.58	85	1.32
1244	12.89	53.46	85	1.39
1245	160.49	90.78	88	1.8
1246	86.51	196.3	86	1.82
1247	121.9	46.91	86	0.58
1248	143.27	82.89	87	1.89
1249	52.45	144.48	87	1.17
1250	84.39	99.09	90	0.56
1251	108.31	180.58	86	1.52
1252	7.24	54.83	85	1.88
Period: 85
Tasks:8
id	x	y	end	c
420	135.99	141.84	87	55.19
421	123.28	25.13	86	78.41
422	33.31	38.82	85	90.5
423	65.48	58.29	86	54.14
424	148.59	6.9	86	105.02
425	85.3	108.95	85	17.21
426	151.55	156.95	86	76.82
427	103.78	117.38	87	17.79
Drivers: 18
id	x	y	end	sensitivity
1253	63.01	104.61	87	1.1
1254	79.37	41.82	90	1.99
1255	188.59	10.94	86	0.75
1256	73.96	66.33	86	1.78
1257	199.07	190.41	90	1.6
1258	107.01	63.72	89	1.64
1259	165.15	108.57	90	1.21
1260	188.97	192.18	87	1.07
1261	8.53	47.32	89	1.85
1262	59.35	42.72	89	1.91
1263	97.37	193.11	85	0.87
1264	35.8	114.83	90	1.28
1265	49.98	147.4	88	1.79
1266	24.13	25.13	88	1.9
1267	40.35	18.82	88	0.87
1268	130.24	178.42	86	1.17
1269	139.31	155.98	87	1.98
1270	77.41	171.44	86	1.44
Period: 86
Tasks:4
id	x	y	end	c
428	130.9	34.95	87	72.02
429	164.83	18.22	87	104.36
430	127.68	163.42	89	69.2
431	133.54	151.35	87	61.33
Drivers: 18
id	x	y	end	sensitivity
1271	23.45	40.07	90	1.82
1272	39.15	145.94	88	1.17
1273	77.89	85.34	89	0.83
1274	116.05	126.31	86	1.99
1275	171.1	168.72	86	1.32
1276	94.12	98.46	91	1.6
1277	182.75	155.51	88	1.42
1278	35.51	32.07	89	0.5
1279	55.79	30.31	89	1.41
1280	185.77	133.06	88	1.6
1281	175.84	54.86	88	1.69
1282	195.3	63.13	90	0.53
1283	91.55	185.74	90	0.74
1284	189.62	133.41	88	0.94
1285	199.22	108.16	88	1.6
1286	166.91	137.01	88	0.83
1287	79.84	100.45	90	0.51
1288	111.66	41.34	87	1.55
Period: 87
Tasks:9
id	x	y	end	c
432	66.81	179.68	89	86.32
433	37.41	192.97	87	112.08
434	153.97	93.25	87	54.39
435	22.54	145.36	87	89.76
436	133.51	199.29	88	104.79
437	120.36	138.95	89	43.95
438	58.23	90.57	88	42.82
439	126.9	122.48	90	35.06
440	90.64	23.95	87	76.62
Drivers: 15
id	x	y	end	sensitivity
1289	155.17	142.12	88	1.06
1290	195.54	18.79	88	1.96
1291	169.53	70.74	90	1.25
1292	108.5	98.31	87	1.77
1293	172.9	97.45	87	1.87
1294	115.56	160.5	87	0.58
1295	84.59	38.09	88	1.4
1296	156.52	38.77	93	1.25
1297	77.74	103.41	89	1.94
1298	68.25	151.63	88	1.56
1299	19.17	2.51	87	1.93
1300	5.54	2.18	88	0.96
1301	58.79	115.22	90	0.94
1302	74.99	184.99	88	0.76
1303	120.14	101.11	94	1.49
Period: 88
Tasks:4
id	x	y	end	c
441	53.43	197.3	88	107.87
442	134.68	3.32	88	102.71
443	178.2	152.68	89	94.29
444	163.28	25.76	89	97.55
Drivers: 16
id	x	y	end	sensitivity
1304	174.6	11.89	92	0.79
1305	60.91	163.32	90	1.41
1306	116.66	107.34	90	1.92
1307	158.69	75.68	92	1.59
1308	62.46	82.88	90	1.76
1309	8.37	197.15	91	1.91
1310	162.85	24.53	94	0.96
1311	66.52	3.85	89	1.93
1312	199	0.14	90	1.72
1313	140.25	96.4	90	0.77
1314	121.26	117.91	90	1.34
1315	51	22.11	90	0.51
1316	40.61	55.55	93	1.36
1317	42.77	167.57	93	0.54
1318	162.82	112.52	90	1.24
1319	36.99	33.27	92	0.96
Period: 89
Tasks:6
id	x	y	end	c
445	186.16	34.9	89	107.99
446	65.21	37.66	90	71.39
447	62.96	6.16	93	100.89
448	157.97	57.48	91	71.89
449	169.14	72.34	89	74.47
450	157.78	121.34	90	61.59
Drivers: 15
id	x	y	end	sensitivity
1320	181.53	194.23	94	1.54
1321	20.04	109.6	90	1.05
1322	45.75	43.45	90	1.37
1323	131.43	84.48	93	0.9
1324	129.71	49.78	89	1.95
1325	71.08	111.13	95	1.85
1326	126.65	45.68	93	1.15
1327	9.8	22.75	91	1.14
1328	34.32	139.26	94	1.86
1329	186.84	116.96	94	1.73
1330	96.26	162.17	93	1.08
1331	19.84	180.35	89	1.8
1332	54.64	3.51	91	1.21
1333	196.86	196.21	92	1.91
1334	124.52	80.31	92	1.09
Period: 90
Tasks:3
id	x	y	end	c
451	195.39	98.03	91	95.41
452	179.37	141.11	92	89.38
453	59.6	177.77	93	87.64
Drivers: 13
id	x	y	end	sensitivity
1335	178.67	48.66	91	1.53
1336	37.75	144.22	93	1.75
1337	109.49	74.17	93	1.92
1338	27.43	151.78	93	1.45
1339	150.2	83.27	92	1.81
1340	81.9	31.9	92	1
1341	57.92	110.58	95	1.07
1342	125.57	145.7	93	1.17
1343	26.95	137.49	91	0.55
1344	150.84	2.48	93	1.45
1345	181.43	175.05	93	1.77
1346	178.64	20.76	91	0.94
1347	10.34	27.72	93	1.31
Period: 91
Tasks:5
id	x	y	end	c
454	157.06	179.5	91	97.86
455	76.22	183.61	91	86.93
456	47.16	39.51	94	80.32
457	18.92	2.67	93	126.68
458	89.12	36.25	92	64.67
Drivers: 14
id	x	y	end	sensitivity
1348	6.42	62.92	96	1.82
1349	125.66	37.89	92	0.84
1350	33.74	141.47	94	0.82
1351	182.45	1.28	94	1.4
1352	46.94	66.91	93	1.25
1353	66.46	27.51	96	1.11
1354	42.81	167.5	91	1.89
1355	174.5	171.26	93	1.82
1356	39.13	114.52	94	1.2
1357	171.02	138.58	94	1.65
1358	92.48	150.7	94	1.5
1359	72.42	12.86	94	1.05
1360	142.97	147.87	92	1.72
1361	102.85	86.2	95	1.03
Period: 92
Tasks:2
id	x	y	end	c
459	124.53	199.48	93	102.46
460	44.81	94.26	94	55.49
Drivers: 18
id	x	y	end	sensitivity
1362	39.65	71.95	94	0.74
1363	48.61	41.86	97	1.07
1364	84.52	118.23	95	1.29
1365	125.9	164.07	96	1.96
1366	197.47	148.49	95	1.12
1367	199.78	117.26	92	0.5
1368	163.26	168.42	94	1.14
1369	189.79	14.55	94	0.54
1370	122.08	25.91	92	1.13
1371	83.88	130.56	95	1.86
1372	99.78	55.44	95	1.62
1373	137.31	170.93	96	0.6
1374	80.31	101.63	95	1.27
1375	150.43	113.52	93	0.92
1376	98.67	61.22	92	1.12
1377	5.56	185.39	93	0.78
1378	93.3	85.46	93	1.6
1379	107.74	32.69	95	1.41
Period: 93
Tasks:5
id	x	y	end	c
461	38.3	25.34	93	96.86
462	118.97	38.03	93	64.81
463	184.59	6.83	93	125.84
464	97.63	198.53	93	98.56
465	5.32	28.51	94	118.64
Drivers: 15
id	x	y	end	sensitivity
1380	167.93	22.53	97	1.91
1381	49.96	7.34	98	0.81
1382	14.35	171.46	94	1.06
1383	81.83	43.59	96	1.25
1384	170.61	47.8	94	0.92
1385	126.84	111.77	99	1.7
1386	77.28	56.16	94	1.71
1387	2.41	44.02	97	0.86
1388	18.92	115.45	96	1.41
1389	124.25	32.24	97	1.31
1390	135.28	123.18	97	1.1
1391	55.97	124.37	95	1.14
1392	76.57	129.76	96	1.45
1393	142.76	27.17	95	1.98
1394	96.32	146.6	93	1.28
Period: 94
Tasks:4
id	x	y	end	c
466	99.78	11.4	95	88.6
467	156.48	71.65	98	63.2
468	168.33	75.65	95	72.54
469	127.88	126.84	96	38.7
Drivers: 23
id	x	y	end	sensitivity
1395	131.45	73.73	99	1.23
1396	197.46	119.3	100	1.84
1397	189.48	52.08	96	0.91
1398	99.07	198.34	96	1.67
1399	81.97	61.09	97	1.87
1400	186.1	138.98	100	1.19
1401	26.42	97.5	95	1.85
1402	27.28	137.36	96	1.53
1403	155.98	183.37	99	0.96
1404	35.79	131.74	97	1.92
1405	190.96	54.55	95	1.67
1406	192.72	137.47	96	1.08
1407	7.61	188.06	95	0.77
1408	15.41	159.35	99	1.48
1409	113.61	47.32	96	1.1
1410	51.85	197.63	99	1.25
1411	133.22	199.26	95	1.2
1412	102.49	86.58	95	1.72
1413	23.71	98.13	96	0.91
1414	85.86	5.4	97	1.27
1415	55.16	32.12	98	1.98
1416	48.4	18.77	97	1.62
1417	78.36	11.41	101	0.52
Period: 95
Tasks:10
id	x	y	end	c
470	159.38	83.24	95	61.7
471	134.82	27.28	96	80.63
472	172.3	143.99	95	84.63
473	1.39	182.18	96	128.36
474	53.7	2.38	95	108.04
475	10.4	101.87	97	89.62
476	115.86	51.06	95	51.45
477	65.84	109.4	95	35.43
478	179.1	129.91	97	84.57
479	154.49	75.39	96	59.79
Drivers: 20
id	x	y	end	sensitivity
1418	29.56	127.25	99	1.22
1419	135.71	158.57	97	1.45
1420	184.94	77.81	96	1.71
1421	19.34	20.51	98	1.47
1422	103.06	32.7	96	0.69
1423	45	133.79	97	0.87
1424	64.34	26.5	97	1.71
1425	13.34	186.18	100	0.86
1426	173.06	188	98	1.57
1427	163.53	75.74	97	0.73
1428	96.24	172.91	95	1.53
1429	18.04	42.54	96	1.32
1430	184.93	111.9	96	0.62
1431	83.55	131.88	99	0.64
1432	150.04	188.68	97	1.68
1433	179.04	112.2	97	1.91
1434	39.96	98.91	98	1.38
1435	189.77	46.83	96	0.51
1436	25.77	106.83	97	0.61
1437	187.95	98.75	101	1.37
Period: 96
Tasks:6
id	x	y	end	c
480	184.45	196.7	96	128.38
481	166.26	198.2	97	118.46
482	96.18	169.18	97	69.29
483	144.84	88.84	97	46.21
484	194.35	52.01	96	105.85
485	22.55	65.55	97	84.77
Drivers: 20
id	x	y	end	sensitivity
1438	77.71	62.87	100	1.66
1439	126.71	27.74	100	1.48
1440	160.07	102.77	100	1.73
1441	5.87	98.57	97	1.38
1442	34.87	93.62	100	1.57
1443	183.33	161.32	97	1.65
1444	171.55	94.97	98	1.66
1445	144.66	1.01	98	1.15
1446	160.38	35.74	96	1.69
1447	174.61	84.68	97	0.53
1448	103.49	120.78	100	0.75
1449	64.97	191.67	98	0.86
1450	175.83	92.56	97	1.42
1451	44.96	6.44	99	0.56
1452	30.65	184.27	102	1.6
1453	77.03	154.71	99	0.98
1454	160.44	72.32	105	0.89
1455	33.23	48.29	98	1.14
1456	13.24	28.52	103	0.68
1457	63.48	139.47	99	1.62
Period: 97
Tasks:7
id	x	y	end	c
486	161.17	163.93	98	88.48
487	175.93	153.76	98	93.03
488	160.2	100.7	97	60.2
489	113.8	109.24	98	16.61
490	151.94	14.13	100	100.36
491	110.05	150.5	100	51.49
492	43.84	80.87	98	59.33
Drivers: 16
id	x	y	end	sensitivity
1458	152.61	90.92	101	1.77
1459	154.41	65.64	101	0.83
1460	132.3	21.86	100	1.63
1461	21.53	142.09	99	1.97
1462	35.85	130.22	104	0.94
1463	82.23	129.21	100	0.96
1464	13.11	74.21	99	0.81
1465	113.35	11.54	101	0.87
1466	16.34	102.85	99	1.25
1467	27.8	53.18	101	1.45
1468	118.43	106.17	100	0.9
1469	60.35	53.47	101	0.87
1470	107.07	131.18	101	0.88
1471	33.34	16.1	101	0.78
1472	78.89	7.29	101	0.52
1473	109.26	113.25	101	1.67
Period: 98
Tasks:6
id	x	y	end	c
493	150.21	15.15	100	98.59
494	116.77	56.68	99	46.45
495	30.14	31.13	98	98.1
496	16.78	47.01	98	98.66
497	40.4	178.87	101	98.86
498	34.8	6.89	98	113.67
Drivers: 18
id	x	y	end	sensitivity
1474	9.7	147.85	103	1.87
1475	147.75	117.71	101	1.81
1476	137.1	62.65	100	1.27
1477	23.12	133.24	105	1.31
1478	77.98	115.94	99	1.63
1479	131.8	79.15	99	1.92
1480	11.35	92.71	103	1.49
1481	104.53	100.97	103	1.44
1482	59.36	135.96	103	0.6
1483	193.61	197.8	101	1.47
1484	142.15	188.8	100	0.99
1485	89.76	104.51	104	1.56
1486	29.92	70.91	100	1.72
1487	45.45	129.57	100	0.68
1488	131.61	127.99	100	1.64
1489	52.18	2.98	100	1.59
1490	70.98	154.17	102	0.67
1491	129.85	19.51	99	0.55
Period: 99
Tasks:5
id	x	y	end	c
499	17.43	11.22	99	121.24
500	54.35	81.65	100	49.2
501	110.62	109.22	101	14.06
502	10.42	165.2	99	110.8
503	45.51	113.2	99	56.07
Drivers: 13
id	x	y	end	sensitivity
1492	51.48	58.17	101	0.66
1493	75.83	193.42	101	0.56
1494	63.97	134.14	99	1.6
1495	24.89	79.55	102	1.58
1496	40.5	180.07	102	0.6
1497	127.48	30.16	101	1.79
1498	86.75	136.94	100	1.43
1499	58.33	33.54	104	1.97
1500	153.51	45.38	102	1.7
1501	63.5	151.52	102	0.93
1502	55.59	190.32	99	1.34
1503	100.74	154.03	101	0.98
1504	23.62	187.53	104	1.49
Period: 100
Tasks:6
id	x	y	end	c
504	46.08	40.86	101	80.03
505	71.91	14.46	102	90.03
506	193.73	60.31	100	101.79
507	14.57	125.3	101	89.1
508	177.87	30.35	102	104.47
509	175.4	181.98	100	111.38
Drivers: 15
id	x	y	end	sensitivity
1505	68.93	146.8	102	0.71
1506	96.09	51.43	104	1.44
1507	64.99	184.3	101	0.71
1508	179.69	188.97	104	1.83
1509	103.09	193.9	104	0.51
1510	97.51	63.94	105	1.75
1511	7.38	53.99	103	0.93
1512	121.38	134.21	102	0.62
1513	40.65	173.57	103	1.84
1514	175.22	123.53	103	1.83
1515	113.71	33.42	103	1.28
1516	97.53	4.97	100	1.13
1517	76.35	72.75	103	0.88
1518	11.79	27.98	103	0.84
1519	43.7	73.22	101	1.19
