Periods: 100
Task Arrival Rate: 10
Task Average Time: 2
Driver Arrival Rate: 15
Driver Average Time: 1
Period: 1
Tasks:9
id	x	y	end	c
1	118.1	82.66	4	25.07
2	79.46	162.76	3	66.04
3	142.13	19.98	2	90.43
4	182.47	109.66	1	83.03
5	70.99	166.38	6	72.44
6	16.52	172.21	1	110.38
7	120.77	175.84	1	78.63
8	171.37	53.61	3	85.12
9	141.8	175.47	3	86.27
Drivers: 12
id	x	y	end	sensitivity
1	158.37	137.16	2	1.95
2	74.73	57.33	1	1.48
3	94.47	38.87	1	1.59
4	36.9	117.37	1	1.94
5	166.28	11.91	3	1.37
6	46.85	61.57	2	1.14
7	58.95	103.55	2	1.22
8	138.73	176.26	2	1.38
9	129.55	111.02	2	0.7
10	175	195.3	1	1.98
11	105.48	180.64	5	1.92
12	33.44	171.01	2	1.46
Period: 2
Tasks:9
id	x	y	end	c
10	156.5	62.38	3	67.88
11	115.62	95.41	3	16.28
12	119.99	90.43	3	22.16
13	112.94	94.39	4	14.1
14	173.8	186.6	2	113.78
15	103.91	124.35	4	24.66
16	44.41	122.06	7	59.81
17	119.51	59.15	3	45.27
18	197.87	28.95	3	120.94
Drivers: 10
id	x	y	end	sensitivity
13	58.33	12.64	4	1.38
14	174.27	93.63	3	1.14
15	174.9	26.6	5	0.84
16	92.91	40.69	3	1.75
17	120.6	88.24	2	1.31
18	179.27	71.81	4	1.09
19	15.37	128.36	2	0.81
20	152.05	76.64	4	1.86
21	159.3	167.23	3	0.69
22	91.47	49.41	3	1.72
Period: 3
Tasks:9
id	x	y	end	c
19	176.46	152.24	3	92.6
20	115.72	153.38	5	55.65
21	198.63	109.35	3	99.07
22	13.6	0.33	6	131.91
23	177.49	108.45	5	77.95
24	135.67	76.71	4	42.6
25	151.64	24.87	7	91.17
26	129.37	75.83	6	38.04
27	44.08	9.52	4	106.37
Drivers: 18
id	x	y	end	sensitivity
23	16.54	11.75	4	1.18
24	51.26	104.61	4	1.56
25	163.77	16.91	4	1.34
26	84.22	143.45	3	0.99
27	69.97	183.69	4	1.88
28	71.04	23.39	4	0.65
29	30.09	185.54	6	1.1
30	64.8	114.25	5	0.64
31	31.11	153.68	3	1.68
32	181.55	15.17	3	0.7
33	79.53	141.95	4	0.93
34	162.33	110.94	4	1.12
35	116.7	8.32	3	1.12
36	167.5	69.98	4	1.11
37	143.79	189.32	4	1.28
38	112.7	159.55	7	1.77
39	187.7	125.98	4	1.57
40	72.09	1.93	3	1.31
Period: 4
Tasks:8
id	x	y	end	c
28	6.83	0.04	9	136.65
29	74.83	195.65	7	98.91
30	145	126.89	4	52.42
31	78.75	104	5	21.62
32	88.89	188.3	7	89
33	26.3	0.69	8	123.67
34	188.3	25.75	7	115.37
35	29.72	166.99	8	97.09
Drivers: 19
id	x	y	end	sensitivity
41	66.58	24.42	5	0.53
42	140.86	120.39	5	0.75
43	115.42	119.56	4	2
44	54.72	44.81	5	0.8
45	109.95	47.47	6	0.96
46	115.06	96.87	6	0.84
47	64.77	34.79	5	1.91
48	28.16	58.05	5	0.58
49	35.84	180.65	4	0.94
50	103.2	104.48	5	1.09
51	122.09	125.35	6	0.79
52	187.22	179.41	6	0.55
53	155.42	172.29	7	0.73
54	103.42	92.08	5	1.78
55	100.07	177.93	4	1.04
56	21.16	189.77	5	0.62
57	54.83	88.37	6	1.45
58	96.78	3.1	6	0.89
59	35.01	17.45	5	0.67
Period: 5
Tasks:10
id	x	y	end	c
36	14.57	180.47	5	117.36
37	170.26	129.19	11	76.08
38	125.25	139.11	10	46.55
39	75.02	149.94	6	55.84
40	57.94	61.83	5	56.8
41	40.94	196.24	8	112.92
42	15.38	111.13	7	85.35
43	45.98	69.98	5	61.8
44	67.21	194.78	7	100.29
45	91.39	18.28	7	82.17
Drivers: 18
id	x	y	end	sensitivity
60	49.05	124.16	6	1.41
61	13.54	73.59	5	1.58
62	121.14	45.69	5	1.14
63	149.51	81.34	6	1.56
64	155.95	197.95	5	0.88
65	64.62	65.89	7	1.82
66	95	95.41	6	0.97
67	0.15	197.16	5	1.68
68	71.44	181.16	5	0.52
69	140.49	84.07	6	1.96
70	90.71	159.87	6	1.98
71	103.76	81.14	5	0.88
72	53.98	164.79	7	0.76
73	167.03	86.06	7	1.94
74	70.15	93.92	8	1.86
75	186.68	151.85	5	1.65
76	105.3	144.26	6	1.64
77	90.89	151.37	8	1.2
Period: 6
Tasks:14
id	x	y	end	c
46	114.42	16.11	9	85.12
47	20.11	149.59	7	94.03
48	30.66	130.31	9	75.68
49	197.91	180.7	8	126.88
50	79.14	187.01	8	89.48
51	84.33	171.14	6	72.85
52	68.65	134.95	8	46.95
53	62.71	2.14	6	104.72
54	73.43	43.81	10	62.16
55	45.58	101.15	9	54.43
56	144.12	156.32	8	71.54
57	16.53	29.23	7	109.43
58	173.28	111.98	7	74.25
59	85.04	9.74	8	91.49
Drivers: 14
id	x	y	end	sensitivity
78	32.66	26.58	6	1.6
79	32.54	92.88	6	1.6
80	111.91	44.48	7	0.87
81	170.57	24.05	8	0.56
82	28.24	54.59	8	0.7
83	63.15	42.94	7	0.94
84	125.13	161.36	6	1.47
85	122.23	190.34	7	1.19
86	22.45	83.68	6	1.53
87	199.01	51.88	6	0.64
88	73.69	103.01	7	1.83
89	45.8	180.75	9	1.21
90	79.92	172.34	7	1.08
91	131.78	197.84	7	1.49
Period: 7
Tasks:9
id	x	y	end	c
60	62.24	3.99	9	103.17
61	51.51	104.79	10	48.73
62	47.19	83.23	8	55.41
63	192.49	44.27	7	107.98
64	106.31	105.67	8	8.48
65	151.99	57.74	10	67
66	1.8	3.83	7	137.45
67	84.35	139.23	10	42.24
68	104.95	75.8	8	24.7
Drivers: 13
id	x	y	end	sensitivity
92	81.33	58.1	7	1.15
93	192.66	88.27	7	1.74
94	177.45	138.85	7	0.96
95	100.99	150.49	9	1.53
96	115.46	106.94	9	1.44
97	84.15	140.09	8	1.7
98	37.96	103.14	9	1.99
99	75.3	34.77	7	1.67
100	49.19	104.84	8	1.04
101	43.73	29.58	8	1.56
102	19.67	154.63	9	1.8
103	86.95	151.69	7	1.64
104	104.94	90.26	7	0.62
Period: 8
Tasks:3
id	x	y	end	c
69	70.89	2.4	11	101.85
70	77.55	110.41	10	24.75
71	175.62	57.66	10	86.67
Drivers: 16
id	x	y	end	sensitivity
105	55.71	125.39	8	1.81
106	118.27	192.48	9	1.7
107	131.36	98.77	8	0.77
108	85.49	44.93	10	0.62
109	29.01	4.47	8	0.89
110	24.93	164.77	8	1.54
111	110.32	86.53	8	1.88
112	166.13	4.45	8	1.07
113	60.92	32.32	8	1.32
114	139.57	75.26	9	1.1
115	66.91	70.13	10	1.65
116	173.07	107.08	10	1.26
117	90.51	8.9	10	1.55
118	14.55	105.05	8	1.9
119	165.69	157.95	9	1.7
120	56.45	128.97	9	0.63
Period: 9
Tasks:11
id	x	y	end	c
72	110.32	127.76	12	29.62
73	8.46	156.91	12	107.79
74	61.01	102.2	11	39.05
75	54.14	86.01	12	47.95
76	76.6	167.21	9	71.17
77	63.76	147.27	10	59.56
78	40.31	181.6	13	101.1
79	171.32	105.62	14	71.54
80	127.88	114.97	10	31.64
81	8.4	172.66	11	116.92
82	56.52	142.12	12	60.54
Drivers: 11
id	x	y	end	sensitivity
121	80.69	159.35	9	0.63
122	92.09	186.89	11	1.21
123	62.84	98.29	10	1.6
124	199.71	46.43	11	0.95
125	56.36	46.02	10	1.62
126	169.85	187.7	9	1.31
127	119.63	139.76	10	0.74
128	39.26	158.82	10	1.85
129	129.83	27.54	9	1.73
130	157.91	120.44	11	1.68
131	86.21	101.68	10	0.51
Period: 10
Tasks:12
id	x	y	end	c
83	96.58	56.74	11	43.39
84	38.25	194.79	12	113.13
85	60.21	159.48	12	71.56
86	189.87	71	10	94.43
87	150.31	155.97	12	75.26
88	147.64	164.21	11	79.95
89	93.69	28.54	13	71.74
90	53.24	14.26	13	97.66
91	65.06	72.55	13	44.43
92	131.13	156.87	11	64.83
93	170.77	62.52	13	80.08
94	26.01	155.64	12	92.58
Drivers: 21
id	x	y	end	sensitivity
132	0.21	148.16	12	1.55
133	119.02	87.53	11	0.82
134	44.25	49.31	12	0.86
135	31.78	182.93	12	0.84
136	178.19	85.7	12	0.51
137	3.17	199.32	12	0.92
138	50.07	30.59	12	1.96
139	107.06	111.1	10	1.15
140	23.63	150.41	10	1.33
141	84.4	26.65	11	1.58
142	186.07	4.56	10	1.71
143	18.22	23.3	10	1.27
144	178.79	173.55	11	1.96
145	94.23	82.34	11	0.95
146	20.1	171.92	11	1.86
147	180.66	29.51	11	0.86
148	27.79	40.15	14	0.68
149	26.59	125.38	12	1.57
150	85.54	75.01	12	1.58
151	195.27	57.48	11	1.24
152	142.74	186.02	11	1.45
Period: 11
Tasks:14
id	x	y	end	c
95	97.49	56.28	13	43.79
96	162.1	199.05	14	116.91
97	38.58	18.99	14	101.66
98	105.65	165.23	12	65.47
99	113.99	140.43	12	42.78
100	119.79	9.92	11	92.23
101	11.08	79.03	13	91.36
102	31.87	73.38	13	73.15
103	146.83	59.49	13	61.92
104	31.26	114.54	14	70.26
105	19.36	63.74	12	88.42
106	17.45	17.87	16	116.45
107	132.74	111.49	11	34.7
108	182.9	139.66	16	91.9
Drivers: 19
id	x	y	end	sensitivity
153	177.72	197.58	11	1.49
154	132.58	162.5	11	1.98
155	179.86	131.34	11	1.79
156	11.16	41.07	13	1.33
157	54.43	52.88	11	1.19
158	86.77	19.15	11	1.96
159	24.59	68.41	12	1.91
160	199.79	81.42	12	1.74
161	23.28	32.22	11	1.33
162	16.67	118.45	12	1.01
163	172.44	103.02	11	1.92
164	27.51	97.84	12	0.77
165	115.38	53.46	12	1.08
166	199.8	182.96	12	1.89
167	53.6	187.46	12	0.85
168	40.34	154.94	12	0.54
169	99.51	45.8	12	1.36
170	21.39	94.67	11	0.9
171	11.05	0.65	11	0.9
Period: 12
Tasks:11
id	x	y	end	c
109	40.39	103.67	14	59.72
110	38.75	84.72	14	63.13
111	198.34	195.44	15	137.04
112	160.88	114.51	14	62.59
113	181.71	16.88	14	116.56
114	78.3	59.1	12	46.3
115	188.45	45.89	14	103.69
116	97.87	45.23	14	54.81
117	10.38	119.57	14	91.73
118	113.75	59.3	14	42.96
119	38.71	114.23	14	62.92
Drivers: 12
id	x	y	end	sensitivity
172	158.95	84.55	13	1.43
173	104.8	30.48	13	1.16
174	98.43	36.19	12	1.9
175	163.98	12.43	13	0.55
176	155.55	47.38	14	1
177	50.14	18.04	12	0.94
178	189.18	153.71	12	1.38
179	54.94	184.48	12	1.9
180	139.61	119.2	12	1.09
181	64.49	8.75	13	0.76
182	146.84	191.39	15	1.11
183	32.68	97.78	14	1.17
Period: 13
Tasks:9
id	x	y	end	c
120	72.53	162.91	14	68.65
121	193.51	76.69	14	96.37
122	177.61	142.59	14	88.53
123	188.45	14.22	13	123.21
124	92.53	46.33	19	54.19
125	61.34	29.25	15	80.62
126	133.01	152.14	18	61.71
127	63.87	121.83	15	42.21
128	140.46	188.3	14	97.13
Drivers: 10
id	x	y	end	sensitivity
184	129.41	36.95	15	0.58
185	177.36	16.88	14	0.78
186	11.94	11.6	13	0.54
187	117.76	19.08	13	1.09
188	125.99	68.02	14	1.59
189	83.73	54.88	14	1.43
190	131.56	108.05	14	0.57
191	6.78	164.92	14	1.02
192	30.54	105.31	15	1.12
193	0.76	29.38	14	1.15
Period: 14
Tasks:10
id	x	y	end	c
129	104.33	154.46	16	54.63
130	128.6	59.7	18	49.42
131	152.47	58.31	16	67.02
132	123.15	41.28	19	63.12
133	46.87	50.54	14	72.59
134	146.62	34.66	16	80.27
135	141.73	178.03	17	88.49
136	141.31	38.43	16	74.14
137	164.77	1.99	17	117.48
138	121.81	40.43	17	63.44
Drivers: 16
id	x	y	end	sensitivity
194	70.29	152	16	0.69
195	174.21	192.4	14	1.68
196	104.48	46.19	14	1.5
197	118.2	93.85	14	1.94
198	21.32	53.1	16	1.6
199	185.68	175.4	16	0.8
200	102.59	192.74	16	1.38
201	50.18	162.82	14	1.27
202	145.27	45.29	16	1.95
203	46.3	40.43	15	1.37
204	38.42	38.23	15	0.91
205	186.3	35.71	14	0.97
206	43.52	56.98	14	0.52
207	120.49	9.44	14	1.05
208	110.58	118.37	15	0.82
209	12.16	29.42	15	1.57
Period: 15
Tasks:9
id	x	y	end	c
139	127.64	38.2	17	67.7
140	101.91	129.98	17	30.04
141	27.57	91.47	17	72.93
142	6.44	21.24	15	122.3
143	194.9	13.55	17	128.37
144	33.37	193.41	16	114.74
145	191	158.28	16	108.06
146	124.62	111.79	18	27.3
147	130.98	124.48	16	39.48
Drivers: 17
id	x	y	end	sensitivity
210	187.25	22.89	16	1.47
211	150.17	63.69	17	1.41
212	179.51	78.47	15	0.67
213	87.02	159.36	16	0.94
214	18.51	100.95	15	1.06
215	47.62	141.33	16	0.82
216	123.68	69.71	16	1.02
217	94.47	140.48	17	0.69
218	66.16	155.88	16	1.24
219	65.46	30.02	15	1.08
220	28.72	189.84	16	1.36
221	198.21	116.67	17	1.3
222	70.56	151.74	16	1.22
223	163.34	191.78	15	0.96
224	84.81	105.53	15	1.88
225	66.14	128.46	16	1.63
226	180.22	183.08	16	1.9
Period: 16
Tasks:10
id	x	y	end	c
148	160.73	91.91	20	61.27
149	65.61	49.81	17	60.84
150	69.67	100.36	17	30.33
151	75.99	97.32	18	24.16
152	168.69	192.5	16	115.22
153	100.64	116.35	18	16.36
154	184.3	105.21	18	84.46
155	199.79	14.32	22	131.53
156	116.83	159.32	16	61.66
157	4.82	16.39	17	126.69
Drivers: 11
id	x	y	end	sensitivity
227	131.91	92.06	16	1.12
228	34.05	97.5	16	1.87
229	13.44	109.49	17	0.91
230	146.78	189.99	17	0.85
231	196.58	188.45	19	1.92
232	77.02	42.47	16	1.29
233	83.13	150.22	16	1.35
234	39.1	148.7	17	1.22
235	147.65	150.34	16	1.93
236	57.31	138.97	17	1.28
237	122.88	144.52	16	0.64
Period: 17
Tasks:11
id	x	y	end	c
158	187.84	184.56	19	121.93
159	68.75	105.29	17	31.69
160	45.26	151.38	20	75.08
161	159.56	39.1	20	85.18
162	74.98	9.33	19	94.06
163	182.69	17.17	17	117.04
164	140.3	196.81	19	104.86
165	21.15	135.26	19	86.37
166	24.85	162.35	20	97.65
167	35.78	111.81	18	65.3
168	145.27	49.55	20	67.78
Drivers: 12
id	x	y	end	sensitivity
238	79.79	64.24	17	0.87
239	186.18	4.92	17	1.5
240	188.22	23.38	17	0.61
241	59.71	163.72	18	1.84
242	186.62	57.48	17	1.65
243	133.24	0.4	19	0.84
244	88.08	101.48	17	2
245	183.54	67.08	17	0.76
246	2.05	97.43	18	1.64
247	144.04	148.31	17	1.57
248	60.48	77.09	18	0.59
249	119.06	109.58	17	1.66
Period: 18
Tasks:8
id	x	y	end	c
169	10.61	152.29	19	103.56
170	31.56	142.19	18	80.4
171	191.95	158.75	19	109.12
172	4.76	187.53	20	129.35
173	68.38	22.93	19	83.3
174	189.79	199.58	19	134.08
175	46.72	41.25	20	79.31
176	110.31	58.73	20	42.54
Drivers: 13
id	x	y	end	sensitivity
250	19.58	60.11	19	0.65
251	78.25	155.26	18	1.72
252	53.19	110.04	18	1.78
253	164.93	75.59	19	1.05
254	90.51	141.02	20	1.32
255	125.79	28.47	18	1.37
256	134.08	2.28	20	0.55
257	176.27	193.56	19	1.74
258	117.74	31.89	19	1.45
259	24.44	187.08	19	0.9
260	49.85	147.12	18	1.89
261	60.49	153.55	19	1.96
262	117.53	76.87	21	1.87
Period: 19
Tasks:8
id	x	y	end	c
177	42.21	41.65	19	82.12
178	127.77	16.3	20	88.19
179	29.7	138.97	24	80.38
180	24.98	72.85	21	79.78
181	116.6	167.51	21	69.52
182	96.28	178.92	21	79.01
183	164.66	139.86	22	75.96
184	7.03	126.21	21	96.59
Drivers: 15
id	x	y	end	sensitivity
263	104.95	2.28	20	1.88
264	35.96	42.17	20	0.68
265	6.24	121.19	20	1.66
266	145.64	174.32	21	0.86
267	82.6	131.49	21	1.33
268	6.38	22.27	19	0.83
269	16.16	123.68	20	1.06
270	116.71	10.42	20	0.66
271	41.14	8.26	21	0.83
272	173.17	99.35	19	1.91
273	101.12	41.47	20	1.75
274	103.05	185.76	20	0.83
275	197.58	37.8	20	1.42
276	176.39	51.43	20	1.56
277	72.25	188.34	20	1.11
Period: 20
Tasks:10
id	x	y	end	c
185	88.63	163.67	24	64.68
186	32.39	25.7	21	100.46
187	40.44	2.17	23	114.53
188	164.8	5.74	24	114.39
189	96.95	151.89	23	51.98
190	117.41	60.79	23	42.9
191	125.99	182.67	20	86.66
192	160.27	86.82	22	61.69
193	6.11	9.64	21	130.31
194	94.78	155.81	22	56.05
Drivers: 13
id	x	y	end	sensitivity
278	47.47	59.6	20	1.01
279	129.07	191.3	20	1.12
280	150.25	158.77	21	1.76
281	45.93	54.63	20	0.8
282	19.69	184.02	22	1.53
283	34.09	19.94	23	0.71
284	62.1	120.16	25	1.58
285	26.68	72.14	22	1.03
286	67.2	186.23	22	0.9
287	148.12	54.11	22	1.38
288	57.12	90.35	21	0.73
289	16.86	10.03	20	1.2
290	65.67	74.69	21	1.29
Period: 21
Tasks:11
id	x	y	end	c
195	38.12	133.12	21	70.19
196	135.21	91.06	22	36.33
197	156.13	128.96	24	63.16
198	197.95	113.26	23	98.84
199	36.03	104	23	64.09
200	30.85	19.32	21	106.26
201	179.12	2.51	23	125.56
202	107.47	90.82	23	11.84
203	52.71	54.04	22	65.94
204	10.2	108.66	22	90.22
205	157.02	105.96	24	57.33
Drivers: 13
id	x	y	end	sensitivity
291	114.34	177.65	23	1.65
292	33.53	83.05	22	1.37
293	83.29	66.75	23	0.94
294	5.86	168.97	22	1.86
295	138.26	108.46	21	1.04
296	46.3	5.98	21	1.87
297	11.88	45.34	22	1.32
298	42.8	75	21	1.71
299	197.72	7.63	22	1.71
300	8.23	165.18	22	1.46
301	106.53	155.86	23	1.54
302	19.37	180.77	22	0.91
303	5.8	89.19	22	0.72
Period: 22
Tasks:8
id	x	y	end	c
206	136.58	132.39	24	48.86
207	129.56	129.81	22	41.98
208	172.44	95.77	23	72.56
209	134.72	101.44	23	34.75
210	163.63	62.41	23	73.9
211	81.98	66.48	22	38.06
212	13.07	161.3	26	106.37
213	155.03	65.9	25	64.74
Drivers: 17
id	x	y	end	sensitivity
304	24.62	150.88	26	0.69
305	4.9	193	24	1.57
306	146.63	0.95	22	0.74
307	164.56	10.35	22	1.2
308	90.19	55.53	22	1.63
309	7.91	41.16	22	1.85
310	62.61	135.83	23	0.99
311	125.71	180.45	24	0.96
312	115.3	191.69	23	0.6
313	193.21	73.83	22	0.59
314	134.03	58.85	22	1.86
315	95.06	195.72	24	1.53
316	15.47	158.54	23	1.17
317	44.86	155.54	25	1.92
318	54.25	108.31	22	1.15
319	23.11	43.97	22	0.59
320	99.33	58.27	24	1.63
Period: 23
Tasks:9
id	x	y	end	c
214	197.83	192.01	25	134.3
215	199.54	183.31	24	129.8
216	1.28	93.33	24	98.95
217	172.31	114.28	24	73.71
218	176.66	67.44	25	83.29
219	135.08	135.15	27	49.66
220	60.61	118.82	25	43.66
221	122.14	187.34	24	90.1
222	125.68	87.52	24	28.55
Drivers: 13
id	x	y	end	sensitivity
321	5.33	165.28	23	1.49
322	41.57	61.48	24	1.91
323	138.71	88.69	24	1.98
324	149.18	48.09	24	1.71
325	151.23	75.77	24	0.63
326	172.6	168.39	23	1.97
327	198.72	186.42	24	0.71
328	145.81	30.09	25	1.56
329	57.93	176.04	23	1.96
330	62.91	70.57	23	1.16
331	47.07	63.99	24	1.87
332	107.53	8.58	23	0.57
333	148.6	86.37	25	0.54
Period: 24
Tasks:9
id	x	y	end	c
223	45.45	108.4	24	55.19
224	10.19	55.9	27	100.05
225	111	163.54	26	64.49
226	45.25	111.43	27	55.93
227	30.12	197.48	26	119.94
228	96.25	28.61	25	71.49
229	48.21	126.83	29	58.33
230	164.93	19.7	29	103.27
231	159.17	197.08	26	113.69
Drivers: 19
id	x	y	end	sensitivity
334	63.91	89.32	24	1.23
335	192.88	156.15	24	0.71
336	54.76	16.27	26	1.81
337	49.35	9.2	25	1.91
338	31.78	125.96	27	0.56
339	38.61	72.37	27	1.48
340	161.08	178.17	25	1.78
341	186.05	112.5	26	1.73
342	182.31	124.73	26	1.87
343	115.32	193.25	26	1.27
344	98.31	192.35	25	0.78
345	68.54	100.33	24	1.03
346	199.21	74.13	24	1.98
347	174.76	81.12	25	1.28
348	102.22	170.58	25	1.81
349	73.18	169.55	26	0.82
350	27.83	107.07	24	1.29
351	25.91	17.24	25	0.72
352	50.6	125.41	26	1.45
Period: 25
Tasks:6
id	x	y	end	c
232	191.46	3.81	26	132.73
233	148.28	26.85	27	87.65
234	175.4	80.77	25	77.81
235	171.65	132.85	27	78.82
236	188.77	105.43	27	88.94
237	174.87	0.78	27	124.3
Drivers: 15
id	x	y	end	sensitivity
353	144.15	150.39	26	1.07
354	183.47	104.83	27	0.68
355	86.9	102.74	27	1.89
356	67.52	188.05	27	1.13
357	73.29	112.59	28	1.16
358	79.52	196.31	25	0.75
359	17.26	77.42	25	0.51
360	42.75	92.67	27	1.21
361	86.96	131.76	26	1.03
362	64.78	186.25	25	0.74
363	185.42	63.6	26	1.41
364	43.64	163.21	25	1.82
365	53.04	75.6	25	1.4
366	152.9	128.02	26	1.57
367	12.21	185.24	27	0.95
Period: 26
Tasks:22
id	x	y	end	c
238	168.19	82.46	30	70.41
239	32.73	164.17	29	92.97
240	143.71	189.21	28	99.34
241	102.1	104.9	28	5.33
242	24.75	163.67	26	98.57
243	131.13	63.82	31	47.73
244	81.87	58.73	28	45.08
245	172	144.51	27	84.65
246	63.68	155.88	27	66.65
247	151.69	54.78	27	68.68
248	192.12	99.5	28	92.12
249	47.44	162.63	29	81.76
250	14.64	54.45	29	96.75
251	28.72	49.75	27	87.21
252	134.39	86.06	27	37.11
253	118.89	20.12	29	82.08
254	115.98	35.17	29	66.77
255	182.93	146.37	31	95.01
256	107.12	137.01	28	37.69
257	165.39	142.13	29	77.79
258	51.82	193.8	29	105.45
259	14.98	34.82	28	107.13
Drivers: 12
id	x	y	end	sensitivity
368	161.67	122.91	26	1.98
369	168.31	12.58	27	1.18
370	196.69	75.43	26	1.35
371	2.11	12.52	27	1.28
372	59.9	154.9	28	0.79
373	150.07	127.53	29	1.57
374	150.36	191.95	26	1.56
375	123.03	86.76	29	1.28
376	65.44	196.46	26	0.62
377	85.36	85.1	27	1.9
378	50.72	113.82	28	0.83
379	175.72	139.87	26	1.6
Period: 27
Tasks:12
id	x	y	end	c
260	189.69	159.87	28	107.84
261	61.35	194.56	31	102.15
262	19.08	136.8	32	88.89
263	44.1	67.92	30	64.45
264	64.24	57.69	32	55.4
265	77.38	176.9	29	80.16
266	141.85	174.4	34	85.36
267	42.17	53.96	28	73.92
268	79.95	77.95	30	29.8
269	80.54	115.58	30	24.93
270	192.09	136.37	28	99.01
271	21.72	117.1	28	80.13
Drivers: 16
id	x	y	end	sensitivity
380	149.02	65.17	30	0.62
381	108.59	119.72	28	1.8
382	13.16	137.05	28	1.03
383	145.77	86.61	29	1.31
384	63.89	10.67	27	0.84
385	170.87	76.76	28	1.96
386	38.25	11.44	27	1.39
387	54.52	143.43	27	0.51
388	69.82	91.2	28	0.88
389	106.02	2.02	27	1.3
390	50.61	130.59	27	1.29
391	101.18	142.2	27	1.63
392	177.73	39.58	29	0.92
393	154.45	2.34	28	1.23
394	10.9	83.32	28	0.93
395	29.29	32.54	27	0.79
Period: 28
Tasks:8
id	x	y	end	c
272	180.4	191.65	31	121.92
273	69.68	88.5	34	32.43
274	164.77	48.69	29	82.63
275	157.35	114.22	29	59.09
276	16.42	64.86	35	90.67
277	119.77	95.99	30	20.17
278	180.24	70.77	33	85.4
279	76.62	107.64	28	24.6
Drivers: 19
id	x	y	end	sensitivity
396	63.01	145.85	31	0.73
397	77.15	20	28	1.7
398	17.27	63.64	28	1.67
399	192.87	191.42	29	1.82
400	32.81	182.99	29	1.37
401	29.47	1.06	29	0.63
402	68.79	31.06	29	1.51
403	64.45	127.44	30	1.71
404	26.96	29.88	30	1.86
405	53.54	68.67	28	0.52
406	126.56	1	29	1.2
407	61.61	75	29	1.48
408	104.16	141.2	29	0.65
409	100.23	88.38	29	1.21
410	168.96	178.51	29	1.52
411	92.77	175.69	29	1.5
412	122.66	29.14	28	1.61
413	82.02	48.59	29	1.36
414	115.22	98.53	28	1.96
Period: 29
Tasks:10
id	x	y	end	c
280	71.68	104.83	32	28.73
281	66.4	64.67	29	48.76
282	184.62	150.35	30	98.47
283	148.86	43.73	33	74.52
284	165.27	42.57	31	86.94
285	20.52	93	32	79.79
286	16.87	92.45	32	83.47
287	99.02	63.17	30	36.84
288	31.36	49.72	31	85.09
289	138.87	72.68	31	47.51
Drivers: 19
id	x	y	end	sensitivity
415	66.68	194.04	30	1.24
416	47.04	27.43	31	0.76
417	169.55	10.07	30	1.27
418	51.47	126.61	31	1.49
419	167.63	117.92	30	1.23
420	154.29	163.27	29	1.09
421	53.61	33.07	29	1.2
422	160.62	151.46	32	0.96
423	40.83	165.82	29	1.95
424	27.76	30.53	29	1.57
425	116.72	126.79	29	1.58
426	70.9	72.77	29	1.31
427	153.18	168.68	31	1.53
428	5.33	192.21	31	0.64
429	28.78	170.84	32	1.77
430	95.98	15.33	33	0.58
431	17.28	178.15	31	1.46
432	161.16	34.07	30	0.55
433	160.98	119.23	29	1.53
Period: 30
Tasks:9
id	x	y	end	c
290	133.3	123.95	33	41.02
291	169.34	40.71	32	91.23
292	160.9	4.23	32	113.49
293	43.98	96.51	31	56.13
294	40.88	119.73	33	62.33
295	4.62	160.86	31	113.14
296	164.12	183.24	32	105.07
297	49.83	63.89	30	61.81
298	130.13	59.95	31	50.12
Drivers: 18
id	x	y	end	sensitivity
434	109.12	187.36	30	1.13
435	58.46	17.66	32	0.71
436	103.19	104.81	30	1.97
437	118.25	41.9	31	1.97
438	46.31	50.55	30	1.99
439	199.74	71.57	31	0.75
440	11.65	123.89	31	1.19
441	76.65	61.26	30	0.72
442	182.11	181.69	31	1.1
443	159.4	59.71	31	1.62
444	93.57	3.99	30	1.93
445	48.04	78.05	31	0.64
446	155.01	68.42	30	1.81
447	36.21	2.92	30	1.75
448	47.4	184.82	30	1.75
449	100.79	40.75	30	1.32
450	108.89	43.87	31	0.58
451	31.7	7.25	31	1.05
Period: 31
Tasks:13
id	x	y	end	c
299	33.35	133.54	31	74.61
300	140.5	2.61	31	105.48
301	10.24	154.07	33	104.79
302	26.58	75.26	32	77.48
303	16.8	124.44	35	86.72
304	182.18	162.35	31	103.16
305	24.74	110.36	33	75.97
306	117.31	32.98	35	69.22
307	183.13	49.65	32	97.19
308	169.08	138.86	31	79.26
309	139.53	95.95	34	39.74
310	56.31	94.86	32	43.99
311	21.32	171.23	35	106.13
Drivers: 7
id	x	y	end	sensitivity
452	86.55	126.34	33	1.93
453	138.87	101.43	31	1.23
454	91.11	4.02	31	1.08
455	107.88	156.32	32	1.66
456	98.05	166.55	34	1.04
457	22.08	129.06	31	0.81
458	78.8	49.18	31	1.76
Period: 32
Tasks:4
id	x	y	end	c
312	67.04	147.71	34	57.99
313	169.81	108.33	35	70.31
314	45	28.78	38	89.98
315	197.74	39.16	35	115.13
Drivers: 6
id	x	y	end	sensitivity
459	23.99	55.61	32	0.97
460	77.04	65.66	32	1.43
461	199.32	89.64	33	1.77
462	24.54	23.3	32	0.52
463	144.99	161.5	32	1.83
464	4.67	78.79	33	1.81
Period: 33
Tasks:19
id	x	y	end	c
316	71.1	129.45	37	41.26
317	42.41	117.5	34	60.19
318	172.55	197.89	35	121.84
319	129.2	124.71	36	38.25
320	61.9	143.21	36	57.61
321	122.52	135.8	34	42.29
322	69.41	119.02	33	36.02
323	100.06	18.24	35	81.76
324	188.15	126.97	33	92.18
325	89.99	130.11	35	31.73
326	6.3	78.5	36	96.14
327	84.75	34.93	34	66.83
328	175.25	5.79	34	120.57
329	98.8	52.31	35	47.71
330	166.46	69.88	33	72.97
331	160.79	188.14	37	107.07
332	74.34	180.69	36	84.67
333	115.64	123.67	36	28.37
334	133.96	156.19	34	65.66
Drivers: 10
id	x	y	end	sensitivity
465	44.49	27.11	33	1.8
466	67.52	113.47	35	1.87
467	179.13	133.11	36	0.79
468	134.95	167.4	33	1.75
469	72.98	180.39	34	1.23
470	113.68	17.73	35	0.93
471	183.89	139.96	33	1.47
472	9.84	15.85	36	0.7
473	119.64	17.32	34	0.56
474	11.52	140.99	33	0.9
Period: 34
Tasks:16
id	x	y	end	c
335	136.87	91.69	38	37.79
336	158.95	120.24	37	62.33
337	95.38	43.12	38	57.07
338	63.99	26.96	36	81.43
339	40.37	66.76	35	68.27
340	60.61	71.32	34	48.72
341	95.4	51.86	41	48.36
342	105.88	150.98	36	51.32
343	82.88	191.49	34	93.08
344	79.56	70.66	34	35.76
345	98.27	124.03	35	24.09
346	117.96	156.67	35	59.45
347	159.67	157.07	37	82.57
348	15.12	104.17	37	84.98
349	143.61	40.99	38	73.38
350	194.51	124.77	34	97.7
Drivers: 15
id	x	y	end	sensitivity
475	95.63	164.15	37	1.54
476	111.31	6.48	34	1.78
477	181.02	58.82	36	0.53
478	180.85	154.9	35	0.68
479	50.94	145.14	35	1.12
480	125.21	182.33	34	1.83
481	44.02	107.47	34	0.91
482	17.83	46.91	35	1.27
483	184.36	162.5	37	1.31
484	156.79	139.46	36	1.73
485	25.89	193.61	35	1.5
486	130.86	127.37	34	0.56
487	58.24	124.66	34	1.78
488	116.96	44.93	34	1.28
489	60.81	188.94	35	0.54
Period: 35
Tasks:8
id	x	y	end	c
351	136.03	184.15	36	91.54
352	76.58	71.86	35	36.61
353	44.84	183.04	37	99.69
354	44.26	50.26	36	74.71
355	117.59	26.57	37	75.51
356	146.42	177.73	39	90.54
357	182.08	175.03	38	111.21
358	138.07	176.18	36	85.16
Drivers: 9
id	x	y	end	sensitivity
490	122.4	130.3	36	0.9
491	30.27	184.88	35	0.68
492	112.35	97.23	36	1.32
493	119.51	89.04	38	0.55
494	92.37	188.21	35	0.51
495	76.58	146.16	35	0.54
496	157.56	112.73	37	1.05
497	1.79	121.03	35	1.32
498	40.41	166.28	35	0.74
Period: 36
Tasks:9
id	x	y	end	c
359	103.73	151.11	39	51.25
360	168.77	123.02	37	72.52
361	74.11	170.79	38	75.38
362	189.06	54.13	37	100.18
363	22.55	177.7	38	109.71
364	108.58	199.28	36	99.65
365	70.88	198.99	38	103.18
366	144.58	199.25	41	108.8
367	33.88	13.7	37	108.72
Drivers: 18
id	x	y	end	sensitivity
499	78.58	97.76	38	0.8
500	162.34	193.9	37	1.04
501	114.1	172.69	37	1.76
502	181.58	51.68	36	1.97
503	154.77	120.38	38	1.33
504	115.65	73.11	39	1.43
505	154.57	115.58	36	1.19
506	113.84	105.94	37	0.85
507	105.96	69.64	37	1.8
508	125.93	33.92	38	1.04
509	11.26	145.18	37	1.61
510	11.91	5.15	38	1.16
511	50.32	139.72	38	1.46
512	139.78	189.75	37	1.92
513	51.24	28.05	38	1.98
514	143.72	170.65	38	1.52
515	87.57	160.09	36	1.58
516	25.86	153.9	36	1.47
Period: 37
Tasks:14
id	x	y	end	c
368	173.79	15.73	37	112.01
369	54.34	180.5	38	92.55
370	56.36	128.86	41	52.32
371	36.27	34.87	39	91.12
372	187.23	121.56	41	89.85
373	13.24	37.97	40	106.65
374	21.78	125.44	39	82.25
375	178.39	160.66	42	99.12
376	195.72	138.8	38	103.28
377	79	55.16	39	49.51
378	52.81	162.89	40	78.63
379	69.3	113.6	38	33.58
380	135.59	110.18	38	37.02
381	86.94	22.24	41	78.85
Drivers: 19
id	x	y	end	sensitivity
517	92.04	130.22	40	0.96
518	156.31	69.2	37	1.51
519	2.41	20.35	38	1.61
520	54.28	199.77	37	1.51
521	134.23	41.81	38	0.59
522	106.25	66.97	39	1.43
523	145.89	194.59	38	1.51
524	80.52	94.69	39	0.82
525	173.23	153.72	37	0.58
526	95.84	192.88	38	1.04
527	106.42	151.08	38	1.7
528	80.84	144.57	38	1.17
529	167.91	47.31	37	0.52
530	148.16	144.52	37	1.34
531	88.63	132.22	39	1.33
532	156.35	30.15	39	1.52
533	118.41	124.55	37	1.97
534	136.69	132.92	39	0.83
535	116.19	114.15	39	0.99
Period: 38
Tasks:7
id	x	y	end	c
382	138.3	136.05	38	52.6
383	130.78	114.08	40	33.85
384	108.72	174.9	39	75.41
385	121.08	70.48	38	36.27
386	97.49	108.8	40	9.15
387	35.16	93.27	38	65.19
388	4.13	57.49	38	104.87
Drivers: 11
id	x	y	end	sensitivity
536	174.4	175.97	39	0.95
537	190.37	171.82	38	1.13
538	3.43	47.26	38	1.29
539	72.03	102.26	38	0.92
540	58.34	23.88	39	0.84
541	137.63	50.23	38	0.72
542	133.85	198.93	38	1.29
543	49.87	109.22	40	0.8
544	190.34	40.13	38	1.55
545	172.75	84.49	40	0.53
546	193.14	76.5	39	1.16
Period: 39
Tasks:12
id	x	y	end	c
389	78.65	194.2	40	96.59
390	113.27	79.93	41	24.06
391	188.57	112.11	40	89.39
392	133.11	116.36	42	36.93
393	97.74	187.4	43	87.43
394	39.1	81	40	63.8
395	85.88	195.39	42	96.43
396	95.34	126.11	43	26.52
397	8.07	122.45	42	94.63
398	147.85	157.48	41	74.79
399	87.46	193.43	41	94.27
400	166.69	66.6	41	74.59
Drivers: 14
id	x	y	end	sensitivity
547	46.61	3.23	43	1.65
548	163.46	97.81	41	0.61
549	113.91	116.16	40	1.04
550	124.82	62.15	39	1.3
551	53.03	51.88	41	0.63
552	156.96	28.21	40	1.5
553	85.97	127.8	40	1.06
554	66.41	69.59	40	0.93
555	142.03	19.91	39	0.92
556	82.54	56.13	39	0.59
557	169.87	16.65	39	1.99
558	45.02	94.49	40	1.62
559	77.73	83.91	41	0.9
560	141.37	64.38	40	1.28
Period: 40
Tasks:8
id	x	y	end	c
401	171.99	192.61	43	117.3
402	119.24	38.94	42	64.02
403	108.35	79.23	41	22.39
404	141.25	87.47	41	43.11
405	88.04	60.18	43	41.58
406	84.07	17.95	41	83.58
407	9.39	53.58	41	101.81
408	132.2	134.88	42	47.47
Drivers: 16
id	x	y	end	sensitivity
561	92.54	38.65	42	1.97
562	172.67	91.47	41	1.18
563	178.62	55.44	40	1.61
564	176.15	79.92	40	1.78
565	7.94	4.72	40	1.97
566	183.37	73.63	41	1.92
567	142.39	63.06	40	0.59
568	131.76	108.59	42	0.67
569	101	162.11	40	1.81
570	80.78	63.04	43	1.86
571	88.54	86.05	43	1.81
572	98.33	132.81	43	1.68
573	160.89	173.55	42	0.89
574	54.25	168.86	40	0.89
575	14.42	93.47	40	1.92
576	116.08	126.88	41	0.59
Period: 41
Tasks:8
id	x	y	end	c
409	116.57	162.42	42	64.58
410	75.25	189.59	42	92.95
411	97.5	79.13	41	21.02
412	100.81	134.57	47	34.58
413	48.9	86.49	45	52.86
414	103.2	88.55	44	11.89
415	16.14	192.8	45	125.08
416	173.36	148.57	42	87.98
Drivers: 12
id	x	y	end	sensitivity
577	48.82	186.9	42	0.51
578	140.36	184.21	41	1.74
579	119.15	27.92	41	0.9
580	68.88	54.39	41	0.75
581	120.95	63.04	42	1.82
582	145.24	160.36	42	1.08
583	64.22	68.75	41	1.7
584	162.34	198.37	42	1.47
585	146.78	17.98	41	1.23
586	33.46	158.97	43	1.81
587	44.89	139.05	41	1.77
588	166.33	90.24	41	1.13
Period: 42
Tasks:11
id	x	y	end	c
417	148.21	36.45	43	79.77
418	154.5	45.06	43	77.39
419	33.43	197.66	44	118.19
420	106.76	121.55	45	22.59
421	176.68	167.8	42	102.36
422	51.85	49.24	44	69.96
423	46.17	1.76	44	112.02
424	190.55	186.95	44	125.54
425	16.36	16.13	45	118.45
426	72.57	87.52	45	30.14
427	14.39	162.24	45	105.84
Drivers: 13
id	x	y	end	sensitivity
589	53.07	163.66	43	1.88
590	33.03	53.56	44	0.54
591	24.12	55.66	43	0.72
592	122.9	114.91	43	0.62
593	55.42	163.31	43	1.52
594	83.84	49.58	42	1.73
595	71.69	159.26	45	1.91
596	43.35	48.02	42	1.22
597	155.39	6.36	42	0.96
598	143.12	26.02	43	1.71
599	21.66	102.17	42	1.94
600	156.36	17.43	43	1.68
601	175.27	188.3	42	1.71
Period: 43
Tasks:10
id	x	y	end	c
428	159.85	176.64	44	97.24
429	10.16	55.22	47	100.38
430	83.53	189.72	45	91.22
431	151.33	1	43	111.52
432	64.24	28.74	47	79.73
433	43.04	47.51	43	77.46
434	94.36	111.82	50	13.1
435	71.09	2.2	45	101.98
436	142.75	174.01	44	85.47
437	29.97	2.07	46	120.39
Drivers: 9
id	x	y	end	sensitivity
602	19.96	178.87	45	0.78
603	48.15	145.96	43	1.98
604	34.59	126.5	44	1.6
605	85.25	166.41	46	1
606	60.85	128.26	43	1.45
607	126.6	121.67	44	0.96
608	106.88	126.52	44	1.03
609	98.96	169.38	44	1.86
610	19.96	112.81	44	0.58
Period: 44
Tasks:9
id	x	y	end	c
438	114.09	87.16	45	19.06
439	139.95	157.24	46	69.8
440	95.8	178.27	46	78.38
441	93.46	76.29	47	24.6
442	58.21	0.56	46	107.86
443	181.5	115.24	45	82.91
444	109.23	0.98	46	99.45
445	111.77	116.54	48	20.3
446	155.25	184.51	46	100.97
Drivers: 21
id	x	y	end	sensitivity
611	184.9	108.05	44	1.64
612	62.92	16.82	45	0.82
613	72.12	15.56	44	0.61
614	101.2	116.58	44	0.68
615	0.19	137.04	44	1.63
616	90.78	131.67	46	1.49
617	90.7	180.57	45	1.93
618	8.52	165.95	46	0.96
619	168.22	97.51	45	1.3
620	136.3	29.53	44	1.68
621	8	3.3	44	1.65
622	160.89	143.94	45	1.3
623	1.49	103.64	45	1.27
624	152.89	196.53	45	1.7
625	95.65	181.22	44	1.24
626	95.96	154.69	44	0.9
627	91.61	92.25	45	1.99
628	86.24	41.27	46	1.24
629	44.19	114.27	45	1.71
630	36.76	154.56	45	0.95
631	131.02	155.55	46	1.63
Period: 45
Tasks:8
id	x	y	end	c
447	159.56	160.55	47	84.93
448	155.36	175.55	47	93.66
449	96.16	137.87	45	38.06
450	104.45	9.4	46	90.71
451	46.26	179.93	47	96.32
452	24.57	191.15	47	118.31
453	45.24	132.27	48	63.56
454	151.7	12.6	45	101.55
Drivers: 7
id	x	y	end	sensitivity
632	37.48	124.2	45	1.16
633	11.58	124.94	47	1.51
634	171.25	69.08	45	0.67
635	144.35	128.92	46	1.84
636	30.9	55.55	47	1.87
637	39.46	156.53	45	1.59
638	134.71	158.58	45	1.4
Period: 46
Tasks:8
id	x	y	end	c
455	105.48	188.82	49	88.99
456	142.4	101.53	46	42.43
457	140.7	5.71	47	102.7
458	64.88	146.48	48	58.26
459	154.07	101.84	48	54.1
460	24.52	80.27	47	78.02
461	5.52	4.31	47	134.47
462	191.32	101.47	49	91.33
Drivers: 16
id	x	y	end	sensitivity
639	170.38	148.99	48	0.77
640	47.8	128.27	49	1.76
641	129.72	15.79	46	1.91
642	11.33	159.01	46	0.7
643	33.7	100.23	47	0.5
644	128.46	104.29	47	0.59
645	173.61	55.43	47	1.52
646	184.89	69.6	49	0.76
647	93.02	132.85	47	1.86
648	56.48	44.24	46	1.96
649	198.49	48.7	47	1.88
650	194.96	134.94	48	1.61
651	39.25	23.03	47	1.99
652	189.66	40.61	49	0.81
653	52.53	77.57	46	1.68
654	172.95	46.55	47	0.71
Period: 47
Tasks:4
id	x	y	end	c
463	174.07	173.5	49	104.35
464	43.57	192.37	49	108.24
465	70.01	153.44	50	61.28
466	12.72	131.1	49	92.66
Drivers: 17
id	x	y	end	sensitivity
655	168.88	61.52	48	1.48
656	109.4	31.46	49	1.91
657	182.82	170.79	47	1.91
658	84.11	159.57	50	1
659	121.96	103.55	49	1.02
660	29.86	136.76	47	0.87
661	82.54	38.01	49	1.76
662	72.77	78.19	49	1.9
663	94.44	87.1	47	1.14
664	155.29	4.63	48	1.01
665	28.51	65.62	50	1.99
666	189.11	105.05	47	0.65
667	95.42	110.93	49	1.98
668	89.36	18.71	47	1.23
669	124.48	95.97	48	0.6
670	107.27	193.66	47	0.62
671	190.53	42.13	49	1.64
Period: 48
Tasks:9
id	x	y	end	c
467	4.88	75.13	49	98.32
468	168.5	68.06	49	75.58
469	39.04	93.13	51	61.35
470	109.05	54.08	51	46.8
471	162.96	110.37	51	63.81
472	58.82	146.49	52	62.11
473	57.1	37.85	50	75.52
474	64.66	98.3	51	35.38
475	169.29	34.92	50	95.06
Drivers: 8
id	x	y	end	sensitivity
672	169.08	71.68	49	0.59
673	174.63	42.97	49	1.04
674	30.31	32.19	48	1.01
675	77.96	156.75	50	0.73
676	190.01	73.54	48	1.54
677	99.82	173.86	48	1.42
678	185.27	56.15	48	1.86
679	180.75	47.69	48	0.77
Period: 49
Tasks:16
id	x	y	end	c
476	48.22	99.95	50	51.78
477	144.26	171.35	51	83.96
478	115.96	20.47	55	81.12
479	45.96	105.85	52	54.36
480	152.67	52.43	50	70.97
481	31.33	34.35	51	95
482	8.01	198.08	50	134.47
483	126.02	104.82	53	26.46
484	2.84	82.95	52	98.64
485	176.38	40.39	50	96.89
486	69.77	145.83	52	54.9
487	58.7	26.88	52	83.98
488	24.52	170.16	53	103.05
489	194.38	25.37	51	120.32
490	59.55	22.91	54	87.06
491	25.72	30.13	49	101.98
Drivers: 19
id	x	y	end	sensitivity
680	130.24	153.47	52	1.92
681	39.85	80.83	51	0.65
682	13.63	164.16	49	1.85
683	145.95	42.17	51	1.28
684	57.76	187.09	51	1.99
685	8.73	76.65	49	1.85
686	113.89	118.09	49	0.7
687	199.51	146.88	51	0.66
688	81.27	141.87	51	1.04
689	11.71	28.34	53	0.83
690	1.58	42.44	51	1.63
691	36.86	49.89	50	0.55
692	180.89	75.54	51	1.67
693	104.37	183.52	50	1.71
694	164.7	43	51	1.74
695	44.6	104.62	49	0.99
696	53.72	65.99	49	1.02
697	38.6	30.14	50	1.06
698	150.11	1.86	50	1.11
Period: 50
Tasks:14
id	x	y	end	c
492	117.23	109.59	52	19.72
493	59.2	185.93	53	95.12
494	80.19	58.66	54	45.84
495	88.35	138.71	52	40.43
496	161.17	56.75	51	74.92
497	160.4	155.4	53	81.96
498	17.47	37.63	52	103.45
499	141.86	193.85	53	102.76
500	168.72	137.86	50	78.46
501	153.74	123.34	53	58.59
502	82.66	157.38	53	59.94
503	158.01	83.74	51	60.25
504	161.77	157.11	53	84.13
505	178.56	119.67	52	80.99
Drivers: 14
id	x	y	end	sensitivity
699	112.98	10.33	50	1.79
700	5.28	21.11	52	1.35
701	194.5	41.27	53	1.24
702	82.69	197.92	50	1.16
703	175.84	119.09	51	1.74
704	128.6	21.01	50	0.73
705	169.21	97.09	52	0.51
706	128.44	158.3	51	1.24
707	158.37	125.24	51	1.36
708	34.15	98.67	52	1.9
709	69.41	36.1	51	1.89
710	70	145.02	50	0.64
711	3.67	182.54	52	1.01
712	56.85	34.98	55	1.58
Period: 51
Tasks:5
id	x	y	end	c
506	80.11	138.43	52	43.27
507	30.39	160.45	52	92.19
508	11.32	23.69	51	116.99
509	92.91	3.86	53	96.4
510	18.34	73.96	57	85.71
Drivers: 11
id	x	y	end	sensitivity
713	186.62	86.73	51	1.03
714	79.58	111.44	51	1.25
715	38.76	194.01	54	1.93
716	35.88	36.2	54	1.66
717	26.46	117.23	52	0.92
718	128.13	120.32	52	1.11
719	61.66	125.48	52	1.07
720	177.93	168.37	54	1.17
721	0.97	44.71	53	1.05
722	143	88	51	1.74
723	43.64	145.91	53	1.03
Period: 52
Tasks:11
id	x	y	end	c
511	25.97	118.09	54	76.21
512	105.94	99.13	57	6
513	181.11	100.44	55	81.11
514	59.15	26.85	54	83.78
515	148.98	93.56	52	49.4
516	29.05	170.39	55	99.94
517	69.18	28.93	55	77.46
518	44.27	10.35	52	105.56
519	82.39	120.09	52	26.72
520	15.21	12.71	54	121.69
521	6.3	159.18	55	110.82
Drivers: 18
id	x	y	end	sensitivity
724	160.29	134.92	53	1.94
725	123.22	193.07	52	0.51
726	46.97	130.15	52	1.7
727	126.54	37.53	52	1.37
728	86.9	174.96	52	1.38
729	94.22	138.04	53	0.7
730	160.35	180.82	53	1.64
731	139.59	7.63	54	1.84
732	39.57	132.75	53	1.83
733	4.47	158	52	1.36
734	15.48	55.46	53	1.75
735	157.23	96.49	55	0.77
736	104.54	145.52	53	1.62
737	148.82	98.73	53	0.55
738	175.48	68.98	53	1.42
739	179.57	152.05	53	1.31
740	96.5	122.33	52	1.33
741	43.73	26.49	52	0.77
Period: 53
Tasks:7
id	x	y	end	c
522	79.95	81.26	58	27.44
523	199.21	131.62	54	104.13
524	52.14	127.22	55	55.06
525	137.04	110.81	54	38.59
526	83.52	53.27	54	49.55
527	109.63	96.45	53	10.26
528	48.39	160.72	54	79.69
Drivers: 15
id	x	y	end	sensitivity
742	144.7	37.84	53	0.95
743	101.25	161.52	55	0.85
744	74.19	1.4	53	0.95
745	40.42	15.01	53	1.73
746	176.2	91.08	53	1.25
747	103.67	190.73	53	1.4
748	101.27	186.71	54	1.95
749	142.59	167.25	56	1.26
750	128.48	30.32	54	1.62
751	45.18	125.78	54	0.76
752	10.65	158.92	53	1.75
753	161.89	125.42	54	1.04
754	32.67	193.9	56	0.6
755	22.81	171.94	53	1.2
756	153.44	76.8	54	0.58
Period: 54
Tasks:8
id	x	y	end	c
529	77.56	197.16	57	99.72
530	151.81	141.86	55	66.61
531	20.2	3.86	58	124.94
532	17.49	178.69	54	114.02
533	12.54	100.31	56	87.46
534	144.62	65.16	56	56.61
535	95.84	36.26	56	63.88
536	91.07	104.32	57	9.92
Drivers: 14
id	x	y	end	sensitivity
757	79.94	5.89	55	1.42
758	6.54	125.94	57	0.5
759	183.4	12.31	54	1.49
760	91.83	7.4	56	1.8
761	13.04	95.2	55	1.58
762	99.46	72.45	55	1.24
763	66.32	100	55	0.75
764	100.44	38.26	54	0.75
765	16.55	121.75	55	1.45
766	164.94	23.78	55	1.79
767	177.64	2.85	54	1.9
768	0.19	108.7	55	1.96
769	45.08	80.44	55	0.67
770	144.24	56.21	55	1.36
Period: 55
Tasks:12
id	x	y	end	c
537	27.91	63.58	58	80.77
538	95.25	143.78	55	44.04
539	182.44	159.48	57	101.66
540	133.31	78.86	57	39.45
541	135.64	24.08	59	83.87
542	154.73	61.85	58	66.71
543	84.09	24.66	60	77
544	21.86	90.95	56	78.66
545	68.22	138.31	57	49.78
546	134.28	39.83	56	69.25
547	97.54	74.39	57	25.73
548	168.23	85.17	57	69.82
Drivers: 10
id	x	y	end	sensitivity
771	39.16	7.53	58	0.53
772	130.23	71.66	57	1.94
773	120.92	188.38	55	1.64
774	26.3	7.56	55	1.22
775	21.27	197.84	55	1.92
776	37.77	50.44	57	1.55
777	54.04	130.5	56	1.81
778	115.16	129.74	57	0.63
779	168.83	117.89	56	0.63
780	131.54	101.56	55	1.78
Period: 56
Tasks:10
id	x	y	end	c
549	39.3	27.09	59	94.87
550	6.55	77.47	60	96.13
551	125.99	177.63	58	81.87
552	73.1	22.33	60	82.2
553	42.8	48.62	57	76.89
554	7.34	12.76	57	127.27
555	112.92	15.86	59	85.13
556	72.83	90.85	60	28.67
557	191.63	65.97	60	97.75
558	78.3	182.59	56	85.39
Drivers: 13
id	x	y	end	sensitivity
781	49.72	185.96	56	1.14
782	144.38	157.4	57	1.98
783	36.72	166.97	57	1.12
784	87.3	41.93	58	1.79
785	9.7	52.18	58	0.69
786	182.95	138.3	57	1.81
787	27.78	170.85	56	0.88
788	106.54	9.03	56	0.51
789	134.29	149.3	56	1.35
790	188.54	88.23	56	1.03
791	90.25	78.52	56	0.92
792	167.93	85.56	56	1.97
793	72.54	177.19	56	0.54
Period: 57
Tasks:8
id	x	y	end	c
559	101.8	86.01	63	14.11
560	40.34	110.77	60	60.62
561	55.21	150.52	57	67.52
562	28.03	49.33	59	88.02
563	86.19	55.21	58	46.87
564	113.41	168.3	58	69.6
565	0.4	128.13	58	103.5
566	170.18	197.87	57	120.43
Drivers: 14
id	x	y	end	sensitivity
794	110.08	100.51	58	0.89
795	83.46	49.54	57	1.09
796	22.45	164.39	58	0.69
797	137.35	24.95	58	1.88
798	135.09	106.04	57	0.69
799	160.63	140.39	57	1
800	128.58	95.47	58	1.37
801	11.77	144.12	58	1.88
802	198.89	122.26	58	1.9
803	86.39	49.32	58	1.68
804	8.62	111.55	59	1.26
805	96.83	77.69	58	0.65
806	91.54	42.93	58	0.84
807	107.11	133.1	58	0.97
Period: 58
Tasks:6
id	x	y	end	c
567	97.06	147.72	58	47.81
568	182.84	49.62	60	96.96
569	170.24	112.25	59	71.3
570	123.71	157.02	61	61.75
571	46.99	43.95	60	77.15
572	4.43	37.4	60	114.25
Drivers: 18
id	x	y	end	sensitivity
808	115.41	107.26	58	1.55
809	2.89	61.57	58	1.1
810	190.23	142.01	58	0.75
811	56.02	77.91	63	1.22
812	31.56	47.72	61	0.62
813	60.29	36.18	58	0.51
814	109.84	167.65	58	1.02
815	29.19	53.59	58	1.72
816	181.22	4.92	60	1.13
817	81.02	130.51	58	0.74
818	180.32	176.12	59	1.99
819	180.61	12.33	58	0.54
820	28.47	86.19	58	1.82
821	148.59	181.44	58	1.09
822	177.26	70.5	60	0.72
823	22.37	120.28	58	0.53
824	52.9	152	60	0.65
825	38.77	100.76	58	1.83
Period: 59
Tasks:11
id	x	y	end	c
573	142.84	124.64	60	49.42
574	106.12	9.29	60	90.92
575	83.01	48.05	61	54.66
576	169.18	162.66	60	93.34
577	154.62	69.48	63	62.57
578	176.12	166.9	61	101.34
579	94.56	174.16	61	74.36
580	167.05	112.16	62	68.14
581	198.58	62.28	62	105.55
582	117.96	178.55	59	80.58
583	191.26	117.91	60	93
Drivers: 13
id	x	y	end	sensitivity
826	87.09	97.3	60	1.86
827	125.98	84.26	61	1.48
828	174.95	181.16	60	1.92
829	119.99	130.35	61	1.72
830	139.39	128.9	59	0.78
831	112.4	165.71	59	0.91
832	176.36	79.32	59	1.45
833	174.73	84.62	60	0.56
834	18.12	141.51	59	1.26
835	68.31	156.24	60	1.86
836	122.6	11.53	61	1.82
837	168.05	118.96	61	1.61
838	55.23	80.56	60	1.22
Period: 60
Tasks:12
id	x	y	end	c
584	47.86	191.24	60	105.09
585	68.74	108.34	66	32.35
586	140.81	154.95	60	68.45
587	134.81	88.1	63	36.79
588	111.17	188.24	64	88.94
589	193.24	134.81	60	99.53
590	22.46	85.01	61	78.98
591	106.11	140.19	60	40.65
592	69.77	123.52	60	38.3
593	184.56	23.3	62	114.16
594	169.39	182.91	64	108.12
595	119.68	87.12	62	23.52
Drivers: 12
id	x	y	end	sensitivity
839	44.12	110.64	60	1.97
840	85.62	190.64	60	1.91
841	23.51	87.26	60	1.48
842	67.78	150.73	61	0.85
843	17.08	99.79	63	1.82
844	96.96	146.58	62	1.26
845	31.27	152.65	63	1.3
846	87.29	8.03	62	0.9
847	158.97	80.31	61	1.79
848	102.17	160.7	60	1.32
849	194.77	170.07	61	1.76
850	18.45	77.24	62	1.59
Period: 61
Tasks:11
id	x	y	end	c
596	115.45	98.02	63	15.58
597	148.9	127.24	62	55.98
598	113.97	118.02	63	22.8
599	152.4	182.63	63	97.84
600	29.79	126.43	62	75.02
601	3.06	136.35	61	103.53
602	11.19	46.33	63	103.77
603	70.57	75.54	65	38.27
604	177.53	40.87	63	97.51
605	58.71	175.21	62	85.8
606	94.81	54.42	62	45.87
Drivers: 13
id	x	y	end	sensitivity
851	52.88	154.52	61	1.92
852	182	83.94	61	0.81
853	62.41	195.36	64	1.21
854	66.78	13.19	62	0.81
855	11.4	83.2	61	1.81
856	45.05	83.41	61	1.2
857	87.83	183.42	62	1.38
858	85.14	85.06	61	1.13
859	96.53	192.68	61	0.85
860	138.07	127.35	61	0.58
861	164.72	158.94	61	1
862	179.95	109.79	62	1.92
863	140.96	183.5	61	0.63
Period: 62
Tasks:11
id	x	y	end	c
607	25.56	158.23	62	94.51
608	173.18	148.87	63	88
609	45.87	68.95	67	62.4
610	27.82	71.31	62	77.67
611	9.96	41.72	64	107.26
612	11.93	144.74	62	98.78
613	15.3	157.58	62	102.42
614	57.38	71.44	65	51.3
615	70.39	159.16	69	66.16
616	185.44	132.75	64	91.5
617	141.76	66.71	63	53.41
Drivers: 19
id	x	y	end	sensitivity
864	59.86	163.2	63	1.86
865	30.71	143.65	62	1.91
866	138.86	46	62	1.52
867	103.87	11.98	65	0.52
868	83.75	170.95	63	1.02
869	117.88	143.45	62	0.59
870	122.21	72.89	63	0.61
871	139.58	55.26	62	1.3
872	55.96	27.93	63	1.17
873	116.48	164.91	65	1.51
874	77.44	105.11	63	1.61
875	28.66	116.33	62	0.89
876	197.91	22.94	65	1.11
877	137.19	58.07	62	1.33
878	178.49	128.93	63	0.87
879	152.35	88.25	63	1.96
880	78.12	71.52	63	0.71
881	69.2	54.54	63	1.21
882	191.83	117.93	63	0.87
Period: 63
Tasks:7
id	x	y	end	c
618	148.7	100.54	67	48.7
619	45.31	184.11	63	100.33
620	29.54	18.51	65	107.73
621	75.1	62.01	66	45.42
622	183.26	35.18	65	105.52
623	54.37	121.76	64	50.55
624	14.69	171.5	68	111.31
Drivers: 11
id	x	y	end	sensitivity
883	71.17	154.04	65	1.61
884	6.36	31.12	63	1.81
885	50.74	170.57	64	1.58
886	31.13	127.83	64	0.51
887	83.1	108	66	1.93
888	91.25	153.42	63	0.55
889	137.83	43.59	63	1.89
890	115.5	46.83	63	1.4
891	144.31	97.99	63	0.64
892	34.33	79.7	64	1.13
893	179.04	69.82	64	1.8
Period: 64
Tasks:11
id	x	y	end	c
625	96.46	21.14	68	78.94
626	106.21	142.96	68	43.41
627	46.6	8.85	68	105.64
628	11.15	189.64	66	126.21
629	37.14	64.54	64	72.17
630	193.36	114.53	68	94.48
631	7.49	76.37	65	95.48
632	52.45	0.42	67	110.35
633	173.51	23.79	65	105.89
634	139.13	83.38	69	42.51
635	53.43	84.33	66	49.14
Drivers: 16
id	x	y	end	sensitivity
894	131.53	198.13	67	0.53
895	56.21	58.79	64	0.66
896	92.7	75.01	64	1.54
897	87.97	113.12	65	1.75
898	131.29	187.77	64	1.98
899	153.17	190.48	65	1.65
900	182.11	183.85	64	1.66
901	73.55	12.28	65	1.91
902	144.59	38.12	65	1.55
903	141.05	75.17	66	0.66
904	155.37	62.34	64	1.7
905	34.87	57.94	65	1.13
906	68.92	94.51	64	0.8
907	9.7	56.23	64	1.8
908	189.17	87.19	64	0.86
909	40.08	38.25	65	1.31
Period: 65
Tasks:10
id	x	y	end	c
636	57.14	129.21	68	51.87
637	182.99	84.34	67	84.45
638	3.69	107.97	67	96.64
639	153.8	129.92	66	61.56
640	67.61	196.43	65	101.72
641	52.95	16.29	66	96.03
642	132.61	170.66	67	77.82
643	47.29	31.49	66	86.44
644	12.35	172.29	67	113.61
645	108.3	18.45	68	81.97
Drivers: 19
id	x	y	end	sensitivity
910	7.35	159.05	66	1.66
911	176.83	183.84	65	0.53
912	110.94	67.12	65	0.68
913	171.96	190.34	65	1.43
914	56.6	172.96	65	1.82
915	146.58	75.07	65	1.6
916	194.32	82.76	67	1.79
917	101.57	15.99	68	1.25
918	71.16	124.79	65	1.56
919	30.46	10.69	66	1.34
920	50.56	91.61	65	1.98
921	97.79	163.1	67	1.46
922	69.47	154.21	68	0.84
923	169.66	183.95	67	2
924	88.74	75.1	65	1.28
925	174.84	160.85	66	1.09
926	41.58	16.26	65	0.98
927	150.2	40.98	66	1.26
928	189.13	62.4	66	1.12
Period: 66
Tasks:11
id	x	y	end	c
646	152.16	162.21	70	81.18
647	89.65	125.39	70	27.42
648	32.51	193.4	67	115.23
649	82.49	71.78	68	33.21
650	33.57	50.58	71	82.8
651	36.89	105.66	67	63.36
652	178.34	195.55	69	123.56
653	74.63	107.82	72	26.55
654	194.14	94.1	68	94.32
655	110.17	149.39	68	50.43
656	163.54	56.31	69	77.11
Drivers: 15
id	x	y	end	sensitivity
929	24.71	120.84	67	1.26
930	192.76	10.43	66	1.19
931	92.42	83.17	67	1.54
932	106.9	86.85	66	1.32
933	70.5	84.68	70	0.73
934	117.62	127.62	66	0.61
935	38.45	199.57	66	1.8
936	185.61	120.45	68	0.62
937	139.65	101.78	68	1.41
938	71.88	9.67	68	0.89
939	130.17	195.82	66	1.38
940	182.32	161.18	68	1.48
941	199.03	88.72	68	0.63
942	67.78	39.17	67	1.6
943	172.14	61.85	67	1.3
Period: 67
Tasks:7
id	x	y	end	c
657	100.79	58.92	70	41.09
658	197.77	79.27	67	99.94
659	198.32	181.31	68	127.59
660	11.25	172.78	70	114.78
661	128.61	163.06	70	69.25
662	192.4	163.26	68	111.98
663	164.58	103.7	69	64.69
Drivers: 18
id	x	y	end	sensitivity
944	58.7	173.12	69	1.1
945	81.43	64.42	68	0.5
946	14.07	141.06	69	1.54
947	24.06	147.08	68	1.46
948	61.51	88.12	68	0.63
949	93.24	32.21	69	1.43
950	188.14	132.81	67	0.7
951	77.94	93.21	68	0.67
952	7.51	39.95	68	0.86
953	96.88	87.08	68	0.89
954	190.17	36.14	67	1.79
955	164.51	116.13	68	0.58
956	15.1	181.22	68	1.18
957	54.85	142.02	69	0.67
958	113.1	125.94	68	1.65
959	3.26	11.79	68	1.76
960	68.65	96.28	68	0.82
961	6.8	129.91	68	1.26
Period: 68
Tasks:19
id	x	y	end	c
664	13.03	195.31	69	129.03
665	176.45	124.18	71	80.18
666	171.06	71.11	70	76.71
667	77.78	83.03	69	27.96
668	146.17	120.93	70	50.69
669	38.81	188.13	70	107.29
670	125.15	9.59	70	93.84
671	162.5	89.13	70	63.44
672	133.63	183.78	70	90.28
673	143.09	166.21	68	79
674	11.67	181.86	74	120.43
675	158.08	71.12	70	64.86
676	102.58	26.08	71	73.97
677	1.34	13.49	68	131.22
678	191.24	93.46	72	91.47
679	71.26	107.76	71	29.77
680	137.04	50.3	69	61.98
681	88.86	29.23	71	71.64
682	57.25	160.81	70	74.33
Drivers: 10
id	x	y	end	sensitivity
962	53.16	33.56	69	0.5
963	108.98	138.88	69	0.82
964	123.76	32.16	68	0.79
965	179.15	83.38	68	1.91
966	69.35	183.85	70	0.58
967	9.82	99.83	69	0.87
968	105.57	22.47	68	1.82
969	150.99	154.1	69	0.57
970	55.5	93.65	68	0.98
971	187.97	118.61	69	1.97
Period: 69
Tasks:8
id	x	y	end	c
683	109.37	141.66	74	42.7
684	170.75	101.43	70	70.76
685	32.06	94.19	71	68.19
686	39.46	49.81	71	78.64
687	168.44	196.61	69	118.4
688	80.52	191.25	70	93.31
689	48.12	40.82	69	78.7
690	82.93	55.72	69	47.46
Drivers: 11
id	x	y	end	sensitivity
972	100.97	63.21	69	1.31
973	193.14	191.36	69	0.77
974	143.93	195.38	69	1.36
975	101.8	179.31	70	1.62
976	194.34	131.08	70	1.86
977	55.88	90.33	70	1.4
978	179.45	73.04	69	1.22
979	181.81	34.87	70	1.71
980	183.98	10.87	71	1.08
981	78.99	148.89	70	0.68
982	190.29	26.42	70	0.85
Period: 70
Tasks:10
id	x	y	end	c
691	22.91	58.15	75	87.72
692	181.44	185.42	73	118.02
693	132.02	187.74	72	93.4
694	83.92	135.68	74	39.14
695	50.13	84.61	72	52.19
696	195.56	66.65	73	101.21
697	79.42	77.26	72	30.67
698	96.14	114.39	72	14.9
699	74.69	106.08	73	26.03
700	138.75	59.53	71	56.03
Drivers: 14
id	x	y	end	sensitivity
983	95.91	36.61	72	1.32
984	14.85	110.28	70	1.34
985	162.23	135.85	70	1
986	41.85	140.65	70	1.74
987	127.72	195.89	72	1.67
988	161.01	51.98	70	1.59
989	139.82	182.73	71	0.99
990	163.19	146.51	72	1.52
991	44.04	176.14	71	1.01
992	174.33	189.3	71	0.77
993	10.38	180.79	71	0.69
994	29.72	14.13	71	0.9
995	140.57	87.27	70	1.73
996	35.31	112.57	71	1.5
Period: 71
Tasks:7
id	x	y	end	c
701	139.83	175.71	72	85.55
702	133.85	77.81	73	40.47
703	176.87	86.68	74	78.02
704	12.56	130.93	75	92.75
705	2.14	169	73	119.74
706	56.36	187.04	72	97.37
707	191.97	22.68	71	120.15
Drivers: 19
id	x	y	end	sensitivity
997	196.97	35.57	73	0.82
998	130.26	170.05	73	1.82
999	67.84	109.12	72	1.37
1000	183.72	85.12	72	0.79
1001	113.85	198.26	73	1.69
1002	158.33	16.16	73	0.6
1003	167.24	76.15	72	1.84
1004	11.14	196.48	73	1.98
1005	181.46	10.29	72	0.67
1006	33.64	43.02	71	1.62
1007	89.36	47.89	71	0.97
1008	168.63	22.15	72	1.49
1009	67.27	182.53	71	1.6
1010	171.26	140.21	71	0.97
1011	90.34	35.07	72	1.85
1012	136.02	72.45	72	1.49
1013	71.08	105.98	71	1.66
1014	19.93	49.55	72	1.16
1015	167.25	180.96	73	1.74
Period: 72
Tasks:13
id	x	y	end	c
708	127.55	170.52	73	75.71
709	5.43	157.59	76	110.73
710	92.62	148.95	74	49.5
711	158.24	153.77	73	79.27
712	154.47	52.13	73	72.52
713	5.62	126.98	74	98.16
714	156.78	185.61	72	102.73
715	181.06	170.56	73	107.47
716	18.13	0.93	73	128.52
717	188.73	186.88	74	124.18
718	150.68	187.37	75	101
719	41.41	27.4	73	93.29
720	111.48	138.56	74	40.23
Drivers: 16
id	x	y	end	sensitivity
1016	100.74	106.67	72	1.06
1017	22.31	120.17	73	1.96
1018	130.32	131.9	73	1.43
1019	114.58	127.96	72	1.68
1020	137.94	95.87	72	1.55
1021	167.34	93.77	72	1.61
1022	82.04	147.93	75	0.8
1023	159.15	76.2	73	1.18
1024	173.13	89.53	73	1.93
1025	20.75	42.77	74	1.45
1026	30.54	189.08	73	1.66
1027	56.42	119.17	75	1.48
1028	110.72	48	73	1.34
1029	159.3	177.15	72	1.48
1030	61.1	109.06	73	1.04
1031	37.81	162.39	72	1.72
Period: 73
Tasks:15
id	x	y	end	c
721	88.5	164.79	74	65.8
722	123.85	21.29	73	82.24
723	120.22	114.94	73	25.14
724	97.01	128	77	28.16
725	36.28	127.58	76	69.43
726	14.72	118.83	75	87.33
727	87.24	119.18	76	23.04
728	53.43	43.43	74	73.27
729	164.51	111.63	74	65.55
730	110.5	26.85	77	73.9
731	34.37	84.63	75	67.41
732	118.12	103.8	75	18.51
733	181.77	38.55	73	102.29
734	93.3	190.69	75	90.94
735	85.46	57.56	75	44.86
Drivers: 15
id	x	y	end	sensitivity
1032	166.89	67.86	73	0.97
1033	26.57	86.69	74	1.25
1034	35.58	93.08	75	0.63
1035	82.65	16.41	75	1.62
1036	156.91	181.35	73	0.94
1037	124.45	1.71	73	0.5
1038	165.38	151.39	73	1.81
1039	163.88	87.71	73	1.29
1040	148.16	155.14	74	0.94
1041	196.77	1.8	74	0.6
1042	174.12	89.02	73	1.21
1043	38.11	76.2	75	1.79
1044	96.68	115.67	73	1.16
1045	40.36	135.48	73	0.58
1046	145.16	105.99	74	0.71
Period: 74
Tasks:6
id	x	y	end	c
736	38.72	152.42	77	80.64
737	154.13	50.33	77	73.47
738	149.45	132.36	75	59.1
739	121.94	116.34	77	27.36
740	87.5	75.78	77	27.26
741	26.21	166.11	74	99.07
Drivers: 15
id	x	y	end	sensitivity
1047	162.88	155.31	75	0.75
1048	12.06	121.13	76	1
1049	43.79	76	75	1.71
1050	127.94	25.52	74	1.07
1051	198.5	108.94	75	1.38
1052	195.49	51.49	77	1.48
1053	123.07	185.53	74	0.52
1054	117.97	39.12	75	0.94
1055	169.28	180.86	78	0.67
1056	182.99	46.09	74	0.74
1057	85.96	190.04	75	1.52
1058	132.24	141.84	74	0.53
1059	160.16	141.68	74	0.95
1060	125.27	164.01	76	0.55
1061	26.06	10.81	75	0.81
Period: 75
Tasks:11
id	x	y	end	c
742	39.94	110.52	78	60.97
743	55.31	62.04	78	58.64
744	24.45	104.91	76	75.71
745	106.25	195.5	76	95.7
746	46.36	93.45	79	54.04
747	173.64	196.23	76	121.17
748	160.27	7.28	75	110.59
749	169.07	11.31	80	112.41
750	92.62	14.75	79	85.57
751	46.57	45.17	77	76.56
752	146.95	46.04	77	71.53
Drivers: 17
id	x	y	end	sensitivity
1062	122.37	70.52	77	0.5
1063	93.3	8.01	75	0.89
1064	177.68	62.1	76	0.59
1065	148.69	64.83	75	0.92
1066	78.17	167.98	76	0.79
1067	172.23	147.27	75	1.91
1068	90.13	16.08	76	1.47
1069	96.28	61.56	77	0.51
1070	44.33	127.51	75	1.04
1071	186.91	142.34	75	0.8
1072	133.17	55.22	75	1.54
1073	5.51	74.98	75	1.99
1074	75.63	188.44	75	1.45
1075	193.06	156.78	75	0.66
1076	174.12	90.68	76	1.4
1077	53.72	154.45	77	1.01
1078	124.76	14.6	75	1.07
Period: 76
Tasks:5
id	x	y	end	c
753	0.38	151.85	82	112.31
754	177.49	178.06	77	109.99
755	125.64	194.96	76	98.36
756	2.86	17.3	77	127.58
757	31.48	119.58	76	71.26
Drivers: 19
id	x	y	end	sensitivity
1079	57.03	142.3	80	1.95
1080	48.53	33.25	78	1.86
1081	42.73	105.17	77	0.69
1082	15.26	142.2	76	1.71
1083	173.75	78.02	76	1.63
1084	62.33	104.15	78	0.93
1085	195.58	92.85	77	1.39
1086	186.94	89.91	79	1.18
1087	10.02	80.14	77	1.75
1088	99.95	193.09	77	0.63
1089	115.16	154.15	79	0.82
1090	21.81	45.75	79	1.91
1091	113.56	12.92	77	1.18
1092	116.78	173.95	77	1.41
1093	161.44	58.93	77	1.17
1094	20.4	108.5	76	0.65
1095	13.96	127.87	76	1.75
1096	118.79	174.68	77	1.36
1097	107.26	7.67	77	1.43
Period: 77
Tasks:10
id	x	y	end	c
758	178.53	66.46	78	85.39
759	120.38	74.26	78	32.83
760	176.61	38.35	78	98.34
761	10.7	58.23	78	98.59
762	130.88	4.6	79	100.27
763	195.88	186.01	78	128.8
764	8.15	106.4	80	92.07
765	99.74	51.81	79	48.19
766	115	3.09	78	98.06
767	6.33	2.53	82	135.18
Drivers: 23
id	x	y	end	sensitivity
1098	143.89	135.18	79	0.6
1099	140.08	81.23	77	0.69
1100	152.03	83.45	79	1.61
1101	59.44	70.77	77	0.51
1102	166.02	73.94	78	0.57
1103	58.63	29.41	78	0.57
1104	102.4	105.9	78	0.55
1105	43.22	74.61	79	1.99
1106	68.25	113.71	78	1.85
1107	198.39	136.84	77	1.31
1108	102.4	88.6	77	1.59
1109	174.24	175.52	80	1.13
1110	139.25	73.09	77	1.81
1111	146.57	36.14	78	1.05
1112	130.09	177.77	77	1.95
1113	198.8	75.66	77	1.41
1114	183.41	119.11	78	1.67
1115	10.89	146.63	77	0.86
1116	175.43	174.89	79	1.65
1117	14.67	177.66	78	1.4
1118	171.93	51.86	77	0.95
1119	68.86	125.57	78	0.57
1120	164.91	178.35	77	0.74
Period: 78
Tasks:10
id	x	y	end	c
768	127.94	40.71	79	65.54
769	107.68	171.59	80	72
770	144.46	192.79	81	102.89
771	69.47	133.71	80	45.48
772	127.08	184.29	81	88.53
773	26.61	191.61	80	117.38
774	16.61	143.37	79	93.99
775	136.22	84.15	80	39.54
776	190.64	128.15	82	94.91
777	172.5	14.5	82	112.1
Drivers: 8
id	x	y	end	sensitivity
1121	96.47	139.58	80	1.57
1122	81.27	63.64	78	1.7
1123	66.25	133.58	78	0.74
1124	60.92	65.5	80	1.23
1125	23.32	108.68	79	1.65
1126	126.02	154.43	78	1.83
1127	147.38	193.11	79	1.19
1128	72.63	147.83	79	0.53
Period: 79
Tasks:12
id	x	y	end	c
778	7.35	134.24	81	98.77
779	169.86	169.25	84	98.37
780	33.49	164.91	79	92.93
781	128.32	180.46	79	85.3
782	48.34	85.76	84	53.59
783	122.63	136.5	80	42.95
784	19.16	23.98	80	110.97
785	147.43	176.81	82	90.27
786	71.11	49.32	81	58.34
787	17.86	144.85	80	93.59
788	186	36.23	80	107.06
789	184.74	100.72	81	84.74
Drivers: 13
id	x	y	end	sensitivity
1129	155.46	125.47	80	1.03
1130	121.93	5.39	79	1.1
1131	136.26	85.77	80	0.99
1132	112.59	140.54	79	1.91
1133	152.73	151.03	80	0.73
1134	65.78	42.29	82	1.28
1135	90.69	14.12	84	1.55
1136	172.3	148.7	82	1.23
1137	130.05	13.24	80	0.79
1138	28.14	142.88	81	1.02
1139	33.36	126.64	81	1.81
1140	184.79	156.44	79	1.27
1141	118.84	55	80	1.55
Period: 80
Tasks:10
id	x	y	end	c
790	134.21	193.45	82	99.51
791	3.31	152.65	81	110.1
792	49.1	147.54	80	69.65
793	64.15	188.47	85	95.46
794	107.68	94.07	83	9.7
795	109.77	131.6	86	33.08
796	134.52	134.08	81	48.51
797	155.07	90.81	81	55.83
798	151.69	142.26	81	66.77
799	64.72	28.51	82	79.72
Drivers: 15
id	x	y	end	sensitivity
1142	183.52	90.6	81	0.73
1143	30.2	155.56	81	1.75
1144	19.25	104.47	81	0.97
1145	25.07	81.6	81	1.18
1146	8.44	76.09	81	0.84
1147	4.37	83.54	82	1.46
1148	13.23	58.49	80	1.59
1149	12.05	55.28	80	1.38
1150	134.82	59.83	81	1.69
1151	158.13	123.48	80	1.84
1152	76.95	175.99	81	0.78
1153	186.8	151.1	80	1.3
1154	196.16	129	80	1.37
1155	55.36	171.33	81	0.68
1156	137.1	42.46	82	0.71
Period: 81
Tasks:10
id	x	y	end	c
800	164.21	129.03	83	70.47
801	32.27	124.21	86	71.93
802	151.7	117.03	86	54.43
803	49.35	24.99	83	90.51
804	72.3	184.56	83	88.98
805	105.05	4.19	84	95.94
806	42.79	153.64	82	78.42
807	189.08	127.58	83	93.25
808	140.12	81.15	85	44.33
809	170.11	170.28	84	99.27
Drivers: 14
id	x	y	end	sensitivity
1157	134.18	150.93	81	1.48
1158	174.55	146.61	82	1.2
1159	109.53	30.44	83	0.86
1160	78.33	112.49	81	1.98
1161	165.15	82.78	83	1.66
1162	191.02	101.33	83	0.6
1163	74.11	51.9	81	0.62
1164	98.2	7.92	81	1.16
1165	169.15	60.59	85	0.99
1166	131.06	39.27	83	1.64
1167	130.06	28.96	84	1.99
1168	140.19	67.08	82	0.84
1169	180.7	66.06	82	1.14
1170	15.17	73.48	81	1.33
Period: 82
Tasks:9
id	x	y	end	c
810	59.97	160.37	84	72.44
811	31.4	73.52	84	73.53
812	143.8	33.02	85	80.03
813	181.16	19.58	83	114.26
814	136.29	15.76	83	91.72
815	154.02	110.56	86	55.04
816	141.22	25.78	84	84.9
817	48.16	169.77	84	86.92
818	31.32	151.63	83	85.92
Drivers: 20
id	x	y	end	sensitivity
1171	171.17	186.58	83	0.55
1172	125.87	136.83	83	1.99
1173	28.78	49.52	85	1.97
1174	170.15	65.17	82	1.75
1175	2.35	24.13	82	1.46
1176	107.48	104.5	82	0.89
1177	131.13	45.19	82	1.29
1178	115.91	62.19	83	1.23
1179	45.35	196.58	84	0.99
1180	9.93	183.84	82	1.25
1181	71.47	125.17	83	1.98
1182	44.77	19.06	84	0.96
1183	178.64	79.66	82	0.94
1184	69.5	180.15	85	0.66
1185	143.05	39.99	84	1.84
1186	123.2	81.41	85	0.91
1187	114.26	31.89	85	1.06
1188	114.5	105.35	82	1.65
1189	13.15	182.7	82	1.93
1190	199.41	90.19	83	0.57
Period: 83
Tasks:12
id	x	y	end	c
819	135.38	172.84	84	80.98
820	45.03	45.09	86	77.7
821	11.35	165.95	84	110.49
822	70.34	73.35	85	39.87
823	15.64	60.06	84	93.34
824	180.13	96.88	85	80.19
825	173.89	140.79	84	84.4
826	125.52	192.46	84	95.92
827	80.54	89.98	86	21.89
828	180.16	22.5	86	111.5
829	109.92	110.36	86	14.34
830	36.7	33.26	85	91.98
Drivers: 15
id	x	y	end	sensitivity
1191	136.09	46.94	87	1.73
1192	145.96	41.39	84	1.05
1193	63.19	84.65	83	1.85
1194	156.96	72.7	83	1.53
1195	16.86	102.44	83	1.55
1196	108.1	49.56	83	1.44
1197	23.54	157.58	84	0.63
1198	168.07	89.68	83	1.62
1199	66.15	77.46	86	1.29
1200	74.61	43.44	84	1.05
1201	51.68	13.15	83	0.61
1202	196.39	8.88	83	1.1
1203	193.49	71.75	85	0.8
1204	132.78	144.54	84	0.92
1205	105.37	152.75	83	0.95
Period: 84
Tasks:10
id	x	y	end	c
831	60.86	150.98	88	64.27
832	31.86	183.14	85	107.5
833	174.43	113.02	84	75.56
834	182.87	19.81	86	115.32
835	32.38	199.34	86	120.17
836	2.89	142.14	85	105.86
837	5.9	174.69	84	120.14
838	143.82	136.75	86	57.19
839	15.55	120.47	85	86.9
840	55.98	174.29	86	86.35
Drivers: 17
id	x	y	end	sensitivity
1206	39.76	165.85	85	1.17
1207	185.77	67.15	85	1.18
1208	165.65	160.84	85	1.4
1209	136.61	8.45	84	0.72
1210	100.25	29.25	85	0.96
1211	69	118.3	86	1.11
1212	185.92	135.64	84	1.64
1213	125.27	49.73	84	1.67
1214	18.07	82.15	86	1.11
1215	127.68	47.45	84	1.65
1216	148.41	114.88	85	0.89
1217	67.82	114.61	85	1.04
1218	171.04	59.38	85	1.11
1219	55.73	105.39	85	1.26
1220	166.33	115.28	86	0.7
1221	141.22	66.91	86	1.75
1222	18.93	24.96	85	1.83
Period: 85
Tasks:10
id	x	y	end	c
841	178.07	131.11	88	84.04
842	131.8	81.7	87	36.69
843	141.87	130.45	86	51.77
844	192.63	167.15	86	114.41
845	140.04	171.24	87	81.72
846	117.65	159.45	87	62.01
847	30.03	77.48	86	73.5
848	26.52	144.41	86	85.86
849	127.92	143.5	87	51.69
850	103.58	171.57	88	71.66
Drivers: 18
id	x	y	end	sensitivity
1223	179.5	101.31	85	0.78
1224	15.67	155.09	85	1.18
1225	45.41	185.34	86	1.63
1226	160.18	106.06	85	1.44
1227	32.46	173.65	87	0.83
1228	49.19	82.7	87	1.38
1229	155.59	115.05	86	1.43
1230	63.33	154.57	86	1.21
1231	24.46	16.88	85	1.91
1232	42.3	152.4	86	0.89
1233	57.31	126.04	86	0.75
1234	48.37	68.03	86	0.83
1235	50.46	196.83	86	1.9
1236	122.85	123.09	86	1.88
1237	21.7	46.79	86	0.93
1238	125.46	134.13	87	1.11
1239	89.19	147.51	85	1.29
1240	69.43	190.53	86	1.69
Period: 86
Tasks:3
id	x	y	end	c
851	133.85	155.91	89	65.36
852	79.35	20.5	90	82.14
853	131.62	54.33	87	55.55
Drivers: 17
id	x	y	end	sensitivity
1241	80.95	71.99	88	1.55
1242	71.07	90.58	86	1.07
1243	5.28	142.6	87	1.67
1244	92.08	8.84	87	1.86
1245	166.88	50.02	87	1.83
1246	125.99	10	86	0.6
1247	182.69	98.93	87	0.76
1248	86.39	97.31	86	1.19
1249	21.56	44.94	90	0.91
1250	156.85	85.8	88	0.66
1251	48.06	175.44	86	1.5
1252	8.47	148.06	87	1.22
1253	75.81	151.68	88	1.45
1254	104.71	93.39	86	1.49
1255	89.89	96.69	87	0.84
1256	127.63	83.22	87	1.45
1257	178.07	143.61	87	0.65
Period: 87
Tasks:13
id	x	y	end	c
854	49.76	137.66	91	62.79
855	74.28	121.92	88	33.79
856	45.66	116.8	88	56.88
857	197.28	183.04	89	127.9
858	67.73	100.54	90	32.27
859	100.15	1.89	90	98.11
860	135.03	99.39	89	35.04
861	64.73	58.22	87	54.68
862	108.33	106.54	88	10.59
863	120.14	11.98	88	90.29
864	37.45	3.63	87	114.89
865	12.36	20.76	90	118.15
866	115.07	113.7	88	20.37
Drivers: 15
id	x	y	end	sensitivity
1258	85.59	171.32	88	1.06
1259	185.7	54.21	87	1.34
1260	86.27	45.97	89	1.13
1261	184.01	133.61	89	1.98
1262	150.94	195.95	87	1.7
1263	16.96	195.31	87	1.72
1264	22.02	8.02	87	1.76
1265	71.43	75.51	87	0.67
1266	71.4	142.47	87	0.87
1267	171.9	9.7	88	0.69
1268	174.71	54.84	90	1.69
1269	187.8	24.06	87	0.71
1270	42.79	90.57	87	1.08
1271	90.15	122.67	89	1.98
1272	124.13	38.02	87	0.52
Period: 88
Tasks:19
id	x	y	end	c
867	16.74	108.27	89	83.67
868	16.34	32.89	90	107.25
869	58.61	160.44	89	73.25
870	70.43	17.33	91	87.8
871	65.26	6.75	91	99.51
872	156.39	6.06	93	109.57
873	145.58	182.16	89	93.96
874	16.02	21.7	88	114.82
875	34.22	184.06	90	106.74
876	76.37	178.69	89	82.16
877	157.28	152.12	89	77.44
878	41.77	133.62	91	67.24
879	196.37	134.17	92	102.25
880	108.31	66.24	92	34.77
881	59.69	131	90	50.85
882	43.63	5.47	89	110.06
883	21.94	152.39	91	94.01
884	151.33	73.99	91	57.54
885	38.93	129.34	92	67.75
Drivers: 15
id	x	y	end	sensitivity
1273	15.36	196.76	88	1.45
1274	4.91	120.3	88	1.43
1275	190.72	14.39	91	1.89
1276	168.3	77.56	89	0.96
1277	50.58	157.66	90	0.98
1278	110.8	105.31	88	1.4
1279	34.35	147.42	90	1.35
1280	122.55	32.09	88	1.03
1281	29.79	102.47	89	1.06
1282	94.53	167.84	89	1.66
1283	80.15	155.63	89	1.28
1284	45.78	46.79	88	0.99
1285	186.74	126.45	88	1.46
1286	109.96	155.94	88	1.99
1287	81.02	105.67	90	1.58
Period: 89
Tasks:8
id	x	y	end	c
886	154.05	175.24	91	92.64
887	103.73	150.29	93	50.43
888	18	117.58	91	83.86
889	85.41	1.63	92	99.45
890	158.41	102.87	93	58.48
891	154.03	144.94	90	70.28
892	92.5	45.11	90	55.4
893	111.15	78.88	90	23.88
Drivers: 23
id	x	y	end	sensitivity
1288	151.72	113.67	89	1.77
1289	171.54	38.78	89	1.13
1290	79.47	163.91	89	1.88
1291	131.85	167.75	89	1.28
1292	120.29	108.95	91	1.51
1293	80.3	126.98	89	1.65
1294	104.83	188.5	90	1.13
1295	68.74	80.59	91	1.58
1296	142.76	175.35	91	0.63
1297	118.78	63.26	89	1.94
1298	14.49	98.97	89	1.08
1299	71.83	193.81	90	1.29
1300	129.47	126.72	90	1.67
1301	95.5	39.07	91	1.37
1302	97.92	178.52	90	1.04
1303	165.4	164.32	90	1.95
1304	94.57	78.22	89	1.39
1305	161.13	149.07	90	0.83
1306	42.53	183.49	90	1.16
1307	94.15	48.57	89	1.05
1308	193.96	47.42	90	1.39
1309	126.55	146.09	90	1.69
1310	95.38	44.59	90	1.41
Period: 90
Tasks:14
id	x	y	end	c
894	82	178.73	96	80.76
895	59.86	24.27	96	85.71
896	0.44	46.99	92	112.79
897	196.24	150.37	93	108.62
898	158.23	43.16	91	81.37
899	27.01	118.97	92	75.41
900	125.21	133.55	94	41.97
901	105.73	78.85	90	21.91
902	34.92	65.6	90	73.61
903	88.75	176.85	91	77.67
904	50.73	100.12	92	49.27
905	104.12	67.04	90	33.22
906	153.68	107.68	92	54.23
907	131.93	23.7	90	82.71
Drivers: 11
id	x	y	end	sensitivity
1311	197.58	170.49	91	0.66
1312	89.4	74.29	91	0.54
1313	49.25	22.87	90	0.72
1314	12.55	59.11	92	1.03
1315	94.83	173.57	91	1.85
1316	144.41	180.45	91	1.13
1317	79.03	11.72	90	0.7
1318	164.2	63.59	91	0.74
1319	24.07	150.35	94	0.87
1320	45.59	140.07	90	1.55
1321	147.04	182.05	90	1.87
Period: 91
Tasks:13
id	x	y	end	c
908	104.06	115.68	92	16.2
909	98.43	85.65	93	14.44
910	9.88	199.17	93	134
911	85.03	127.61	94	31.41
912	176.17	12.17	93	116.26
913	149.63	104.21	91	49.81
914	55.7	188.78	93	99.22
915	95.27	47.93	92	52.28
916	131.58	56.65	92	53.63
917	51.44	151.01	92	70.43
918	168.79	163.36	92	93.52
919	43.04	162.41	92	84.5
920	184.91	182.45	93	118.35
Drivers: 18
id	x	y	end	sensitivity
1322	192.28	95.35	92	0.93
1323	17.53	111.82	92	1.45
1324	195.15	86.72	92	1.36
1325	135.94	106.22	94	1.1
1326	94.8	117.26	91	1.17
1327	101.14	14.94	91	1.22
1328	70.14	38.56	92	1.05
1329	7.66	12.29	92	1.29
1330	155.22	120.74	93	0.62
1331	135.91	42.46	92	0.79
1332	88.81	91.79	94	1.52
1333	43.31	169.36	93	0.78
1334	64.07	170.28	92	1.56
1335	154.94	168.84	94	1.8
1336	166.55	91.04	91	1.54
1337	161.87	17.8	92	1.61
1338	134.35	190.11	93	0.55
1339	61.25	17.42	91	0.88
Period: 92
Tasks:11
id	x	y	end	c
921	186.15	179.95	93	117.53
922	26.79	124.74	94	77.28
923	159.85	145.84	92	75.39
924	187.37	105.96	94	87.57
925	152.67	33.11	94	85.14
926	15.19	9.95	95	123.7
927	152.16	195.23	95	108.58
928	196.86	100.25	92	96.86
929	125.66	184.17	95	87.99
930	194.92	40.21	94	112.18
931	77.86	9.83	93	92.85
Drivers: 14
id	x	y	end	sensitivity
1340	135.37	126.34	94	1.76
1341	42.74	105.16	93	0.61
1342	187.39	51.72	92	1.95
1343	83.48	110.87	93	1.88
1344	138.1	61.01	95	1.17
1345	120.53	58.58	92	1.77
1346	62.95	68	94	1.24
1347	20.13	26.59	92	0.82
1348	32.06	118.23	93	1.86
1349	44.54	154.67	95	1.39
1350	122.54	193.33	92	1.63
1351	165.38	157.39	92	1.82
1352	172.74	38.25	94	0.92
1353	101.09	21	93	1.04
Period: 93
Tasks:15
id	x	y	end	c
932	23.59	131.55	95	82.67
933	25.32	147.39	97	88.45
934	41.22	137.91	95	69.94
935	146.62	32.09	93	82.37
936	27.02	57.71	96	84.35
937	37.26	173.91	94	96.95
938	97.58	123.65	94	23.77
939	138.85	162.5	96	73.59
940	5.19	196.7	94	135.42
941	154.74	9.33	96	105.91
942	16.27	8.06	94	124.35
943	136.26	189.7	93	96.75
944	89.6	182.97	93	83.62
945	89.18	127.47	94	29.52
946	2.4	176.16	94	123.8
Drivers: 13
id	x	y	end	sensitivity
1354	48.98	55.81	95	0.66
1355	128.99	111.45	94	1.04
1356	80.07	89.33	95	1.09
1357	156.86	98.56	96	1.11
1358	94.76	199.84	95	0.61
1359	38.35	182.68	94	0.73
1360	17.11	72.13	93	1.28
1361	189.07	185.18	93	1.28
1362	90.67	164.56	93	1.48
1363	81.25	159.5	95	1.24
1364	7.52	42.26	94	0.62
1365	61.71	20.98	94	0.86
1366	9.65	154.47	94	1.3
Period: 94
Tasks:10
id	x	y	end	c
947	149.55	88.37	96	50.9
948	176.76	15.27	94	114.33
949	34.29	107.83	95	66.17
950	44.64	196.68	97	111.41
951	10	183.07	97	122.48
952	105.08	156.97	98	57.2
953	190.32	147.26	95	101.94
954	90.19	148.31	95	49.3
955	181.68	45.32	94	98.29
956	48.3	150.87	96	72.53
Drivers: 21
id	x	y	end	sensitivity
1367	91.65	96.14	95	1.15
1368	48.1	36.76	95	1.36
1369	61.03	136	96	1.98
1370	113.14	37.57	94	1.14
1371	15.98	198.62	94	1.11
1372	102	17.25	94	0.67
1373	50.09	34.28	94	1.45
1374	84.52	50.23	95	0.83
1375	69.57	180.42	97	0.82
1376	91.74	76.2	95	0.93
1377	10.1	155.76	95	1.93
1378	77.9	10.72	95	1.86
1379	132.51	41.21	96	1.15
1380	95.76	62.53	95	0.97
1381	47.12	150.13	95	0.53
1382	41	69.83	96	0.65
1383	91.18	187.54	95	0.63
1384	86.14	21.44	96	1.41
1385	130	46.38	95	1.3
1386	108.15	21.08	94	0.71
1387	10.12	89.08	94	0.56
Period: 95
Tasks:10
id	x	y	end	c
957	121.55	68.31	96	38.32
958	162.12	27.93	96	95.15
959	128.83	170.92	97	76.56
960	57.01	1.16	96	107.78
961	68.33	30.68	96	76.21
962	41.37	130.93	96	66.29
963	159.32	115.58	96	61.33
964	191.92	162.86	97	111.36
965	185.82	124.56	98	89.27
966	126.4	43.93	97	61.97
Drivers: 12
id	x	y	end	sensitivity
1388	61.64	184.17	97	0.62
1389	159.01	60.33	97	1.31
1390	103.24	88.84	95	0.51
1391	183.37	154.78	96	0.74
1392	41.16	79.66	96	1.53
1393	118.99	119.35	97	1.6
1394	93.51	98.7	95	1.91
1395	155.82	130.2	96	1.19
1396	85.19	140.23	95	1.85
1397	56.1	36.43	96	1.28
1398	18.57	97.92	97	0.65
1399	116.65	134.39	96	1.11
Period: 96
Tasks:5
id	x	y	end	c
967	81.37	125.3	97	31.42
968	153.29	174.62	99	91.69
969	169.99	188.55	100	112.87
970	57.37	115.47	98	45.35
971	171.22	167.31	96	97.99
Drivers: 17
id	x	y	end	sensitivity
1400	23.3	123.86	97	1.22
1401	76.85	134.88	98	0.78
1402	101.43	168.14	98	0.89
1403	139.66	174	99	1.39
1404	60.33	132.27	97	0.92
1405	171.71	66.75	96	1.14
1406	144.54	187.24	98	1.43
1407	39.38	143.65	98	1.09
1408	46.32	155.08	98	1.44
1409	65.69	110.77	98	0.98
1410	81.41	2.76	97	1.35
1411	22.54	123.03	97	0.73
1412	102.48	115.8	97	1.38
1413	110.68	90.51	96	0.74
1414	39.69	126.82	96	1.68
1415	39.97	21.02	98	1.68
1416	156.82	170	96	1.39
Period: 97
Tasks:10
id	x	y	end	c
972	195.17	34.68	99	115.43
973	3.68	15.81	100	127.93
974	21.34	65.17	99	86.03
975	96.13	12.58	98	87.51
976	173.31	188.98	98	115.29
977	109.65	59.51	99	41.62
978	94.21	146.6	98	46.96
979	148.18	116.55	99	50.94
980	138.68	191.16	102	99.03
981	131.09	163.54	100	70.74
Drivers: 15
id	x	y	end	sensitivity
1417	67.04	61.93	97	1.83
1418	129.33	102.93	98	1.51
1419	22.28	125.78	98	0.64
1420	140.71	34.93	99	1.53
1421	57.95	21.4	97	0.95
1422	174.45	33.69	97	1.13
1423	25.38	22.42	97	0.53
1424	25.19	70.5	98	1.34
1425	10.62	182.24	98	1.74
1426	141.42	42.98	98	0.64
1427	64.37	87.42	98	1.84
1428	26.2	70.67	98	0.58
1429	169.46	68.7	98	1.42
1430	185.83	35.16	98	1.8
1431	64.84	35.74	98	0.8
Period: 98
Tasks:7
id	x	y	end	c
982	108.95	154.32	99	55.05
983	22.06	62.39	102	86.54
984	113.54	61.3	99	41
985	187.79	104.17	100	87.89
986	129.77	103.57	98	29.98
987	68.8	56.92	99	53.19
988	32.53	97.93	98	67.5
Drivers: 20
id	x	y	end	sensitivity
1432	70.23	10.77	98	0.64
1433	71.23	85.41	98	1.18
1434	157.05	138.84	99	1.17
1435	30.59	178.35	98	0.53
1436	135.74	182.19	99	1.55
1437	172.89	26.69	99	1.51
1438	167.44	155.97	99	0.77
1439	71.12	129.17	99	0.88
1440	75.14	43.8	98	1.92
1441	183.24	97.66	99	1.03
1442	117.64	170.92	101	1.75
1443	74.49	120.46	98	1.04
1444	13.85	14.79	101	1.99
1445	41.37	7.98	98	1.02
1446	115.84	133.31	98	1.67
1447	82.32	50.69	99	1.15
1448	37.82	75.21	98	0.84
1449	63.34	149.66	99	1.91
1450	34.45	28.99	99	1.05
1451	159.91	105.93	98	0.76
Period: 99
Tasks:10
id	x	y	end	c
989	104.58	17.77	104	82.36
990	8.05	61.91	101	99.53
991	94.21	33.19	99	67.06
992	81.52	124.23	101	30.47
993	144.28	77.79	100	49.54
994	12.29	56.54	99	97.89
995	160.89	27.56	100	94.63
996	17.66	150.66	100	96.68
997	156.06	153.71	101	77.64
998	3.06	7.8	102	133.78
Drivers: 18
id	x	y	end	sensitivity
1452	195.01	141.29	100	1.64
1453	164.81	130.77	100	1.28
1454	86.43	89.12	99	0.77
1455	120.38	190.23	99	1.52
1456	146.16	76.2	100	1.94
1457	4.83	26.15	100	0.56
1458	90.16	157.14	99	1
1459	195.82	75.09	99	1.32
1460	17.71	173.16	100	1.73
1461	37.86	187.03	99	1.62
1462	73.71	60.95	99	0.8
1463	170.66	70.6	100	1.69
1464	113.83	116.99	101	0.65
1465	61.49	162.19	101	0.57
1466	154.6	189.94	100	0.79
1467	175.5	142.23	99	0.99
1468	28.32	168.91	100	1.46
1469	131.29	98.27	99	0.56
Period: 100
Tasks:8
id	x	y	end	c
999	180.34	131.97	101	86.47
1000	108.01	60.8	101	40.01
1001	190.05	54.93	100	100.7
1002	134.39	151.51	104	61.94
1003	189.73	12.15	103	125.58
1004	23.74	115.69	102	77.86
1005	34.16	194.37	103	115.07
1006	85.8	67.18	101	35.76
Drivers: 18
id	x	y	end	sensitivity
1470	43.99	47.01	100	1.5
1471	159.35	156.24	100	1.37
1472	139.87	49.48	100	1.35
1473	150.62	22.55	102	1.63
1474	178.93	35.48	101	0.53
1475	54.1	179.06	101	1.22
1476	131.76	30.57	102	0.7
1477	83.64	162.62	101	0.77
1478	34.95	40.57	103	0.82
1479	97.5	196.57	101	1.94
1480	65.67	3.77	102	1.79
1481	55.19	72	100	0.88
1482	52.33	144.75	101	1.68
1483	107.79	110.18	102	0.79
1484	115.92	22.89	101	0.6
1485	141.78	22.69	100	1.78
1486	199.97	154.56	101	1.4
1487	110.29	123.03	100	1.84
