Periods: 100
Task Arrival Rate: 5
Task Average Time: 1
Driver Arrival Rate: 15
Driver Average Time: 1
Period: 1
Tasks:0
id	x	y	end	c
Drivers: 13
id	x	y	end	sensitivity
1	16.29	13.16	2	1.95
2	22.59	198.47	1	0.72
3	36.68	87.98	1	1.53
4	138.65	174.51	1	1.04
5	28.46	197.17	1	0.72
6	127.37	162.8	1	1.98
7	13.78	170.75	1	0.52
8	195.41	94.52	5	0.87
9	111.82	162.62	3	1.17
10	95.57	169.87	1	1.41
11	54.47	97.23	1	1.12
12	29.43	87.25	4	0.52
13	33.05	118.2	2	1.47
Period: 2
Tasks:4
id	x	y	end	c
1	35.45	100.63	2	64.55
2	17.47	73.43	2	86.7
3	86.93	173.61	2	74.76
4	54.24	140.87	3	61.35
Drivers: 19
id	x	y	end	sensitivity
14	99.65	15.57	2	0.98
15	37.4	125.99	3	1.05
16	179.67	141.9	5	0.61
17	92.15	63.85	2	1.82
18	51.49	86.48	4	1.62
19	38.46	75.95	4	1.84
20	49.21	5.54	3	1.75
21	178.46	173.53	2	0.65
22	60.8	187.05	3	0.65
23	76	91.41	6	0.93
24	106.27	138.71	3	1.96
25	107.74	158.81	4	1.98
26	144.25	66.17	2	0.89
27	155.23	172.6	6	1.05
28	144.11	15.03	2	1.38
29	56.52	152.22	4	1.41
30	189.66	32.61	4	1.66
31	102.11	118.9	3	0.74
32	94.39	58.55	2	1.98
Period: 3
Tasks:6
id	x	y	end	c
5	44.83	104.69	5	55.37
6	88.61	93.5	4	13.11
7	81.85	48.11	3	54.97
8	165.27	49.79	6	82.35
9	131.01	151.71	5	60.3
10	122.28	188.65	4	91.41
Drivers: 14
id	x	y	end	sensitivity
33	107.23	137.27	5	1.77
34	16.49	24.56	4	1.86
35	177.18	108.89	3	1.97
36	123.68	118.41	3	1.35
37	137.62	128.4	3	0.52
38	66.7	126.47	5	0.99
39	31.41	105.61	4	1.11
40	188.62	146.19	3	1.17
41	17.98	83.45	3	1.47
42	141.75	45.95	4	1.06
43	136.4	182.15	5	1.93
44	141.56	33.6	3	1.07
45	158.17	127.36	3	0.71
46	97.49	71.97	3	0.93
Period: 4
Tasks:1
id	x	y	end	c
11	127.08	79.83	5	33.77
Drivers: 11
id	x	y	end	sensitivity
47	143.59	16.54	6	0.77
48	8.02	79.77	4	1.33
49	80.62	144.79	6	1.56
50	110.66	109.61	5	0.65
51	84.56	37.49	5	1.19
52	81.12	100.65	5	0.69
53	29.82	131.89	6	0.83
54	157.15	141.43	5	1.11
55	147.85	0.09	7	1.54
56	64.87	173.45	5	0.86
57	124.64	170.66	5	0.87
Period: 5
Tasks:3
id	x	y	end	c
12	32.65	199.07	5	119.8
13	168.75	190.95	5	114.01
14	59.75	150.51	5	64.59
Drivers: 14
id	x	y	end	sensitivity
58	11.98	45.97	6	1.89
59	7.79	61.03	10	1.65
60	108.65	41.51	6	0.58
61	152.66	82.76	6	1.76
62	194.22	114.48	6	0.74
63	193.49	15.78	6	1.02
64	181.86	72.75	5	1.45
65	166.26	8.45	5	0.75
66	91.56	105.61	5	1.85
67	140.74	26.85	8	1.26
68	20.44	157.63	5	1.07
69	121.12	79.2	5	1.38
70	172.16	186.32	5	1.45
71	13.99	11.46	6	1.95
Period: 6
Tasks:6
id	x	y	end	c
15	14.2	83.38	9	87.39
16	68.37	32.74	6	74.33
17	94.42	33.14	8	67.09
18	5.68	53.33	6	105.23
19	73.22	22.21	6	82.27
20	77.43	103.64	7	22.86
Drivers: 16
id	x	y	end	sensitivity
72	110.16	4.74	6	1.94
73	4.29	191.76	8	0.67
74	12.22	100.78	6	1.51
75	182.99	14.62	6	1.58
76	85.46	190.83	6	1.25
77	4.58	6.94	7	0.9
78	20.21	9.09	6	1.32
79	189.55	141.84	6	1.86
80	54.57	177.07	7	1.55
81	161.18	99.38	7	0.78
82	27.28	38.5	7	1.04
83	96.07	147.35	7	0.5
84	138.33	47.46	8	1.37
85	96.59	4.03	6	1.33
86	142.1	166.61	10	1.51
87	149.34	4.54	7	1
Period: 7
Tasks:5
id	x	y	end	c
21	27.61	197.62	8	121.53
22	88.99	134.08	9	35.81
23	92.76	155.67	9	56.14
24	126.1	126.18	7	36.97
25	84.09	46.5	8	55.82
Drivers: 14
id	x	y	end	sensitivity
88	152.42	123.52	9	1.6
89	137.67	141.32	9	0.88
90	98.67	35.14	9	1.03
91	112.33	161.51	9	1.87
92	169.77	185.92	8	1.11
93	21.73	132.89	7	0.57
94	2.71	24.03	8	0.66
95	190.55	109.34	7	1.24
96	192	156.71	8	1.3
97	165.24	173.17	8	1.63
98	65.38	177.18	8	1.24
99	135.24	18.54	8	1.03
100	74.49	110.49	7	1.98
101	22.57	42.44	7	0.83
Period: 8
Tasks:7
id	x	y	end	c
26	30.45	150.36	13	85.87
27	170.03	34.5	11	95.89
28	55.23	140.54	9	60.4
29	166.94	43.38	8	87.67
30	137.11	102.6	11	37.2
31	86.41	144.32	10	46.36
32	137.01	4.45	9	102.47
Drivers: 15
id	x	y	end	sensitivity
102	97.42	54.31	8	1.48
103	54.15	142.82	9	1.74
104	135.96	167.5	8	1.84
105	2.3	113.98	9	0.87
106	67.14	25.06	8	0.72
107	15.34	38	10	0.54
108	97.05	32.17	11	1.56
109	81.61	37.43	8	1.46
110	196.96	22.17	9	0.69
111	58.51	84.91	8	0.54
112	55.65	2.1	9	0.73
113	123.31	43.61	8	1.37
114	153.65	155.56	8	1.16
115	82.6	96.23	8	0.97
116	85.46	184.08	9	1.19
Period: 9
Tasks:7
id	x	y	end	c
33	88.64	161.04	10	62.09
34	140.16	85.36	10	42.75
35	33.94	24.14	9	100.59
36	51.13	199.66	9	111
37	28.88	1.36	10	121.61
38	127.01	89.57	10	28.95
39	138.88	34.58	10	76.1
Drivers: 21
id	x	y	end	sensitivity
117	117.68	134.02	9	1.87
118	51.32	134.61	9	1.32
119	61.42	158.11	10	0.67
120	29.76	83.55	10	0.5
121	54.49	153.26	9	0.61
122	28.35	23.92	10	0.53
123	162.48	54.88	9	1.08
124	141.68	52.39	9	1.29
125	114.92	162.13	11	1.08
126	81.36	0.29	9	1
127	76.36	85.32	9	1.1
128	2.5	16.01	9	1.09
129	137.8	119.11	10	1.66
130	146.44	52.5	9	1.88
131	56.29	56.44	9	0.83
132	105.12	17.04	11	1.36
133	22.03	45.23	10	0.94
134	166.92	67.57	11	1.02
135	58.49	136.98	10	0.79
136	119.15	126.38	10	0.63
137	106.76	56.9	9	1.11
Period: 10
Tasks:5
id	x	y	end	c
40	142.88	173.37	11	84.98
41	134.84	188.18	11	94.81
42	129.31	36.26	10	70.16
43	83.26	24.94	10	76.9
44	57.23	16.24	10	94.05
Drivers: 17
id	x	y	end	sensitivity
138	131.46	183.05	12	0.64
139	106.06	124.73	10	0.83
140	113.57	92.86	11	1.52
141	34.02	79.15	10	1.99
142	11.76	52.3	10	1.7
143	161.6	165.89	11	1.77
144	128.77	162.87	11	1.68
145	73.04	54.21	11	1.54
146	63.96	72.98	11	0.84
147	53.33	122.87	12	1.51
148	114.08	48.89	10	1.59
149	67.19	17.19	10	1.66
150	11.47	12.51	11	0.97
151	41.62	13.58	11	0.78
152	5.71	85.47	13	1.52
153	47.82	3.23	10	1.93
154	163.06	158.76	10	0.71
Period: 11
Tasks:4
id	x	y	end	c
45	1.29	182.72	12	128.79
46	36.03	79.08	15	67.3
47	73.71	156.02	12	61.88
48	55.8	133.72	12	55.59
Drivers: 10
id	x	y	end	sensitivity
155	190.82	124.5	11	1.83
156	25.91	155.48	13	1.22
157	66.75	172.17	11	0.55
158	185.48	139.03	11	0.58
159	189.18	143.86	12	0.74
160	76.91	132.96	12	0.77
161	151.23	11.66	14	1.36
162	182.71	11.16	11	1.09
163	189.29	9.66	11	1.96
164	92.11	35.45	13	1.31
Period: 12
Tasks:4
id	x	y	end	c
49	126.88	161.67	12	67.27
50	154.45	108.54	12	55.12
51	116.35	157.24	12	59.53
52	116.8	20.56	13	81.2
Drivers: 10
id	x	y	end	sensitivity
165	62.04	93.02	12	0.71
166	36.1	30.4	12	1.2
167	121.07	3.38	13	1.29
168	181.08	147.12	13	0.64
169	125.87	77.74	13	1.42
170	87.94	67.65	15	1.55
171	37.95	58.59	12	1.17
172	102.28	91.67	15	1.07
173	32.32	54.46	14	1.81
174	137.64	196.4	13	1.1
Period: 13
Tasks:4
id	x	y	end	c
53	76.43	17.08	13	86.2
54	20.34	35.98	14	102.2
55	111.6	77.81	14	25.04
56	20.03	34.99	14	103.06
Drivers: 15
id	x	y	end	sensitivity
175	32.24	13.45	14	1.46
176	152.38	9.97	15	0.83
177	7.41	92.6	16	1.44
178	8.23	110.99	14	0.55
179	186.82	57.09	14	1.15
180	19.43	61.43	14	0.87
181	38.88	99.81	14	1.27
182	72.56	9.76	14	1.22
183	17.39	124.47	15	1.59
184	105.51	192.28	14	1.84
185	15.95	128.07	15	1.96
186	168	160.64	13	0.64
187	4.62	119.02	15	1.71
188	44.43	60.54	15	0.59
189	83.34	197.98	14	1.33
Period: 14
Tasks:6
id	x	y	end	c
57	64.68	191.93	16	98.48
58	20.35	16.96	16	115.06
59	105.78	150.74	16	51.07
60	32.62	68.88	15	74.22
61	65.94	195.7	16	101.58
62	80.43	120.57	14	28.39
Drivers: 18
id	x	y	end	sensitivity
190	169.55	158.5	17	1.77
191	58.13	144.39	15	1.53
192	164.6	177.45	15	1.54
193	185.8	86.01	15	0.71
194	178.14	183.44	17	0.81
195	49.16	55.84	16	1.91
196	24.95	198.9	17	1.49
197	163.17	15.94	15	0.69
198	158.39	28.82	16	1.22
199	29.6	90.78	16	1.62
200	90.02	165.35	15	0.51
201	119.32	34.9	17	0.59
202	155.56	149.77	14	0.97
203	24.14	135.04	15	1.04
204	49.33	191.87	15	0.68
205	97.57	104.59	14	1.52
206	111.38	51.26	14	0.61
207	10.23	90.48	14	1.73
Period: 15
Tasks:4
id	x	y	end	c
63	135.33	77.59	16	41.84
64	153.53	38.29	15	81.69
65	101.98	177.94	16	77.97
66	106.51	102.87	17	7.11
Drivers: 13
id	x	y	end	sensitivity
208	4.13	124.85	16	0.74
209	96.68	40.52	15	0.72
210	56.91	21.32	15	1.75
211	143.61	126.25	15	1.3
212	116.1	84.32	16	1.02
213	141.08	194	19	1.36
214	98.84	35.17	16	1.76
215	10.61	60.33	15	0.52
216	68.45	20.46	18	0.55
217	3.07	42.98	16	1.61
218	89.82	37.6	15	0.74
219	96.71	159.21	15	1.49
220	71.22	124.37	15	1.51
Period: 16
Tasks:9
id	x	y	end	c
67	110.05	129.12	17	30.81
68	158.73	72.09	16	65.02
69	187.63	49.68	16	101.05
70	59.87	80.21	16	44.74
71	68.5	41.74	17	66.23
72	148.71	78.43	16	53.27
73	99.63	67.04	16	32.96
74	21.55	102.65	16	78.49
75	92.12	174.88	16	75.29
Drivers: 10
id	x	y	end	sensitivity
221	124.73	195.66	16	1.61
222	155.54	4.01	16	1.64
223	104.66	121.12	16	1.94
224	145.71	0.95	16	1.74
225	95.7	58.59	17	1.66
226	185.31	91.42	16	1.8
227	197.71	142.09	16	0.54
228	129.3	142.41	17	1.81
229	47.49	60.01	18	1.66
230	25.02	195.19	16	0.7
Period: 17
Tasks:6
id	x	y	end	c
76	71.3	130.11	18	41.6
77	18.48	15.03	17	117.75
78	8.78	51.42	18	103.35
79	119.36	102.83	17	19.57
80	29.78	138.18	18	79.93
81	192.43	181.17	17	123.01
Drivers: 16
id	x	y	end	sensitivity
231	152.5	87.36	18	1.86
232	96.52	27.34	18	1.7
233	141.45	183.43	19	1.43
234	66.45	82.76	19	0.83
235	130.62	22.82	17	1.93
236	90.31	26.77	17	1.08
237	47.87	114.2	17	1.89
238	130.75	175.96	19	0.56
239	110.01	149.38	19	1.08
240	114.83	54.4	19	1.65
241	181.14	179.56	17	1.63
242	187.3	85.57	17	0.9
243	64.42	80.12	18	1.06
244	32.69	68.7	18	1.53
245	168.18	67.39	18	0.62
246	123.64	100.64	17	1.56
Period: 18
Tasks:6
id	x	y	end	c
82	72.84	197.7	24	101.4
83	72.33	92.55	19	28.66
84	50.6	180.08	18	94.09
85	71	64.64	18	45.73
86	33.16	3.96	19	117.01
87	10.53	17.84	19	121.47
Drivers: 16
id	x	y	end	sensitivity
247	54.67	140.8	19	1.26
248	120.32	61.16	19	1.03
249	92.55	92.65	18	0.62
250	157.65	7.78	19	1.27
251	119.39	124.41	19	1.37
252	82.12	46.88	19	1.73
253	34.9	121.9	19	1.15
254	86.12	27.43	20	0.78
255	80.78	29.11	20	1.89
256	141.92	76.11	21	0.82
257	29.3	54.75	19	1.14
258	19.8	126.84	18	1.05
259	152.04	34.71	19	1.43
260	146.72	164.08	19	1.32
261	191.06	151.58	20	0.79
262	156.57	186.62	19	1.66
Period: 19
Tasks:6
id	x	y	end	c
88	191.49	36.55	19	111.34
89	38.06	42.78	21	84.32
90	168.34	131.91	19	75.42
91	157.33	124.74	19	62.44
92	103.28	76.55	19	23.68
93	122.93	58.87	19	47.09
Drivers: 10
id	x	y	end	sensitivity
263	66.59	170.67	21	1.3
264	105.93	165.35	19	1.73
265	134.69	176.4	19	1.58
266	53.84	32.1	20	1.94
267	69.53	77.39	20	0.82
268	70.79	151.16	21	1.58
269	40.55	138.26	19	1.67
270	65.32	2.38	19	0.9
271	22.28	41.69	20	0.52
272	44.13	78.26	20	0.66
Period: 20
Tasks:3
id	x	y	end	c
94	73.3	30.72	21	74.25
95	60.35	181	21	90.18
96	174.25	6.84	22	119.13
Drivers: 15
id	x	y	end	sensitivity
273	156.76	10.35	21	0.82
274	87.28	22.02	22	1.19
275	178.32	84.27	22	1.59
276	18.49	194.38	20	0.62
277	86.42	29.83	20	0.84
278	194.18	51.33	22	1.64
279	151.04	1.74	21	0.95
280	92.73	102.17	20	1.63
281	14.68	118.32	22	1.77
282	31.65	60.36	20	0.65
283	13.5	16.07	20	1.02
284	105.22	93.89	21	1.77
285	42.94	21.91	21	0.78
286	159.7	91.62	21	1.97
287	149.93	139.98	21	1.47
Period: 21
Tasks:7
id	x	y	end	c
97	87.84	49.63	22	51.82
98	28.7	176.36	22	104.47
99	6.67	53.29	22	104.37
100	82.1	125.67	21	31.29
101	24.74	17.85	22	111.41
102	154.26	109.91	22	55.16
103	150.26	63.25	21	62.26
Drivers: 10
id	x	y	end	sensitivity
288	78.67	132.11	22	1.93
289	32.66	48.45	21	0.91
290	18.46	182.3	23	1.83
291	77.42	7.18	23	1.89
292	107.64	180.87	22	1.42
293	198.26	121.36	21	1.57
294	136.46	14.02	25	1.57
295	45.16	100.87	21	1.75
296	42.64	34.31	21	0.65
297	195	149.43	22	1.89
Period: 22
Tasks:4
id	x	y	end	c
104	6.99	118.47	22	94.83
105	73.38	104	24	26.92
106	125.95	29.05	24	75.55
107	26.06	106.47	22	74.22
Drivers: 16
id	x	y	end	sensitivity
298	44.68	76.23	22	0.95
299	68.32	99.26	24	0.61
300	86.97	33.29	23	1.32
301	162.99	119.31	22	1.58
302	178.2	90.82	22	1.6
303	34.88	121.57	22	0.72
304	90.06	163.85	24	1.2
305	66.78	6.75	23	0.55
306	93.88	7.91	22	0.86
307	72.42	19.76	22	0.81
308	61.6	59.44	24	0.64
309	177.58	25.75	22	0.97
310	31.45	146.8	24	1.23
311	4.69	53.9	23	1.93
312	192.7	175.58	24	1.37
313	127.22	182.31	24	0.5
Period: 23
Tasks:10
id	x	y	end	c
108	139.93	37.08	23	74.52
109	47.27	38.64	24	80.9
110	68.17	173.77	24	80.34
111	186.17	107.63	24	86.51
112	126.14	76.62	24	35.07
113	177.2	56.92	23	88.41
114	114.61	64.03	23	38.82
115	59.07	29.27	23	81.72
116	114.5	20.16	23	81.15
117	172.89	103.49	24	72.97
Drivers: 10
id	x	y	end	sensitivity
314	35.99	173.42	25	1.14
315	69.68	42.42	24	1.84
316	108.16	143.34	24	1.45
317	31.5	44.09	23	1.67
318	121.29	185.27	23	1.16
319	41.02	78.93	23	1.9
320	89.74	17.37	24	1.4
321	12.95	174.97	24	0.8
322	12.01	107.89	24	1.85
323	32.6	31.91	23	1.99
Period: 24
Tasks:4
id	x	y	end	c
118	195.67	197.04	24	136.27
119	72.59	29.15	24	75.97
120	31.67	181.13	25	106.07
121	126.65	92.92	25	27.57
Drivers: 15
id	x	y	end	sensitivity
324	117.08	133.21	24	0.8
325	158.72	5.11	24	1.05
326	115.9	75.47	24	1.78
327	160.83	178.22	25	0.73
328	39.82	78.01	24	1.74
329	97.83	144.43	25	1.98
330	6.25	104.02	24	1.64
331	100.59	76.63	26	1.92
332	8.81	182.94	25	0.74
333	139.31	8.58	24	1.83
334	16.24	108.88	25	0.85
335	98.9	2.94	26	1.91
336	94.82	57.03	25	1.21
337	186.34	109.58	25	0.75
338	44.66	119.65	25	1.15
Period: 25
Tasks:5
id	x	y	end	c
122	65.51	46.17	27	63.93
123	155.74	47.39	25	76.65
124	183.67	55.52	26	94.76
125	163.69	9.94	26	110.31
126	16.04	167.26	26	107.58
Drivers: 13
id	x	y	end	sensitivity
339	124.31	130.25	27	1.99
340	128.44	78.85	26	0.62
341	158.92	184.39	25	0.67
342	171.56	177.88	25	0.8
343	16.48	141.49	27	1.33
344	24.76	6.56	27	1.47
345	197.27	64.43	25	1.03
346	152.44	167.18	26	1.8
347	153.41	20.69	27	1.73
348	144.4	156.4	26	1.12
349	41.27	12.18	25	0.89
350	140.4	86.26	26	1.16
351	43.34	183.52	25	0.8
Period: 26
Tasks:10
id	x	y	end	c
127	165.32	131.18	27	72.38
128	197.56	87.62	26	98.34
129	87.26	45.34	26	56.13
130	59.67	188.79	26	97.52
131	51.24	73.38	26	55.55
132	28.43	114.32	26	72.99
133	82	0.7	26	100.92
134	85.17	167.73	26	69.33
135	191.39	67.11	26	97.13
136	54.98	19.15	27	92.54
Drivers: 17
id	x	y	end	sensitivity
352	40.37	184.16	29	0.65
353	44.86	150.21	27	1.61
354	137.16	168.72	29	1.73
355	6.89	72.04	28	1.99
356	12.27	27.77	26	0.98
357	7.39	134.33	27	1.98
358	74	44.53	27	0.79
359	145.42	42.64	27	0.52
360	75.55	15.4	27	0.5
361	23.03	81.61	28	0.54
362	191.32	99.06	27	1.89
363	69.44	59.04	27	0.8
364	156.53	74.8	26	0.88
365	27.08	24.61	27	0.7
366	26.81	186.16	28	1.15
367	12.09	98.41	27	0.52
368	178.04	114.67	26	0.58
Period: 27
Tasks:2
id	x	y	end	c
137	13.46	149.41	27	99.65
138	94.17	135.97	28	36.44
Drivers: 13
id	x	y	end	sensitivity
369	18.6	60.96	29	1.36
370	100.27	150.04	29	0.65
371	154.93	90.55	29	0.92
372	29.98	3.56	28	1.95
373	22.31	5.79	29	0.77
374	40.7	12.11	28	0.8
375	194.48	94.37	28	0.51
376	25.85	34.92	29	0.64
377	83.75	157.29	27	1.7
378	59.29	181.16	28	1.56
379	178.85	139.07	29	1.51
380	55.85	59.26	28	1.82
381	107.85	170.19	28	1.3
Period: 28
Tasks:7
id	x	y	end	c
139	177.47	17.13	28	113.44
140	84.44	157.81	28	59.87
141	21.38	22.31	29	110.53
142	72.71	13.02	28	91.16
143	143.88	7.24	28	102.62
144	118.93	136.1	30	40.76
145	104.13	58.81	28	41.4
Drivers: 10
id	x	y	end	sensitivity
382	6.23	12.26	29	1.02
383	11.37	168.99	30	0.83
384	23.7	67.27	28	0.71
385	86.53	89.63	30	1.62
386	45.53	173.76	28	0.66
387	185.79	112.67	28	1.69
388	61.26	153.67	29	1.76
389	195.02	4.86	29	1.15
390	67.44	24.66	30	1.27
391	198.52	17.29	28	0.95
Period: 29
Tasks:5
id	x	y	end	c
146	2.81	38.2	30	115.17
147	164.66	23.65	30	100.05
148	45.6	127.02	29	60.74
149	23.31	76.29	29	80.27
150	41.82	145.81	30	74.05
Drivers: 12
id	x	y	end	sensitivity
392	59.87	89.18	32	1.92
393	116.38	37.41	31	1.58
394	24.42	100.8	29	1.35
395	191.82	36.27	32	1.2
396	108.76	40.24	30	1.72
397	127.02	2.35	30	1.33
398	164.79	57.97	30	1.07
399	141.78	196.29	29	0.58
400	154.88	175.24	30	0.85
401	28.28	189.01	30	1.78
402	148.01	25.58	29	1.88
403	198.49	129.28	29	1.13
Period: 30
Tasks:4
id	x	y	end	c
151	10.13	83.91	31	91.3
152	1.71	6.41	31	135.72
153	89.55	35.42	31	65.42
154	40.08	108.64	30	60.54
Drivers: 13
id	x	y	end	sensitivity
404	191.52	52.76	30	0.51
405	30.04	103.77	32	1.95
406	74.56	40.65	31	1.89
407	163.38	42.9	30	0.54
408	195.3	79.76	30	1.66
409	112.03	111.71	30	0.87
410	3.18	162.12	31	1.73
411	65.38	190.89	30	1.5
412	190.78	100.38	30	1.49
413	133.59	176.19	30	1.83
414	163.19	191.37	32	1.9
415	87.24	193.48	30	0.92
416	27.47	12.21	32	0.98
Period: 31
Tasks:5
id	x	y	end	c
155	76.94	101.68	32	23.12
156	96.52	24.64	31	75.44
157	41	111.49	32	60.11
158	76.82	149.16	32	54.35
159	90.97	73.62	32	27.88
Drivers: 18
id	x	y	end	sensitivity
417	126.84	113.32	33	0.96
418	142.12	138.09	31	1.95
419	32.65	52.29	33	1.34
420	163.09	54.1	32	1.21
421	71.21	92.1	31	1.3
422	116.28	197.13	32	1.94
423	183.82	5.02	31	1.4
424	48.58	12.82	31	0.81
425	169.27	158.61	32	1.53
426	149.39	105.72	32	1.88
427	87.02	157.16	31	1.08
428	42.36	162.61	31	1.05
429	149.73	66.8	31	1.01
430	198.42	175.57	31	1.39
431	50.14	171.59	32	1.41
432	148.34	5.81	32	1.98
433	14.93	136.23	32	1.79
434	199.97	47.82	31	0.75
Period: 32
Tasks:2
id	x	y	end	c
160	150.75	3.8	32	108.77
161	198.16	151.18	33	110.7
Drivers: 17
id	x	y	end	sensitivity
435	136.96	197.27	32	0.96
436	91.31	100.03	34	0.81
437	109.99	153.66	34	1.44
438	160.61	2	33	1.3
439	89.05	73.26	33	1.32
440	24.62	99.98	34	0.75
441	183.57	86.91	32	1.12
442	33.52	157.78	33	0.61
443	52.07	125.72	33	0.56
444	142.28	95.83	33	1.6
445	28.3	36.95	33	1.39
446	68.54	13.77	32	1.76
447	117.71	35.45	33	1.72
448	28.5	136.15	32	0.81
449	96.96	8.95	33	0.91
450	73.34	180.66	32	1.68
451	156.55	106.34	34	1.63
Period: 33
Tasks:5
id	x	y	end	c
162	156.86	52.38	34	74.17
163	142.44	61.29	34	57.44
164	152.81	87.84	33	54.19
165	72.5	75.26	36	36.99
166	198.54	173.42	33	122.88
Drivers: 9
id	x	y	end	sensitivity
452	133.39	199.86	33	1.66
453	129.77	140.02	35	0.52
454	92.61	90.09	34	1.53
455	8.08	144.47	34	1.35
456	65.59	59.75	33	0.77
457	52.85	53.72	33	1.63
458	167.82	162.53	33	1.36
459	165.27	101.65	35	1.55
460	57.21	38.88	33	1.97
Period: 34
Tasks:7
id	x	y	end	c
167	113.35	102.63	34	13.61
168	105.44	82.52	35	18.31
169	13.45	65.76	34	93.08
170	178.03	137.33	34	86.5
171	110.26	172.75	34	73.47
172	16.58	153.47	35	99.09
173	105.68	177.59	34	77.8
Drivers: 18
id	x	y	end	sensitivity
461	121.1	30.01	38	1.13
462	55.23	40.02	36	0.79
463	102.65	119.75	37	1.3
464	172.91	180.83	34	1.87
465	102.65	28.7	36	1.45
466	100.12	21.25	35	1.89
467	143.07	174.23	35	1.76
468	142.89	179.59	34	0.79
469	136.4	192.41	36	1.43
470	85.41	163.64	38	1
471	54.38	93.16	34	1.26
472	23.03	143.55	35	1.51
473	50.96	163.56	34	0.91
474	154.14	17.42	36	1.63
475	23.08	59.38	35	1.45
476	182.67	59.73	35	1.12
477	12.78	13.27	35	1.34
478	77.38	191.61	35	0.71
Period: 35
Tasks:5
id	x	y	end	c
174	197.72	38.71	35	115.35
175	73.13	78.53	35	34.39
176	147.89	83.44	36	50.67
177	80.1	21.06	36	81.41
178	149.46	60.51	36	63.29
Drivers: 10
id	x	y	end	sensitivity
479	90.21	101.37	36	1.65
480	184.03	55.22	36	1.92
481	130.45	44.73	35	1.41
482	57.32	114.07	35	0.95
483	197.66	160.57	35	1.25
484	167.57	90.48	36	1.55
485	127.06	105.67	36	1.2
486	110.47	11.66	36	0.83
487	191.17	22.46	37	1.86
488	155.71	99.36	37	1.08
Period: 36
Tasks:5
id	x	y	end	c
179	83.56	102.37	38	16.61
180	5.4	51.57	37	106.28
181	1.56	27.44	36	122.29
182	38.81	159.69	37	85.48
183	141.7	2.28	37	106.25
Drivers: 16
id	x	y	end	sensitivity
489	194.92	28.56	36	1.14
490	122.45	99.46	37	0.93
491	88.74	92.48	36	1.53
492	58.71	108.37	37	1.15
493	113.52	88.69	36	1.38
494	151.23	93.17	41	1.62
495	173.59	170.76	36	0.56
496	45.25	128.36	39	1.29
497	130.07	191.91	39	1.06
498	63.07	37.73	37	1.23
499	175.45	54	36	1.05
500	114.87	10.73	36	0.71
501	106.6	37.54	37	1.72
502	18.1	153.47	36	1.74
503	110.92	170.92	37	1.41
504	40.09	151.72	36	1.94
Period: 37
Tasks:4
id	x	y	end	c
184	190.17	55.79	39	100.42
185	105.84	62.19	38	38.26
186	160.65	5.05	38	112.67
187	156.58	130.46	37	64.26
Drivers: 12
id	x	y	end	sensitivity
505	65.47	98.93	37	0.96
506	13.32	38.4	37	1.97
507	157.54	150.92	37	1.35
508	3.96	187.22	37	1.23
509	178.14	130.74	39	0.59
510	109.64	94.88	37	1.69
511	32.83	81.54	37	1.37
512	191.2	65.56	37	1.34
513	110.95	148.04	39	0.99
514	182.76	150.5	38	0.59
515	19.31	144.24	38	0.84
516	24.87	116.14	39	1.79
Period: 38
Tasks:6
id	x	y	end	c
188	175.93	48.69	39	91.64
189	151.52	122.04	38	56.04
190	172.66	185.27	39	112.03
191	64.94	26.33	40	81.59
192	109.55	89.74	38	14.02
193	145.03	108.95	38	45.91
Drivers: 9
id	x	y	end	sensitivity
517	59.41	112.87	38	1.88
518	7.1	109.72	38	1.01
519	100.22	71.04	40	0.73
520	161.9	11.81	38	1.04
521	70.13	161.61	39	1.6
522	80.34	62.66	39	1.6
523	29.03	174.06	41	1.2
524	156.34	14.84	38	1.13
525	177.38	183.5	38	1.3
Period: 39
Tasks:7
id	x	y	end	c
194	94.34	72.3	40	28.27
195	20.54	6.93	40	122.38
196	136.29	121.06	40	41.96
197	42.27	169.48	39	90.33
198	85.01	86.44	40	20.21
199	92.41	80.15	40	21.25
200	81.96	91.76	39	19.83
Drivers: 11
id	x	y	end	sensitivity
526	125.46	196.81	40	1.68
527	195.14	91.04	41	1.14
528	42.05	82.25	41	1.8
529	172.74	9.42	40	1.15
530	83.28	158.78	40	1.27
531	62.92	175.4	39	1.86
532	194.52	28.74	40	1.35
533	127.84	197.17	39	1.11
534	140.33	116.46	39	0.78
535	61.68	49.26	39	0.88
536	27.13	108.05	39	0.8
Period: 40
Tasks:4
id	x	y	end	c
201	16.76	57.1	41	93.64
202	85.08	129.53	40	33.09
203	101.72	121.33	40	21.4
204	86.68	36.31	41	65.07
Drivers: 14
id	x	y	end	sensitivity
537	47.02	38.73	42	0.89
538	91.53	68.38	40	0.67
539	4.74	89.66	41	0.54
540	14.78	3.16	41	1.5
541	62.01	4.45	42	0.63
542	20.09	189.46	40	1.55
543	165.27	28.64	42	0.52
544	37.31	77.49	40	1.36
545	76.79	135.96	40	0.86
546	123.68	141.9	41	1.27
547	117.27	199.62	40	1.32
548	193.71	179.39	42	1.51
549	100.69	125.38	42	0.66
550	102.66	90.77	41	1.06
Period: 41
Tasks:5
id	x	y	end	c
205	120.6	2.76	41	99.4
206	110.96	172.91	42	73.73
207	135.82	29.36	42	79.2
208	125.22	78.76	43	32.97
209	189.4	45.08	41	104.92
Drivers: 21
id	x	y	end	sensitivity
551	116.04	140.11	43	1.56
552	37.2	48.64	42	1.48
553	4.32	24.25	42	0.54
554	169.84	179.68	41	1.76
555	192.47	167.78	41	1.45
556	50.35	186.84	41	0.77
557	20.42	159.25	43	1.21
558	114.65	154.28	41	1.33
559	140.02	15.65	43	0.86
560	102.35	50.21	42	1.42
561	195.93	5.87	42	1.97
562	7.39	82.82	41	1.31
563	8.89	133.53	42	0.81
564	20.43	4.78	41	1.59
565	79.21	158.78	42	0.83
566	57.3	128.18	41	1.64
567	23.38	110.52	42	0.95
568	87.55	193.61	45	1.27
569	197.47	70.38	44	1.83
570	42.12	95.2	42	1.31
571	156.94	183.22	41	0.6
Period: 42
Tasks:5
id	x	y	end	c
210	52.08	137.48	43	60.84
211	7.29	157.18	43	108.93
212	63.32	172.39	43	81.15
213	174.2	186.4	43	113.89
214	90.79	195.9	42	96.34
Drivers: 11
id	x	y	end	sensitivity
572	190.05	5.32	43	1.69
573	189.83	12.4	42	1.64
574	41.68	9.36	43	1.84
575	28.54	166.56	43	1.03
576	162.7	41.32	42	0.77
577	11.18	87.93	43	1.32
578	115.44	166.23	42	0.91
579	110.94	161.25	44	1.07
580	20.82	127.83	45	0.95
581	128.69	132.81	46	1.45
582	31.36	47.75	43	0.82
Period: 43
Tasks:5
id	x	y	end	c
215	120.38	125.89	43	32.95
216	44.65	156.33	43	78.97
217	123.14	177.65	43	81.02
218	37.14	109.69	44	63.6
219	19.37	147.43	44	93.55
Drivers: 17
id	x	y	end	sensitivity
583	54.99	109.34	44	1.87
584	66.66	35.74	44	1.07
585	94.97	176.93	44	1.52
586	23.07	190.71	43	1.34
587	196.11	77.72	43	0.72
588	169.48	54.11	43	0.6
589	195.84	114.96	44	1.4
590	171.53	75.16	43	0.99
591	157.35	94.39	44	1.33
592	46.52	95.95	43	1.71
593	17.1	43.66	45	1.3
594	106.09	24.87	44	1.56
595	185.05	182.71	43	1.13
596	119.28	89.54	43	1.77
597	135.62	48.3	45	1.71
598	153.16	49.53	45	1.58
599	79.13	89.34	44	1.83
Period: 44
Tasks:7
id	x	y	end	c
220	29.3	134.47	46	78.66
221	17.79	40.1	44	101.72
222	49.86	103.2	44	50.24
223	180.39	77.35	45	83.52
224	11.43	181.38	45	120.28
225	4.78	100.2	44	95.22
226	20.85	112.82	44	80.18
Drivers: 15
id	x	y	end	sensitivity
600	82.15	62.4	45	1.89
601	29.59	42.48	46	1.1
602	187.67	77.6	45	1.6
603	178.68	192.72	45	1.9
604	63.26	48.52	45	1.89
605	106.27	167.05	44	1
606	6.24	5.79	44	1.21
607	61	181.52	44	0.97
608	128.8	114.71	45	1.15
609	17.55	111.38	44	0.79
610	174.78	195.43	44	1.63
611	132.31	132.06	44	1.42
612	6.45	30.1	45	1.17
613	46.53	18.95	46	1.16
614	140.45	95.9	44	0.73
Period: 45
Tasks:3
id	x	y	end	c
227	90.51	45.63	46	55.19
228	16.2	118.02	45	85.72
229	124.53	20.37	45	83.32
Drivers: 20
id	x	y	end	sensitivity
615	71.22	157.58	46	1.3
616	8.36	36.31	46	0.6
617	190.99	42.38	45	1.47
618	26.14	199.92	45	1.97
619	84.27	4.08	45	0.64
620	43.86	25.89	45	1.04
621	20.64	114.96	47	1.94
622	44.08	183.49	46	1.82
623	68.64	67.25	47	0.73
624	161.95	49.76	45	1.06
625	176.34	14.31	45	1.25
626	150.1	154.51	46	1.4
627	163.35	89.61	45	1
628	147.92	174.77	45	1.69
629	171.89	129.91	45	1.07
630	109.47	53.58	45	1.66
631	108.13	167.2	46	1.25
632	84.77	187.42	46	1.33
633	3.13	20.35	46	1.05
634	112.55	0.09	45	1.83
Period: 46
Tasks:6
id	x	y	end	c
230	4.27	19.56	47	125.04
231	181.63	48.17	47	96.69
232	96.26	41.14	46	58.98
233	169.67	162.55	47	93.63
234	195.58	8.42	47	132.37
235	194.12	190.15	46	130.33
Drivers: 14
id	x	y	end	sensitivity
635	183.51	19.89	46	1.87
636	105.09	109.32	46	1.89
637	141.92	163.01	47	0.54
638	110.9	120.51	48	1.16
639	142.25	185.32	46	1.73
640	34.2	163.54	46	1.53
641	145.12	79	46	0.72
642	166.05	172.48	47	1.96
643	83.65	82.44	47	0.65
644	124.33	24.45	47	0.64
645	2.13	162.51	46	0.94
646	37.06	33.4	46	1.28
647	172.87	166.87	46	0.89
648	135.73	47.86	47	1.39
Period: 47
Tasks:3
id	x	y	end	c
236	115.59	1.33	47	99.89
237	0.32	199.69	47	140.98
238	78.93	2.35	47	99.9
Drivers: 16
id	x	y	end	sensitivity
649	33.33	49	48	0.66
650	120.14	177.17	47	1.87
651	6.54	85.11	47	1.81
652	16.74	113.19	47	0.56
653	26.01	126.33	48	0.77
654	7.5	42.82	47	1.99
655	167.87	34.32	49	0.92
656	46.86	142.47	48	0.51
657	102.3	196.63	50	0.94
658	49.37	198.2	48	1.78
659	153.58	197.2	49	1.01
660	82.79	138.92	48	1.8
661	76.97	9.33	48	1
662	64.36	77.16	49	1.92
663	33.12	153	49	1.18
664	148.16	123.4	48	1.52
Period: 48
Tasks:8
id	x	y	end	c
239	54.75	129.64	49	54.09
240	62.21	7.79	48	99.65
241	5.93	148.1	49	105.65
242	129.81	41.77	48	65.42
243	144.18	28.49	48	84.06
244	97.66	137.03	49	37.1
245	193.82	186.48	49	127.6
246	143.4	150.56	49	66.63
Drivers: 21
id	x	y	end	sensitivity
665	139.33	199.03	48	1.28
666	36.99	160.61	49	1.38
667	5.8	119.7	49	1.83
668	161.27	102.3	48	1.1
669	140.97	199.72	50	1.64
670	120.59	180.13	49	1.02
671	42.18	15.77	50	0.73
672	54.94	76.63	49	1.29
673	98.39	5.71	49	1.51
674	0.59	67.17	51	1.28
675	94.68	4.4	49	0.54
676	151.71	71.7	48	1.64
677	19.54	174.23	49	0.51
678	51.42	52.76	50	1.98
679	66.23	28.76	49	0.65
680	127.18	86.82	49	2
681	116.18	66.87	49	1.97
682	35.2	15.29	48	1.67
683	139.95	80.97	49	0.9
684	17.96	72.89	49	1
685	170.19	7.87	49	1.22
Period: 49
Tasks:4
id	x	y	end	c
247	91.43	17.79	51	82.66
248	116.91	7.6	50	93.93
249	89.31	93.35	50	12.59
250	104.89	159.01	50	59.21
Drivers: 17
id	x	y	end	sensitivity
686	160.24	83.4	53	1.49
687	120.82	143.09	51	1.44
688	72.51	49.34	50	1.72
689	120.73	114.96	49	1.97
690	44.59	160.74	50	1.21
691	160.47	97.25	49	1.09
692	185.25	62.01	50	0.61
693	149.47	40.53	52	1.84
694	121.52	51.32	51	1.8
695	179.6	96.68	49	0.6
696	48.39	182.53	49	0.79
697	168.14	160.41	51	0.52
698	78.04	39.23	49	1.64
699	63.36	168.4	50	0.94
700	165.87	105.02	49	0.74
701	8.83	178.88	50	1.9
702	124.11	76.97	49	1.92
Period: 50
Tasks:4
id	x	y	end	c
251	121.87	163.47	52	67.13
252	124.75	168	50	72.36
253	60.22	161.26	51	73.04
254	180.4	133.98	50	87.29
Drivers: 16
id	x	y	end	sensitivity
703	189.64	33	51	1.65
704	42.88	155.68	50	1.23
705	152.27	121.77	50	1.04
706	188.29	2.6	50	1.76
707	153.62	116.83	52	1.7
708	26.33	179.19	50	1.57
709	113.55	75.04	52	0.95
710	192.23	50.16	50	0.88
711	114.22	43.26	50	0.78
712	189.17	31.3	50	1.28
713	85.27	103.7	50	1.22
714	117.51	198.16	50	0.87
715	51.17	92.96	51	1.51
716	142.31	134.8	50	0.78
717	164.14	110.95	50	1.35
718	42.09	166.71	50	1.75
Period: 51
Tasks:3
id	x	y	end	c
255	117.15	12.04	52	89.62
256	106.41	172.1	51	72.38
257	162.15	112.18	54	63.33
Drivers: 18
id	x	y	end	sensitivity
719	75.21	51.57	51	1.93
720	102.86	110.96	52	0.93
721	45.71	161.3	51	0.61
722	30.73	185.53	51	1.51
723	79.27	196.17	51	0.52
724	19.7	36.12	52	1.6
725	127.8	13.28	52	1.84
726	169.69	140.44	53	1.16
727	146.86	191.28	52	1.17
728	83.34	92	51	1.25
729	75.19	190.61	54	1.72
730	22.74	75.44	51	0.7
731	97.48	178.53	51	0.52
732	100.39	10.16	52	0.71
733	108.4	136.73	53	0.75
734	43.22	31.82	51	1.08
735	170.07	127.86	53	0.51
736	44.33	29.55	53	1.2
Period: 52
Tasks:8
id	x	y	end	c
258	170.38	140.66	52	81.28
259	198.97	37.69	52	116.95
260	139.88	176.86	52	86.59
261	63.4	134.5	54	50.3
262	16.25	18.63	52	116.77
263	103.18	146.53	52	46.64
264	84.15	13.36	54	88.08
265	144.95	42.91	53	72.66
Drivers: 22
id	x	y	end	sensitivity
737	139.1	82.88	53	0.74
738	76.28	177.11	52	1.83
739	86.84	86.29	54	1.22
740	77.51	28.32	53	1.53
741	152.12	81.29	54	0.62
742	197.89	193.47	53	1.11
743	65.23	68.68	53	1.74
744	193.19	171.39	56	0.6
745	127.64	63.51	53	1.33
746	95.82	103.51	56	0.62
747	166	40.92	52	1.77
748	46.98	151.77	54	1
749	126.17	106.37	54	1.25
750	70.02	158.68	54	0.58
751	117.84	186.49	52	1.91
752	31.7	101.32	53	0.7
753	4.25	124.75	52	1.85
754	120.69	19.94	52	0.58
755	187.77	39.74	52	0.57
756	50.48	15.29	54	0.59
757	36.52	7.59	53	0.97
758	147.87	156.57	54	0.72
Period: 53
Tasks:2
id	x	y	end	c
266	34.47	34.88	54	92.38
267	198.54	36.2	54	117.39
Drivers: 11
id	x	y	end	sensitivity
759	170.73	168.67	53	1.03
760	99.95	110.14	53	0.61
761	67.33	165.04	54	1.34
762	130.13	161.94	53	1.81
763	118.36	139.97	53	0.78
764	23.47	38.88	55	0.88
765	130.88	195.03	55	0.88
766	153.24	78.57	56	1.01
767	97.96	113.43	53	1.39
768	91.42	9.61	54	1.03
769	197.41	98	55	1.13
Period: 54
Tasks:6
id	x	y	end	c
268	73.76	163.58	55	68.78
269	75.67	182.63	56	86.14
270	68.51	198	55	102.94
271	134.68	91.18	54	35.78
272	52.28	124.52	56	53.65
273	172.97	113.76	54	74.26
Drivers: 14
id	x	y	end	sensitivity
770	144.12	5.74	55	1.5
771	101.88	95.79	55	1.82
772	117.11	174.84	55	1.21
773	28.75	65.34	56	1.59
774	30.77	119.76	56	1.25
775	32.58	114.12	56	1.84
776	150.64	143.97	55	1.63
777	121.64	133.95	55	1.21
778	63.1	142.89	55	1.93
779	90.14	155.37	56	1.42
780	152.7	196.09	55	1.01
781	102.53	7.02	54	0.96
782	78.86	107.07	55	1.14
783	90.58	81.73	54	1.03
Period: 55
Tasks:5
id	x	y	end	c
274	132.35	177.51	56	83.99
275	174.17	83.85	55	75.91
276	123.25	43.99	58	60.64
277	170.23	96.59	55	70.31
278	92.31	155.98	56	56.51
Drivers: 22
id	x	y	end	sensitivity
784	123.43	148.03	57	1.36
785	140.23	49.8	57	0.53
786	163.03	117.79	55	1.59
787	21.09	165.34	55	1.43
788	4.54	191.53	56	1
789	26.69	182.81	56	1.94
790	91.86	48.81	55	1.56
791	115.88	62.61	56	1
792	25.91	116.85	55	1.88
793	183.76	93.67	55	1.85
794	188.59	163.33	56	1.42
795	122.84	54.63	56	1.93
796	43.73	161.51	56	1.33
797	192.91	192.66	55	1.99
798	47.98	67.08	56	1.52
799	94.76	142.32	55	1.1
800	97.34	101.36	56	0.62
801	134.18	76.68	58	0.71
802	190.62	107.41	57	1.94
803	161.01	84.68	59	1.81
804	98.16	87.55	56	1.22
805	148.15	22.55	55	1.8
Period: 56
Tasks:7
id	x	y	end	c
279	154.45	175.56	56	93.13
280	148.69	103.67	56	48.83
281	9.66	113.91	56	91.4
282	148.35	94.65	57	48.65
283	181.84	139.12	57	90.71
284	98.61	112.02	57	12.1
285	36.61	123.52	56	67.61
Drivers: 16
id	x	y	end	sensitivity
806	115.04	124.04	56	0.7
807	54.94	7.72	58	1.85
808	163.38	193.64	56	0.57
809	155.39	90.83	58	1.27
810	1.34	169.4	57	1.04
811	173.49	171.68	57	1.84
812	174.53	29.31	57	1.47
813	161.09	83.78	57	1.68
814	105.6	49.84	56	0.7
815	129.43	9.5	57	0.5
816	76.96	196.71	57	1.36
817	168.97	168.36	56	1.29
818	85.82	154.32	57	0.6
819	175.01	30.38	58	0.9
820	124.82	119.71	57	1.28
821	83.01	58.15	57	1.49
Period: 57
Tasks:3
id	x	y	end	c
286	37.29	133.49	58	71.09
287	93.69	127.98	58	28.68
288	52.22	18.86	58	94.16
Drivers: 16
id	x	y	end	sensitivity
822	69.51	67.61	59	1.9
823	147.87	94.06	58	1.52
824	79.33	12.51	58	1.96
825	103.89	5.82	58	0.84
826	134.55	150.77	59	1.68
827	22.21	88.77	58	1.42
828	106.94	180.8	59	1.59
829	194.9	58.65	57	1.45
830	109.51	125.85	57	0.66
831	24.02	21.26	57	1.34
832	167.32	120.91	57	1.28
833	6.15	191.23	57	1.38
834	191.74	56.2	59	1.46
835	143.94	177.8	57	1.29
836	7.84	62.4	57	1.93
837	104.69	2.99	59	1.66
Period: 58
Tasks:6
id	x	y	end	c
289	134.26	98.32	62	34.3
290	53.55	63.98	58	58.78
291	46.82	56.81	58	68.51
292	170.68	116.92	60	72.68
293	154.61	166.54	58	86.08
294	198.99	160.56	60	116.05
Drivers: 14
id	x	y	end	sensitivity
838	85.81	42.29	59	0.9
839	98.64	131.95	59	1.13
840	196.53	151.18	60	0.67
841	88.41	139.48	59	1.13
842	50.22	42.53	58	0.87
843	181.48	119.43	59	1.51
844	69.69	10.57	59	1.39
845	116.31	40.37	59	1.3
846	159.47	17.09	60	1.44
847	155.12	47.89	58	1.26
848	93.81	55.82	59	1.37
849	128.04	1.04	60	0.99
850	84.63	145.68	58	1.83
851	75.33	77.49	60	1.71
Period: 59
Tasks:3
id	x	y	end	c
295	118.38	109.82	60	20.84
296	16.46	158.53	60	102
297	8.37	136.66	60	98.69
Drivers: 16
id	x	y	end	sensitivity
852	166.28	199.75	62	0.67
853	11.93	162.29	59	1.72
854	74.79	178.67	60	0.73
855	189.84	57.6	61	1.45
856	199.66	46.31	59	1.22
857	139.18	187.25	59	1.36
858	147.54	112.52	60	0.67
859	13.27	46.46	59	0.52
860	163.6	141.89	59	1.95
861	24.19	141.64	59	0.55
862	81.17	102.75	61	1.17
863	70.63	21.1	61	1.79
864	108.75	10.21	60	1.29
865	196.6	156.33	59	1.32
866	18.45	184.26	59	1.33
867	93.59	170.62	59	1.32
Period: 60
Tasks:3
id	x	y	end	c
298	98.94	92.47	60	7.6
299	43.96	168.74	63	88.69
300	26.88	97.3	60	73.17
Drivers: 10
id	x	y	end	sensitivity
868	180.33	54.76	60	0.84
869	74.8	182.66	60	1.99
870	158.11	4.66	60	1.76
871	190.65	68.15	60	0.75
872	157.06	161.17	61	1.21
873	97.84	143.43	62	1.12
874	120.86	188.74	61	1.16
875	135.39	5.77	62	1.55
876	138.6	189.28	60	0.89
877	47.48	37.37	61	1.84
Period: 61
Tasks:8
id	x	y	end	c
301	189.03	169.54	62	112.97
302	91.29	118.81	63	20.73
303	149.62	79.15	62	53.82
304	176.2	124.81	61	80.14
305	46.44	68.97	62	61.9
306	196.33	21.42	61	124.32
307	6.01	90.23	61	94.5
308	97.72	162.93	62	62.97
Drivers: 12
id	x	y	end	sensitivity
878	157	169.93	62	0.77
879	32.53	45.84	61	0.58
880	132.46	7.02	62	0.66
881	12.7	168.73	62	1.87
882	112.44	180.12	63	0.77
883	187.95	89.36	62	1.01
884	36.86	127.1	62	1.06
885	158.65	172.02	61	0.53
886	130.83	7.86	63	1.45
887	58.22	131.45	62	0.73
888	99.32	126.29	61	1.4
889	31.64	150.87	63	1.29
Period: 62
Tasks:3
id	x	y	end	c
309	75.67	118.74	65	30.71
310	60.56	56.15	62	58.98
311	59.04	76.83	65	47.06
Drivers: 10
id	x	y	end	sensitivity
890	27.68	50.83	64	1.97
891	17.73	61.44	62	1.79
892	157.97	138.44	64	1.78
893	51.89	67.45	64	1.09
894	166.31	169.83	63	1.08
895	165.33	160.29	62	1.96
896	98.54	138.3	64	0.82
897	36.98	127.43	65	1.18
898	133.78	79.53	63	0.96
899	140.11	54.27	62	0.98
Period: 63
Tasks:3
id	x	y	end	c
312	47.85	133.69	63	62.09
313	26.56	76.89	64	76.99
314	146.94	44.54	64	72.66
Drivers: 20
id	x	y	end	sensitivity
900	141.12	48.45	63	1.22
901	199.53	65.43	65	1.52
902	92.46	157.18	65	1.55
903	189.32	28.82	63	1.5
904	111.17	184.68	64	1.01
905	13.94	83.82	65	1.56
906	43.96	160.81	64	0.73
907	197.95	181.77	64	1.85
908	95.84	177.77	64	1.5
909	105.96	10.78	64	1.01
910	53.56	17.26	64	1.58
911	195.36	19.75	64	0.85
912	141.63	136.63	64	1.44
913	147.16	191.55	65	1.95
914	106.1	192.52	66	1.89
915	142.74	144.71	66	0.8
916	180.19	192.47	63	1.72
917	175.64	28.69	63	1.14
918	134.86	72.39	64	1.24
919	56.14	168.74	64	1.9
Period: 64
Tasks:4
id	x	y	end	c
315	28.67	145.41	67	84.56
316	75.77	69.87	65	38.66
317	159.74	57.84	65	73.12
318	132.81	13.94	64	92.1
Drivers: 13
id	x	y	end	sensitivity
920	15.34	2.06	66	1.69
921	81.2	38.26	64	0.8
922	72.41	29.41	64	1.3
923	34.68	148.99	64	1.18
924	34.24	164.86	67	0.72
925	184.3	76.5	65	1.74
926	82.56	34.01	64	1.86
927	32.52	166.55	64	0.63
928	97.31	157.7	64	0.89
929	85.83	188.3	65	1.73
930	28.93	95.47	67	1.12
931	95.59	188.66	64	0.51
932	93.88	144.8	65	0.56
Period: 65
Tasks:3
id	x	y	end	c
319	38.03	120.36	67	65.23
320	1.87	50.55	65	109.89
321	41.35	131.11	67	66.39
Drivers: 17
id	x	y	end	sensitivity
933	57.56	56.52	66	0.94
934	124.07	94.21	67	1.44
935	149.19	140.81	65	1.32
936	53.23	68.63	65	1.69
937	38.12	130.81	65	1.73
938	52.09	92.06	67	1.36
939	147.54	79.62	67	1.71
940	154.38	189.8	66	1.84
941	4.16	111.02	65	1.33
942	10.7	163.71	65	1.08
943	66.08	119.03	66	0.89
944	179.15	26.44	66	0.8
945	117.1	178.29	67	1.66
946	60.18	7.14	66	1.68
947	154.82	66.41	65	1.05
948	89.65	177.45	66	1.33
949	83.64	119.37	66	0.89
Period: 66
Tasks:9
id	x	y	end	c
322	143.01	138.88	67	57.98
323	65.57	150.47	66	61.1
324	185.15	8.03	66	125.34
325	108.44	175.49	66	75.96
326	57.04	128.32	66	51.45
327	59.38	19.86	67	89.85
328	195.08	141.41	68	103.71
329	87.43	18.89	66	82.08
330	10.37	119.85	68	91.8
Drivers: 12
id	x	y	end	sensitivity
950	142.04	162.02	67	1.39
951	150.84	144.18	67	0.56
952	69.94	116.12	66	1.8
953	17.38	25.85	66	1.55
954	50.35	148.35	69	1.7
955	58.21	153.39	68	0.85
956	156.66	199.6	67	1.23
957	168.96	60.85	67	1.15
958	25.48	140.32	67	1.13
959	78.61	37.5	66	1.1
960	159.7	163.17	67	0.86
961	61.21	94.45	67	1.73
Period: 67
Tasks:6
id	x	y	end	c
331	90.01	107.63	67	12.57
332	89.17	77.22	68	25.22
333	116.54	148.25	68	51.01
334	84.73	44.58	67	57.49
335	43.39	196.14	68	111.57
336	19.32	35.74	71	103.14
Drivers: 13
id	x	y	end	sensitivity
962	55.54	2.06	69	1.65
963	117.01	12.48	69	0.5
964	164.56	108	68	1.47
965	109.66	91.24	67	0.61
966	144.6	21.13	70	0.92
967	3.34	0.66	67	1.33
968	29.9	165	67	1.07
969	62.14	167.99	69	1.76
970	133.56	147.32	71	0.66
971	60.03	102.22	67	1.5
972	167.04	47.95	69	1.16
973	188.97	106.66	67	1.12
974	94.19	66.65	69	1.36
Period: 68
Tasks:4
id	x	y	end	c
337	52.76	182.78	68	95.31
338	119.49	198.53	71	100.44
339	192.53	150.52	68	105.42
340	185.31	129.08	69	90.13
Drivers: 12
id	x	y	end	sensitivity
975	128.09	152.53	70	1.14
976	135.82	74.33	69	1.43
977	50.91	89.08	69	0.61
978	38.17	172.4	71	1.68
979	24.86	66.84	69	1.05
980	133.24	92.43	71	1.83
981	30.89	97.81	73	1.43
982	171.87	146.31	69	1.37
983	192.41	162.45	69	0.71
984	105.24	12.86	68	0.84
985	104.91	41.83	69	1.93
986	131.15	55.53	70	0.97
Period: 69
Tasks:3
id	x	y	end	c
341	5.66	132.09	70	99.65
342	12	160.33	70	106.69
343	193.5	26.47	71	118.95
Drivers: 17
id	x	y	end	sensitivity
987	148.88	133.19	71	0.72
988	12.59	87.03	70	0.78
989	73.66	139.27	69	1.37
990	70.33	136.95	71	1.35
991	151.54	178.12	69	0.66
992	15.43	104.94	71	1.86
993	8.37	175.49	71	0.82
994	45.77	34.17	69	0.51
995	176.73	148.9	70	1.76
996	178.85	82.91	71	1.73
997	146.81	0.62	72	1.66
998	190.04	189.83	69	0.76
999	185.03	11.23	69	1.12
1000	109.67	123.58	69	1.26
1001	10.91	116.87	70	1.1
1002	73.31	51.19	69	0.8
1003	110.74	144.42	71	0.89
Period: 70
Tasks:2
id	x	y	end	c
344	61.58	14.05	72	94.15
345	133.71	50.99	71	59.48
Drivers: 11
id	x	y	end	sensitivity
1004	193.23	72.36	72	0.75
1005	189.5	79.18	71	0.9
1006	36.72	194.91	71	1.39
1007	70.79	0.93	72	1.61
1008	12.17	80.41	70	1.78
1009	101.03	42.97	70	1.41
1010	126.23	73.41	70	1.75
1011	28.66	154.77	72	1.02
1012	18.56	72.14	70	1.11
1013	52.03	127.22	72	1.34
1014	116.08	92.56	71	0.84
Period: 71
Tasks:5
id	x	y	end	c
346	192.26	4.11	72	133.07
347	32.71	15.22	71	108.24
348	91.46	179.06	74	79.52
349	72.56	168.24	73	73.55
350	17.77	159.88	71	101.72
Drivers: 11
id	x	y	end	sensitivity
1015	26.2	1.91	71	0.69
1016	39.49	161.6	72	0.81
1017	86.7	173.42	73	1.56
1018	54	39	74	0.82
1019	54.28	197.31	71	1.72
1020	8.74	12.17	71	1.41
1021	133.63	150.84	72	2
1022	96.28	3.76	73	1.08
1023	102.07	39.74	71	1.25
1024	64.3	34.38	71	1.04
1025	7	195.02	73	1.54
Period: 72
Tasks:8
id	x	y	end	c
351	104.54	29.31	72	70.84
352	192.5	32.31	72	114.62
353	138.71	163.39	72	74.27
354	147.9	148.85	73	68.42
355	92.09	124.34	74	25.59
356	193.15	35.86	73	113.1
357	110.61	110.6	73	15
358	119.42	40.99	72	62.12
Drivers: 12
id	x	y	end	sensitivity
1026	39.56	199.52	72	1.8
1027	32.24	162.79	73	1.39
1028	176.75	152.09	72	0.57
1029	2.93	25.13	73	0.74
1030	37.93	66.3	72	1.24
1031	87.43	6.35	73	0.63
1032	157.95	186.76	72	1.77
1033	194.28	132.22	73	1.87
1034	195.65	124.21	73	1.42
1035	76.21	198.9	72	1.26
1036	181.61	98.06	73	0.81
1037	185.88	172.07	72	1.71
Period: 73
Tasks:3
id	x	y	end	c
359	46.74	13.59	75	101.51
360	154.1	83.18	74	56.65
361	38	194.69	75	113.18
Drivers: 17
id	x	y	end	sensitivity
1038	150.92	31.87	74	1.52
1039	45.43	110.8	74	1.1
1040	41.68	27.01	75	0.52
1041	95.3	31.85	74	1.62
1042	16.18	149.43	74	0.91
1043	73.57	111.65	73	1.04
1044	66.18	11.76	75	0.75
1045	77.53	179.12	73	1.71
1046	27.49	121.44	74	1.68
1047	28.83	199.2	75	0.65
1048	81.34	4.85	73	0.5
1049	122.6	174.18	74	0.93
1050	162.48	69.94	73	0.89
1051	49.97	156.57	75	0.87
1052	155.69	165.11	74	1.99
1053	108.12	39.71	74	1.76
1054	49.53	141.72	73	0.57
Period: 74
Tasks:3
id	x	y	end	c
362	73.72	158.74	74	64.35
363	75.12	60.99	75	46.27
364	199.97	35.58	75	118.93
Drivers: 15
id	x	y	end	sensitivity
1055	21.05	172.61	74	1.35
1056	160.18	108.99	74	0.87
1057	54.18	91.83	75	1.34
1058	138.23	24.35	76	1.24
1059	64.17	5.22	74	0.58
1060	42.28	124.34	75	1.35
1061	48.3	7.79	75	1.29
1062	12.18	60.62	75	1.83
1063	96.07	107.56	74	0.69
1064	42.46	68.93	75	1.08
1065	139.85	31.7	75	0.84
1066	20.7	146.49	75	1.84
1067	138.97	122.38	75	1.31
1068	175.21	2.46	75	1.4
1069	18.99	19.27	75	0.8
Period: 75
Tasks:4
id	x	y	end	c
365	198.49	4.33	77	137.31
366	121.65	164.81	77	68.33
367	5.99	162.12	75	112.68
368	4.36	186.13	78	128.71
Drivers: 11
id	x	y	end	sensitivity
1070	72.46	159.42	75	1.22
1071	136.24	159.95	76	0.86
1072	78.56	91.77	76	0.98
1073	151.89	76.8	76	1.24
1074	123.35	76.71	77	1.6
1075	177.28	20.8	75	0.71
1076	73.07	32.66	76	1.13
1077	67.2	196.72	75	1.76
1078	155.32	89.47	76	0.83
1079	147.56	75.47	77	1.9
1080	107.25	124.58	77	1.75
Period: 76
Tasks:6
id	x	y	end	c
369	62.11	93.83	78	38.39
370	179.87	24.95	77	109.6
371	32.83	75.25	77	71.58
372	95.14	42.94	77	57.27
373	160.27	146.42	76	76.07
374	14.57	23.62	77	114.6
Drivers: 14
id	x	y	end	sensitivity
1081	3.45	83.35	77	1.15
1082	184.47	51.97	76	0.63
1083	141.25	17.92	78	1.82
1084	62.79	143.69	79	1.62
1085	188.18	73.57	76	1.59
1086	38.97	125.07	77	0.62
1087	42.89	158.43	77	1.56
1088	0.4	187.06	80	1.2
1089	113.85	77.19	76	0.77
1090	113.97	94.63	76	1.78
1091	180.18	4.59	78	1.24
1092	74.45	68.13	76	1.2
1093	79.29	127.5	77	1.56
1094	114.02	4.03	77	1.8
Period: 77
Tasks:2
id	x	y	end	c
375	57	12.42	81	97.57
376	80.61	78.04	77	29.3
Drivers: 15
id	x	y	end	sensitivity
1095	143.01	87.99	79	1.9
1096	139.41	132.7	78	0.82
1097	181.38	104.63	78	1.01
1098	182.49	37.5	77	0.85
1099	144.87	169.83	78	1.83
1100	180.1	86.13	78	0.69
1101	110.29	113.51	77	0.75
1102	140.69	15.15	77	1.34
1103	59.96	9.12	77	1.9
1104	73.64	25.82	78	1.86
1105	148.25	164.46	77	0.6
1106	23.62	76.35	78	1.95
1107	133.26	47.46	77	1.83
1108	28.31	142.66	77	1.26
1109	83.27	166.59	77	1.07
Period: 78
Tasks:8
id	x	y	end	c
377	12.16	32.86	79	110.56
378	108.14	57.6	79	43.17
379	169.4	86.98	80	70.61
380	104.59	124.26	79	24.69
381	63.2	65.99	78	50.11
382	58.08	23.54	79	87.2
383	184.44	59.82	81	93.51
384	178.62	82.25	79	80.6
Drivers: 18
id	x	y	end	sensitivity
1110	172.9	130.44	78	0.61
1111	28	68.36	79	1.4
1112	16.6	124.05	79	1.42
1113	138.16	70.19	79	1.29
1114	175.06	133.95	79	1.1
1115	81.3	108.54	80	1.74
1116	79.62	32	80	1.42
1117	138.62	112.61	79	0.83
1118	170.11	48.94	80	0.72
1119	85.54	33.15	78	1.04
1120	25.92	35.82	78	0.84
1121	171.23	85.33	78	1.87
1122	132.67	89.2	78	1.48
1123	156.53	12.76	78	1.54
1124	112.12	31.22	79	1.59
1125	185.97	158.65	78	1.03
1126	146.72	116.04	80	0.87
1127	139.64	195.78	80	1.39
Period: 79
Tasks:7
id	x	y	end	c
385	103.59	119.47	79	19.8
386	147.85	59.41	79	62.75
387	112.06	25.94	81	75.04
388	50.95	10.56	81	102.01
389	65.41	84	81	38.11
390	122.47	199.27	80	101.78
391	165.99	42.79	80	87.34
Drivers: 7
id	x	y	end	sensitivity
1128	182.13	35	81	1.37
1129	84.8	96.62	79	1.46
1130	48.18	78.52	81	1.85
1131	86.48	134.63	80	0.84
1132	149.77	57.33	81	1.19
1133	36.02	67.04	80	1.8
1134	85.48	146.24	79	1.01
Period: 80
Tasks:5
id	x	y	end	c
392	79.46	133.53	81	39.32
393	151.12	125.44	82	57.1
394	103.83	63.81	81	36.39
395	140.29	27.05	82	83.34
396	20.39	155.57	80	97.09
Drivers: 12
id	x	y	end	sensitivity
1135	39.01	144.96	81	0.79
1136	95.73	76.96	80	1.41
1137	1.83	72.52	80	1.76
1138	149.99	88.34	82	1.86
1139	25.97	27.14	81	1.03
1140	109.51	109.09	80	0.56
1141	55.18	115.66	81	1.98
1142	143.16	79.63	80	0.83
1143	54.37	33.56	81	1.13
1144	199.54	113.76	81	0.9
1145	159.76	24.55	82	1.92
1146	66.77	165.06	83	1.64
Period: 81
Tasks:3
id	x	y	end	c
397	72.09	112.88	83	30.74
398	75.15	48.97	81	56.76
399	7	109.08	83	93.44
Drivers: 13
id	x	y	end	sensitivity
1147	38.98	10.01	81	1.28
1148	120.99	179.92	83	1.79
1149	67	117.99	84	0.74
1150	185.56	55.12	82	0.53
1151	171.2	21.07	81	1.04
1152	186.54	98.57	81	1.77
1153	77.61	65.22	82	1.88
1154	65.41	22.74	83	0.59
1155	3.49	34.42	83	1.72
1156	79.54	44.58	82	1.9
1157	127.14	61.87	82	1.65
1158	142.81	0.8	83	0.99
1159	146.55	162.22	83	1.49
Period: 82
Tasks:6
id	x	y	end	c
400	92.22	168.13	82	68.57
401	96.97	126.51	83	26.68
402	154.42	34.28	82	85.33
403	55.89	136.17	84	57.04
404	65.43	50.15	83	60.66
405	56.74	95.46	86	43.5
Drivers: 13
id	x	y	end	sensitivity
1160	126.86	81.22	83	0.83
1161	160.61	190.48	83	1.25
1162	33.32	198.47	83	0.64
1163	3.27	120.25	84	1.95
1164	107.74	148.81	83	1.21
1165	188.67	187.99	83	1.67
1166	149.01	61.16	82	1.48
1167	171.15	180.39	82	1.96
1168	49.84	115.41	83	1.78
1169	150.73	74.5	83	1.92
1170	164.16	109.24	83	0.53
1171	91.17	57.45	83	0.84
1172	138.93	33.26	84	0.84
Period: 83
Tasks:3
id	x	y	end	c
406	80.57	137.18	83	41.95
407	123.86	158.92	86	63.57
408	158.4	4.27	85	112.14
Drivers: 18
id	x	y	end	sensitivity
1173	80.68	44.03	84	1.4
1174	16.39	64	85	1.11
1175	37.58	177.12	83	1.31
1176	184.12	159.69	84	0.68
1177	67.77	86.2	85	0.92
1178	191.46	130	84	1.27
1179	63.95	126.07	83	0.97
1180	37.38	91.36	85	1.82
1181	174.2	142.03	83	0.94
1182	35.08	76.54	86	0.53
1183	6.04	54.11	84	0.91
1184	48.83	160.1	83	1.64
1185	148.65	41.49	83	1.66
1186	93.08	123.92	85	1.52
1187	76.91	26.25	83	1.59
1188	112.05	149.5	83	0.71
1189	141.78	136.72	84	1.53
1190	47.16	134.52	83	1.64
Period: 84
Tasks:6
id	x	y	end	c
409	16.56	105.91	85	83.65
410	115.96	12.1	84	89.34
411	176.6	22.25	84	109.14
412	10.41	86.49	84	90.6
413	128.11	168.69	86	74.22
414	114.03	30.26	84	71.14
Drivers: 19
id	x	y	end	sensitivity
1191	114.8	90.27	85	0.85
1192	34.95	115.01	84	1.56
1193	153.12	177.42	85	0.72
1194	30.94	155.35	84	1.58
1195	142.9	26.53	84	0.94
1196	60.41	182.01	86	1.98
1197	6.13	153.74	84	0.81
1198	71.6	126.4	85	1.49
1199	34.4	161.64	84	0.86
1200	21.21	0.04	85	1.22
1201	69.45	190.57	84	1.51
1202	22.42	138.03	86	1.36
1203	98.71	150.96	85	1.81
1204	51.23	194.93	84	0.86
1205	146.87	81.3	86	1.26
1206	19.67	128.74	85	1.13
1207	170.48	143.12	85	1.46
1208	96.08	171.51	85	1.15
1209	33.16	28.77	85	1.33
Period: 85
Tasks:3
id	x	y	end	c
415	5.62	39.12	87	112.31
416	28.29	101.27	86	71.72
417	170.3	92.55	86	70.69
Drivers: 15
id	x	y	end	sensitivity
1210	170.68	136.86	85	1.68
1211	72.91	72.95	86	1.99
1212	177.77	130.55	85	0.73
1213	135.89	55.25	85	0.79
1214	56.92	42.43	86	0.99
1215	67.16	109.65	86	0.93
1216	81.1	189.53	87	1.99
1217	58.4	20.59	85	1.46
1218	168.28	53.08	85	0.73
1219	86.69	4.36	87	1.18
1220	159.76	186.33	86	1.09
1221	145.27	156.41	85	0.86
1222	131.42	188.79	87	1.3
1223	87.33	168.4	87	1.8
1224	190.48	101.77	86	1.59
Period: 86
Tasks:1
id	x	y	end	c
418	80.59	22.53	86	79.86
Drivers: 17
id	x	y	end	sensitivity
1225	28.89	96.71	87	1.4
1226	121.43	132.45	86	1.74
1227	98.82	17.53	86	1.58
1228	48.78	37.67	86	1.27
1229	161.74	13.79	88	1.85
1230	84.04	31.76	88	1.71
1231	163.72	45.54	88	1.41
1232	148.97	13.59	88	1.47
1233	180.36	77.54	86	1.53
1234	100.13	65.97	87	1.21
1235	63.95	1.13	86	1.39
1236	149.12	55.39	88	1.75
1237	101.6	8.54	88	1.38
1238	92.27	57.23	88	0.52
1239	179.8	52.08	86	1.74
1240	46.34	86.44	87	0.65
1241	179.68	145.83	87	0.56
Period: 87
Tasks:3
id	x	y	end	c
419	67.83	156.06	89	64.63
420	59.17	132.28	88	52.05
421	31.12	44.62	87	88.38
Drivers: 16
id	x	y	end	sensitivity
1242	23.34	17	87	1.93
1243	85.37	136.91	89	1.83
1244	43.15	186.66	87	1.5
1245	188.33	27.89	87	1.24
1246	130.73	173.12	87	0.93
1247	51.52	100.23	87	1.6
1248	53.93	125.43	87	1.97
1249	48.4	21.34	89	0.79
1250	100.56	90.15	89	0.89
1251	14.2	189.3	89	1.26
1252	44.25	48.49	88	0.64
1253	152.01	62.75	91	0.64
1254	149.91	82.48	87	1.22
1255	131.81	39.3	88	1.01
1256	163.58	4.64	87	1.76
1257	118.4	76.76	88	1.45
Period: 88
Tasks:4
id	x	y	end	c
422	47.62	63.45	89	63.87
423	183.37	37.74	88	104.05
424	188.88	182.74	90	121.43
425	87.89	172.09	91	73.1
Drivers: 18
id	x	y	end	sensitivity
1258	169.96	96.62	92	0.68
1259	44.65	101.29	88	1.26
1260	10.48	100.34	90	1.99
1261	54.45	127.47	89	0.86
1262	103.26	186.45	91	1.4
1263	77.22	7	88	1.94
1264	27.22	86	90	0.61
1265	104.08	12.39	88	1.39
1266	163.79	34.82	88	1.87
1267	128.81	137.56	89	0.83
1268	116.1	24.7	88	0.68
1269	64.06	37.17	89	0.8
1270	52.98	149.1	88	0.96
1271	113.17	11.73	88	1.71
1272	22.21	53.81	88	1.75
1273	127.39	143.82	90	1.3
1274	150.91	22.12	89	1.99
1275	91.32	145.04	88	0.58
Period: 89
Tasks:4
id	x	y	end	c
426	195.43	137.53	90	102.54
427	30.77	176.4	89	103.1
428	79.32	5.54	91	96.7
429	126.67	75.75	91	36.05
Drivers: 15
id	x	y	end	sensitivity
1276	61.21	193.22	90	1.94
1277	171.05	164.05	92	1.93
1278	1.16	29.41	90	1.75
1279	168.83	13.79	91	1.29
1280	106.47	147.77	89	0.61
1281	56.68	73.91	91	1.25
1282	187.37	132.04	90	1.36
1283	51.17	150.51	90	1.71
1284	8.21	116.81	91	1.73
1285	170.73	70.37	89	1.17
1286	97.36	67.17	90	0.73
1287	170.9	97.73	96	1.15
1288	116.84	193.79	91	1.63
1289	70.38	36.69	91	1.38
1290	95.47	168.7	89	1.19
Period: 90
Tasks:3
id	x	y	end	c
430	109.46	154.86	90	55.67
431	105.64	16.26	90	83.93
432	128.68	149.15	90	56.91
Drivers: 10
id	x	y	end	sensitivity
1291	31.35	148.96	92	0.57
1292	84.08	13.74	91	1.92
1293	120.61	27.81	92	1.51
1294	156.09	116.7	92	0.82
1295	25.36	105.91	91	1.27
1296	138.13	164.86	90	1.66
1297	70.6	192.31	90	1.11
1298	5.98	148.38	91	1.39
1299	104.41	10.95	90	1.84
1300	162.94	42.7	91	0.64
Period: 91
Tasks:8
id	x	y	end	c
433	97.96	78.2	91	21.9
434	61.13	11.78	93	96.4
435	160.26	57.48	91	73.75
436	172.48	181.18	92	108.83
437	64.42	196.83	92	103.16
438	175.37	79.65	91	78.07
439	88.65	146.64	93	48
440	51.17	128.51	92	56.54
Drivers: 16
id	x	y	end	sensitivity
1301	98.13	172.44	91	1.25
1302	142.91	146.42	92	1.46
1303	190.69	186.26	92	1.11
1304	65.53	90.01	95	1.42
1305	192.52	134.05	92	1.09
1306	91.3	66.18	92	1.05
1307	82.58	96.83	92	1.86
1308	174.36	24.52	93	1.84
1309	10.38	34.52	93	0.67
1310	198.29	24.96	92	1.97
1311	111.85	174.69	93	0.57
1312	131.29	139.18	93	1.74
1313	96.98	139.04	93	1.3
1314	93.25	188.99	92	1.47
1315	13.75	104.7	92	0.52
1316	186.99	175.94	93	0.66
Period: 92
Tasks:7
id	x	y	end	c
441	52.94	143.41	93	64.02
442	152.03	62.71	94	64.01
443	97.16	24.82	93	75.23
444	83.97	178.77	92	80.38
445	81.32	73.1	92	32.75
446	177.78	27.69	94	106.2
447	18.48	187.38	93	119.5
Drivers: 12
id	x	y	end	sensitivity
1317	132.54	30.12	95	0.59
1318	76.57	138.64	93	0.78
1319	166.1	187.1	92	1.92
1320	16.11	44.18	93	0.54
1321	196.04	111.91	94	0.98
1322	81.97	193.04	94	1.7
1323	91.86	30.41	93	0.62
1324	73.27	21.88	93	0.57
1325	24.09	19.44	94	1.45
1326	9.64	152.29	94	1.56
1327	47.26	187.08	92	1.49
1328	81.03	15.7	93	1.86
Period: 93
Tasks:7
id	x	y	end	c
448	7.78	29.68	94	115.97
449	119.26	84.66	94	24.62
450	26.01	33.04	94	99.79
451	136.69	141.96	94	55.74
452	15.31	167.22	93	108.12
453	71.97	113.85	95	31.27
454	108.73	61.99	95	39
Drivers: 13
id	x	y	end	sensitivity
1329	63.44	194.62	93	0.89
1330	114.71	16.24	95	1.55
1331	75.86	136.25	93	1.39
1332	40.56	141.7	93	1.29
1333	125.58	143.75	93	1.56
1334	72.23	197.68	93	1.33
1335	117.97	40.54	93	0.62
1336	25.9	24.08	95	1.54
1337	98.68	181.73	94	0.65
1338	165.73	129.3	94	1.42
1339	53.1	132.42	93	1.82
1340	5.6	77.58	93	1.01
1341	191.28	137.11	94	0.5
Period: 94
Tasks:7
id	x	y	end	c
455	145.97	75.72	94	51.99
456	61.53	93.49	94	39.02
457	182.67	187.11	94	120.09
458	147.7	66.04	95	58.55
459	185.94	156.81	95	103.02
460	197.09	86.5	95	98.02
461	139.58	110.8	94	41.03
Drivers: 16
id	x	y	end	sensitivity
1342	54.51	150.98	95	1.35
1343	73.29	36.63	96	1.38
1344	171.82	196.95	95	0.52
1345	169.8	38.94	95	0.79
1346	66.46	56.28	94	1.55
1347	147.64	71.16	94	1.65
1348	165.84	168.88	95	0.97
1349	60.03	31.72	95	1.88
1350	176.93	70.32	96	1.51
1351	101.28	79.56	94	1.12
1352	145.48	49.9	95	1.44
1353	4.27	26.87	95	0.81
1354	30.2	112.57	94	1.51
1355	83.46	198.88	96	0.99
1356	125.19	48.2	94	1.96
1357	106.99	149.12	94	1.54
Period: 95
Tasks:4
id	x	y	end	c
462	13.78	56.73	95	96.47
463	170.59	34.69	96	96.17
464	170.08	100.07	95	70.08
465	169.12	182.08	96	107.31
Drivers: 19
id	x	y	end	sensitivity
1358	11.54	55.28	96	1.02
1359	27.35	112.99	98	1.43
1360	53.79	67.69	95	1.6
1361	71.9	191.21	96	1.71
1362	107.11	190.64	95	1.37
1363	72.17	106.11	97	1.7
1364	107.26	69.86	96	0.77
1365	36.12	19.25	96	1.86
1366	191.53	61.68	96	0.65
1367	139.18	156.89	95	1.64
1368	24.61	16.49	97	1.02
1369	135.76	56.11	95	1.53
1370	28.44	113.61	96	1.01
1371	139.3	82.89	97	0.84
1372	20.17	184.66	95	1.08
1373	184.97	31.18	100	1.49
1374	110.36	24	96	0.54
1375	137.46	13.77	95	1.28
1376	72.62	70.28	95	1.62
Period: 96
Tasks:6
id	x	y	end	c
466	114.05	88.18	97	18.36
467	86.38	8.58	97	92.43
468	29.76	44.08	96	89.78
469	23.62	130.85	97	82.37
470	134.8	33.97	99	74.64
471	88.65	70.92	98	31.22
Drivers: 11
id	x	y	end	sensitivity
1377	10.36	7.66	97	0.53
1378	19.75	83.55	96	1.74
1379	105.97	189.51	96	1.06
1380	107.69	29.1	96	1.76
1381	136.4	34.23	97	1.23
1382	53.54	182.55	98	0.82
1383	65.66	116.46	96	1.28
1384	63.01	95.8	100	0.95
1385	198.49	163.28	98	0.54
1386	106.91	123.09	96	1.48
1387	91.58	90.83	96	0.58
Period: 97
Tasks:4
id	x	y	end	c
472	166.99	135.37	99	75.75
473	187.61	6.28	99	128.29
474	15.91	119.46	97	86.31
475	162.47	64.99	98	71.61
Drivers: 16
id	x	y	end	sensitivity
1388	121.91	186.96	97	0.83
1389	133.79	178.38	101	1.77
1390	29.19	58.87	99	1.28
1391	76.93	28.52	97	1.46
1392	71.34	48.4	97	1.82
1393	29.58	155.74	98	0.7
1394	94.73	21.07	99	0.84
1395	15.14	1.84	99	1.95
1396	125.15	63.81	99	1.95
1397	188.01	153.88	98	1.97
1398	72.26	76.87	97	0.91
1399	36.11	182.9	101	1.21
1400	74.58	7.44	99	1.29
1401	173.27	62.3	98	1.8
1402	55.88	59.21	97	1.26
1403	176.58	118.26	98	1.48
Period: 98
Tasks:6
id	x	y	end	c
476	0.35	90	99	100.15
477	102.48	5.47	99	94.56
478	42.62	158	99	81.59
479	110.78	139.18	99	40.64
480	111.15	70.07	100	31.94
481	30.07	107.94	98	70.38
Drivers: 15
id	x	y	end	sensitivity
1404	57.86	153.78	98	1.33
1405	38.1	197.4	99	1.61
1406	88.42	167.6	100	1.49
1407	191	42.9	99	1.56
1408	41.54	137.64	99	1.35
1409	10.52	19.14	99	1.71
1410	31.28	75.65	98	1.23
1411	57.96	158.69	99	0.84
1412	181.32	49.21	98	0.87
1413	146.24	47.97	98	1.36
1414	84.73	38.18	99	1.14
1415	29.37	157.87	98	0.96
1416	197.99	165.9	98	0.73
1417	9.94	61.4	100	1.01
1418	81.84	195.45	101	1.87
Period: 99
Tasks:3
id	x	y	end	c
482	32.42	79.55	100	70.61
483	51.42	91.45	99	49.33
484	174.59	24.04	100	106.46
Drivers: 16
id	x	y	end	sensitivity
1419	88.97	159.09	100	0.59
1420	101.36	6	99	1.79
1421	19.27	140.95	102	0.78
1422	20.59	110.89	99	1.21
1423	125.41	92.59	100	0.71
1424	35.38	34.25	99	0.61
1425	49.61	91.56	100	1.56
1426	111.75	155.65	100	1.56
1427	65.23	29.35	99	1.63
1428	116.49	14.45	102	1.7
1429	186.78	96.48	102	1.57
1430	143.32	55.69	102	1.63
1431	99.53	1.78	99	1.49
1432	59.16	110.27	101	0.57
1433	42.57	4.01	99	1.99
1434	44.39	59.97	100	0.62
Period: 100
Tasks:1
id	x	y	end	c
485	7.46	181.82	100	123.52
Drivers: 17
id	x	y	end	sensitivity
1435	195.8	80.31	100	1.66
1436	102.85	126.92	100	1.79
1437	114.81	103.67	101	1.1
1438	26.45	35.49	103	1.65
1439	186.72	13.7	102	0.53
1440	112.14	10.22	100	0.67
1441	110.41	44.49	101	0.54
1442	69.15	198.72	100	0.69
1443	136.73	179.43	100	1.9
1444	36.47	58.28	102	1.81
1445	77.84	119.16	100	1.01
1446	186.07	153.81	101	0.63
1447	71.39	63.65	101	1.09
1448	96.89	70.97	101	1.25
1449	193.87	168.51	101	1.07
1450	163.16	124.28	104	1.22
1451	163.94	12.76	102	1.97
