Periods: 100
Task Arrival Rate: 5
Task Average Time: 1
Driver Arrival Rate: 10
Driver Average Time: 2
Period: 1
Tasks:4
id	x	y	end	c
1	80.56	120.68	1	28.38
2	190.48	149.45	2	103.11
3	174.8	1.01	2	124.07
4	164.45	51.49	1	80.67
Drivers: 5
id	x	y	end	sensitivity
1	143.2	166.16	1	1.39
2	158.88	14.97	2	0.67
3	68.43	143.35	6	1.36
4	185.51	168.62	3	1.37
5	21.87	34.78	3	1.52
Period: 2
Tasks:5
id	x	y	end	c
5	14.3	196.44	3	129.02
6	126.93	111.62	4	29.33
7	194.9	136.08	4	101.53
8	78.09	144.37	4	49.48
9	70.7	24.14	3	81.32
Drivers: 6
id	x	y	end	sensitivity
6	88.02	20.54	3	1.4
7	98.33	14.6	2	0.57
8	135.59	25.17	5	0.94
9	140.59	64.12	3	1.63
10	62.35	2.18	3	0.78
11	19.59	191.63	2	1.37
Period: 3
Tasks:6
id	x	y	end	c
10	156.36	143.93	4	71.46
11	181.98	51.08	5	95.47
12	156.18	24.18	3	94.37
13	181.88	86.76	3	82.94
14	128.71	56.11	5	52.45
15	153.79	83.39	4	56.3
Drivers: 14
id	x	y	end	sensitivity
12	121.49	22.33	6	0.89
13	73.52	191.06	8	1.91
14	126.38	66.51	5	1.64
15	53.6	60.37	4	1.24
16	123.33	45.24	7	1.62
17	199.35	158.1	4	1.38
18	43.27	188.1	7	1.98
19	75.32	151.31	3	1.73
20	67.59	63.92	4	0.78
21	77.02	67.57	4	1.07
22	176.77	131.16	5	1.15
23	87.95	45.72	6	1.33
24	100.05	134	3	1.16
25	78.47	133.56	9	1.2
Period: 4
Tasks:7
id	x	y	end	c
16	79.81	199.99	7	102.01
17	39.08	86.11	5	62.48
18	74.01	86.24	4	29.41
19	134.79	152.55	6	63.02
20	30.91	107.31	5	69.48
21	14.73	186.05	4	121.14
22	109.81	100.23	5	9.81
Drivers: 10
id	x	y	end	sensitivity
26	51.73	122.41	6	1.76
27	55.38	118.69	6	0.63
28	69.21	170.41	4	1.83
29	116.45	67.79	6	0.62
30	46.7	179.64	8	1.9
31	68.92	71.18	6	0.67
32	14.12	41.07	5	1.4
33	79.68	82.01	7	0.92
34	103.62	171.4	8	0.98
35	29.4	138.32	6	1.7
Period: 5
Tasks:5
id	x	y	end	c
23	114.91	129.18	5	32.77
24	157.19	31.6	8	89.16
25	70.41	46.75	5	60.92
26	78.84	122.93	5	31.2
27	179.71	172.07	5	107.46
Drivers: 14
id	x	y	end	sensitivity
36	191.67	164.48	8	1.87
37	8.48	185.43	8	0.61
38	184.73	138.18	8	1.94
39	108.8	10.88	6	0.72
40	22.36	167.83	7	0.98
41	35.48	183.67	7	0.79
42	121.78	65.23	6	0.81
43	74.31	72.78	5	1.35
44	11.23	138.97	9	1.48
45	20.64	139.31	5	1.15
46	137.58	6.9	9	1.25
47	108.2	63.25	6	0.74
48	85.25	180.96	7	1.35
49	136.27	65.99	6	1.62
Period: 6
Tasks:6
id	x	y	end	c
28	35.51	133.54	6	72.69
29	60.59	89.15	9	40.88
30	4.56	95.4	7	95.55
31	23.02	42.59	8	96.03
32	94.57	187.42	7	87.59
33	54.09	187.85	6	99.12
Drivers: 11
id	x	y	end	sensitivity
50	5.57	95.93	6	1.22
51	79.2	38.52	9	0.67
52	93.51	47.83	6	0.72
53	139.57	183.27	8	1.94
54	15.29	43.79	8	1.94
55	117.83	137.54	8	1.08
56	32.35	20.94	10	1.71
57	71.76	78.62	6	0.54
58	157.97	187.14	9	1.89
59	37.86	143.02	12	0.89
60	121.48	158.97	9	0.6
Period: 7
Tasks:6
id	x	y	end	c
34	197.8	86.68	9	98.7
35	199.61	3.37	9	138.78
36	41.46	179.74	8	98.92
37	47.3	22.35	8	93.84
38	176.03	182.73	7	112.36
39	28.78	55.76	8	83.84
Drivers: 12
id	x	y	end	sensitivity
61	104.27	113.96	8	1.79
62	148.82	20.11	10	1.43
63	117.16	144.14	8	0.55
64	94.28	123.58	10	1.21
65	30.49	91.24	10	1.82
66	186.23	171.54	7	1.07
67	111.09	144.52	9	1.05
68	4.68	95.39	8	0.64
69	33.27	157.06	10	0.53
70	134.7	49.09	10	1.62
71	62.28	0.67	7	1.07
72	132.61	131.12	8	0.76
Period: 8
Tasks:3
id	x	y	end	c
40	147.98	182.7	9	95.61
41	118.01	84.91	10	23.5
42	47.69	7.71	11	106.08
Drivers: 6
id	x	y	end	sensitivity
73	43.64	127.53	9	0.64
74	31	169.47	8	1.05
75	95.33	162.11	9	1.3
76	19.87	84.84	13	1.25
77	72.93	116.3	10	1
78	160.49	180.61	8	0.99
Period: 9
Tasks:6
id	x	y	end	c
43	199.33	75.39	10	102.33
44	76.65	172.65	9	76.31
45	57.82	142.43	10	59.83
46	64.67	42.39	11	67.58
47	169.2	173.69	10	101.09
48	22.6	44.05	10	95.5
Drivers: 10
id	x	y	end	sensitivity
79	15.54	117.56	10	0.86
80	194.17	39.73	11	1.72
81	137.08	73.59	10	0.87
82	133.27	160.78	11	0.69
83	99.48	17.05	13	1.75
84	186.39	144.58	11	0.81
85	8.08	171.54	11	1.68
86	58.95	153.45	10	1.43
87	67.6	182.98	11	1.38
88	41.96	138.55	10	0.89
Period: 10
Tasks:7
id	x	y	end	c
49	53.61	129.17	12	54.8
50	70.9	78.56	10	36.15
51	94.55	191.68	10	91.84
52	121.87	60.58	11	45.08
53	118.7	157.61	10	60.57
54	145.78	196.59	11	106.89
55	134.51	16.68	11	90.18
Drivers: 9
id	x	y	end	sensitivity
89	104.52	81.23	12	1.78
90	92.14	190.19	11	1.52
91	137.02	152.78	12	1.55
92	48.38	160.38	11	1.29
93	116.66	101.15	13	0.65
94	58.59	167.26	13	1.23
95	59.01	23.87	14	0.89
96	30.68	158.5	10	0.52
97	121.91	126.47	12	0.74
Period: 11
Tasks:2
id	x	y	end	c
56	165.29	12.55	13	109.13
57	81.93	12.37	11	89.47
Drivers: 10
id	x	y	end	sensitivity
98	167.53	171.62	13	0.82
99	80.06	114.01	11	1.6
100	184.84	185.64	14	1.49
101	17.48	107.38	12	1.64
102	66.03	180.95	12	1.78
103	145.03	117.26	15	0.73
104	145.28	180.08	12	0.82
105	29.88	72.44	13	1.07
106	96.07	3.3	16	1.99
107	117.08	48.71	12	0.96
Period: 12
Tasks:5
id	x	y	end	c
58	3.49	126.58	16	100.1
59	66.97	161.85	14	70.12
60	148.38	160.12	13	77.17
61	33.15	10.67	13	111.57
62	78.6	80.21	15	29.15
Drivers: 12
id	x	y	end	sensitivity
108	35.72	40.8	15	1.04
109	160.98	86.58	14	1.35
110	134.75	32.01	13	1.51
111	43.15	0.32	12	0.98
112	136.01	78.23	14	1.65
113	62.78	95.92	15	0.86
114	139.39	126.62	13	1.5
115	179.76	153	13	1.39
116	163.65	82.5	12	0.97
117	30.13	163.14	13	1.54
118	189.53	110.28	16	1.01
119	60.82	5.11	13	1.33
Period: 13
Tasks:4
id	x	y	end	c
63	142.41	71.94	13	50.85
64	113.5	112.87	13	18.65
65	26.03	108.3	14	74.43
66	37.07	159.64	14	86.7
Drivers: 4
id	x	y	end	sensitivity
120	0.98	151.96	15	0.8
121	9.88	66.03	17	1.77
122	103.56	41.85	15	0.86
123	177	180.6	14	1.13
Period: 14
Tasks:6
id	x	y	end	c
67	149.86	73.09	16	56.66
68	120.56	160.99	17	64.36
69	123.86	188.7	14	91.85
70	22.1	166.87	15	102.66
71	198.43	189.59	14	133.1
72	92.63	18.18	17	82.15
Drivers: 7
id	x	y	end	sensitivity
124	78.97	142.35	17	0.73
125	137.65	40.48	15	1.19
126	69.53	81.47	16	0.78
127	70.8	124.36	15	1.01
128	47.95	19.79	18	1.82
129	134.66	117.91	15	0.55
130	103.23	42.59	15	1.05
Period: 15
Tasks:6
id	x	y	end	c
73	4.18	139.87	18	103.78
74	137.14	184.37	18	92.18
75	164.27	100.35	16	64.27
76	23.28	128.22	16	81.75
77	115.34	122.34	16	27.1
78	86.55	62.13	16	40.19
Drivers: 14
id	x	y	end	sensitivity
131	99.09	95.97	17	0.95
132	81.64	68.21	18	0.59
133	164.51	108.9	19	1.88
134	90.6	195.8	17	1.29
135	191.36	137.35	18	0.9
136	100.39	16.38	16	1.24
137	181.9	182.74	16	0.56
138	2.46	0.31	17	1.99
139	103.99	149.6	18	0.62
140	15.18	131.8	17	0.61
141	9.86	130.32	19	0.58
142	180.05	40.22	16	0.62
143	18.02	187.22	18	1.43
144	174.22	47.4	18	1.31
Period: 16
Tasks:5
id	x	y	end	c
79	96.27	134.26	16	34.46
80	198.63	4.28	17	137.44
81	45.3	133.06	17	63.91
82	32.65	156.12	18	87.67
83	70.93	170.23	16	76.01
Drivers: 17
id	x	y	end	sensitivity
145	145.03	91.71	19	1.67
146	2.62	45.95	18	1.1
147	76.88	42.55	18	1.26
148	166.06	71.78	16	1.86
149	114.5	154.06	18	0.93
150	95.92	67.26	21	1.55
151	12.3	31.66	18	0.53
152	112.75	127.95	18	1.6
153	9.81	101.09	16	1.93
154	149.01	86.66	16	1.51
155	26.46	83.29	21	1.49
156	104.76	104.85	20	1.41
157	158.15	33.4	19	1
158	30.44	1.31	17	0.95
159	96.94	16.42	17	0.88
160	142.57	8.31	20	0.62
161	91.03	35.26	19	1.1
Period: 17
Tasks:3
id	x	y	end	c
84	117.53	18.63	18	83.24
85	170.09	42.25	19	90.82
86	77.68	45.34	18	59.04
Drivers: 10
id	x	y	end	sensitivity
162	82.37	54.32	18	1.28
163	81.74	4.75	22	1.13
164	198.25	161.88	20	1.18
165	172.19	34.37	18	1.99
166	167.2	115.53	19	1.49
167	11.66	135.91	21	1.5
168	140.97	136.74	17	0.88
169	184.77	48.65	18	0.72
170	93.38	92.4	17	0.99
171	152.64	123.86	18	1.24
Period: 18
Tasks:4
id	x	y	end	c
87	144.67	180.76	18	92.29
88	95.88	85.28	18	15.29
89	84.96	176.39	18	77.86
90	100.9	101.25	22	1.54
Drivers: 9
id	x	y	end	sensitivity
172	25.44	133.6	20	1.05
173	121.29	128.4	20	0.94
174	111.49	157.29	21	0.63
175	18.19	128.54	19	0.61
176	46	35.82	18	1.26
177	95.15	82.45	20	1.65
178	193.15	180.62	21	0.72
179	114.51	9.23	21	1.26
180	41.41	130.64	20	0.82
Period: 19
Tasks:5
id	x	y	end	c
91	141.3	122.58	23	47.07
92	20.83	173.3	21	107.89
93	93.26	126.64	19	27.48
94	129.33	47.8	19	59.88
95	95.55	6.25	19	93.86
Drivers: 9
id	x	y	end	sensitivity
181	51.81	34.66	22	0.59
182	134.62	11.02	20	1.91
183	192.68	197.21	19	0.5
184	130.5	84.27	22	1.28
185	48.54	44.61	19	1.62
186	124.87	196.24	22	0.91
187	128.4	7.88	20	1.52
188	75.39	64.36	21	1.14
189	30.01	145.42	21	1.41
Period: 20
Tasks:5
id	x	y	end	c
96	64.47	164.95	20	74.03
97	12.28	125.11	20	91.24
98	35.66	199.63	20	118.6
99	164.82	71.83	20	70.68
100	66.52	14.84	21	91.5
Drivers: 11
id	x	y	end	sensitivity
190	87.33	76.81	27	1.16
191	5.3	49.22	22	1.61
192	71.44	17.56	20	1.07
193	3.18	191.27	22	1.08
194	10.95	13.92	25	1.32
195	108.43	138.32	22	1.95
196	79.47	117.15	23	1.29
197	41.95	138.42	23	0.51
198	43.7	179.81	21	0.8
199	189.64	161.69	22	0.94
200	32.09	183.1	21	1.25
Period: 21
Tasks:7
id	x	y	end	c
101	166.98	124.4	23	71.29
102	72.6	58.4	21	49.81
103	139.22	96.12	21	39.41
104	141.62	95.37	22	41.88
105	10.82	30.24	24	113.22
106	188.47	154.17	21	103.74
107	91.92	40.29	21	60.25
Drivers: 11
id	x	y	end	sensitivity
201	47.59	199.51	23	1.28
202	106.45	134.62	23	0.82
203	191.94	53.44	23	0.56
204	48.36	109.85	23	1.64
205	114.9	101.45	23	1.22
206	134.44	23.7	26	1.96
207	189.28	139.87	24	1.45
208	10.73	106.25	23	1.98
209	33.82	138.83	22	1.92
210	80.59	175.39	24	2
211	57.49	192.77	21	1.87
Period: 22
Tasks:4
id	x	y	end	c
108	190.92	132.25	22	96.47
109	27.34	125.62	23	77.04
110	40.23	42.57	22	82.89
111	95.46	165.64	22	65.8
Drivers: 10
id	x	y	end	sensitivity
212	155.07	69.12	25	1.68
213	77.59	137.3	22	1.25
214	178.4	50.99	22	1.59
215	72.33	156.56	25	1.07
216	168.06	87.97	24	1.1
217	112.71	198.63	25	1.67
218	68.93	180.3	22	1.78
219	35.2	100.09	23	1.72
220	161.57	36.74	24	1.07
221	13.37	11.52	26	1.82
Period: 23
Tasks:7
id	x	y	end	c
112	10.75	169.15	23	112.9
113	105.05	130.73	24	31.14
114	149.4	42.6	25	75.73
115	184.43	130.94	24	89.92
116	111.4	127.92	24	30.16
117	150.15	12.16	23	101.15
118	186.43	68.55	26	91.97
Drivers: 8
id	x	y	end	sensitivity
222	92.65	64.71	24	1.38
223	21.99	65.13	31	1.43
224	98.01	82.68	25	1.69
225	8.91	77.58	23	0.69
226	95.36	23.04	24	0.54
227	88.41	8.97	24	1.11
228	1.3	105.31	25	1.8
229	116.04	115.19	24	1.82
Period: 24
Tasks:5
id	x	y	end	c
119	118.53	55	24	48.67
120	193.65	73.72	26	97.27
121	127.85	31.26	24	74.17
122	179.88	167.62	25	104.66
123	86.6	163.77	25	65.16
Drivers: 13
id	x	y	end	sensitivity
230	142.2	3.35	25	1.84
231	21.66	29.82	24	0.68
232	106.15	152.12	28	1.31
233	129.06	123	26	1.96
234	173.46	34.56	26	2
235	114.43	83.86	27	0.87
236	39.41	193.77	27	0.6
237	34.22	171.86	24	1.37
238	180.79	183.8	27	1.01
239	137.46	187.91	28	0.96
240	152.03	173.59	25	1.2
241	157.97	95.81	24	1.15
242	153.1	83.73	25	1.4
Period: 25
Tasks:9
id	x	y	end	c
124	140.25	49.8	25	64.34
125	95.92	38.69	26	61.45
126	130.09	35.68	26	71.01
127	97.67	124.23	25	24.34
128	73.48	182.13	26	86.31
129	104.33	160.88	28	61.03
130	65.73	103.14	29	34.41
131	34.4	186.04	27	108.2
132	62.94	48.17	28	63.72
Drivers: 9
id	x	y	end	sensitivity
243	3.11	171.68	26	1.07
244	7.66	196.25	27	1.44
245	157.89	42.95	25	1.86
246	14.27	187.92	29	0.66
247	34.32	111.14	26	0.9
248	44	97.19	27	0.54
249	11.94	187.12	30	0.74
250	145.84	90.43	27	1.92
251	67.25	198.83	25	1.68
Period: 26
Tasks:4
id	x	y	end	c
133	119.99	32.1	27	70.78
134	63.67	72.32	28	45.67
135	22.05	92.73	29	78.29
136	143.69	120.28	27	48.17
Drivers: 13
id	x	y	end	sensitivity
252	22.13	180.76	27	1.08
253	63.27	83.94	29	0.78
254	135.65	137.91	26	1.97
255	176.98	51.65	28	1.3
256	149.04	18.73	27	0.52
257	80.95	159.84	30	1.87
258	80.15	123.68	31	1.53
259	132.87	76.28	26	1.72
260	142.82	152.64	27	1.42
261	65.01	123.79	30	1.69
262	65.4	9.23	28	1.14
263	20.67	24.93	28	1.85
264	39.6	126.18	26	1.24
Period: 27
Tasks:3
id	x	y	end	c
137	26.49	172.11	28	102.97
138	59.81	74	28	47.87
139	181.13	74.36	28	85.09
Drivers: 13
id	x	y	end	sensitivity
265	178.11	122.54	28	1.12
266	167.32	162.55	30	0.61
267	36.98	66.29	28	0.91
268	158.1	124.28	28	1.94
269	191.43	119.09	32	1.2
270	93.88	177.21	28	1.02
271	69.11	162.55	29	0.76
272	85.22	152.58	30	1.32
273	119.32	134.47	28	0.57
274	140.16	158.85	30	1.2
275	177.12	177.33	28	1.21
276	190.71	130.89	31	0.55
277	99.21	175.26	29	1.28
Period: 28
Tasks:3
id	x	y	end	c
140	75.41	158.16	30	63.14
141	0.23	106.13	28	99.96
142	72.46	55.39	29	52.43
Drivers: 11
id	x	y	end	sensitivity
278	107.16	86.1	30	1.21
279	134.89	138.41	30	1.86
280	126.27	115.83	32	0.91
281	41.33	62.18	31	1
282	135.8	103.85	30	1.72
283	51.88	165.67	29	1.19
284	70.13	196.25	28	1.39
285	163.19	188.7	31	0.98
286	182.59	139.84	29	0.53
287	114.3	163.65	30	1.46
288	62.96	66.84	31	1.01
Period: 29
Tasks:4
id	x	y	end	c
143	8.61	128.55	29	95.75
144	45.14	28.23	30	90.34
145	43.21	67.33	30	65.52
146	100.79	108.74	29	8.78
Drivers: 16
id	x	y	end	sensitivity
289	198.76	144.13	31	1.94
290	13.82	51.24	31	1.54
291	159.32	149.49	31	1.85
292	162.75	63.6	31	0.8
293	153.52	95.44	31	1.53
294	60.85	14.81	32	0.69
295	198.3	56.06	30	1.58
296	95.79	86.98	30	1.3
297	155.08	186.07	31	1.37
298	150.67	30.24	32	1.24
299	181.38	192.21	29	1
300	144.72	138.85	31	1.53
301	199.31	11.7	30	1.01
302	79.82	44.98	31	0.7
303	153.43	160.87	32	0.57
304	193.16	167.13	31	0.54
Period: 30
Tasks:2
id	x	y	end	c
147	197.9	106.54	30	98.12
148	89.82	122.21	31	24.43
Drivers: 13
id	x	y	end	sensitivity
305	100.53	101.62	34	0.86
306	2.08	187.07	33	1.3
307	139.37	155.07	32	1.61
308	170.65	25.23	32	1.99
309	69.27	42.91	33	0.51
310	166.24	135.67	32	1.99
311	91.44	153.16	33	1.3
312	27.88	57.58	33	0.96
313	80.88	22.09	30	1.94
314	8.57	159.75	30	1.57
315	8.26	145.49	30	1.38
316	157.75	37.99	32	1.96
317	58.08	18.6	37	1.95
Period: 31
Tasks:5
id	x	y	end	c
149	166.9	129.48	31	73.11
150	114.6	66.67	34	36.39
151	36.89	40.81	32	86.52
152	151.84	127.91	32	58.88
153	109.45	183.58	31	84.11
Drivers: 6
id	x	y	end	sensitivity
318	141.23	198.45	34	0.66
319	154.71	36.23	34	0.68
320	168.45	142.64	33	0.57
321	38.18	189.27	34	1.69
322	20.43	167.74	31	1.06
323	176.9	91.89	33	1.03
Period: 32
Tasks:2
id	x	y	end	c
154	19.23	147.19	32	93.55
155	3.63	94.01	33	96.56
Drivers: 4
id	x	y	end	sensitivity
324	66.58	162.77	33	1.14
325	83	173.39	33	0.55
326	59.07	51.92	34	1.35
327	25.24	186.53	34	1.55
Period: 33
Tasks:9
id	x	y	end	c
156	78.89	121.66	35	30.25
157	54.32	15.88	33	95.72
158	157.18	174.7	35	94.07
159	58.36	4.21	35	104.45
160	192.24	92.7	35	92.53
161	21.11	21.84	35	111.05
162	105.54	95.16	33	7.36
163	63.3	186.88	35	94.31
164	41.7	92.75	33	58.75
Drivers: 10
id	x	y	end	sensitivity
328	157.08	121.82	37	1.31
329	44.69	178.23	37	0.6
330	153.96	110.71	35	0.73
331	102.86	37.2	34	1.49
332	37.5	105.98	36	1.58
333	57.66	164.29	36	0.97
334	6.95	31.76	34	0.87
335	95.16	100.3	34	1.21
336	25.3	123.37	34	1.84
337	134.72	194.42	35	1.63
Period: 34
Tasks:7
id	x	y	end	c
165	177.65	97.9	35	77.68
166	184.89	140.44	35	94.03
167	177.24	180.32	35	111.43
168	98.17	149.96	37	49.99
169	107.88	173.31	35	73.73
170	87.57	62.71	34	39.31
171	19.81	139.12	36	89.22
Drivers: 14
id	x	y	end	sensitivity
338	7.1	102.08	36	1.48
339	76.67	191.68	38	1.15
340	44.4	77.64	36	1.27
341	0.8	124.18	34	1.51
342	176.81	157.97	36	1.72
343	42.02	175.02	35	1.3
344	77.45	91.98	35	1.91
345	105.67	17.19	36	1.43
346	52.53	128.89	39	1.61
347	145.01	75.85	34	0.67
348	135.17	186.95	36	1.33
349	48.62	116.19	34	0.92
350	33.27	178.04	38	1.23
351	51.15	166.53	34	0.92
Period: 35
Tasks:3
id	x	y	end	c
172	69.57	195.81	36	100.53
173	148.45	175.92	36	90.06
174	12.92	54.42	36	98.29
Drivers: 12
id	x	y	end	sensitivity
352	36.76	39.78	36	0.91
353	143.16	78.37	35	1.57
354	114.31	50.73	35	0.58
355	164.59	150.16	36	1.75
356	66.49	169.56	36	0.73
357	171.66	190.44	36	0.9
358	180.8	49.46	36	1.71
359	127.25	30.82	36	1.19
360	170.62	110.71	35	1.35
361	76.62	182.13	37	1.15
362	130.11	152.02	39	1.14
363	1.68	131.38	36	1.83
Period: 36
Tasks:5
id	x	y	end	c
175	4.52	199.57	36	137.95
176	120.85	50.43	36	53.78
177	175.63	180.43	38	110.4
178	135.79	141.62	37	54.89
179	123.07	50.38	37	54.72
Drivers: 12
id	x	y	end	sensitivity
364	144.03	120.53	38	1.43
365	56.99	48.72	36	1.71
366	114.13	21.9	37	1.73
367	118.03	49.45	40	1.93
368	85.36	122.05	37	0.88
369	78.66	49.97	36	0.59
370	67.07	129.32	38	1.08
371	9.31	121.12	38	0.59
372	22.67	113.45	36	0.62
373	41.16	185.17	39	0.65
374	59.29	98.07	38	0.98
375	33.76	156.14	37	1.26
Period: 37
Tasks:4
id	x	y	end	c
180	24.1	187.49	40	115.82
181	94.32	173.28	39	73.5
182	169.82	92.51	37	70.22
183	63.11	137.94	38	52.92
Drivers: 11
id	x	y	end	sensitivity
376	87.52	124.52	38	1.25
377	194.9	42.76	38	1.96
378	99.37	167.53	37	1.57
379	165.58	187.97	40	0.68
380	169.06	43.1	38	1.63
381	62.59	32.16	39	1.62
382	182.68	98.63	41	0.78
383	127.6	135.35	38	1.56
384	111.98	63.76	37	1.66
385	60.58	148.71	43	1.15
386	34.15	157.48	40	1.42
Period: 38
Tasks:8
id	x	y	end	c
184	94.28	50.29	39	50.04
185	82.82	162.83	38	65.14
186	4.86	4.38	39	134.89
187	149.59	146.92	39	68.27
188	133.11	125.78	40	41.96
189	50.14	76.22	39	55.24
190	50.2	124.44	38	55.47
191	109.05	183.92	40	84.41
Drivers: 14
id	x	y	end	sensitivity
387	67.14	89.87	40	0.72
388	26.33	156.39	41	0.59
389	138.04	34.66	39	0.51
390	45.54	64.24	38	1.16
391	186.81	70.22	39	1.79
392	42.8	24.5	38	1.57
393	7.94	59.46	40	0.85
394	52.99	138.44	38	1.01
395	12.03	92.06	43	1.92
396	70.49	180.85	40	0.73
397	119.66	107.86	39	1.81
398	181.12	26	39	1.19
399	5.83	159.98	40	1.15
400	165.23	138.65	42	0.78
Period: 39
Tasks:3
id	x	y	end	c
192	164.78	152.57	39	83.43
193	37.88	68.32	40	69.73
194	167.5	70.75	41	73.57
Drivers: 9
id	x	y	end	sensitivity
401	106.48	70.45	40	1.01
402	137.06	153.75	42	0.55
403	26.81	116.29	43	1
404	144.04	91.81	41	0.91
405	172.54	108.44	40	1.61
406	5.8	198.81	42	1.19
407	199.04	100.57	45	1.73
408	129.12	92.85	40	0.89
409	100.11	23.82	40	1.64
Period: 40
Tasks:6
id	x	y	end	c
195	183.39	94.82	40	83.55
196	119.03	23.67	42	78.67
197	153.67	106.18	41	54.02
198	29.27	53.37	40	84.72
199	69.89	148.01	40	56.67
200	183.03	36.75	41	104.38
Drivers: 12
id	x	y	end	sensitivity
410	185.31	77.44	43	1.86
411	114.58	93.48	42	0.96
412	103.59	180.32	41	0.75
413	43.11	98.9	41	0.81
414	132.31	102.13	42	0.65
415	105.74	36.22	43	1.23
416	175.13	60.95	44	0.91
417	147.15	189.99	40	1.37
418	74.16	25.25	41	0.92
419	104.97	52.81	44	1.96
420	101.61	150.45	42	0.71
421	121.78	4.58	42	1.26
Period: 41
Tasks:7
id	x	y	end	c
201	43.49	35.66	42	85.63
202	75.61	177.66	45	81.4
203	173.53	84.46	41	75.15
204	188.89	158.81	41	106.58
205	158.32	103.6	42	58.43
206	46.51	109.3	42	54.29
207	128.56	103.24	42	28.74
Drivers: 10
id	x	y	end	sensitivity
422	179.44	135.27	45	0.66
423	178.8	151.24	42	1.94
424	127.06	98.3	43	1.73
425	166.65	96.47	42	1.41
426	163.01	83.57	43	1.75
427	166.72	106.43	41	1.96
428	40.47	108.67	42	0.9
429	31.71	192.28	44	1.13
430	66.63	114.34	43	1.91
431	168.96	80.86	41	0.9
Period: 42
Tasks:8
id	x	y	end	c
208	17.25	134.7	43	89.73
209	138.81	82.22	44	42.69
210	127.25	17.85	43	86.55
211	170.03	98.64	43	70.04
212	36.11	99.09	44	63.9
213	161.43	143.67	42	75.37
214	139.67	156.03	44	68.65
215	124.05	35.3	43	69.03
Drivers: 11
id	x	y	end	sensitivity
432	190.41	145.35	45	0.63
433	15.61	101.39	45	1.77
434	86.49	166.15	45	1.8
435	105.99	193.18	42	1.27
436	157.5	134.11	45	1.73
437	12.84	71.13	43	0.72
438	43.34	94.29	43	1.24
439	180.59	98.91	46	0.55
440	128.42	197.79	43	1.97
441	176.81	106.51	45	1.02
442	182.36	69.07	47	0.56
Period: 43
Tasks:5
id	x	y	end	c
216	179.3	14.9	43	116.32
217	131.42	43.5	44	64.65
218	78.3	187.54	44	90.19
219	193.54	87.89	44	94.32
220	92.68	148.43	44	48.98
Drivers: 8
id	x	y	end	sensitivity
443	164.71	172.13	44	1.67
444	56.04	170.28	43	0.86
445	27.79	73.44	43	0.98
446	187.44	20.57	43	1.15
447	48.01	33.88	45	1.8
448	176.36	40.88	44	0.52
449	159.28	32.59	45	1.3
450	40.29	10.59	45	1.33
Period: 44
Tasks:5
id	x	y	end	c
221	13.86	73.98	46	89.98
222	170.59	130.7	45	76.98
223	144.17	130.61	45	53.74
224	44.13	196.82	45	111.78
225	113.71	56.4	44	45.7
Drivers: 14
id	x	y	end	sensitivity
451	135.37	95.71	46	1.38
452	123.85	85.06	46	0.89
453	158.13	63.26	45	0.99
454	137.73	135.32	45	1.16
455	145.94	186.07	45	0.93
456	107.51	142.49	46	1.73
457	50.93	129.78	48	0.98
458	71.73	166.2	48	1.97
459	54.2	59.21	44	0.74
460	192.56	96.1	45	0.68
461	165.38	171.94	45	0.71
462	100.73	8.92	46	0.97
463	150.02	92.09	45	1.9
464	148.84	109.14	45	1.33
Period: 45
Tasks:4
id	x	y	end	c
226	180.99	58.05	46	91.21
227	80.33	12.8	45	89.39
228	154.29	153.92	46	76.52
229	135.63	82.14	45	39.86
Drivers: 5
id	x	y	end	sensitivity
465	13.96	149.56	51	1.3
466	151.17	21.22	46	0.56
467	44.8	115.96	46	0.75
468	57.84	169.79	47	0.55
469	82.81	79.63	47	1.77
Period: 46
Tasks:10
id	x	y	end	c
230	97.97	83.25	49	16.87
231	96.16	129.17	46	29.42
232	14.72	157.9	47	103.08
233	12.95	51.82	47	99.49
234	97.39	58.89	47	41.19
235	179.17	148.23	48	92.7
236	117.24	170.35	46	72.43
237	29.53	194.13	49	117.59
238	115.09	142.14	46	44.76
239	185.29	112.36	46	86.18
Drivers: 10
id	x	y	end	sensitivity
470	151.32	103.72	47	1.64
471	118.56	187.12	52	1.08
472	111.86	57.7	48	1.71
473	38.51	75.18	50	1.49
474	153.77	133.27	51	1.81
475	51.48	57.07	47	1.47
476	37.52	69.76	47	0.99
477	132.5	173.7	47	0.88
478	143.88	8.66	46	1.13
479	26.57	120.06	47	1.58
Period: 47
Tasks:7
id	x	y	end	c
240	174.4	198.73	47	123.62
241	89.35	188.66	47	89.3
242	80.56	47.54	49	55.95
243	95.86	32.03	47	68.1
244	33.69	59	47	77.96
245	0.82	95.55	47	99.28
246	25.33	116.7	48	76.51
Drivers: 16
id	x	y	end	sensitivity
480	102.13	197.74	50	1.75
481	36.9	18.07	50	1.44
482	67.99	188.73	52	0.8
483	68.6	189.33	48	1.29
484	45.47	19.69	47	1.74
485	65.18	196.28	49	0.71
486	112.27	58.54	50	0.52
487	113.74	105.18	49	1.31
488	75.59	44.83	49	0.91
489	5.53	164.73	49	1.87
490	0.68	162.53	47	1.39
491	164.05	133.38	48	1.27
492	114.45	180.22	47	1.14
493	194.23	173.89	49	1.38
494	27.66	193.79	48	1.92
495	40.29	181.92	49	2
Period: 48
Tasks:2
id	x	y	end	c
247	190.03	142.63	48	99.61
248	26.12	154.33	50	91.71
Drivers: 11
id	x	y	end	sensitivity
496	121.69	154.66	49	1.39
497	175.88	177.9	49	1.29
498	184.8	25.3	49	1.62
499	30.04	16.45	50	0.5
500	184.55	1.7	49	1.25
501	81.89	90.37	51	1.2
502	64.98	134.09	53	1.81
503	190.49	176.2	49	0.82
504	190.67	35.39	48	1.05
505	172.6	108.8	53	1.68
506	90.73	16.74	49	0.57
Period: 49
Tasks:5
id	x	y	end	c
249	106.96	75.51	49	25.46
250	133.66	81.79	52	38.27
251	186.42	30.92	49	110.64
252	43.79	194.44	51	109.9
253	35.79	29.54	51	95.33
Drivers: 11
id	x	y	end	sensitivity
507	154.8	24.26	52	0.6
508	103.99	181.36	51	0.57
509	25.34	133.5	50	1.62
510	146.73	109.9	51	1.75
511	188.74	28.82	53	0.51
512	43.69	48.69	49	0.61
513	94.96	115.69	52	1.69
514	186.18	186.03	53	1.4
515	104.23	185.73	50	0.84
516	124.6	90.25	52	1.15
517	74.37	148.92	54	1.23
Period: 50
Tasks:8
id	x	y	end	c
254	197.03	138.34	51	104.33
255	136.28	41.99	53	68.42
256	181.96	58.51	50	91.86
257	195.2	121.45	52	97.59
258	109.62	82.44	50	20.02
259	36.83	174.19	50	97.44
260	121.61	51.77	50	52.85
261	95.46	53.45	52	46.77
Drivers: 7
id	x	y	end	sensitivity
518	146.89	104.06	52	0.82
519	41.51	47.75	54	1.99
520	63.45	3.98	52	1.61
521	153.72	70.94	50	1.65
522	66.62	0.71	51	1.95
523	186.98	129.47	50	1.18
524	191.11	137.04	52	0.81
Period: 51
Tasks:6
id	x	y	end	c
262	121.58	95.57	51	22.03
263	11.72	57.15	52	98.13
264	75.68	138.18	51	45.27
265	34.17	195.71	52	116.16
266	183.53	85.05	52	84.86
267	171.73	22.97	54	105.26
Drivers: 8
id	x	y	end	sensitivity
525	38.27	111.72	53	1.45
526	130.39	109.28	53	1.1
527	7.39	192.95	53	1.86
528	102.17	117.7	52	1.61
529	108.13	151.72	53	1.81
530	117.92	131.4	55	1.73
531	68.45	94.66	54	1.29
532	118.3	109.05	52	0.53
Period: 52
Tasks:6
id	x	y	end	c
268	98.52	165.06	52	65.08
269	42.85	137.79	56	68.51
270	145.87	123.37	52	51.48
271	30.07	133.17	52	77.4
272	53.45	137.72	53	59.91
273	175.7	65.43	53	83.22
Drivers: 9
id	x	y	end	sensitivity
533	71.44	51.07	52	1.33
534	117.74	46.59	53	1.17
535	72.98	96.36	53	0.61
536	183.57	115.42	52	0.59
537	45.81	43.39	55	0.56
538	199.12	169.54	55	1.93
539	113.67	198.47	52	0.85
540	177.91	66.17	53	1.89
541	148.98	192.01	56	0.9
Period: 53
Tasks:7
id	x	y	end	c
274	77.26	95.42	54	23.2
275	142.59	54.32	53	62.45
276	68.59	37.07	53	70.33
277	123.31	182.59	54	85.82
278	125.05	120.67	55	32.48
279	30.44	185.84	53	110.49
280	10.22	102.12	53	89.81
Drivers: 12
id	x	y	end	sensitivity
542	143.55	156.09	56	1.99
543	15.48	147.27	55	1.43
544	67.11	24.37	53	1.65
545	26.98	87.56	55	0.76
546	137.07	150.14	55	0.99
547	166.89	140.5	59	1.91
548	44.66	193.42	53	1.68
549	169.83	137.02	56	1.54
550	79.44	28	56	0.9
551	2.87	27.58	55	1.25
552	51.05	114.84	56	0.89
553	91.83	70.61	54	1.6
Period: 54
Tasks:5
id	x	y	end	c
281	9.55	144.82	55	100.95
282	19.91	160.04	54	100.1
283	94.43	102.51	55	6.11
284	40.49	87.03	56	60.91
285	139.68	98.56	54	39.71
Drivers: 5
id	x	y	end	sensitivity
554	167.89	135.2	57	1.42
555	58.57	158.23	56	1.53
556	177.11	144.37	57	0.94
557	95.62	62.5	56	0.89
558	162.78	166.6	57	0.84
Period: 55
Tasks:5
id	x	y	end	c
286	108.81	48.26	57	52.48
287	138.97	139.39	57	55.41
288	75.73	134.99	55	42.58
289	102.4	118.62	56	18.77
290	108.93	54.05	55	46.81
Drivers: 9
id	x	y	end	sensitivity
559	28.62	152.13	59	1.5
560	4.21	105.63	59	0.86
561	40.16	90.55	58	1.84
562	123.73	13.05	56	0.99
563	44.66	73.72	58	1.76
564	125.2	39.05	57	1.3
565	69.57	197.56	57	1.12
566	128.33	167.5	57	1.19
567	14.33	21.71	59	1.07
Period: 56
Tasks:2
id	x	y	end	c
291	60	109	57	41
292	152.36	66.56	59	62.13
Drivers: 4
id	x	y	end	sensitivity
568	75.61	147.58	57	1.37
569	92.25	89.21	61	1.97
570	177.37	57.74	58	1.83
571	37.02	44.24	56	1.91
Period: 57
Tasks:3
id	x	y	end	c
293	158.8	144.13	58	73.52
294	60.69	69.93	57	49.49
295	111.12	117.65	57	20.86
Drivers: 7
id	x	y	end	sensitivity
572	81.86	58.12	60	1.73
573	45.33	183.49	60	1.31
574	192.36	20.76	59	1.05
575	16.94	173.66	59	1.86
576	122.59	157.61	61	0.6
577	143.12	168.78	58	1.2
578	3.26	61.86	60	1.03
Period: 58
Tasks:7
id	x	y	end	c
296	44.91	192.83	58	107.95
297	7.23	108.27	58	93.14
298	142.38	137.53	59	56.61
299	10.13	83.74	58	91.33
300	128.72	161.01	60	67.43
301	189.14	136.51	60	96.33
302	176.97	43.39	58	95.55
Drivers: 13
id	x	y	end	sensitivity
579	89.88	182.93	61	1.68
580	109.41	180.56	59	1.77
581	174.65	20.57	62	1.85
582	161.09	86.36	59	1.73
583	185.18	165.2	62	1.31
584	138.62	53.84	61	1.5
585	44.59	50.85	60	1.76
586	85.25	100.49	60	0.56
587	38.06	146.02	60	0.98
588	67.12	42.85	59	1.11
589	164.19	42.88	59	1.23
590	47.45	78.76	61	1.95
591	133.63	152.62	60	0.54
Period: 59
Tasks:5
id	x	y	end	c
303	22.34	153.05	59	94.05
304	18.82	33.52	59	104.93
305	115.11	80.56	60	24.62
306	1.22	12.57	59	131.91
307	150.66	174.53	59	90.12
Drivers: 11
id	x	y	end	sensitivity
592	196.29	195.02	59	0.6
593	110.16	96.14	63	1.66
594	163.11	100.13	61	1.2
595	11.18	181.32	60	1.43
596	31.72	105.59	60	0.88
597	137.98	172.83	59	0.75
598	171.17	99.54	62	0.72
599	105.44	30.25	62	0.55
600	30.91	113.2	61	1.13
601	55.56	43.15	61	1.32
602	15.03	14.86	63	0.72
Period: 60
Tasks:6
id	x	y	end	c
308	136.55	192.02	67	99.01
309	139.41	154.08	60	66.92
310	199.99	63.02	60	106.61
311	196.23	63.24	61	103.01
312	74.63	199.95	63	103.12
313	16.69	188.5	62	121.54
Drivers: 11
id	x	y	end	sensitivity
603	24.21	131.19	64	0.88
604	63.36	40.87	64	1.82
605	26.96	119.04	60	1.1
606	153.08	0.87	62	1.73
607	0.94	133.07	63	0.83
608	131.84	34.95	62	0.76
609	87.01	78.12	62	0.59
610	80.89	49.93	65	1.23
611	85.03	30.09	63	1.16
612	145.15	112.93	63	1.22
613	184.57	148.09	64	0.7
Period: 61
Tasks:5
id	x	y	end	c
314	186.12	24.72	65	114.38
315	108.68	73.69	61	27.7
316	32.26	151.76	65	85.25
317	142.16	2.99	62	105.78
318	46.05	199.89	61	113.53
Drivers: 9
id	x	y	end	sensitivity
614	93.52	76.9	63	1.09
615	167.09	33.79	63	0.71
616	166.95	186.48	64	1.46
617	189.97	138.76	62	1.3
618	147.48	80.96	62	1.27
619	64.77	83.32	64	0.79
620	106.99	118.37	67	1.83
621	189.98	96.59	64	0.81
622	134.5	109.91	65	1.39
Period: 62
Tasks:4
id	x	y	end	c
319	165.05	176.69	63	100.56
320	56.23	76.71	63	49.58
321	180.98	176.75	62	111.57
322	175.91	193.37	62	120.33
Drivers: 18
id	x	y	end	sensitivity
623	33.12	166.31	66	1.04
624	148.68	49.91	67	0.89
625	179.81	148.24	66	0.82
626	38.36	68.74	63	1.41
627	158.46	89.9	67	0.98
628	88.05	24.53	64	1.15
629	37.39	190.95	67	1.91
630	30.36	33.08	63	1.38
631	15.38	186.48	63	1.87
632	142.1	197.65	62	0.77
633	130.69	179.85	65	1.92
634	126.86	48.86	63	1.58
635	189.57	89.23	66	1.68
636	45.67	136.54	66	1.07
637	167.97	30.26	63	0.84
638	75.24	103.97	64	1.07
639	69.95	198.46	64	1.47
640	16.11	103.35	62	1.6
Period: 63
Tasks:5
id	x	y	end	c
323	7.77	161.99	64	111.13
324	132.64	189.33	63	95.11
325	107.83	88.46	63	13.95
326	25.03	192.89	65	119.37
327	26.4	100.03	64	73.6
Drivers: 19
id	x	y	end	sensitivity
641	80.23	167.94	65	0.59
642	61.42	194.59	68	1.03
643	69.08	160.1	66	1.94
644	183.19	112.77	66	0.66
645	34.47	102.58	64	0.85
646	156.99	108.54	63	0.61
647	32.54	63.62	68	0.59
648	148.9	109.47	64	1.96
649	46.78	95.62	71	1.47
650	129.08	33.49	70	1.76
651	162.14	137.16	66	0.53
652	131.09	34.74	64	1.9
653	144.16	147	64	0.92
654	188.76	100.23	67	0.85
655	62.6	80.64	67	0.81
656	143.67	70.41	64	1.5
657	132.9	113.7	63	0.94
658	124.75	109.97	63	0.7
659	84.26	4.48	66	1.46
Period: 64
Tasks:2
id	x	y	end	c
328	181.28	118.62	69	83.39
329	14.69	117.49	64	87.08
Drivers: 4
id	x	y	end	sensitivity
660	15.76	138.37	68	0.74
661	35.39	137.79	65	1.4
662	179.36	85.39	65	1.11
663	132.43	145.98	65	1.86
Period: 65
Tasks:4
id	x	y	end	c
330	109.74	81.03	67	21.32
331	136.92	32.27	66	77.14
332	106.95	100.38	68	6.96
333	54.34	193.83	66	104.35
Drivers: 9
id	x	y	end	sensitivity
664	156.09	194.6	67	2
665	70.84	61.01	65	1.02
666	152.12	34.93	71	1.88
667	131.76	101.9	66	1.04
668	123.86	114.01	67	0.83
669	118.22	37.23	67	1.02
670	189.97	88.39	67	1.54
671	84.95	129.83	67	0.86
672	117.77	182.41	65	0.84
Period: 66
Tasks:1
id	x	y	end	c
334	143.82	70.3	67	52.94
Drivers: 8
id	x	y	end	sensitivity
673	138.74	107.28	67	1.96
674	150.84	134.9	70	0.9
675	17.35	125.8	69	1.62
676	195.13	28.21	70	1.57
677	56.19	6.84	68	1.62
678	33.29	74.54	70	1.32
679	92.98	143.86	66	1.96
680	177.99	175.72	67	1.14
Period: 67
Tasks:2
id	x	y	end	c
335	123.87	191.07	69	94.15
336	158.86	134.67	68	68.31
Drivers: 6
id	x	y	end	sensitivity
681	180.12	187.95	69	0.92
682	18.59	99.21	67	1.61
683	27.89	47.99	69	0.92
684	87.5	107.95	68	1.29
685	160.61	169.25	69	0.68
686	138.47	10.49	69	1.91
Period: 68
Tasks:5
id	x	y	end	c
337	149.81	73.26	69	56.53
338	188.15	186.56	69	123.54
339	85.62	127.72	69	31.23
340	172.09	30.57	70	100.09
341	127.16	29.87	68	75.21
Drivers: 5
id	x	y	end	sensitivity
687	51	15.67	69	1.9
688	76.83	181.05	73	0.96
689	84.3	96.75	69	1.02
690	140.73	113.59	70	1.79
691	77.19	5.52	69	0.99
Period: 69
Tasks:7
id	x	y	end	c
342	131.21	17.05	69	88.63
343	107.2	71.36	70	29.53
344	104	76.62	70	23.72
345	2.91	86.12	69	98.08
346	120.1	89.77	70	22.55
347	186.94	27.68	70	113.09
348	127.69	174.79	70	79.75
Drivers: 10
id	x	y	end	sensitivity
692	57.89	52.58	69	0.54
693	13.64	126.07	70	1.38
694	13.99	52.05	70	0.62
695	55.84	38.59	70	0.9
696	54.79	92.46	69	1.19
697	121.99	39.93	74	1.06
698	133.95	116.63	70	1.04
699	30.03	77.61	72	1.09
700	67.73	189.51	72	2
701	184.34	89.8	70	1.53
Period: 70
Tasks:6
id	x	y	end	c
349	23.65	9.4	71	118.48
350	4.05	162.16	72	114.33
351	10.72	44.18	71	105.29
352	78.61	9.91	70	92.59
353	97.11	178.67	71	78.72
354	21.58	133.9	70	85.43
Drivers: 10
id	x	y	end	sensitivity
702	20.25	63.7	72	0.53
703	22.23	96.17	73	0.53
704	165.22	54.5	70	1.21
705	190.83	195.02	71	1.22
706	183.04	96.22	71	0.51
707	174.22	174.53	70	0.81
708	157.15	92.96	71	1.41
709	83.47	178.71	71	1.59
710	81.61	9.91	74	1.52
711	46.76	84.89	71	1.07
Period: 71
Tasks:2
id	x	y	end	c
355	163.07	10.55	72	109.45
356	16.07	125.8	71	87.81
Drivers: 11
id	x	y	end	sensitivity
712	158.91	158.55	74	1.97
713	18.12	139.88	71	1.53
714	115.47	15.64	72	0.77
715	74.34	112.7	73	1.65
716	83.87	187.71	71	0.59
717	135.29	115.81	75	1.55
718	142.99	93.82	73	1.77
719	157.64	199.41	72	1.61
720	69.05	70.51	73	0.75
721	28.93	121.08	73	1.12
722	156.8	84.09	74	0.84
Period: 72
Tasks:4
id	x	y	end	c
357	3.69	191.2	72	132.64
358	139.74	151.43	72	64.99
359	137.75	168.23	72	77.98
360	98.77	29.57	73	70.44
Drivers: 3
id	x	y	end	sensitivity
723	174.25	60.97	72	1.47
724	168.19	21.91	73	0.58
725	182.13	15.31	74	1.98
Period: 73
Tasks:6
id	x	y	end	c
361	190.88	67.86	74	96.4
362	125.59	79.06	73	33.07
363	49.82	51.68	74	69.66
364	198.88	123.94	75	101.74
365	43.44	39.15	77	83.08
366	165.06	154.84	74	85.09
Drivers: 9
id	x	y	end	sensitivity
726	79.53	152.47	76	0.82
727	154.85	33.8	76	0.87
728	123.27	112.43	76	0.8
729	163.81	144.61	75	1.1
730	140.28	168.1	74	1.75
731	79.65	98.03	75	1.89
732	183.02	176.57	76	1.27
733	184.96	193.45	73	1.44
734	170.13	12.68	76	1.61
Period: 74
Tasks:4
id	x	y	end	c
367	94.69	19.79	74	80.39
368	20.23	21.75	74	111.74
369	65.14	137.44	74	51.16
370	51.33	68.48	74	57.99
Drivers: 9
id	x	y	end	sensitivity
735	46.63	144.22	77	1.34
736	109.31	64.72	77	1.56
737	150.49	21.84	78	1.84
738	171.99	163.11	77	1.62
739	163.42	91.37	76	0.94
740	176.83	74.67	74	1.58
741	119.14	82.19	75	0.89
742	119.62	187.73	77	1.93
743	51.31	126.79	78	1.59
Period: 75
Tasks:6
id	x	y	end	c
371	75.65	168.36	75	72.57
372	139.25	130.16	76	49.5
373	138.82	129.38	75	48.68
374	105.69	23.34	78	76.87
375	141.7	35.89	76	76.48
376	177.97	185.16	77	115.46
Drivers: 8
id	x	y	end	sensitivity
744	56.53	182.09	79	1.2
745	41.22	95.35	77	1.71
746	35.06	145.59	79	1.8
747	105.1	61	76	1.26
748	176.88	76.2	77	1.03
749	103.59	89.88	77	1.29
750	108.05	0.34	75	0.55
751	113.84	94.03	77	1.52
Period: 76
Tasks:5
id	x	y	end	c
377	162.54	150.53	76	80.4
378	89.34	89.18	77	15.19
379	103.41	121.95	76	22.21
380	49.38	159	76	77.74
381	14.79	81.72	76	87.15
Drivers: 6
id	x	y	end	sensitivity
752	51.6	106.62	78	1.62
753	175.48	93.91	77	0.54
754	189.81	52.24	78	1.32
755	134.78	77.86	76	1.9
756	149.43	155.31	77	0.87
757	176.65	128.1	78	1.05
Period: 77
Tasks:4
id	x	y	end	c
382	109.23	145.78	77	46.7
383	130.86	176.42	78	82.42
384	196.93	59.08	78	105.21
385	39.93	198.21	79	115.12
Drivers: 7
id	x	y	end	sensitivity
758	153.65	88.36	81	1.75
759	3.94	46.98	79	1.38
760	183.45	110.16	78	0.61
761	131.93	194.09	80	1.89
762	165.94	24.13	78	1.74
763	191.29	24.71	78	0.69
764	6.66	55.84	78	0.68
Period: 78
Tasks:4
id	x	y	end	c
386	46.71	169.53	78	87.6
387	48.91	179.64	79	94.62
388	115.69	57.73	78	45.09
389	111.29	13.73	78	87.01
Drivers: 11
id	x	y	end	sensitivity
765	164.13	105.88	78	0.65
766	134.39	92.54	80	0.61
767	22.43	27.45	83	0.84
768	198.63	173.63	82	0.81
769	178.07	167.6	79	1.79
770	138.97	173.77	79	1.92
771	96.57	65.02	80	1.06
772	182.37	22.94	80	1.27
773	17.55	47.41	81	1.32
774	126.88	26.23	80	0.59
775	118.28	104.01	81	1.97
Period: 79
Tasks:7
id	x	y	end	c
390	121.99	75.91	79	32.62
391	111.19	45.97	82	55.18
392	18.25	146.48	79	94.04
393	43.71	121.38	79	60.21
394	194.7	96.43	80	94.77
395	168.94	1.45	79	120.27
396	61.83	192.4	80	99.97
Drivers: 10
id	x	y	end	sensitivity
776	62.69	98.7	80	1.56
777	57.75	92.24	84	1.66
778	80.22	51.31	80	1.79
779	77.75	148.53	83	1.45
780	161.92	36.48	79	0.55
781	101.27	147.14	80	1.92
782	76.97	125.38	81	1.69
783	63.93	167.39	80	1.67
784	145.97	45.08	81	0.8
785	127.58	104.45	79	1.24
Period: 80
Tasks:2
id	x	y	end	c
397	22.02	132.5	84	84.48
398	1.37	119.53	81	100.55
Drivers: 6
id	x	y	end	sensitivity
786	52.97	38.03	84	1.21
787	54.18	55.47	84	1.37
788	19.65	59.6	80	0.82
789	8.23	191.89	84	1.03
790	27.22	198.14	81	1.8
791	125.62	143.29	81	0.84
Period: 81
Tasks:3
id	x	y	end	c
399	163.21	61.8	85	73.86
400	143.56	172.4	82	84.49
401	64.86	38.24	81	71.06
Drivers: 13
id	x	y	end	sensitivity
792	48.33	135.36	85	0.94
793	108.22	111.12	83	0.95
794	32.03	170.32	85	1.43
795	136.69	4.87	81	1.76
796	174.41	121.42	84	1.95
797	92.11	105.1	83	0.56
798	71.65	134.06	83	1.44
799	152.72	190.37	83	1.01
800	152.55	114.22	81	0.82
801	163.18	144.12	85	1.9
802	149.07	184.74	82	0.96
803	169.69	65.57	84	1.97
804	5.85	161.48	82	1.74
Period: 82
Tasks:5
id	x	y	end	c
402	62.89	127.21	82	46.02
403	20.3	24.97	83	109.46
404	111.8	103	84	12.18
405	37.67	56.79	82	75.84
406	163.05	11.69	83	108.51
Drivers: 10
id	x	y	end	sensitivity
805	144.5	77.39	84	1.49
806	113.31	18.05	83	1.24
807	74.18	126.98	82	1.21
808	174.79	141.15	83	0.55
809	175.93	47.35	82	0.92
810	7.51	172.91	86	0.64
811	168.84	157.43	84	1.41
812	154.99	117.43	83	1.15
813	197.02	133.54	83	1.97
814	173.04	113.99	85	1.01
Period: 83
Tasks:4
id	x	y	end	c
407	184.67	172.34	84	111.36
408	189.83	41.74	83	107.07
409	170.93	55	84	84
410	95.51	141.15	84	41.39
Drivers: 7
id	x	y	end	sensitivity
815	32.81	134.25	85	1.06
816	42.68	45.62	85	1.72
817	100.6	140.01	86	1.28
818	69.15	110.74	87	0.55
819	160.17	43.5	85	0.64
820	172.61	170.27	86	0.71
821	34.27	2.73	84	1.46
Period: 84
Tasks:9
id	x	y	end	c
411	185.07	96.42	85	85.15
412	11.27	91.37	84	89.15
413	71.48	153.15	86	60.32
414	128.14	45.77	85	61.1
415	160.73	15.2	85	104.3
416	49.28	170.69	86	87
417	11.39	32.77	86	111.23
418	97.53	109.1	84	9.43
419	106.88	106.83	84	9.69
Drivers: 9
id	x	y	end	sensitivity
822	168.4	63.04	88	1.64
823	187.51	75.59	87	0.6
824	23.51	5.69	88	1.31
825	182.37	150.01	85	1.51
826	198.52	174.68	85	1.74
827	23.47	97.86	85	1.72
828	123.38	158.44	87	0.75
829	154.06	58.33	85	1.97
830	51.39	146.28	86	0.69
Period: 85
Tasks:4
id	x	y	end	c
420	92.38	134.03	87	34.87
421	10.31	164.65	88	110.56
422	97.82	57.03	88	43.03
423	151.44	24.71	85	91.18
Drivers: 5
id	x	y	end	sensitivity
831	52.03	85.18	86	1.47
832	108.68	167.81	87	0.68
833	150.1	76.85	85	0.77
834	57.23	5.28	86	1.74
835	114.05	57.98	88	1.01
Period: 86
Tasks:3
id	x	y	end	c
424	80.87	36.96	86	65.88
425	149.68	195.3	86	107.47
426	127.86	18.09	86	86.52
Drivers: 3
id	x	y	end	sensitivity
836	88.17	168.67	88	0.83
837	194.56	47.37	86	0.74
838	124.27	73.73	86	1.95
Period: 87
Tasks:4
id	x	y	end	c
427	86.97	98.99	88	13.07
428	122.7	109.31	88	24.53
429	75.48	32.9	87	71.44
430	10.54	120.06	87	91.68
Drivers: 9
id	x	y	end	sensitivity
839	139.39	127.06	90	1.86
840	167.42	38.41	90	1.09
841	169.44	65.25	91	1.56
842	9.22	14.07	88	1.21
843	104.14	98.52	88	1.53
844	148.9	105.48	88	1.67
845	23.66	70.13	90	0.76
846	10.17	4.12	87	1.69
847	105.54	190.71	88	1.64
Period: 88
Tasks:4
id	x	y	end	c
431	46.57	197.35	92	111.05
432	88.06	130.86	90	33.09
433	132.61	95.94	90	32.86
434	151.82	158.64	89	78.26
Drivers: 11
id	x	y	end	sensitivity
848	167.31	164.15	92	1.79
849	177.92	198.81	90	0.69
850	105.26	68.01	94	1.56
851	167.12	32.72	89	0.86
852	28.69	48.77	90	1.58
853	106.68	41.15	89	0.66
854	103.5	61.05	90	1.12
855	117.02	157.31	89	1.79
856	6.6	173.39	91	1
857	136.22	86.45	88	0.62
858	34.85	157.19	89	1.48
Period: 89
Tasks:4
id	x	y	end	c
435	78.13	79.86	89	29.73
436	166.3	149.51	92	82.75
437	151.58	28.13	89	88.46
438	30.68	52.9	89	83.81
Drivers: 17
id	x	y	end	sensitivity
859	132.55	55.92	91	0.92
860	63.47	156.86	91	0.83
861	131.87	178.72	91	1.67
862	25.86	47.9	90	1.22
863	184.14	32.29	89	1.04
864	10.89	58.85	89	0.88
865	182.38	64.91	90	1.92
866	155.53	45.15	90	1.74
867	84.83	133.35	90	1.17
868	49.26	49.99	89	1.68
869	12.97	156.86	95	1.24
870	175.07	197.47	91	1.42
871	15.5	148.32	90	1.13
872	172.3	186.9	92	0.97
873	64.59	114.8	89	0.54
874	150.15	71.92	91	0.89
875	146.32	161.93	92	1.3
Period: 90
Tasks:7
id	x	y	end	c
439	144.94	144.53	90	63.27
440	8.73	111.23	90	91.96
441	45.93	11.36	91	103.83
442	87.54	92.23	90	14.68
443	150.82	95.65	92	51.01
444	197.3	2.33	91	137.86
445	59.01	153.28	90	67.22
Drivers: 15
id	x	y	end	sensitivity
876	112.57	84.99	91	1.03
877	30.49	118.32	94	1.5
878	186.53	140.69	93	1.26
879	94.94	141.18	90	1.06
880	38.84	118.06	93	1.96
881	185.99	44.8	92	1.6
882	122.93	98.34	93	1.59
883	69.86	14.09	92	1.18
884	34.22	28.68	91	1.89
885	164.81	170.16	90	1.36
886	160.1	109.18	92	1.64
887	110.3	139.83	92	0.51
888	125.09	128.36	90	1.55
889	43.5	20.34	90	1.45
890	192.95	35.62	91	1.7
Period: 91
Tasks:5
id	x	y	end	c
446	53.81	140.42	91	61.38
447	109.88	191.27	92	91.8
448	31.06	19.2	91	106.21
449	179.5	57.46	92	90.17
450	18.3	74.27	91	85.66
Drivers: 11
id	x	y	end	sensitivity
891	125.79	152.33	91	1.3
892	40.67	68.5	91	0.52
893	143.8	52.72	92	0.81
894	81.92	166.85	94	1.79
895	94.5	117.22	94	0.86
896	132.25	140.28	95	1.01
897	67.8	134.46	91	1.23
898	134.93	43.66	96	0.79
899	129.15	49.51	94	1.11
900	155.48	105.22	95	0.63
901	35.93	109.64	95	1.86
Period: 92
Tasks:7
id	x	y	end	c
451	164.52	105.28	92	64.74
452	22.86	183.33	94	113.55
453	129.93	36.49	92	70.21
454	97.5	73.83	92	26.29
455	99.65	9.95	92	90.05
456	162.8	165.31	94	90.6
457	166.55	4.79	93	116.16
Drivers: 8
id	x	y	end	sensitivity
902	79.51	177.36	93	1.33
903	148.23	156.94	94	1.66
904	68.39	173.05	94	0.84
905	162.8	6.16	93	0.81
906	65.04	128.71	93	0.72
907	107.35	70.78	93	1.96
908	98.6	26.53	93	1.74
909	173.02	170.96	94	0.51
Period: 93
Tasks:4
id	x	y	end	c
458	127.1	161.03	94	66.78
459	3.47	76.72	96	99.3
460	198.54	62.13	94	105.57
461	116.43	62.42	94	41.01
Drivers: 10
id	x	y	end	sensitivity
910	67.78	172.6	95	0.74
911	123.27	133.78	96	1.64
912	150.49	39.11	94	1.5
913	153.12	60.7	95	1.98
914	133.21	78.34	95	0.74
915	132.98	94.27	95	0.95
916	95.69	134.31	96	1.87
917	198.59	168.81	95	1.75
918	139.24	69.78	94	1.05
919	34.47	127.2	97	1.87
Period: 94
Tasks:8
id	x	y	end	c
462	9.69	73.5	95	94.12
463	43.84	193.65	94	109.2
464	30.35	153.62	94	87.9
465	179.04	41.16	95	98.54
466	99.35	25	94	75
467	49.67	13.31	95	100.24
468	47.14	103.76	94	52.99
469	64.66	28.31	97	79.93
Drivers: 9
id	x	y	end	sensitivity
920	138.14	66.78	97	1
921	44.07	97.12	95	0.81
922	74.56	82.51	96	1.68
923	58	17.17	97	1.31
924	193.52	119.69	97	1.07
925	50.09	120.67	95	1.29
926	137.04	141.93	96	1.22
927	29.84	47.87	96	0.86
928	69.35	190.65	97	1.19
Period: 95
Tasks:10
id	x	y	end	c
470	174.42	193.19	96	119.26
471	27.87	73.92	96	76.7
472	73.16	164.38	96	69.75
473	148.6	28.54	95	86.42
474	22.77	126.31	95	81.59
475	9.89	163.47	96	110.22
476	107.47	32.67	96	67.74
477	66.25	141.05	96	53.14
478	29.36	160.98	95	93.32
479	98.97	70.82	95	29.2
Drivers: 14
id	x	y	end	sensitivity
929	36.57	26.34	96	1.42
930	130.39	143.15	98	1.12
931	65.99	92.76	97	0.99
932	176.24	42.38	95	1.65
933	99.61	90.51	96	1.85
934	160.4	67.09	96	0.57
935	126.32	114.9	97	1.17
936	20.98	32.9	97	1.26
937	14.71	1.34	97	1.88
938	166.66	116.06	97	1.82
939	62.32	42.48	98	0.85
940	132.1	28.82	98	0.61
941	178.54	127.22	97	0.69
942	32.66	170.06	96	1.37
Period: 96
Tasks:5
id	x	y	end	c
480	198.17	148.71	97	109.59
481	152.67	154.65	97	75.9
482	42.92	195.46	97	111.22
483	152.13	7.24	97	106.4
484	53.2	173.13	96	86.82
Drivers: 8
id	x	y	end	sensitivity
943	29.89	149.49	98	0.57
944	85.94	172.08	98	0.92
945	33.66	85.54	100	1.21
946	172.85	27.45	96	1.86
947	143.86	181.63	99	1.01
948	35.89	28.49	98	1.57
949	160.01	193.71	97	1.2
950	140.1	65.8	97	1.46
Period: 97
Tasks:4
id	x	y	end	c
485	139.48	186.93	97	95.48
486	128.54	164.4	99	70.44
487	166.5	186.81	98	109.35
488	35.56	43.16	98	85.93
Drivers: 10
id	x	y	end	sensitivity
951	197.64	14.98	101	1.61
952	48.78	27.64	99	1.5
953	12.36	136.36	97	0.96
954	182.45	47.61	99	1.5
955	77.54	145.52	98	1.33
956	23.15	30.51	98	0.62
957	143.35	89.08	98	1.81
958	189.82	0.05	97	0.72
959	43.56	108.02	100	0.59
960	129.88	82.28	98	0.69
Period: 98
Tasks:9
id	x	y	end	c
489	170.15	55.26	98	83.2
490	99.18	0.7	99	99.3
491	84.24	150.79	98	53.18
492	0.44	71.94	102	103.44
493	68.02	199.96	99	104.95
494	181.06	44.95	99	97.99
495	29.58	49.06	98	86.91
496	59.02	21.92	98	88.18
497	92.19	42.37	99	58.16
Drivers: 15
id	x	y	end	sensitivity
961	71.95	89.98	99	0.53
962	93.12	38.39	100	1.55
963	137.42	101.89	103	0.74
964	53.48	173.16	99	1.99
965	38.47	49.81	102	1.88
966	126.35	78.03	98	1.72
967	181.13	122.88	99	1.35
968	102.82	75.62	101	1.99
969	71.52	152.45	100	0.99
970	163.47	77.99	101	0.92
971	144.48	85.96	99	0.62
972	72.64	9.41	99	1.4
973	142.23	101.02	104	1.68
974	72.87	162.47	99	1.09
975	53.46	178.06	100	1.1
Period: 99
Tasks:6
id	x	y	end	c
498	3.99	57.88	100	104.84
499	192.05	28.15	102	116.77
500	151.19	10.77	100	102.87
501	33.57	42.09	99	88.13
502	131.11	7.49	101	97.6
503	89.9	9.75	99	90.81
Drivers: 8
id	x	y	end	sensitivity
976	38.1	111.18	101	1.11
977	161.69	182.57	101	1.38
978	94.84	144.25	103	0.51
979	180.17	183.03	100	0.83
980	134.22	102.78	102	0.85
981	131.06	28.19	100	1.8
982	153.45	191.96	101	1.3
983	170.49	104.34	101	1.54
Period: 100
Tasks:6
id	x	y	end	c
504	71.97	35.13	102	70.67
505	86.81	74.24	102	28.94
506	63.09	171.46	100	80.43
507	25.81	108.32	100	74.66
508	9.69	157.05	101	106.82
509	2.75	75.54	102	100.28
Drivers: 9
id	x	y	end	sensitivity
984	7.69	13.86	101	0.96
985	129.34	53.13	105	0.57
986	95.19	167.47	100	1.38
987	111.17	15.67	105	1.54
988	26.62	18.25	101	1.84
989	135.7	47.04	100	0.81
990	94.11	31.62	105	1.17
991	106.84	112.08	103	1.12
992	167.88	38.79	103	0.79
