Periods: 100
Task Arrival Rate: 15
Task Average Time: 1
Driver Arrival Rate: 15
Driver Average Time: 2
Period: 1
Tasks:11
id	x	y	end	c
1	69.6	142.13	2	51.95
2	182.99	41.73	1	101.4
3	7.46	1.7	2	135.01
4	157.06	99.32	1	57.06
5	68.83	103.67	1	31.39
6	11.86	39.13	1	107.12
7	66.52	195.85	1	101.53
8	67.69	63.49	1	48.75
9	39.28	118.11	1	63.36
10	118.07	12.5	2	89.35
11	45.14	46.61	3	76.55
Drivers: 13
id	x	y	end	sensitivity
1	95.07	9.5	2	0.51
2	55.86	35.15	4	1.34
3	177.74	174.51	1	1.46
4	57.45	149.71	4	0.66
5	111.46	178.63	4	1.7
6	79.69	119.85	3	0.51
7	174.62	25.2	5	1.43
8	182.85	101.47	5	1.56
9	98.36	196.15	4	1.93
10	34.88	62.79	2	0.89
11	151.47	78.25	2	1.29
12	181.75	110.96	5	0.88
13	61.62	103.67	6	1.62
Period: 2
Tasks:14
id	x	y	end	c
12	118.69	41.77	2	61.16
13	191.45	24.65	2	118.49
14	172.21	96.23	3	72.31
15	38.27	139.72	2	73.4
16	87.74	186.72	2	87.58
17	142.82	1.32	2	107.57
18	176.74	101.49	4	76.75
19	156.96	73.87	3	62.67
20	98.83	172.84	2	72.85
21	116.82	117.38	4	24.19
22	106.55	160.5	4	60.85
23	52.87	113.98	2	49.16
24	56.7	170.57	3	82.8
25	166.98	140.99	4	78.53
Drivers: 11
id	x	y	end	sensitivity
14	170.02	187.9	3	1.09
15	51.97	177.51	3	1.6
16	164.11	92.29	3	1.61
17	178.57	153.42	7	0.74
18	148.26	65.7	4	1.59
19	102.78	18.36	5	1.94
20	98.7	32.69	5	1.41
21	190.84	196.48	3	1.83
22	27.34	4.24	4	0.71
23	104.47	163.89	8	1.68
24	68.24	52.81	5	0.75
Period: 3
Tasks:15
id	x	y	end	c
26	54.31	166.27	3	80.49
27	13.17	44.06	3	103.29
28	75.66	82.96	4	29.71
29	143.3	126.31	6	50.67
30	140.04	60.74	4	56.08
31	177.34	154.4	6	94.56
32	179.77	124.12	3	83.34
33	165.23	79.24	3	68.45
34	2.94	19.18	5	126.3
35	176.51	74.72	3	80.58
36	134.54	143.62	3	55.64
37	137.04	178.97	3	87.23
38	132.79	41.16	3	67.36
39	2.23	43.2	5	113.07
40	107.32	2.97	3	97.31
Drivers: 16
id	x	y	end	sensitivity
25	28.63	39.03	3	1.73
26	190.88	191.07	5	1.38
27	49.83	165.07	5	0.94
28	133.41	125.49	6	0.72
29	168.9	91.75	7	1.73
30	165.51	126.86	8	1.41
31	56.24	41.62	3	1.46
32	76.71	83.1	3	1.04
33	49.3	7.46	6	1.36
34	199.05	9.74	3	0.61
35	188.46	19.36	4	1.24
36	108.99	137.2	6	1.49
37	165.91	114.62	3	1.6
38	55.43	93.72	3	1.7
39	6.33	198.66	6	1.79
40	161.51	133.65	4	1.6
Period: 4
Tasks:19
id	x	y	end	c
41	197.36	98.45	4	97.37
42	21.04	88.06	5	79.86
43	53.51	191.08	5	102.26
44	68.18	83.61	6	35.79
45	63.62	76.23	4	43.46
46	60.24	96.43	5	39.92
47	182.6	185.31	5	118.75
48	94.11	159.69	5	59.98
49	119.72	133.42	4	38.8
50	127.71	193.37	5	97.4
51	89.78	159.05	4	59.93
52	169	147.38	6	83.7
53	64.63	0.27	6	105.82
54	72.84	38.99	5	66.78
55	191.68	115.56	4	92.99
56	108.35	184.8	4	85.21
57	108.15	99.57	5	8.16
58	133.68	98.14	4	33.73
59	118.6	125.81	5	31.81
Drivers: 16
id	x	y	end	sensitivity
41	54.88	0.11	7	1.56
42	146.03	54.52	9	1.25
43	179.76	117.68	5	1.93
44	151.62	7.65	6	0.92
45	127.59	52.43	7	1.46
46	125.19	3.77	9	1.24
47	105.21	134.19	6	0.77
48	31.06	60.95	5	1.78
49	21.65	163.05	4	1.91
50	130.13	109.08	8	1.08
51	99.15	38.49	5	1.02
52	128.89	130.6	8	1.9
53	2.04	26.44	7	1.99
54	96.46	186.9	8	1.94
55	166.64	27.74	7	1.95
56	172.51	25.69	4	0.71
Period: 5
Tasks:15
id	x	y	end	c
60	78.34	84.96	5	26.37
61	135.51	151.44	5	62.51
62	52.63	154.69	6	72.35
63	182.44	132.11	7	88.47
64	4.73	123.31	6	98.08
65	116.12	70.33	6	33.77
66	102.32	56.82	5	43.24
67	4.1	89.03	8	96.53
68	56.49	171.14	5	83.39
69	14.95	52.04	7	97.64
70	120.4	158.3	6	61.77
71	33.64	94.93	5	66.55
72	163.25	190.43	7	110.35
73	122.89	143.22	6	48.91
74	73.89	160.95	5	66.31
Drivers: 13
id	x	y	end	sensitivity
57	188.96	71.59	8	1.11
58	92.05	5.24	7	0.91
59	148.86	176.42	8	1.65
60	147.11	63.94	5	1.55
61	196.05	132.69	5	1.9
62	37.02	78.69	8	0.67
63	53.43	15.22	7	0.77
64	179.16	110.08	8	1.28
65	146.84	141.94	6	1.12
66	74.5	98.92	5	1.26
67	11.66	86.67	6	0.65
68	196.32	131.36	9	0.64
69	123.59	162.04	6	1.75
Period: 6
Tasks:15
id	x	y	end	c
75	190	184.09	7	123.17
76	135.19	27.32	7	80.75
77	108.81	176.15	7	76.66
78	1.59	154.57	6	112.53
79	185.34	165.82	8	107.77
80	132.17	180.53	7	86.72
81	24	159.65	8	96.61
82	123.42	102.68	7	23.57
83	179.6	99.92	6	79.6
84	133.45	155.07	8	64.43
85	33.61	100.96	6	66.4
86	77.8	36.88	7	66.91
87	141.64	172.25	6	83.39
88	179.74	181.82	7	114.25
89	115.98	124.43	9	29.19
Drivers: 17
id	x	y	end	sensitivity
70	33.47	191.67	6	1.02
71	169.6	82.93	7	1.71
72	70.82	174.86	9	1.86
73	137.18	191.71	10	1.97
74	32.84	11.32	6	1.18
75	80.22	84.01	7	1.98
76	131.35	73.23	6	1.59
77	58.99	85.56	9	1.59
78	187.33	125.96	8	1.49
79	59.72	99.61	12	1.18
80	65.47	91.23	8	0.7
81	19.62	149.24	9	1.85
82	98.51	11.01	6	0.78
83	28.99	70.1	11	0.5
84	137.36	150.76	9	1.69
85	137.6	40.45	9	1.36
86	188.57	1.8	7	0.71
Period: 7
Tasks:14
id	x	y	end	c
90	71.43	90.91	7	29.98
91	58.63	199.82	8	108.05
92	185.22	95.42	10	85.34
93	17.85	193.78	7	124.67
94	55.97	110.4	7	45.24
95	94.41	105.69	7	7.98
96	4.95	181.39	8	125.14
97	79.04	18.7	7	83.96
98	6.03	137.87	7	101.31
99	45.91	162.92	7	82.97
100	171.84	116.54	9	73.72
101	49.88	171.3	8	87.15
102	91.03	147.44	8	48.28
103	156.78	88.27	7	57.98
Drivers: 20
id	x	y	end	sensitivity
87	158.08	28.47	8	0.62
88	111.41	107.22	9	1.63
89	187.34	144.61	9	1.79
90	90.47	187.96	8	0.58
91	64.77	143.45	11	1.55
92	81.57	138.08	9	1.57
93	187.07	12.16	10	1.13
94	24.46	97.03	8	1.12
95	154.05	141.8	9	1.63
96	41.97	150.92	11	1.66
97	130.14	133.69	8	0.95
98	198.02	112.28	8	0.68
99	190.63	167.33	9	1.15
100	88.69	193.72	10	1.48
101	69.03	192.4	12	0.78
102	61.31	4.41	10	1.29
103	96.57	196.98	8	1.92
104	166.99	67.36	10	1.54
105	78.05	65.07	8	0.73
106	42.54	27.08	9	1.27
Period: 8
Tasks:11
id	x	y	end	c
104	132.27	183.28	10	89.31
105	142.6	118.35	9	46.38
106	167.54	9.28	8	113.1
107	30.7	164.86	11	94.92
108	158.61	41.28	10	82.96
109	193.85	137.61	10	101.11
110	127.51	173.75	8	78.71
111	11.84	85.75	10	89.3
112	63.34	36.62	10	73.22
113	6.51	146.34	8	104.34
114	88.5	129.87	10	32.01
Drivers: 15
id	x	y	end	sensitivity
107	3.05	37.21	8	0.51
108	114.13	2.68	10	0.93
109	163.22	177.29	8	1.9
110	199.33	96.97	11	1.43
111	199.19	165.77	9	1.1
112	97.57	47.01	10	0.94
113	87.6	46.83	9	1.21
114	128.92	125.15	12	1.72
115	102.73	33.69	12	1.03
116	194.42	193.51	9	1.62
117	115.94	196.72	10	1.73
118	146.28	1.22	11	1.41
119	48.39	175.33	10	0.69
120	26.13	132.92	10	1.4
121	195.21	125.42	11	1.32
Period: 9
Tasks:17
id	x	y	end	c
115	20.72	105.89	9	79.5
116	136.14	30.85	10	78.02
117	36.12	80.64	9	66.75
118	37.72	83.6	10	64.4
119	78.87	107.96	10	22.58
120	96.98	178.86	9	78.92
121	191.86	67.13	11	97.56
122	73.74	64.19	11	44.41
123	30.69	48.33	10	86.45
124	109.85	6.26	9	94.26
125	194.23	153.49	9	108.35
126	31.55	187.89	10	111.4
127	54.74	133.03	10	56.03
128	89.29	39.32	10	61.62
129	170.3	117.87	12	72.54
130	39.19	132.07	10	68.75
131	106.45	99.82	10	6.45
Drivers: 10
id	x	y	end	sensitivity
122	35.49	164.66	11	1.94
123	9.97	4.7	10	0.94
124	192.49	12.23	11	0.67
125	69.33	187.44	10	1.96
126	161.58	93.27	13	0.63
127	28.64	13.38	13	1.44
128	156.36	83.15	10	1.87
129	196.48	148.39	11	1.34
130	82.63	114.91	11	0.68
131	49.16	120.76	11	1.91
Period: 10
Tasks:8
id	x	y	end	c
132	98.17	43.66	11	56.37
133	126	97.95	11	26.08
134	22.76	80.21	10	79.73
135	88.43	117.84	10	21.26
136	166.33	112.41	10	67.48
137	85.02	160.8	11	62.62
138	137.17	182.64	11	90.61
139	94.62	1.18	10	98.97
Drivers: 9
id	x	y	end	sensitivity
132	180.38	60.58	11	1.39
133	181.01	125.83	14	1.8
134	96.22	85.87	11	1.74
135	15.75	86.63	12	1.23
136	72.6	35.37	15	0.61
137	57.05	72.03	14	0.95
138	164.43	175.71	10	1.29
139	173.84	62.55	14	1.31
140	97.87	114.29	13	0.55
Period: 11
Tasks:20
id	x	y	end	c
140	10.29	57.26	11	99.37
141	21.9	190.63	12	119.64
142	2.61	121.85	13	99.81
143	151.47	111.35	13	52.71
144	57.19	108.17	12	43.58
145	89.74	58.89	14	42.37
146	151.31	141.51	11	66
147	20.89	184.49	12	115.75
148	5.84	183.15	12	125.62
149	112.02	53.05	12	48.46
150	173.63	67.43	12	80.51
151	121.4	86.48	12	25.31
152	55.66	41.15	11	73.68
153	81.97	15.3	12	86.6
154	17.98	138.65	14	90.67
155	95.6	73.18	12	27.18
156	9.3	104.07	12	90.79
157	103.33	195.67	11	95.73
158	155.74	180.15	13	97.63
159	83.3	157.05	11	59.44
Drivers: 12
id	x	y	end	sensitivity
141	91.72	179.45	12	1.22
142	75.6	75.39	13	1.85
143	153.38	115.11	12	1.28
144	8.59	19.42	12	1.14
145	124	133.68	14	0.77
146	43.39	50.46	12	0.71
147	113.61	5.54	16	1.65
148	66.36	138.25	12	1.24
149	165.68	143.65	11	1.42
150	74.9	51.56	11	0.68
151	117.07	114.64	12	1.09
152	37.2	139.44	17	1.12
Period: 12
Tasks:21
id	x	y	end	c
160	159.31	94.37	13	59.58
161	132.69	104.9	13	33.06
162	49.09	134.67	14	61.59
163	67.65	60.89	13	50.76
164	155.79	87.77	14	57.11
165	57.43	35.1	12	77.62
166	84.3	136.62	13	39.84
167	172.93	166.8	13	98.9
168	88.46	113.72	12	17.93
169	58.64	52.63	13	62.89
170	72.79	186.09	13	90.29
171	146.01	36.61	12	78.33
172	192.81	148.07	14	104.52
173	9.25	34.93	13	111.67
174	25.77	24.64	14	105.78
175	192.4	113.58	12	93.39
176	54.01	78	14	50.98
177	141.7	64.88	12	54.52
178	102.69	173.15	12	73.2
179	111.25	74	15	28.33
180	40.65	114.19	12	61.02
Drivers: 23
id	x	y	end	sensitivity
153	51.94	75.74	14	0.78
154	132.27	106.42	14	1.14
155	174.8	59.67	13	1.99
156	62.81	6.13	14	1.61
157	78.07	166.41	14	1.68
158	132.39	129.66	15	1.61
159	47.79	40.95	13	0.53
160	83.75	119.56	14	0.87
161	31.19	50.15	16	0.56
162	142.61	146.68	12	1.58
163	82.65	52.75	12	1.65
164	41.33	127.97	12	1.25
165	14.78	177.65	14	0.51
166	49.83	11.04	13	0.73
167	88.61	86.92	14	1.17
168	95.27	13.39	13	0.61
169	145.94	6.38	13	0.87
170	189.29	20.81	16	1.06
171	54.6	13.93	17	1.82
172	84.66	52.78	16	1.74
173	66.13	132	13	1.56
174	178.91	193.11	13	1.14
175	174.73	134.83	12	1.13
Period: 13
Tasks:13
id	x	y	end	c
181	187.61	197.89	14	131.37
182	99.47	9.72	14	90.28
183	23.73	111.01	14	77.06
184	185.28	7.26	13	125.99
185	126.29	142.24	16	49.75
186	171.82	26.29	16	102.91
187	149.17	80.02	14	53.07
188	134.71	28.95	14	79.08
189	82.4	186.46	14	88.23
190	111.6	59.25	13	42.37
191	117.67	145.52	13	48.83
192	153.16	22.63	14	93.87
193	149.69	5.73	15	106.56
Drivers: 15
id	x	y	end	sensitivity
176	17.39	177.91	18	0.78
177	153.98	120.96	15	1.47
178	43.36	35.92	15	1.74
179	79.01	119.07	14	1.98
180	138.01	161.77	14	1.09
181	66.92	175.6	16	1
182	196.31	165.94	17	1.8
183	107.44	73.7	16	1.2
184	86.99	75.6	15	1.95
185	67.43	192.92	15	0.99
186	167.23	120.06	16	1.89
187	189.1	40.95	15	1.51
188	15.13	6.67	15	1.9
189	36.79	44.45	14	0.77
190	107.81	40.28	17	1.68
Period: 14
Tasks:14
id	x	y	end	c
194	120.03	117.61	15	26.67
195	9.24	196.33	15	132.35
196	165.61	37.5	16	90.61
197	47.42	59.92	15	66.11
198	172.5	49.06	17	88.61
199	36.37	62.8	17	73.71
200	87.16	193.34	15	94.22
201	78.75	145.35	15	50.08
202	94.61	8.59	16	91.57
203	74.52	100.62	15	25.49
204	89.11	43.57	15	57.47
205	109.28	115.88	16	18.39
206	185.37	176.3	15	114.5
207	56.89	160.35	15	74.17
Drivers: 12
id	x	y	end	sensitivity
191	133.42	54.72	16	1.35
192	118.15	89.94	19	1.39
193	84.16	72.6	16	1.21
194	19.63	100.31	16	0.9
195	182.67	7.75	16	1.27
196	65.51	152.39	15	1.17
197	1.49	125.4	18	0.79
198	31.79	86.16	15	1.8
199	40.94	172.45	16	1.68
200	24.35	48.29	17	0.85
201	59.55	93.96	15	1.51
202	168.99	152.22	15	0.96
Period: 15
Tasks:13
id	x	y	end	c
208	74.52	168.76	16	73.33
209	29.81	136.73	17	79.22
210	90.79	1.42	16	99.01
211	148.87	97.76	19	48.92
212	121.83	140.73	15	46.21
213	149.25	123.94	15	54.76
214	182.23	18.42	16	115.83
215	98.79	186.96	15	86.97
216	28.83	122.75	16	74.72
217	131.45	186.14	15	91.7
218	76.58	8.15	15	94.79
219	135.02	127.7	15	44.65
220	132.4	146.24	16	56.46
Drivers: 17
id	x	y	end	sensitivity
203	53.63	20.23	16	1.72
204	75	135.04	19	0.78
205	97.95	75.28	16	1.44
206	90.72	35.97	18	0.98
207	77.94	6.71	16	0.97
208	86.39	29.69	19	1.25
209	177.04	90.72	16	1.36
210	56.11	24.85	15	1.17
211	196.26	156.99	19	1.79
212	66.51	83.44	16	0.87
213	54.52	99.5	18	0.59
214	17.42	34.34	20	0.58
215	11.2	54.33	17	0.85
216	29.52	49.09	17	0.81
217	100.42	136.8	16	1.29
218	114.2	132.44	18	1.99
219	96.59	81.63	19	1.68
Period: 16
Tasks:16
id	x	y	end	c
221	30.3	86.84	18	70.93
222	86.41	191.16	19	92.17
223	130.72	149.79	17	58.5
224	133.84	191.16	16	97.24
225	30.59	192.95	16	116.01
226	110.76	100.63	18	10.78
227	10.07	132.07	16	95.48
228	69.28	99.38	17	30.73
229	160.11	41.56	19	83.84
230	160.69	177.08	16	98.11
231	170.08	68.05	16	77.02
232	63.15	15.63	19	92.07
233	126.15	136.99	19	45.3
234	47.78	28.76	17	88.33
235	124.65	12.17	18	91.22
236	76.56	41.15	16	63.35
Drivers: 16
id	x	y	end	sensitivity
220	82.76	110.17	19	0.85
221	79.72	139.83	16	1.36
222	93.27	74.97	20	1.17
223	151.51	21.56	16	1.08
224	30.25	64.78	19	0.71
225	107.44	136.98	21	1.4
226	174.51	29.17	18	0.82
227	169.33	156.01	17	1.22
228	38.26	38.78	20	1.34
229	148.12	96.05	18	1.81
230	16.36	2.18	17	1.38
231	88.57	79.74	17	1.92
232	73.8	190.22	18	1.26
233	36.18	61.56	18	1.49
234	2.45	118.09	20	1.97
235	15.17	119.52	17	1.85
Period: 17
Tasks:14
id	x	y	end	c
237	102.4	129.34	19	29.44
238	156.65	68.85	18	64.65
239	5.64	199.9	18	137.42
240	144.16	76.05	18	50.24
241	54.66	26.93	17	85.99
242	182.34	26.08	18	110.65
243	81.88	5.91	17	95.82
244	196.97	150.4	18	109.29
245	128.24	74.86	17	37.81
246	32.82	84.59	20	68.92
247	53.18	120.87	17	51.26
248	21.55	37.18	18	100.5
249	119.73	192.44	21	94.52
250	11.13	101.41	18	88.88
Drivers: 13
id	x	y	end	sensitivity
236	34.3	84.18	20	1.44
237	43.22	186.77	18	1.64
238	149.23	31.79	19	1.09
239	6.41	176.74	18	1.47
240	193.21	101.83	18	0.75
241	146.39	109.8	21	1.58
242	143.67	132.35	18	1.32
243	21.63	194.64	20	1.68
244	29.7	76.64	19	0.66
245	161.57	168.57	18	0.72
246	152.71	18.14	17	0.99
247	41.62	85.28	20	0.57
248	63.71	137.45	19	1.27
Period: 18
Tasks:14
id	x	y	end	c
251	37.36	163.67	18	89.32
252	11.01	132.81	19	94.85
253	7.2	54.66	19	103.28
254	16.91	164.53	18	105.2
255	104.6	114.2	18	14.93
256	89.93	179.47	18	80.11
257	166.81	30.41	18	96.47
258	27.41	30.07	21	100.79
259	167.5	132.73	20	75.02
260	0.31	29.53	19	122.08
261	64.55	16.6	19	90.62
262	67.51	111.53	19	34.48
263	45.45	160.11	19	81.17
264	124.73	30.68	19	73.6
Drivers: 13
id	x	y	end	sensitivity
249	62.81	68.27	19	1.43
250	158.24	31.17	20	1.47
251	175.76	21.07	19	0.65
252	8.04	184.06	20	1.91
253	40.97	21.09	20	1.27
254	37.64	184.14	22	1.85
255	87.04	93.71	20	1.92
256	153.48	176.23	19	1.7
257	111.13	167.29	18	0.62
258	124.74	7.51	20	1.97
259	69.34	164.33	21	1.67
260	145.78	135.14	18	1.56
261	28.9	54.61	19	0.87
Period: 19
Tasks:16
id	x	y	end	c
265	1.76	142.51	20	107.04
266	66.77	157.26	20	66.2
267	199.36	84.36	19	100.58
268	16.26	90.09	19	84.32
269	158.42	11.59	20	105.97
270	169.12	22.1	20	104.14
271	63.29	171.54	20	80.41
272	154.57	8.41	20	106.61
273	31.56	19.42	19	105.72
274	13.12	194.92	20	128.68
275	145.64	16.27	20	95.36
276	1.48	48.63	21	111.11
277	5.37	127.99	19	98.68
278	144.37	16.86	20	94.24
279	132.78	54.79	19	55.84
280	77.41	99.23	21	22.6
Drivers: 10
id	x	y	end	sensitivity
262	86.03	50.54	23	0.87
263	153.46	116.91	22	1.63
264	106.36	189.06	21	0.97
265	153.46	173.73	21	0.96
266	85.31	176.05	23	0.95
267	121.6	113.07	23	1.63
268	83.51	22.37	20	1.24
269	136.94	64	21	1.94
270	20.2	5.63	19	0.81
271	168.8	129.15	21	1.28
Period: 20
Tasks:22
id	x	y	end	c
281	105.82	160.03	22	60.31
282	68.54	156.65	20	64.8
283	5.6	13.21	22	128.23
284	23.28	102.89	21	76.77
285	191.46	30.45	20	114.9
286	121.76	75.58	20	32.71
287	33.41	99.83	20	66.59
288	120.59	69.23	21	37.02
289	12.21	119.67	21	89.97
290	84.08	108.92	21	18.25
291	11.59	122.29	20	91.18
292	108.02	167.87	20	68.34
293	109.96	140.17	22	41.39
294	9.11	57.4	22	100.38
295	24.3	91.84	21	76.14
296	183.01	50.4	22	96.7
297	81.48	57.07	21	46.75
298	99.37	199.12	20	99.12
299	18.2	158.21	22	100.4
300	116.03	58.94	21	44.08
301	36.78	147.06	20	78.81
302	176.66	166.28	22	101.34
Drivers: 19
id	x	y	end	sensitivity
272	139.49	53.23	21	1.14
273	121.85	121.71	23	1.89
274	191.24	183.6	20	1.53
275	129.09	5.23	23	1.41
276	105.61	98.32	23	1.39
277	8.95	125.7	22	1.67
278	182.97	135.87	21	0.76
279	157.63	153.93	21	0.85
280	167.8	108.51	22	1.25
281	103.18	62.82	22	1
282	21.76	7.51	23	1.64
283	168.69	161.08	24	0.79
284	65.61	186.65	22	1.56
285	186.13	94.11	21	1.48
286	62	43.11	21	0.8
287	194.46	166.51	24	0.77
288	45.57	97.29	24	1.57
289	151.44	101.98	20	0.75
290	137.52	163.43	21	1.95
Period: 21
Tasks:14
id	x	y	end	c
303	42.61	105.21	21	57.63
304	26.97	121.81	21	76.22
305	175.58	69.36	22	81.55
306	108.42	96.58	22	9.09
307	0.92	53.46	22	109.47
308	116.38	178.01	22	79.71
309	129.85	174.82	24	80.55
310	30.09	159.73	23	91.95
311	191.87	182.06	22	123.18
312	172.36	27.29	23	102.58
313	65.26	131.13	22	46.65
314	160.23	71.24	23	66.74
315	161.2	51.87	22	77.86
316	195.79	86.35	22	96.76
Drivers: 18
id	x	y	end	sensitivity
291	135.14	92.48	22	0.57
292	78.37	59.22	23	1.34
293	173.42	58.67	23	1.13
294	176.52	104.84	21	0.99
295	46.13	86.68	25	1.21
296	152.43	74.52	24	0.66
297	21.99	93.8	21	0.78
298	75.94	152.34	22	1.68
299	186.72	113.18	23	1.05
300	1.85	16.77	24	1.28
301	169.98	177.36	23	0.92
302	106.74	51.22	21	1.26
303	78.97	120.07	23	1.83
304	110.54	78.51	23	0.59
305	30.37	48.37	21	1.29
306	3.29	177.9	24	0.72
307	98.55	39.5	24	0.64
308	4.75	193.63	22	1.51
Period: 22
Tasks:20
id	x	y	end	c
317	154.55	111.97	22	55.85
318	83.49	195.33	24	96.75
319	40.03	8.06	23	109.77
320	157.67	24.94	22	94.66
321	169.1	47.52	24	86.77
322	94.57	114.39	22	15.38
323	47.49	138.13	23	64.89
324	158.73	125.35	22	63.97
325	8.68	115	22	92.54
326	34.64	11.79	23	109.79
327	141.73	61.24	25	56.95
328	58.05	24.39	25	86.47
329	125.14	37.43	23	67.43
330	96.15	168.81	23	68.92
331	101.87	140.32	24	40.36
332	50.11	142.31	22	65.42
333	23.57	147.09	23	89.77
334	162.57	92.62	23	63
335	113.58	141.22	23	43.4
336	155.61	88.61	22	56.76
Drivers: 10
id	x	y	end	sensitivity
309	147.2	162.53	23	0.92
310	185.72	71.22	23	1.44
311	179.54	104.68	22	1.27
312	58.64	183.88	25	0.69
313	159.06	56.45	24	1.61
314	107.29	78.41	26	1.75
315	45.09	32.99	23	1.5
316	151.96	87.8	24	0.6
317	191.07	8.67	25	1.78
318	41.32	96.91	25	1.36
Period: 23
Tasks:18
id	x	y	end	c
337	32.79	163.83	23	92.69
338	3.48	111.97	23	97.26
339	186.78	149.09	24	99.7
340	182.51	121.39	26	85.24
341	196.71	150.61	23	109.15
342	158	89.08	23	59.02
343	120.3	4.11	23	98.02
344	55.29	130.94	23	54.37
345	55.71	130.47	23	53.76
346	139.65	142.4	25	58.05
347	69.85	87.23	23	32.74
348	86.33	134.84	23	37.43
349	86.4	83.83	25	21.13
350	31.1	42.11	23	89.99
351	197.82	135.01	25	103.9
352	60.14	100.34	23	39.86
353	7.18	102.37	24	92.85
354	151.97	144.09	23	68.15
Drivers: 6
id	x	y	end	sensitivity
319	16.61	154.38	25	1.86
320	134.18	65.4	26	1.27
321	157.33	46.02	26	1.34
322	126.01	8.41	26	1.43
323	176.2	193.32	25	0.85
324	19.42	159.39	24	0.6
Period: 24
Tasks:16
id	x	y	end	c
355	93.76	129.28	25	29.94
356	133.6	196.4	26	102.09
357	23.03	140.08	24	86.78
358	77.49	85.25	25	26.91
359	21.23	180.99	25	112.98
360	95.15	124.88	24	25.35
361	137.12	30.1	25	79.14
362	114.68	35.03	25	66.61
363	169.38	127.51	25	74.64
364	27.42	138.99	25	82.39
365	127.09	36.15	25	69.36
366	146.78	105.11	24	47.06
367	197.33	170.27	25	120.05
368	154.69	120.38	25	58.36
369	46.29	51.01	27	72.7
370	53.42	88.62	25	47.95
Drivers: 14
id	x	y	end	sensitivity
325	34.64	116.51	25	0.83
326	31.83	165.3	25	1.86
327	113.08	198.22	26	1.26
328	20.27	172.36	28	1.62
329	147.5	156.56	28	1.28
330	138.36	62.99	27	1.24
331	3.35	81.86	25	0.54
332	151.55	92.2	26	0.55
333	130.25	167.86	24	1.45
334	139.64	24.89	26	1.84
335	168.63	194.38	25	0.64
336	65.84	0.43	24	1.77
337	92.53	5.58	26	0.79
338	156.26	11.16	25	1.82
Period: 25
Tasks:14
id	x	y	end	c
371	187.12	126.2	26	90.97
372	194.51	124.32	26	97.59
373	170.1	63.93	26	78.84
374	120.47	49.32	29	54.66
375	64.14	42.31	27	67.93
376	53.89	127.05	27	53.46
377	179.63	84.47	25	81.13
378	31.28	107.35	27	69.11
379	122.07	68.06	27	38.82
380	106.11	93.98	27	8.58
381	167.79	146.47	27	82.19
382	63.9	39.57	25	70.39
383	85.83	170.83	26	72.23
384	136.47	194.11	25	100.93
Drivers: 9
id	x	y	end	sensitivity
339	36.23	36.69	28	0.97
340	17.68	6.39	28	1.87
341	53.42	86.93	26	1.29
342	69.15	150.17	27	2
343	58.71	127.06	30	1.68
344	155.6	164.7	27	0.84
345	110.68	105.32	25	1.42
346	184.04	193.79	26	1.61
347	39.22	123.71	27	1.31
Period: 26
Tasks:13
id	x	y	end	c
385	190.46	63	28	97.73
386	155.7	197.89	27	112.63
387	182.57	43.6	26	99.99
388	81.88	184.09	27	86.02
389	58.59	5.15	28	103.5
390	170.21	124.44	26	74.34
391	96.75	138.26	26	38.4
392	86.77	194.09	26	95.02
393	121.28	196.55	27	98.87
394	34.88	148.83	26	81.39
395	7.03	73.19	28	96.76
396	25.53	98.27	26	74.49
397	102.23	29.79	30	70.25
Drivers: 10
id	x	y	end	sensitivity
348	123.96	92.39	27	0.93
349	105.64	169.54	30	1.49
350	26.98	52.67	27	1.71
351	197.71	133.58	29	0.98
352	189.75	74.45	26	1.64
353	16.16	199.15	26	0.86
354	23.45	16.15	28	1.2
355	12.74	196.82	30	1.2
356	134.47	120.45	28	1.16
357	84.07	154.05	28	1.66
Period: 27
Tasks:14
id	x	y	end	c
398	177.48	169.05	28	103.78
399	55.83	113.87	27	46.3
400	78.02	85.76	28	26.19
401	1.32	197.87	27	138.98
402	174.77	123.61	28	78.41
403	119.38	39.62	29	63.41
404	109.77	0.2	27	100.28
405	79.08	32.99	29	70.2
406	70.31	60.8	27	49.17
407	155.61	134.93	29	65.67
408	41.99	96.47	31	58.12
409	94.46	77.23	28	23.43
410	153.69	176.02	28	93.07
411	109.42	151.77	28	52.62
Drivers: 13
id	x	y	end	sensitivity
358	167.38	114.91	31	1.35
359	49.34	7.86	31	0.96
360	124.42	112.05	28	0.65
361	118.81	175.28	30	1.87
362	79.47	123.93	30	0.75
363	73.37	52.81	28	1.33
364	107.65	162.86	28	1.59
365	60.39	119.85	27	0.54
366	80.65	75.54	28	0.64
367	198.32	23.18	27	0.52
368	86.57	84.29	28	1.08
369	79.14	126.3	28	0.93
370	32.8	142.2	29	0.76
Period: 28
Tasks:16
id	x	y	end	c
412	5.64	74	28	97.88
413	38.9	151.58	30	79.96
414	184.13	30.12	30	109.37
415	128.78	10.57	28	93.95
416	160.46	135.03	28	69.87
417	62.47	185.15	28	93.05
418	91.13	121.08	29	22.87
419	186.08	35.47	31	107.58
420	13.64	76.67	28	89.46
421	64.03	151.65	29	62.94
422	28.46	94.07	30	71.79
423	191.49	73.75	30	95.18
424	67.38	134.37	30	47.39
425	142.58	52.62	28	63.7
426	101.24	79.76	29	20.28
427	118.79	109.34	29	20.98
Drivers: 9
id	x	y	end	sensitivity
371	35.96	21.04	29	1.04
372	47.34	32.37	32	0.5
373	88	158.55	31	0.97
374	12.04	1.69	30	0.85
375	183.32	165.92	29	1.36
376	88.76	112.93	30	1.6
377	93.46	6.03	30	1.77
378	191.4	12.4	30	1.12
379	121.53	25.1	28	1.09
Period: 29
Tasks:20
id	x	y	end	c
428	148.68	160.05	31	77.3
429	143.57	192.06	30	101.85
430	65.79	58.05	29	54.13
431	5.43	112.99	30	95.46
432	137.89	127.47	30	46.8
433	22.24	61.45	30	86.79
434	173.43	165.78	29	98.58
435	142.81	75.3	30	49.42
436	55.18	90.47	29	45.82
437	179.92	3.93	31	124.97
438	55.86	190.53	30	100.72
439	68.21	18.85	32	87.15
440	199.81	150.52	29	111.87
441	37.37	185.93	29	106.33
442	180.83	115.24	30	82.25
443	12.97	39.09	31	106.23
444	137.66	105.47	31	38.06
445	172.25	131.6	31	78.86
446	71.55	65.03	30	45.08
447	171.1	176.28	29	104.28
Drivers: 10
id	x	y	end	sensitivity
380	142.89	120.53	33	1.89
381	90.99	31.21	31	1.02
382	53.86	87.84	29	1.16
383	30.42	37.04	29	1.04
384	49.25	108.55	29	0.87
385	98.26	170.16	34	1.64
386	60.46	196.4	31	1.64
387	56.21	154.02	31	1.74
388	98.59	152.89	31	0.77
389	62.67	117.52	32	0.69
Period: 30
Tasks:11
id	x	y	end	c
448	19.31	158.36	34	99.58
449	6.05	101.95	34	93.97
450	175.16	119.21	30	77.58
451	160.53	46.29	31	80.92
452	29.73	37.85	30	93.81
453	193.69	188.93	30	129.18
454	114	55.79	32	46.37
455	4.95	53.33	30	105.89
456	145.72	190.42	30	101.32
457	23.19	73.94	32	81.11
458	113.97	154.86	31	56.61
Drivers: 18
id	x	y	end	sensitivity
390	184.77	76.67	32	1.46
391	72.52	154.16	35	1.86
392	55.09	75.92	32	0.66
393	3.27	184.81	33	0.61
394	14.62	76.49	31	0.78
395	92.41	118.76	34	0.94
396	178.99	1.64	32	0.73
397	170.54	56.6	31	0.91
398	179.46	133.3	33	1.09
399	192.42	163.19	33	1.23
400	50.18	199.29	33	0.78
401	14.24	178.2	31	0.91
402	145.03	70.81	32	1.63
403	126.8	53.01	34	1.89
404	155.21	188.63	33	0.85
405	113.66	104.69	30	1.26
406	186.16	93.92	32	0.5
407	167.9	129.26	34	0.94
Period: 31
Tasks:18
id	x	y	end	c
459	43.32	70.19	31	64.04
460	139.1	189.62	32	97.78
461	56.52	167.81	33	80.55
462	2.2	1.89	32	138.53
463	156.94	71.73	34	63.57
464	155.94	38.76	33	82.94
465	56.07	126.33	32	51.22
466	191.54	72.1	31	95.7
467	25.97	161.54	31	96.27
468	39.09	76.01	32	65.46
469	157.64	173.14	34	93.12
470	78.74	18.28	31	84.44
471	101.58	32.78	32	67.24
472	94.45	188.03	32	88.2
473	161.25	12.85	35	106.52
474	2.49	61.06	31	105
475	76.61	121.55	31	31.8
476	161.92	27.59	33	95.27
Drivers: 14
id	x	y	end	sensitivity
408	32.28	107.98	34	1.94
409	180.16	89.01	33	1.11
410	91.43	64.91	32	1.51
411	152	54.1	32	0.63
412	123.16	99.47	32	0.6
413	115.21	31.83	32	1.56
414	47.64	29.19	31	0.97
415	162.65	181.53	34	1.82
416	168.51	119.92	32	0.55
417	58.07	186.6	33	1.87
418	18.46	190.84	33	1.16
419	39.59	64.21	35	1.25
420	192.07	188	32	1.42
421	199.14	167.25	36	1.71
Period: 32
Tasks:18
id	x	y	end	c
477	8.62	181.27	32	122.29
478	96.49	43.84	32	56.27
479	55.96	33.39	32	79.85
480	24.81	123.18	34	78.68
481	159.63	4.01	35	113
482	89.27	184.69	34	85.37
483	10.73	74.32	32	92.89
484	16.35	99.98	32	83.65
485	109.21	48.16	32	52.65
486	142.36	3.55	32	105.34
487	8.6	48.55	35	104.89
488	114.83	160.75	33	62.53
489	197.4	176.59	34	123.91
490	78.1	166.48	33	69.99
491	149.48	166.56	34	82.94
492	138.76	66.66	32	51.13
493	26.91	35.59	33	97.42
494	114.49	102.72	34	14.74
Drivers: 16
id	x	y	end	sensitivity
422	149.54	88.94	35	1.56
423	141.1	174.75	33	0.82
424	67.72	34.47	37	1.39
425	95.77	68.45	32	1.94
426	10.15	17.4	33	1.43
427	46.39	4.55	34	1.97
428	90.88	108.47	34	1.11
429	131.86	5.92	32	1.09
430	35.36	84.61	34	1.37
431	78.78	54.14	34	1.54
432	117.7	182.26	36	0.69
433	81.82	144.98	35	1.17
434	0.47	62.26	32	1.61
435	125.39	152.04	35	0.93
436	33.4	38.32	35	0.99
437	52.97	167.88	35	2
Period: 33
Tasks:16
id	x	y	end	c
495	0.66	111.02	35	99.95
496	67.49	80.15	33	38.09
497	31.03	29.42	33	98.68
498	103.39	46.96	34	53.15
499	74.58	48.79	34	57.17
500	162.57	163.56	36	89.19
501	30.3	175.58	35	102.81
502	113.08	161.32	34	62.7
503	111.28	198.27	33	98.92
504	147.17	20.32	34	92.6
505	43.99	44.06	35	79.16
506	25.56	147.51	36	88.31
507	83.87	90.14	33	18.9
508	177.88	15.95	35	114.58
509	129.08	136.76	33	46.87
510	27.51	35.94	34	96.74
Drivers: 21
id	x	y	end	sensitivity
438	147.92	65.86	37	0.85
439	95.95	92.69	34	0.83
440	181.47	32.07	34	1.75
441	16.38	138.38	35	1.97
442	129.13	123.71	35	0.72
443	18.99	3.29	33	1.77
444	178.87	186.57	33	1.15
445	71.93	138.26	36	1.77
446	47.04	100.32	34	1.54
447	47.42	136.87	34	0.89
448	46.94	179.84	35	1.15
449	88.3	64.93	36	0.56
450	173.13	75.78	34	0.8
451	120.72	160.74	35	0.59
452	101.86	119.08	36	1.75
453	179.6	156.95	35	0.85
454	5.63	150.98	36	1.06
455	63.78	135.39	35	0.57
456	114.24	2.09	33	1.02
457	116.77	2.01	37	1.6
458	101.54	151.3	38	1.13
Period: 34
Tasks:9
id	x	y	end	c
511	85.87	116.19	35	21.49
512	129.18	197.58	35	101.85
513	122.16	166.9	36	70.47
514	47.46	142.25	34	67.42
515	17.28	192.63	36	124.19
516	164.86	123.47	34	68.98
517	146.59	141.04	34	62.09
518	84.01	124.22	34	29.02
519	64.59	46.04	36	64.54
Drivers: 15
id	x	y	end	sensitivity
459	160.51	148.62	38	1.08
460	197.29	0.87	38	1.57
461	24.17	82.84	34	0.66
462	168.16	67.06	41	1.17
463	70.75	114.33	37	0.98
464	37.81	72.42	36	0.74
465	182.85	67.13	36	1.01
466	98.48	14.64	35	1.2
467	196.54	132.13	35	1.84
468	87	170.16	35	0.54
469	174.75	29.21	36	1.49
470	168.09	76.95	38	1.25
471	136.19	62.34	34	0.87
472	88.45	90.87	35	0.97
473	85.36	146.94	36	1.69
Period: 35
Tasks:17
id	x	y	end	c
520	199.98	173.1	36	123.85
521	26.01	58.67	36	84.75
522	67.46	141.87	35	53.03
523	20.38	196.94	36	125.45
524	56.12	137.33	36	57.61
525	83.52	143.69	38	46.69
526	174.39	153.07	35	91.38
527	160.27	89.48	38	61.18
528	56.54	0.6	36	108.49
529	55.21	197.01	35	106.85
530	176.22	109.06	36	76.76
531	153.32	196.12	36	109.92
532	138.49	127.56	35	47.34
533	196.69	61.23	35	104.17
534	120.58	56.19	36	48.4
535	48.76	4.17	36	108.67
536	141.97	132.91	37	53.33
Drivers: 15
id	x	y	end	sensitivity
474	177.21	14.79	38	1.4
475	152.29	8.01	37	1.26
476	52.83	90.82	35	0.64
477	138.23	137.3	38	1.66
478	7.26	125.77	39	1.47
479	93.32	66.67	36	0.64
480	136.24	151.23	36	1.38
481	26.25	116.26	38	0.98
482	56.64	91.22	35	1.74
483	36.95	13.31	35	1.3
484	55.98	37.73	36	1.5
485	198.47	98.41	39	1.09
486	74.4	146.02	39	0.73
487	30.84	108.01	37	1.59
488	108.35	9.57	38	1.73
Period: 36
Tasks:17
id	x	y	end	c
537	88.7	64.65	36	37.11
538	173.42	179.48	36	108.2
539	179.6	7.8	36	121.81
540	47.42	190.52	37	104.68
541	105.81	36.71	36	63.56
542	22.97	18.81	37	111.92
543	198.28	192.41	36	134.9
544	178.27	163.67	36	100.9
545	102.21	115.49	37	15.65
546	97.67	11.36	37	88.67
547	168.91	185.52	36	109.83
548	57.1	88.91	36	44.31
549	58.87	119.83	38	45.66
550	145.09	151.52	37	68.46
551	17.14	190.31	36	122.56
552	124.79	103.31	38	25.01
553	94.74	39.61	36	60.62
Drivers: 20
id	x	y	end	sensitivity
489	73.18	98.35	37	0.63
490	19.46	86.71	38	1.68
491	143.94	149.06	38	0.93
492	7.26	56.93	38	1.85
493	29.27	132.36	37	1.52
494	196.25	128.73	37	1.58
495	20.42	133.13	38	1.26
496	69.54	163.84	39	1.51
497	70.28	158.44	36	1.93
498	178.99	10.3	37	1.37
499	84.61	51.25	38	0.81
500	107.79	194.01	39	0.55
501	32.7	39.11	39	0.67
502	131.25	3.49	37	1.44
503	150.72	96.8	38	0.74
504	88.58	22.44	41	0.97
505	40.7	134.05	37	0.77
506	170.58	37.32	38	1.07
507	185.72	17.09	36	1.47
508	13.75	71.06	36	0.6
Period: 37
Tasks:10
id	x	y	end	c
554	61.42	169.59	39	79.57
555	30.81	6.94	39	115.96
556	147.6	162.43	38	78.51
557	15.03	90.1	39	85.54
558	140.75	9.79	37	98.99
559	59.06	48.64	37	65.68
560	66.51	71.02	37	44.29
561	94.74	29.08	40	71.11
562	104.05	139.14	40	39.35
563	197.22	109.8	37	97.71
Drivers: 10
id	x	y	end	sensitivity
509	154.25	183.5	38	1.31
510	183	157.7	40	1.75
511	132.53	73.21	41	1.44
512	184.75	103.79	38	1.25
513	52.69	166.25	38	1.47
514	193.34	79.51	39	1.95
515	140.33	89.03	38	0.62
516	67	194.27	38	1.87
517	145.28	95.89	39	1.55
518	57.12	11.66	38	1.49
Period: 38
Tasks:17
id	x	y	end	c
564	156.61	27.6	41	91.9
565	168.33	176.37	38	102.48
566	194.41	64.6	39	100.83
567	59.35	39.29	40	73.06
568	164.2	96.02	39	64.32
569	173.73	174.89	39	105.09
570	0.73	181.51	41	128.45
571	15.95	174.15	38	112.08
572	119.34	50.36	40	53.27
573	192	133.08	38	97.77
574	103.26	97.34	38	4.21
575	48.36	5.07	38	108.07
576	34.58	151.41	38	83.2
577	191.66	60.55	39	99.79
578	54.73	6.85	39	103.57
579	182.34	160.54	39	102.2
580	65.71	159.11	39	68.34
Drivers: 19
id	x	y	end	sensitivity
519	31.24	2.84	39	1.15
520	24.57	97.94	40	1.29
521	11.86	179.24	38	0.83
522	0.42	4.45	39	0.88
523	139.31	183.64	38	1.95
524	171.66	30.36	39	0.67
525	101.42	63.01	40	1.88
526	165.45	83.27	38	1.21
527	166.11	37.9	40	0.6
528	193.58	168.45	39	0.69
529	155.57	69.31	40	1.88
530	57.39	32.83	43	1.19
531	68.72	0.5	41	0.99
532	8.6	195.65	42	1.22
533	141.65	101.08	39	0.67
534	109.8	105.3	40	0.96
535	171.42	87.19	41	1.89
536	70.75	94.36	39	1.55
537	149.08	60.18	42	0.79
Period: 39
Tasks:23
id	x	y	end	c
581	177.73	171.4	40	105.55
582	150.77	73.53	40	57.26
583	44.58	71.64	39	62.25
584	13.17	89.41	43	87.47
585	184.25	33.21	39	107.51
586	82.6	75.82	39	29.79
587	97.67	20.01	39	80.02
588	175.13	86.97	39	76.25
589	47.85	19.45	39	95.96
590	27.73	133.76	39	79.77
591	101.19	38	39	62.01
592	84.78	192.56	39	93.8
593	148.74	33.07	40	82.8
594	33.41	111.93	40	67.65
595	152.15	62.11	39	64.46
596	92.21	121.26	39	22.64
597	115.72	50.32	40	52.11
598	12.38	170.17	39	112.25
599	154.41	104.51	39	54.6
600	110.17	68.56	40	33.04
601	155.13	106.64	40	55.53
602	188.41	115.11	40	89.69
603	181.06	28.79	39	107.9
Drivers: 10
id	x	y	end	sensitivity
538	143.14	43.43	42	0.99
539	184.67	107.92	44	1.79
540	66.28	143.14	42	1.95
541	151.7	94.84	39	1.17
542	165.81	158.92	40	0.98
543	74.49	114.9	41	1
544	163.88	7.31	41	0.54
545	32.98	78.2	42	0.92
546	126.11	136.94	42	0.83
547	117.77	9.71	41	1.95
Period: 40
Tasks:18
id	x	y	end	c
604	137.82	116.43	40	41.23
605	131.11	62.93	40	48.39
606	197.53	4.5	44	136.5
607	77.22	139.13	40	45.28
608	57.59	54.58	42	62.14
609	164.19	192.16	40	112.31
610	176.2	121.77	40	79.25
611	56.85	92.35	40	43.82
612	82.77	114.88	42	22.77
613	66.08	157.57	41	66.82
614	153.5	23.47	42	93.38
615	151.23	156.68	40	76.4
616	95.72	198.1	40	98.19
617	196.1	54.66	41	106.26
618	84.61	111.17	43	19.02
619	3.5	138.5	42	103.9
620	135.39	59.54	40	53.75
621	185.99	44.35	41	102.43
Drivers: 16
id	x	y	end	sensitivity
548	169.64	116.5	44	1.09
549	106.31	4.45	41	0.52
550	125.74	152	40	1.82
551	123.78	28.94	44	1.59
552	29.62	87.52	42	1.3
553	150.67	113.35	40	1.45
554	5.44	113.34	41	0.88
555	36.76	165.43	41	1.09
556	46.15	44.52	42	1.96
557	76.78	75.37	42	1.25
558	114.69	124.97	42	1.57
559	191.99	128.69	41	1.4
560	189.48	102.83	42	1.25
561	121.65	33.97	43	1.64
562	148.63	101.33	42	0.76
563	75.71	57.99	42	0.91
Period: 41
Tasks:12
id	x	y	end	c
622	196.52	42.27	43	112.47
623	146.03	151.19	42	68.84
624	56.72	165.21	43	78.27
625	150.55	68.99	42	59.3
626	38.21	71.96	42	67.85
627	147.68	29.97	42	84.72
628	90.92	44.06	44	56.67
629	39.47	172.1	42	94.14
630	0.57	1.05	42	140.28
631	118.4	19.23	42	82.84
632	179.63	150.24	41	94.15
633	7	118.24	43	94.77
Drivers: 16
id	x	y	end	sensitivity
564	160.16	52.98	42	1.01
565	59.06	179.59	42	1.34
566	197.52	24.73	44	1.33
567	122.4	41.82	42	1.19
568	99.41	173.21	41	1.58
569	20.47	125.51	44	1.39
570	62.83	137.95	42	1.11
571	14.57	135.79	43	1.38
572	153.13	29	43	1.41
573	174.31	133.76	42	1.1
574	167.1	181.76	45	1.64
575	65.75	75.37	45	1.7
576	39.49	30.43	43	0.93
577	103.88	145.38	42	1.48
578	44.36	109.77	44	1.83
579	40.46	155.22	43	1.54
Period: 42
Tasks:11
id	x	y	end	c
634	107.9	157.84	42	58.38
635	136.48	163.67	42	73.38
636	192.81	40.05	45	110.49
637	194.02	25.09	44	120.21
638	155.25	115.84	43	57.48
639	132.71	100.09	44	32.71
640	180.92	90.15	43	81.52
641	182.32	128.34	44	87.06
642	133.72	61.4	42	51.25
643	165.01	160.28	43	88.66
644	70.72	120.09	44	35.51
Drivers: 10
id	x	y	end	sensitivity
580	184.69	50.64	44	0.93
581	40.31	124.35	45	0.85
582	198.97	168.29	46	0.79
583	160.67	1.03	47	1.12
584	59.27	119	42	1.28
585	68.14	6.59	43	1.78
586	177.83	74.34	45	1.96
587	157.08	161.31	42	0.65
588	108.86	93.86	45	1.67
589	184.02	130.48	45	0.96
Period: 43
Tasks:13
id	x	y	end	c
645	21.96	100.45	44	78.04
646	144.81	58.51	44	61.07
647	24.85	61.22	43	84.57
648	172.81	30.99	43	100.32
649	25.98	59.64	47	84.31
650	163.09	132.78	43	71.1
651	69.33	138.61	45	49.31
652	165.21	83.48	43	67.27
653	135.32	145.46	44	57.57
654	154.86	126.61	44	60.97
655	96.04	5.73	46	94.35
656	0.48	7.87	43	135.62
657	128.11	141.87	43	50.43
Drivers: 15
id	x	y	end	sensitivity
590	31.04	129.25	47	0.64
591	26.67	38.34	44	1.45
592	15.88	112.91	43	1.39
593	173.94	140.83	46	1.68
594	120.31	86.19	45	1.16
595	172.75	187.85	43	1.91
596	29.47	31.82	44	0.81
597	131.55	85.09	45	1.65
598	97.52	102.81	44	1.05
599	62.34	144.35	44	1.65
600	36.05	146.11	45	1.05
601	152.87	18.76	43	1.71
602	18.99	187.88	46	1.29
603	57.31	65.91	47	1.56
604	12.23	199.33	45	0.58
Period: 44
Tasks:18
id	x	y	end	c
658	131.75	44.72	45	63.75
659	165.81	92.43	46	66.24
660	86.3	189.38	45	90.42
661	198.97	34.21	46	118.84
662	77.43	104.27	45	22.97
663	93.79	68.12	44	32.48
664	122.52	66.26	45	40.57
665	93.4	127.22	45	28.01
666	15.35	157.05	45	102.08
667	161.24	136.12	44	71.1
668	93.19	23	46	77.3
669	71.12	117.25	45	33.64
670	14.05	67.46	46	91.9
671	196.39	95.72	45	96.48
672	125.17	18.11	46	85.67
673	95.72	160.53	45	60.68
674	36.21	78.64	48	67.27
675	35.84	75.54	46	68.66
Drivers: 8
id	x	y	end	sensitivity
605	33.16	86.19	44	0.84
606	124.6	156.55	44	1.01
607	180.42	13.75	46	0.85
608	24.66	44.22	46	1.33
609	26.34	165.6	44	1.08
610	131.52	108.37	46	1.1
611	9.81	77.13	46	1.21
612	125.95	85.59	45	1.98
Period: 45
Tasks:15
id	x	y	end	c
676	31.63	158.16	46	89.76
677	81.56	152.22	47	55.38
678	157.88	173.63	45	93.66
679	167.42	31.87	45	95.85
680	122.42	180.69	45	83.75
681	163.88	134.85	46	72.77
682	119.87	76.16	46	31.03
683	22.77	39.12	46	98.34
684	38.02	92.96	46	62.38
685	56.16	27.48	49	84.74
686	84.09	53.69	45	48.97
687	68.68	135.9	46	47.64
688	102.33	156.27	46	56.32
689	188.66	90.12	46	89.21
690	41.2	77.34	46	63.02
Drivers: 9
id	x	y	end	sensitivity
613	41.33	102.64	48	1.93
614	69.81	107.22	47	0.99
615	176.25	51.68	48	1.67
616	69.03	94.71	46	0.76
617	113.85	134.38	49	1.45
618	169.34	12.72	47	1.34
619	196.39	20.47	50	1.1
620	198.35	75.05	47	0.98
621	100.25	169.31	47	1.93
Period: 46
Tasks:10
id	x	y	end	c
691	110.77	3.34	46	97.26
692	197.91	76.47	46	100.7
693	86.55	110.95	46	17.34
694	75.25	24.45	47	79.5
695	26.11	100.64	49	73.89
696	119.65	167.24	48	70.05
697	59.04	104.99	46	41.26
698	84.77	164.26	46	66.04
699	41.11	123.63	46	63.45
700	148.78	133.97	46	59.44
Drivers: 15
id	x	y	end	sensitivity
622	133.81	194.22	49	1.86
623	26.75	178.04	47	0.64
624	168.34	174.53	49	0.92
625	189.99	192.96	47	0.8
626	16.04	81.58	48	1.93
627	91.8	151.28	46	0.99
628	48.75	91.64	48	1.23
629	137.56	111.32	47	1.03
630	50.65	144.11	49	1.44
631	67.43	42.01	50	1.71
632	163.26	111.43	48	1.9
633	199.54	136.44	48	1.49
634	77.21	181.37	47	0.55
635	102.21	119.74	49	1.85
636	28.29	74.68	46	1.3
Period: 47
Tasks:17
id	x	y	end	c
701	99.82	9.26	51	90.74
702	157.27	163.92	48	85.82
703	119.13	29.8	47	72.76
704	153.33	95.26	47	53.54
705	194.65	183.87	48	126.46
706	86.9	10.51	48	90.44
707	42.41	135.67	50	67.74
708	81.85	17.05	48	84.91
709	169.66	39.33	49	92.38
710	105.53	157.17	47	57.44
711	97.54	117.2	48	17.38
712	72.76	38.3	49	67.45
713	67.37	175.64	48	82.38
714	111.49	164.31	49	65.33
715	106.5	46.06	49	54.33
716	54.37	127.18	50	53.11
717	119.78	126.91	48	33.4
Drivers: 21
id	x	y	end	sensitivity
637	87.17	137.18	50	1.65
638	176.62	114.03	51	0.59
639	1.66	99.51	49	1.04
640	155.82	93.42	47	1.88
641	4.39	147.23	49	0.78
642	141.88	96.95	51	1.96
643	34.34	153.87	49	1.14
644	11.03	175.18	48	1.7
645	71.13	102.52	51	0.89
646	198.2	135.24	54	0.67
647	50.14	124.32	48	1.2
648	157.28	115.92	51	1.47
649	180.47	162.16	47	1.78
650	183.56	29.52	49	1.73
651	195.16	113.24	48	1.55
652	98.88	133.03	48	1.85
653	1.3	47.53	50	1.75
654	120.89	139.75	50	0.53
655	7.74	46	50	0.6
656	183.41	10.56	49	1.83
657	49.1	69.77	48	0.67
Period: 48
Tasks:11
id	x	y	end	c
718	98.43	18.31	51	81.71
719	195.65	159.59	49	112.69
720	64.48	77.3	48	42.15
721	93.39	27.78	51	72.52
722	70.81	6.75	48	97.71
723	93.62	40.91	49	59.43
724	195.2	95.76	49	95.29
725	112.22	119.04	48	22.62
726	73.4	126.8	49	37.76
727	125.08	104.3	50	25.45
728	108.75	170.63	49	71.17
Drivers: 19
id	x	y	end	sensitivity
658	0.75	34.66	49	0.87
659	180.96	83.75	52	0.56
660	140.51	152.29	48	1.09
661	161.92	47.69	50	0.6
662	187.67	150.03	50	0.87
663	125.62	159.06	49	1.19
664	167.93	194.57	50	0.8
665	195.83	170.1	50	1.76
666	141.99	142.09	49	1.1
667	131.53	65.5	49	1.01
668	42.66	76.46	49	1.13
669	112.4	40.25	50	1.25
670	146.33	113.33	50	1.03
671	78.36	118.23	50	0.55
672	3.1	77.71	52	0.86
673	81.76	22.29	53	1.23
674	76.31	38.86	51	1.87
675	193.27	29.32	48	0.79
676	30.52	76.56	51	1.21
Period: 49
Tasks:13
id	x	y	end	c
729	21.14	193.77	50	122.52
730	172.38	167.84	49	99.2
731	112.85	175.21	49	76.3
732	44.43	116.32	49	57.92
733	39.51	139.49	51	72.24
734	61.28	166.34	49	76.81
735	49.54	91.36	50	51.19
736	188.89	197.24	50	131.75
737	190.5	112.43	50	91.35
738	142.95	32.9	49	79.67
739	9.51	29.01	49	115.01
740	110.45	82.35	51	20.51
741	82.04	139.61	51	43.49
Drivers: 17
id	x	y	end	sensitivity
677	118.38	72.58	53	1.88
678	70.85	59.15	52	1.83
679	146.4	124.43	53	1.84
680	136.55	82.24	50	1.69
681	35.61	193.97	50	0.54
682	173.09	62.93	50	1.37
683	69.28	23.76	51	1.4
684	171.77	68.82	49	1.54
685	24.7	151.93	52	1.64
686	164.61	42.74	51	1.88
687	138.51	196.58	50	0.55
688	80.9	35.03	51	0.64
689	49.65	104.17	55	1.12
690	184.69	128.3	50	1.5
691	114.01	31.56	50	0.74
692	60.43	1.13	51	0.74
693	131.54	89.31	50	0.69
Period: 50
Tasks:12
id	x	y	end	c
742	59.42	70.84	51	49.97
743	185.98	148.82	51	98.87
744	110.28	167.11	50	67.89
745	165.73	7.07	51	113.83
746	153.95	171.26	50	89.38
747	60.2	88.38	52	41.46
748	93.62	70.94	51	29.75
749	185.87	48.03	50	100.37
750	163.76	70.33	51	70.33
751	126.63	38.16	52	67.33
752	144	81.07	50	47.9
753	68.2	90.25	51	33.26
Drivers: 17
id	x	y	end	sensitivity
694	37	22.99	55	1.32
695	78.99	144.63	52	0.98
696	117.13	156.48	52	1.49
697	38.96	13.79	53	1.2
698	113.3	3.86	50	1.73
699	69.68	50.92	52	1.8
700	57.38	127.69	51	1.6
701	44.25	140.82	54	0.66
702	135.43	124.06	50	1.89
703	19.93	136.14	52	0.92
704	161.43	86.5	50	0.95
705	88.28	41.44	50	1.92
706	168.37	56.52	52	0.55
707	121.86	36.78	53	1.97
708	106.77	179.11	53	1.33
709	45.32	116.96	50	1.87
710	45.22	115.92	52	0.97
Period: 51
Tasks:13
id	x	y	end	c
754	111.66	120.05	52	23.19
755	178.06	102.94	53	78.12
756	116.45	9.25	51	92.23
757	196.94	102.56	51	96.97
758	1.13	121.94	51	101.28
759	165.94	81.38	53	68.52
760	96.39	197	51	97.07
761	198.51	174.76	52	123.67
762	18.17	138.35	52	90.37
763	57.04	129.6	51	52.17
764	11.94	140.7	51	97.01
765	98.04	39.53	52	60.5
766	95.61	3.02	51	97.08
Drivers: 13
id	x	y	end	sensitivity
711	120.99	67.29	53	1.26
712	133.12	101.12	53	1.29
713	46.87	171.21	53	1.59
714	127.23	196.64	53	1.64
715	172.03	193.93	51	0.5
716	44.25	20.7	54	1.68
717	151.09	179.77	53	1.64
718	27.5	8.4	52	0.91
719	136.44	167.61	51	1.86
720	122.27	159.75	53	1.05
721	78.39	15.86	51	1.31
722	17.14	36.34	54	1.49
723	77.42	58.47	52	1.92
Period: 52
Tasks:15
id	x	y	end	c
767	140.03	184.67	54	93.66
768	41.23	163.69	55	86.66
769	103.18	86.39	54	13.98
770	22.38	50.09	52	92.28
771	118.83	169.34	53	71.85
772	133.4	50.33	54	59.86
773	82.35	47.81	54	55.09
774	174.14	57.18	52	85.62
775	81.24	153.59	53	56.78
776	181.62	186.06	53	118.61
777	183.07	22.07	53	113.9
778	133.42	176.96	53	83.9
779	160.81	129.04	52	67.39
780	99.52	69.11	52	30.89
781	68.66	24.7	53	81.56
Drivers: 14
id	x	y	end	sensitivity
724	48.82	188.71	54	0.6
725	123.27	73.68	52	1.58
726	24.69	14.43	54	1.29
727	16.57	80.96	55	0.64
728	100.09	167.13	53	1.39
729	26.63	121.34	52	1.91
730	175.22	183.36	55	0.69
731	147.31	80.1	53	1.91
732	0.12	33.54	53	0.68
733	2.69	82.7	54	1.72
734	83.22	44.87	54	1.15
735	16.87	135.87	56	1.33
736	48.28	75.62	53	0.6
737	68.13	133.75	52	1.18
Period: 53
Tasks:22
id	x	y	end	c
782	3.14	106.46	54	97.08
783	75.09	81.49	53	31.03
784	63.31	58.97	54	55.04
785	75.09	10.12	55	93.27
786	116.87	172.82	55	74.75
787	27.16	52.09	55	87.18
788	76.26	112.52	53	26.84
789	185.2	139.24	53	93.8
790	108.25	126.54	55	27.79
791	75.52	180.72	54	84.35
792	56.75	119	54	47.24
793	168.67	170.28	53	98.26
794	46.96	160.87	53	80.74
795	148.92	118.79	54	52.4
796	134.95	173.28	53	81.19
797	117.3	10.43	54	91.23
798	186.87	53.27	55	98.64
799	197.16	131.64	53	102.18
800	93.15	53.86	54	46.65
801	146.25	37.82	54	77.49
802	140.99	184.26	56	93.7
803	156.98	138.07	54	68.53
Drivers: 17
id	x	y	end	sensitivity
738	36.76	182.77	54	1.07
739	26.8	86.63	56	1.71
740	128.35	194.73	56	0.92
741	159.3	72.22	56	0.63
742	130.06	174.77	54	0.77
743	11.94	61.46	54	0.57
744	130.15	30.53	57	1.96
745	109.49	12.53	54	0.78
746	132.2	18.63	57	1.02
747	27.77	129.38	54	1.38
748	188.29	165.44	53	0.89
749	28.29	156.09	55	1.43
750	99.9	158.55	53	1.84
751	194.63	136.66	57	0.54
752	177.23	188.24	55	1.52
753	125.04	58.11	55	1.55
754	15.98	66.66	57	0.77
Period: 54
Tasks:9
id	x	y	end	c
804	90.4	116.63	56	19.2
805	57.4	156.1	55	70.44
806	39.28	157.56	55	83.67
807	181.97	106.95	56	82.26
808	64.84	168.31	56	76.83
809	184.42	62.1	54	92.54
810	9.88	132.5	55	95.8
811	12	199.43	55	132.78
812	110.23	30.7	54	70.05
Drivers: 11
id	x	y	end	sensitivity
755	101.05	88.11	57	1.42
756	65.55	174.97	55	0.74
757	82.48	96.63	54	1.78
758	4.47	187.34	55	0.76
759	150.85	71.74	59	0.89
760	16.65	30.42	55	1.02
761	97.99	77.1	56	1.42
762	94.03	190.24	57	1.28
763	129.9	170.64	56	0.51
764	21.97	105	54	1.96
765	171.77	189.87	55	0.59
Period: 55
Tasks:15
id	x	y	end	c
813	22.05	92.94	56	78.27
814	64.76	150.24	55	61.37
815	0.05	66.51	57	105.41
816	86.25	73.6	57	29.77
817	19.06	9.79	57	121.2
818	157.78	46.38	58	78.83
819	175.16	172.73	57	104.59
820	135.14	64.28	56	50.11
821	51.01	75.33	56	54.85
822	76.17	105.11	56	24.37
823	133.32	141.68	55	53.36
824	133.87	80.95	55	38.86
825	172.03	138.51	57	81.68
826	116.82	23.33	56	78.49
827	25.78	129.2	55	79.76
Drivers: 22
id	x	y	end	sensitivity
766	27.48	159.42	57	0.73
767	0.83	83.27	58	1.52
768	126.23	73.88	59	1.36
769	197.95	55.04	57	0.68
770	155.88	197.73	55	1.55
771	122.42	104.73	57	1.09
772	109.08	44.07	55	1.36
773	131.08	85.94	57	1.62
774	168.48	170.43	55	1.47
775	58.59	34.63	56	1.71
776	178.66	160.09	56	1.46
777	33.68	101.98	57	1.65
778	157.62	138.85	57	0.87
779	155.66	50.08	57	1.91
780	50.46	165.32	58	0.96
781	123.98	100.53	56	0.65
782	34.56	92.19	56	1.42
783	96.01	101.67	57	1.28
784	80.46	123.66	57	1.43
785	136.83	131.08	60	1.35
786	138.82	30.6	57	0.99
787	112.61	37.42	58	1.15
Period: 56
Tasks:17
id	x	y	end	c
828	191.42	29.29	57	115.57
829	155.51	190.1	56	105.83
830	55.03	158.33	56	73.65
831	82.77	147.28	60	50.32
832	52.79	199.88	56	110.48
833	105.65	175.42	56	75.63
834	88.42	14.95	57	85.83
835	138.88	9.69	58	98.32
836	48.96	147.89	56	69.99
837	50.36	79.28	59	53.79
838	6.13	30.77	59	116.64
839	5.22	133.71	58	100.6
840	28.56	140.92	58	82.33
841	3.23	35.44	56	116.33
842	89.86	153.29	56	54.25
843	99.92	118.21	56	18.21
844	19.42	156.87	56	98.63
Drivers: 8
id	x	y	end	sensitivity
788	1.34	89.34	58	1.14
789	140.51	10.48	60	1.16
790	71.83	66.38	58	1.66
791	73.9	4.08	59	1.92
792	197.55	53.76	60	1.64
793	18.03	65.49	58	0.67
794	95.07	47.27	58	1.79
795	26.73	163.72	57	1.48
Period: 57
Tasks:15
id	x	y	end	c
845	118.3	88.42	58	21.66
846	196.31	197.76	60	137.23
847	41.68	35.29	60	87.11
848	193.83	113.94	58	94.86
849	149.42	106.33	57	49.82
850	35.14	156.52	57	86.03
851	173.92	66.87	58	81
852	34.68	46.05	58	84.72
853	115.02	171.73	57	73.29
854	10.75	28.41	57	114.41
855	198.77	3.15	60	138.33
856	70.58	145.29	57	54.01
857	4.31	36.26	60	114.98
858	69.06	40.1	58	67.42
859	72.38	119.51	57	33.82
Drivers: 8
id	x	y	end	sensitivity
796	70.65	197.59	60	1.47
797	34.91	84.53	58	1.53
798	54.21	81.19	61	1.02
799	186.92	192.95	58	0.94
800	44.11	191.39	57	1.28
801	28.72	162.84	61	1.08
802	13.53	123.95	59	1.24
803	191.03	157.12	59	1.45
Period: 58
Tasks:18
id	x	y	end	c
860	166.94	13.35	60	109.5
861	150.66	138.43	59	63.59
862	96.61	199.73	58	99.79
863	108.91	149.12	59	49.92
864	179.94	102.24	59	79.97
865	89.44	79.36	59	23.18
866	57.14	94.73	58	43.18
867	47.63	150.84	58	72.99
868	97.63	195.18	59	95.21
869	174.55	24.01	59	106.45
870	192.08	153.77	59	106.63
871	141.92	14.55	59	95.18
872	84.1	195.37	59	96.69
873	167.02	170.11	59	96.99
874	155.01	48.75	59	75.18
875	157.15	125	58	62.38
876	25.55	165.47	60	99.14
877	186.25	39.97	58	105.08
Drivers: 23
id	x	y	end	sensitivity
804	92.32	69.68	60	0.9
805	113.25	9.39	58	1.88
806	122.13	156.39	58	0.63
807	130.88	49.83	60	1.39
808	86.68	165.11	62	0.57
809	59.25	152.98	61	0.89
810	146.48	80.2	59	0.77
811	39.38	77.91	60	0.57
812	140.38	30.78	59	1.01
813	44.28	55.85	59	1.35
814	180.63	64.1	60	1.39
815	23.41	56.46	63	0.72
816	110.8	182.71	59	1.59
817	11.33	69.81	61	0.62
818	86.92	195.09	60	0.66
819	70.57	185.61	60	1.32
820	11.96	8.82	62	0.88
821	92.73	177.95	60	0.91
822	91.09	9.66	60	0.67
823	101.91	140.95	59	1.21
824	181.62	119.85	58	1.23
825	11.95	19.08	59	1.87
826	93.21	128.26	60	1.87
Period: 59
Tasks:20
id	x	y	end	c
878	105.64	112.52	61	13.73
879	190.23	35.24	59	111.06
880	185.4	25.09	59	113.6
881	84.96	35.64	59	66.09
882	196.94	128.75	60	101.11
883	181.04	109.98	61	81.65
884	43.07	25.5	59	93.76
885	67.8	4.99	61	100.32
886	50.92	100.58	59	49.08
887	81.86	104.05	62	18.59
888	55.22	132.99	60	55.62
889	169.93	176.16	62	103.4
890	15.89	164.95	59	106.27
891	90.8	6.42	60	94.03
892	11.84	180.22	61	119.19
893	25.39	52.1	59	88.66
894	131.78	112.78	60	34.25
895	190.53	38.6	61	109.39
896	80.62	95.12	61	19.98
897	89.75	140.02	59	41.31
Drivers: 15
id	x	y	end	sensitivity
827	127.81	148.42	60	0.6
828	145.27	95.23	61	1.38
829	82.71	174.13	60	0.92
830	100.15	94.77	60	0.6
831	115.16	177.4	62	1.24
832	107.76	131.36	61	0.68
833	162.83	88.73	61	1.43
834	198.73	63.89	61	1.86
835	148.73	123.61	61	0.93
836	81.31	89.76	60	0.89
837	17.09	167.24	59	1.09
838	68.18	70.51	62	0.65
839	90.09	124.82	60	1.86
840	157.75	149.07	60	0.61
841	78.5	197.47	63	1.45
Period: 60
Tasks:16
id	x	y	end	c
898	38.06	3.67	60	114.53
899	171.05	18.23	60	108.33
900	159.69	197.4	61	114.24
901	99.2	65.2	60	34.81
902	62.06	13.56	60	94.4
903	132.62	14.91	60	91.13
904	149.34	48.63	61	71.23
905	163.9	4.1	61	115.24
906	157.88	0.67	60	114.96
907	95.81	83.48	61	17.04
908	180.52	127.31	62	85.03
909	28.26	98.84	61	71.75
910	38.63	140	60	73.25
911	89.8	37.72	62	63.11
912	19.58	80.59	61	82.73
913	133.25	169.84	62	77.35
Drivers: 16
id	x	y	end	sensitivity
842	150.1	146.16	61	1.81
843	94.1	133	62	0.77
844	85.25	177.74	60	1.44
845	30.32	61.41	61	1.76
846	128	184.61	62	1.33
847	25.13	147.39	60	1.62
848	158.89	38.58	62	1.78
849	172.29	87.4	61	1.52
850	98.66	149.09	61	0.68
851	118.18	136.73	65	1.52
852	40.08	53.39	63	1.42
853	105.01	5.32	65	0.98
854	49.5	7.36	68	1.66
855	183.93	58.39	61	1.29
856	115.2	176.08	64	0.9
857	198.44	83.09	62	1.17
Period: 61
Tasks:11
id	x	y	end	c
914	12.91	19.72	61	118.45
915	56.29	185.23	62	95.78
916	79.33	50.08	64	54.03
917	111.87	158.62	63	59.81
918	56.18	193.38	61	103.15
919	98.37	135.1	62	35.14
920	16.5	45.44	61	99.74
921	183.79	50.11	62	97.52
922	186.54	192.26	64	126.5
923	113.48	160.76	61	62.24
924	52.77	75.89	63	53.03
Drivers: 12
id	x	y	end	sensitivity
858	5.13	173.29	62	1.5
859	178.22	195.29	62	0.52
860	173.81	124.03	64	1.78
861	181.78	184.35	63	0.71
862	12.49	8.37	63	1.55
863	184.06	155.41	67	0.58
864	146.04	99.63	63	1.58
865	198.43	129.34	66	0.7
866	97.56	142.16	64	0.99
867	136.6	70.75	62	0.88
868	159.77	155.21	63	1
869	40.8	6.76	63	0.62
Period: 62
Tasks:11
id	x	y	end	c
925	178.09	141.14	63	88.26
926	15.64	90.59	62	84.88
927	174.01	10.35	64	116.25
928	46.2	83.1	63	56.39
929	156.29	142.11	64	70.3
930	75.32	56.18	63	50.29
931	65.72	24.43	62	82.98
932	31.15	114.95	62	70.45
933	183.87	0.07	65	130.46
934	197.81	121.05	63	100.05
935	173.38	57.09	64	85.01
Drivers: 21
id	x	y	end	sensitivity
870	78.98	47.3	65	1.37
871	172.72	6.02	63	1.82
872	85.28	49.33	66	1.03
873	111.35	52.86	62	1.8
874	14.77	159.08	63	1.91
875	176.01	96.26	65	0.98
876	76.07	152.95	62	0.8
877	113.78	168.35	65	1.95
878	186.32	51.6	63	1.82
879	199.81	23.29	62	0.87
880	40.03	108.4	63	1.17
881	164.02	154.4	63	1.09
882	176.73	118.16	64	1.95
883	192.79	174.86	63	1.69
884	165.68	162.82	63	0.7
885	24.43	81.64	63	0.57
886	153.61	46.95	64	0.83
887	164.33	142.99	62	1.11
888	17.98	96.38	63	1.46
889	57.79	45.51	64	1.52
890	144.91	76.51	62	0.67
Period: 63
Tasks:19
id	x	y	end	c
936	4.88	172.73	63	119.74
937	182.67	190.52	64	122.59
938	2.82	121.07	65	99.44
939	0.44	126.75	65	103.09
940	167.34	154.49	63	86.62
941	174.35	127.6	65	79.31
942	105.93	60.61	63	39.83
943	160.22	78.3	64	64.01
944	73.71	34.42	63	70.65
945	119.91	60.49	63	44.24
946	98.15	85.84	65	14.28
947	162.86	51.29	65	79.52
948	157.13	24.27	66	94.86
949	190.7	174.69	63	117.5
950	15.93	93.75	63	84.3
951	123.2	115	64	27.63
952	97.49	63.81	64	36.28
953	97.98	158.21	64	58.25
954	57.8	42.77	63	71.11
Drivers: 15
id	x	y	end	sensitivity
891	130.8	130.39	63	1.28
892	160.4	145.64	65	0.96
893	89.22	99.01	67	1.72
894	167.36	65.75	67	0.6
895	199.13	166.8	64	1.08
896	0.72	185.74	64	1.48
897	21.68	81.83	66	0.72
898	69.63	127.18	65	1.91
899	155.87	107.36	69	0.76
900	81.1	124.68	66	0.64
901	188.03	122.44	67	1.66
902	14.54	124.08	65	0.74
903	35.84	25.4	68	1.21
904	41.91	132.08	64	0.95
905	14.75	168.62	64	1.5
Period: 64
Tasks:14
id	x	y	end	c
955	28.59	0.03	64	122.86
956	130.44	129.28	64	42.24
957	57.92	128.51	66	50.83
958	9.97	175.52	66	117.51
959	45.9	179.87	65	96.47
960	47.42	3.75	64	109.68
961	162.16	113.68	65	63.65
962	17.86	68.21	65	88.08
963	87.88	46.95	64	54.42
964	104.55	172.31	67	72.45
965	106.43	51.06	64	49.36
966	36.96	107.54	66	63.49
967	197.28	44.52	66	111.99
968	72.64	85.63	65	30.9
Drivers: 13
id	x	y	end	sensitivity
906	164.25	118.16	66	1.1
907	20.8	19.18	66	1.21
908	24.86	44.86	64	1.66
909	178.75	154.88	66	1.77
910	13.59	170.13	65	1.03
911	27.37	193.07	66	0.58
912	126.92	8.04	67	1.55
913	98.93	182.82	68	0.78
914	150.59	57.52	67	0.88
915	98.04	10.33	67	0.65
916	158.32	185.08	69	0.89
917	99.69	149.32	66	1.87
918	85.33	178.79	68	1.4
Period: 65
Tasks:10
id	x	y	end	c
969	147.62	14.89	67	97.53
970	166.96	74.06	66	71.81
971	36.92	100.33	66	63.08
972	95.88	185.18	68	85.28
973	8.4	147.67	65	103.26
974	87.12	144.33	67	46.16
975	91.48	129.16	66	30.38
976	15.32	81.92	65	86.59
977	26.42	12.79	65	114.1
978	162.02	140.56	67	74.11
Drivers: 15
id	x	y	end	sensitivity
919	39.02	63.7	68	0.87
920	75.19	113.26	67	1.36
921	137.14	142.47	67	1.2
922	87.49	29.9	67	1.66
923	0.01	91.26	69	0.99
924	135.31	115.3	66	0.53
925	134.52	149.83	66	1.06
926	122.84	152.69	68	1.6
927	109.77	99.87	66	1.89
928	33.77	72.89	69	1.05
929	19.12	11.82	67	1.34
930	110.81	168.93	68	0.65
931	176.96	148.65	66	1.48
932	85.3	133.82	69	1.83
933	145.53	120.63	70	1.81
Period: 66
Tasks:18
id	x	y	end	c
979	180.05	128.56	69	84.99
980	144.24	185.36	68	96.14
981	92.17	150.9	66	51.5
982	9.19	118.92	68	92.76
983	193.07	172.43	67	117.93
984	43.5	64.03	68	66.98
985	52.16	93.27	67	48.31
986	72.14	121.93	67	35.46
987	14.77	30.29	66	110.11
988	172.17	68.57	67	78.72
989	60.9	21.52	68	87.68
990	154.05	48.12	66	74.92
991	135.91	40.78	66	69.26
992	130.53	56.94	66	52.78
993	148.33	190.61	66	102.69
994	168.25	161.36	67	91.78
995	30.7	117.64	67	71.51
996	48.77	131.69	67	60.24
Drivers: 15
id	x	y	end	sensitivity
934	29.93	57.46	68	1.27
935	4.52	71.09	67	0.64
936	41.45	162.86	69	0.68
937	39.9	179.91	66	1.23
938	125.85	30.25	67	1.8
939	31.82	71.45	68	1.35
940	195.12	89.39	69	1.27
941	187.92	161.12	67	0.64
942	18.98	189.95	66	0.51
943	11.99	121.65	68	1.92
944	168.59	24	68	1.98
945	44.72	187.29	68	1.3
946	36.71	142.63	67	0.65
947	22.44	26.4	68	1.27
948	117.87	68.17	68	0.55
Period: 67
Tasks:16
id	x	y	end	c
997	178.77	10.2	68	119.45
998	181.25	106.52	68	81.51
999	86.7	77.31	69	26.3
1000	87.91	35.19	69	65.93
1001	14.7	16.24	67	119.55
1002	111.28	148.6	69	49.89
1003	30.74	16.72	68	108.32
1004	32.31	64.75	69	76.32
1005	101.87	28.82	67	71.2
1006	189.52	105.9	67	89.71
1007	31.25	45.24	68	87.89
1008	73.77	29.16	67	75.54
1009	67.67	22.6	68	83.88
1010	114.91	6.16	69	95.02
1011	80.24	121.47	67	29.18
1012	24.59	67.12	67	82.27
Drivers: 19
id	x	y	end	sensitivity
949	176.54	183.97	69	0.96
950	44.05	111.11	69	0.86
951	117.45	56.62	71	1.03
952	16.49	50.09	67	1.6
953	39.5	9.46	68	1.24
954	198.54	182.33	70	1.4
955	64.35	29.62	71	1.61
956	100.76	45.32	68	1.19
957	112.91	8.5	72	1.85
958	141.47	74.82	69	0.84
959	11.74	38.37	69	0.85
960	35.72	179.55	69	1.03
961	111.44	57.08	69	1.32
962	197.72	151.14	67	1.12
963	38.9	198.31	69	1.19
964	81.48	16.72	70	0.6
965	61.73	44.4	68	1.49
966	158.09	82.28	72	0.85
967	145.45	22.39	68	0.71
Period: 68
Tasks:15
id	x	y	end	c
1013	140.06	5.5	68	102.64
1014	180.66	18.83	71	114.43
1015	151.34	146.89	69	69.53
1016	45.44	37.34	69	83.08
1017	68.15	133.42	70	46.17
1018	4.91	100.33	69	95.09
1019	136.15	57.37	68	55.89
1020	62.16	62.75	69	53.1
1021	135.76	76.21	69	42.95
1022	184.09	105.54	68	84.27
1023	98.56	151.82	68	51.84
1024	56.09	122.52	68	49.35
1025	177.75	32.98	69	102.65
1026	12.3	185.35	70	122.38
1027	24.44	189.82	68	117.38
Drivers: 18
id	x	y	end	sensitivity
968	111.15	146.28	69	1.19
969	53.99	190.82	69	0.9
970	194.52	88.15	70	0.6
971	123.84	30.61	69	1.45
972	78.23	83.42	70	1.09
973	167.04	68.63	70	1.63
974	53.39	63.96	71	1
975	73.96	142.08	73	0.51
976	119.42	37.11	70	0.73
977	107.63	85.5	68	1.3
978	187.51	197.34	73	0.71
979	15.79	168.85	70	1.17
980	59.31	136.34	70	0.81
981	66.07	116.58	68	0.52
982	26.57	91.56	70	0.81
983	93	157.97	69	0.63
984	100.75	130.68	73	1.58
985	55.71	114.81	68	1.82
Period: 69
Tasks:18
id	x	y	end	c
1028	195.04	180.76	69	124.72
1029	129.5	174.89	71	80.49
1030	118.43	64.78	73	39.75
1031	143.14	165.97	70	78.82
1032	123.28	160.84	69	65.14
1033	92.13	172.44	72	72.87
1034	36.88	152.66	69	82.2
1035	114.4	40.81	69	60.92
1036	152.46	160.95	69	80.42
1037	90.52	21.82	69	78.75
1038	49.98	90.7	69	50.88
1039	79.31	50.86	69	53.32
1040	166.18	131.57	70	73.32
1041	178.48	182.83	70	114.1
1042	188.41	128.34	71	92.84
1043	175.33	153.85	70	92.6
1044	60.32	125.75	71	47.3
1045	49.37	55.47	69	67.43
Drivers: 15
id	x	y	end	sensitivity
986	199.35	66.51	72	0.68
987	112.07	67.25	69	0.68
988	156.82	51.49	70	0.56
989	185.55	162.6	72	1.53
990	165.97	81.01	70	1
991	189.93	83.13	70	1.39
992	37.8	105.71	70	1.92
993	60.98	119.08	72	1.95
994	103.98	63.85	72	1.78
995	11.84	29.69	70	0.91
996	82.61	38.65	72	0.68
997	198.53	174.31	69	1.55
998	37.89	100.03	74	0.87
999	175.36	12.19	70	1.41
1000	193.37	72.23	70	1.84
Period: 70
Tasks:20
id	x	y	end	c
1046	197.75	60.98	71	105.25
1047	106.44	78.51	70	22.43
1048	11.48	183.92	72	121.98
1049	59.28	30.67	72	80.4
1050	113.56	18.02	72	83.09
1051	111.36	185.52	72	86.27
1052	185.62	43.25	73	102.72
1053	48.91	184.81	70	99.01
1054	66.28	117.18	72	37.84
1055	26.02	21.09	72	108.17
1056	5.44	79.43	72	96.77
1057	64.5	148.07	70	59.76
1058	46.29	34.71	70	84.54
1059	170.23	161.1	71	93.09
1060	83.36	10.14	71	91.39
1061	110.45	190.79	71	91.39
1062	64.34	106.3	70	36.21
1063	111.37	12.07	71	88.66
1064	14.31	194.29	72	127.41
1065	150.47	151.58	74	72.16
Drivers: 14
id	x	y	end	sensitivity
1001	18.78	47.93	72	1.49
1002	15.56	196.83	74	1.22
1003	12.57	149.63	73	1.98
1004	72.22	179.61	72	1.93
1005	150.44	199.87	74	0.52
1006	46.09	34.82	71	1.13
1007	29.94	103.9	71	1.8
1008	130.95	107.31	73	1.36
1009	36.29	131.83	72	1.98
1010	123.77	116.35	73	1.81
1011	92.79	183.66	72	0.83
1012	77.5	32.07	71	1.33
1013	53.11	67.53	73	1.52
1014	175.85	99.79	71	0.68
Period: 71
Tasks:13
id	x	y	end	c
1066	121.44	70.75	72	36.27
1067	177.41	10.45	73	118.37
1068	92.8	189.23	72	89.52
1069	121.59	28.43	71	74.76
1070	176.59	27.5	72	105.46
1071	141.33	99.11	73	41.34
1072	74.84	57.01	71	49.81
1073	115.12	195.35	72	96.54
1074	67.13	87.59	73	35.13
1075	56.82	178.27	71	89.39
1076	127.28	17.09	75	87.28
1077	31.8	28.3	72	98.96
1078	139.42	192.01	72	100.1
Drivers: 10
id	x	y	end	sensitivity
1015	129.37	161.1	72	1.96
1016	132.09	174.42	73	1.6
1017	189.51	18.26	73	1.48
1018	74.9	90.95	75	1.93
1019	72.46	50.49	73	0.8
1020	199.22	59.35	72	1.56
1021	81.39	160.62	71	1.12
1022	198.17	39.05	71	1.9
1023	44.27	88.79	75	1.83
1024	194.22	59.34	71	1.54
Period: 72
Tasks:18
id	x	y	end	c
1079	182.35	37.78	74	103.21
1080	18.2	140.17	73	91.13
1081	98.02	178.69	72	78.71
1082	138.42	112.27	74	40.33
1083	199.23	195.85	72	137.96
1084	79.65	150.85	76	54.77
1085	30.26	78.71	72	72.92
1086	128.16	183.03	73	87.68
1087	97.31	79.51	73	20.67
1088	3.71	73.8	72	99.79
1089	84.55	68.99	73	34.65
1090	124.46	13.23	72	90.15
1091	29.9	106.41	74	70.39
1092	36.28	112.15	73	64.87
1093	126.82	158.06	73	63.96
1094	45.95	90.52	73	54.88
1095	142.55	2.15	73	106.7
1096	175.29	71.4	73	80.54
Drivers: 13
id	x	y	end	sensitivity
1025	128.03	91.85	75	1.52
1026	14.88	132.95	72	1.12
1027	47.1	61.27	75	0.66
1028	1.99	73.35	75	1.74
1029	142.02	190.06	73	1.84
1030	66.8	6.08	75	0.69
1031	16.29	96.96	73	1.62
1032	74.6	37.68	74	0.84
1033	90.21	74.66	74	0.75
1034	143.95	188.19	73	1.88
1035	137.08	113.28	74	0.95
1036	159.76	40.75	74	1.82
1037	152.51	176.56	73	1.83
Period: 73
Tasks:14
id	x	y	end	c
1097	40.66	9.57	75	108.16
1098	83.82	102.02	74	16.31
1099	38.99	7.73	75	110.62
1100	111.6	41.12	73	60.01
1101	17.85	167.15	73	106.1
1102	56.32	151.26	74	67.35
1103	170.18	168.99	74	98.41
1104	9.91	131.32	74	95.38
1105	101.23	9.62	73	90.39
1106	113.38	12.32	73	88.7
1107	115.59	132.68	73	36.21
1108	152.81	50.54	74	72.35
1109	151.12	160.81	75	79.44
1110	32.39	148.85	73	83.41
Drivers: 16
id	x	y	end	sensitivity
1038	84.99	122.95	75	1.05
1039	178.39	179.73	73	1.38
1040	197.41	189.15	73	1.2
1041	44.09	11.33	76	0.95
1042	61.22	195.39	74	0.57
1043	131.7	144	75	0.79
1044	162.95	131.82	75	1.18
1045	69.73	166.13	75	1.81
1046	140.66	182.77	76	0.52
1047	105.12	159.41	74	1.5
1048	81.23	134.93	75	1.05
1049	134.64	51.32	75	1.21
1050	158.52	34.87	75	1.09
1051	149.03	37	75	1.27
1052	127.61	155.87	77	1.27
1053	92.97	96.87	78	1.38
Period: 74
Tasks:14
id	x	y	end	c
1111	24.8	53.62	75	88.35
1112	180.26	129.39	75	85.47
1113	174.83	87.37	75	75.89
1114	188.97	156.29	76	105.28
1115	193.99	61.86	75	101.43
1116	117.65	122.88	75	28.9
1117	191.18	5.63	74	131.22
1118	162.7	88.45	74	63.75
1119	76.39	52.33	75	53.2
1120	162.97	142.58	75	76.01
1121	160.52	6.8	75	111.13
1122	22.54	123.83	75	81.04
1123	196.22	177.75	74	123.71
1124	27.34	138.45	75	82.21
Drivers: 16
id	x	y	end	sensitivity
1054	49.99	14.32	75	1.51
1055	169.4	169.79	75	0.55
1056	16.22	57.07	77	0.55
1057	122.22	153.69	77	1.11
1058	92.45	190.44	74	1.48
1059	77.44	141.69	74	1.86
1060	38.89	66.28	77	0.62
1061	106.17	1.13	77	1.3
1062	196.75	33.23	74	1.08
1063	196.5	8.09	77	0.92
1064	153.64	64.96	75	0.82
1065	194.5	92.77	74	1.7
1066	72.79	96.85	76	0.85
1067	139.56	134.16	75	1.19
1068	175.99	94.46	75	1.52
1069	32.64	119.43	76	1.51
Period: 75
Tasks:17
id	x	y	end	c
1125	119.15	70.91	75	34.83
1126	78.88	174.93	76	77.85
1127	138.64	87.1	75	40.74
1128	38.34	74.01	75	66.91
1129	65.58	71.78	75	44.51
1130	69.64	96.94	76	30.51
1131	198.45	22.75	77	125.14
1132	140.34	18.73	76	90.73
1133	77.1	91.16	76	24.55
1134	34.2	198.03	76	118.07
1135	91.65	86.91	75	15.53
1136	146.27	61.93	76	59.92
1137	32.02	174.89	75	101.14
1138	65.89	90.4	75	35.44
1139	50.5	122.75	77	54.48
1140	20.15	103.03	76	79.91
1141	61.81	28.06	76	81.45
Drivers: 10
id	x	y	end	sensitivity
1070	86.27	181.12	76	0.54
1071	50.26	107.87	80	1.26
1072	17.3	78.88	76	1.18
1073	104.22	104.52	78	0.68
1074	15.85	85.48	76	0.69
1075	19.12	159.49	76	0.8
1076	63.26	82.9	75	1.27
1077	89.97	141.97	77	0.79
1078	196.89	155.14	77	1.48
1079	34.06	162.58	78	0.77
Period: 76
Tasks:15
id	x	y	end	c
1142	87.57	56.08	76	45.65
1143	29.26	152.94	77	88.36
1144	59.54	135.56	76	53.87
1145	0.97	108.75	78	99.42
1146	178.07	176.49	76	109.3
1147	198.99	166.86	76	119.45
1148	112.56	166.7	76	67.87
1149	49.06	132.99	77	60.69
1150	99.34	132.68	76	32.69
1151	85.25	71.47	76	32.12
1152	85.74	97.47	78	14.48
1153	174.95	55.94	78	86.94
1154	192.01	107.9	77	92.35
1155	64.4	65.98	76	49.24
1156	136.95	82.69	77	40.8
Drivers: 17
id	x	y	end	sensitivity
1080	169.43	82.46	77	1.7
1081	155.04	183.17	80	1.67
1082	28.62	35.4	82	0.76
1083	123.18	122.44	76	1.33
1084	112.28	15.05	78	1.29
1085	104.29	46.82	78	1.08
1086	103.17	155.37	80	0.98
1087	99.36	81.33	77	1.52
1088	90.64	131.67	77	0.63
1089	97.02	165.36	81	1.65
1090	10.25	10.1	79	1.25
1091	90.26	24.78	76	1.09
1092	95.83	8.56	78	1.55
1093	155.39	6.48	80	1.58
1094	34.8	63.1	78	0.9
1095	21.32	96.69	78	1.23
1096	56.14	120.47	78	0.59
Period: 77
Tasks:13
id	x	y	end	c
1157	158.15	2.43	77	113.58
1158	5.62	35.99	78	114.04
1159	27.25	107.31	77	73.12
1160	36.52	90.23	79	64.23
1161	117.76	191.41	77	93.12
1162	161.32	174.52	79	96.51
1163	91.81	76.44	79	24.94
1164	58.91	183.16	77	92.76
1165	15.72	163.89	77	105.76
1166	42.62	124.54	77	62.41
1167	141.03	173.32	79	84.02
1168	44.76	131.09	77	63.39
1169	50.28	193.77	78	106.14
Drivers: 20
id	x	y	end	sensitivity
1097	121	69.25	78	0.66
1098	108.18	20.59	79	1.72
1099	185.77	80.56	78	1.8
1100	106.31	67.6	83	1.05
1101	27.2	147.96	78	1.42
1102	191.06	188.54	78	1.97
1103	71.28	49.67	80	1.7
1104	1.76	135.93	80	1.17
1105	134.84	70.13	77	1.18
1106	1.44	164.83	79	0.73
1107	71.61	81.85	79	1.09
1108	116.4	8.27	79	1.53
1109	10.66	63.43	78	0.87
1110	151.56	22.77	78	1.59
1111	14.47	23.39	78	1.39
1112	199.05	23.27	77	1.78
1113	166.76	47.63	78	1.05
1114	152.99	149.24	77	1.93
1115	112.35	190.79	78	1.52
1116	173.43	86.07	78	1.31
Period: 78
Tasks:15
id	x	y	end	c
1170	55.67	60.35	78	59.47
1171	18.8	8.6	79	122.26
1172	97.75	157.54	79	57.58
1173	35.22	194.07	78	114.22
1174	167.98	127.5	79	73.33
1175	22.14	49.32	79	92.9
1176	122.98	56.95	78	48.8
1177	117.48	83.79	79	23.84
1178	110.56	145.38	81	46.59
1179	152.37	115.77	79	54.69
1180	28.54	182.91	79	109.46
1181	10.84	173.58	81	115.6
1182	56.8	25.02	79	86.53
1183	67.75	92.72	79	33.06
1184	175.35	131.36	78	81.62
Drivers: 16
id	x	y	end	sensitivity
1117	181.61	81.01	79	1.72
1118	189.1	175.92	80	1.08
1119	94.7	138.77	79	1.43
1120	108.66	70.69	78	1.84
1121	57.04	159.03	81	1.94
1122	87.55	40.06	78	1.35
1123	96.54	66.21	81	1.51
1124	77.68	12.6	78	1.3
1125	107.45	89.22	79	1.58
1126	116.78	162.33	80	0.83
1127	131.07	0.43	80	1.24
1128	80.88	149.38	79	1.72
1129	189.32	163.56	81	0.67
1130	146.79	126.05	79	1.15
1131	148.68	27.9	79	1.03
1132	145.69	13.84	79	1.59
Period: 79
Tasks:7
id	x	y	end	c
1185	30.93	20.08	79	105.63
1186	25.9	138.04	80	83.29
1187	39.9	59.73	81	72.34
1188	99.16	183.47	80	83.47
1189	180.18	55.72	79	91.59
1190	157.15	188.3	80	105.18
1191	88.97	2.57	80	98.05
Drivers: 13
id	x	y	end	sensitivity
1133	76.09	38.1	81	1.61
1134	126.35	173.1	79	1.75
1135	2.44	72.79	79	1.68
1136	99.74	48.42	83	0.91
1137	126.11	168.93	81	1.08
1138	152.63	191.09	79	1.96
1139	121.57	25.88	81	1.63
1140	198.04	73.04	80	1.24
1141	15.34	141.59	82	0.75
1142	5.28	58.12	80	1.76
1143	197.78	18.58	82	0.72
1144	22.11	160.9	82	1.43
1145	89.67	177.21	79	0.72
Period: 80
Tasks:13
id	x	y	end	c
1192	171.24	105.71	82	71.47
1193	14.16	50.41	81	99.13
1194	149.52	57.02	80	65.57
1195	99.2	30.08	83	69.92
1196	26.76	140.52	82	83.7
1197	36.04	123.55	80	68.16
1198	61.77	4.18	80	103.16
1199	71.88	127.75	81	39.51
1200	29.36	134.21	80	78.49
1201	105.25	155.49	81	55.74
1202	157.11	97.44	82	57.17
1203	92.54	143.6	81	44.23
1204	79.09	92.34	81	22.27
Drivers: 17
id	x	y	end	sensitivity
1146	143.66	161.46	81	1.47
1147	81.36	104.86	82	1.81
1148	114.98	22.62	85	1.63
1149	60.82	104.05	81	1.37
1150	107.02	67.59	82	1.05
1151	14.29	17.67	83	1.44
1152	3.99	147.89	84	0.87
1153	39	155.24	80	0.86
1154	49.89	11.04	82	1.24
1155	183.46	77.84	85	0.83
1156	172.05	70.2	84	1.45
1157	88.4	119.31	80	1.27
1158	140.5	22.27	82	0.52
1159	147.35	1.25	80	1.76
1160	173.89	124.44	81	0.62
1161	101.77	57.04	82	1.43
1162	139.17	97.57	83	0.81
Period: 81
Tasks:17
id	x	y	end	c
1205	175.51	186.22	82	114.61
1206	81.97	15.72	83	86.19
1207	53.62	50.81	81	67.61
1208	54.15	16.17	82	95.55
1209	59.97	165.09	81	76.41
1210	48.05	124.51	85	57.44
1211	168.57	120.83	82	71.66
1212	99.14	42.05	82	57.96
1213	188.4	151.99	83	102.55
1214	90.74	29.59	81	71.02
1215	35.38	120.67	83	67.85
1216	122.02	95.49	83	22.48
1217	135.3	117.68	81	39.48
1218	121.16	25.42	81	77.52
1219	3.07	83	81	98.41
1220	28.05	64.38	81	80.28
1221	145.24	184.71	83	96.03
Drivers: 16
id	x	y	end	sensitivity
1163	150.94	94.52	84	0.57
1164	30.92	6.04	82	1.9
1165	93.76	172.57	82	0.52
1166	59.86	174.95	82	1.05
1167	70.43	194.66	85	1.32
1168	126.13	148.94	83	1.13
1169	76.59	59.74	83	0.57
1170	125.22	44.55	84	1.86
1171	128	29.04	83	1.88
1172	39.36	40.16	82	0.65
1173	196.29	160.1	84	1.68
1174	53.39	58.41	81	1.49
1175	193.69	195.91	86	1.41
1176	33.94	198.04	82	1.6
1177	111.94	42.11	84	1.08
1178	24.79	65.47	82	1.63
Period: 82
Tasks:11
id	x	y	end	c
1222	178.83	116.64	83	80.57
1223	103.2	172.57	83	72.64
1224	57.64	90.84	84	43.34
1225	80.83	9.25	83	92.75
1226	66.07	171.3	85	78.96
1227	115.28	170.36	82	72
1228	194.11	119.96	82	96.2
1229	184.91	115.8	83	86.37
1230	168.29	93.8	83	68.57
1231	118.58	77.97	83	28.82
1232	132.76	197.18	82	102.55
Drivers: 24
id	x	y	end	sensitivity
1179	192.53	113.26	86	1.05
1180	182.7	198.73	82	1.96
1181	5.77	96.24	84	0.68
1182	25.24	194.62	83	1.58
1183	25.9	31.91	87	1.17
1184	122.01	181.94	83	1
1185	2.16	103.97	83	0.54
1186	82.66	97.67	84	1.56
1187	2.55	121.88	83	0.61
1188	147.43	52.29	86	1.37
1189	140.84	161.3	82	1.94
1190	19.8	121.52	85	1.59
1191	88.44	133.95	86	1.34
1192	25.71	33.54	83	0.85
1193	88.04	53.2	85	1.52
1194	12.21	49.55	84	1.34
1195	119.92	80.19	83	0.69
1196	43.78	11.98	83	1.49
1197	19.19	46.25	83	0.95
1198	163.71	198.24	84	1.12
1199	106.89	176.78	83	1.91
1200	34.28	136.36	83	0.79
1201	9.5	144.53	82	1.73
1202	158.39	61.56	84	1.31
Period: 83
Tasks:17
id	x	y	end	c
1233	106.34	43.28	83	57.07
1234	88.18	86.24	85	18.14
1235	124.59	60.28	84	46.72
1236	124.48	175.61	83	79.47
1237	77.17	102.96	86	23.02
1238	36.08	98.95	84	63.93
1239	171.84	147.9	86	86.34
1240	4.6	88.56	85	96.08
1241	94.65	134.33	85	34.74
1242	38.1	59.94	84	73.73
1243	105.95	94.29	84	8.25
1244	196.23	128.25	84	100.29
1245	67.49	0.56	83	104.62
1246	76.26	187.29	84	90.46
1247	35.88	83.92	83	66.11
1248	159.01	13.25	84	104.92
1249	45.16	108.23	83	55.45
Drivers: 13
id	x	y	end	sensitivity
1203	104.22	138.24	88	0.98
1204	111.04	44.69	85	0.72
1205	47.3	91.54	83	0.62
1206	36.67	73.38	84	0.56
1207	110.93	196.31	84	1.11
1208	32.52	86.5	85	1.67
1209	68.34	96.08	87	1.06
1210	129.73	141.2	83	0.97
1211	123.95	12.46	87	1.68
1212	163.47	151.68	84	1.67
1213	138.7	107.17	84	0.81
1214	20.7	119.96	83	1.5
1215	47.94	103.6	85	0.98
Period: 84
Tasks:20
id	x	y	end	c
1250	125.24	91.09	85	26.77
1251	30.89	181.59	84	106.93
1252	195.5	177.37	86	122.91
1253	13.66	185.45	84	121.48
1254	17.11	47.46	84	98.14
1255	172.96	159.89	85	94.39
1256	151.48	144	85	67.72
1257	42.91	150.54	86	76.25
1258	163.87	121.27	84	67.32
1259	114.84	129.73	84	33.23
1260	145.84	78.2	84	50.76
1261	130.73	125.75	84	40.09
1262	171.89	45.94	86	89.95
1263	134.47	150.44	85	61.09
1264	176.39	125.21	85	80.44
1265	165.79	24.34	84	100.26
1266	13.68	86.59	84	87.36
1267	109.03	117.34	89	19.55
1268	10.41	189.8	84	126.85
1269	75.02	12.53	86	90.97
Drivers: 14
id	x	y	end	sensitivity
1216	182.79	67.14	85	0.59
1217	51.34	153.24	85	1.09
1218	159.8	193.2	85	1.16
1219	162.23	182.05	84	1.39
1220	15.44	198.88	85	1.82
1221	132.39	151.09	84	1.98
1222	38.38	109.84	87	1.14
1223	179.77	193.71	85	0.88
1224	193.94	140.51	86	1.22
1225	83.91	181.48	87	1.08
1226	110.31	64.95	85	1.28
1227	164.36	49.07	88	0.96
1228	34.69	68.12	85	1.4
1229	119.55	20.75	85	1.16
Period: 85
Tasks:14
id	x	y	end	c
1270	55.71	116.41	85	47.23
1271	101.15	57.53	86	42.49
1272	148.12	102.08	85	48.16
1273	178.73	42.83	86	97.3
1274	101.72	17.39	85	82.63
1275	22.1	10.01	87	119.02
1276	98.06	94.63	85	5.71
1277	11.78	106.02	85	88.43
1278	25.05	15.77	85	112.75
1279	94.02	32.31	86	67.95
1280	198.35	42.35	85	114
1281	72.14	116.39	86	32.32
1282	151.54	162.99	85	81.39
1283	81.46	22.82	85	79.38
Drivers: 12
id	x	y	end	sensitivity
1230	97.47	64.67	87	1.59
1231	21.56	117.56	88	0.75
1232	62.68	102.38	88	0.58
1233	167.73	91.55	86	1.58
1234	79.54	88.56	86	1.66
1235	129.47	63.33	88	1.29
1236	53.66	159.06	85	1.42
1237	35.85	180.23	85	0.52
1238	151.64	84.71	85	1.82
1239	34.93	116.25	85	1.36
1240	3.05	167.15	89	1.49
1241	155.91	127.71	86	1.67
Period: 86
Tasks:12
id	x	y	end	c
1284	179.21	15.57	87	115.77
1285	142.27	142.23	86	59.75
1286	185.76	0.6	86	131.28
1287	1.56	149.67	87	110.26
1288	40.95	37.73	88	85.82
1289	93.28	26.9	87	73.41
1290	70.05	63.05	87	47.56
1291	158.4	91.77	86	58.98
1292	33.4	115.77	88	68.44
1293	166.24	173.83	88	99.19
1294	182.84	199.52	88	129.49
1295	137.13	168.16	86	77.62
Drivers: 14
id	x	y	end	sensitivity
1242	160.02	161.96	87	1.19
1243	34.45	49.62	90	1.22
1244	154.15	122.36	88	1.53
1245	150.3	88.23	89	1.88
1246	98.79	129.57	88	1.7
1247	176.9	188.56	88	1.67
1248	79	23.69	88	1.53
1249	120.98	64.73	88	1.76
1250	137.61	96.05	87	0.84
1251	188.06	156.88	90	1.44
1252	187.12	176.03	87	1.55
1253	117.69	28.27	87	1.19
1254	31.58	2.24	87	0.9
1255	70.61	186.82	87	1.13
Period: 87
Tasks:17
id	x	y	end	c
1296	139.71	150.88	89	64.54
1297	186.01	70.6	88	90.9
1298	174.81	104.99	87	74.98
1299	69.37	28.93	87	77.39
1300	30.63	182.45	87	107.75
1301	167.43	12.01	89	110.86
1302	171.76	58.5	87	82.9
1303	188	142.56	87	97.75
1304	4.21	41.75	87	112.11
1305	34.94	12.7	90	108.88
1306	87.16	149.98	90	51.6
1307	30.37	2.4	88	119.89
1308	179.9	148.5	87	93.47
1309	72.91	131.59	87	41.61
1310	55.04	20.41	87	91.41
1311	63.76	99.66	88	36.24
1312	170.78	49.31	87	87.06
Drivers: 19
id	x	y	end	sensitivity
1256	190.13	63.26	91	1.8
1257	99.83	0.6	89	0.86
1258	84.56	29.69	91	1.22
1259	138.24	64.71	88	1.58
1260	76.16	60.43	88	1.45
1261	65.85	3.22	87	0.56
1262	45.24	194.42	87	0.73
1263	13.35	197.81	89	1.22
1264	174.34	39.52	88	1.94
1265	40.12	54.14	89	0.83
1266	79.23	121.89	92	0.82
1267	112.41	51.05	90	1.96
1268	48.98	144.69	88	1.1
1269	170.59	91.45	87	1.89
1270	61.08	84.98	92	1.03
1271	101.88	27.36	87	1.02
1272	31.82	180.14	88	1.34
1273	177.73	10.7	92	1.79
1274	121.11	0.07	89	1.42
Period: 88
Tasks:19
id	x	y	end	c
1313	91.96	172.4	90	72.85
1314	106.69	61.28	89	39.29
1315	11.8	177.82	89	117.62
1316	80.01	102.13	90	20.1
1317	36.77	11.7	88	108.6
1318	27.72	162.56	89	95.59
1319	179.61	179.67	88	112.63
1320	47.98	54.21	88	69.3
1321	6.85	2.66	89	134.73
1322	193.58	157.87	89	110.03
1323	154.45	25.39	88	92.37
1324	63.04	78.66	89	42.68
1325	70.73	134.41	88	45.18
1326	121.46	123.07	90	31.51
1327	138.45	90.01	89	39.73
1328	187.67	141.29	90	96.91
1329	183.9	184.72	89	119.23
1330	99.56	183.86	89	83.86
1331	31.56	132.21	88	75.64
Drivers: 18
id	x	y	end	sensitivity
1275	165.54	118.33	88	1.71
1276	189.36	4.33	90	0.7
1277	26.78	145.9	90	0.74
1278	195.75	160.25	90	0.93
1279	70.93	93.84	96	1.98
1280	27.8	36.93	91	0.75
1281	43.84	92.39	91	0.67
1282	137.48	68.82	88	1.67
1283	21.88	47.79	89	0.57
1284	104.35	101.47	89	1.97
1285	87.82	61.93	92	1.27
1286	181.82	78.96	91	2
1287	111.13	120.44	91	1.11
1288	173.28	105.4	89	1.65
1289	156.43	6.14	89	0.82
1290	97.45	49.98	89	0.56
1291	5.28	75.38	94	1.99
1292	82.28	106.89	89	1.19
Period: 89
Tasks:14
id	x	y	end	c
1332	103.99	23.02	91	77.08
1333	144.28	104.49	92	44.51
1334	120.74	89.03	89	23.46
1335	158.99	10.9	89	106.86
1336	175.66	72.59	90	80.47
1337	120.67	175.39	90	78.17
1338	37.66	139.44	89	73.77
1339	194.61	60.46	91	102.54
1340	78.44	10.16	91	92.39
1341	120.38	95.38	90	20.9
1342	108.25	47.29	89	53.35
1343	31.74	54.97	90	81.77
1344	157.81	122.1	89	61.89
1345	96.12	126.81	90	27.09
Drivers: 12
id	x	y	end	sensitivity
1293	32.07	6.77	89	1.96
1294	178.74	105.89	92	1.74
1295	155.74	45.08	94	0.79
1296	76.99	91.57	90	1.74
1297	62.91	113.92	92	0.57
1298	83.33	38.88	90	1.1
1299	98.78	34.15	91	0.86
1300	111.26	56.77	91	1.98
1301	198.94	104.17	90	0.86
1302	101.3	188.83	91	1.01
1303	127.17	155.23	91	1.21
1304	103.92	56.48	93	0.67
Period: 90
Tasks:18
id	x	y	end	c
1346	198.12	79.52	90	100.23
1347	183.56	47.02	91	98.94
1348	117.87	14.99	91	86.87
1349	41.77	75.32	91	63.24
1350	47.42	173.5	92	90.37
1351	154.4	139.4	90	67.17
1352	76.57	40.98	90	63.5
1353	84.88	97.5	91	15.33
1354	168.01	186.32	91	109.89
1355	112.24	149.75	90	51.23
1356	164.45	105.87	91	64.72
1357	104.62	187.62	90	87.74
1358	86.26	153.47	92	55.21
1359	53.14	156.24	91	73.2
1360	1.8	27.25	93	122.21
1361	107.16	91.97	91	10.76
1362	123.21	100.17	91	23.21
1363	153.66	137.23	91	65.31
Drivers: 18
id	x	y	end	sensitivity
1305	75.25	103.32	92	1.45
1306	160.69	73.09	91	1.01
1307	6.3	8.26	92	1.3
1308	110.26	157.14	91	1.1
1309	156.7	67.53	92	1.18
1310	2.42	24.05	91	0.56
1311	113.49	60.77	93	1.68
1312	90.59	98.52	93	0.87
1313	147.97	134.3	90	0.88
1314	20.96	76.32	94	0.66
1315	38.09	192.69	94	1.79
1316	159.15	57.63	92	1.02
1317	14.87	24.02	94	1.12
1318	194.55	147.21	91	0.87
1319	123.01	34.95	92	1.31
1320	25.89	160.66	91	1.63
1321	49.54	25.55	90	0.66
1322	119.74	46.89	91	0.86
Period: 91
Tasks:17
id	x	y	end	c
1364	96.63	194.33	91	94.39
1365	181.56	134.96	92	88.74
1366	56.84	7.53	91	102.05
1367	79.89	27.24	91	75.49
1368	162.58	193.41	92	112.44
1369	50.45	93.77	91	49.94
1370	75.02	43.81	91	61.49
1371	15.57	122.15	92	87.29
1372	195.13	49.21	95	107.84
1373	69.44	22.43	92	83.37
1374	100.87	92.22	91	7.83
1375	25.08	59.53	92	85.15
1376	4.04	171.96	93	119.94
1377	81.51	149.45	92	52.79
1378	63.99	65.78	91	49.68
1379	126.6	114.72	91	30.4
1380	59.62	37.17	93	74.69
Drivers: 21
id	x	y	end	sensitivity
1323	101.87	162.68	93	1.13
1324	33.1	21.92	91	0.65
1325	80.29	118.88	93	0.9
1326	171.94	98.79	93	1.2
1327	103.97	150.43	94	0.93
1328	28.97	100.42	94	1.98
1329	139.69	179.01	93	1.23
1330	114.43	199.91	93	1.54
1331	190.2	173.01	93	0.74
1332	41.57	45.37	91	1.46
1333	162	62.82	93	1.5
1334	54.7	133.51	93	1.93
1335	106	132.72	97	0.93
1336	197.43	190.07	91	0.73
1337	15.28	42.66	93	0.91
1338	164.15	53.42	93	1.85
1339	47.63	102.94	93	1.51
1340	41.04	146.41	93	1.68
1341	73.43	166.32	94	1.17
1342	42.89	168.32	92	1.17
1343	91.56	145.67	91	0.58
Period: 92
Tasks:16
id	x	y	end	c
1381	178.37	104.09	93	78.48
1382	95.14	45.15	94	55.06
1383	194.44	40.02	92	111.88
1384	32.72	116.07	93	69.17
1385	17.88	142.31	92	92.38
1386	15.73	143.53	93	94.85
1387	65.73	78.36	92	40.53
1388	155.92	122.76	93	60.37
1389	189.58	25.5	94	116.51
1390	160.58	178.6	93	99.24
1391	40.18	150.56	93	78.32
1392	85.72	100.8	93	14.3
1393	136.25	172.55	93	81.1
1394	99.02	79.09	93	20.93
1395	149.4	157.99	93	76.18
1396	0.84	159.92	94	115.86
Drivers: 11
id	x	y	end	sensitivity
1344	180.28	106.96	94	0.87
1345	92.82	80.33	92	1.01
1346	78.81	177.53	94	1.15
1347	46.64	177.1	98	0.73
1348	169.01	42.65	95	1.22
1349	177.41	94.65	94	0.56
1350	22.9	57.3	94	0.99
1351	183.25	12.39	92	1.29
1352	16.68	63.67	93	1.87
1353	75.59	70.37	97	1.29
1354	86.96	43.64	93	0.59
Period: 93
Tasks:15
id	x	y	end	c
1397	124.92	193.53	94	96.79
1398	51.25	189.2	94	101.65
1399	29.52	143.04	95	82.58
1400	61.38	119.67	94	43.34
1401	11.35	78.71	94	91.17
1402	55.19	184.29	96	95.46
1403	114.55	50.23	94	51.85
1404	7.24	11.72	94	128.05
1405	66.88	68.69	95	45.58
1406	194.2	82.73	94	95.77
1407	183.13	188.76	95	121.61
1408	136.57	140.83	94	54.81
1409	70.08	124.29	94	38.54
1410	174.99	93.57	94	75.27
1411	169.52	104.12	93	69.64
Drivers: 19
id	x	y	end	sensitivity
1355	79.6	114.71	97	1.98
1356	146.09	1.7	97	0.94
1357	137.75	95.05	93	0.56
1358	192.85	5.23	93	1.23
1359	49.41	1.5	93	0.75
1360	68.81	87.41	99	1.83
1361	102.41	60.52	97	1.67
1362	167.57	137.33	96	1.21
1363	104.97	71.11	95	1.52
1364	149.33	126.14	94	1.24
1365	141.23	176.52	95	0.78
1366	113.62	192.27	94	1.96
1367	162.58	41.25	93	0.57
1368	90.45	76.9	94	1.99
1369	185.33	39.92	94	1.18
1370	56.01	112.33	94	0.83
1371	78.53	100.96	94	1.65
1372	41.66	131.03	95	1.09
1373	108.51	183.99	95	0.55
Period: 94
Tasks:17
id	x	y	end	c
1412	26.74	128.47	96	78.6
1413	135.8	43.94	94	66.52
1414	93.78	6.01	97	94.2
1415	178.54	161.38	95	99.68
1416	56.83	128.88	95	51.94
1417	32.17	183.94	96	107.92
1418	177.91	189.11	94	118.37
1419	182.86	123.03	94	86
1420	93.68	75.8	96	25.01
1421	97.61	118.66	96	18.81
1422	75.59	157.17	94	62.16
1423	22.11	9.07	95	119.73
1424	10.03	178.83	96	119.62
1425	153.44	165.8	94	84.77
1426	72.2	54.28	96	53.51
1427	144.39	175.57	95	87.64
1428	69.9	52.97	95	55.84
Drivers: 12
id	x	y	end	sensitivity
1374	178.18	70.58	98	0.78
1375	113.99	28.48	95	0.95
1376	115.04	75.13	95	1.53
1377	108.46	65.9	95	0.67
1378	106.24	16.68	96	0.8
1379	91.11	141.97	96	1.36
1380	11.03	81.84	97	1.16
1381	115.91	6.04	95	1.52
1382	29.02	120.95	97	0.93
1383	170.68	90.74	95	1.28
1384	59.84	164.25	97	1.79
1385	170.58	161.12	96	0.86
Period: 95
Tasks:11
id	x	y	end	c
1429	171.71	191.41	96	116.18
1430	197.45	142.67	95	106.38
1431	158.81	15.34	96	103.08
1432	86.99	95.93	95	13.63
1433	82.05	160.21	96	62.83
1434	67.63	60.88	96	50.78
1435	36.53	19.05	95	102.87
1436	159.47	24.86	97	95.83
1437	199.9	1.86	95	140.04
1438	166.67	62.65	96	76.42
1439	144.5	104.79	95	44.76
Drivers: 23
id	x	y	end	sensitivity
1386	19.42	170.61	98	1.35
1387	21.25	6.25	97	0.76
1388	21.49	145.92	97	1.96
1389	21.14	169.78	96	1.94
1390	102.23	157.16	97	1.73
1391	25.09	181.43	97	0.69
1392	167.61	91.1	98	0.96
1393	36.96	1.76	95	0.54
1394	17.58	4.54	96	1.71
1395	178.18	99.51	97	1.11
1396	86.42	70.86	96	0.73
1397	110.03	187.85	96	1.1
1398	172.07	167.94	96	1.38
1399	177.5	145.87	100	0.76
1400	44.08	25.49	97	1.64
1401	106.17	106.72	97	1.09
1402	80.8	184.05	100	0.92
1403	124.47	110.6	95	0.63
1404	128.33	142.97	95	1.67
1405	126.24	114.91	95	1.53
1406	83.77	191.27	97	1.46
1407	0.69	52.16	97	1.61
1408	80.4	120.85	96	1.59
Period: 96
Tasks:11
id	x	y	end	c
1440	139.45	193.02	97	101.04
1441	109.11	98.9	97	9.18
1442	116.04	198.86	96	100.15
1443	82.43	122.44	97	28.5
1444	85.02	189.16	98	90.41
1445	166.38	126.32	97	71.41
1446	196.34	5.44	97	134.99
1447	6.37	32.42	96	115.47
1448	40.98	192.57	97	109.78
1449	75.41	93.84	97	25.35
1450	108.4	49.46	97	51.23
Drivers: 23
id	x	y	end	sensitivity
1409	84.36	95.44	99	1.27
1410	43.75	91.75	96	0.76
1411	16.26	175.22	97	1.13
1412	29.13	125.58	98	1.02
1413	180.09	33.19	99	1.9
1414	37.41	184.3	98	1.18
1415	121.33	62.33	101	1.74
1416	71.29	74.98	99	0.87
1417	114.33	193.99	99	1.43
1418	68.45	39.69	97	1.06
1419	154.74	54.77	96	1.53
1420	12.14	49.31	100	1.95
1421	176.39	74.46	98	1.52
1422	48.93	41.84	96	1.16
1423	113.61	3.63	97	0.58
1424	14.36	56.85	98	1.49
1425	52.4	192.43	97	0.88
1426	132.54	85.55	99	1.99
1427	8.76	9.14	100	1.23
1428	163.37	51.23	100	1.66
1429	117.08	121.55	98	1.62
1430	120.82	121.07	99	1.23
1431	19.68	149.28	97	1.78
Period: 97
Tasks:11
id	x	y	end	c
1451	138.42	69.41	98	49.11
1452	47.36	138.66	98	65.31
1453	186.75	166.06	98	109.04
1454	179.44	19.94	100	112.78
1455	124.25	107.78	99	25.47
1456	80.33	67.28	97	38.18
1457	173.39	100.57	97	73.39
1458	26.46	56.72	97	85.33
1459	91.85	184.15	97	84.54
1460	199.18	126.46	99	102.65
1461	14.03	184.08	97	120.25
Drivers: 9
id	x	y	end	sensitivity
1432	58.32	179.85	99	0.64
1433	93.36	134.03	98	1.16
1434	139.57	148.81	100	1.32
1435	63.41	161.8	100	1.82
1436	43.05	87.27	97	1.56
1437	170.21	191.82	100	1.24
1438	187.97	119.24	100	1.05
1439	124.63	128.78	99	0.73
1440	161.76	145.81	99	1
Period: 98
Tasks:15
id	x	y	end	c
1462	175.23	193.13	98	119.72
1463	53.89	81.73	99	49.6
1464	93.12	176.77	100	77.08
1465	129.29	67.42	99	43.81
1466	66.64	182.61	99	89.09
1467	148.01	123.35	98	53.39
1468	178.96	175.92	99	109.54
1469	43.24	5.53	99	110.21
1470	192.9	106.36	99	93.12
1471	15.46	119.67	98	86.8
1472	96.16	81.73	98	18.67
1473	25.96	129.34	99	79.64
1474	44.12	165.44	101	86.05
1475	111.16	54.94	98	46.42
1476	122.99	194.07	100	96.84
Drivers: 9
id	x	y	end	sensitivity
1441	151.13	154.22	99	0.98
1442	120.37	31.4	98	1.09
1443	177.47	66.41	101	0.76
1444	89.03	83.02	98	1.97
1445	104.69	60.43	99	1.22
1446	41.6	54	101	0.97
1447	124.46	32.99	99	1.4
1448	134.32	65.37	99	1.38
1449	84.3	45.31	101	0.78
Period: 99
Tasks:18
id	x	y	end	c
1477	195.7	38.33	100	113.85
1478	66.92	180.44	99	86.98
1479	94.18	123.42	99	24.13
1480	174.32	2.97	101	122.22
1481	194.4	102.69	101	94.44
1482	83.22	153.84	101	56.39
1483	169.53	166.4	100	96.14
1484	62.16	177.6	99	86.33
1485	101.66	9.61	101	90.41
1486	193.2	173.23	99	118.53
1487	126.57	67.25	99	42.17
1488	112.72	166.15	101	67.36
1489	133.32	17.34	99	89.12
1490	21.15	76.75	99	82.21
1491	121.07	145.7	103	50.32
1492	37.16	50.29	100	80.12
1493	68.76	66.75	100	45.62
1494	194.51	102.64	100	94.55
Drivers: 17
id	x	y	end	sensitivity
1450	133.89	190.29	101	1.26
1451	76.77	103.72	101	1.79
1452	82.8	19.76	101	1.38
1453	43.51	6.3	104	0.87
1454	195.22	190.07	99	1.79
1455	193.79	38.92	105	0.54
1456	107.75	195.78	101	0.87
1457	190.16	114.09	103	1.16
1458	145.22	179.76	100	1.51
1459	112.32	94.55	103	1.56
1460	183.38	78.42	101	1.46
1461	175.67	51.66	101	0.98
1462	8	132.72	101	0.52
1463	174.13	84.41	101	1.39
1464	161.22	54.11	102	0.7
1465	163.98	77.78	99	1.55
1466	176.65	116.47	99	1.9
Period: 100
Tasks:13
id	x	y	end	c
1495	109.25	50.87	100	49.99
1496	75.89	8.17	101	94.94
1497	98.8	109.13	102	9.21
1498	183.89	45.38	102	100.1
1499	102.44	22.24	101	77.8
1500	171.45	157.99	101	92.02
1501	29.22	97.05	100	70.84
1502	141.54	43.95	100	69.77
1503	169.05	63.13	101	78.28
1504	33.13	101.2	101	66.88
1505	109.76	159.84	100	60.63
1506	97.09	43	100	57.07
1507	23.84	2.78	100	123.5
Drivers: 16
id	x	y	end	sensitivity
1467	4.2	186.88	105	1.28
1468	53.91	135.32	101	0.82
1469	191.26	126.99	101	0.58
1470	111.44	131.9	101	1.65
1471	86.37	180.73	102	1.79
1472	70.23	114.4	102	0.63
1473	135.64	57.88	101	1.39
1474	73.79	199.36	105	1.71
1475	170.74	171.3	102	1.99
1476	3.09	122.32	103	0.9
1477	10.63	91.12	100	1.16
1478	74.34	112.35	101	1.68
1479	16.76	124	103	1.94
1480	164.63	117.71	103	1.72
1481	169.23	32.31	101	1.99
1482	124.82	137.88	100	1.07
