Periods: 100
Task Arrival Rate: 15
Task Average Time: 3
Driver Arrival Rate: 15
Driver Average Time: 1
Period: 1
Tasks:18
id	x	y	end	c
1	134.32	82.16	2	38.68
2	0.42	199.92	3	141.07
3	37.58	173.03	5	96.07
4	124.25	132.44	4	40.5
5	116.45	87.35	5	20.75
6	7.51	53.89	2	103.35
7	34.37	100.46	6	65.63
8	144.63	32.2	7	81.17
9	192.47	16.38	2	124.67
10	110.01	191.64	2	92.19
11	173.44	102.52	5	73.48
12	4.92	109.41	7	95.54
13	40.78	52.59	5	75.86
14	178.6	29.6	8	105.52
15	87.93	128.91	6	31.33
16	19.61	74.91	4	84.21
17	100.96	91.58	5	8.47
18	77.2	73.12	2	35.25
Drivers: 14
id	x	y	end	sensitivity
1	135.52	70.49	2	1.78
2	86.21	153.13	4	0.7
3	98.04	147.17	4	1.69
4	5.15	30.62	1	1.66
5	96.97	170.64	1	1.65
6	120.54	115.01	1	0.68
7	94.22	133.88	3	1.75
8	69.71	29.89	2	0.94
9	111.31	34.99	2	1.88
10	196.12	51.36	1	1.43
11	58.45	133.39	1	1.7
12	143.41	170.12	1	1.78
13	148.33	163.54	3	0.72
14	138.54	36.22	1	1.58
Period: 2
Tasks:11
id	x	y	end	c
19	129.09	44.01	6	63.1
20	114.84	58.36	4	44.21
21	139.5	62.03	5	54.79
22	167.55	158.24	5	89.19
23	170.53	144.92	5	83.62
24	93.65	80.52	2	20.49
25	155.21	94.2	6	55.51
26	92.74	126.61	3	27.58
27	1.31	19.34	4	127.46
28	68.7	3.53	8	101.42
29	43.38	29.55	7	90.38
Drivers: 17
id	x	y	end	sensitivity
15	100.32	19.84	3	1.82
16	145.74	7.46	2	0.6
17	16.76	116.6	3	1.53
18	88.56	57.3	4	1.43
19	20.42	62.17	2	1.57
20	70.68	80.65	2	0.75
21	63.48	77.95	3	0.92
22	61.37	5.2	2	1.65
23	3.47	106.99	3	0.81
24	162.46	38.76	2	1.66
25	10.86	35.81	3	1.54
26	139.99	14.64	4	1.63
27	63.91	173.28	2	1.5
28	9.88	108.4	2	1.22
29	161.27	133.11	2	0.53
30	33.71	87.82	3	1.15
31	100.1	194.17	3	1.18
Period: 3
Tasks:11
id	x	y	end	c
30	82.04	42.89	4	59.87
31	16.74	170.82	3	109.31
32	81.1	93.92	7	19.85
33	39.16	156.35	4	82.93
34	78.25	67.97	4	38.72
35	182.57	62.28	4	90.78
36	191.93	82.95	6	93.5
37	63.92	198.35	6	104.76
38	178.53	68.62	5	84.57
39	65.81	172.55	7	80.2
40	147.25	72.86	6	54.49
Drivers: 13
id	x	y	end	sensitivity
32	35.75	152.7	4	1.48
33	149.67	70.3	4	1.48
34	155.98	29.66	4	1.33
35	191.79	89.8	4	1.96
36	115.98	122.66	4	0.71
37	173.2	21.24	4	0.89
38	99.37	139.2	3	1.52
39	30.51	112.98	5	0.7
40	2.12	82.78	3	1.09
41	97.51	73.08	8	0.83
42	124.95	59.75	4	0.56
43	114.09	168.23	3	1.97
44	22.24	110.24	5	1.22
Period: 4
Tasks:18
id	x	y	end	c
41	180.05	140.1	5	89.53
42	32.2	174.89	6	101.02
43	80.81	155.84	9	59.05
44	54.86	47.42	6	69.3
45	125.06	117.59	5	30.62
46	142.56	85.91	9	44.83
47	155.59	188.6	7	104.6
48	151.01	144.81	5	67.9
49	78.5	101.52	7	21.55
50	97.22	147.83	11	47.91
51	15.51	174.72	6	112.79
52	41.18	86.75	7	60.29
53	182.69	95.43	6	82.82
54	159.38	22.41	11	97.7
55	25.79	99.5	8	74.21
56	160.6	192.28	5	110.4
57	103.63	191.18	6	91.25
58	26.46	22.3	6	106.98
Drivers: 15
id	x	y	end	sensitivity
45	158.82	98.73	5	1.33
46	158.32	196.28	4	1.84
47	143.7	45.41	8	0.95
48	93.14	181.35	4	0.82
49	93.03	39.13	4	1.36
50	81.55	199.87	4	1.16
51	137.26	25.56	5	0.96
52	41.99	180.29	4	1.27
53	192.68	94.51	5	0.58
54	56.47	195.34	5	0.79
55	199.86	178.84	5	1.02
56	107.45	62.45	7	0.89
57	163.95	101.31	5	0.74
58	7.97	21.23	4	0.65
59	159.17	68.69	5	0.87
Period: 5
Tasks:15
id	x	y	end	c
59	149.84	5.23	7	107.08
60	148.08	138.33	8	61.49
61	15.15	67.05	7	91.02
62	53.12	68.81	7	56.31
63	185.68	152.78	6	100.63
64	70.45	150.06	8	58.13
65	131.88	141.04	6	51.97
66	100.07	131.78	9	31.78
67	34.77	145.05	11	79.27
68	4.16	70.15	9	100.38
69	33.99	143.95	7	79.3
70	30.6	116.77	9	71.4
71	144.71	92.74	7	45.3
72	117.46	140.23	8	43.86
73	33.55	8.19	10	113.33
Drivers: 7
id	x	y	end	sensitivity
60	83.39	6.46	8	0.96
61	102.38	60.17	8	1.67
62	133.4	21.58	6	1.86
63	10.11	27.7	5	1.16
64	53.07	34.45	5	1.99
65	157.54	72.59	7	1.54
66	198.79	104.07	6	1.75
Period: 6
Tasks:12
id	x	y	end	c
74	89.26	157.73	10	58.72
75	179.11	111.21	11	79.9
76	64.59	118.79	8	40.09
77	11.61	8.33	8	127.34
78	58.66	136.37	9	55.06
79	145.83	114.12	8	47.96
80	173.39	9.18	10	116.77
81	125.05	3.4	7	99.8
82	156.56	174.47	7	93.51
83	119.59	8	6	94.06
84	124.15	179.77	8	83.35
85	136.48	99.62	7	36.48
Drivers: 13
id	x	y	end	sensitivity
67	52.96	101.81	7	0.71
68	151.21	163.44	7	0.99
69	52.78	86.8	7	1.47
70	195.56	101.71	8	1.35
71	168.8	25.85	9	0.73
72	128.79	121.13	7	1.56
73	68.4	77.1	10	0.66
74	188.95	163.36	8	1.65
75	143.93	117.47	7	0.79
76	81.19	70.4	6	0.97
77	100.04	181.71	7	0.7
78	186.17	116.62	7	0.69
79	130.21	18.78	7	0.88
Period: 7
Tasks:17
id	x	y	end	c
86	188.95	79.98	12	91.18
87	114.28	175.99	11	77.32
88	7.92	107.73	10	92.4
89	159.37	176.86	10	97.12
90	37.49	196.81	10	115.24
91	191.36	60.89	11	99.38
92	81.16	55.79	10	48.06
93	28.26	199.79	7	122.9
94	15.94	159.34	11	102.89
95	147.22	19.55	10	93.28
96	168.86	61.53	12	78.88
97	45.51	102.25	9	54.54
98	88.82	11.28	9	89.42
99	58.25	66.66	11	53.43
100	97.94	143.24	8	43.29
101	179.74	2.58	12	125.89
102	54.12	175.96	10	88.74
Drivers: 14
id	x	y	end	sensitivity
80	31.34	121.78	7	1.43
81	159.32	108.86	10	1.03
82	31.82	10.41	8	1.19
83	91.19	48.74	7	0.87
84	103.29	173.55	8	0.61
85	137.89	153.71	7	1.85
86	19.43	24.78	7	1.54
87	45.45	171.04	9	1.01
88	133.58	57.41	7	1.99
89	83.64	187.29	9	1.2
90	131.7	20.64	8	1.28
91	85.27	67.28	7	0.76
92	17.67	103.2	7	1.25
93	149.41	73.1	10	1.84
Period: 8
Tasks:15
id	x	y	end	c
103	27.77	104.73	10	72.38
104	58.29	22.61	10	87.91
105	98.19	76.68	12	23.39
106	158.55	175.88	9	95.84
107	41.49	99.08	9	58.52
108	86.58	14.83	11	86.22
109	183.35	127.62	14	87.81
110	22.28	61.99	11	86.52
111	74.33	39.64	8	65.59
112	18.58	88.28	11	82.26
113	22.69	90.68	12	77.87
114	160.02	53.55	12	75.89
115	173.79	91.07	10	74.33
116	76.84	119.96	13	30.57
117	157.59	164.25	12	86.28
Drivers: 10
id	x	y	end	sensitivity
94	182.54	43.53	8	0.64
95	72.72	63.28	9	1.24
96	130.53	190.24	8	1.58
97	178.23	108.06	8	1.16
98	13.38	83.46	10	1.68
99	162.6	71.75	9	1.77
100	8.48	167.74	9	1.46
101	119.16	196.57	9	1.07
102	182.98	168.55	12	1.88
103	119.05	62.92	9	1.95
Period: 9
Tasks:14
id	x	y	end	c
118	183.44	111.04	10	84.17
119	73.35	79.92	10	33.37
120	138.85	55.34	16	59.19
121	120.07	145.4	14	49.64
122	107.64	118.65	10	20.15
123	179.28	147.43	12	92.38
124	132.27	144.49	11	54.96
125	186.14	183.08	15	119.68
126	158.3	68	13	66.5
127	65.94	138.07	12	51.08
128	99.54	95.48	11	4.54
129	122.11	3.35	13	99.15
130	84.32	131.45	10	35.14
131	73.75	173.23	13	77.79
Drivers: 10
id	x	y	end	sensitivity
104	89.63	180.21	12	0.66
105	94.23	142.84	12	0.53
106	171.46	110.99	11	1.08
107	129.85	197.04	10	1.43
108	77.8	195.92	10	0.88
109	35.54	153.27	10	0.63
110	114.76	77.93	10	1.9
111	44.68	105.31	9	1.09
112	23.81	76.22	10	0.78
113	15.45	193.27	9	1.14
Period: 10
Tasks:13
id	x	y	end	c
132	88.9	24.62	10	76.19
133	196.35	78.1	14	98.81
134	156.27	41.64	12	81.07
135	3.58	141.84	12	105.11
136	88.17	38.32	15	62.8
137	17.18	41.09	13	101.63
138	123.29	12.63	15	90.42
139	126.52	83.55	11	31.21
140	64.73	112.95	12	37.57
141	17	189.06	10	121.74
142	193.04	4.15	15	133.58
143	123.16	109.32	14	24.96
144	193.16	175.89	14	120.16
Drivers: 15
id	x	y	end	sensitivity
114	85.7	154.99	12	1.39
115	148.55	183.07	11	0.97
116	183.31	145.51	12	0.84
117	162	108.17	11	1.49
118	187.59	6.82	13	1.89
119	118.84	39.08	11	0.9
120	174.14	149.48	11	0.83
121	107.04	158.94	11	1.77
122	112.24	86.24	11	1.26
123	193.37	101.82	10	1.97
124	168.52	122.57	12	0.65
125	196.45	129.56	10	1.46
126	51.42	152.87	12	1.42
127	34.52	164.1	10	0.67
128	118.21	33.21	11	1.03
Period: 11
Tasks:10
id	x	y	end	c
145	100.58	78.91	14	21.1
146	117.48	98.63	12	17.53
147	79.72	10.37	16	91.9
148	21.82	114.52	14	79.52
149	1.54	24.94	15	123.81
150	11.41	5.9	21	129.24
151	117.86	96.39	13	18.22
152	140.05	81.46	12	44.13
153	23.92	43.51	16	94.76
154	69.36	176.9	12	82.78
Drivers: 17
id	x	y	end	sensitivity
129	156.25	126.7	11	1.64
130	77.65	64.16	11	0.93
131	66.1	101.95	11	1.15
132	98.96	111.25	12	1.69
133	79.74	158.03	13	0.97
134	87.16	61.72	11	1.28
135	56.17	40.27	11	1.31
136	25.58	99.72	12	0.66
137	46.54	64.36	13	1.94
138	73.63	20.54	12	1.3
139	97.2	57.21	13	1.07
140	115.93	163.09	12	1.7
141	75.72	148.18	11	1.5
142	61.02	124.96	11	1.55
143	79.24	176.43	11	1.89
144	188.5	185.84	14	0.98
145	189.39	64.65	12	1.92
Period: 12
Tasks:20
id	x	y	end	c
155	107.29	81.51	14	19.88
156	120.34	98.3	13	20.41
157	102.75	52.3	16	47.78
158	4.81	143.01	12	104.46
159	180.18	63.14	14	88.25
160	122.7	138.01	16	44.27
161	35.89	88.33	15	65.16
162	97.83	67.17	15	32.9
163	56.32	28.52	14	83.77
164	51.41	72.76	16	55.7
165	114.67	193.13	17	94.28
166	118.42	126.09	15	31.94
167	74.19	45.81	13	60.02
168	37.66	110.26	14	63.18
169	187.52	141.96	13	97.06
170	157.26	51.84	14	74.82
171	7.69	72.16	12	96.42
172	175.57	30.26	15	102.83
173	92.57	149.97	15	50.52
174	111.66	92.92	16	13.64
Drivers: 14
id	x	y	end	sensitivity
146	52.95	177.63	13	2
147	137.11	28.37	13	0.64
148	155.11	191.73	12	1.71
149	38.73	183.33	12	1.92
150	94.03	101.43	14	0.55
151	70.81	134.3	12	0.62
152	159.27	10.29	12	1.09
153	195.31	49.62	12	1.87
154	31.43	140.69	13	1.5
155	50.21	7.35	14	0.52
156	190.08	172.42	12	1.99
157	41.43	35.96	13	0.82
158	141.97	178.95	13	0.57
159	82.06	90.79	12	1.08
Period: 13
Tasks:9
id	x	y	end	c
175	62.64	158.54	15	69.45
176	115.89	193.22	14	94.56
177	155.07	57	16	69.87
178	25.24	188	16	115.47
179	129.87	88.92	19	31.86
180	197.51	178.83	18	125.39
181	128.82	35.85	16	70.33
182	172.31	63.27	13	81.1
183	196.53	198.49	15	137.91
Drivers: 19
id	x	y	end	sensitivity
160	109.75	194.33	14	1.41
161	105.87	98.66	16	1.49
162	90.89	163.48	14	1.09
163	66.17	15.34	15	1.38
164	163.77	101.85	13	1.03
165	37.24	172.72	14	1.05
166	182.19	63.78	13	1.87
167	88.64	182.28	14	1.94
168	167.63	96.38	15	1.27
169	56.86	19.89	13	1.02
170	74.43	121.19	13	1.52
171	163.27	93.18	13	1.95
172	141.56	101.03	16	1.66
173	120.79	41.43	14	1.94
174	164.59	195.57	13	1.17
175	80.25	152.6	13	1.46
176	12.65	168.95	14	1.19
177	23.74	157.17	13	0.5
178	139.43	42.79	17	1.16
Period: 14
Tasks:12
id	x	y	end	c
184	134.6	113.05	19	36.98
185	63.53	165.72	20	75.16
186	90.62	193.46	16	93.93
187	39.77	176.7	14	97.52
188	45.12	88.31	16	56.11
189	135.82	108.93	16	36.92
190	109.09	54.96	20	45.95
191	44.56	47.95	17	76.04
192	105.65	94.74	16	7.72
193	8.19	158.74	16	108.99
194	135.5	124.95	17	43.39
195	31.07	62.21	17	78.61
Drivers: 17
id	x	y	end	sensitivity
179	131.89	6.81	15	1.06
180	197.1	117.06	16	1.59
181	126.65	97.07	16	0.8
182	165.69	112.42	15	1.37
183	8.11	111.95	15	1.39
184	28.49	60.28	16	1.06
185	139.96	140.73	14	1.33
186	123.6	196.49	14	1.54
187	28.45	138.09	14	0.82
188	68.55	180.56	15	1.66
189	14.82	50.9	16	1.7
190	167.21	183.74	16	1.89
191	131.77	154.24	16	1.84
192	173.28	14.02	14	1.62
193	79.9	175.52	14	1.54
194	23.19	132.67	15	1.25
195	65	142.22	15	1.14
Period: 15
Tasks:19
id	x	y	end	c
196	48.84	128.19	17	58.41
197	145.19	141.59	18	61.42
198	56.77	31.75	16	80.79
199	22.76	101.74	18	77.26
200	115.06	77.21	22	27.32
201	1.68	61.59	19	105.56
202	174.28	129.69	18	79.99
203	9.74	75.92	15	93.42
204	64.02	99.72	17	35.98
205	54.38	70.14	19	54.52
206	164.79	22.23	17	101.22
207	115.62	73.42	16	30.83
208	185.48	2.08	17	129.98
209	83.95	165.91	16	67.84
210	12.48	62.88	20	95.07
211	81.4	50.89	16	52.51
212	5.11	7.65	15	132.41
213	181.8	100.45	16	81.8
214	151.42	11.86	15	102.04
Drivers: 9
id	x	y	end	sensitivity
196	42.64	182.88	16	0.58
197	81.71	176.32	15	0.89
198	177.01	104.67	15	0.73
199	142.93	143.92	15	1.19
200	26.94	27.36	18	1.12
201	111.05	178.89	15	1.18
202	5.74	92.41	17	1.17
203	197.91	90.77	18	1.32
204	91.74	113.42	17	0.59
Period: 16
Tasks:9
id	x	y	end	c
215	95.53	3.24	17	96.86
216	80.6	162.95	17	65.87
217	79.8	52.18	20	51.91
218	16.57	11.76	17	121.44
219	107.23	86.67	21	15.16
220	47.3	119.51	18	56.2
221	0.21	38.13	17	117.41
222	51.42	116.51	19	51.31
223	35.24	125.81	19	69.71
Drivers: 19
id	x	y	end	sensitivity
205	19.46	184.52	16	0.52
206	136.03	14.36	18	0.75
207	183.31	101.36	18	1.16
208	81.57	94.75	16	0.67
209	149.1	100.76	16	0.83
210	81.07	194.4	16	0.55
211	174.49	36.81	17	1.94
212	72.49	91.27	16	1.63
213	0.96	38.56	16	1.76
214	137.39	46.76	17	0.65
215	115.03	181.39	16	0.77
216	94.42	78.76	16	0.63
217	167.04	173.07	17	1.51
218	166.13	161.37	16	1.82
219	55.9	73.32	18	1.52
220	154.78	186.56	17	1.91
221	77.92	118.79	16	1.13
222	13.55	38.57	16	1
223	75.1	131.41	17	1.25
Period: 17
Tasks:16
id	x	y	end	c
224	41.49	13.9	20	104.1
225	72.17	89.31	20	29.81
226	161.36	83.06	20	63.66
227	11.01	99.54	19	88.99
228	66.26	192.74	17	98.69
229	82.41	3.47	18	98.12
230	38.37	15.41	21	104.66
231	88.25	137.24	22	39.05
232	109.2	152.17	21	52.97
233	26.65	93.79	18	73.61
234	193.65	112.41	20	94.47
235	144.24	133.19	21	55.31
236	148.88	84.43	18	51.3
237	125	142.48	21	49.29
238	157.06	10.23	18	106.37
239	155.86	186.73	21	103.16
Drivers: 13
id	x	y	end	sensitivity
224	133.47	89.5	18	1.81
225	144.42	22.56	18	1.35
226	156.68	97.73	18	0.68
227	54.94	122.46	18	0.65
228	185.92	17.7	17	1.84
229	181.78	32.73	18	0.74
230	143.29	95.19	19	0.82
231	74.45	71.25	19	1.46
232	60.36	51.04	17	1.65
233	137.08	5.46	17	0.83
234	135.3	199.39	19	1.77
235	36.43	175.48	17	1.43
236	173.02	93.72	18	0.98
Period: 18
Tasks:18
id	x	y	end	c
240	19.1	28.15	22	108.2
241	121.78	129.94	20	37.02
242	191.86	163.4	19	111.61
243	144.25	59.39	22	60.06
244	168.29	113.82	23	69.67
245	31.53	49.57	23	85.04
246	144.74	144.56	23	63.14
247	92.29	86.45	21	15.59
248	58.5	193.97	19	102.73
249	133.79	170.53	21	78.21
250	173.43	179.7	20	108.37
251	135.98	50.05	19	61.56
252	161.88	56.29	19	75.76
253	82.88	119.61	23	26.03
254	66.52	55.54	21	55.66
255	161.8	160.12	23	86.22
256	83.4	46.64	23	55.88
257	2.2	169.06	20	119.73
Drivers: 14
id	x	y	end	sensitivity
237	153.7	83.55	20	1
238	127.17	55.02	20	1.13
239	164.75	1.96	19	1.83
240	39.43	113.96	18	1.98
241	78.86	172.42	19	1.67
242	128.73	29.84	20	1
243	147.21	1.3	18	1.51
244	146.96	104.11	19	1.72
245	46.72	75.26	19	1.53
246	130.92	195.72	20	1.88
247	48.81	91.85	19	0.89
248	117.25	82.41	19	1.78
249	144.38	129.78	19	0.56
250	52.05	85.9	18	0.84
Period: 19
Tasks:15
id	x	y	end	c
258	34.56	99.89	22	65.44
259	2.93	174.44	22	122.33
260	112.95	146.37	22	48.14
261	51.75	9.53	21	102.53
262	133.58	143.93	24	55.29
263	134.16	116.04	24	37.74
264	125.24	137.78	22	45.44
265	152.32	170.99	21	88.19
266	130.99	117.55	22	35.61
267	100.2	196.94	22	96.94
268	74.31	16.14	21	87.71
269	130.17	123.57	22	38.29
270	99.89	27.8	21	72.2
271	93.55	14.7	19	85.54
272	130.92	21.8	24	84.09
Drivers: 6
id	x	y	end	sensitivity
251	174.42	36.55	19	1.84
252	99.63	19.95	19	0.76
253	71.43	152.38	22	1.6
254	54.18	42.99	24	1.92
255	143.57	109.77	20	1.89
256	91.76	13.12	19	0.56
Period: 20
Tasks:9
id	x	y	end	c
273	4.09	93.38	26	96.14
274	198.21	154.05	22	112.1
275	134.02	193.08	23	99.1
276	138.99	191.08	23	99.07
277	134.73	179.72	22	86.96
278	113.73	50.3	24	51.56
279	8.11	25.51	24	118.29
280	66.62	137.88	22	50.49
281	156.43	168.49	23	88.74
Drivers: 21
id	x	y	end	sensitivity
257	181.79	164.71	21	0.52
258	17.45	167.77	22	0.96
259	159.29	142.05	23	0.55
260	148.62	63.47	21	1.32
261	132.46	131.98	22	0.57
262	148.39	148.84	21	1.26
263	30.16	111.52	21	0.62
264	150.72	62.22	22	0.81
265	54.5	55.03	21	1.76
266	77.72	73.26	23	1.47
267	60.11	137.31	20	1.62
268	150.36	36.13	20	1.72
269	101.81	148.72	21	0.61
270	196.69	146.31	20	1.16
271	112.52	77.11	21	1.94
272	64.92	106.36	21	0.83
273	11.55	21.75	21	1.83
274	111.48	48.32	20	1.42
275	168.68	177.5	25	1.44
276	124.36	141.33	21	1.32
277	172.83	163.16	22	1.85
Period: 21
Tasks:10
id	x	y	end	c
282	105.57	145.65	24	45.99
283	184.7	86.98	24	85.69
284	141.74	182.65	25	92.59
285	181.9	164.07	23	103.98
286	59.02	185.84	23	95.12
287	93.02	129.21	24	30.03
288	123.6	162.42	23	66.73
289	67.3	55.12	23	55.53
290	171.67	51.99	23	86.26
291	136.06	195.19	26	101.79
Drivers: 9
id	x	y	end	sensitivity
278	84.03	188.82	21	0.6
279	175.53	24.22	23	0.61
280	191.88	176.56	22	1.96
281	129.85	167.13	22	1.36
282	157.24	75.36	21	1.54
283	168.24	177.64	21	0.85
284	130.79	174.64	21	0.79
285	61.18	114.65	24	1.57
286	56.77	50.92	23	1.04
Period: 22
Tasks:17
id	x	y	end	c
292	156.33	144.78	23	71.96
293	79.32	175.55	24	78.33
294	7.78	74.93	27	95.57
295	60.65	163.17	27	74.42
296	1.75	186.16	24	130.68
297	114.49	136.36	24	39.14
298	15.02	50.33	22	98.43
299	166.22	77.77	25	69.85
300	134.45	84.02	26	37.98
301	114.87	67.64	22	35.61
302	47.7	37.1	25	81.8
303	51.91	71.03	26	56.14
304	186.8	156.93	27	103.8
305	79.01	183.86	24	86.45
306	48.3	85.92	28	53.58
307	42.45	136.82	26	68.32
308	176.46	124.25	23	80.21
Drivers: 25
id	x	y	end	sensitivity
287	120.36	96.43	22	0.96
288	117.44	18.5	22	0.51
289	34.89	98.42	23	1.61
290	129.64	169.75	24	1.42
291	110.24	123.04	22	1.95
292	152.34	93.72	25	1.75
293	38.02	97.95	22	1.61
294	39.89	99.2	22	1.51
295	157.23	80.47	24	1.38
296	194.95	58.99	22	1.49
297	130.89	186.19	23	1.7
298	60.39	81.29	22	1.62
299	98.45	151.17	24	1.68
300	101.43	90.17	22	1.02
301	130.09	103.12	25	1.21
302	25.59	172.91	22	0.89
303	199.73	110.09	22	1.15
304	159.87	6.51	23	1.67
305	118.8	87.43	23	1.01
306	83.67	84.23	23	0.78
307	91.95	178.25	23	1.83
308	173.9	59.6	24	1.56
309	70.79	173.06	24	1.84
310	5.86	98.43	24	1.43
311	121.08	101.89	23	0.54
Period: 23
Tasks:21
id	x	y	end	c
309	152.77	131.59	25	61.5
310	27.55	105.23	27	72.64
311	127.46	59.8	28	48.68
312	63.09	31.42	23	77.88
313	39.9	39.75	28	85.1
314	127.55	38.61	23	67.29
315	162.73	46.13	26	82.69
316	193.95	114.69	23	95.09
317	178.76	103.9	31	78.86
318	86.11	55.39	27	46.72
319	165.33	183.03	24	105.65
320	27.73	121.02	23	75.26
321	20.03	21.02	30	112.4
322	56.3	22.63	25	88.86
323	98.05	190.66	24	90.68
324	156.26	129.42	30	63.49
325	179.52	191.56	29	121.27
326	134.95	15.57	28	91.38
327	166.16	113.53	25	67.53
328	197.47	74.81	25	100.67
329	11.35	155.3	24	104.48
Drivers: 23
id	x	y	end	sensitivity
312	36.83	151.27	25	0.67
313	170.58	183.67	25	0.75
314	90.43	199.37	24	1.3
315	98.8	12.07	24	0.69
316	124.06	60.26	25	1.94
317	123.34	194.45	23	0.84
318	197.63	70.18	26	1.71
319	170.52	102.84	23	1.25
320	68	106.58	24	1.94
321	9.62	51.24	25	1.55
322	69.84	184.27	24	0.76
323	93.2	183.99	23	1.61
324	118.55	77.63	25	1.32
325	71.36	5.07	24	1.08
326	58.78	175.83	24	1.76
327	173.72	69.76	23	1.89
328	168.01	127.59	23	0.94
329	105.03	188.01	26	0.65
330	105.18	40.88	24	1.72
331	97.24	103.62	23	1.32
332	130.46	127.91	23	1.23
333	111.73	5.38	24	1.96
334	145.5	50.83	25	1.88
Period: 24
Tasks:19
id	x	y	end	c
330	86.72	59.65	27	42.48
331	166.74	86.32	28	68.13
332	135.28	161.55	28	70.94
333	188.09	81.97	25	89.92
334	121.35	84.95	25	26.12
335	132.65	85.72	30	35.64
336	159.42	90.32	26	60.2
337	24.07	47.32	31	92.42
338	65.04	47.79	27	62.83
339	134.22	29.67	26	78.21
340	60.7	184.57	29	93.26
341	98.92	64.09	26	35.93
342	126.61	111.72	28	29.08
343	10.9	35.49	29	110
344	38.54	89.19	30	62.4
345	104.38	5.42	26	94.68
346	154.08	151.09	29	74.4
347	131.39	156.29	29	64.45
348	12.53	27.54	29	113.58
Drivers: 6
id	x	y	end	sensitivity
335	76.03	186.26	25	1.96
336	168.39	17.57	25	1.42
337	45.46	114.46	27	1.16
338	158.45	167.52	26	0.84
339	163.84	85.22	26	0.56
340	94.77	136.5	26	1.86
Period: 25
Tasks:14
id	x	y	end	c
349	72.48	168.45	25	73.78
350	166.13	103.26	25	66.21
351	28.97	136.2	29	79.72
352	154.79	16.86	26	99.57
353	68.23	2.07	27	102.95
354	132.26	34.66	29	72.87
355	31.84	106.71	28	68.49
356	12.3	173.2	31	114.23
357	23.3	43.75	26	95.12
358	164.97	99.77	27	64.97
359	52.82	1.18	30	109.5
360	145.83	129.53	31	54.52
361	173.06	163.77	30	96.98
362	69.33	30.13	30	76.31
Drivers: 9
id	x	y	end	sensitivity
341	164.47	96.62	26	1.06
342	181.78	14.83	28	0.62
343	183.26	13.47	26	0.79
344	199.97	188.76	27	0.8
345	116.93	15.22	26	0.71
346	59.97	6.81	26	1.54
347	191.67	147.58	27	1.67
348	53.75	196.03	25	1.48
349	24.88	175.84	25	0.71
Period: 26
Tasks:15
id	x	y	end	c
363	13.89	185.91	29	121.64
364	114.23	91.17	27	16.75
365	79.75	115.59	28	25.56
366	190.34	138.35	29	98.14
367	177.87	138.67	29	86.94
368	30.95	111.12	31	69.94
369	192.34	144.66	29	102.57
370	66.07	89.03	31	35.66
371	78.01	22.73	31	80.34
372	126.51	128.56	30	38.97
373	153.97	73.21	30	60.25
374	24.45	77.21	28	78.91
375	82.51	19.09	27	82.78
376	58.22	157.16	29	70.8
377	161.79	62.48	30	72.29
Drivers: 10
id	x	y	end	sensitivity
350	10.99	132.96	26	1.87
351	63.64	126.91	26	1.24
352	191.2	2.39	29	1.91
353	10.7	188.85	26	1.98
354	75.04	31.06	28	1.75
355	92.15	88.25	27	1.79
356	14.76	52.74	26	1.59
357	28.69	171.94	27	0.73
358	93.69	199.34	28	1.53
359	119.2	45.04	27	1.98
Period: 27
Tasks:14
id	x	y	end	c
378	131.95	38.53	29	69.28
379	47.62	45.71	29	75.44
380	19.61	51.42	31	93.93
381	197.8	169.44	31	119.94
382	149.24	115.28	28	51.56
383	159.97	190.9	31	108.9
384	11.7	40.05	30	106.73
385	22.69	0.11	30	126.31
386	10.05	169.93	30	113.94
387	185.11	109.24	32	85.61
388	179.24	17.25	29	114.57
389	3.37	77.08	32	99.31
390	184.52	16.37	30	118.9
391	145.45	143.26	32	62.75
Drivers: 7
id	x	y	end	sensitivity
360	57.55	161.46	27	1.16
361	122.78	155.94	29	1.86
362	63.76	188.37	29	1.66
363	17.01	131.94	27	0.85
364	27.39	57.91	28	1.9
365	159.04	179.83	30	0.66
366	115.23	190.88	29	1.71
Period: 28
Tasks:26
id	x	y	end	c
392	163.67	25.21	29	98.22
393	151.82	132.49	33	61.16
394	45.53	156.08	30	78.18
395	173.32	62.86	29	82.19
396	128.08	104.41	30	28.42
397	39.2	160.99	29	86.12
398	118.23	181.64	30	83.65
399	146.79	75.2	32	52.96
400	75.28	167.01	32	71.42
401	172.66	48.12	35	89.28
402	27.61	156.93	31	92.09
403	112.73	187.37	30	88.29
404	109.23	97.97	28	9.45
405	86.29	40.7	30	60.86
406	145.64	163.2	33	77.96
407	3.85	113.77	28	97.13
408	165.27	177.13	33	101.04
409	81.4	147.38	30	50.9
410	72.89	189.35	31	93.37
411	21.05	99.1	32	78.96
412	130.14	86.57	30	33
413	157.57	158.45	33	82.04
414	195.56	182.07	31	125.97
415	150.89	23.02	30	92.28
416	43.65	65.88	31	65.87
417	175.28	21.81	32	108.54
Drivers: 10
id	x	y	end	sensitivity
367	73.19	47.84	28	1.92
368	93.58	121.32	28	0.8
369	192.68	63	29	0.57
370	144.23	2.28	29	0.51
371	135.18	30.83	30	1.9
372	122.14	106.33	29	1.68
373	61.68	40.8	28	0.55
374	174.08	140.94	31	1.22
375	67.06	66.1	29	0.71
376	190.31	145.71	30	1.43
Period: 29
Tasks:18
id	x	y	end	c
418	57.6	159.99	36	73.46
419	146.99	191.97	31	103.28
420	66.67	7.01	31	98.78
421	178.7	11.88	31	118.15
422	97.54	192.74	32	92.77
423	32.5	195.09	31	116.61
424	151.7	138.65	32	64.55
425	63.78	168.64	34	77.61
426	124.33	22.32	33	81.4
427	179.72	87.38	32	80.71
428	82.2	58.83	32	44.85
429	184.15	141.32	31	93.75
430	28.61	39.95	33	93.29
431	171.66	48.11	32	88.47
432	149.99	109.86	31	50.95
433	192.71	168.94	33	115.53
434	171.84	4.97	34	119.13
435	69.39	157.12	34	64.8
Drivers: 22
id	x	y	end	sensitivity
377	121.99	183.99	30	0.73
378	176.62	162.98	29	1.74
379	160	175.49	31	1.45
380	134.64	129.16	29	1.63
381	178.71	174.99	30	1.57
382	116.98	34.04	30	1.69
383	101.91	128.36	30	1.99
384	93.19	104.39	31	1.06
385	71.16	32.64	30	0.81
386	67.88	69.62	29	0.87
387	181.84	55.41	29	0.7
388	162.82	91.31	30	0.98
389	93.65	179.43	30	1.32
390	87.96	131.15	30	1.28
391	104.59	61.37	29	1.33
392	9.12	35.84	30	1.6
393	176.86	161.48	29	0.74
394	181.26	68.27	30	1.67
395	86.88	61.57	32	1.52
396	118.7	120.84	30	0.56
397	161.51	157.51	30	1.5
398	11.4	35.55	29	1.3
Period: 30
Tasks:11
id	x	y	end	c
436	55.46	131.41	33	54.5
437	100.95	34.59	33	65.42
438	33.05	161.38	35	90.83
439	66.56	159.19	31	67.98
440	98.32	46.07	34	53.96
441	31.82	84.08	34	70.01
442	114.64	57.19	33	45.24
443	30.68	32.44	34	96.8
444	32.4	136.39	32	76.77
445	102.26	145.85	31	45.91
446	4.63	123.77	31	98.29
Drivers: 16
id	x	y	end	sensitivity
399	125.5	72.09	31	1.55
400	84.73	41.4	31	1.42
401	138.81	165.99	30	1.16
402	138.01	39.7	33	1.04
403	65.11	156.74	31	0.59
404	14.43	197.34	31	0.72
405	63.59	72.86	30	0.66
406	108.38	43.17	31	1.62
407	71.57	167.67	31	1.53
408	74.48	72.97	31	1.37
409	162.3	185.24	31	1.73
410	4.75	23.68	32	1.7
411	8.58	154.58	31	1.33
412	134.84	131.84	30	0.66
413	14.8	47.59	30	1.51
414	10.45	140.27	32	0.94
Period: 31
Tasks:17
id	x	y	end	c
447	18.17	73.18	33	86.11
448	23.08	71.94	32	81.88
449	35.36	60.9	33	75.55
450	11.71	3.44	36	130.84
451	125.53	189.19	36	92.77
452	152.37	21.78	34	94.13
453	106.24	12.76	35	87.46
454	84.91	121.84	36	26.55
455	30.05	168.97	34	98.23
456	100.89	101.3	35	1.58
457	142.87	89.87	34	44.05
458	143.42	60.47	39	58.72
459	97.22	18.85	34	81.2
460	114.01	183.09	33	84.26
461	120.65	151.43	36	55.42
462	48.87	190.36	33	103.82
463	94.94	139.74	33	40.06
Drivers: 21
id	x	y	end	sensitivity
415	183.08	118.79	31	1.8
416	152.94	115.91	31	1.47
417	152.75	68.87	32	0.56
418	59.2	111.37	31	0.79
419	21.14	3.83	32	1.17
420	149.95	191.23	31	0.72
421	191.52	160.98	33	1.43
422	130.7	194.86	32	1.97
423	77.36	52.38	32	0.8
424	108.99	100.19	32	1.9
425	3.89	9.53	33	1.93
426	14.63	173.89	32	1.64
427	131.29	96.01	32	1.3
428	149.92	137.48	31	1.95
429	169.1	55.7	32	0.79
430	61.77	195.36	32	0.58
431	24.3	106.08	34	1.35
432	154.04	111.2	35	1.02
433	159.55	138.7	31	0.62
434	32.39	81.3	32	1
435	144.67	63.73	33	0.82
Period: 32
Tasks:18
id	x	y	end	c
464	46.04	15.84	33	99.97
465	115.01	168.57	35	70.19
466	115.21	145.76	35	48.22
467	76.13	1.84	34	101.02
468	111.36	173.26	34	74.14
469	44.27	120.63	37	59.43
470	22.28	15.79	39	114.59
471	3.82	75.59	33	99.23
472	52.36	162.42	34	78.52
473	52.87	44.93	32	72.48
474	39.38	159.33	35	84.82
475	75.84	65.53	35	42.09
476	181.79	49.68	34	96.03
477	5.1	182.67	33	125.86
478	156.22	101	37	56.23
479	138.86	107.23	37	39.53
480	45.5	139.08	36	67.06
481	0.42	185.41	35	131.19
Drivers: 14
id	x	y	end	sensitivity
436	126	76.25	33	1.27
437	145.25	35.61	34	1.7
438	144.26	175.76	33	1.41
439	163.77	30.21	33	0.66
440	42.53	37.22	32	1.39
441	119.33	38.65	33	1.54
442	152.6	124.15	32	1.51
443	154.5	95.72	32	0.8
444	158.95	55.4	33	1.68
445	100.25	160.87	32	1.92
446	46.26	121.74	32	1.24
447	135.13	31.53	32	1.75
448	198.83	83.02	32	0.87
449	148.43	122.34	33	1.84
Period: 33
Tasks:18
id	x	y	end	c
482	49.88	109.1	36	50.94
483	40.71	69.47	36	66.69
484	13.98	42.24	36	103.61
485	143.39	21.5	36	89.69
486	31.29	170.42	35	98.39
487	112.23	188.12	37	88.96
488	190.86	125.5	37	94.37
489	86.62	79.05	35	24.86
490	121.17	156.2	34	60.06
491	27.19	162.25	36	95.79
492	152.67	104.25	37	52.84
493	126.31	189.11	34	92.91
494	18.81	78.94	35	83.88
495	78.73	115.41	35	26.27
496	69.13	13.02	39	92.3
497	73.78	66.07	40	42.88
498	117.26	26.86	35	75.15
499	13.01	23.17	37	116.06
Drivers: 12
id	x	y	end	sensitivity
450	15.45	52.23	34	1.12
451	100.61	34.97	34	1
452	199.44	158.94	33	1.13
453	110.46	47.06	35	1.75
454	145.68	37.34	33	1.78
455	1.79	143.31	35	1.22
456	44.39	21.04	33	1.46
457	57.2	95.21	36	1.93
458	190.35	105.28	33	1.92
459	93.09	130.12	34	1.33
460	199.32	37.35	33	1.54
461	39.26	199.58	34	0.56
Period: 34
Tasks:12
id	x	y	end	c
500	199.01	36.38	36	117.69
501	45.81	36.06	39	83.81
502	151.37	106.98	40	51.84
503	174.36	69.04	39	80.55
504	5.66	92.93	37	94.6
505	4.14	135.76	36	102.31
506	171.95	113.95	34	73.29
507	111.7	30.54	36	70.44
508	162.09	27.28	35	95.62
509	67.41	144.97	40	55.54
510	196.53	179.91	38	125.31
511	47.59	132.98	37	61.92
Drivers: 17
id	x	y	end	sensitivity
462	137.69	182.01	35	1.94
463	21.27	178.83	36	0.6
464	12.3	12.31	36	0.94
465	184.29	86.12	35	1.88
466	145.65	31.3	34	1.68
467	52.4	192.08	35	1.98
468	130.14	116.61	37	1.93
469	13.27	199.41	34	1.68
470	187.73	189.15	34	1.36
471	128.62	130.87	36	1.69
472	56.57	183.95	37	1.32
473	78.79	155.1	35	1.74
474	198.07	0.01	36	1.06
475	134.12	34.77	34	1.41
476	184.1	96.31	35	1.23
477	183.74	130.78	36	0.91
478	39.56	3.98	36	1.98
Period: 35
Tasks:23
id	x	y	end	c
512	5.14	157.95	38	111.16
513	127.46	89.53	39	29.39
514	191.23	69.34	38	96.24
515	111.53	116.56	39	20.18
516	106.95	104.38	37	8.22
517	184.02	19.01	38	116.7
518	24.82	6.61	37	119.89
519	114.24	38.29	38	63.33
520	156.29	165.99	39	86.74
521	124.69	89.24	39	26.93
522	130.09	45.52	38	62.24
523	30.12	102.69	37	69.93
524	160.55	138.41	41	71.71
525	177.18	74.3	38	81.35
526	15.25	187.83	38	122.05
527	41.41	36.2	36	86.62
528	112.09	5.19	41	95.58
529	34.82	81.89	41	67.65
530	122.52	20.98	38	82.17
531	128.99	195.51	36	99.81
532	51.97	192.81	41	104.5
533	47.83	109.38	36	53.01
534	159.24	147.91	39	76.19
Drivers: 24
id	x	y	end	sensitivity
479	50.51	187.28	37	1.04
480	141.41	186.41	37	0.95
481	183.12	63.9	37	1.45
482	67.68	66.09	35	1.9
483	93.16	95.94	36	1.69
484	91.84	176.51	35	2
485	88.77	183.94	36	1.48
486	178.21	114.51	35	1.44
487	27.3	93.95	36	1.76
488	82.27	96.34	36	0.77
489	197.34	16.18	36	0.55
490	148.71	141.37	36	1.81
491	160.94	13.75	35	0.76
492	8.59	55.14	38	0.8
493	146.19	122.31	35	1.8
494	18.87	108.12	35	1.02
495	26.75	106.27	35	0.74
496	120.01	186.1	35	1.99
497	97.27	124.81	35	0.95
498	38.32	124.87	37	0.9
499	79.52	104.2	36	1.13
500	51.1	45.28	35	0.62
501	17.13	38.26	36	1.21
502	105.96	135.15	36	0.61
Period: 36
Tasks:9
id	x	y	end	c
535	5.58	76.18	37	97.38
536	16.1	109.2	38	84.4
537	103.33	140.09	41	40.23
538	39.28	42.83	39	83.4
539	72.66	66.97	42	42.88
540	123.9	2.96	39	99.94
541	76.92	102.63	41	23.23
542	182.47	78.39	40	85.25
543	72.16	17.43	38	87.14
Drivers: 18
id	x	y	end	sensitivity
503	58.33	63.49	37	1.75
504	127.95	122.91	38	1.81
505	156.12	39.28	37	1.71
506	108.38	31.57	36	1.21
507	16.4	74.96	37	1.65
508	163.67	188.35	38	1.45
509	16.75	47.86	36	1.49
510	30.09	198.7	37	1
511	18.05	175.73	36	1.18
512	135.55	35.82	37	0.58
513	3.19	145.45	37	1.81
514	78.74	166.85	37	0.76
515	172.13	88.17	37	1.17
516	166.76	102.53	37	1.54
517	18.24	1.76	38	1.44
518	15.29	188.27	37	1.91
519	166	126.47	37	1.28
520	108.46	138.25	39	1.44
Period: 37
Tasks:13
id	x	y	end	c
544	145.13	2.93	41	107.05
545	52.4	160.84	39	77.25
546	131.3	26.09	39	80.26
547	32.92	181.56	38	105.6
548	18.29	34.19	40	104.92
549	169.13	19.54	41	106.08
550	93.53	4.24	38	95.98
551	41.51	21.7	41	97.73
552	189.02	198.85	41	133.03
553	22.94	69.84	41	82.75
554	178.34	14.28	38	116.13
555	62.59	99.55	44	37.41
556	95.16	76.04	38	24.44
Drivers: 13
id	x	y	end	sensitivity
521	125.68	135.84	39	0.53
522	151.61	141.61	37	1.26
523	119.26	86.19	37	0.99
524	73.09	68.55	38	1.15
525	120.12	71.75	39	0.69
526	52.85	199.54	37	1.07
527	7.01	56.3	37	0.95
528	62.88	87.4	39	1.05
529	117.29	45.15	37	1.36
530	64.29	194.24	37	1.82
531	26.44	24.04	37	1.72
532	92.56	94.14	39	1.02
533	71.45	35.53	40	1.61
Period: 38
Tasks:12
id	x	y	end	c
557	141.36	128.17	40	50.04
558	121.11	166.46	43	69.73
559	125.01	139.28	44	46.57
560	77.81	2.81	41	99.69
561	94.61	169.34	41	69.55
562	178.28	25.31	38	108.2
563	118.22	118.18	39	25.74
564	3.52	177.67	44	123.86
565	132.53	25.11	42	81.65
566	64.93	62.2	43	51.56
567	145.75	155.59	41	72
568	108.3	195.15	40	95.51
Drivers: 13
id	x	y	end	sensitivity
534	20.84	12.24	39	1.74
535	23.47	22.92	38	0.7
536	1.27	148.41	38	0.6
537	174.97	139.98	39	1.71
538	100.85	190.91	38	1.86
539	59.03	175.86	40	1.35
540	122.03	179.38	39	1.16
541	80.12	124.53	40	1.23
542	110.07	89.28	39	1.16
543	49.87	170.74	40	0.82
544	50.88	44.67	39	1.62
545	30.09	0.57	39	0.96
546	33.88	165.29	39	0.99
Period: 39
Tasks:15
id	x	y	end	c
569	23.65	183.14	43	112.88
570	13.42	156.73	41	103.51
571	160.46	175.52	41	96.74
572	43.43	33.55	40	87.27
573	30.63	63.66	40	78.31
574	146.54	29.6	41	84.39
575	179.8	136.38	42	87.7
576	80.18	10.56	44	91.61
577	157.58	52.76	45	74.48
578	56.12	108.84	42	44.76
579	49.59	34.37	42	82.76
580	15.14	154.23	43	100.71
581	90.98	21.11	43	79.4
582	168.79	4.42	41	117.76
583	85.34	87.26	40	19.42
Drivers: 20
id	x	y	end	sensitivity
547	140	36.48	41	0.97
548	129.56	58.06	43	1.83
549	175.21	143.74	39	1.55
550	121.34	91.96	39	0.79
551	175.14	126.53	40	1.42
552	117.35	191.75	40	1.9
553	142.22	46.7	40	1.56
554	66.56	11.23	40	1.27
555	49.18	86.46	42	1.33
556	177.99	83.91	39	1.28
557	77.91	195.74	40	1.68
558	66.11	35.88	39	1.81
559	23.43	108.3	40	1.29
560	42.79	77.17	40	1.55
561	24.6	94.02	39	0.62
562	158.9	184.55	39	0.69
563	117.37	69.83	41	0.72
564	21.69	156.06	43	0.68
565	38.08	41.08	39	1.21
566	190.07	194.24	39	1.33
Period: 40
Tasks:11
id	x	y	end	c
584	110.4	71.36	42	30.47
585	181.94	47.02	46	97.58
586	189.14	34.52	42	110.61
587	83.63	187.12	41	88.64
588	186.63	14.38	46	121.8
589	174.52	62.22	40	83.55
590	148.82	48.67	41	70.84
591	0.37	89.77	44	100.15
592	144.9	183.43	43	94.74
593	192.92	161.68	42	111.53
594	53.96	105.67	44	46.39
Drivers: 12
id	x	y	end	sensitivity
567	191.73	192.95	41	1.67
568	8.63	33.62	40	0.53
569	111.92	172.4	42	1.99
570	28.34	25.41	41	1.49
571	195.72	134.82	43	1.46
572	102.44	146.48	40	0.88
573	126.99	114.39	41	1.96
574	44.52	49.6	40	1.07
575	44.68	15.76	42	0.94
576	59.77	129.81	40	1.7
577	31.29	106.83	40	1.84
578	46.65	4.24	41	1.93
Period: 41
Tasks:23
id	x	y	end	c
595	69.05	176.27	45	82.31
596	114.3	93.31	42	15.79
597	10.9	41.83	43	106.41
598	23.92	143.96	45	87.87
599	183.3	106.79	44	83.58
600	58.2	110.42	43	43.08
601	161.1	73.94	42	66.43
602	153.2	88.63	46	54.4
603	147.84	37.18	44	78.96
604	168.61	192.2	47	114.93
605	27.13	74.63	43	77.16
606	175.79	185.24	45	114.06
607	87.2	146.29	46	48.03
608	189.1	181.33	43	120.64
609	101.35	87.9	44	12.18
610	122.5	105.2	45	23.09
611	87.34	176	43	77.05
612	167.27	100.87	45	67.28
613	72.34	128.3	45	39.57
614	142.94	10.29	44	99.46
615	75.03	52.21	44	53.92
616	36.85	115.17	44	64.95
617	157.76	45.74	41	79.25
Drivers: 13
id	x	y	end	sensitivity
579	8.19	63.12	42	0.77
580	105.71	137.44	42	0.8
581	2.53	115.51	42	0.71
582	183.06	175.48	42	1.99
583	111.77	12.18	42	1.71
584	64.16	133.5	45	1.15
585	188.97	64.05	41	0.65
586	100.9	159.69	41	1.15
587	177.12	92.69	45	0.86
588	111.17	152.33	43	1.28
589	81.64	116.42	44	1.34
590	196.66	182.62	41	1.74
591	59.22	103.9	41	0.7
Period: 42
Tasks:8
id	x	y	end	c
618	27.01	74.07	43	77.46
619	27.52	38.33	43	95.17
620	125.46	193.15	43	96.57
621	100.95	110.63	43	10.67
622	158.34	13.68	46	104.19
623	97.2	97.2	49	3.96
624	79.15	162.99	47	66.35
625	172.21	49.26	43	88.25
Drivers: 21
id	x	y	end	sensitivity
592	151.18	18.2	42	1.2
593	30.61	146.16	43	1.87
594	102.24	45.13	43	1.11
595	132.08	179.29	45	1.06
596	155.89	192.97	43	1.29
597	189.09	70.81	43	1.07
598	21.68	77.46	43	1.42
599	9.73	75.03	42	0.67
600	32.59	67.96	43	1.59
601	66.9	164.85	43	1
602	177.05	28.93	43	0.91
603	150.58	85.17	44	0.92
604	11.63	51.34	43	1.29
605	37	135.97	42	0.54
606	101.27	44.45	44	1.61
607	39.21	77.92	43	1.44
608	34.09	114.09	43	1.56
609	142.64	171.83	42	0.75
610	126.82	108.38	43	1.07
611	107.1	172.4	43	1.76
612	132.18	185.39	44	1.83
Period: 43
Tasks:19
id	x	y	end	c
626	160.83	175.8	45	97.19
627	77.36	16.43	47	86.58
628	69.91	58.86	45	50.97
629	13.24	193.45	43	127.52
630	63.95	136.29	46	51.15
631	130.96	69.32	45	43.59
632	112.9	38.94	47	62.41
633	195.42	59.9	45	103.5
634	130	142	44	51.61
635	119.23	23.19	44	79.18
636	150.45	129.04	47	58.21
637	189.2	163.88	47	109.71
638	43.65	54.78	46	72.25
639	66.74	121.02	46	39.35
640	121.22	15	47	87.61
641	70.45	87.6	48	32.05
642	50.85	8.63	45	103.75
643	165.24	90.7	47	65.9
644	66.04	30.77	46	77.11
Drivers: 12
id	x	y	end	sensitivity
613	192.25	57.26	43	0.99
614	181.25	76.55	44	1.28
615	189.34	71.15	44	0.51
616	7.88	170.58	45	1.2
617	116.1	169.22	45	0.59
618	48.22	117.7	45	1.9
619	27.89	88.27	45	1.47
620	131.11	136.62	44	1.16
621	6.87	124.72	45	0.74
622	127.04	193.43	43	0.92
623	79.88	56.96	45	1.1
624	18.65	43.49	45	0.87
Period: 44
Tasks:15
id	x	y	end	c
645	114.18	179.75	48	81
646	108.52	88.95	47	13.95
647	78.72	182.76	48	85.45
648	68.55	194.56	46	99.65
649	96.15	38	47	62.12
650	35.12	29.95	51	95.48
651	125.02	100.89	50	25.04
652	63.27	95.49	45	37.01
653	74.87	82.41	46	30.67
654	65.35	31.99	46	76.33
655	97.43	87.07	49	13.18
656	94.19	136.54	48	37
657	19.12	82.67	49	82.72
658	22.97	62.8	48	85.54
659	189.86	163.81	46	110.21
Drivers: 15
id	x	y	end	sensitivity
625	10.16	147.69	46	0.71
626	24.22	49.41	44	1.91
627	91.3	62.52	47	0.5
628	49.21	1.19	44	1
629	170.22	195.42	45	0.84
630	101.77	111.5	46	1.25
631	70.75	102.84	45	1.13
632	4.06	127.11	44	1.18
633	94.19	3.99	45	0.56
634	75.19	24.63	44	1.13
635	106.25	120.73	45	0.52
636	49.23	72.42	44	1.75
637	104.13	167.6	45	1.79
638	1.5	84.11	46	1.57
639	103.47	175.65	46	1.86
Period: 45
Tasks:20
id	x	y	end	c
660	3.38	13.89	49	129.42
661	141.77	179.75	50	90.03
662	51.38	70.79	49	56.72
663	174.24	87.66	52	75.26
664	70.34	0.73	51	103.61
665	34.8	187.73	47	109.31
666	138	6.92	47	100.54
667	146.89	127.21	52	54.21
668	11.12	72.98	46	92.9
669	4.54	125.32	48	98.76
670	122.63	9.5	45	93.29
671	95.79	65.88	47	34.38
672	14.29	180.3	46	117.45
673	139.71	145.4	45	60.32
674	84.5	173.31	46	74.93
675	107.18	103.05	47	7.8
676	179.35	167.16	48	103.96
677	66.98	138.11	48	50.43
678	148.55	92.94	52	49.06
679	192.63	33.26	50	114.17
Drivers: 13
id	x	y	end	sensitivity
640	132.62	144.8	45	1.91
641	100.27	195.46	47	0.62
642	88.21	166.45	47	1.77
643	19.88	15.63	45	0.74
644	39.52	111.14	47	0.52
645	87.94	152.35	45	1.17
646	107.56	38.21	46	1.26
647	115.59	69.45	45	1.11
648	195.8	84.39	48	1.75
649	175.15	98.01	45	0.91
650	40.25	14.9	46	1.93
651	70.71	129.37	47	1.65
652	90.85	156.11	45	0.79
Period: 46
Tasks:11
id	x	y	end	c
680	164.41	113.08	50	65.72
681	172.5	63.31	51	81.26
682	57.11	90.79	51	43.87
683	130.25	129.85	48	42.5
684	75.43	151.34	49	56.92
685	26.66	7.97	46	117.68
686	81.25	87.64	52	22.46
687	7.86	162.47	49	111.32
688	88.84	103.98	54	11.85
689	148.21	125.14	49	54.37
690	153.05	25.95	52	91.09
Drivers: 17
id	x	y	end	sensitivity
653	135.89	61.83	48	1.2
654	52.52	10.83	48	1.34
655	67.64	40.65	47	1.63
656	26.76	65.59	48	1.12
657	149.06	170.7	46	1.06
658	66.41	181.52	46	1.88
659	36.06	30.71	48	1.77
660	189.37	190.17	46	1.81
661	138.12	78.04	47	0.57
662	3.54	51.01	46	1.46
663	85.86	3.16	47	0.94
664	124.51	177.87	46	1.49
665	74.75	91.67	46	0.75
666	90.78	15.3	47	1.89
667	9.62	49.4	48	1.32
668	68.69	31.23	48	1.47
669	149.8	10.31	47	0.63
Period: 47
Tasks:23
id	x	y	end	c
691	170.62	43.28	50	90.58
692	93.98	37.08	50	63.21
693	179.9	57.86	49	90.33
694	118.8	140.97	50	45.08
695	190.22	98.79	55	90.23
696	7.2	158.28	51	109.58
697	79.79	13.05	51	89.27
698	65.62	87.56	51	36.56
699	143.45	26.44	52	85.43
700	157.96	51.44	49	75.61
701	168.16	11.1	50	112.02
702	21.23	141.32	49	88.95
703	96.86	121.4	48	21.63
704	26.08	6.07	51	119.53
705	96.19	23.43	50	76.66
706	55.56	126.38	50	51.68
707	29.05	138.6	50	80.77
708	134.36	33.52	50	74.83
709	6.53	192.17	49	131.27
710	93.46	168.51	52	68.82
711	44.31	172.94	47	91.77
712	85.99	66.61	49	36.21
713	32.73	164.99	51	93.54
Drivers: 17
id	x	y	end	sensitivity
670	42.38	136.43	48	0.73
671	116.41	199.11	47	0.67
672	154.63	45.08	47	0.84
673	17.34	79.68	48	1.57
674	55.94	61.68	47	1.71
675	43.76	64.31	48	0.63
676	51.32	17.36	47	1.5
677	1.45	183.02	47	0.67
678	26.52	39.29	47	1.44
679	87.56	48.17	48	0.52
680	135.56	24.28	49	1.16
681	72.66	142.49	50	0.79
682	67.18	151.16	47	1.05
683	118.21	78.78	47	1.1
684	74.64	14.24	49	0.99
685	172.93	53.74	49	1.36
686	106.33	59.69	48	0.74
Period: 48
Tasks:14
id	x	y	end	c
714	43.4	191.97	50	107.99
715	148.45	142.57	51	64.5
716	15.3	33.26	51	107.83
717	156.03	43.05	53	79.89
718	171.36	11	51	114.08
719	113.44	62.62	52	39.72
720	163.5	86.8	51	64.86
721	45.96	165.81	52	85.15
722	128.59	151.05	49	58.51
723	99.25	165.79	50	65.79
724	198.08	36.47	51	116.86
725	168.93	48.95	50	85.78
726	12.99	115.29	51	88.34
727	121.73	56.18	54	48.91
Drivers: 14
id	x	y	end	sensitivity
687	37	184.23	49	1.76
688	112.14	113.4	48	1.8
689	127.5	93.51	48	1.19
690	166.19	5.62	49	1.84
691	33.96	31.4	48	1.22
692	69.06	45.75	49	0.59
693	1.72	123.23	49	1.58
694	103.46	109.63	48	0.85
695	92.07	108.59	48	0.83
696	145.54	192.32	49	1.08
697	93.63	137.81	50	1.59
698	147.36	106.55	49	1.08
699	115.16	191.91	48	0.86
700	183.61	182.38	48	1.4
Period: 49
Tasks:14
id	x	y	end	c
728	137.88	170.59	51	80.11
729	126.26	28.92	52	75.78
730	10.47	88.34	51	90.29
731	182.55	20.63	50	114.52
732	41.1	91.29	49	59.54
733	31.17	130.45	51	75.26
734	91.74	54.35	53	46.39
735	21.48	194.04	51	122.51
736	73.75	3.19	50	100.31
737	100.94	32.23	52	67.78
738	155	93.54	54	55.38
739	0.72	169.43	51	121.15
740	176.89	162.9	51	99.34
741	166.8	190.41	51	112.41
Drivers: 12
id	x	y	end	sensitivity
701	20.02	137.53	51	1.53
702	179.84	45.79	50	1.07
703	76.88	93.73	51	1.09
704	116.52	150.88	50	1.44
705	5.79	40.8	49	0.57
706	113.01	145.93	49	0.77
707	9.34	94.63	49	0.52
708	20.43	33.3	50	0.78
709	185.28	154.95	50	0.89
710	30.05	138.52	52	0.59
711	181.54	35.05	51	1.05
712	122.13	112.06	50	1.88
Period: 50
Tasks:18
id	x	y	end	c
742	119.35	131.52	51	36.99
743	92.35	137.02	53	37.8
744	28.61	24.36	53	104.01
745	159.17	138.38	52	70.53
746	60.18	127.35	51	48.31
747	134.83	55.23	53	56.72
748	134.56	55.73	56	56.16
749	77.61	79.04	55	30.67
750	12.89	111.19	54	87.83
751	176.1	78.55	53	79.07
752	193.87	199.05	54	136.46
753	183.45	173.29	54	111.06
754	146.56	165.01	53	79.96
755	84.4	90.82	54	18.1
756	155.11	180.74	52	97.76
757	22.57	152.23	54	93.4
758	75.36	188.77	53	92.13
759	48.55	18.49	53	96.39
Drivers: 16
id	x	y	end	sensitivity
713	144.91	127.67	51	1.75
714	15.99	104	51	0.71
715	169.74	138.17	51	0.84
716	122.72	75.33	51	1.92
717	72.07	68.99	52	1.11
718	40.68	73.37	50	0.53
719	158.56	196.78	51	1.41
720	9.72	126.43	51	0.97
721	79.27	114.44	52	0.89
722	116.97	154.82	51	1.6
723	22.77	68.08	52	1.68
724	105.68	71.14	50	1.83
725	104.75	33.2	51	1.5
726	36.24	72.76	50	0.66
727	182.02	35.71	53	1.01
728	140.35	118.91	52	0.94
Period: 51
Tasks:11
id	x	y	end	c
760	131.45	96.36	53	31.66
761	151.99	148.96	53	71.41
762	155.38	38.03	53	83.11
763	163.25	102.68	55	63.31
764	60.67	40.63	53	71.22
765	86.86	97.31	53	13.41
766	113.98	191.31	54	92.37
767	187.27	160.83	51	106.38
768	146.28	80.04	57	50.4
769	151.17	146.66	55	69.25
770	67.17	13.8	53	92.24
Drivers: 10
id	x	y	end	sensitivity
729	150.83	122.3	52	1.31
730	130.19	85.36	52	0.99
731	140.04	57.72	51	1.37
732	35.89	13.66	52	0.99
733	35.21	193.81	51	1.71
734	142.12	112.75	51	0.89
735	19.31	161.91	53	0.74
736	87.46	186.77	55	1.25
737	147.17	65.99	54	1.2
738	133.23	173.33	52	1.55
Period: 52
Tasks:17
id	x	y	end	c
771	89.67	176.77	57	77.46
772	155.33	33.12	53	86.8
773	194.62	78.74	54	96.98
774	71.97	110.63	55	29.98
775	124.93	179.05	56	82.89
776	140.73	11.59	56	97.34
777	132.86	37.35	56	70.74
778	3.59	68.73	56	101.35
779	140.2	180.31	54	89.81
780	31.24	155.66	57	88.46
781	182.98	186.63	56	119.96
782	188.92	192.44	54	128.27
783	193.92	145.79	54	104.49
784	43.66	196.55	54	111.79
785	56.91	97.53	60	43.16
786	107.45	127.47	53	28.46
787	97.91	119.23	54	19.34
Drivers: 21
id	x	y	end	sensitivity
739	191.68	190.15	52	0.76
740	86.83	137.7	52	0.75
741	165.56	114.47	53	0.6
742	180.01	27.52	52	0.86
743	82.72	13.3	52	1.14
744	81.19	102.39	56	0.94
745	41.42	7.51	53	1.08
746	12.54	86.95	52	1.47
747	79.43	91.05	52	1.31
748	161.47	179.76	52	0.88
749	111.73	170.04	53	1.19
750	188.06	166.63	53	1.4
751	98.22	157.39	54	0.94
752	162.47	171.32	54	1.52
753	8.02	147.95	52	1.72
754	155.82	50.46	53	1.32
755	75.81	52.59	52	0.86
756	182.65	61.94	55	1.76
757	110	81.58	52	0.81
758	29.27	30.4	53	0.78
759	193.48	171.39	53	2
Period: 53
Tasks:16
id	x	y	end	c
788	114.64	191.29	58	92.46
789	79.19	104.68	54	21.33
790	27.2	33.85	57	98.36
791	163.48	29.5	60	94.87
792	114.19	6.87	57	94.2
793	145.99	135.66	59	58.2
794	194.73	147.82	56	106.12
795	113.37	178.87	54	80
796	124.39	187.69	54	91.02
797	95.09	174.54	55	74.7
798	143.37	37.36	55	76.19
799	91.52	141.39	59	42.25
800	151.26	126.96	56	57.92
801	21.53	182.32	57	113.73
802	5.39	35.87	54	114.3
803	66.77	173.4	59	80.57
Drivers: 10
id	x	y	end	sensitivity
760	20.94	77.48	53	1.37
761	140.33	64.91	54	1.89
762	63.35	41.94	54	0.88
763	176.02	150.69	54	0.96
764	42.24	103.5	54	1.45
765	130.5	73.01	54	1.77
766	189.5	49.32	53	1.01
767	2.76	79.06	55	0.9
768	114.18	31.44	53	1.72
769	127.69	182.76	53	1.66
Period: 54
Tasks:14
id	x	y	end	c
804	198.18	157.31	57	113.68
805	152.89	106.68	60	53.31
806	189.05	130.97	60	94.28
807	110.15	107.08	56	12.38
808	28.1	93.05	57	72.24
809	65.67	136.25	56	49.93
810	141.42	34.45	57	77.54
811	71.85	38.51	54	67.63
812	62.2	91.8	57	38.68
813	186.25	99.81	60	86.25
814	145.73	167.44	58	81.48
815	177.56	142.93	59	88.65
816	159.87	142.66	58	73.51
817	54.16	37.16	54	77.78
Drivers: 12
id	x	y	end	sensitivity
770	29.76	138.16	55	1.28
771	15.19	57.01	54	1.42
772	31.65	143.17	56	1.23
773	18.95	167.75	56	1.36
774	158.32	152.48	56	0.77
775	98.3	80.54	55	0.99
776	37.86	2.51	54	1.27
777	143.02	157.1	56	1
778	111.85	114.13	54	1.72
779	132.78	69.21	55	1.99
780	101.46	170.29	55	1.74
781	96.73	59.77	54	0.58
Period: 55
Tasks:14
id	x	y	end	c
818	154.36	89.09	62	55.44
819	28.9	77.76	58	74.5
820	133.34	129.95	56	44.82
821	39.59	99.39	57	60.41
822	9.84	135.19	57	96.78
823	168.29	55.5	56	81.51
824	101.72	161.34	57	61.36
825	99.23	133.81	57	33.82
826	166.31	4.82	60	116
827	26.62	35.21	60	97.89
828	83.8	155.05	61	57.38
829	31.43	174.12	56	100.97
830	38.01	157.2	56	84.35
831	54.73	143.28	57	62.63
Drivers: 16
id	x	y	end	sensitivity
782	130.1	2.86	58	1.53
783	186.11	89.29	56	1.46
784	111.4	68.69	55	0.66
785	115.9	25.4	57	1.91
786	70.54	93.87	56	0.55
787	7.99	193.26	56	0.77
788	94.67	37.15	57	1.47
789	193.96	183.92	57	0.87
790	87.65	32.78	59	1.16
791	33.92	157.84	58	1.14
792	36.3	92.96	57	0.82
793	144.89	36.11	55	1.51
794	43.5	151.39	55	1.91
795	147.34	134.19	56	1.22
796	32.61	11.31	55	1.6
797	142.91	89.84	56	0.6
Period: 56
Tasks:17
id	x	y	end	c
832	118.78	82.52	57	25.66
833	36.91	25.81	59	97.39
834	30.19	164.14	58	94.8
835	48.98	196.04	58	108.75
836	25.89	147.81	57	88.19
837	158.08	11.55	60	105.81
838	121.77	129.57	57	36.72
839	44.02	17.81	57	99.44
840	130.24	126.74	60	40.37
841	30.81	64.49	57	77.77
842	33.32	47.52	59	84.86
843	84.21	11.02	60	90.37
844	107.69	143.74	60	44.41
845	142.82	73.57	58	50.32
846	14.59	59.33	58	94.6
847	117.09	3	61	98.49
848	87.94	60.45	58	41.35
Drivers: 13
id	x	y	end	sensitivity
798	195.93	168.34	58	1.01
799	77.51	170.64	57	1.9
800	176.77	78.33	57	0.73
801	93.68	27.97	56	1.66
802	99.99	190.7	57	1.88
803	180.56	95.79	56	0.65
804	136.51	28.04	56	1.88
805	139.85	152.89	58	1.18
806	117.71	61.76	56	1.67
807	12.4	12.16	57	0.89
808	79.01	22.54	56	1.3
809	174.29	130.64	56	1.76
810	111.55	136.32	56	1.27
Period: 57
Tasks:12
id	x	y	end	c
849	109.49	194.39	58	94.87
850	101.84	18.89	59	81.13
851	166.88	87.73	62	68
852	84.86	51.17	61	51.12
853	159.31	125.6	61	64.6
854	4.2	73.53	58	99.39
855	109.2	71.66	61	29.8
856	178.66	9.3	60	120.06
857	32.08	38.41	63	91.69
858	172.13	16.99	61	109.97
859	58.63	22.2	62	88.12
860	107.26	165.07	58	65.47
Drivers: 11
id	x	y	end	sensitivity
811	134.76	171.36	57	1.4
812	131.26	172.36	57	1.28
813	77.02	53	57	1.09
814	2.44	67.61	57	1.31
815	123.79	12.13	58	1.41
816	131.65	111.67	59	0.97
817	190.66	160.56	58	0.91
818	183.71	184.07	57	1.21
819	177.2	14.21	57	1.18
820	47.42	118.27	58	0.93
821	184.54	94.7	59	1.1
Period: 58
Tasks:14
id	x	y	end	c
861	120.44	87.57	61	23.92
862	114.13	86.84	58	19.31
863	82.33	195.71	62	97.33
864	92.56	57.02	58	43.62
865	80.73	91.78	59	20.95
866	44.28	184.35	59	101.09
867	159.69	121.36	60	63.4
868	52.65	48.61	63	69.88
869	78.9	94.78	66	21.74
870	139.81	163.33	60	74.8
871	111.22	195.17	61	95.83
872	165.23	24.12	63	100.06
873	73	8.14	62	95.75
874	17.78	120.04	62	84.63
Drivers: 16
id	x	y	end	sensitivity
822	30.09	159.61	58	1.94
823	100.25	120.38	58	1.25
824	107.96	198.52	60	1.29
825	115.65	117.02	58	0.62
826	195.01	46.25	60	0.57
827	159.05	107.79	58	1.04
828	68.86	127.08	58	1.54
829	189.48	128.71	61	1.16
830	147.86	3.78	60	0.69
831	159.79	136.69	58	0.6
832	35.92	106.88	58	0.85
833	11.42	6.33	60	1.9
834	133.48	170.45	58	1.54
835	32.34	76.15	59	0.72
836	180.75	162.12	58	1.6
837	15.13	138.46	59	1.6
Period: 59
Tasks:12
id	x	y	end	c
875	95.46	160.22	66	60.39
876	36.29	128.3	62	69.71
877	84.18	178.44	62	80.02
878	174.54	31.6	64	101.17
879	31.22	120.75	63	71.84
880	181.18	172.53	62	108.86
881	30.01	73.66	65	74.78
882	32.84	146.67	60	81.78
883	159.31	12.6	59	105.62
884	151.59	17.66	61	97.17
885	150.99	8.92	62	104.38
886	110.86	18.14	61	82.58
Drivers: 14
id	x	y	end	sensitivity
838	139.02	151.85	60	0.92
839	88.58	190.28	59	1.36
840	20.97	85.66	60	1.11
841	115.42	156.97	59	0.83
842	25.89	17.87	60	1.52
843	60.18	15.31	60	0.59
844	72.7	54.88	60	1.04
845	47.02	23.6	59	0.95
846	35.49	137.33	62	1.34
847	190.89	146.89	61	0.71
848	190.58	111.67	59	0.85
849	68.54	60.84	60	1.19
850	23.39	93.11	59	1.83
851	153.91	186.47	61	1.7
Period: 60
Tasks:14
id	x	y	end	c
887	34.38	48.18	62	83.61
888	129.12	188.8	65	93.45
889	49.26	176.56	63	91.85
890	187.45	44.7	63	103.47
891	159.74	135.33	60	69.41
892	39.7	186.02	61	105.05
893	66.12	180.85	63	87.66
894	198.8	96.11	63	98.88
895	8.75	95.09	66	91.38
896	14.67	153.65	64	100.79
897	173.1	193.59	62	118.75
898	54.74	48.86	61	68.29
899	119.41	37.53	63	65.42
900	182.42	168	62	106.85
Drivers: 12
id	x	y	end	sensitivity
852	142.54	58.51	61	1.57
853	80.89	9.37	61	1.89
854	11.96	73.39	62	1.5
855	66.09	60.63	60	1.64
856	184.46	65.36	61	1.08
857	74.14	74.76	62	0.53
858	109.34	29.27	60	1.23
859	36.51	81.43	63	1.44
860	149.6	45.05	61	1.17
861	70.39	107.96	62	0.52
862	138.64	163.46	60	0.61
863	151.64	85.86	61	0.73
Period: 61
Tasks:10
id	x	y	end	c
901	152.89	144.61	65	69.19
902	37.32	40.5	65	86.42
903	120.81	155.47	64	59.25
904	57.12	159.97	61	73.72
905	86.31	52.47	66	49.46
906	8.13	81.62	62	93.69
907	176.14	7.45	63	119.84
908	3.62	62.52	62	103.41
909	146.99	27.9	63	86.06
910	191.13	190.49	63	128.43
Drivers: 19
id	x	y	end	sensitivity
864	142.61	61.54	61	1.19
865	107.62	89.39	62	1.73
866	156.9	34.34	61	0.76
867	160.84	1.69	61	1.34
868	42.86	82.33	61	0.6
869	22.8	161.93	61	0.71
870	29.4	127.01	61	1.55
871	144.92	65.94	64	1.09
872	2.69	66.01	61	0.52
873	146.76	170.56	62	0.57
874	15.59	72.65	62	1.99
875	65.85	176.47	61	1.96
876	192.58	121.92	62	0.54
877	73.03	84.47	61	1.15
878	35.43	125.27	62	0.82
879	183.72	13.9	64	1.6
880	82.84	141.51	61	0.97
881	122.22	74.04	61	1.26
882	73.16	182.74	62	0.98
Period: 62
Tasks:12
id	x	y	end	c
911	43.93	120.05	64	59.55
912	38.15	73.29	64	67.37
913	159.89	59.38	69	72.37
914	132.79	80.8	64	38
915	164.15	13.46	63	107.72
916	62.42	106.82	64	38.19
917	20.79	169.19	65	105.17
918	18.33	130.15	65	87.06
919	16.65	154.31	64	99.48
920	63.95	67.86	67	48.3
921	77.25	64.12	65	42.48
922	173.84	3.3	65	121.67
Drivers: 12
id	x	y	end	sensitivity
883	46.03	189.27	63	1.13
884	19.9	169.26	62	1.71
885	92.17	129.67	62	0.81
886	116.26	148.5	62	0.78
887	20.94	81.61	64	1.41
888	151.98	57.25	63	1.44
889	109.94	103.62	62	1.84
890	155.91	94.29	63	1.35
891	120.19	45.18	62	0.64
892	91.66	29.58	63	1.53
893	114.78	2.45	65	1.78
894	59.72	78.19	64	1.49
Period: 63
Tasks:12
id	x	y	end	c
923	18.37	111.41	67	82.42
924	103.98	142.19	65	42.38
925	21.98	49.34	67	93.02
926	184.51	1.79	66	129.57
927	190.79	163.88	68	111.01
928	18.2	194.63	64	125.08
929	52.25	69.84	67	56.48
930	186.97	2.36	67	130.76
931	159.97	18.71	67	101.02
932	129.29	18.64	67	86.47
933	127.77	13.13	64	91.2
934	191.46	58.21	66	100.56
Drivers: 17
id	x	y	end	sensitivity
895	73.48	143.83	63	1.65
896	112.7	25.81	64	1.76
897	71.2	64.76	64	1.55
898	79.54	171.98	63	1.91
899	5.05	76.31	63	0.97
900	150.94	53.4	64	1.76
901	28.2	195.48	64	1.37
902	62.44	193.85	64	0.63
903	93.84	23.4	65	0.55
904	75.72	192.36	63	0.86
905	115.46	56.59	64	0.72
906	135.69	34.39	68	1.98
907	155.04	79.71	65	0.95
908	127.35	79.09	64	1.21
909	175.97	69.8	63	1.7
910	164.63	22.79	63	1.71
911	125.93	15.18	64	0.91
Period: 64
Tasks:9
id	x	y	end	c
935	92.62	179.97	71	80.31
936	59.23	15.34	68	93.97
937	52.53	94.77	66	47.76
938	98.18	8.41	67	91.61
939	26.19	13.46	66	113.74
940	179.93	50.61	65	93.96
941	86.25	111.59	71	17.98
942	159.27	112.13	65	60.5
943	15.8	84.06	69	85.7
Drivers: 9
id	x	y	end	sensitivity
912	130.63	75.55	65	0.8
913	29.99	74.39	66	1
914	145.87	85.22	64	1.17
915	185.38	193.82	67	1.28
916	9.37	98.79	67	1.84
917	23.41	186.28	66	1.79
918	53.26	75.83	64	0.99
919	106.54	55.36	64	0.78
920	68.38	56.64	65	0.79
Period: 65
Tasks:12
id	x	y	end	c
944	192.79	57.37	71	102.11
945	19.44	100.55	68	80.56
946	177.2	199.44	65	125.89
947	18.73	35.48	68	103.77
948	130.06	157.91	66	65.25
949	193.65	4.42	67	133.81
950	131.39	59.41	67	51.31
951	121.43	183.04	69	85.76
952	17.15	39.57	67	102.55
953	126.43	0.76	68	102.7
954	100.63	74.51	68	25.5
955	50.67	60.82	69	63
Drivers: 18
id	x	y	end	sensitivity
921	31.17	149.78	65	1.1
922	32.22	143.79	67	1.3
923	48.96	83.81	67	1.62
924	43.26	105.97	67	0.54
925	52.21	118.26	67	1.57
926	5.87	166.97	66	1.67
927	17.98	33.86	66	1.72
928	93.96	74.63	66	1.69
929	20.23	9.09	66	1.39
930	53.73	145.94	65	0.93
931	57.85	132.7	65	0.52
932	171.25	160.62	66	1.88
933	104.81	11.86	65	0.81
934	125.42	38.01	66	1.38
935	131.26	6.87	66	0.87
936	169.17	198.84	65	1.22
937	90.98	180.11	68	0.89
938	144.29	134.7	68	0.55
Period: 66
Tasks:10
id	x	y	end	c
956	192.56	101.63	70	92.57
957	13.91	100.95	69	86.1
958	130.35	124.47	69	38.99
959	122.01	142.65	72	47.99
960	47.11	65.62	71	63.08
961	80.96	154.65	69	57.87
962	12.11	88.6	71	88.63
963	12.7	36.23	67	108.11
964	157.53	122.21	70	61.67
965	3.98	78.93	66	98.3
Drivers: 13
id	x	y	end	sensitivity
939	128.31	101.87	69	1.31
940	150.27	172.32	66	0.55
941	130.47	36.81	66	1.46
942	84.69	116.98	66	1.55
943	182.26	14.24	67	0.64
944	51.59	142.14	66	1.06
945	98.88	60.17	68	1.27
946	109.3	134.17	66	1.29
947	149.05	92.67	68	1.87
948	21.22	34.45	66	1.06
949	122.03	94.57	67	1.77
950	196.93	13.29	66	0.71
951	11.87	109.93	69	0.67
Period: 67
Tasks:15
id	x	y	end	c
966	106.34	104.57	69	7.82
967	192.28	60.69	70	100.3
968	98.84	187.14	70	87.15
969	90.32	178.59	71	79.18
970	121.57	113.49	70	25.44
971	93.37	169.13	71	69.45
972	131.97	160.41	69	68.35
973	83.38	60.34	69	43
974	136.75	154.08	69	65.39
975	96.23	32.95	68	67.16
976	70.57	11.75	69	93.03
977	143.73	183.68	70	94.42
978	111.93	8.46	71	92.31
979	88.87	4.37	68	96.28
980	184.69	133.98	72	91.25
Drivers: 16
id	x	y	end	sensitivity
952	173.15	144.84	68	1.23
953	103.92	12.69	67	1.78
954	43.55	88.7	67	0.76
955	44.2	85.95	70	1
956	38.29	86.44	69	0.98
957	63.55	49.64	68	1.9
958	124.12	187.52	67	1.06
959	175.8	15.99	69	0.57
960	5.54	131.81	67	1.57
961	71.37	189.72	68	0.74
962	99.05	85.53	68	1.79
963	3.17	4.23	68	0.59
964	22.2	60.33	67	1.08
965	82.59	82.83	67	1.3
966	116.75	25.24	67	1.95
967	91.42	110.44	69	1.14
Period: 68
Tasks:23
id	x	y	end	c
981	141.8	31.12	70	80.57
982	127.56	88.42	73	29.89
983	99.3	45.5	71	54.5
984	129.71	191.84	70	96.53
985	0.94	26.04	72	123.62
986	37.55	182.54	71	103.5
987	130.59	49.01	70	59.46
988	26.64	45.87	71	91.17
989	129.2	29.45	69	76.35
990	62.37	60.49	70	54.56
991	173.28	7.91	71	117.69
992	98.52	115.78	71	15.85
993	50.89	135.78	69	60.76
994	189.68	161.12	69	108.53
995	11.56	190.07	70	126.23
996	82.56	102.73	69	17.65
997	115.45	95.45	68	16.11
998	145.77	39.77	72	75.65
999	176.11	35.18	70	99.97
1000	24.89	161.83	69	97.29
1001	10.39	171.63	70	114.72
1002	104.45	62.55	73	37.71
1003	83.7	133.2	73	36.99
Drivers: 14
id	x	y	end	sensitivity
968	123.89	100.73	68	1.11
969	117.88	129	70	1.83
970	30.18	106.14	68	1.43
971	134.3	197.63	69	1.8
972	166.21	30.52	68	1.39
973	170.88	10.24	69	1.37
974	160.53	36.76	68	1.92
975	35.74	180.06	69	1.11
976	137	87.05	69	2
977	171.95	108.19	70	1.44
978	61.68	98.24	69	1.6
979	51.35	174.32	71	1.02
980	64.64	53.46	70	1.87
981	165.79	95.18	68	0.75
Period: 69
Tasks:13
id	x	y	end	c
1004	96.09	29.75	74	70.36
1005	100.81	101.55	70	1.75
1006	145.73	117.02	70	48.79
1007	124.9	62.37	73	45.12
1008	144.37	90.21	69	45.44
1009	159.23	85.71	70	60.93
1010	53.84	0.06	70	110.09
1011	156.15	76.15	71	61.01
1012	19.85	194.82	70	124.16
1013	114.78	197.59	71	98.7
1014	120.04	40.11	73	63.15
1015	22.21	172.78	74	106.53
1016	149.88	2.24	70	109.75
Drivers: 22
id	x	y	end	sensitivity
982	161.12	68.81	71	1.09
983	40.94	94.14	69	1.8
984	37.48	171.33	69	1.72
985	44.04	98.05	70	1.37
986	81.67	51.5	69	0.63
987	135.65	90.23	71	0.98
988	0.41	58.3	70	1.42
989	185.03	188.98	71	1.91
990	173.87	183.17	71	1.77
991	105.53	197.28	70	1.95
992	7.44	113.29	69	0.73
993	131.46	169.86	69	1.55
994	66.25	133.9	70	1.88
995	108.69	93.05	69	1.47
996	47.8	165.79	72	0.55
997	36.07	42.19	72	0.96
998	158.98	76.03	70	1.25
999	101.92	181.62	71	1.01
1000	56.26	194.3	73	1.45
1001	56.63	28.04	70	1.99
1002	7.89	0.93	69	1.44
1003	87.34	94.51	70	1.39
Period: 70
Tasks:25
id	x	y	end	c
1017	172.75	124.95	74	76.91
1018	21.11	79.38	72	81.54
1019	147.05	16.38	74	95.95
1020	94.06	98.31	76	6.18
1021	48.9	184.54	72	98.78
1022	139.78	107.13	71	40.41
1023	175.33	65.33	71	82.93
1024	113.25	73.68	73	29.47
1025	39.96	171.67	73	93.5
1026	192.74	119.77	70	94.82
1027	125.07	193.11	73	96.43
1028	117.36	50.59	74	52.37
1029	171.56	81.29	72	73.97
1030	77.19	141.2	75	47.09
1031	26.57	45.08	73	91.7
1032	183.84	62.6	74	91.8
1033	192.41	36.06	73	112.37
1034	188.97	4.61	72	130.44
1035	74.49	162.77	73	67.76
1036	81.31	21.59	74	80.61
1037	107.66	154.43	71	54.97
1038	175.59	142.61	74	86.77
1039	10.33	96.51	71	89.74
1040	41.69	97.19	74	58.38
1041	180.65	59.37	74	90.31
Drivers: 17
id	x	y	end	sensitivity
1004	3.59	153.01	71	1.87
1005	98.74	16.4	71	1.56
1006	77.61	73.95	72	0.7
1007	70.33	107.52	71	1.31
1008	84.14	72.14	71	0.81
1009	154.82	39.89	70	1.97
1010	92.78	134.04	70	1.34
1011	187.63	176.25	72	1.55
1012	195.05	115.76	72	1.18
1013	14.27	20.16	70	1.39
1014	47.14	135.53	71	1.8
1015	190.58	181.45	70	1.88
1016	108.93	59.15	71	0.58
1017	183.28	5.88	71	1.72
1018	99.89	87.41	70	0.93
1019	111.99	146.66	74	1.03
1020	180.82	147.4	70	1.27
Period: 71
Tasks:12
id	x	y	end	c
1042	171.63	70.13	73	77.61
1043	167.4	196.56	72	117.76
1044	128.41	76.74	76	36.72
1045	64.59	79.25	76	41.04
1046	2.28	60.37	76	105.45
1047	45.14	187.35	73	103.15
1048	33.24	67.11	73	74.42
1049	115.31	164.39	73	66.19
1050	14.96	196.14	73	128.35
1051	133.46	57.05	75	54.45
1052	148.77	24.88	73	89.56
1053	29.18	144.52	74	83.65
Drivers: 22
id	x	y	end	sensitivity
1021	13.32	122.8	72	0.93
1022	185.29	162.54	72	1.24
1023	65.78	15.55	72	0.63
1024	140.57	148.88	72	1.66
1025	51.4	123.73	71	1.97
1026	95.54	115.02	73	0.81
1027	147.05	147.14	73	1.64
1028	3.74	117.33	72	0.55
1029	157.52	23.2	73	1.43
1030	195.81	61.45	71	1.17
1031	38.53	185.62	73	1.07
1032	160.52	85.01	72	0.93
1033	82.61	39.13	72	1.53
1034	181.31	37.88	71	1.31
1035	139.86	56.66	74	1.92
1036	30.7	112.32	71	0.71
1037	30.35	81.46	73	1.14
1038	144.53	93.5	75	1.77
1039	177.33	106.86	72	1.2
1040	176.42	86.97	71	0.84
1041	91.16	131.69	71	1.14
1042	25.07	134.62	72	0.78
Period: 72
Tasks:7
id	x	y	end	c
1054	9.68	20.89	73	120.07
1055	49.53	34.88	75	82.39
1056	136.66	6.8	75	100.15
1057	157.17	145.75	73	73.22
1058	68.31	131.82	76	44.91
1059	61.27	102.57	75	38.82
1060	115.15	117.7	72	23.3
Drivers: 23
id	x	y	end	sensitivity
1043	34.97	130.85	73	1.81
1044	39.38	3.02	73	0.87
1045	161.29	21.37	72	1.19
1046	154.66	190.57	72	1.24
1047	94.82	38.35	73	1.79
1048	174.24	124.11	74	1.39
1049	182.86	139.46	72	1.11
1050	163.61	44.61	72	1.7
1051	45.13	155.9	73	1.53
1052	13.68	127.98	72	0.97
1053	135.57	126.73	74	0.62
1054	120.49	59.7	74	1.22
1055	50.89	115.18	73	0.8
1056	24.92	63.92	73	1.21
1057	68.88	3.46	73	1.26
1058	122.87	42.78	73	1.88
1059	150.54	56.16	72	0.75
1060	137.22	166.69	73	1.65
1061	67.33	53.3	73	1.42
1062	199.95	160.94	74	1.98
1063	16.58	154.17	72	1.99
1064	135.81	183.82	75	1.98
1065	164.09	188.47	74	1.47
Period: 73
Tasks:10
id	x	y	end	c
1061	121.4	111.09	77	24.1
1062	64.9	106.61	80	35.72
1063	96.16	42.34	75	57.79
1064	115.54	189.08	75	90.43
1065	10.24	1.63	74	133.17
1066	186.77	194.23	80	128.09
1067	181.56	29.07	77	108.09
1068	170.9	159.2	76	92.37
1069	26.32	65.12	76	81.52
1070	92.45	186.07	75	86.4
Drivers: 9
id	x	y	end	sensitivity
1066	159.92	21.68	74	1.62
1067	186.13	36.43	74	0.7
1068	195.47	69.15	73	1.89
1069	189.02	158.95	74	1.24
1070	79.71	190.94	74	1.62
1071	9.86	165.86	73	1.52
1072	38.86	98.31	74	1.82
1073	2.81	96.45	73	0.96
1074	43.31	99.11	74	1.98
Period: 74
Tasks:22
id	x	y	end	c
1071	193.42	195.47	74	133.57
1072	120.72	120.55	81	29.18
1073	121.69	186.98	79	89.64
1074	183.86	13.46	76	120.51
1075	30.05	188.97	79	113.18
1076	90.11	6.6	79	93.92
1077	184.37	129.03	76	89.22
1078	136.14	185.43	76	92.76
1079	143.08	27	77	84.76
1080	193.01	114.81	77	94.18
1081	161.22	119	75	64.1
1082	200	48.36	76	112.55
1083	68.96	136.97	76	48.27
1084	10.64	77.12	75	92.24
1085	50.55	48.39	78	71.48
1086	119.4	145.1	77	49.1
1087	99.68	174.32	76	74.32
1088	53.9	77.8	78	51.17
1089	53.4	179.89	79	92.49
1090	11.36	67.16	77	94.53
1091	144.72	69.55	76	54.1
1092	182.57	67.79	80	88.63
Drivers: 14
id	x	y	end	sensitivity
1075	133.75	8.74	75	1.99
1076	75.03	102.95	74	1.64
1077	103.67	35.98	75	1.2
1078	11.24	73.25	74	1.68
1079	52.85	51.03	75	0.67
1080	183.58	7.56	75	1.78
1081	84.01	172.74	74	0.55
1082	130.15	169.93	74	0.57
1083	24.26	26.9	75	1.96
1084	20.34	94.26	75	1.22
1085	199.04	170.31	75	0.5
1086	120.28	0.81	75	1.51
1087	89.9	131.39	76	1.08
1088	162.62	25.75	76	0.63
Period: 75
Tasks:13
id	x	y	end	c
1093	23.56	53.29	79	89.58
1094	98.89	5.44	76	94.57
1095	132.98	64.25	76	48.64
1096	32.18	55.82	79	80.94
1097	81.89	27.46	80	74.77
1098	36.71	131.41	78	70.66
1099	73.46	46.28	79	59.92
1100	130.16	125.72	80	39.64
1101	46.66	130.45	79	61.42
1102	53.44	188.9	76	100.35
1103	16.14	85.1	79	85.17
1104	161.03	55.54	79	75.51
1105	198.32	63.97	79	104.71
Drivers: 10
id	x	y	end	sensitivity
1089	108.98	17.51	77	0.81
1090	162.48	47.12	76	1.1
1091	29.03	72.78	76	0.93
1092	163.73	60.4	76	1.29
1093	138.08	30.51	75	0.98
1094	150.18	197.88	78	1.47
1095	78.56	79.34	75	0.84
1096	51.23	90.21	76	0.89
1097	131.56	178.91	76	0.58
1098	87.95	54.28	75	1.48
Period: 76
Tasks:20
id	x	y	end	c
1106	198.19	60.43	79	105.86
1107	80.08	151.06	82	54.81
1108	21.5	188.28	82	118.13
1109	32.78	151.33	78	84.58
1110	190.4	64.55	78	97.1
1111	101.46	186.27	79	86.28
1112	195.21	6.14	77	133.7
1113	109.7	93.36	79	11.75
1114	49.32	16.51	84	97.67
1115	194.5	172.56	78	119.14
1116	4.95	24.98	81	121.09
1117	193.79	176.65	80	121.13
1118	156.89	42.56	79	80.84
1119	8.44	166.14	78	112.95
1120	2.03	171.5	81	121.29
1121	116.91	47.03	80	55.6
1122	18.01	135.48	78	89.34
1123	66.71	87.15	78	35.68
1124	36.27	37.04	78	89.59
1125	16.75	109.82	77	83.83
Drivers: 15
id	x	y	end	sensitivity
1099	150.2	118.49	76	0.6
1100	9.7	111.69	78	0.54
1101	133.26	136.99	76	0.94
1102	184.47	73.35	76	1.36
1103	90.84	87.07	76	1.84
1104	10.05	31.88	76	0.72
1105	115.33	118.53	79	1.15
1106	111.15	184.04	77	1.49
1107	153.2	97.63	79	1.75
1108	187.28	91.12	77	0.53
1109	125.78	83.09	77	1.88
1110	192.06	31.36	76	0.61
1111	135.27	196.38	76	1.08
1112	162.03	129.33	76	1.28
1113	156.86	197.96	76	1.45
Period: 77
Tasks:24
id	x	y	end	c
1126	132.75	141.27	81	52.69
1127	19.32	115.51	79	82.16
1128	55.61	6.57	79	103.44
1129	135.84	156.17	80	66.63
1130	139.65	87.05	84	41.71
1131	185.53	65.83	79	92.1
1132	120.5	144.51	78	49
1133	89.54	57.2	85	44.06
1134	55.94	69.96	80	53.33
1135	139.45	57.29	78	58.14
1136	97.81	33.37	81	66.67
1137	135.75	181.29	79	88.8
1138	180.86	85.13	81	82.22
1139	186.33	115.44	79	87.7
1140	139.71	33.3	78	77.63
1141	147.66	0.83	79	110.03
1142	118.88	187.23	81	89.25
1143	151.17	21.84	81	93.42
1144	8.49	177.61	80	119.99
1145	151.22	82.1	79	54.26
1146	179.57	39.25	82	100.11
1147	73.71	186.92	78	90.81
1148	88.79	50.73	82	50.53
1149	12.09	112.17	80	88.75
Drivers: 23
id	x	y	end	sensitivity
1114	189.62	191.2	78	0.96
1115	45.74	102.18	78	0.68
1116	162.61	186.42	80	1.36
1117	110.93	196.58	79	1.03
1118	56.7	69.66	78	0.62
1119	76.34	133.97	77	1.63
1120	81.05	124.85	78	0.76
1121	70.9	34.06	81	1.73
1122	49.21	111.71	78	0.95
1123	128.36	149.79	77	1.7
1124	178.12	83.69	78	0.92
1125	93.28	136.98	79	1.5
1126	49.6	193.2	78	0.84
1127	66.09	27.16	79	0.87
1128	124.74	81.5	77	1.79
1129	136.23	166.98	77	0.87
1130	196.08	149.39	80	0.6
1131	168.94	20.5	79	1.06
1132	109.42	87.54	77	0.79
1133	161.21	184.78	80	1.44
1134	45.27	168.31	77	1.88
1135	147.15	82.01	80	1.35
1136	51.82	62.04	78	1.66
Period: 78
Tasks:28
id	x	y	end	c
1150	191.83	12.42	82	126.9
1151	96.97	32.09	84	67.98
1152	112.57	132.29	84	34.65
1153	175.8	0.22	80	125.31
1154	43.78	83.29	83	58.65
1155	25.23	56.86	82	86.32
1156	115.4	180.19	79	81.66
1157	107.15	158.99	80	59.42
1158	195.58	40.96	79	112.34
1159	164.34	36.3	81	90.54
1160	179.19	154.52	81	96.14
1161	94.35	59.38	84	41.01
1162	84.05	197.55	80	98.85
1163	53.8	150.4	81	68.37
1164	14.38	168.86	79	109.87
1165	69.27	50.7	83	58.09
1166	106.93	106.52	84	9.52
1167	45.95	53.27	83	71.45
1168	124.83	105.56	82	25.44
1169	157.95	188.21	82	105.54
1170	22.83	51.47	82	91.16
1171	37.69	50.1	81	79.83
1172	167.4	146.54	80	81.91
1173	100.6	88.52	81	11.5
1174	193.38	164	81	113.21
1175	146.23	122.65	84	51.48
1176	56.08	17.9	83	93.11
1177	92.13	52.06	82	48.58
Drivers: 13
id	x	y	end	sensitivity
1137	62.17	86.56	80	1.49
1138	47.64	103.65	79	1.11
1139	22.35	172.82	79	1.9
1140	134.31	67.29	80	0.98
1141	1.33	142.97	78	1.35
1142	183.47	188.86	78	1.44
1143	78	59.1	78	1.75
1144	82.07	4.75	78	0.7
1145	157.55	57.36	78	0.96
1146	129.44	45.73	78	0.96
1147	159.9	172.17	79	1.19
1148	135.12	102.77	79	0.81
1149	57.55	125.65	79	1.56
Period: 79
Tasks:17
id	x	y	end	c
1178	72.76	117.3	84	32.27
1179	141.24	101.43	79	41.26
1180	58.88	94.9	80	41.44
1181	42.28	73.38	79	63.56
1182	124.51	13.86	81	89.56
1183	86.63	180.83	82	81.93
1184	107.74	6.99	86	93.33
1185	174.46	92.66	82	74.82
1186	195.28	35.62	81	114.99
1187	18.94	10.95	80	120.42
1188	21.05	146.71	84	91.73
1189	49.23	113.16	82	52.45
1190	186.15	156.59	80	103.07
1191	46.45	83.34	81	56.08
1192	96.87	141.88	80	42
1193	46.93	135.07	82	63.61
1194	73.42	10.79	83	93.09
Drivers: 16
id	x	y	end	sensitivity
1150	44.99	177.94	80	1.33
1151	104.24	2.07	79	1.87
1152	172	57.83	79	1.18
1153	177.02	170.58	79	1.99
1154	115.13	21.21	81	0.93
1155	186.88	101.92	81	1.48
1156	128.11	146.96	79	1.76
1157	107.59	75.47	80	1.98
1158	13.04	65.77	80	1.43
1159	199.02	161.22	82	1.12
1160	53.73	25.67	79	1.28
1161	149.94	27.34	80	1.1
1162	16.81	108.12	80	0.81
1163	103.59	78.91	80	1.92
1164	71.54	115.34	79	1.67
1165	169.54	177.58	80	0.62
Period: 80
Tasks:17
id	x	y	end	c
1195	123.43	5.04	84	97.81
1196	126.55	48.07	85	58.32
1197	145.85	90.15	85	46.9
1198	6.33	168.57	86	116.09
1199	4.22	15.94	85	127.44
1200	157.26	80.19	83	60.59
1201	132.75	98.15	84	32.8
1202	185.39	62.43	82	93.29
1203	109.66	126.29	82	28.01
1204	169.71	176.17	84	103.25
1205	58.66	9.8	82	99.22
1206	26.47	33.91	84	98.87
1207	102.07	15.64	81	84.39
1208	22.79	29.69	81	104.43
1209	9.37	6.09	85	130.51
1210	54.37	59.55	82	60.98
1211	49.41	181.07	84	95.56
Drivers: 23
id	x	y	end	sensitivity
1166	118.65	107.46	82	1.99
1167	144.94	157.97	80	1.38
1168	107.73	199.31	80	0.57
1169	58.64	148.23	81	0.62
1170	36.64	17.67	80	1.65
1171	42.58	103.45	84	0.81
1172	98.58	54.86	81	1.98
1173	104.91	76.74	81	1.04
1174	186.79	137.41	80	1.34
1175	23.96	86.19	80	1.16
1176	2.08	1.66	82	1.07
1177	89.56	138.21	80	1.45
1178	106.63	91.92	83	1.09
1179	173.07	114.72	80	1.44
1180	94.1	119.57	80	0.95
1181	130.76	191.54	80	0.51
1182	15.04	22.28	80	0.61
1183	84.43	91.14	81	1.82
1184	62.96	39.5	82	1.96
1185	164.81	1.68	81	1.64
1186	149.69	172.78	81	1.73
1187	114.08	196.08	81	1.61
1188	94.82	41.08	80	1.79
Period: 81
Tasks:15
id	x	y	end	c
1212	125.48	158.64	84	63.94
1213	187.09	135.6	83	94.09
1214	77.89	111.98	82	25.15
1215	60.17	78.7	84	45.17
1216	159.81	195.99	83	113.1
1217	180.93	189.9	86	120.96
1218	74.04	51.34	84	55.15
1219	150.72	187.66	82	101.28
1220	14.86	8.01	84	125.34
1221	113.78	122.69	85	26.55
1222	105.36	92.71	82	9.05
1223	131.64	154.84	88	63.31
1224	115.79	39.07	83	62.94
1225	139.21	182.23	83	91.1
1226	52.69	44.16	85	73.19
Drivers: 18
id	x	y	end	sensitivity
1189	26.17	46.45	82	1.21
1190	198.25	140.02	81	0.55
1191	187.22	129.49	81	1.57
1192	30.96	36.79	82	1.57
1193	127.67	15.96	81	1.92
1194	77.01	174.92	82	1.79
1195	179.21	175.33	83	0.55
1196	185.81	170.74	82	1.27
1197	18.91	22.39	84	1.27
1198	174.58	28.49	82	1.5
1199	76.91	169.05	82	1.67
1200	167.74	172.13	83	1.85
1201	147.62	33.87	86	1.08
1202	137.85	9.53	81	0.64
1203	190.41	49.09	84	1.03
1204	170.54	13.62	82	1.21
1205	5.97	5.85	82	1.75
1206	169.14	106.54	82	0.86
Period: 82
Tasks:10
id	x	y	end	c
1227	8.7	106.04	85	91.5
1228	136	39.63	84	70.29
1229	60.45	90.73	84	40.62
1230	153.76	121.32	85	57.83
1231	62.96	145.89	85	58.97
1232	44.29	28.91	86	90.32
1233	148.46	189.32	85	101.62
1234	6.16	193.63	86	132.56
1235	106.04	81.2	87	19.75
1236	86.81	112.26	83	18.01
Drivers: 20
id	x	y	end	sensitivity
1207	0.39	29.66	82	1.42
1208	141.34	134.15	83	1.04
1209	117.17	42.55	83	0.64
1210	120.57	154.27	83	1.39
1211	158.17	41.04	82	0.88
1212	187.11	16.73	82	1.28
1213	144.53	24.08	83	1.3
1214	71.66	14.07	82	1.78
1215	160.11	56.19	84	0.7
1216	64.92	81.58	83	0.61
1217	83.32	64.24	84	1.59
1218	82.93	147.85	84	0.69
1219	18.88	83.06	82	0.59
1220	191.04	171.35	84	0.75
1221	1.95	64.04	82	1.8
1222	7.07	138.34	84	1.93
1223	35.91	154.19	82	1.11
1224	22.77	116.58	85	1.38
1225	184.95	11.58	82	1.48
1226	53.27	19	82	0.52
Period: 83
Tasks:14
id	x	y	end	c
1237	12.1	114.76	88	89.13
1238	189.36	12.58	88	125.01
1239	58.01	169.42	87	81.13
1240	163.22	100.11	84	63.22
1241	11.91	179.9	87	118.93
1242	136.67	44.65	86	66.4
1243	92.73	42.47	85	57.99
1244	159.94	52.42	88	76.53
1245	150.48	61.14	87	63.71
1246	87.15	61.03	88	41.03
1247	146.33	139.62	86	60.96
1248	178.91	114.45	85	80.22
1249	152.08	17.67	84	97.42
1250	199.24	191.33	89	134.87
Drivers: 14
id	x	y	end	sensitivity
1227	161.35	122.71	84	1.74
1228	187.56	129.94	83	0.79
1229	133.11	133.26	85	1.99
1230	104.64	98.35	85	1.45
1231	183.17	40.27	83	1.61
1232	12.49	151.11	83	0.58
1233	58.19	127.86	85	1.02
1234	1.62	182.05	85	1.98
1235	100.74	49.32	83	0.5
1236	85.75	63.72	83	0.7
1237	2.28	174.73	83	1.3
1238	133.01	29.4	83	0.79
1239	162.24	181.64	85	1.1
1240	189.41	171.15	84	1.15
Period: 84
Tasks:14
id	x	y	end	c
1251	175.28	122.67	88	78.62
1252	185.11	136.72	89	92.69
1253	192.61	102.07	86	92.63
1254	29.01	147.39	86	85.35
1255	124.2	47.73	87	57.6
1256	105.19	123.06	85	23.64
1257	111.5	84.3	84	19.46
1258	131.64	128.57	90	42.63
1259	52.94	132.76	86	57.34
1260	98.76	110.87	86	10.94
1261	148.44	150.36	90	69.88
1262	129.19	64.75	86	45.77
1263	47.74	20.59	86	95.06
1264	21.54	24.06	87	109.19
Drivers: 17
id	x	y	end	sensitivity
1241	175.88	195.29	84	1.86
1242	90.69	194.48	84	0.93
1243	161.5	84.71	85	1.46
1244	153.72	23.14	85	1.97
1245	5.04	50.27	85	1.11
1246	121.12	103.46	84	0.69
1247	87.34	76.05	86	0.64
1248	20.74	4.8	86	1.02
1249	89.52	197.98	84	0.9
1250	141.76	109.75	87	1.43
1251	43.79	162.12	86	1.01
1252	159.86	35.4	84	0.66
1253	111.36	67.64	85	1.33
1254	181.09	139.62	86	1.86
1255	18.34	110.87	84	1.68
1256	125.39	55.91	85	0.92
1257	53.33	102.65	85	0.8
Period: 85
Tasks:16
id	x	y	end	c
1265	150.33	123.39	88	55.5
1266	158.17	99.04	88	58.18
1267	153.96	106.83	92	54.39
1268	90.49	155.01	88	55.83
1269	39.92	49.53	92	78.47
1270	195.63	83.4	85	97.06
1271	178.85	78.46	88	81.74
1272	117.79	133.42	88	37.86
1273	124.39	108.12	89	25.71
1274	75.82	25.34	91	78.48
1275	134.49	197.25	89	103.18
1276	102.73	84.46	89	15.78
1277	120.62	9.91	87	92.42
1278	65.52	120.39	88	40.06
1279	11.42	152.71	91	103.08
1280	110.75	168.77	92	69.61
Drivers: 10
id	x	y	end	sensitivity
1258	114.06	116.97	85	0.83
1259	133.55	165.51	86	0.67
1260	134.24	1	86	0.84
1261	46.7	42.13	85	1.53
1262	29.68	199.23	85	0.94
1263	11.26	15.14	85	0.68
1264	1.43	165.77	85	0.54
1265	182.66	181.77	87	1.32
1266	111.3	186.37	86	1.61
1267	91.28	177.35	88	1.33
Period: 86
Tasks:18
id	x	y	end	c
1281	184.94	189.48	88	123.38
1282	86.47	115.84	89	20.83
1283	88.05	80.51	90	22.86
1284	15.38	199.6	91	130.69
1285	195.06	125.92	88	98.53
1286	51.22	176.47	88	90.7
1287	193.21	126.76	87	96.98
1288	195.3	76.05	88	98.26
1289	75.46	19.1	89	84.54
1290	154.04	114.01	88	55.83
1291	13.05	88.4	90	87.72
1292	92.46	160.06	86	60.53
1293	34.15	196.95	89	117.2
1294	163.64	103.23	88	63.72
1295	68.2	182.21	89	88.15
1296	115.4	81.4	90	24.15
1297	170.2	49.08	93	86.72
1298	153.92	156.55	88	78.14
Drivers: 11
id	x	y	end	sensitivity
1268	182.15	192.53	86	1.94
1269	11.58	112.13	87	1.59
1270	6	23.21	86	1.12
1271	124.93	34.21	86	1.41
1272	44.71	54.91	86	0.59
1273	129.06	78.63	86	1.06
1274	136.17	188.41	87	1.44
1275	141.35	64.58	86	1.5
1276	20.81	178.8	87	0.9
1277	121.59	86.87	87	1.83
1278	153.06	156.1	87	1.93
Period: 87
Tasks:15
id	x	y	end	c
1299	56.43	38.31	89	75.52
1300	52.85	146.77	89	66.41
1301	9.85	18.11	90	121.79
1302	189.14	182.98	90	121.79
1303	152.56	153.78	89	75.2
1304	127.19	81.85	88	32.69
1305	117.97	43.44	89	59.35
1306	57.91	144.92	91	61.56
1307	169.03	147.01	87	83.52
1308	112.57	156.08	88	57.47
1309	194.4	101	90	94.41
1310	62.85	46.88	90	64.82
1311	30.41	60.75	90	79.9
1312	128.13	50.45	90	56.98
1313	60.04	137.89	90	55.07
Drivers: 8
id	x	y	end	sensitivity
1279	192.24	14.3	92	1.97
1280	159.2	75.47	88	1.97
1281	150.1	104.16	88	1.98
1282	87.27	103.65	88	1.93
1283	38.6	148.86	90	1.81
1284	60.89	79.83	88	0.57
1285	17.51	65.1	88	1.64
1286	44.06	117.2	88	0.66
Period: 88
Tasks:16
id	x	y	end	c
1314	173.47	114.55	91	74.9
1315	15.78	36.72	90	105.34
1316	172.07	165.18	89	97.17
1317	22.73	104.33	89	77.39
1318	44.85	175.67	95	93.63
1319	44.55	87.63	91	56.81
1320	158.52	132.76	91	67.07
1321	42.95	152.74	92	77.69
1322	23.31	66.34	91	83.75
1323	154.9	135.92	91	65.61
1324	78.18	85.13	92	26.41
1325	59.28	131.08	94	51.23
1326	131.79	148.31	90	57.83
1327	28.64	149.69	90	86.96
1328	195.23	47.61	88	108.69
1329	155.6	167.63	90	87.55
Drivers: 10
id	x	y	end	sensitivity
1287	172.41	136.64	89	1.32
1288	43.07	168.56	89	1.63
1289	116.52	115.26	89	0.57
1290	131.43	76.07	88	1.25
1291	107.52	145.57	88	1.64
1292	104.81	190.26	90	0.67
1293	166.63	86.95	89	1.64
1294	136.11	93.57	88	1.9
1295	23.5	1.7	88	1.59
1296	69.5	100.22	90	1.41
Period: 89
Tasks:18
id	x	y	end	c
1330	128.22	29.5	91	75.94
1331	69.93	37.77	89	69.11
1332	34.99	78.02	91	68.63
1333	6.16	87.78	91	94.63
1334	74.06	163.89	92	68.96
1335	122.36	139.66	92	45.53
1336	31.83	52.58	92	83.04
1337	56.62	98.74	90	43.4
1338	195.04	177.5	90	122.63
1339	64.37	170.06	90	78.6
1340	169.57	181.06	92	106.82
1341	13.39	181.18	90	118.71
1342	190.4	184.62	94	123.83
1343	44.98	49.91	94	74.41
1344	20.83	113.27	90	80.27
1345	128.6	120.92	92	35.43
1346	55.02	91.77	91	45.73
1347	171.46	198.56	92	121.74
Drivers: 17
id	x	y	end	sensitivity
1297	11.63	68.58	89	1.06
1298	184.28	71.18	91	0.98
1299	168.46	9.51	91	1.48
1300	195.32	196.16	89	1.47
1301	154.59	182.55	89	0.69
1302	124.73	157.84	89	1.46
1303	17.32	100.43	89	1.69
1304	158.21	100.89	91	1.66
1305	167.22	15.04	90	1.31
1306	141.96	16.88	89	1.53
1307	198.51	166.89	89	0.83
1308	98.17	5.12	91	1.74
1309	132.38	194.29	91	2
1310	28.21	107.77	90	0.66
1311	99.81	114.99	92	0.55
1312	53.31	37.41	92	0.7
1313	18.97	165.44	92	1.17
Period: 90
Tasks:16
id	x	y	end	c
1348	145.58	29.07	92	84.31
1349	54.58	40.98	91	74.47
1350	124	142.55	96	48.85
1351	69.4	53.05	91	56.04
1352	27.5	157.76	91	92.7
1353	59.4	43.33	92	69.71
1354	176.62	191.8	96	119.57
1355	79.62	7.78	95	94.45
1356	44.48	39.41	92	82.18
1357	128.79	165.13	90	71.21
1358	51.5	37.63	94	79.01
1359	177.42	20.15	92	111.22
1360	41.2	143	93	72.85
1361	21.16	17.79	93	113.9
1362	150.96	49.32	93	71.87
1363	39.46	79.93	90	63.78
Drivers: 21
id	x	y	end	sensitivity
1314	107.11	174.25	91	1.95
1315	91.11	19.58	91	1.34
1316	92.21	117.65	91	0.8
1317	179.09	108.28	91	0.67
1318	70.31	177.95	91	1.92
1319	170.36	147.96	91	0.89
1320	88.92	23.79	90	0.95
1321	83.7	172.45	90	1.66
1322	130.28	197.86	91	0.94
1323	45.35	55.18	90	1.03
1324	73.34	174.39	91	1.89
1325	111.99	74.72	90	0.94
1326	151.92	13.1	90	1.31
1327	102.55	184.19	92	1.24
1328	97.21	57.8	92	1.27
1329	81.26	108.47	90	1.37
1330	182.56	19.24	91	1.44
1331	189.03	80.35	90	1.98
1332	161.32	101.76	90	1.25
1333	65.96	166.48	90	1.64
1334	143.83	184.47	92	1.76
Period: 91
Tasks:14
id	x	y	end	c
1364	31.87	175.01	95	101.33
1365	62.43	1.5	93	105.42
1366	62.6	78.12	95	43.33
1367	138.88	138.8	93	54.93
1368	120.11	186.12	94	88.44
1369	134.06	199.73	93	105.39
1370	125.9	106.32	94	26.66
1371	26.64	167.51	95	99.7
1372	188.38	120.09	94	90.63
1373	104.69	113.06	93	13.88
1374	89.65	27.11	96	73.62
1375	2.62	143.44	93	106.63
1376	89.8	43.38	92	57.53
1377	27.14	115.73	93	74.54
Drivers: 18
id	x	y	end	sensitivity
1335	81.81	91.97	93	1.93
1336	6.05	60.96	92	1.53
1337	113.94	49.12	91	1.86
1338	5.43	79.73	93	1.34
1339	181.58	42.61	92	1.32
1340	26.9	27.41	91	0.53
1341	77.87	82.36	91	1.76
1342	126.52	174.15	92	1.93
1343	133.07	12.76	92	0.62
1344	72.61	145.72	92	1.78
1345	41.09	188.96	94	0.85
1346	47.82	31.11	93	0.54
1347	9.66	138.96	91	1.69
1348	127.86	105.43	91	1.82
1349	22.42	129.27	91	1.41
1350	8.17	85.81	92	0.55
1351	194.63	172.68	91	1.99
1352	53.51	173.96	91	0.88
Period: 92
Tasks:21
id	x	y	end	c
1378	166.96	189.7	95	111.94
1379	189.96	126.31	98	93.73
1380	193.23	55.39	98	103.35
1381	174.41	189.31	95	116.25
1382	162.52	77.79	94	66.35
1383	110.14	152.77	99	53.74
1384	149.01	157.43	95	75.5
1385	164.6	186.42	94	107.9
1386	43.74	16.67	95	100.54
1387	13.23	29.66	92	111.7
1388	53.38	13.8	103	98
1389	175.34	145.96	93	88.25
1390	87.06	158.07	97	59.49
1391	95	159.08	94	59.29
1392	145.3	153.55	94	70.14
1393	130.22	154.81	93	62.59
1394	87.9	75.17	96	27.62
1395	171.76	163.12	98	95.57
1396	92.18	102.25	96	8.14
1397	1.3	137.83	93	105.7
1398	91.89	189.38	97	89.75
Drivers: 15
id	x	y	end	sensitivity
1353	92.42	0.77	92	1.36
1354	29.8	64.08	92	1.82
1355	118.45	26.94	92	0.81
1356	77.28	142.81	93	1.66
1357	77.39	50.5	92	1.44
1358	9.57	66.66	92	0.97
1359	13.32	85.29	93	1.23
1360	119.31	98.93	92	0.51
1361	31.01	3.76	92	0.71
1362	19.15	48.97	93	1.9
1363	73.64	49.92	92	0.74
1364	72.59	101.51	93	1.69
1365	11.9	199.36	94	1.29
1366	55.63	70.24	93	1.01
1367	8.53	20.59	92	0.79
Period: 93
Tasks:18
id	x	y	end	c
1399	25.23	82.76	94	76.73
1400	182.88	197.36	93	127.86
1401	177.38	181.28	99	112.22
1402	191.25	76.62	98	94.2
1403	60.1	167.6	95	78.5
1404	121.84	11.43	96	91.22
1405	190.18	161.47	96	109.14
1406	99.16	184.86	98	84.86
1407	33.95	171.81	96	97.57
1408	72.67	140.3	94	48.69
1409	4.88	198.58	95	136.99
1410	114.63	144.41	96	46.76
1411	66.92	87.97	94	35.2
1412	110.51	41.75	95	59.19
1413	105.45	154.33	97	54.6
1414	53.26	21.75	97	91.15
1415	136.66	161.55	96	71.64
1416	69.09	84.31	95	34.66
Drivers: 16
id	x	y	end	sensitivity
1368	139.65	4.84	93	1.88
1369	55.66	5.39	96	1.22
1370	112.57	86.88	95	1.59
1371	79.92	152.17	93	1.63
1372	170.59	183.35	95	0.83
1373	153.75	85.25	93	1.45
1374	68.07	168.29	93	0.82
1375	68.46	37.48	95	1.24
1376	192.04	78.82	94	0.86
1377	136.99	168.97	93	1.02
1378	191.48	164.09	93	0.97
1379	62.8	3.56	93	0.87
1380	121.21	77.62	94	0.86
1381	19.94	26.05	94	1.86
1382	124.63	116.26	94	1.68
1383	135.57	99.95	94	1.55
Period: 94
Tasks:12
id	x	y	end	c
1417	131.97	177.48	95	83.82
1418	113.69	173.69	97	74.95
1419	82.64	152.46	98	55.26
1420	175.14	42.77	98	94.45
1421	114.02	81.74	100	23.02
1422	103.67	40.73	94	59.38
1423	51.56	122.25	96	53.31
1424	145.36	10.5	94	100.34
1425	34.27	122.09	96	69.34
1426	43.86	20.46	97	97.36
1427	66.22	86.85	97	36.25
1428	3.6	80.31	103	98.39
Drivers: 15
id	x	y	end	sensitivity
1384	153.37	124.04	94	1.21
1385	114.56	32.98	94	1.58
1386	2.93	173.83	96	0.55
1387	147.69	133.28	95	0.68
1388	59.69	130.04	97	1.89
1389	142.14	29.62	95	0.9
1390	35.74	100.58	96	1.02
1391	74.12	22.46	94	0.61
1392	81.03	167.53	94	0.72
1393	109.5	148.11	95	0.99
1394	33.33	107.37	94	1.78
1395	181.18	122.11	94	1.6
1396	138.87	18.98	94	1
1397	175.38	25.13	94	0.88
1398	169.24	155.38	94	1.33
Period: 95
Tasks:16
id	x	y	end	c
1429	81.43	192.45	101	94.3
1430	190.44	160.95	102	109.06
1431	107.15	46.17	97	54.3
1432	142.3	163.3	99	76.13
1433	77.86	115.31	98	26.92
1434	53.99	98.56	96	46.03
1435	72.53	63.2	97	45.92
1436	162.22	160.13	96	86.53
1437	13.6	199.86	100	132.05
1438	94.81	99.28	99	5.24
1439	148.19	175.78	96	89.8
1440	34.43	186.51	96	108.55
1441	94.28	19.28	100	80.92
1442	105.74	63.19	97	37.25
1443	16.43	41.04	98	102.28
1444	35.22	98.72	97	64.79
Drivers: 16
id	x	y	end	sensitivity
1399	111.39	18.23	95	1.53
1400	53.6	39.19	96	0.94
1401	126.95	15.31	95	1.5
1402	26.06	24.54	95	1.27
1403	199.25	39.07	96	0.77
1404	42.35	63.53	95	0.99
1405	135.58	31.86	96	1.03
1406	102.92	174.92	95	1.19
1407	86.08	189.87	95	0.66
1408	60.75	141.51	96	0.84
1409	153.83	80.1	96	1.13
1410	87.99	133.16	95	1.98
1411	53.62	165.15	95	0.71
1412	179.51	77.04	97	1.69
1413	167.73	22.97	95	1.62
1414	29.9	190	95	0.92
Period: 96
Tasks:15
id	x	y	end	c
1445	142.29	58.91	100	58.96
1446	164.48	194.1	96	114.07
1447	21.23	0.93	100	126.57
1448	138.64	101.18	98	38.66
1449	21.26	101.19	98	78.75
1450	86.06	183.37	103	84.53
1451	123.15	46.02	98	58.73
1452	46.22	50.23	98	73.28
1453	31.32	166.92	98	95.89
1454	74.58	4.76	99	98.57
1455	39.04	65.89	98	69.85
1456	9.44	51.06	100	102.94
1457	197.96	186.2	101	130.49
1458	28.99	63.6	97	79.8
1459	79.82	30	98	72.85
Drivers: 17
id	x	y	end	sensitivity
1415	118.22	88.52	98	1.61
1416	184.76	144.34	98	0.97
1417	177.53	48.87	100	0.88
1418	175.32	114.52	97	1.68
1419	139.47	134.14	96	0.73
1420	99.03	170.14	97	1.42
1421	64.57	123.89	97	0.55
1422	71.2	86.9	97	1.62
1423	125.53	107.12	99	1.16
1424	114.92	20.79	97	1.27
1425	176.69	73.05	97	1.85
1426	82.81	110.9	96	0.81
1427	138.39	143.99	97	1.16
1428	56.83	95.26	96	1.06
1429	73.23	100.04	96	0.74
1430	176.12	70.84	96	1.72
1431	99.29	62.61	97	0.56
Period: 97
Tasks:16
id	x	y	end	c
1460	21.01	35.38	97	102.05
1461	190.61	167.85	100	113.2
1462	39.74	96.98	100	60.34
1463	148.77	126.26	101	55.39
1464	136.62	28.43	98	80.39
1465	8.46	30.3	100	115.06
1466	80.19	182.36	99	84.71
1467	16.35	94.08	102	83.86
1468	99.33	170.6	103	70.6
1469	177.37	87.73	100	78.34
1470	39.41	134.05	102	69.5
1471	56.14	49.53	101	66.86
1472	15.38	161.6	100	104.67
1473	190.94	193.42	98	130.37
1474	188.87	122.15	101	91.59
1475	170.96	45.64	102	89.39
Drivers: 16
id	x	y	end	sensitivity
1432	17.5	58.98	97	1.39
1433	66.68	34.48	99	1.74
1434	55.82	64.23	99	0.83
1435	198	142.43	98	0.97
1436	31.22	46.68	98	1.99
1437	80.39	186.22	99	1.02
1438	133.96	181.82	98	1.16
1439	50.26	4.64	99	1.38
1440	94.25	19.35	97	1.37
1441	190.3	120.81	99	0.56
1442	52.68	184.69	97	1.46
1443	84.94	150.31	98	1.37
1444	108.77	199.82	100	0.78
1445	38.45	120.19	98	1.73
1446	184.55	127.1	97	1.57
1447	89.31	164.56	97	1
Period: 98
Tasks:13
id	x	y	end	c
1476	183.04	128.47	101	87.78
1477	114.5	173.17	99	74.59
1478	1.86	23.31	100	124.55
1479	184.57	199.11	101	130.29
1480	164.34	6.88	101	113.19
1481	78.15	63.03	101	42.94
1482	152.31	91.67	103	52.97
1483	43.98	26.71	102	92.25
1484	193.53	137.46	100	100.75
1485	103.4	5.77	103	94.29
1486	153.14	25.68	99	91.36
1487	198.78	134.53	99	104.64
1488	97.35	187.29	101	87.33
Drivers: 16
id	x	y	end	sensitivity
1448	124.93	64.01	98	0.54
1449	125.33	99.21	99	0.82
1450	51.46	142.97	98	1.5
1451	6.23	80.47	101	1.98
1452	14.09	115.21	98	0.85
1453	166.53	179.71	99	1.77
1454	176.72	186.45	98	0.52
1455	143.84	70.95	99	1.55
1456	150.58	121.22	100	0.56
1457	98.06	31.65	99	1.62
1458	171.5	87.2	98	1.2
1459	99.25	127.96	99	0.81
1460	18.39	144.3	101	1.53
1461	89.05	117.06	101	0.83
1462	158.15	91.72	98	1.22
1463	93.98	186.58	101	1.37
Period: 99
Tasks:15
id	x	y	end	c
1489	14.12	142.97	102	96.03
1490	96.36	168.59	104	68.69
1491	52.88	12.85	105	99.07
1492	21.51	22.77	100	110.11
1493	98.19	67.77	104	32.28
1494	43.6	50	101	75.37
1495	157.08	31.92	105	88.84
1496	48.82	183.99	101	98.36
1497	179.24	12.2	101	118.27
1498	80.58	17.49	100	84.76
1499	52.41	77.15	101	52.79
1500	173.41	51.13	102	88.19
1501	123.03	156.38	103	60.9
1502	188.39	178.12	100	117.96
1503	26.16	18.09	103	110.28
Drivers: 11
id	x	y	end	sensitivity
1464	79.44	79.55	101	1.85
1465	54.86	103.55	99	1.57
1466	115.52	188.95	99	1.11
1467	155.26	90.88	100	1.44
1468	25.61	12.48	102	0.89
1469	0.02	176.71	99	0.97
1470	96.04	37.45	99	1.59
1471	172.95	147.48	101	1.76
1472	105.17	173.9	100	1.2
1473	43.46	115.53	99	1
1474	88.65	58.7	100	0.67
Period: 100
Tasks:17
id	x	y	end	c
1504	134.58	79.05	102	40.43
1505	166.62	44.69	101	86.59
1506	85.98	66.19	103	36.6
1507	62.61	52.93	105	60.11
1508	57.62	81.97	105	46.06
1509	79.73	114.92	104	25.17
1510	78.04	14.58	103	88.2
1511	45.94	110.1	101	55
1512	174.59	24.28	103	106.29
1513	58.35	137.6	101	56.11
1514	71.38	1.92	105	102.17
1515	7.24	98.48	103	92.77
1516	141.96	103.43	103	42.1
1517	113.82	60.28	105	42.06
1518	116.17	190.51	106	91.94
1519	73.77	37.67	104	67.62
1520	166.09	10.94	104	110.9
Drivers: 11
id	x	y	end	sensitivity
1475	146.98	62.85	100	0.95
1476	116.05	9.08	102	0.68
1477	159.89	114.89	103	1.39
1478	113.55	109.19	101	0.65
1479	75.88	26.08	100	1.5
1480	97.6	2.18	104	1.67
1481	137.45	137.2	100	0.88
1482	90.06	41.74	101	1.93
1483	47.93	103.02	100	0.6
1484	112.9	175.75	100	1.95
1485	11.97	69.55	101	1.01
