Periods: 100
Task Arrival Rate: 15
Task Average Time: 2
Driver Arrival Rate: 5
Driver Average Time: 1
Period: 1
Tasks:14
id	x	y	end	c
1	92.06	28.35	3	72.09
2	190.19	186.79	2	125.17
3	38.75	17.01	4	103.15
4	192.41	33.16	3	114.05
5	4.68	82.57	6	96.9
6	5.74	185.75	1	127.43
7	157.48	76.49	3	62.1
8	95.66	60.04	5	40.19
9	160.95	57	5	74.59
10	55.32	76.05	2	50.69
11	186.71	91.75	5	87.1
12	51.73	87.34	4	49.9
13	32.36	12.09	4	110.92
14	26.76	97.78	1	73.27
Drivers: 4
id	x	y	end	sensitivity
1	180.77	40.21	2	1.34
2	91.17	132.9	2	0.61
3	163.27	196.83	1	0.7
4	33.98	95.22	1	1.25
Period: 2
Tasks:17
id	x	y	end	c
15	170.25	86.52	7	71.53
16	176.43	51.07	3	90.75
17	33.83	24.4	3	100.47
18	164.71	58.15	4	77.06
19	21.09	96.52	3	78.99
20	199.18	111.19	3	99.81
21	71.74	97.51	7	28.37
22	0.39	197.48	3	139.37
23	154.25	53.96	6	71.15
24	124.9	115.03	6	29.08
25	111.98	146.73	3	48.24
26	26.52	141.44	4	84.36
27	147.1	15.87	3	96.42
28	7.6	143.08	6	101.95
29	159.56	4.68	4	112.4
30	176.17	36.42	6	99.22
31	42.15	77.5	4	62.07
Drivers: 1
id	x	y	end	sensitivity
5	77.73	42.43	5	0.52
Period: 3
Tasks:15
id	x	y	end	c
32	143.45	182.75	5	93.46
33	138.6	10.11	6	97.83
34	26.29	108.04	7	74.15
35	134.64	164.87	7	73.54
36	153.73	84.08	4	56.04
37	195.2	111.16	5	95.85
38	18.46	140.71	3	91.14
39	127.87	117.78	6	33.06
40	48.06	95.79	8	52.11
41	67.42	117.7	8	37.08
42	26.41	52.6	4	87.53
43	30.55	83.74	4	71.33
44	63.36	92.37	6	37.43
45	46.32	31.78	5	86.81
46	113.68	87.79	6	18.34
Drivers: 5
id	x	y	end	sensitivity
6	106.77	86.81	4	1.13
7	176.63	110.16	3	1.23
8	177.95	84.2	4	1.82
9	48.7	163.63	3	1.37
10	167.73	75.67	3	1.82
Period: 4
Tasks:11
id	x	y	end	c
47	56.66	133.23	6	54.61
48	162.46	129.57	5	69.11
49	61.54	35.59	7	75.02
50	55.31	103.8	4	44.85
51	194.14	182.04	5	124.87
52	56.21	116.3	5	46.73
53	3.43	120.83	4	98.79
54	157.86	76.36	4	62.5
55	56.09	74.33	4	50.86
56	6.73	39.61	5	111.11
57	87.49	7.06	6	93.78
Drivers: 9
id	x	y	end	sensitivity
11	8.55	53.64	6	0.99
12	114.19	109.44	4	1.95
13	71.83	40.5	4	0.52
14	52.97	68.84	4	0.71
15	184.55	142.31	5	0.55
16	120.8	86.43	5	1.99
17	125.85	12.63	4	1.77
18	81.78	138.65	6	1.02
19	174.26	110.09	4	1.76
Period: 5
Tasks:25
id	x	y	end	c
58	125.13	131.25	6	40.1
59	73.53	35.06	6	70.13
60	42.1	174.33	6	94.22
61	153.6	34.5	6	84.64
62	56.93	41.3	7	72.81
63	21.1	13.45	6	117.12
64	5.6	114.89	7	95.57
65	74.97	56.99	5	49.76
66	35.56	102.48	8	64.49
67	5.72	96.98	6	94.33
68	117.73	114.54	6	22.93
69	142.73	101.77	7	42.77
70	87.07	144.29	6	46.14
71	171.84	172.05	7	101.75
72	34.37	140.1	6	76.91
73	89.97	198.79	6	99.3
74	95.84	91.93	6	9.08
75	179.7	87.15	6	80.73
76	87.23	94.22	7	14.02
77	55.5	73.68	9	51.7
78	189.04	131.68	6	94.51
79	154.29	128.29	10	61.22
80	53.76	82.22	7	49.54
81	166.42	152.97	6	84.96
82	150.92	108.02	5	51.55
Drivers: 5
id	x	y	end	sensitivity
20	165.22	146.83	5	0.86
21	61.65	6.26	9	1.91
22	0.3	54.17	7	1.94
23	24.59	10.95	6	1.76
24	159.13	69.36	5	0.62
Period: 6
Tasks:17
id	x	y	end	c
83	154.85	6.75	7	108.19
84	176.29	56.98	11	87.58
85	158.36	57.44	6	72.23
86	26.77	45.61	7	91.22
87	79.85	43.72	7	59.78
88	34.94	71.19	8	71.15
89	44.63	193.56	8	108.72
90	105.95	191.18	8	91.37
91	190.56	90.94	8	91.01
92	125.62	186.41	6	90.13
93	160.18	127.25	7	66.06
94	43.73	83	9	58.78
95	123.76	48.47	6	56.74
96	99.76	48.04	7	51.96
97	107.39	16	9	84.32
98	180.5	198.6	8	127.29
99	195.33	91.87	6	95.68
Drivers: 5
id	x	y	end	sensitivity
25	67.11	121.49	6	1.09
26	161.77	167.8	6	0.76
27	124.77	58.16	7	1.38
28	118.92	122.37	6	1.53
29	135.73	64.76	6	1.82
Period: 7
Tasks:16
id	x	y	end	c
100	189.5	142.38	8	99.03
101	36.37	69.7	9	70.48
102	108.06	160.75	9	61.28
103	119.85	107.52	11	21.23
104	151.84	195.68	7	108.82
105	177	43.22	8	95.67
106	49.78	105.03	10	50.47
107	106.04	5.94	7	94.25
108	74.88	104.17	7	25.46
109	80.99	135.59	9	40.35
110	181.74	91.64	8	82.17
111	164.42	90.57	10	65.11
112	43.6	139.53	9	68.87
113	196.7	174.86	10	122.29
114	71.71	100.59	8	28.3
115	149.94	181.54	9	95.62
Drivers: 5
id	x	y	end	sensitivity
30	20.7	129.02	7	0.69
31	109.03	136.3	7	0.73
32	37.83	23.49	8	1.11
33	162.05	36.07	7	1.42
34	67.89	148.25	7	1.02
Period: 8
Tasks:15
id	x	y	end	c
116	36.96	184.23	11	105.21
117	175.34	28.42	11	103.92
118	84.91	120.26	9	25.26
119	69.23	188.13	9	93.35
120	164.57	172.3	10	96.94
121	181.8	123.29	8	85.05
122	131.42	41.52	10	66.39
123	2.79	140.72	10	105.39
124	50.42	173.98	9	89.06
125	47.26	39.39	8	80.34
126	89.67	113.03	11	16.63
127	31.06	175.71	10	102.39
128	72.51	103.35	10	27.69
129	161.35	18.97	8	101.64
130	70.88	186.66	9	91.42
Drivers: 11
id	x	y	end	sensitivity
35	173.84	126.1	9	1.47
36	15.17	191.52	10	1.44
37	178.02	43.99	9	1.03
38	123.14	123.95	10	0.93
39	11.65	79.56	10	1.42
40	95.05	78.25	8	1.5
41	110.88	180.63	8	1.56
42	114.87	124.36	8	0.97
43	177.05	73.55	8	1.4
44	173.64	121.37	10	1.69
45	57.95	46.54	10	1.24
Period: 9
Tasks:15
id	x	y	end	c
131	57.87	141.3	10	59
132	14.56	161.1	13	105.04
133	139.91	37.86	11	73.85
134	125.1	189.61	11	93.06
135	125.63	127.28	10	37.43
136	110.33	190.77	13	91.36
137	158.26	97.9	11	58.3
138	160.18	47.42	11	79.91
139	153.87	66.04	10	63.68
140	67.79	89.22	9	33.97
141	20.98	134.28	12	86.14
142	51.56	148.32	11	68.42
143	180.74	67.24	10	87.13
144	154.51	175.44	10	93.07
145	125.27	96.43	10	25.52
Drivers: 6
id	x	y	end	sensitivity
46	199.8	84.31	11	1.09
47	133.14	130.47	9	0.64
48	70.99	135.54	10	1.01
49	26.01	91.62	9	1.18
50	35.57	81.23	10	1.83
51	194.62	101.12	9	1.38
Period: 10
Tasks:12
id	x	y	end	c
146	100.39	4.88	13	95.12
147	183.42	98.36	11	83.44
148	181.31	80.34	10	83.65
149	19.33	139.18	12	89.68
150	183.74	131.69	11	89.54
151	67.86	71.83	12	42.74
152	172.45	186.58	11	112.89
153	154.43	141.72	10	68.58
154	155.03	189.04	14	104.67
155	3.78	170.91	14	119.53
156	103.27	117.18	11	17.49
157	43.42	120.43	10	60.16
Drivers: 5
id	x	y	end	sensitivity
52	156	94.72	10	1.67
53	94.65	152.82	11	0.56
54	75.08	70.62	11	1.77
55	111.19	96.23	12	1.44
56	59.05	77.06	11	1.48
Period: 11
Tasks:12
id	x	y	end	c
158	128.63	64.93	13	45.27
159	113.26	138.48	11	40.7
160	127.54	31.09	12	74.21
161	38.85	185.02	15	104.73
162	36.97	55.01	12	77.44
163	136.06	124.68	12	43.7
164	10.74	139.43	13	97.58
165	51.43	58.39	14	63.96
166	178.48	104.88	13	78.63
167	100.59	82.76	14	17.25
168	85.85	1.73	11	99.28
169	89.03	5.09	13	95.54
Drivers: 8
id	x	y	end	sensitivity
57	156.59	171.47	13	0.67
58	30.57	142.99	11	1.91
59	56.81	87.07	11	0.96
60	109.58	26.08	12	1.49
61	150.37	6.85	11	1.74
62	143.27	132.78	12	1
63	159.6	112.01	12	1.53
64	163.37	146.96	12	0.87
Period: 12
Tasks:18
id	x	y	end	c
170	157.05	146.49	14	73.59
171	83.11	108.04	14	18.71
172	185.72	71.64	12	90.29
173	86.93	91.69	12	15.49
174	35.9	119.46	16	66.99
175	165.32	103.03	14	65.39
176	51.32	108.19	14	49.36
177	8.71	28.85	13	115.74
178	118.66	81.51	16	26.27
179	53.65	122.68	12	51.6
180	156.13	180.58	15	98.2
181	94.82	142.83	16	43.14
182	79.5	28.69	14	74.2
183	136.92	197.12	12	103.9
184	173.75	147.84	13	87.91
185	55.59	38.93	15	75.51
186	191.79	5.37	15	131.83
187	128.76	64.02	12	46.06
Drivers: 4
id	x	y	end	sensitivity
65	32.05	136.43	14	1.66
66	25.22	85.02	14	1.22
67	50.98	16.9	14	1.57
68	164.53	33.68	12	0.95
Period: 13
Tasks:18
id	x	y	end	c
188	124.47	137.97	15	45.17
189	7.31	165.82	15	113.68
190	31.2	7.73	15	115.1
191	78.27	116.94	15	27.55
192	150.73	97.35	16	50.8
193	133.61	86.48	16	36.23
194	26.58	129.81	14	79.24
195	55.3	139.2	14	59.45
196	79.51	159.56	14	62.99
197	70.35	11.45	13	93.38
198	140.88	5.47	15	102.99
199	23.74	177.74	16	108.9
200	139.86	49.27	14	64.52
201	10.56	119.45	15	91.53
202	32.92	62.02	15	77.09
203	117.31	150.49	16	53.37
204	197.41	97.87	15	97.43
205	109.48	105.55	17	10.99
Drivers: 3
id	x	y	end	sensitivity
69	122.03	6.39	16	0.87
70	117.04	169.19	14	1.46
71	111.46	174.44	14	1.74
Period: 14
Tasks:11
id	x	y	end	c
206	160.98	9.09	15	109.47
207	59.21	83.88	15	43.86
208	177.48	93.64	15	77.74
209	18.65	15.31	16	117.43
210	103.57	127.37	18	27.6
211	167.71	139.81	18	78.55
212	1.63	90.05	17	98.87
213	53.38	140.81	15	61.96
214	79.82	55.64	19	48.73
215	115.95	24.08	15	77.58
216	125.03	167.11	17	71.63
Drivers: 4
id	x	y	end	sensitivity
72	27.68	18.4	17	1.8
73	176.65	94.69	16	1.06
74	0.83	107.63	16	0.71
75	127.3	149.33	15	1.61
Period: 15
Tasks:16
id	x	y	end	c
217	79.17	97.22	18	21.01
218	185.49	69.81	15	90.66
219	118.41	53.29	16	50.21
220	72.07	79.43	18	34.69
221	97.81	69.28	17	30.8
222	114.7	69.3	16	34.04
223	190.51	51.7	15	102.59
224	187.95	154.59	16	103.51
225	108.15	114.54	16	16.67
226	178.7	64.19	16	86.46
227	194.3	0.07	17	137.4
228	7.29	88.69	16	93.4
229	5.63	127.52	17	98.3
230	73.35	18.09	16	86.14
231	141.02	20.27	17	89.66
232	1.46	2.99	16	138.28
Drivers: 6
id	x	y	end	sensitivity
76	86.4	142.32	16	1.47
77	127.97	67.6	15	1.43
78	168.95	179.03	15	0.87
79	171.16	148.42	16	1.35
80	197.46	84.99	15	1.03
81	126.68	171.05	18	1.49
Period: 16
Tasks:13
id	x	y	end	c
233	130.97	13.33	19	92.04
234	124.7	80.99	18	31.17
235	188.16	95.73	17	88.26
236	120.45	33.29	18	69.77
237	158.85	77.37	21	63.05
238	64.73	78.66	17	41.22
239	104.99	77.3	18	23.24
240	13.72	191.91	19	126.06
241	135.08	166.39	18	75.09
242	83.19	60.5	16	42.93
243	108.28	57.68	18	43.12
244	91.54	188.49	18	88.89
245	32.88	57.08	19	79.67
Drivers: 4
id	x	y	end	sensitivity
82	138.47	10.18	17	0.75
83	174.61	45.2	17	0.69
84	20.47	106.26	18	1.02
85	64.23	165.12	17	1.52
Period: 17
Tasks:10
id	x	y	end	c
246	90.35	127.06	20	28.73
247	194.85	184.35	18	126.93
248	127.64	190.11	19	94.25
249	68.83	167.14	20	74.02
250	77.27	184.42	20	87.43
251	100.66	139.11	19	39.12
252	120.34	68.03	18	37.89
253	89.96	132.75	19	34.25
254	21.19	24	21	109.49
255	178.09	142.64	21	88.97
Drivers: 2
id	x	y	end	sensitivity
86	168.95	151.26	18	1.5
87	176.86	183.16	17	0.99
Period: 18
Tasks:17
id	x	y	end	c
256	34.64	136.08	20	74.66
257	103.48	16.74	19	83.33
258	63.4	124.48	21	44.03
259	13.39	177.66	19	116.33
260	78.54	155.39	20	59.4
261	43.55	150.29	22	75.6
262	30.72	194.36	20	117.06
263	169.76	76.17	19	73.72
264	58.17	42.48	19	71.12
265	70.67	163.64	19	70.07
266	87.41	110.18	19	16.19
267	193.92	114.15	22	94.98
268	148.19	10.88	21	101.31
269	190.89	154.45	23	105.95
270	181.14	16.36	21	116.53
271	142.72	146.22	19	62.94
272	192.54	86.01	19	93.59
Drivers: 3
id	x	y	end	sensitivity
88	48.55	165.96	20	0.67
89	115.4	101.88	18	1.16
90	97.46	81.51	20	1.65
Period: 19
Tasks:17
id	x	y	end	c
273	132.4	173.37	22	80.21
274	83.48	40.43	23	61.82
275	117.09	19.38	19	82.41
276	111.17	133.38	22	35.2
277	155.41	122.94	22	59.97
278	165.57	173.69	21	98.64
279	5.68	76.89	20	97.11
280	109.46	57.89	19	43.16
281	149.77	181.07	20	95.13
282	73.72	184.6	20	88.59
283	193.2	112.8	25	94.07
284	148.04	107.68	20	48.65
285	12.91	191.27	19	126.15
286	59.15	186.55	22	95.71
287	102.86	7.57	23	92.47
288	115.19	143.14	19	45.74
289	102.86	177.87	20	77.92
Drivers: 7
id	x	y	end	sensitivity
91	67.7	177.44	21	1.27
92	164.9	102.38	19	1.69
93	190.07	90.68	21	1.12
94	183.94	132.08	20	0.93
95	190.21	84.83	19	0.51
96	88.77	190.9	21	1.78
97	152.66	35.81	20	1.19
Period: 20
Tasks:5
id	x	y	end	c
290	107.82	107.6	21	10.9
291	61.22	89.86	22	40.08
292	173.16	62.25	22	82.33
293	89.16	82.87	24	20.27
294	183.03	90.93	20	83.52
Drivers: 3
id	x	y	end	sensitivity
98	124.61	50.24	20	0.73
99	25.97	154.79	20	1.73
100	166.54	128.05	22	0.66
Period: 21
Tasks:23
id	x	y	end	c
295	182.39	46.48	25	98.25
296	20.71	125.55	22	83.3
297	101.23	9.22	21	90.79
298	87.21	126.55	24	29.47
299	139.19	65.85	22	51.98
300	167.84	104.8	24	68.01
301	79.29	62.01	22	43.27
302	161.65	87.94	25	62.82
303	63.88	165.87	24	75.12
304	4.34	82.94	23	97.17
305	94.9	172.36	24	72.54
306	40.67	45.12	25	80.82
307	156.9	30.56	26	89.77
308	103.21	30.81	21	69.26
309	22.89	22.2	21	109.54
310	153.58	171.88	22	89.65
311	18.4	9.04	24	122.2
312	162.8	116.05	23	64.82
313	18.28	125.7	22	85.67
314	164.97	175.75	23	99.8
315	75.11	133.74	24	41.93
316	25.58	51.16	23	89.02
317	97.59	191.51	24	91.54
Drivers: 7
id	x	y	end	sensitivity
101	14.65	134.22	22	0.74
102	148.78	14.28	24	0.63
103	194.69	128.62	22	0.56
104	198.87	92.93	23	1.17
105	14.14	158.13	22	1.88
106	185.7	121.53	23	0.84
107	13.38	74.99	22	1.45
Period: 22
Tasks:11
id	x	y	end	c
318	48.6	98.73	25	51.42
319	37.25	24.02	24	98.54
320	106.16	82.67	22	18.39
321	189.74	49.71	24	102.87
322	2.89	90.58	26	97.57
323	162.55	181.78	22	102.96
324	29.56	104.99	27	70.62
325	60.98	1.38	25	106.06
326	192.42	47.46	24	106.31
327	199.76	134.04	29	105.41
328	112.48	112.36	28	17.56
Drivers: 5
id	x	y	end	sensitivity
108	127.73	194.3	23	1.18
109	7.61	158.66	23	1.19
110	187.01	66.03	22	1.06
111	122.88	109.99	22	1.97
112	120.45	108.72	23	1.73
Period: 23
Tasks:17
id	x	y	end	c
329	191.57	80.11	25	93.71
330	23.2	68.21	24	83.12
331	158.85	181.22	25	100.3
332	77.71	159.51	24	63.55
333	56.02	94.99	25	44.26
334	185.36	44.51	25	101.81
335	161.9	163.86	27	88.94
336	171.6	102.45	23	71.64
337	46.85	41.32	24	79.17
338	70.84	130.9	27	42.49
339	135.44	186.43	26	93.41
340	139.72	178.91	24	88.34
341	14.07	5.05	24	128.06
342	68.64	40.77	26	67.02
343	187.91	179.58	24	118.58
344	145.36	20.01	24	91.96
345	20.9	40.19	27	99.17
Drivers: 5
id	x	y	end	sensitivity
113	75.04	127.09	25	0.57
114	141.07	88.46	23	1.33
115	58.74	67.15	26	0.7
116	45.17	15.81	23	1.73
117	147.71	8.98	23	1.99
Period: 24
Tasks:17
id	x	y	end	c
346	103.65	11.98	28	88.1
347	93.44	166.82	26	67.14
348	111.7	150.62	27	51.95
349	172.83	160.68	25	94.8
350	53.89	40.09	28	75.6
351	150.14	85.9	25	52.08
352	140.33	171.39	26	81.99
353	118.32	8.04	27	93.77
354	112.32	159.68	28	60.94
355	165.13	151.55	26	83.06
356	119.01	102.77	28	19.21
357	22.45	135.84	26	85.43
358	45.06	35.33	26	84.86
359	10.65	39.96	28	107.65
360	79.6	94.1	25	21.24
361	42.32	98.78	24	57.69
362	139.05	74.21	27	46.8
Drivers: 4
id	x	y	end	sensitivity
118	7.61	103.58	24	0.83
119	80.75	2.11	24	1.47
120	104.3	54.83	25	1.44
121	35.31	47.25	27	1.14
Period: 25
Tasks:13
id	x	y	end	c
363	16.18	44.6	29	100.47
364	33.68	3.96	27	116.71
365	122.38	85.4	25	26.72
366	197.89	69.55	29	102.52
367	138.54	13.08	27	95.08
368	196.91	38.72	26	114.66
369	68.02	169.76	25	76.74
370	175.13	100.34	25	75.13
371	77.46	188.15	26	90.99
372	31.7	145.03	26	81.81
373	120.36	7.03	27	95.17
374	85.65	186.58	26	87.76
375	152	189.06	26	103.13
Drivers: 3
id	x	y	end	sensitivity
122	13.3	181.19	26	1.13
123	108.56	140.13	26	1.42
124	21.43	191.57	25	0.88
Period: 26
Tasks:15
id	x	y	end	c
376	24.34	168.75	28	102.23
377	61.89	91.16	27	39.12
378	101.73	139.93	27	39.97
379	47.16	197.6	30	110.99
380	180.28	23.99	26	110.55
381	31.22	38.42	28	92.32
382	1.22	69.54	26	103.37
383	88.63	190.59	30	91.3
384	166.02	144.48	29	79.61
385	76.15	31.55	32	72.49
386	175.45	170.26	27	103.1
387	125.21	155.87	29	61.29
388	19.36	38.44	33	101.45
389	197.45	7.88	27	134.1
390	108.14	32.38	28	68.11
Drivers: 4
id	x	y	end	sensitivity
125	160.95	178.67	27	1.34
126	125.52	140.74	26	0.52
127	105.97	163.2	28	1.9
128	167.18	84.29	27	1.77
Period: 27
Tasks:17
id	x	y	end	c
391	76.75	169.69	29	73.47
392	35.51	101.16	28	64.5
393	35.31	150.27	27	81.93
394	145.39	197.93	29	107.94
395	85.36	125.02	30	28.99
396	72.07	128.56	30	39.95
397	56.59	16.14	30	94.43
398	100.67	14.46	28	85.54
399	165.84	84.46	27	67.65
400	167.65	126.52	29	72.66
401	70.48	197.64	29	102
402	152.23	191.68	28	105.51
403	45.01	21.6	29	95.76
404	133.55	191.62	31	97.57
405	75.63	100.03	30	24.37
406	169.36	60.71	27	79.72
407	94.8	196.5	27	96.64
Drivers: 4
id	x	y	end	sensitivity
129	169.57	76.89	27	1.94
130	49.27	43.26	28	1.29
131	54.79	118.62	28	1.17
132	14.43	54.96	28	1.29
Period: 28
Tasks:15
id	x	y	end	c
408	51.02	158.7	29	76.45
409	58.91	19.62	28	90.27
410	51.27	165.42	29	81.57
411	36.68	66.21	31	71.77
412	67.32	111.72	32	34.72
413	96.55	21.94	30	78.14
414	158.5	134.36	29	67.84
415	145.36	75.69	30	51.46
416	72.88	19.35	30	85.09
417	62.95	83.58	32	40.53
418	87.46	103.08	28	12.91
419	79.05	41.92	28	61.74
420	120.13	6.22	31	95.92
421	185.34	21.46	29	115.98
422	199.69	127.04	29	103.29
Drivers: 2
id	x	y	end	sensitivity
133	169.56	46.94	31	1.02
134	85.82	29.69	28	0.63
Period: 29
Tasks:20
id	x	y	end	c
423	197.14	97.82	34	97.16
424	108.66	54.11	33	46.7
425	125.81	177.44	31	81.63
426	195.61	85.96	30	96.64
427	36.42	53.88	32	78.55
428	70.37	106.35	29	30.3
429	154.9	96.69	30	55
430	51.07	171.06	31	86.28
431	107.15	54.14	32	46.41
432	194.19	148.05	33	105.74
433	153.58	134.53	30	63.74
434	110.44	60.62	32	40.74
435	87.26	163.4	29	64.67
436	3.4	193.13	32	134.18
437	167.8	116.9	32	69.87
438	188.43	115.72	29	89.82
439	60.27	160.67	31	72.52
440	98.98	51.42	31	48.59
441	48.9	186.2	34	100.21
442	71.81	147.84	33	55.53
Drivers: 5
id	x	y	end	sensitivity
135	69.86	101.41	30	0.6
136	172.11	118.01	29	1.12
137	104.45	150.71	30	1.1
138	119.19	51.54	30	1.5
139	86.27	72.08	31	1.19
Period: 30
Tasks:15
id	x	y	end	c
443	194.45	121.18	32	96.8
444	77.67	132.8	33	39.68
445	43.1	41.43	32	81.66
446	33.3	59.39	32	78.09
447	70.96	55.49	32	53.15
448	15.14	177.71	32	115.07
449	110.71	166.37	32	67.23
450	90.44	145	30	46
451	191.87	162.65	36	111.2
452	135.84	136.69	30	51.29
453	120.83	103.54	31	21.13
454	45.36	196.36	31	110.77
455	101.89	174.36	31	74.38
456	181.18	178.07	32	112.63
457	120.03	18.67	31	83.76
Drivers: 4
id	x	y	end	sensitivity
140	86.66	163.55	31	1.59
141	71.87	169.26	31	1.25
142	119.81	97.8	30	1.12
143	63.39	88.48	30	1.68
Period: 31
Tasks:16
id	x	y	end	c
458	87.74	112.07	36	17.2
459	195.59	125.63	34	98.97
460	154.47	148.51	31	72.94
461	197.96	198.56	36	138.96
462	98.21	50.04	32	49.99
463	114.11	61.09	32	41.39
464	35.43	91.89	33	65.08
465	32.27	163.74	34	93.01
466	87.35	98.11	35	12.79
467	82	15.59	32	86.31
468	1.6	74.73	34	101.59
469	170.3	105.13	34	70.49
470	155.8	105.54	33	56.07
471	118.54	17.46	31	84.6
472	2.26	119.88	34	99.74
473	134.45	199.05	32	104.87
Drivers: 3
id	x	y	end	sensitivity
144	170.44	43.95	31	1.3
145	2.84	155	31	1.6
146	115.95	30.21	32	1.7
Period: 32
Tasks:17
id	x	y	end	c
474	69.32	144.5	33	54.05
475	139.16	28.37	34	81.64
476	20.73	1.94	33	126.09
477	135.69	146.01	36	58.23
478	197.9	153.06	34	111.35
479	162.84	182.17	35	103.44
480	124.63	130.97	39	39.57
481	108.36	37.9	33	62.66
482	84.84	199.44	36	100.59
483	159.98	35.4	34	88.15
484	54.59	108.92	33	46.28
485	111.86	156.18	34	57.42
486	45.45	62.38	37	66.26
487	162.4	65.97	37	71.08
488	82.08	95.88	34	18.39
489	79.02	154.24	35	58.16
490	152	10.6	33	103.42
Drivers: 2
id	x	y	end	sensitivity
147	97.3	2.34	33	1.08
148	196.72	5.18	32	1.05
Period: 33
Tasks:16
id	x	y	end	c
491	23.22	28.93	35	104.62
492	103.87	56.34	38	43.83
493	38.02	49.38	40	80.02
494	106.68	33.85	37	66.49
495	170.54	114.91	35	72.1
496	35.01	2.47	35	117.2
497	47.33	169.87	34	87.5
498	107.55	7.04	35	93.27
499	33.34	91.35	33	67.22
500	69.66	131.04	36	43.41
501	5.75	80.09	34	96.33
502	192.79	36.89	35	112.22
503	192.32	154.18	37	107.04
504	52.78	44.84	35	72.61
505	80.66	130.39	35	36.02
506	136.93	45	35	66.25
Drivers: 4
id	x	y	end	sensitivity
149	115.33	172.84	33	1.14
150	53.18	6.55	35	1.86
151	36.45	172.59	35	1.97
152	131.89	69.4	34	1.8
Period: 34
Tasks:15
id	x	y	end	c
507	74.07	103.46	35	26.16
508	146.94	91.42	35	47.72
509	52	188.78	35	100.93
510	45.54	46.18	36	76.57
511	151.9	74.87	35	57.66
512	154.59	54.32	35	71.18
513	132.26	137.91	35	49.78
514	109.12	20.4	36	80.12
515	136.31	173.46	39	81.94
516	127.6	105.79	36	28.2
517	144.29	103.48	34	44.43
518	153.83	191.09	38	105.81
519	128.97	116.39	35	33.29
520	10.83	170.14	35	113.45
521	63.24	111.49	39	38.51
Drivers: 2
id	x	y	end	sensitivity
153	112.8	166.27	35	0.62
154	23.85	104.86	36	1.34
Period: 35
Tasks:15
id	x	y	end	c
522	172.84	41.32	39	93.54
523	71.43	21.75	37	83.3
524	69.08	74.26	37	40.23
525	63.72	47.22	38	64.05
526	50.78	19.32	35	94.51
527	184.98	107.12	36	85.28
528	184.49	79.77	36	86.88
529	135.11	87.89	38	37.14
530	113.17	193.35	37	94.27
531	110.74	101.48	38	10.84
532	157.62	62.94	37	68.51
533	152.89	5.66	38	108.15
534	133.83	57.63	37	54.22
535	59.17	131.29	36	51.44
536	183.74	119.65	37	86.01
Drivers: 12
id	x	y	end	sensitivity
155	140.27	175.64	36	1.14
156	113.66	6.54	37	1.84
157	152.35	199.42	38	1.4
158	158.93	195.74	35	1.19
159	63.88	164.02	35	0.51
160	89.1	149.61	35	0.79
161	170.3	139.71	36	1.89
162	19.94	162.83	36	0.67
163	91.03	119.48	36	0.56
164	142.81	7.7	39	0.85
165	147.13	168.13	37	0.97
166	63.22	21.74	36	1.99
Period: 36
Tasks:10
id	x	y	end	c
537	155.42	141.04	37	68.96
538	25.58	36.69	42	97.71
539	117.52	182.44	42	84.28
540	108.11	131.1	36	32.14
541	144.21	89.69	39	45.4
542	121.88	0.83	38	101.56
543	29.88	167.3	37	97.19
544	26.29	117.78	38	75.82
545	73.45	77.25	39	34.96
546	103.15	146.44	36	46.55
Drivers: 5
id	x	y	end	sensitivity
167	121.86	22.62	36	1.07
168	128.57	96.42	37	1.22
169	151.13	118.12	37	1.31
170	111.62	177.12	37	1.08
171	109.78	18.61	36	0.58
Period: 37
Tasks:12
id	x	y	end	c
547	115.15	122.29	37	26.95
548	120.02	162.65	41	65.77
549	100.08	182.57	39	82.57
550	20.99	21.59	37	111.31
551	73.53	182.31	38	86.46
552	160.57	87.74	38	61.8
553	58.01	195.56	38	104.38
554	164.47	116.41	42	66.53
555	185.76	119.57	37	87.96
556	33.59	50.56	40	82.79
557	93.7	30.94	40	69.35
558	94.42	175.41	41	75.62
Drivers: 1
id	x	y	end	sensitivity
172	117.57	30.25	37	0.85
Period: 38
Tasks:17
id	x	y	end	c
559	3	15.65	39	128.55
560	142.34	192.71	40	101.92
561	62.15	124.76	39	45.23
562	193.68	40.7	40	110.87
563	150.8	110.7	42	51.91
564	151.84	184.87	39	99.45
565	152.62	197.24	41	110.56
566	44.72	100.47	40	55.28
567	173.6	181.06	38	109.49
568	8.05	175.02	40	118.67
569	136.73	38.7	39	71.46
570	0.98	101.94	40	99.04
571	141.83	10.37	39	98.91
572	189.68	129.64	42	94.45
573	154.77	126.4	39	60.8
574	12.42	11.46	39	124.54
575	96.55	64.35	40	35.82
Drivers: 5
id	x	y	end	sensitivity
173	73.35	16.31	40	0.61
174	112.34	81.39	39	0.66
175	168.14	72.18	40	1.97
176	92.7	166.98	39	1.28
177	123.54	126.98	40	1.95
Period: 39
Tasks:20
id	x	y	end	c
576	27.48	172.79	40	102.75
577	110.51	86.71	43	16.94
578	57.66	110.25	40	43.56
579	2.47	185.36	42	129.61
580	165.77	43.16	42	86.93
581	23.82	31.63	40	102.36
582	109.35	79.17	39	22.83
583	31.32	89.67	40	69.45
584	85.9	90.45	40	17.03
585	155.02	3.78	40	110.84
586	88.18	67.51	42	34.57
587	18.4	195.81	42	125.85
588	121.85	177.92	44	80.93
589	158.71	52.15	42	75.74
590	67.07	173.04	41	80.12
591	3.91	24.61	41	122.13
592	149.54	189.7	42	102.47
593	181.17	40.06	40	100.9
594	122.26	5.65	43	96.94
595	131.67	59.08	40	51.74
Drivers: 5
id	x	y	end	sensitivity
178	24.02	4.92	39	1.59
179	103.52	192.96	40	0.92
180	76.91	142.36	39	1.49
181	135.52	136.22	41	0.63
182	45.19	25.12	41	1.67
Period: 40
Tasks:14
id	x	y	end	c
596	173.11	149.42	41	88.25
597	3.84	166.96	42	117.18
598	40.84	37.06	41	86.38
599	112.04	37.05	44	64.09
600	184.15	113.05	43	85.16
601	147.29	198.87	41	109.6
602	176.47	69.79	42	82.22
603	171.07	5.26	41	118.43
604	4.78	7.36	41	132.85
605	70.8	32.73	43	73.33
606	121.42	72.39	42	34.94
607	96.66	115.38	44	15.74
608	118.56	155.81	42	58.82
609	101.26	110.89	43	10.96
Drivers: 1
id	x	y	end	sensitivity
183	192.12	182.67	41	1.61
Period: 41
Tasks:14
id	x	y	end	c
610	2.74	96.48	42	97.32
611	71.74	99.75	46	28.26
612	138.67	60.07	43	55.59
613	172.74	9.94	41	115.77
614	19.68	142.94	43	91.08
615	184.6	82.9	45	86.31
616	53.93	48.84	44	68.85
617	68.01	66.82	44	46.09
618	13.14	98.55	42	86.87
619	130.38	100.91	46	30.39
620	81.42	95.26	43	19.18
621	93.11	81.75	42	19.51
622	129.46	112.26	42	31.91
623	39.14	10.49	44	108.24
Drivers: 4
id	x	y	end	sensitivity
184	118.66	93.06	42	1.84
185	174.08	90.17	42	1.1
186	50.54	71.75	41	1.35
187	87.74	45.61	42	0.87
Period: 42
Tasks:15
id	x	y	end	c
624	26.97	111.6	43	73.95
625	80.47	140.28	46	44.76
626	125.76	192.26	43	95.79
627	84.5	129.95	43	33.72
628	117.86	134.08	44	38.48
629	189.95	2.53	45	132.63
630	64.85	106.8	43	35.8
631	106.51	103.91	44	7.59
632	184.66	89.01	42	85.37
633	185.02	161.07	48	104.68
634	116.55	70.82	46	33.55
635	0.81	107.3	45	99.46
636	141.18	27.55	44	83.34
637	190.12	8.03	43	128.76
638	59.02	188.62	45	97.64
Drivers: 4
id	x	y	end	sensitivity
188	141.34	173.73	44	1.51
189	59.27	47.84	44	0.86
190	15.59	162.04	43	0.81
191	57.8	148.61	44	0.6
Period: 43
Tasks:13
id	x	y	end	c
639	69.69	178.22	43	83.89
640	75.39	162.21	44	66.9
641	195.41	181.74	46	125.64
642	88.52	173.46	46	74.35
643	54.38	86.69	45	47.52
644	156.09	192.06	45	107.8
645	123.98	167.48	44	71.61
646	66.35	143.4	44	54.92
647	49.8	23.76	47	91.28
648	133.25	78.78	45	39.44
649	74.65	34.98	47	69.79
650	26.18	194.34	48	119.79
651	176.04	4.96	44	121.72
Drivers: 7
id	x	y	end	sensitivity
192	18.51	179.83	43	0.96
193	52.82	149.75	44	0.54
194	84.13	41.78	43	1.87
195	91.58	67.2	44	0.74
196	122.69	183.36	43	1.47
197	139.23	122.55	43	1.05
198	138.41	46.66	44	1.39
Period: 44
Tasks:20
id	x	y	end	c
652	65.65	172.87	44	80.56
653	163.43	58.74	46	75.67
654	151.17	80.82	45	54.65
655	17.95	191.93	46	123.22
656	7.37	50.68	45	104.94
657	52.43	172.13	44	86.4
658	128.22	168.67	49	74.24
659	44.37	98.34	45	55.65
660	103.4	125.3	46	25.53
661	70.97	138.22	46	47.99
662	27.21	83.15	46	74.71
663	88.28	159.51	46	60.65
664	31.03	113.64	44	70.31
665	1.05	83.21	44	100.36
666	151.4	2.69	46	110.05
667	59.44	183.64	47	92.96
668	149.06	33.94	47	82.28
669	28.49	58.39	44	82.73
670	10.88	172.5	47	114.89
671	37.88	93.72	45	62.44
Drivers: 2
id	x	y	end	sensitivity
199	72.08	141.21	46	0.89
200	134.33	90.87	44	1.61
Period: 45
Tasks:22
id	x	y	end	c
672	87.94	104.4	47	12.84
673	11.75	28.89	46	113.33
674	37.7	68.42	46	69.85
675	78.87	198	46	100.25
676	184.82	154.94	47	101.06
677	179.16	153.04	45	95.29
678	75.75	135.51	47	43
679	25.25	104.41	46	74.88
680	28.35	122.94	48	75.23
681	42.69	115.32	50	59.32
682	13.91	199.25	48	131.39
683	193.23	56.65	48	102.82
684	100.2	158.16	46	58.16
685	3.54	27.58	46	120.62
686	194.01	48.27	47	107.3
687	13.22	123.3	46	89.85
688	48.39	183.8	48	98.42
689	84.56	94.32	46	16.45
690	143.19	149.81	47	65.93
691	148.51	3.51	49	108
692	129.6	172.67	46	78.47
693	62	15.16	47	92.96
Drivers: 4
id	x	y	end	sensitivity
201	26.44	77.26	45	0.57
202	186.12	166.94	45	1.33
203	49.18	171.27	45	1.49
204	58.53	53.16	46	1.73
Period: 46
Tasks:13
id	x	y	end	c
694	28.07	25.63	52	103.46
695	120.65	173.95	46	76.78
696	58.21	115.21	48	44.47
697	151.79	135.94	50	63.04
698	34.63	102.13	46	65.4
699	32.55	29.36	48	97.67
700	190.39	44.74	49	105.94
701	129.99	19.41	52	85.99
702	149.99	1.04	49	110.87
703	148.13	147.26	50	67.45
704	33.42	133.16	50	74.38
705	179.82	132.4	47	86.15
706	76.65	167.13	48	71.08
Drivers: 7
id	x	y	end	sensitivity
205	41.31	113.4	46	0.57
206	92.75	104.74	46	0.76
207	187.2	117.45	46	1.42
208	161.97	54.81	47	1.25
209	126.05	63.79	47	0.57
210	77.2	14.44	47	1.21
211	17.24	142.24	48	1.63
Period: 47
Tasks:11
id	x	y	end	c
707	155.87	150.7	48	75.44
708	3.24	155.23	49	111.41
709	7.41	41.41	50	109.57
710	145.35	46.17	50	70.39
711	66.39	46.21	51	63.43
712	58.33	77.03	49	47.58
713	63.36	152.58	48	64.09
714	86.62	77.39	49	26.27
715	44.11	20.25	48	97.38
716	138.84	157.08	49	69.04
717	196.49	39.14	50	114.08
Drivers: 5
id	x	y	end	sensitivity
212	27.21	81.87	49	1.64
213	88.08	69.46	49	1.64
214	57.21	50	48	1.61
215	45.6	58.8	47	1.59
216	188.91	11.35	49	1.24
Period: 48
Tasks:14
id	x	y	end	c
718	6.76	35.25	50	113.52
719	99.46	156.98	52	56.98
720	151.12	178.97	50	94.07
721	147.86	151.04	51	69.97
722	159.06	88.87	53	60.1
723	174.36	56.35	50	86.22
724	154.97	102.62	48	55.03
725	107.91	0.18	50	100.13
726	138.93	16.76	50	91.89
727	44.61	27.96	52	90.87
728	125.33	68.99	49	40.04
729	127	91.57	51	28.29
730	116.27	149.03	51	51.66
731	7.97	44.77	50	107.33
Drivers: 8
id	x	y	end	sensitivity
217	162.7	138	48	1.6
218	73.88	28.41	49	1.69
219	192.98	143.91	50	0.78
220	169.54	72.42	50	0.89
221	63.6	86.77	49	1.95
222	109.87	51.83	49	0.65
223	165.81	131.22	48	0.64
224	82.07	2.3	48	1.25
Period: 49
Tasks:13
id	x	y	end	c
732	115.28	87.71	53	19.61
733	1.66	189.65	51	133.07
734	87.65	59.55	49	42.29
735	31.31	182.91	49	107.67
736	85.65	31.46	49	70.03
737	113.25	52.94	51	48.89
738	130.16	78.56	50	37
739	54.88	37.5	51	77.08
740	22.32	182.93	49	113.63
741	122.94	80.02	51	30.42
742	127.19	58.99	51	49.2
743	43.58	183.04	51	100.39
744	51.63	85.74	50	50.43
Drivers: 4
id	x	y	end	sensitivity
225	136.4	129.75	50	0.69
226	151.39	1.65	49	0.79
227	63.05	170.3	50	0.92
228	190.92	191.07	50	1.27
Period: 50
Tasks:13
id	x	y	end	c
745	30.33	171.4	52	99.76
746	171.82	105.99	53	72.07
747	84.47	82.84	55	23.14
748	154.96	179.42	51	96.58
749	9.74	125.31	54	93.74
750	113.61	116.67	53	21.52
751	124.04	166.26	51	70.49
752	0.96	176.68	54	125.25
753	95.59	194.28	51	94.38
754	65.2	132.87	51	47.87
755	171.69	54.92	50	84.69
756	73.13	173.9	54	78.63
757	99.09	90.7	52	9.34
Drivers: 5
id	x	y	end	sensitivity
229	115.54	159.7	51	1.99
230	111.57	165.65	50	1.03
231	39.92	1.46	52	1.75
232	135.8	100.39	50	1.7
233	26.51	180.95	50	1.79
Period: 51
Tasks:11
id	x	y	end	c
758	139.57	168.71	52	79.29
759	194.3	139.86	52	102.38
760	21.78	173.62	57	107.42
761	60.39	106.06	52	40.07
762	114.98	43.16	56	58.78
763	168.02	49.2	52	84.9
764	84.13	0.04	54	101.21
765	14.79	55.24	52	96.25
766	2.72	35.3	51	116.83
767	104.13	38.54	52	61.6
768	149.51	133.12	52	59.57
Drivers: 1
id	x	y	end	sensitivity
234	190.54	147.38	53	0.52
Period: 52
Tasks:12
id	x	y	end	c
769	152.76	165.09	54	83.79
770	118.69	175.68	58	77.95
771	145.56	198.22	54	108.27
772	37.81	197.4	57	115.56
773	95.2	28.26	54	71.9
774	104.97	116.69	53	17.41
775	109.59	46.03	53	54.82
776	154.07	45.19	52	76.99
777	25.25	65.17	52	82.47
778	171.33	140.74	56	82.14
779	164.65	39.97	52	88.22
780	91.7	97.41	52	8.69
Drivers: 4
id	x	y	end	sensitivity
235	117.1	32.73	54	1.39
236	163.04	6.68	55	1.59
237	134.48	7.31	54	1.85
238	17.17	168.59	52	0.8
Period: 53
Tasks:8
id	x	y	end	c
781	96.67	73.19	55	27.02
782	97.73	142.73	57	42.79
783	174.37	6.12	54	119.77
784	55.81	8.74	55	101.4
785	126.91	121.55	53	34.48
786	152.24	193.94	54	107.49
787	155.91	0.62	54	114.03
788	162.07	162.01	56	87.74
Drivers: 1
id	x	y	end	sensitivity
239	175.06	93.16	55	1.01
Period: 54
Tasks:14
id	x	y	end	c
789	90.74	130.06	58	31.45
790	123.81	149.31	58	54.76
791	65.51	83.51	56	38.23
792	0.85	164.17	56	118.1
793	143.56	142.46	54	60.83
794	130.73	196.82	57	101.58
795	48.77	182.11	59	96.78
796	154.39	192.04	60	106.91
797	102.27	182.94	54	82.97
798	126.08	48.95	57	57.33
799	2.53	148.4	56	108.83
800	44.16	44.5	54	78.73
801	91.08	80.88	57	21.1
802	50.33	112.35	57	51.18
Drivers: 6
id	x	y	end	sensitivity
240	31.64	72.37	55	1.6
241	148.61	58.01	55	0.81
242	19.83	28.28	54	1.52
243	159.05	36.69	57	1.51
244	192.47	145.32	56	0.68
245	101.75	129.24	54	1.26
Period: 55
Tasks:19
id	x	y	end	c
803	152.83	116.62	61	55.38
804	77.82	178.77	57	81.83
805	107.5	77.32	59	23.89
806	97.4	91.18	57	9.2
807	153.64	26.34	58	91.12
808	195.11	185.67	57	128
809	146.91	126.38	58	53.82
810	40.08	68.24	58	67.82
811	95.85	50.82	60	49.35
812	120.5	53.92	55	50.43
813	27.05	69.38	57	79.12
814	73.19	51.82	55	55.14
815	56.05	27.15	58	85.08
816	31.03	149.99	55	85.18
817	42.81	191	56	107.48
818	1.95	80.94	58	99.89
819	9.39	89.16	56	91.26
820	115.95	72.49	57	31.8
821	132.72	191.93	56	97.58
Drivers: 3
id	x	y	end	sensitivity
246	127.62	28.94	56	1.78
247	151.07	134.41	55	0.57
248	16.41	79.99	55	1.01
Period: 56
Tasks:16
id	x	y	end	c
822	179.89	174.71	60	109.38
823	6.67	173.28	57	118.66
824	39.67	199.18	61	116.09
825	3.06	48.35	57	109.84
826	142.59	85.27	58	45.07
827	149.65	29.46	58	86.26
828	42.47	127.81	57	63.9
829	42.67	160.49	59	83.34
830	29.09	93.18	60	71.24
831	199.21	126.36	58	102.65
832	184.88	44.57	57	101.38
833	185.53	160.81	58	104.94
834	12.93	148.22	60	99.53
835	62.08	165.52	57	75.7
836	175.28	182.12	59	111.4
837	174.46	94.91	57	74.63
Drivers: 6
id	x	y	end	sensitivity
249	1.1	77.81	57	0.84
250	95.29	56.93	58	0.63
251	50.62	75.18	58	1.96
252	62.27	35.1	57	0.71
253	59.04	169.36	58	0.6
254	192.8	37.93	56	0.82
Period: 57
Tasks:18
id	x	y	end	c
838	129.64	183.18	58	88.3
839	10.54	37.32	59	109.23
840	65.95	47.27	63	62.77
841	98.76	195.43	57	95.44
842	25.86	105.02	58	74.31
843	132.77	10.63	58	95.19
844	73.58	37.61	59	67.75
845	137.44	134.69	58	51.04
846	134.97	49.87	60	61.12
847	66.26	87.87	58	35.85
848	28.31	52.19	59	86.17
849	67.2	176.85	60	83.56
850	152.69	164.24	61	83.08
851	187.75	99.04	60	87.76
852	54.17	179.06	58	91.38
853	100.11	183.17	58	83.17
854	118.85	44.9	61	58.24
855	104.5	138.02	58	38.29
Drivers: 4
id	x	y	end	sensitivity
255	159.34	175.26	57	1.17
256	18.3	48.91	59	1.29
257	108.24	83.85	57	0.83
258	101.84	128.43	57	0.64
Period: 58
Tasks:18
id	x	y	end	c
856	126.47	63.47	61	45.11
857	46.85	144.04	61	69.02
858	166.23	144.25	60	79.65
859	89.99	70.19	59	31.45
860	81.93	170.5	58	72.78
861	190.65	94.02	59	90.85
862	121.73	191.73	58	94.27
863	150.21	122.21	58	54.9
864	11.42	74.02	61	92.31
865	43.19	65.56	61	66.43
866	165.1	165.54	59	92.38
867	2.35	199.53	61	139.43
868	20.76	59.77	60	88.87
869	116.84	36.45	61	65.74
870	62.08	181.76	62	90.13
871	56.67	107.1	62	43.91
872	16.23	71.69	59	88.42
873	100.62	137.32	61	37.33
Drivers: 8
id	x	y	end	sensitivity
259	92.01	44.22	60	1.75
260	102.72	2.98	60	1.69
261	173.55	108.49	60	0.84
262	169.2	17.58	60	1.74
263	79.39	139.41	59	1.73
264	34.7	68.85	59	1.1
265	84.56	36.7	58	1.31
266	151.8	60.99	61	1.06
Period: 59
Tasks:13
id	x	y	end	c
874	87.9	161.78	62	62.95
875	37.93	94.22	62	62.34
876	196.34	16.62	62	127.41
877	101.5	74.82	61	25.22
878	54.36	60.78	60	60.18
879	75.94	13.59	60	89.7
880	171.36	123.91	61	75.26
881	162.87	106.8	61	63.24
882	158.09	175.76	62	95.47
883	107.96	114.38	62	16.44
884	17.92	70.8	60	87.12
885	143.29	34.48	60	78.53
886	5.77	44.76	61	109.23
Drivers: 6
id	x	y	end	sensitivity
267	183.39	16.86	60	1.08
268	30.74	81.09	59	1.79
269	96.55	39.93	60	1.54
270	45.17	3	60	1.88
271	27.94	2.75	60	1.78
272	67	199.37	59	1.9
Period: 60
Tasks:22
id	x	y	end	c
887	49.97	53.49	62	68.31
888	132.04	149.42	64	58.9
889	60.97	111.87	61	40.8
890	67.2	125.8	63	41.73
891	64.84	170.13	64	78.45
892	176.85	184.48	64	114.21
893	13.59	162.91	62	106.88
894	131.5	78.56	61	38.1
895	75.19	190.7	62	94.03
896	172	47.19	62	89.29
897	72.67	66.04	62	43.59
898	20.44	68.05	61	85.74
899	39.34	132.4	60	68.77
900	118.5	69.2	62	35.93
901	36.12	88.45	62	64.92
902	82.01	95.24	64	18.61
903	198.61	107.07	63	98.86
904	152.71	43.52	64	77.25
905	129.03	40.17	65	66.5
906	146.68	186.4	64	98.2
907	163.19	58.13	62	75.8
908	166.28	175.24	62	100.27
Drivers: 5
id	x	y	end	sensitivity
273	179.31	42.13	60	0.77
274	96.11	141.63	61	1
275	113.86	1.01	60	1.49
276	143.1	144.67	62	1.97
277	24.9	43.52	60	1.23
Period: 61
Tasks:14
id	x	y	end	c
909	63.75	42.34	62	68.11
910	91.17	153.32	64	54.05
911	43.57	176.83	63	95.33
912	64.67	154.94	64	65.32
913	103.94	53	62	47.16
914	60.81	151.52	63	64.73
915	138.77	41.14	63	70.48
916	34.62	104.57	63	65.54
917	145.41	194.46	66	104.81
918	114.97	127.24	62	31.08
919	125.96	8.05	63	95.54
920	150.94	77.33	63	55.76
921	159.28	75.17	65	64.27
922	176.47	91.14	67	76.98
Drivers: 4
id	x	y	end	sensitivity
278	69.38	58.57	63	1.22
279	115.93	40.86	63	1.45
280	151.7	97.49	64	1.84
281	193.24	51.33	62	1.94
Period: 62
Tasks:13
id	x	y	end	c
923	137.54	12.65	62	95.08
924	75.75	183.32	62	86.78
925	94.4	67.77	62	32.71
926	28.4	196.67	63	120.3
927	130.41	98.91	63	30.43
928	13.49	138.89	64	94.85
929	33.9	177.31	63	101.72
930	126.47	64.75	63	44.08
931	141.45	134.27	67	53.78
932	111.27	85.53	65	18.34
933	2.59	13.66	64	130.17
934	161.41	7.26	65	111.23
935	183.14	180.06	65	115.42
Drivers: 8
id	x	y	end	sensitivity
282	82.47	175.9	62	1.41
283	133.15	88.7	65	1.36
284	125.88	175.1	62	1.11
285	194.09	108.07	63	1.89
286	178.68	194.13	63	1.68
287	72.93	39.51	62	1.9
288	117.77	144.25	64	1.71
289	118.04	125.11	63	1.41
Period: 63
Tasks:18
id	x	y	end	c
936	96.75	67.96	65	32.2
937	100.3	4.97	64	95.03
938	145.72	145.44	68	64.46
939	114.77	22.06	67	79.33
940	66.2	41.06	63	67.94
941	93.73	143.01	64	43.46
942	166.52	120.26	64	69.54
943	97.49	179.96	63	80
944	181.56	161.54	65	102.17
945	139.43	189.89	67	98.16
946	110.51	169.73	67	70.52
947	168.49	191.01	64	113.9
948	54.91	143.6	66	62.72
949	62.32	128.29	64	47.12
950	68.91	53.37	65	56.04
951	39.34	117.73	69	63.2
952	85.72	50.42	66	51.6
953	182.35	90.77	64	82.87
Drivers: 2
id	x	y	end	sensitivity
290	156.18	19.35	67	0.79
291	165.55	136.04	65	1.42
Period: 64
Tasks:14
id	x	y	end	c
954	133.29	94.09	66	33.81
955	146.45	187.12	65	98.73
956	156.26	194.86	68	110.29
957	40.79	150.71	65	77.96
958	42.36	84.23	65	59.76
959	12.38	97.89	70	87.65
960	113.11	198.71	65	99.58
961	55.62	145.7	66	63.7
962	74.24	49.19	66	56.97
963	32.06	78.75	67	71.19
964	138.69	39.08	66	72.17
965	57.38	124.01	69	48.92
966	80.75	41.82	66	61.28
967	65.61	68.29	67	46.78
Drivers: 7
id	x	y	end	sensitivity
292	146.13	100.86	65	0.65
293	184.43	8.07	66	1.89
294	138.42	98.44	67	1.34
295	142.86	27.37	65	0.73
296	133.54	143.38	65	0.62
297	14.66	7.17	65	0.89
298	110.4	198.84	65	1.26
Period: 65
Tasks:17
id	x	y	end	c
968	47.55	43.36	66	77.2
969	160.11	174.59	69	95.8
970	139.69	199.17	67	106.82
971	53.7	22.78	67	90.04
972	23.74	109.79	65	76.89
973	51.03	49.66	67	70.23
974	53.26	16.61	66	95.6
975	180.07	13.88	68	117.59
976	175.84	89.58	71	76.55
977	171.34	59.02	65	82.27
978	134.49	17.21	67	89.69
979	60.44	128.91	73	49
980	155.76	38.37	69	83.11
981	194.05	110.99	65	94.69
982	92.17	117.5	65	19.17
983	122.07	4.54	66	97.98
984	79.14	61.39	65	43.88
Drivers: 5
id	x	y	end	sensitivity
299	17.69	76.67	65	1.78
300	56.53	115.17	65	1.74
301	7.98	162.02	66	1.06
302	61.16	123.93	66	0.95
303	122.91	166.57	65	1.57
Period: 66
Tasks:13
id	x	y	end	c
985	72.77	108.59	66	28.55
986	59.01	140.52	66	57.64
987	52.52	25.98	68	87.94
988	103.96	77.73	67	22.62
989	54.68	93.1	70	45.84
990	40.46	153.92	69	80.33
991	118.36	128.21	68	33.66
992	66.97	112.06	69	35.16
993	42.03	93.44	67	58.34
994	183.52	156.44	71	100.8
995	136.77	95.74	67	37.02
996	95.64	16.72	69	83.39
997	17.18	92.87	68	83.13
Drivers: 4
id	x	y	end	sensitivity
304	152.44	79.27	66	0.72
305	45.78	166.34	66	1.7
306	14.11	132.1	67	1.86
307	65.18	180.97	66	0.62
Period: 67
Tasks:19
id	x	y	end	c
998	97.36	12.31	69	87.73
999	129.82	83.99	68	33.85
1000	121.83	155.73	70	59.85
1001	163.8	37.9	70	89.03
1002	113.21	159.84	71	61.28
1003	53.61	174.72	68	87.95
1004	69.29	35.76	71	71.2
1005	174.34	179.87	69	109.11
1006	102.38	159.06	69	59.11
1007	130.61	108.73	67	31.83
1008	79.12	197.46	69	99.67
1009	80.53	109.16	68	21.52
1010	181.24	127.94	67	85.91
1011	153.72	159.46	69	80.13
1012	138.42	183.5	72	91.91
1013	158.29	3.06	71	113.12
1014	83.37	57.19	69	45.93
1015	161.82	169.13	70	92.74
1016	45.75	136.26	70	65.25
Drivers: 5
id	x	y	end	sensitivity
308	139.94	109.61	69	0.5
309	105.87	165.85	68	1.27
310	7.25	120.82	67	0.84
311	94.47	158.37	68	0.77
312	160.26	154.83	69	0.94
Period: 68
Tasks:18
id	x	y	end	c
1017	111.13	32.06	69	68.85
1018	106.95	8.56	68	91.7
1019	65.1	104.54	68	35.19
1020	109.61	33.98	69	66.72
1021	156.45	2.06	69	113.04
1022	125.18	123.47	70	34.42
1023	149.9	193.38	68	105.88
1024	169.69	6.54	70	116.58
1025	45.71	101.66	74	54.32
1026	147.04	198.16	69	108.85
1027	72.79	78.29	69	34.81
1028	16.15	54.39	70	95.45
1029	194.16	25.15	70	120.29
1030	92.97	35.69	68	64.69
1031	77.6	89.36	70	24.8
1032	84.12	30.24	70	71.54
1033	75.07	101.29	69	24.96
1034	168.55	5.25	68	116.95
Drivers: 11
id	x	y	end	sensitivity
313	85.4	108.32	69	1.9
314	159.38	68.24	69	1.61
315	6.47	159.98	68	1.26
316	157.98	29.88	69	0.54
317	36.84	173.45	71	0.65
318	110.17	180.59	69	1.11
319	2.61	119.86	69	1.89
320	32.73	112.57	70	1.1
321	63.44	167.74	69	1.22
322	72.98	122.13	68	1.03
323	118.72	23.34	69	1.61
Period: 69
Tasks:15
id	x	y	end	c
1035	194.21	91.89	70	94.56
1036	199.61	45.49	70	113.55
1037	165.16	73.2	69	70.46
1038	89.84	17.23	72	83.39
1039	181.55	92.38	74	81.91
1040	174.73	32.53	71	100.68
1041	112.1	16.04	74	84.83
1042	159.44	62.41	72	70.33
1043	180.51	81.12	69	82.69
1044	12.7	169.7	70	111.71
1045	192.67	94.65	72	92.82
1046	148.14	188.14	71	100.43
1047	84.16	130.1	71	34.01
1048	56.03	15.41	71	95.34
1049	21	101.86	70	79.02
Drivers: 5
id	x	y	end	sensitivity
324	45.44	157.12	71	0.7
325	183.56	181.09	69	1.95
326	192.74	166.06	70	1.27
327	84.14	111.76	70	0.75
328	148.21	62.23	71	1.22
Period: 70
Tasks:15
id	x	y	end	c
1050	167.23	8.74	70	113.35
1051	195.11	62.83	71	102.12
1052	181.66	198.03	73	127.59
1053	25.34	114.59	73	76.07
1054	165.49	191.81	72	112.77
1055	35.49	60.31	71	75.74
1056	160.62	112.44	76	61.88
1057	186.62	167.28	72	109.68
1058	15.59	193.41	73	125.9
1059	91.87	95.21	71	9.44
1060	54.96	40.19	72	74.87
1061	15.84	90.66	71	84.68
1062	68.88	91.71	74	32.21
1063	15.72	26.92	71	111.55
1064	121.23	143.63	72	48.52
Drivers: 7
id	x	y	end	sensitivity
329	50.13	62.66	71	0.5
330	57.1	173.43	71	1.02
331	165.67	116.26	72	1.26
332	111.08	188.37	72	1.93
333	4.15	186.47	71	0.59
334	199.63	28.24	70	1.26
335	98.26	7.36	70	1.93
Period: 71
Tasks:16
id	x	y	end	c
1065	167.91	96.33	71	68.01
1066	76.42	54.48	74	51.26
1067	99.02	50.4	71	49.61
1068	179.24	47.59	74	95
1069	153.92	56.82	73	69.08
1070	73.13	170.99	74	75.91
1071	78.25	109.02	73	23.55
1072	34.44	87.25	74	66.79
1073	29.13	78.63	73	74.02
1074	35.03	128.82	72	71.08
1075	23.13	15.06	72	114.56
1076	100.79	92.85	74	7.19
1077	139.14	189.81	74	97.97
1078	33.56	144.11	73	79.75
1079	82.25	93.43	71	18.93
1080	103.74	170.34	73	70.44
Drivers: 8
id	x	y	end	sensitivity
336	117.73	90.95	73	1.96
337	193.2	157.25	72	1.29
338	58.42	69.21	73	1.71
339	81.06	96.7	72	1.58
340	120.45	157.23	72	1.17
341	168.16	159.13	71	0.56
342	199.89	93.64	71	0.64
343	63.18	97.97	72	0.67
Period: 72
Tasks:21
id	x	y	end	c
1081	89.1	90.9	73	14.2
1082	198.08	143.63	74	107.35
1083	53.82	58.05	74	62.39
1084	125.2	91.42	75	26.62
1085	160.87	171.34	72	93.78
1086	165.08	86.86	73	66.39
1087	25.73	66.61	73	81.43
1088	12.05	61.2	74	96.13
1089	73.9	73.71	72	37.05
1090	168.25	150.24	72	84.75
1091	128.14	155.5	73	62.23
1092	134.48	40.31	75	68.93
1093	59.79	137.87	74	55.24
1094	83.35	54.96	75	48.02
1095	125.76	19.98	73	84.06
1096	53.54	150.04	75	68.28
1097	31.31	32.88	74	96.04
1098	45.31	193.48	74	108.3
1099	155.46	42.61	73	79.81
1100	80.74	97.39	73	19.44
1101	60.52	106.83	75	40.07
Drivers: 3
id	x	y	end	sensitivity
344	111.15	48.53	72	0.97
345	199.02	198.59	73	0.73
346	7.57	161.85	72	1.74
Period: 73
Tasks:12
id	x	y	end	c
1102	49.63	113.91	76	52.26
1103	99.55	69.12	73	30.88
1104	155.3	92.65	75	55.79
1105	61.96	108.4	79	38.96
1106	172.25	56.38	73	84.4
1107	175.31	192.55	75	119.32
1108	83.85	81.05	74	24.9
1109	13.89	183.31	78	119.81
1110	179.96	196.52	75	125.34
1111	90.17	74.27	76	27.54
1112	146.24	121.01	73	50.79
1113	32.43	176.62	75	102.16
Drivers: 5
id	x	y	end	sensitivity
347	52.93	78.6	73	0.87
348	3.56	26.65	75	1.75
349	197.75	134.27	75	1.94
350	195.69	181.84	75	1.53
351	44.42	173.53	76	1.53
Period: 74
Tasks:21
id	x	y	end	c
1114	174.2	196.23	74	121.51
1115	197.24	78.75	74	99.53
1116	83.27	56.16	74	46.92
1117	71.24	16.39	77	88.42
1118	180.98	30.07	75	107
1119	156.62	132.68	75	65.37
1120	136.91	111.32	78	38.61
1121	137.78	126.5	78	46.15
1122	156.09	101.84	78	56.12
1123	176.05	99.65	77	76.05
1124	2.16	151.45	76	110.54
1125	87.52	191.38	75	92.23
1126	117.98	149.91	77	53.05
1127	167.84	23.9	75	101.95
1128	42.51	78.71	78	61.31
1129	145.39	104.17	76	45.58
1130	124.19	70.89	78	37.85
1131	110.73	13.87	77	86.8
1132	130.44	70.65	75	42.28
1133	177.61	97.03	77	77.67
1134	99.43	11.42	75	88.58
Drivers: 3
id	x	y	end	sensitivity
352	101.31	186.47	78	1.85
353	65.94	114.43	74	1.41
354	148.81	66.71	74	0.58
Period: 75
Tasks:13
id	x	y	end	c
1135	150.11	29.72	75	86.32
1136	52.79	95.95	76	47.38
1137	99.12	3.16	81	96.84
1138	114.37	99	77	14.4
1139	185.65	143.9	76	96.25
1140	0.58	96.77	77	99.47
1141	100.12	83.29	76	16.71
1142	21.66	65.12	75	85.75
1143	84.36	9.48	77	91.86
1144	125.71	35.13	77	69.78
1145	11.84	174.58	77	115.47
1146	180.98	78.03	78	83.91
1147	194.57	1.19	80	136.77
Drivers: 7
id	x	y	end	sensitivity
355	57.28	165.62	75	0.75
356	19.35	183.09	75	1.13
357	180.85	192.44	76	1.86
358	160.9	62.2	76	1.92
359	40.24	169.46	77	0.66
360	66.91	67.56	75	0.77
361	138.28	193.18	76	0.92
Period: 76
Tasks:11
id	x	y	end	c
1148	79.53	108.31	77	22.09
1149	101.14	39.18	76	60.83
1150	35.43	183.64	77	105.66
1151	162.19	16.95	79	103.75
1152	76.94	146.29	77	51.72
1153	100.12	199.71	77	99.71
1154	45.95	186.88	77	102.32
1155	61.49	163.65	78	74.39
1156	143.78	71.67	78	52.15
1157	115.03	140.83	78	43.51
1158	61.5	73.5	79	46.74
Drivers: 8
id	x	y	end	sensitivity
362	112.22	115.08	78	0.89
363	101.74	155.94	78	1.55
364	196.65	1.05	76	1.33
365	152.04	97.33	76	0.52
366	14.19	145.03	76	1.46
367	26.98	46.93	78	1.72
368	30.62	143.99	77	1.52
369	63.06	68.64	76	1.29
Period: 77
Tasks:17
id	x	y	end	c
1159	28.54	152.47	80	88.65
1160	57.77	153.98	80	68.54
1161	131.2	106.35	79	31.84
1162	11.48	12.71	77	124.32
1163	131.07	97.88	78	31.14
1164	55.22	72	80	52.81
1165	114.2	70.24	82	32.97
1166	160.05	69.42	77	67.39
1167	124.65	120.72	78	32.2
1168	116.78	80.66	77	25.6
1169	15.28	59.39	78	93.95
1170	144.09	33.88	78	79.47
1171	182.1	30.18	78	107.77
1172	52.75	122.57	79	52.36
1173	33.51	61.65	77	76.76
1174	155.55	49.78	81	74.89
1175	139.41	106.71	79	39.98
Drivers: 7
id	x	y	end	sensitivity
370	119.25	178.82	77	0.64
371	56.22	34.54	78	0.63
372	194.38	188.34	77	0.7
373	148.66	166.81	77	1.53
374	149.54	5.71	77	1.12
375	20.77	153.73	77	1.8
376	150.3	25.87	78	1.52
Period: 78
Tasks:14
id	x	y	end	c
1176	46.57	93.95	79	53.77
1177	5.23	26.81	81	119.74
1178	129.16	131.76	82	43.12
1179	171.22	125.64	81	75.69
1180	3.66	174.94	81	122.05
1181	48.53	185.03	82	99.39
1182	76.76	76.22	79	33.25
1183	148.56	128.6	81	56.36
1184	124.06	146.09	79	51.99
1185	46.09	120.37	79	57.63
1186	80.94	81.17	79	26.79
1187	10.59	46.6	81	104.14
1188	156.65	138.51	81	68.5
1189	175.38	199.03	80	124.46
Drivers: 2
id	x	y	end	sensitivity
377	56.13	157.14	79	1.81
378	137.84	163.34	79	1.38
Period: 79
Tasks:16
id	x	y	end	c
1190	148.76	135.62	81	60.38
1191	50.95	102.26	79	49.1
1192	174.37	182.29	83	110.92
1193	109.01	170.66	82	71.23
1194	68.94	163.73	82	70.9
1195	181.54	136.35	83	89.28
1196	175.27	162.55	84	97.87
1197	133.06	188.92	81	94.87
1198	167.56	189.71	79	112.3
1199	175.03	126.38	82	79.53
1200	110.85	18.65	82	82.07
1201	75.08	42.71	79	62.48
1202	183.03	183.63	82	117.85
1203	154.97	56.75	82	69.94
1204	153.49	0.69	81	112.8
1205	86.59	183.63	83	84.7
Drivers: 5
id	x	y	end	sensitivity
379	183.8	100.56	81	1.45
380	171.92	22.97	81	1
381	197.89	28.1	79	0.69
382	66.74	188.27	80	1.64
383	18.87	61.9	80	1.37
Period: 80
Tasks:16
id	x	y	end	c
1206	57.88	184.95	80	94.82
1207	175.45	176.51	83	107.45
1208	124.78	118.59	82	30.98
1209	136.72	60.22	82	54.14
1210	94.6	10.52	80	89.64
1211	91.92	119.82	83	21.4
1212	45.99	128.88	84	61.25
1213	172.93	158.71	84	93.63
1214	94.06	150.32	81	50.67
1215	135.65	94.5	82	36.07
1216	122.92	102.71	82	23.08
1217	141.74	2.12	81	106.41
1218	186.85	14.65	83	121.77
1219	102.53	46.01	81	54.05
1220	175.62	108.9	82	76.14
1221	139.23	71.34	84	48.58
Drivers: 5
id	x	y	end	sensitivity
384	130.93	183.79	82	1.14
385	192.11	117.99	80	0.73
386	174.62	15.64	81	0.74
387	136.13	191.72	83	1.68
388	64.46	183.45	80	1.81
Period: 81
Tasks:21
id	x	y	end	c
1222	21.17	63.09	82	87.04
1223	83.43	149.15	81	51.87
1224	96.57	129.35	82	29.55
1225	123.95	77.02	81	33.19
1226	88.16	77.92	83	25.05
1227	132.42	76.83	83	39.85
1228	56.13	25.9	84	86.11
1229	87.46	14.01	85	86.9
1230	104.22	168.79	83	68.92
1231	172.04	72.15	81	77.24
1232	53.35	106.7	86	47.13
1233	108.95	62.43	84	38.62
1234	106.86	152.3	82	52.75
1235	163.62	155.38	84	84.35
1236	68.33	115.5	83	35.26
1237	122.14	107.47	84	23.37
1238	111.51	167.93	87	68.9
1239	59.63	21.35	83	88.41
1240	65.15	194.36	83	100.59
1241	176.49	105.35	85	76.68
1242	105.68	41.3	84	58.97
Drivers: 2
id	x	y	end	sensitivity
389	161.16	190.98	83	0.51
390	114.66	16.1	83	1.98
Period: 82
Tasks:19
id	x	y	end	c
1243	168.83	78.97	82	71.97
1244	149.27	199.3	82	110.85
1245	185.67	24.45	82	114.22
1246	178.05	42.8	85	96.77
1247	51.23	54.63	88	66.61
1248	22.89	76.85	85	80.51
1249	88.28	60.46	83	41.24
1250	76.33	167.52	84	71.55
1251	74.76	127.16	84	37.08
1252	119.15	179.92	85	82.18
1253	52.58	198.01	82	108.88
1254	134.72	74.41	82	43.13
1255	168.15	109.09	83	68.75
1256	90.43	65.5	84	35.8
1257	181.2	179.04	83	113.32
1258	105.15	39.24	82	60.98
1259	15.9	187.45	83	121.33
1260	125.58	172.78	84	77.14
1261	48.51	1.78	84	110.9
Drivers: 5
id	x	y	end	sensitivity
391	120.04	23.66	84	0.61
392	6.39	193.6	84	1.15
393	127.9	62.22	83	0.81
394	26.84	192.47	83	1.18
395	62.94	160.3	82	1.01
Period: 83
Tasks:17
id	x	y	end	c
1262	63.17	191.56	83	98.69
1263	42.69	3.28	86	112.42
1264	61.51	64.43	84	52.41
1265	95.76	166.19	87	66.33
1266	173.2	6.73	85	118.56
1267	88.05	162.48	84	63.61
1268	14.16	71.18	84	90.55
1269	96.68	83.64	84	16.69
1270	137.78	54.54	83	59.11
1271	122	181.32	86	84.24
1272	150.31	179.55	86	94.12
1273	86.23	151.92	85	53.71
1274	152.81	6.03	86	107.79
1275	184.79	190.1	84	123.72
1276	161.08	152.3	84	80.41
1277	120	122.43	85	30.05
1278	151.48	109.92	85	52.43
Drivers: 3
id	x	y	end	sensitivity
396	101.34	88.92	83	1.8
397	169.54	114.87	84	0.55
398	85.02	199.07	84	1.81
Period: 84
Tasks:14
id	x	y	end	c
1279	5.94	122.61	88	96.74
1280	162.17	138.54	86	73.15
1281	126.09	95.76	85	26.43
1282	72.71	85.02	84	31.13
1283	23.42	172.25	85	105.28
1284	11.89	77.03	85	91.05
1285	49.29	26.88	85	88.98
1286	126.44	93.87	84	27.14
1287	2.1	99.52	86	97.9
1288	65.49	126.64	85	43.6
1289	121.41	19.6	87	83.2
1290	138.68	112.95	86	40.79
1291	92.61	176.2	87	76.56
1292	137.61	15.99	87	92.04
Drivers: 4
id	x	y	end	sensitivity
399	167.13	197.22	86	1.16
400	36.29	137.41	85	1.1
401	29.6	169.8	84	1.67
402	192.44	167.43	84	0.71
Period: 85
Tasks:16
id	x	y	end	c
1293	42.47	102.9	88	57.6
1294	15.54	53.23	87	96.54
1295	142.03	190.34	86	99.64
1296	23.54	23.79	85	107.95
1297	16.65	18.48	88	116.59
1298	139.93	199.81	87	107.5
1299	46.16	21.22	87	95.42
1300	18.39	60.92	86	90.48
1301	161.35	68.77	86	68.84
1302	169.67	150.05	87	85.78
1303	9.71	68.62	90	95.59
1304	53.88	75.4	90	52.27
1305	154.09	186.91	85	102.37
1306	129.63	112.11	89	32.01
1307	146.1	41.39	88	74.57
1308	96.03	118.71	87	19.13
Drivers: 6
id	x	y	end	sensitivity
403	144.13	95.25	86	1.41
404	112.76	145.27	86	1.93
405	40.06	62.67	85	0.81
406	151.56	99.67	86	1.47
407	52.2	179.41	85	0.77
408	62	135.53	85	0.67
Period: 86
Tasks:21
id	x	y	end	c
1309	159.67	143.3	88	73.73
1310	113.67	21.58	87	79.6
1311	141.49	144.19	87	60.61
1312	64.36	119.84	86	40.79
1313	138.36	102.73	90	38.46
1314	66.57	101.73	86	33.47
1315	144.27	56.26	88	62.23
1316	91.11	60.59	90	40.4
1317	43.94	191.89	87	107.64
1318	49.86	98.97	89	50.15
1319	106.5	118.35	88	19.47
1320	157.86	114.25	86	59.59
1321	34.06	99.97	91	65.94
1322	82.22	190.97	87	92.69
1323	70.52	102.48	88	29.58
1324	46.82	54.36	89	70.08
1325	151.6	79.14	87	55.66
1326	97.43	13.21	90	86.83
1327	80.65	175.6	89	78.04
1328	77.86	80.23	89	29.68
1329	6.85	144.15	90	103.08
Drivers: 8
id	x	y	end	sensitivity
409	111.66	138.56	87	0.79
410	136	46.8	88	1.03
411	142.18	79.39	87	1.65
412	39.45	68.86	88	1.25
413	84.47	15.01	89	1.74
414	105.39	60.86	87	1.79
415	188.06	84.34	88	1.89
416	95.27	95.95	86	0.72
Period: 87
Tasks:16
id	x	y	end	c
1330	91.53	33.57	91	66.97
1331	125.37	143.37	90	50.25
1332	37.97	64.24	90	71.6
1333	177.94	70.79	89	83.23
1334	8.56	195.25	88	132.04
1335	166.23	20.3	87	103.63
1336	43.94	37.79	88	83.74
1337	4.24	77.82	87	98.3
1338	115.6	182.31	87	83.78
1339	51.2	27.26	91	87.59
1340	118.25	12.92	89	88.97
1341	136.99	82.72	88	40.83
1342	106.96	63.38	90	37.28
1343	188.26	10.43	89	125.75
1344	82.92	55.81	87	47.38
1345	159.92	1.11	90	115.63
Drivers: 8
id	x	y	end	sensitivity
417	63.95	2.18	89	1.1
418	0.14	75.81	87	1.45
419	4.26	163.95	89	1.97
420	109.02	26.8	88	0.66
421	108.94	198.86	89	0.74
422	134.71	61.7	88	0.84
423	7.27	117.3	87	1.63
424	112.83	96.1	90	1.94
Period: 88
Tasks:16
id	x	y	end	c
1346	162.91	109.39	90	63.61
1347	174.72	20.71	89	108.95
1348	52.72	91.85	90	47.98
1349	66.43	110.67	91	35.22
1350	19.07	182.49	90	115.56
1351	114.78	112.16	89	19.14
1352	196.26	198.1	88	137.44
1353	61.19	65.28	88	52.07
1354	187.47	43.23	89	104.28
1355	106.92	16.21	90	84.08
1356	63.12	108.24	92	37.79
1357	99.28	121.82	91	21.83
1358	135.69	46.85	88	64.02
1359	10.94	29.1	90	113.84
1360	79.7	163.99	89	67.13
1361	124.75	170.87	89	75.07
Drivers: 6
id	x	y	end	sensitivity
425	58.36	81.74	89	1.36
426	104.07	179.48	91	1.54
427	162.28	136.12	88	0.52
428	129.27	98.43	89	0.96
429	179.33	38.91	89	1.92
430	189.98	199.24	88	1.49
Period: 89
Tasks:17
id	x	y	end	c
1362	129.25	91.33	90	30.51
1363	154.05	127.98	91	60.86
1364	36.17	186.84	91	107.78
1365	132.16	40.29	90	67.82
1366	151.66	93.48	92	52.07
1367	167.61	89.37	91	68.44
1368	23.4	157.91	92	96.03
1369	28.33	91.53	93	72.17
1370	199.49	178.38	92	126.66
1371	194.34	18.56	90	124.63
1372	122.58	179.98	94	83.11
1373	164.38	162.32	91	89.6
1374	5.81	165.06	90	114.48
1375	187.46	109.18	90	87.94
1376	5.36	2.46	89	135.91
1377	103.93	45.09	90	55.05
1378	14.47	114.48	92	86.75
Drivers: 5
id	x	y	end	sensitivity
431	154.19	120.69	89	0.83
432	29.34	161.62	90	0.87
433	140.17	174.15	91	1.79
434	179.7	98.96	90	1.81
435	25.12	134.95	89	0.77
Period: 90
Tasks:14
id	x	y	end	c
1379	181.44	177.76	92	112.6
1380	47.1	135.01	94	63.44
1381	172.34	19.31	96	108.37
1382	170.78	121.05	91	73.84
1383	25.41	191.13	92	117.76
1384	127.14	127.43	93	38.59
1385	39.28	38.77	92	86.23
1386	89.66	143.65	91	44.86
1387	195.26	172.84	91	119.92
1388	181.48	72.23	93	86.08
1389	41.69	91.78	92	58.89
1390	98.86	193.22	90	93.23
1391	69.37	100.23	90	30.63
1392	59.42	24.29	93	85.9
Drivers: 7
id	x	y	end	sensitivity
436	169.17	140.85	92	1.78
437	74.82	54.46	93	1.17
438	193.63	98.57	91	0.87
439	189.92	71.31	90	1.8
440	26.65	34.29	90	0.78
441	28.03	176.14	92	0.95
442	38.85	71.64	93	1.23
Period: 91
Tasks:17
id	x	y	end	c
1393	26.77	192.68	92	118.12
1394	122.67	180.29	91	83.43
1395	85.15	6.34	98	94.83
1396	80.61	128.37	92	34.36
1397	93.71	165.22	92	65.52
1398	52.51	43.11	92	74.11
1399	89.05	100.36	98	10.96
1400	108.66	52.19	93	48.59
1401	127.73	145.77	95	53.51
1402	73.75	119.36	92	32.62
1403	183.51	156.65	94	100.91
1404	64.69	45.87	92	64.63
1405	139.14	16.82	94	91.93
1406	139.11	94.56	93	39.49
1407	139.33	46.17	96	66.67
1408	46.28	3.2	96	110.71
1409	143.28	46.82	92	68.57
Drivers: 7
id	x	y	end	sensitivity
443	57.29	117.6	92	1.91
444	35.17	73.07	91	0.53
445	16.94	10.93	92	1.79
446	167.97	77.86	91	1.16
447	27.05	170.1	92	0.77
448	65.42	165.46	91	1.33
449	72.01	16.44	91	1.09
Period: 92
Tasks:20
id	x	y	end	c
1410	150.9	41.61	93	77.46
1411	194.4	14.63	93	127.28
1412	182.35	198.35	96	128.27
1413	168.58	103.32	93	68.66
1414	83.66	27.93	92	73.9
1415	180.2	105.44	96	80.38
1416	67.16	11.33	94	94.56
1417	134.57	188.52	92	95.03
1418	86.73	34.01	99	67.31
1419	67.87	167.02	94	74.32
1420	195.55	144.53	93	105.42
1421	104.16	47.89	94	52.28
1422	136.62	163.89	92	73.64
1423	6.04	23.99	93	120.86
1424	195.19	99.22	94	95.19
1425	35.01	94.83	95	65.2
1426	175.73	64.6	93	83.6
1427	146.31	42.63	96	73.73
1428	91.63	79.55	93	22.1
1429	134.68	157.39	92	67.05
Drivers: 7
id	x	y	end	sensitivity
450	68.47	127.07	96	1.95
451	167.61	152.37	92	1.01
452	35.36	124.35	92	1.33
453	133.42	6.06	92	1.77
454	27	46.35	93	1.28
455	8.89	106.23	95	0.6
456	11.9	0.06	92	1.95
Period: 93
Tasks:12
id	x	y	end	c
1430	21.12	48.67	95	94.11
1431	145.21	175.43	95	87.94
1432	117.67	192.62	97	94.29
1433	29.53	184.52	97	110.04
1434	121.25	4.66	95	97.68
1435	28.79	92.88	95	71.57
1436	188.63	122.67	96	91.48
1437	34.04	105.46	94	66.19
1438	126.26	56.78	94	50.57
1439	36.13	20.76	93	101.78
1440	69.68	121.94	93	37.43
1441	73.56	187	95	90.93
Drivers: 4
id	x	y	end	sensitivity
457	117.08	99.21	93	0.86
458	160.04	194.93	96	1.5
459	8.38	120.45	93	0.76
460	147.9	98.65	94	1.29
Period: 94
Tasks:10
id	x	y	end	c
1442	23.65	23	96	108.44
1443	22.42	37.47	96	99.64
1444	120.99	96.13	97	21.34
1445	148.55	185.25	94	98.11
1446	152.62	16.75	96	98.49
1447	140.37	158	99	70.67
1448	13.41	93.71	94	86.82
1449	33.94	93.31	99	66.4
1450	25.07	127.42	95	79.79
1451	173.76	84.95	94	75.28
Drivers: 11
id	x	y	end	sensitivity
461	133.14	18.37	95	1.38
462	37.48	4.35	95	0.91
463	188.88	49.09	96	0.99
464	67.45	149.74	97	0.76
465	152.01	155.17	97	0.74
466	98.97	81.79	94	0.76
467	128.45	3.58	94	0.64
468	104.87	87.53	97	1.87
469	60.03	8.41	95	0.8
470	3.64	138.29	97	1.73
471	161.94	64.82	94	0.63
Period: 95
Tasks:12
id	x	y	end	c
1452	106.58	66.48	99	34.16
1453	143.38	147.66	96	64.45
1454	65.81	46.92	97	63.14
1455	0.3	171.72	95	122.82
1456	71.51	105.26	98	28.97
1457	98.76	163.69	96	63.7
1458	124.03	115.84	97	28.78
1459	135.15	112.16	99	37.19
1460	84.04	116.88	98	23.23
1461	108.29	147.63	97	48.35
1462	55.15	133.14	96	55.77
1463	151.11	134.85	98	61.86
Drivers: 5
id	x	y	end	sensitivity
472	133.95	174.78	96	1.02
473	137.92	107.39	96	0.51
474	74.59	42.44	96	1.73
475	110.8	130.11	96	1.91
476	160.69	8.35	95	0.53
Period: 96
Tasks:8
id	x	y	end	c
1464	69.38	191.88	100	96.85
1465	198.1	114.79	100	99.21
1466	65.9	93.14	97	34.78
1467	11.81	58.78	99	97.35
1468	144.95	24.58	100	87.8
1469	197.03	9.63	99	132.6
1470	16.71	7.21	98	124.69
1471	59.89	71.7	96	49.09
Drivers: 10
id	x	y	end	sensitivity
477	170.8	146.04	97	1.05
478	115.84	20.92	97	1.18
479	175.05	71.03	98	1.57
480	36.04	21.42	96	0.52
481	56.17	77.95	96	1.04
482	152.07	4.51	96	1.05
483	149.01	47.99	97	0.51
484	137.62	39.42	97	1.37
485	15.18	66.21	100	1.31
486	176.25	189.64	100	1
Period: 97
Tasks:12
id	x	y	end	c
1472	9.76	148.39	97	102.4
1473	183.25	165.18	99	105.73
1474	184.88	25.88	100	112.69
1475	28.54	134.19	99	79.22
1476	150.37	15.7	97	98.2
1477	140	51.1	98	63.18
1478	187.53	94.56	100	87.7
1479	174.46	120.95	97	77.35
1480	133.47	69.23	101	45.46
1481	151.18	124.51	101	56.75
1482	125.14	0.7	98	102.43
1483	58.08	62.78	99	56.06
Drivers: 7
id	x	y	end	sensitivity
487	66.79	30.84	97	0.8
488	44.45	124.4	98	1.4
489	69.66	47.33	99	1.8
490	56.88	176.57	99	0.76
491	167.81	52.43	98	0.64
492	193.99	94.03	99	1.31
493	108.17	23.42	97	0.74
Period: 98
Tasks:11
id	x	y	end	c
1484	142.61	175.23	99	86.46
1485	87.39	78.04	101	25.32
1486	124.7	61.21	100	45.99
1487	188.72	118.31	99	90.59
1488	175.04	26.58	98	104.98
1489	191.32	165.29	99	112.26
1490	99.69	180.78	98	80.78
1491	11.7	80.21	99	90.49
1492	114.06	146	101	48.1
1493	197.12	9.36	100	132.85
1494	14.65	70.17	98	90.41
Drivers: 5
id	x	y	end	sensitivity
494	54.93	47.17	99	0.94
495	67.64	194.77	100	1.49
496	181.65	105.79	99	1.81
497	4.46	150.72	99	0.93
498	22.14	124.96	98	1.19
Period: 99
Tasks:10
id	x	y	end	c
1495	116.18	31.02	104	70.85
1496	80.97	1.38	101	100.44
1497	116.68	163.63	102	65.78
1498	113.98	4.71	100	96.31
1499	142.2	168.73	99	80.65
1500	173.23	177.3	100	106.48
1501	137.93	76.09	100	44.84
1502	69.09	37.33	102	69.88
1503	137.21	138.78	101	53.74
1504	41.05	74.29	100	64.31
Drivers: 8
id	x	y	end	sensitivity
499	174.27	180.95	101	0.57
500	16.6	177.26	101	1.95
501	128.21	164.43	99	1.99
502	56.75	24.72	100	0.85
503	115.29	124.56	101	0.6
504	34.89	186.6	99	0.54
505	87.48	77.66	100	1.91
506	162.89	6.04	99	0.68
Period: 100
Tasks:13
id	x	y	end	c
1505	87.03	119.29	101	23.24
1506	106.07	83.47	103	17.61
1507	184.98	149.12	103	98.15
1508	122.85	51.62	102	53.5
1509	147.09	199.11	102	109.73
1510	196.8	9.04	101	132.83
1511	51.49	36.22	102	80.13
1512	181.22	92.7	101	81.55
1513	147.72	110.48	102	48.86
1514	49.55	35.61	102	81.8
1515	132.48	91.75	101	33.51
1516	95.09	20.49	102	79.66
1517	71.99	80.6	102	34.07
Drivers: 4
id	x	y	end	sensitivity
507	38.86	35.59	100	0.86
508	154.69	69.76	103	1.87
509	83.25	61.59	102	1.62
510	68.41	60.4	101	1.87
