Periods: 100
Task Arrival Rate: 15
Task Average Time: 3
Driver Arrival Rate: 15
Driver Average Time: 1
Period: 1
Tasks:13
id	x	y	end	c
1	15.56	63.58	3	91.96
2	18.91	134.75	4	88.22
3	93.36	34.69	4	65.65
4	135.17	179.95	4	87.34
5	142.09	139	2	57.38
6	117.33	41.85	4	60.68
7	168.19	63.43	3	77.38
8	159.8	41.47	3	83.68
9	148.88	142.93	4	65.06
10	37.16	135.71	4	72.28
11	135.31	4.4	3	101.91
12	177.78	49.25	4	92.87
13	52.08	115.07	2	50.23
Drivers: 11
id	x	y	end	sensitivity
1	1.43	67.74	1	0.76
2	111.33	66.68	1	1.3
3	123.33	65.16	1	1.42
4	142.08	194.85	2	1.88
5	199.95	4.51	1	1.14
6	153.72	124.35	1	1.45
7	162.46	161.91	2	1.3
8	45.27	153.49	5	1.39
9	184.7	159.97	1	1.27
10	181.69	97.21	1	1.45
11	86.95	195.7	2	1.1
Period: 2
Tasks:15
id	x	y	end	c
14	94.22	174.11	6	74.34
15	100.88	187.67	6	87.67
16	85.81	4.27	5	96.78
17	123.93	154.53	2	59.55
18	153.16	72.45	5	59.87
19	55.01	66.79	7	55.92
20	145.26	75.5	6	51.47
21	43.94	28.05	3	91.21
22	32.31	125.69	6	72.4
23	95.04	48.5	3	51.74
24	32.82	66.4	7	75.11
25	26.34	113.37	2	74.86
26	28.11	7.5	4	117.15
27	66.85	138.1	5	50.5
28	87.92	129.73	2	32.09
Drivers: 16
id	x	y	end	sensitivity
12	23.5	47.16	2	1.56
13	169.01	71.16	2	1.92
14	134.81	43.02	4	0.94
15	109.03	49.65	2	1.18
16	194.97	143.02	3	1.81
17	29.56	55.22	4	1.52
18	96.77	68.23	4	0.98
19	11.33	113.57	2	1.32
20	35.33	142.89	4	1.17
21	76.08	45.29	3	1.06
22	68.47	32.09	3	1.78
23	169.88	19.17	2	0.84
24	122.98	177.72	2	0.72
25	106.5	70.43	3	1.74
26	150.98	145.33	2	0.79
27	89.42	165.81	4	1.32
Period: 3
Tasks:6
id	x	y	end	c
29	80.44	93.36	5	20.66
30	5.43	26.29	8	119.9
31	13.25	59.95	6	95.55
32	152.54	15.18	9	99.77
33	61.3	166.72	5	77.13
34	154.08	63.26	8	65.38
Drivers: 8
id	x	y	end	sensitivity
28	123.93	119.95	3	1.23
29	70.5	14.96	3	1.91
30	9.81	152.64	4	1.45
31	184.47	1.1	4	1.44
32	163.66	8.8	5	1.45
33	40.78	191.76	5	1.69
34	194.62	190.21	3	1.21
35	3.67	160.13	6	0.92
Period: 4
Tasks:13
id	x	y	end	c
35	185.63	0	5	131.65
36	198.27	148.25	5	109.48
37	48.76	91.36	9	51.96
38	61.79	183.45	6	91.78
39	38.74	5.17	5	112.9
40	112.59	148.06	7	49.68
41	124.68	121.55	6	32.76
42	191.52	118.63	6	93.4
43	2.44	135.83	8	103.93
44	46.98	54.7	10	69.74
45	34.96	34.79	11	92.1
46	184.45	46.94	7	99.74
47	110.61	63.63	5	37.89
Drivers: 18
id	x	y	end	sensitivity
36	37.74	166.37	5	1.92
37	176.58	53.57	5	1.7
38	79.68	153.08	5	1.61
39	48.74	31.55	4	1.92
40	91.36	51.17	7	0.92
41	141.24	69.54	9	1.12
42	147.18	55.87	6	1.08
43	36.18	127.15	4	0.85
44	31.43	31.49	4	0.99
45	162.33	16.81	5	1.61
46	65.44	9.42	4	0.96
47	119.67	77.76	7	1.96
48	48.38	173.22	6	1.37
49	150.87	35.54	5	1.92
50	54.9	17.25	4	1.47
51	107.26	50.02	5	1.7
52	153.64	34.38	5	0.53
53	78.96	192.55	4	0.61
Period: 5
Tasks:22
id	x	y	end	c
48	181.98	67.54	8	88.17
49	4.83	15.05	6	127.57
50	55.98	114.06	8	46.21
51	128.61	11.11	8	93.38
52	171.9	21.19	8	106.68
53	147.76	69.5	9	56.67
54	91.5	54.45	6	46.34
55	187.63	188.55	6	124.58
56	137.17	125.82	10	45.26
57	187.3	44.44	10	103.48
58	111.12	111.46	8	15.97
59	146.05	32.55	7	81.67
60	141.32	53.52	9	62.19
61	113.31	136.28	6	38.64
62	45.12	109.98	7	55.78
63	171.24	142.03	11	82.71
64	12.5	100.07	7	87.5
65	20.13	169.03	10	105.57
66	65.39	76.42	10	41.88
67	121.51	89.11	11	24.11
68	186.62	73.67	9	90.53
69	144.36	38.52	6	75.81
Drivers: 17
id	x	y	end	sensitivity
54	128.36	191.63	6	1.73
55	171.56	152.45	5	1.64
56	96.49	36.15	6	1.85
57	61.62	116.55	5	1.33
58	39.19	10.98	7	1.57
59	141.86	69.7	10	1.43
60	31.7	46.7	7	1.42
61	83.49	52.9	7	0.53
62	28.87	14.53	5	0.6
63	78.54	181.44	6	1.16
64	189.57	78.7	6	0.97
65	30.15	120.7	6	1.03
66	166.6	188.72	6	0.53
67	68.41	186.97	5	1.44
68	61.91	88.25	5	0.89
69	50.14	55.59	6	1.26
70	161.2	60.5	5	1.39
Period: 6
Tasks:20
id	x	y	end	c
70	58.23	24.41	8	86.36
71	29.77	102.93	11	70.29
72	4.08	23.69	9	122.57
73	7.42	35.55	7	112.8
74	10.07	20.01	6	120.36
75	112.16	142.74	8	44.44
76	114.11	137.74	9	40.29
77	34.19	101.51	10	65.83
78	41.98	16.75	11	101.47
79	91.17	194.85	8	95.26
80	90.25	12.49	8	88.05
81	110.78	87.66	8	16.39
82	160.36	150.41	9	78.64
83	38.8	178.5	10	99.54
84	172.54	103.97	12	72.65
85	27.55	184.72	10	111.47
86	62.76	195.05	9	102.08
87	122.25	144.56	9	49.81
88	3.17	6.43	11	134.65
89	122.95	134.94	10	41.8
Drivers: 14
id	x	y	end	sensitivity
71	183.54	190.81	6	1.13
72	130.29	196.72	7	1.39
73	164.11	60.93	6	1.47
74	199.77	164.83	8	1.23
75	18.17	91.53	10	0.67
76	171.88	187.05	6	1.57
77	39.09	11.27	8	1.1
78	177.34	146.35	6	1.42
79	153.12	71.54	8	0.85
80	82.93	179.9	7	1.18
81	92.91	134.09	6	1.86
82	35.66	175.81	6	1.38
83	88.35	59.09	7	1.26
84	193.61	98.99	6	1.24
Period: 7
Tasks:19
id	x	y	end	c
90	134.18	118.71	11	38.97
91	66.62	58.62	10	53.17
92	24.21	194.4	8	121.06
93	56.63	64.59	13	55.99
94	83.4	192.92	14	94.39
95	86.05	122.56	10	26.52
96	196.51	7.53	10	133.66
97	107.78	96.31	10	8.61
98	125.81	129.67	10	39.33
99	98.38	53.59	13	46.44
100	139.08	148.26	8	62.1
101	105.71	126.03	11	26.65
102	161.46	172.46	9	95.01
103	41.52	168.55	8	90.11
104	76.95	97.75	11	23.16
105	133.67	188.04	8	94.26
106	113.57	92.27	10	15.62
107	113.6	197.01	11	97.96
108	174.71	128.91	10	80.11
Drivers: 10
id	x	y	end	sensitivity
85	14.03	52.69	9	1.17
86	42.62	40.46	8	1.71
87	88.35	5.77	9	0.78
88	149.46	83.29	8	1.03
89	187.93	97.34	8	0.81
90	53.37	19.76	9	0.88
91	49.55	52.12	8	1.53
92	110.18	197.87	8	1.62
93	66.08	136.48	8	1.32
94	179.12	163.14	7	1.62
Period: 8
Tasks:12
id	x	y	end	c
109	17.38	147.7	13	95.4
110	28.46	37.69	12	94.87
111	42.58	75.87	14	62.28
112	170.98	176.3	9	104.21
113	46.68	26.27	15	90.99
114	133.42	83.06	9	37.47
115	37.63	134.11	10	71.09
116	98.6	82.89	12	17.17
117	131.1	37.36	13	69.94
118	14.51	36.41	12	106.55
119	28.31	195.94	9	119.77
120	31.5	62.84	9	77.93
Drivers: 18
id	x	y	end	sensitivity
95	17.83	146.29	9	1.75
96	8.99	144.26	9	1.09
97	27.22	125.63	9	1.4
98	6.41	190.22	9	0.87
99	33.29	176.12	8	1.19
100	44.58	54.81	9	1.68
101	117.42	62.19	11	0.5
102	193.6	181.73	8	0.86
103	25.2	91.55	10	1.33
104	183.48	50.91	9	1.49
105	28.49	19.52	10	1.67
106	159.92	101.48	8	0.6
107	175.03	54.55	11	1.93
108	180.8	111.5	10	1.64
109	22.61	128.36	8	1.81
110	164.66	145.69	9	0.73
111	132.03	98.36	9	1.35
112	127.47	175.97	10	0.7
Period: 9
Tasks:17
id	x	y	end	c
121	182.49	162.02	14	103.2
122	108.46	27.71	12	72.78
123	131.75	32.96	14	74.18
124	8.35	138.86	13	99.55
125	65.77	29.62	11	78.26
126	68.87	11.31	14	93.99
127	178.57	147.86	13	92
128	82.71	50.55	11	52.39
129	186.68	28.56	13	112.33
130	197.25	132.37	12	102.5
131	19.15	22.7	12	111.86
132	6.92	187.04	11	127.44
133	112.77	101.9	13	12.91
134	75.79	7.75	11	95.37
135	115.66	147.28	12	49.81
136	105.36	117.8	17	18.59
137	116.31	19.87	12	81.77
Drivers: 13
id	x	y	end	sensitivity
113	190.49	127.97	10	1.12
114	54.08	12.1	12	0.65
115	143.99	41.97	10	1.62
116	162.15	174.57	11	1.77
117	192.67	11.95	9	1.56
118	85.32	50.13	10	1.86
119	155.69	34.95	12	1.44
120	21.75	132.13	9	1.51
121	18.25	12.13	10	0.9
122	173.86	151.48	12	1.4
123	76.26	136	9	1.86
124	180.44	152.91	9	0.57
125	179.89	175.36	9	1.18
Period: 10
Tasks:20
id	x	y	end	c
138	196.24	192.98	12	133.82
139	57.95	63.66	11	55.58
140	47.41	123.92	13	57.77
141	36.71	35.26	14	90.54
142	188.33	95.78	13	88.43
143	44.8	136.97	14	66.44
144	82.77	85.04	14	22.82
145	173.56	37.32	10	96.64
146	109.31	195.82	15	96.27
147	36.9	24.12	13	98.69
148	109.55	169.06	12	69.72
149	84.81	11.09	11	90.2
150	76.73	53.34	11	52.14
151	97.97	113.54	12	13.69
152	33.21	199.37	12	119.73
153	19.31	80.38	14	83.04
154	80	70.65	14	35.52
155	184.29	116.05	14	85.8
156	49.11	133.2	15	60.76
157	21.29	7.68	11	121.32
Drivers: 21
id	x	y	end	sensitivity
126	151.86	161.99	11	1.06
127	82.52	104.15	11	0.77
128	18.09	50.79	11	1.73
129	36.65	158.06	11	1.94
130	149.33	4.17	12	1.35
131	73.06	109.59	11	1.47
132	194.41	99.94	11	1.88
133	122.04	199.93	10	1.87
134	0.24	89.65	10	1.09
135	149.81	36.57	10	1.85
136	164.98	74.27	12	1.08
137	51.69	21.73	12	1.84
138	169.21	173.65	13	0.7
139	43.4	68.65	10	1.96
140	173.62	129.16	10	1.97
141	156.08	1.32	12	0.86
142	81.95	64.29	11	1.68
143	147.23	198.73	12	1.8
144	1.08	100.14	11	1.69
145	66.21	173.15	11	0.92
146	197.23	106.59	11	0.56
Period: 11
Tasks:17
id	x	y	end	c
158	115.33	23.61	12	77.91
159	104.62	24.78	20	75.36
160	79.68	31.48	13	71.47
161	162.09	43.58	12	83.9
162	85.02	106.37	15	16.28
163	167.24	165.28	17	93.72
164	55.87	63.27	13	57.42
165	5.49	47.43	16	108.15
166	112.88	189.41	14	90.33
167	73.1	89.37	15	28.92
168	184.55	69.12	16	90.01
169	164.87	169.21	16	94.86
170	110.35	138.09	17	39.47
171	38.15	72.38	14	67.74
172	33.71	140.93	15	77.91
173	175.82	106.94	13	76.14
174	6.68	69.52	13	98.17
Drivers: 17
id	x	y	end	sensitivity
147	152.47	34.82	11	1.05
148	113.03	66.84	13	1.38
149	82.3	8.49	11	1.76
150	69.8	6.12	12	1.29
151	129.44	196.09	13	1.17
152	22.97	93.29	11	0.7
153	92.15	18.41	14	1.75
154	110.75	20.15	13	1.13
155	11.34	20.34	11	1.62
156	42.51	105.21	11	0.58
157	87.47	46.43	12	1.35
158	116.42	176.62	12	0.58
159	102.7	19.13	12	1.61
160	3.16	159.6	11	1.48
161	104.89	65.85	13	1.81
162	151.12	166.04	13	1.9
163	147.84	33.11	13	1.74
Period: 12
Tasks:6
id	x	y	end	c
175	94.06	88.83	13	12.65
176	64.41	32.5	13	76.31
177	74.72	193.25	14	96.62
178	46.67	77.82	15	57.76
179	61.03	76.49	14	45.51
180	73.23	172.88	15	77.64
Drivers: 10
id	x	y	end	sensitivity
164	183.79	117.5	12	1.77
165	56.49	149.92	14	0.66
166	16.58	147.44	13	1.71
167	133.58	98.9	13	0.67
168	41.63	20.46	15	1.25
169	116.05	185.9	13	1.15
170	46.5	53.49	13	1.08
171	175.62	118.83	14	0.86
172	156.26	54	14	1.57
173	125.09	138.04	13	1.67
Period: 13
Tasks:16
id	x	y	end	c
181	159.4	38.1	18	85.79
182	196.9	98.99	18	96.91
183	143.12	153.87	16	69
184	135.83	64.18	15	50.66
185	44.43	121.59	16	59.62
186	129.96	146.14	17	55.01
187	123.82	53.12	16	52.58
188	120.94	1.24	15	100.96
189	66.94	101.27	14	33.08
190	100.62	119.92	17	19.93
191	46.01	113.75	15	55.71
192	155.02	164.48	15	84.76
193	70.41	130.86	18	42.75
194	109.74	98.83	14	9.81
195	124.15	95.94	15	24.49
196	80.24	141.41	17	45.88
Drivers: 10
id	x	y	end	sensitivity
174	148.67	75.39	15	1.11
175	104.37	185.37	13	1.29
176	178.57	105.63	14	0.55
177	140.25	35.4	13	1.12
178	123.06	172.26	13	1.72
179	58.02	158.57	14	0.68
180	107.73	96.4	14	0.75
181	167.12	142.91	14	0.79
182	15.84	91.91	13	1.22
183	66.08	197.17	14	0.62
Period: 14
Tasks:14
id	x	y	end	c
197	89.69	146.81	17	47.93
198	4.62	132.41	16	100.74
199	62	74.74	18	45.63
200	15.76	80.76	17	86.41
201	96.24	135.58	19	35.78
202	125.59	106.02	17	26.29
203	153.66	79.46	14	57.46
204	12.13	66.58	15	94.01
205	81.39	45.76	15	57.34
206	144.06	70.31	20	53.13
207	2.17	1.03	16	139.16
208	190.51	93.2	18	90.77
209	35.04	32.33	17	93.8
210	124.43	168.64	17	72.86
Drivers: 17
id	x	y	end	sensitivity
184	94.35	33.01	14	1.98
185	184.18	158.97	14	1.95
186	67.25	152.84	14	1.63
187	78.2	147.76	14	1.24
188	43.13	100.08	14	1.92
189	29.58	73.12	20	1.77
190	38.48	5.02	15	1.09
191	173.3	103.3	15	1.32
192	133.39	71.06	14	1.01
193	160.15	160.77	14	1.58
194	155.72	127.88	15	1.34
195	27.67	70.81	15	1.55
196	12.21	179.23	14	1.85
197	154.47	55.79	14	0.87
198	159.1	189.29	18	0.91
199	159.76	60.95	16	0.97
200	29.07	137.66	14	1.87
Period: 15
Tasks:13
id	x	y	end	c
211	168.98	23.38	22	103.1
212	165.64	155.07	18	85.68
213	179.97	190.94	16	121.1
214	59.38	31.8	17	79.38
215	16.18	186.34	16	120.33
216	41.04	79.58	20	62.4
217	30.78	18.4	19	107
218	170.08	158.65	19	91.38
219	148.45	140.28	17	63.01
220	87.19	58.13	19	43.79
221	164.22	198.58	16	117.65
222	183.95	53.99	19	95.73
223	158.79	63.05	20	69.44
Drivers: 13
id	x	y	end	sensitivity
201	106.3	135.71	16	1.84
202	179.78	154.67	15	1.57
203	129.52	110.5	15	0.6
204	91.57	124.25	20	1.79
205	170.71	140.31	18	0.61
206	143.88	75.98	19	1.3
207	62.99	100.96	15	1.28
208	192.72	36.63	15	1.66
209	101.43	66.66	16	1.23
210	164.72	154.82	17	1.92
211	133.64	165.31	15	1.45
212	144.55	167.34	15	0.83
213	156.3	97.82	17	0.99
Period: 16
Tasks:11
id	x	y	end	c
224	16.32	146.96	17	95.96
225	83.11	44.37	17	58.14
226	175.75	181.54	18	111.3
227	186.71	143.94	18	97.21
228	190.33	30.03	18	114.26
229	171.72	155.5	19	90.69
230	78.9	68.91	17	37.57
231	199.94	84.78	16	101.09
232	107.87	106.9	17	10.47
233	61.34	125.45	19	46.28
234	111.22	188.37	18	89.08
Drivers: 10
id	x	y	end	sensitivity
214	105.23	43.39	17	1.95
215	134.8	148.13	18	0.62
216	11.35	51.95	17	1.93
217	48.83	122.03	18	1.15
218	189.6	162.42	16	1.88
219	32.02	31.34	16	1.69
220	165.29	60.81	18	0.87
221	174.68	148.23	17	0.77
222	147.69	103.08	19	1.43
223	20.94	55.54	16	0.83
Period: 17
Tasks:20
id	x	y	end	c
235	27.63	95.03	21	72.54
236	42.7	54.23	17	73.34
237	7.45	180.59	18	122.72
238	84.63	3.37	20	97.84
239	45.78	6.29	20	108.27
240	31.82	78.66	22	71.44
241	168.94	169.17	24	97.66
242	57.78	186.28	20	96.06
243	111.19	36.57	17	64.41
244	79.86	75.6	23	31.64
245	4.17	168.34	20	117.7
246	45.18	29.57	18	89.25
247	35.23	37.51	18	90
248	39.67	150.22	22	78.5
249	103.59	15.13	18	84.95
250	49.86	9.89	22	103.12
251	162.39	52.42	18	78.46
252	24.06	52.79	21	89.42
253	39.48	107.15	20	60.94
254	61.91	115.95	21	41.29
Drivers: 12
id	x	y	end	sensitivity
224	15.44	191.48	17	0.74
225	83.37	122.99	18	1.21
226	139.43	38.56	18	1.21
227	163.91	131.39	18	1.46
228	59.39	138.43	18	1.51
229	82.12	106.41	18	1.9
230	57.47	133.81	17	0.97
231	156.14	172.94	19	1.21
232	178.74	26.8	20	1.64
233	121.44	108.46	18	0.62
234	48.68	132.07	18	0.57
235	96.3	156.36	19	1.64
Period: 18
Tasks:20
id	x	y	end	c
255	21.19	167.42	18	103.71
256	185.62	123.93	21	88.9
257	68.73	170.28	19	76.92
258	42.15	90.41	21	58.64
259	136.73	41.15	21	69.37
260	75.55	106.7	23	25.35
261	37.55	190.6	19	110.04
262	111.43	62.11	20	39.58
263	52.85	79.69	24	51.34
264	37.18	122.91	19	66.87
265	38.33	109.29	19	62.37
266	95.99	36.44	19	63.69
267	177.66	35.56	23	100.91
268	83.47	8.74	23	92.74
269	124.67	50.8	21	55.04
270	175.52	1.13	18	124.41
271	19.03	32.51	20	105.41
272	100.43	127.06	21	27.06
273	73	138.13	24	46.72
274	199.41	136.7	25	105.97
Drivers: 21
id	x	y	end	sensitivity
236	28.51	159.6	20	1.51
237	86.77	28.77	18	0.94
238	43.74	40.29	18	0.77
239	131.27	54.09	18	1.85
240	82.99	161.31	19	0.89
241	83.95	139.86	22	1.8
242	172.25	151.18	20	1.35
243	108.55	166.72	21	1.57
244	31.6	185.3	19	1.66
245	34.33	85.58	20	0.92
246	128.37	195.93	19	1.33
247	130	50.5	21	1.02
248	88.65	19.02	18	1.72
249	111.74	78.71	19	1.51
250	123	193.05	21	1.82
251	147.75	179.47	18	1.25
252	23.34	168.39	19	1.9
253	199.12	134.92	20	0.54
254	164.1	173.44	19	1.16
255	18.38	181.29	19	1.16
256	95.29	19.65	20	1.11
Period: 19
Tasks:10
id	x	y	end	c
275	132.93	49.69	25	60.13
276	26.87	183.7	23	111.15
277	173.93	39.05	26	95.82
278	169.35	69.57	23	75.73
279	40.25	175.38	21	96.19
280	93.4	187.65	21	87.9
281	166.85	10.96	25	111.34
282	22.8	106.39	23	77.46
283	9.03	106.52	24	91.2
284	134.7	144.94	21	56.78
Drivers: 16
id	x	y	end	sensitivity
257	126.87	105.63	20	1
258	153.44	174.93	20	1.49
259	64.7	125.07	20	0.84
260	129.57	47.15	19	1.38
261	196.77	85.78	19	0.5
262	167.39	1.52	20	0.59
263	85.56	127.86	21	1.38
264	112.24	181.14	19	1.75
265	106.95	44.33	21	1.67
266	28.14	140.16	21	1.85
267	34.33	8.89	20	0.67
268	118.37	59.81	21	1.2
269	25.48	44.8	19	0.86
270	134.02	163.38	19	0.96
271	26.4	5.81	20	1.19
272	62.79	41.72	20	0.9
Period: 20
Tasks:12
id	x	y	end	c
285	63.89	20.01	26	87.76
286	134.02	160.45	24	69.37
287	180.76	172.74	22	108.69
288	60.55	64.03	23	53.39
289	74.98	36.58	23	68.18
290	9.58	183.38	25	123
291	82.42	111.07	23	20.78
292	79.31	20.93	25	81.73
293	160.03	111.58	22	61.14
294	84.69	87.62	21	19.69
295	40.47	90.11	23	60.35
296	44.27	153.97	24	77.58
Drivers: 12
id	x	y	end	sensitivity
273	102.03	111.39	20	1.72
274	37.94	65.61	23	1.65
275	150.77	25.61	22	0.69
276	25.02	149.68	20	1.9
277	75.56	45.14	21	1.86
278	83.62	122.89	20	0.9
279	141.47	155.9	23	1.71
280	110.57	11.94	20	1.67
281	31.03	133.81	20	1.29
282	132.69	171.26	21	1.09
283	97.09	36.55	21	1.83
284	151.62	192.32	21	1.11
Period: 21
Tasks:13
id	x	y	end	c
297	129.43	107.67	25	30.41
298	158.14	46.81	27	78.8
299	132.11	59.49	27	51.69
300	5.58	135.6	24	100.91
301	6.84	118.67	24	95.01
302	84.26	91.6	23	17.84
303	41.33	53.75	30	74.71
304	64.84	71.71	25	45.13
305	3.35	105.33	22	96.8
306	59.12	133.64	25	52.94
307	118.06	46.01	22	56.93
308	100.95	199.1	24	99.1
309	40.52	102.15	21	59.52
Drivers: 17
id	x	y	end	sensitivity
285	27.03	4.48	21	0.99
286	125.32	32.98	22	1.94
287	114.96	4.36	21	1.47
288	49.36	26.04	22	1.33
289	55.34	77	21	1.41
290	124.35	79.37	21	1.21
291	197.05	191.14	23	1.99
292	79.8	32.96	23	0.85
293	181.6	161.23	21	1.74
294	90.67	159.19	24	1.65
295	92.73	50.29	21	0.76
296	134.02	52.27	22	1.63
297	119.75	2.29	21	0.56
298	68.03	24.83	21	0.89
299	116.03	74.74	23	0.73
300	32.06	171.12	22	1.43
301	68.84	83.56	21	1.4
Period: 22
Tasks:20
id	x	y	end	c
310	77.94	174.32	24	77.52
311	125.67	145.81	24	52.51
312	19.32	100.01	25	80.68
313	138.18	166.81	24	76.95
314	24.92	172.25	24	104.2
315	117.53	85.13	22	22.99
316	122.95	74.1	27	34.61
317	0.78	195.03	26	137.39
318	86.24	154.85	26	56.55
319	36.76	68.97	25	70.44
320	0.9	152.12	28	111.97
321	147.07	168.19	25	82.86
322	42.86	18	28	99.94
323	119.74	17.56	30	84.77
324	86.67	195.61	25	96.53
325	35.58	104.09	22	64.55
326	49.75	142.47	27	65.79
327	145.57	152.3	24	69.37
328	28.36	185.51	24	111.55
329	198.23	189.89	28	133.15
Drivers: 18
id	x	y	end	sensitivity
302	9.75	115.12	22	0.97
303	12.99	14.92	22	1.93
304	143.74	48.08	24	1.74
305	15.3	99.77	22	1.75
306	90.56	36.78	26	1.93
307	86.42	47.49	25	1.49
308	184.97	1.08	23	0.73
309	27.43	5.07	23	0.59
310	130.82	6.74	22	1.06
311	86.08	111.14	23	1.37
312	194	151.43	23	1.19
313	90.08	57.44	23	0.82
314	160.37	123.53	24	0.54
315	86.34	7.92	24	1.88
316	17.91	36.17	22	1.31
317	94.85	44.06	23	1.75
318	157.43	114.75	23	1.92
319	90.97	118.11	22	1.99
Period: 23
Tasks:11
id	x	y	end	c
330	7.63	99.85	25	92.37
331	112.26	81.62	26	22.09
332	136.53	122.85	25	43.09
333	5.62	198.95	27	136.74
334	69.59	162.69	25	69.68
335	152.18	65.79	25	62.39
336	103.73	115.8	27	16.23
337	163.98	166.6	26	92.35
338	157.62	118.44	26	60.5
339	44.6	193.01	24	108.26
340	28.1	107.42	26	72.28
Drivers: 10
id	x	y	end	sensitivity
320	103.68	68.89	23	1.62
321	176.7	129.27	24	0.72
322	64.07	152.85	24	1.39
323	100.92	78.18	25	0.91
324	174.91	78.69	23	0.92
325	134.26	116.33	24	0.6
326	131.28	3.47	24	0.84
327	93.67	162.87	25	0.74
328	135.16	130.47	23	0.68
329	193.04	53.5	24	1.62
Period: 24
Tasks:24
id	x	y	end	c
341	107.79	131.59	26	32.54
342	50.18	154.86	28	74.11
343	123.19	95.67	29	23.59
344	59.77	86.52	28	42.43
345	130.26	113.11	31	32.98
346	54.42	198.69	27	108.71
347	162.07	125.83	28	67.23
348	94.06	178.2	25	78.43
349	170.26	63.02	26	79.4
350	197.19	50.65	26	109
351	198.85	172.33	24	122.49
352	146.82	32.34	31	82.28
353	7.01	191.55	27	130.49
354	10.29	5.58	28	130.24
355	180.38	173.39	27	108.84
356	45.36	10.2	25	105.12
357	125.12	104.79	27	25.57
358	59.47	51.58	27	63.14
359	18.56	46.3	29	97.55
360	71.48	197.84	26	101.91
361	76.98	182.41	27	85.56
362	169	163.52	26	93.79
363	128.04	64.44	28	45.29
364	180.8	119.6	31	83.14
Drivers: 18
id	x	y	end	sensitivity
330	38.58	101.09	24	1.61
331	107.3	188.35	26	1.14
332	50.84	146.83	26	1.97
333	199.97	190.63	25	1.06
334	108.31	91.47	25	1.56
335	171.18	178.75	25	0.7
336	75.28	181.46	24	1.03
337	110.48	91.42	25	0.92
338	192.12	75.15	25	0.76
339	27.84	7.51	26	1.72
340	161.77	52.62	28	0.54
341	148.9	38.62	25	0.68
342	44.38	34	27	1.28
343	91.79	159.64	24	1.09
344	108.7	53.79	24	0.85
345	32.01	7.42	24	0.7
346	7.49	23.36	26	1.73
347	117.64	190.72	25	1.89
Period: 25
Tasks:13
id	x	y	end	c
365	175.9	138.51	28	85.11
366	69.49	3.04	28	101.65
367	61.24	74.18	26	46.57
368	157.69	80.58	30	60.87
369	161	60.77	29	72.53
370	171.35	141.7	27	82.64
371	46.35	18.64	26	97.46
372	152.43	17.36	28	97.87
373	180.58	16.43	28	116.09
374	101.48	158.32	28	58.34
375	129.09	162.2	27	68.67
376	72.62	166.88	26	72.27
377	87.92	54.32	27	47.25
Drivers: 16
id	x	y	end	sensitivity
348	157.49	58.12	26	1.91
349	112.96	61.21	25	1.37
350	55.34	138.23	27	1.51
351	152.12	39.05	26	0.95
352	107.24	131.59	26	0.6
353	1.63	150.05	25	0.85
354	89.49	109.61	25	0.9
355	165.15	57.95	25	1.6
356	100.22	132.13	28	1.07
357	25.55	118.65	25	1.33
358	53.71	104.25	26	1.27
359	21.53	139.57	29	1
360	41.72	105.97	26	1.36
361	119.18	89.24	26	1.92
362	172.19	11.08	26	0.83
363	123.09	172.82	26	1.6
Period: 26
Tasks:15
id	x	y	end	c
378	177.85	145.94	30	90.39
379	38.98	127.45	27	66.91
380	81.4	32.9	30	69.63
381	52	175.78	28	89.7
382	197.14	76.22	32	100.01
383	70.43	186.52	27	91.43
384	109.99	74	27	27.85
385	99.38	192.61	27	92.61
386	49.71	114.47	27	52.33
387	174.33	31.36	29	101.18
388	106.87	87.56	27	14.21
389	161.47	20.96	28	100.13
390	33.55	199.67	29	119.79
391	60.93	76.1	28	45.8
392	149.5	102.28	28	49.55
Drivers: 18
id	x	y	end	sensitivity
364	60	103.51	26	1.97
365	17.41	150.5	28	0.81
366	58.07	52.36	26	1.18
367	134.52	150.41	26	1.9
368	70.65	16.93	26	0.94
369	56.62	126.28	26	0.59
370	118.87	179.69	29	1.54
371	165.07	150	28	0.75
372	16.19	112.24	27	1.59
373	29.43	96.17	26	1.96
374	144.13	132.85	27	1.68
375	100.92	171.62	27	1.21
376	186.41	43.84	26	0.55
377	166.75	38.21	27	1.62
378	109.25	113.05	26	1.55
379	28.28	38.59	27	1.87
380	36.65	23.14	27	1.9
381	30.99	161.37	27	1.79
Period: 27
Tasks:21
id	x	y	end	c
393	113.26	118.35	29	22.64
394	168.23	48.8	32	85.3
395	143.81	7.51	30	102.34
396	169.14	57.26	30	81.28
397	106.47	180.02	29	80.28
398	135.92	142.97	28	56.01
399	23.15	111.51	33	77.71
400	53.2	169.68	29	83.94
401	182.25	29.04	34	108.63
402	136.06	55.41	32	57.35
403	43.81	166.92	28	87.38
404	179.99	122.24	29	83.02
405	154.08	102.06	29	54.12
406	122.71	113.26	31	26.3
407	167.78	128.98	28	73.72
408	173.77	54.71	29	86.56
409	147.57	172.79	29	86.96
410	167.57	92.04	31	68.04
411	114.37	149.22	29	51.27
412	137.29	162.68	29	72.93
413	193.66	98.12	31	93.68
Drivers: 15
id	x	y	end	sensitivity
382	128.42	191.67	28	1.03
383	52.28	128.7	27	1.7
384	182.22	176.18	29	1.79
385	95.62	173.57	28	0.84
386	24.04	101.48	28	0.62
387	125.39	153.5	28	1.06
388	159.53	2.34	27	1.16
389	173.59	181.59	27	0.57
390	72.81	176.96	27	1.4
391	114.67	165.44	28	1.7
392	111.61	78.77	28	1.23
393	163.86	147.23	27	1.06
394	169.31	193.64	27	0.6
395	78.28	8.64	27	1.48
396	160.86	148.31	27	1.97
Period: 28
Tasks:15
id	x	y	end	c
414	78.68	0.24	33	102.01
415	18.92	161.62	33	101.84
416	39.28	117.36	32	63.15
417	94.86	137.07	28	37.42
418	75.27	169.59	31	73.85
419	76.64	192.28	32	95.19
420	122.37	176.49	31	79.69
421	75.75	139.86	31	46.66
422	72.94	79.5	30	33.95
423	107.18	47.52	31	52.97
424	153.23	162.94	29	82.43
425	156.11	159.07	29	81.47
426	108.07	194.46	29	94.8
427	168.34	29.31	33	98.32
428	79.01	186.4	31	88.91
Drivers: 15
id	x	y	end	sensitivity
397	14.24	186.13	28	1.48
398	137.98	79.62	29	1.86
399	99.65	168.32	30	1.63
400	196	32.55	28	0.85
401	180.33	128.58	28	0.96
402	103.7	123.15	30	0.58
403	69.97	100.27	30	1.83
404	153.36	63.93	29	1.71
405	128.14	150.18	30	1.02
406	45.52	189.75	29	1.34
407	164.21	31.44	28	0.62
408	73.19	155.04	30	1.39
409	198.46	101.7	29	0.89
410	153.39	34.14	29	1.21
411	89.25	117.46	29	1.07
Period: 29
Tasks:10
id	x	y	end	c
429	177.62	133.27	30	84.45
430	106.22	99.16	30	6.28
431	77.94	169.42	32	72.84
432	148.7	37.45	32	79.27
433	137.71	124.5	33	44.97
434	157.51	118.65	32	60.46
435	24.98	81.47	34	77.27
436	116.93	133.2	30	37.27
437	85.53	128.71	32	32.15
438	195.36	154.04	31	109.61
Drivers: 11
id	x	y	end	sensitivity
412	95.9	173.78	30	1.32
413	88.03	154.37	29	0.78
414	53.16	104.48	30	1.79
415	77.62	150.48	30	1.33
416	42.16	29.22	31	0.95
417	106.91	72.14	29	0.93
418	69.55	132.77	30	1.22
419	95.26	94.96	30	1.17
420	69.33	153.25	29	1.94
421	107.82	141.07	29	1.01
422	62.09	190.61	29	0.96
Period: 30
Tasks:11
id	x	y	end	c
439	65.04	41.89	34	67.82
440	9.71	189.48	34	127.12
441	14.61	40.64	30	104
442	133.68	33.36	35	74.67
443	144.74	139.36	36	59.59
444	174.29	180.37	33	109.45
445	67.99	186.48	34	92.21
446	161.1	107.16	37	61.52
447	89.07	190.59	32	91.25
448	110.1	68.02	33	33.54
449	35.39	166.57	32	92.77
Drivers: 15
id	x	y	end	sensitivity
423	125.66	11.63	31	1.76
424	113.83	178.83	30	1.67
425	90.19	39.23	31	1.03
426	95.54	191.59	30	0.59
427	163.25	123.01	30	1.9
428	78.19	188.36	30	0.94
429	103.38	46.06	30	1.28
430	1.88	69.56	31	1.76
431	80.72	78.53	32	1.32
432	84.08	35.02	30	1.69
433	158.03	141.08	31	1.16
434	4.86	65.85	31	1.72
435	73.42	174.46	32	1.24
436	37.28	69.04	33	1.06
437	135.91	167.94	30	1.88
Period: 31
Tasks:20
id	x	y	end	c
450	81.7	6.55	37	95.22
451	81.79	44.85	31	58.08
452	162.74	127.66	33	68.57
453	159.02	187.77	35	105.77
454	16.06	6.77	34	125.45
455	183.77	164.76	33	105.88
456	93.62	188.68	34	88.91
457	181.11	72.11	34	85.77
458	154.57	170.65	34	89.27
459	47.81	42.73	33	77.48
460	13.85	11.95	32	123.19
461	22.72	31.67	33	103.16
462	193.89	77.21	34	96.62
463	157.38	55.61	32	72.55
464	178.95	108.05	38	79.36
465	47.48	11.73	32	102.71
466	182.87	135.44	34	90.13
467	95.23	131.21	32	31.57
468	139.48	126.84	32	47.74
469	115.55	127.18	33	31.31
Drivers: 15
id	x	y	end	sensitivity
438	163.52	143.58	34	1.36
439	149.13	42.19	31	0.8
440	48.21	112.71	33	1.82
441	147.66	86.89	32	1.87
442	139.85	15.3	31	1.26
443	20.3	27.99	33	1.78
444	50.47	33.04	32	0.67
445	85.27	17.87	32	1.45
446	19.68	79.72	31	1.44
447	180.52	24.78	33	1.07
448	94.87	60.35	32	1.42
449	194.82	159.22	33	1.99
450	119.2	161	31	1.88
451	61.82	39.13	31	0.83
452	82.07	185.25	33	1.6
Period: 32
Tasks:12
id	x	y	end	c
470	45.98	57.69	35	68.62
471	46.99	61.45	35	65.55
472	108.39	25.57	34	74.9
473	77.1	123.85	37	33.06
474	42.54	95.97	35	57.6
475	84.73	18.56	34	82.86
476	193.27	109.51	35	93.75
477	163.36	128.23	35	69.36
478	84.07	69.51	35	34.4
479	121.95	103.45	36	22.22
480	189	81.02	36	91
481	77.19	108	35	24.17
Drivers: 21
id	x	y	end	sensitivity
453	79.95	159.25	36	1.49
454	29.31	75.53	32	0.97
455	46.91	24.1	32	1.75
456	178.38	31.92	32	1.19
457	159.06	178.25	32	1.33
458	30.32	59.56	33	1.79
459	40.15	58.06	32	1.62
460	51.66	161.47	32	1.79
461	174.16	79.57	32	0.69
462	139.89	111.05	33	0.71
463	137.22	28.12	33	1.79
464	120.97	4.28	33	1.19
465	27.8	25.47	33	1.6
466	89.24	191.06	32	1.56
467	175.86	48.23	32	1.97
468	49.54	140.47	35	1.35
469	26.46	93.67	34	1.1
470	125.69	170.11	35	1.15
471	186.26	117.38	32	1.36
472	84.84	100.98	32	1.27
473	177.37	136.49	32	1.05
Period: 33
Tasks:15
id	x	y	end	c
482	74.3	161.69	35	66.83
483	193.73	62.83	33	100.83
484	12.28	27.45	35	113.83
485	27.94	109.75	37	72.72
486	71.24	6.62	38	97.71
487	53.87	109.34	34	47.07
488	93.14	60.37	37	40.22
489	20.78	175.18	34	109.21
490	149.06	66.13	36	59.62
491	129.99	102.76	35	30.12
492	115.49	67.51	36	35.99
493	11.35	81.09	35	90.64
494	61.43	124.72	40	45.81
495	114.88	110.28	35	18.09
496	174.68	100.07	35	74.68
Drivers: 22
id	x	y	end	sensitivity
474	137.65	19.06	36	0.82
475	192.99	27.34	34	0.94
476	125.78	112.77	33	1.03
477	109.79	46.09	34	1.11
478	128.18	178.66	34	1.03
479	55.19	171.36	36	0.98
480	137.65	99.11	33	1.27
481	189.72	96.5	34	1.03
482	155.85	45.22	34	0.59
483	17.55	186.01	33	1.63
484	174.12	0.68	34	1.55
485	199.98	169.78	33	0.71
486	137.97	196.62	34	0.65
487	84.09	133.34	34	1.31
488	140.3	139.96	35	0.76
489	49.17	57.45	33	1.47
490	128.18	105	34	1.2
491	40.44	45.29	33	1.44
492	64.86	141.26	33	0.76
493	6.18	81.73	34	1.86
494	87.81	186.56	34	1.34
495	55.93	40.06	33	1.97
Period: 34
Tasks:14
id	x	y	end	c
497	107.74	162.67	35	63.15
498	151.37	56.12	38	67.56
499	128.61	105.08	34	29.06
500	164.47	33.82	38	92.39
501	151.01	175.51	38	91.13
502	58.29	7.86	39	101.14
503	33.42	28.36	34	97.8
504	109.43	78.78	38	23.22
505	11.75	59.39	35	97.15
506	35.58	43.9	37	85.42
507	53.29	16.18	38	95.96
508	4.99	177.73	36	122.76
509	189.16	110.16	36	89.74
510	9.38	129.95	35	95.44
Drivers: 18
id	x	y	end	sensitivity
496	87.06	149.08	35	1.34
497	153.98	10.66	37	1.9
498	127.65	62.73	34	1.08
499	45.85	44.6	35	1.28
500	134.86	126.79	36	1.85
501	84.64	58.48	36	1.66
502	56.99	141.3	35	1.27
503	7.33	107.2	35	1.72
504	46.22	197.83	35	1.88
505	180.57	98.13	34	0.81
506	41.23	45.58	35	1.33
507	153.01	141.99	35	0.79
508	15.2	85.01	37	0.58
509	190.29	111.28	36	1.95
510	173.2	33.66	34	0.82
511	89.53	137.34	34	1.41
512	185.83	66.19	35	0.93
513	135.19	41.17	35	1.41
Period: 35
Tasks:17
id	x	y	end	c
511	11.84	147.92	38	100.34
512	144.62	35.47	39	78.45
513	76.94	48.36	40	56.55
514	35.72	171	39	95.78
515	22.61	51.61	38	91.27
516	21.19	45.23	38	95.97
517	129.03	194.53	37	98.89
518	61.61	40.95	38	70.43
519	194.74	24.48	38	121.16
520	6.19	14.68	39	126.81
521	57.98	121.9	38	47.38
522	12.1	32.09	35	111.08
523	18.11	188.24	37	120.38
524	175.91	78.24	39	78.97
525	88.62	175.17	38	76.03
526	121.59	105.94	36	22.39
527	74.33	153.29	36	59.15
Drivers: 18
id	x	y	end	sensitivity
514	48.58	140.33	35	0.78
515	62.7	167.76	35	0.67
516	188.55	8.69	36	1.73
517	62.8	41.5	37	1.49
518	166.38	61.21	36	1.42
519	111.73	45.65	37	1.03
520	165.69	79.6	35	1.32
521	169.8	74.14	36	1.81
522	100.29	180.24	36	1.4
523	146.7	44.9	36	0.92
524	62.62	55.2	35	1.62
525	191.39	93.95	36	0.74
526	90.31	199.41	36	1.51
527	133.61	189.08	36	0.53
528	93.2	184.02	37	1.98
529	50.93	170.79	36	0.98
530	179.59	78.46	40	0.51
531	106.23	164.04	37	0.72
Period: 36
Tasks:22
id	x	y	end	c
528	90.33	100.71	40	9.7
529	165.59	104.44	40	65.74
530	47.37	100.08	39	52.63
531	144.86	63.02	40	58.14
532	1.04	0.31	41	140.47
533	154.95	177.91	38	95.34
534	47.95	165.49	41	83.65
535	90.6	8.79	41	91.69
536	125.41	105.45	40	25.99
537	126.94	197.81	39	101.45
538	191.84	196.38	40	133.13
539	169.95	51.2	42	85.29
540	151.25	33.08	39	84.29
541	81.01	188.97	42	90.97
542	119.38	14.95	39	87.23
543	50.56	157.79	37	76.05
544	62.04	171.32	36	80.79
545	58.22	180.48	36	90.68
546	131.37	46.88	39	61.69
547	66.35	50.22	39	60.09
548	64.38	167.3	42	76.15
549	59.13	61.11	41	56.42
Drivers: 15
id	x	y	end	sensitivity
532	140.14	6.36	39	1.09
533	194.75	192.29	40	0.7
534	112.78	110.97	36	0.69
535	106.87	131.62	36	0.79
536	176.04	26.28	37	1.96
537	52.78	84.35	36	0.82
538	184.36	109.58	38	0.82
539	11.79	51.03	38	0.92
540	185.38	52.85	37	1.26
541	155.05	159.35	37	0.98
542	67.22	43.9	40	1.66
543	137.88	85.39	38	0.93
544	69.47	44.55	36	1.98
545	177.66	27.46	38	0.54
546	69.2	102.6	37	1.91
Period: 37
Tasks:11
id	x	y	end	c
550	133.3	122.19	37	40.02
551	71.11	103.21	39	29.07
552	18.22	124.48	41	85.37
553	55.37	54.71	44	63.58
554	49.95	134.39	39	60.73
555	3.43	173.58	38	121.41
556	193.96	188.83	40	129.3
557	105.75	13.7	38	86.49
558	25.16	175.95	41	106.63
559	99.02	44.24	39	55.77
560	64.29	199.68	43	105.88
Drivers: 13
id	x	y	end	sensitivity
547	47.08	176.38	38	1.71
548	21.3	69.92	37	0.87
549	102.16	38.12	40	1.59
550	140.43	195.9	38	1.94
551	53.85	175.03	37	0.7
552	65.03	30.62	37	1.34
553	166.1	83.43	37	1.36
554	82.75	61.2	38	1.83
555	8.23	90.8	39	1.61
556	123.49	36.36	38	1.82
557	134.84	29.18	38	0.65
558	187.36	199.09	38	0.83
559	86.06	67.01	37	1.08
Period: 38
Tasks:14
id	x	y	end	c
561	116.68	14.23	42	87.38
562	117.9	99.34	43	17.91
563	44.95	91.62	39	55.68
564	93.59	180.29	44	80.55
565	110.38	59.6	39	41.71
566	121.54	61.53	40	44.09
567	153.81	14.79	40	100.78
568	195.95	105.17	39	96.09
569	13.52	139.84	40	95.22
570	93.46	156.27	44	56.65
571	124.08	95.43	43	24.51
572	131.36	8.33	40	96.89
573	167.1	187.19	39	110.02
574	122.3	199.92	40	102.38
Drivers: 21
id	x	y	end	sensitivity
560	184.21	191.81	38	0.72
561	95.46	88.34	39	1.12
562	169.43	160.75	39	0.59
563	29.54	138.6	39	0.84
564	33.88	37.21	38	0.95
565	193.54	186.76	38	1.53
566	92.85	37.88	40	1.59
567	126.32	197.74	39	1.57
568	176.34	113.76	38	1.35
569	147.16	137.69	40	1.7
570	93.46	83.87	39	1.17
571	8.09	129.24	39	1.48
572	153.27	23.08	38	1.29
573	104.38	99.46	39	1.07
574	61.8	15.94	40	1.49
575	166.39	182.52	38	0.74
576	32.69	158.74	38	0.87
577	43.03	23.14	38	1.31
578	115.18	113.79	39	0.71
579	65.33	87.6	39	0.55
580	146.35	73.13	38	0.59
Period: 39
Tasks:11
id	x	y	end	c
575	99.55	113.45	46	13.46
576	110.91	62.35	43	39.2
577	67.36	159.62	40	67.97
578	150.86	47.12	41	73.37
579	173.12	121.71	45	76.27
580	196.89	196.67	42	136.87
581	159.05	50.67	43	76.94
582	175.58	145.77	40	88.36
583	51.09	174.1	46	88.79
584	74.02	191.15	41	94.78
585	154.39	29.91	41	88.72
Drivers: 11
id	x	y	end	sensitivity
581	81.24	128.68	41	1.32
582	134.52	54.79	43	0.94
583	194.82	24.54	39	0.91
584	62.86	186.86	41	1.36
585	37.1	72.33	41	1.76
586	181.94	181.7	40	1.07
587	2.65	71.58	39	1.84
588	142.65	13.83	40	1.42
589	65.53	116.73	41	1.68
590	58.82	19.6	39	1.92
591	46.32	49.39	41	1.79
Period: 40
Tasks:18
id	x	y	end	c
586	130.15	134.89	44	46.11
587	40.87	104.12	42	59.27
588	161.63	12.32	41	107.17
589	5.54	169.38	44	117.2
590	96.61	101.86	44	3.87
591	151.06	46.14	42	74.22
592	171.87	2.95	42	120.76
593	73.8	17.06	42	86.98
594	147.13	15.82	41	96.48
595	109.6	110.18	43	13.99
596	39.17	125.71	44	66.04
597	3.06	83.91	42	98.27
598	165.29	41.72	45	87.52
599	106.96	4.52	42	95.73
600	94.44	165.8	44	66.03
601	113.91	34.75	41	66.72
602	62.76	171.51	44	80.63
603	56.59	82.33	40	46.87
Drivers: 18
id	x	y	end	sensitivity
592	99.45	5.07	41	1.18
593	44.52	36.29	41	0.69
594	124.07	78.75	41	1.47
595	95.24	111.42	40	0.6
596	102.32	27.03	43	1.7
597	91.37	183.26	40	0.65
598	187.19	133.71	42	0.88
599	126.46	70.43	41	0.83
600	152.56	62.98	40	1.88
601	30.63	63.79	42	1.11
602	36.91	158.74	40	0.7
603	36.34	92.54	40	0.86
604	89.75	193.75	40	0.84
605	94.32	195.99	41	1.62
606	46.97	114.01	42	0.66
607	103.89	3.23	41	1.47
608	12.05	146.85	40	1.74
609	168.54	71.08	40	1.61
Period: 41
Tasks:14
id	x	y	end	c
604	63.58	109.56	46	37.65
605	3.65	47.77	44	109.6
606	119.54	148.45	41	52.24
607	109.72	158.81	41	59.61
608	137.11	92.18	44	37.92
609	94.16	198.39	43	98.56
610	11.7	51.1	41	100.94
611	84.7	99.59	48	15.31
612	14.92	138.2	41	93.26
613	4.84	164.13	44	114.75
614	19.17	90.02	44	81.44
615	109.83	21.85	44	78.77
616	8.95	55.32	44	101.42
617	129.54	196.95	45	101.35
Drivers: 19
id	x	y	end	sensitivity
610	165.51	24.18	41	1.28
611	155.92	105.66	43	0.93
612	1.72	74.06	43	0.62
613	72.05	182.29	42	1.28
614	199.21	127.77	43	0.53
615	21.17	28.79	42	1.48
616	187.78	65.95	41	1.54
617	99.34	1.92	44	1.16
618	35.49	85.37	41	0.82
619	28.14	20.84	42	1.48
620	102	185.44	41	1.02
621	68.53	73.3	42	0.51
622	50.4	44.98	42	0.64
623	182.14	125.34	41	1.31
624	81.78	169.73	42	1.5
625	67.06	152.79	41	1.38
626	71.21	145.64	42	1.55
627	57.37	173.79	43	1.72
628	7.84	42.79	41	1.1
Period: 42
Tasks:20
id	x	y	end	c
618	75.32	58.17	45	48.57
619	145.42	118.35	47	48.99
620	93.33	199.45	45	99.67
621	147.77	87.21	46	49.45
622	188.98	55.72	43	99.39
623	47.96	118.13	43	55.11
624	91.56	45.5	50	55.15
625	179.77	57.2	47	90.53
626	38.79	120.83	46	64.66
627	114.57	103.07	47	14.89
628	26.86	57.71	45	84.49
629	161.4	168.88	49	92.27
630	175.08	76.94	44	78.54
631	61.32	44.12	46	67.96
632	42.24	80.27	43	61.04
633	25.29	8.68	48	117.99
634	75.27	114.37	47	28.6
635	141.07	197.91	49	106.17
636	198.75	72.06	43	102.63
637	193.86	134.77	45	100.09
Drivers: 18
id	x	y	end	sensitivity
629	129.23	73.32	44	1.28
630	15.17	173.35	44	0.51
631	123.91	172.38	42	1.87
632	119.34	16.81	43	0.59
633	21.91	5.06	42	1.15
634	20.49	141.22	46	1.83
635	12.87	53.25	44	1.79
636	166.75	30.94	43	1.36
637	121.93	120.21	42	0.57
638	125.08	15.09	42	1.2
639	34.15	104.35	42	1.58
640	178.91	13.53	42	1.06
641	98.32	198.68	43	1.11
642	180.6	187.97	42	0.62
643	87.12	182.58	43	0.72
644	145.85	36.2	42	1.61
645	1.43	13.81	42	1.38
646	80.88	60.52	42	1.59
Period: 43
Tasks:16
id	x	y	end	c
638	16.45	100.06	46	83.55
639	114.39	94.82	45	15.29
640	19.69	60.24	50	89.61
641	142.59	15.98	46	94.2
642	159.55	175.24	45	95.95
643	39.9	1.37	45	115.5
644	113.85	25.63	47	75.65
645	169.5	82.46	47	71.68
646	31.46	198.54	45	120.03
647	126.91	41.46	46	64.43
648	174.45	128.21	46	79.62
649	99.88	29.49	45	70.51
650	0.45	166.18	46	119.54
651	125.5	123.2	45	34.47
652	38.58	66.68	44	69.88
653	87.25	29.42	43	71.72
Drivers: 16
id	x	y	end	sensitivity
647	86.64	100.86	45	1.48
648	82.76	101.15	43	0.8
649	65.37	124.43	43	1.14
650	14.83	174.71	43	1.56
651	71.61	65.39	45	1.35
652	124.49	16.91	44	1.54
653	100.28	198.93	43	1.72
654	131.97	155.92	44	1.77
655	33.39	26.09	44	1.67
656	25.39	71.26	43	1.6
657	72.49	18.17	43	1.55
658	156.15	142.84	44	1.59
659	89.35	162.81	44	1.14
660	122.59	145.66	43	1.63
661	139.84	187.81	43	1.7
662	40.99	46.59	43	0.63
Period: 44
Tasks:11
id	x	y	end	c
654	174.03	152.99	46	91.04
655	120.25	167.03	48	70.02
656	130.89	46.59	46	61.7
657	85.78	55.49	46	46.73
658	105.47	100.22	46	5.47
659	170.87	65.69	45	78.74
660	15.15	136.98	45	92.56
661	78.82	123.54	46	31.67
662	106.98	169.87	46	70.22
663	180.01	59.04	47	89.89
664	38.38	58.92	50	74.06
Drivers: 13
id	x	y	end	sensitivity
663	138.05	16.97	44	1.95
664	0.98	186.93	46	1.67
665	195.58	156.88	44	0.56
666	170.42	47.79	45	0.66
667	83.72	17.37	44	1.4
668	102.19	26.34	44	1
669	30.04	39.15	45	0.55
670	92.19	122.17	45	1.6
671	52.12	174.53	45	1.02
672	141.37	31.26	45	0.99
673	130.78	95.63	45	1.33
674	2.56	21.53	44	0.7
675	4.23	91.24	44	0.93
Period: 45
Tasks:13
id	x	y	end	c
665	121.81	126.16	49	34.06
666	184.92	7.09	47	125.87
667	49.84	134.55	47	60.91
668	2.25	187.71	50	131.33
669	33.1	166.27	49	94.17
670	152.07	78.04	46	56.51
671	14.83	92.22	50	85.52
672	38.26	129.3	46	68.34
673	147.14	13.28	50	98.7
674	75.17	87.66	45	27.73
675	64.21	139.47	47	53.28
676	82.54	12.33	50	89.39
677	38.78	115.39	48	63.12
Drivers: 8
id	x	y	end	sensitivity
676	128.55	119.22	46	1.06
677	108.77	68.81	46	0.69
678	103.39	12.59	47	1.6
679	47.94	123.48	46	1.77
680	172.1	26.83	45	1.85
681	51.2	199.46	45	1.89
682	173.23	94.7	46	0.67
683	80.05	87.22	45	1.1
Period: 46
Tasks:16
id	x	y	end	c
678	28.73	10.48	47	114.43
679	97.43	133.08	48	33.18
680	107.66	151.12	48	51.69
681	124.9	39.99	53	64.97
682	137.9	101.86	47	37.95
683	161.76	198.44	48	116.21
684	192.38	67.95	47	97.78
685	87.47	38.06	48	63.19
686	138.81	179.05	47	88.06
687	136.22	151.89	51	63.28
688	173.96	17.59	51	110.73
689	44.71	22.9	50	94.88
690	39.09	0.07	47	117.03
691	150.71	12.96	51	100.73
692	183.18	61.49	50	91.66
693	109.94	122.83	47	24.9
Drivers: 19
id	x	y	end	sensitivity
684	2.83	172.63	46	1.07
685	154.6	68.63	48	1.08
686	71.14	92.57	46	0.53
687	170.43	142.07	46	1.59
688	191.68	29.83	47	0.75
689	170.88	83.97	48	1.37
690	81.33	33.76	47	0.79
691	42.28	68.48	46	1.38
692	172.36	57.26	47	1.91
693	195.49	118.52	46	1.92
694	16.56	68.94	47	0.55
695	52.06	57.77	46	1.95
696	145.27	105.19	49	1.83
697	105.56	7.82	46	0.94
698	44.28	93.74	46	1.17
699	130.77	47.06	46	0.65
700	80.73	61.38	46	0.67
701	87.35	70.8	47	1.06
702	20.41	159.25	46	1.16
Period: 47
Tasks:16
id	x	y	end	c
694	22.02	123.78	49	81.53
695	9.27	100.42	54	90.73
696	172.79	169.97	49	100.97
697	95.91	154.27	48	54.42
698	115.1	92.31	49	16.95
699	29.59	152.17	50	87.63
700	40.06	100.51	48	59.94
701	36.55	161.64	50	88.46
702	162.02	119.98	52	65.16
703	76.98	123.14	50	32.64
704	118.09	93.07	51	19.37
705	167.17	43.85	49	87.55
706	182.17	12.33	53	120.16
707	66.47	83.21	48	37.5
708	132.32	187.76	52	93.52
709	50.08	22.81	53	91.93
Drivers: 10
id	x	y	end	sensitivity
703	132.61	194.2	48	0.58
704	100.21	39.3	47	0.56
705	178.82	195.56	47	1.45
706	24.33	97.68	47	1.33
707	55.45	191.91	48	1.88
708	195.56	110.2	47	1.88
709	160.38	184.33	47	0.84
710	155.85	88.03	47	1.9
711	89.66	193.59	49	1.34
712	24.58	69.78	47	0.99
Period: 48
Tasks:19
id	x	y	end	c
710	148.35	89.57	50	49.46
711	147.97	94.98	50	48.23
712	40.88	62.23	55	70.16
713	170.25	159.2	50	91.87
714	57.75	172.97	50	84.32
715	104.08	80.06	54	20.35
716	162.08	108.75	48	62.69
717	167.65	131.02	50	74.42
718	97.61	5.55	52	94.48
719	123.66	95.62	51	24.06
720	85.68	88.4	51	18.43
721	193.03	161.83	54	111.7
722	172.39	131.51	50	78.95
723	100.4	102.87	50	2.9
724	53.03	177.78	50	90.86
725	113.11	90.49	51	16.2
726	130.99	107.87	51	31.97
727	23.56	78.03	51	79.53
728	150.43	134.06	54	60.85
Drivers: 16
id	x	y	end	sensitivity
713	197.53	32.86	48	1.31
714	186.77	12.21	49	0.59
715	102.73	29.9	48	1.43
716	160.25	135.61	49	1.91
717	62.83	197.72	50	0.87
718	98.95	199.13	51	1.09
719	63.91	125.5	49	0.84
720	193.05	140.48	49	1.4
721	1.27	44.07	48	1.17
722	59.42	156.3	49	1.46
723	65.27	80.53	50	1.07
724	180.58	37.76	50	1.73
725	93.04	98.96	48	1.67
726	140.39	130.51	49	0.89
727	156.13	111.33	50	1.87
728	64.6	55.97	48	0.59
Period: 49
Tasks:13
id	x	y	end	c
729	191.12	145.76	52	101.96
730	131.25	7.04	51	98.07
731	49.33	116.93	53	53.42
732	193.27	138.25	50	100.81
733	27.44	81.11	52	74.98
734	1.41	112.28	53	99.35
735	30.7	133.69	52	77.06
736	28.94	142.77	52	82.94
737	129.69	166.25	50	72.6
738	30.33	132.6	52	76.92
739	105.98	149.26	51	49.62
740	16.04	171.81	51	110.48
741	56.86	160.91	53	74.64
Drivers: 15
id	x	y	end	sensitivity
729	80.89	164.71	50	1.41
730	99.91	101.39	50	0.85
731	141.37	100.16	50	0.83
732	179.45	161.98	49	0.51
733	23.81	86.57	50	1.93
734	107.31	69.97	52	2
735	3.64	156.1	50	0.72
736	91.15	142.98	49	1.49
737	188.44	122.99	50	1.57
738	73.47	84.6	49	1.07
739	178.61	171.58	50	1.78
740	130.42	42.64	51	0.64
741	112.05	23.47	49	1.91
742	137.21	107.36	51	1.24
743	112.38	78.78	50	1.34
Period: 50
Tasks:12
id	x	y	end	c
742	69.02	53.41	56	55.95
743	160.72	121.09	51	64.28
744	159.54	141.01	54	72.3
745	114.71	109.91	53	17.74
746	178.76	12.24	53	117.92
747	179.02	146.5	57	91.69
748	105.22	154.29	53	54.54
749	96.11	67.47	51	32.76
750	95.39	150.47	53	50.68
751	98.66	22.51	50	77.5
752	115.36	152.55	51	54.75
753	37.5	90.36	53	63.24
Drivers: 17
id	x	y	end	sensitivity
744	150.33	161.38	51	0.68
745	55.18	56	50	1.99
746	21.14	70.94	53	1.91
747	102.13	112.41	52	0.85
748	29.23	108.16	50	0.75
749	69.23	108.38	52	0.76
750	169.44	193.82	52	0.99
751	195.98	76.57	51	0.92
752	185.31	135.85	51	1
753	174.8	0.19	51	0.87
754	153.57	22.27	53	0.56
755	146.68	177.87	51	1.49
756	35.1	79.3	51	1.95
757	181.02	48.98	51	1.85
758	148.21	47.28	50	1.3
759	1.44	24.68	52	0.91
760	83.57	181.32	51	0.67
Period: 51
Tasks:15
id	x	y	end	c
754	162.39	6.57	51	112.35
755	125.48	53.62	54	52.92
756	136.11	188.48	54	95.56
757	4.08	123.12	54	98.67
758	46.47	179.72	55	96.02
759	183.29	30.14	56	108.71
760	89.45	151.06	56	52.14
761	134.77	5.78	55	100.43
762	199.26	117.28	54	100.75
763	144.2	153.78	51	69.61
764	34.87	57	60	78.04
765	70.85	161.11	56	67.71
766	37.69	123.65	54	66.65
767	65.14	170.85	53	78.96
768	125.31	177.68	54	81.7
Drivers: 10
id	x	y	end	sensitivity
761	41.5	17.71	51	0.82
762	84.51	89.15	53	1.3
763	90.36	47.38	52	1.89
764	77.52	49.36	53	1.08
765	64.04	181.67	51	1.14
766	39.02	141.64	51	1.87
767	198.65	117.93	51	1.32
768	130.03	133.95	53	0.57
769	55.31	140.75	52	1.7
770	86.3	50.43	52	1.66
Period: 52
Tasks:15
id	x	y	end	c
769	115.7	11.71	56	89.68
770	18.18	27.86	56	109.08
771	39.51	60.71	53	72.13
772	90.55	56.97	54	44.06
773	187.1	88.64	52	87.84
774	67.53	50.04	52	59.58
775	149.3	27.43	54	87.73
776	73.25	121.98	54	34.62
777	74.01	162.48	52	67.67
778	188.26	84.69	56	89.58
779	17.7	14.15	57	118.93
780	175.2	20.83	56	109.19
781	130.9	193.05	52	98.05
782	93.2	157.34	55	57.74
783	99.35	51.14	54	48.86
Drivers: 12
id	x	y	end	sensitivity
771	57.22	132.74	53	0.78
772	12.19	83.76	52	0.67
773	2.27	178.84	53	0.65
774	41.32	62.84	53	1.2
775	64.85	147.5	52	0.8
776	1.19	59.59	52	0.53
777	98.92	108.8	54	1.85
778	144.11	170.09	52	0.5
779	24.78	181.34	53	1.37
780	61.58	16.92	52	1.13
781	138.16	44.48	52	1.93
782	105.92	46.57	53	1.09
Period: 53
Tasks:16
id	x	y	end	c
784	61.95	110.94	54	39.59
785	56.23	62.3	55	57.77
786	187.23	166.98	55	109.98
787	86.72	139.78	55	41.94
788	3.16	146.94	55	107.62
789	32.34	144.02	56	80.72
790	32.36	189.93	54	112.53
791	132.25	7.8	58	97.68
792	196.53	33.28	57	117.34
793	105.74	83.89	54	17.1
794	82.49	33.41	60	68.85
795	196.14	133.24	58	101.72
796	157.77	164.23	54	86.39
797	192.67	188.11	56	127.87
798	66.85	75.52	54	41.21
799	158.68	175.22	53	95.4
Drivers: 10
id	x	y	end	sensitivity
783	179.77	75.34	55	1.43
784	198.37	112.32	56	1.76
785	165.3	146.16	55	0.89
786	129.77	161.53	55	0.76
787	153.64	118.81	54	1.53
788	77.29	116.83	55	1.17
789	184.55	192.27	54	1.07
790	145.37	44.25	53	1.95
791	109.18	77.77	54	0.69
792	67.16	57.25	56	0.55
Period: 54
Tasks:17
id	x	y	end	c
800	142.45	65.84	57	54.49
801	156.94	24.64	54	94.45
802	178.37	187.14	56	117.2
803	170.04	101.78	59	70.06
804	39.13	118.02	58	63.48
805	113.11	115.18	55	20.06
806	165.18	10.15	58	111
807	26.03	46.65	56	91.2
808	183.47	114.93	56	84.79
809	162.11	121.25	56	65.64
810	135.24	176.34	57	84.08
811	190.8	124.47	56	94.04
812	72.43	84.37	58	31.69
813	2.89	172.72	57	121.32
814	16.39	89.56	54	84.26
815	52.5	55.19	55	65.3
816	13.57	151.54	55	100.63
Drivers: 10
id	x	y	end	sensitivity
793	4.75	193.48	54	1.64
794	20.93	31.55	56	1.65
795	74.79	193.52	56	0.6
796	143.89	9.53	56	1.56
797	117.64	98.32	54	1.1
798	196.33	180.58	55	1.09
799	110.22	75.31	55	0.9
800	15.11	133.77	56	1.16
801	65.73	172.53	57	0.79
802	160.88	190.75	55	1.3
Period: 55
Tasks:21
id	x	y	end	c
817	104.57	0.98	59	99.13
818	37.23	170.63	59	94.49
819	129.28	173.91	56	79.5
820	135.84	176.83	56	84.78
821	85.11	163.34	56	65.07
822	73.92	171.87	60	76.46
823	75.17	128.75	57	37.99
824	25.14	127.89	59	79.89
825	96.26	86.22	63	14.28
826	149.94	198.47	59	110.41
827	55.98	99.84	57	44.02
828	83.37	109	58	18.91
829	198.45	103.81	56	98.52
830	123.05	64.46	56	42.36
831	135.85	26.69	57	81.61
832	88.84	79.36	56	23.46
833	168.04	166.46	57	95.11
834	162.52	196.74	60	115.18
835	142.42	10.73	59	98.84
836	124.98	116.01	57	29.67
837	195.42	123.76	56	98.33
Drivers: 11
id	x	y	end	sensitivity
803	3.73	192.08	55	1.94
804	185.17	73.59	56	1.17
805	89.26	117.15	56	1.52
806	99.9	62.73	58	1.91
807	91.86	41.44	56	0.87
808	25.98	165.97	55	1.25
809	89.74	54.14	56	1.93
810	63.94	45.57	56	1.8
811	171.26	4.93	57	1.61
812	56.95	175.79	57	0.81
813	45.93	168.26	57	1.58
Period: 56
Tasks:13
id	x	y	end	c
838	134.68	68.03	59	47.17
839	56.69	139.31	58	58.49
840	162.89	179.68	57	101.51
841	17.93	152.36	59	97.35
842	28.12	175.1	60	103.96
843	142.46	9.47	61	99.99
844	172.65	158.02	57	92.97
845	180.04	173.04	56	108.36
846	158.7	46.02	58	79.75
847	65.02	80.13	61	40.23
848	92.88	102.05	59	7.41
849	66.47	174.2	59	81.42
850	6.12	185.96	63	127.29
Drivers: 11
id	x	y	end	sensitivity
814	177.69	164.07	56	1.71
815	87.56	113.9	58	0.8
816	49.21	62.56	57	1.22
817	160.5	192.22	57	1.01
818	177.51	108.33	58	0.56
819	136.56	102.68	59	1.1
820	51.13	158.33	56	1.8
821	73.42	54.21	58	1.33
822	150.55	20.25	59	1.05
823	9.47	147.39	56	1.4
824	21.86	1.68	56	1.81
Period: 57
Tasks:14
id	x	y	end	c
851	24.34	117.68	62	77.7
852	124.08	20.01	59	83.54
853	10.97	172.14	60	114.59
854	180.02	140.06	59	89.49
855	130.44	71.08	63	41.99
856	129.38	52.83	59	55.57
857	12.45	44.39	59	103.72
858	198.43	19.97	59	126.86
859	77.99	127.11	57	34.92
860	69.39	0.21	61	104.38
861	128.95	173.37	60	78.87
862	179.42	20.2	61	112.59
863	70.15	101.95	60	29.91
864	40.84	143.94	61	73.69
Drivers: 11
id	x	y	end	sensitivity
825	182.98	40.22	58	1.34
826	152.1	149.3	57	1.29
827	80.94	167.2	58	1.54
828	179.55	29.67	57	1.39
829	109.67	42.88	58	1.96
830	162.82	171.26	60	1.44
831	34.25	99.01	58	1.04
832	160.59	18.11	59	0.74
833	75.52	130.17	58	0.76
834	148.48	37.5	59	1.21
835	55.9	61.88	58	1.22
Period: 58
Tasks:15
id	x	y	end	c
865	118.05	29.06	61	73.2
866	53.98	138.26	63	59.85
867	113.16	40.95	62	60.5
868	131.11	141.6	60	51.95
869	178.96	94.71	62	79.14
870	17.48	103.02	60	82.58
871	17.7	84.18	61	83.81
872	167.87	85.06	60	69.49
873	173.12	19.02	60	109.11
874	32.51	119.33	60	70.2
875	157.22	107.27	60	57.68
876	93.33	15.64	61	84.62
877	69.41	51.92	62	56.99
878	96.31	26.3	62	73.79
879	52.75	31.14	66	83.51
Drivers: 21
id	x	y	end	sensitivity
836	55.98	191.38	58	1.5
837	109.57	142.52	59	0.82
838	100.41	43.12	58	1.41
839	3.14	78.94	58	1.79
840	126.53	174.32	58	1.13
841	189.2	180.76	58	0.73
842	181.5	171.86	60	0.5
843	61.35	179.25	58	0.83
844	106.48	179.63	59	1.83
845	161.63	95.09	59	1.32
846	180.97	13.13	60	1.78
847	162.06	76.72	59	1.08
848	198.89	108.92	59	0.77
849	19.49	85.9	61	0.78
850	3.54	167.43	59	1.34
851	20.7	142.73	60	1.08
852	138.06	154.88	58	0.95
853	193.69	4.87	59	1.25
854	96.65	59.94	59	1.11
855	1.82	193.24	59	1.12
856	105.79	178.45	60	0.7
Period: 59
Tasks:14
id	x	y	end	c
880	16.96	21.55	65	114.24
881	73.88	21.66	63	82.58
882	60.25	46.55	61	66.61
883	46.55	191.35	63	105.84
884	117.18	185.86	65	87.56
885	123.29	86.88	62	26.73
886	129.21	17.93	59	87.11
887	167.69	133.08	61	75.34
888	142.36	24.58	61	86.5
889	92.36	198.04	59	98.34
890	105.37	75.11	63	25.46
891	182.46	88.52	63	83.26
892	132.46	185.29	60	91.26
893	185.33	14.51	60	120.79
Drivers: 12
id	x	y	end	sensitivity
857	78.37	143.08	60	0.61
858	57.81	101.31	60	0.81
859	14.77	47.04	61	1.7
860	112.76	121.3	60	0.52
861	16.01	68.17	59	0.53
862	187.93	38.01	61	1.81
863	166.14	28.05	61	0.76
864	116.26	146.41	60	1.29
865	140.9	26.62	60	1.77
866	14.54	184.79	59	0.83
867	58.99	179.81	60	1.72
868	172.32	10.01	60	1.83
Period: 60
Tasks:12
id	x	y	end	c
894	17.74	50.02	62	96.25
895	188.47	190.59	62	126.62
896	61.14	187.33	64	95.59
897	150.42	159.16	65	77.73
898	24.89	69.84	64	80.94
899	198.78	49.46	64	110.96
900	126.58	31.36	62	73.61
901	146.74	190.64	62	101.98
902	13.22	118.05	65	88.64
903	46.15	180.54	61	96.88
904	132.54	130.11	62	44.33
905	25.4	120.71	67	77.42
Drivers: 12
id	x	y	end	sensitivity
869	10.56	126.88	62	1.3
870	13.79	172.81	60	1.25
871	63.53	3.41	62	1.87
872	6.85	73.56	61	1.95
873	37.07	88.5	60	1.45
874	38.6	26.89	60	1.41
875	132.76	174.91	61	1.5
876	34.51	135.32	61	0.74
877	120.1	1.29	62	1.46
878	111.34	115.89	61	1.3
879	102.76	108.87	60	1.69
880	63.08	1.72	63	0.87
Period: 61
Tasks:17
id	x	y	end	c
906	180.48	46.46	64	96.66
907	65.47	184	64	90.82
908	115.74	62.38	63	40.78
909	190.89	161.75	62	109.88
910	190.14	23.96	62	117.93
911	42.41	172.96	64	92.95
912	177.8	64.07	65	85.7
913	67.69	16.09	64	89.92
914	27.75	4.44	65	119.8
915	87.07	72.44	65	30.44
916	58.77	128.26	64	49.99
917	159.65	52.27	65	76.4
918	190.89	53.85	63	101.94
919	167.92	138.51	64	78.08
920	37.7	192.32	63	111.37
921	22.52	116.65	66	79.25
922	114.71	4.09	62	97.03
Drivers: 8
id	x	y	end	sensitivity
881	52.69	143.43	61	0.62
882	101.3	103.65	61	0.55
883	63.83	29.74	62	1.29
884	62.5	124.82	62	1.99
885	185.55	64.56	64	0.91
886	21.09	27.07	62	0.61
887	96.13	53.8	61	0.84
888	113.92	35.33	67	0.81
Period: 62
Tasks:15
id	x	y	end	c
923	188.69	32.59	64	111.4
924	154.27	83.8	63	56.64
925	188.48	93.08	63	88.75
926	140.62	98.15	64	40.66
927	82.42	53.59	68	49.63
928	41.89	2.79	64	113.25
929	39.88	142	66	73.34
930	11.71	3.34	66	130.91
931	64.37	154.63	72	65.22
932	82.95	53.57	64	49.46
933	140.06	148.12	65	62.61
934	83.5	5.74	66	95.69
935	77.54	106.77	63	23.46
936	173.27	27.47	62	103.1
937	66.59	98	64	33.47
Drivers: 21
id	x	y	end	sensitivity
889	23.71	25.09	64	1.51
890	165	141.78	62	1.55
891	86.9	16.91	63	1.29
892	78.17	25.2	63	1.99
893	109.3	113.14	63	1.06
894	59.6	77.07	63	0.51
895	133.79	11.2	63	1.04
896	144.3	4.23	64	1.56
897	149.22	149.86	64	0.87
898	151.64	127.6	64	0.92
899	49.12	97.5	63	1.73
900	103.69	23.96	62	0.67
901	134.81	102.06	64	1.67
902	172.65	25.76	63	1.06
903	27.41	92.62	63	1.09
904	28.92	172.11	63	0.72
905	161.65	13.15	62	1.79
906	9.95	58.53	62	1.3
907	56.8	104.07	62	1.77
908	48.79	153.37	62	1.52
909	0.98	17.12	62	1.4
Period: 63
Tasks:17
id	x	y	end	c
938	63.83	194.92	67	101.58
939	80.51	107.4	68	20.85
940	49.54	63.12	69	62.5
941	181.23	188.14	64	119.86
942	138.83	114.4	66	41.41
943	103.08	174.86	68	74.92
944	42.53	40.52	66	82.71
945	50.84	101.2	66	49.17
946	79.55	138.78	68	43.84
947	102.3	132.81	63	32.89
948	163.47	55.45	64	77.54
949	109.83	162.95	67	63.71
950	124.11	143.76	66	49.96
951	126.04	141.96	65	49.38
952	52.82	83.95	65	49.84
953	5.52	143.1	67	103.85
954	138.33	152.47	67	64.98
Drivers: 12
id	x	y	end	sensitivity
910	190.32	193.02	64	0.81
911	1.82	73.13	65	1.29
912	182.91	107.2	64	0.96
913	170.5	165.5	65	0.75
914	160.22	20.27	63	1.59
915	81.73	183.58	63	0.65
916	196.49	9.62	64	1.23
917	180.23	20.1	63	1.67
918	80.9	25.11	63	0.84
919	112.68	104.32	64	0.91
920	187.01	133.84	64	0.62
921	98.82	123.5	65	1.43
Period: 64
Tasks:16
id	x	y	end	c
955	118.6	174.42	66	76.71
956	180.52	135.56	70	88.02
957	13.56	184.91	70	121.17
958	115.84	195.12	65	96.43
959	107.59	2.39	66	97.9
960	54.19	183.73	68	95.44
961	126.9	72.25	67	38.65
962	58.03	152.25	69	67.02
963	121.22	1.08	66	101.17
964	37.97	129.33	67	68.61
965	154.71	166.1	64	85.8
966	154.48	85.8	67	56.3
967	13.57	65.95	69	92.9
968	176.11	63.73	67	84.31
969	168.5	68.69	65	75.32
970	34.69	105.48	69	65.54
Drivers: 21
id	x	y	end	sensitivity
922	198.9	95.17	66	0.79
923	33.96	177.36	64	0.76
924	50.55	196.4	65	0.77
925	184.3	192.36	64	0.91
926	11.13	33.25	66	0.62
927	188.83	37.94	65	1.81
928	109.39	176.04	64	1.5
929	179.29	165.01	64	1.96
930	81.27	55.09	64	1.84
931	18.9	185.79	65	1.1
932	195.29	132.85	64	1.94
933	194.89	21.2	65	0.66
934	18.57	24.94	65	1.86
935	98.37	123.63	65	1.27
936	70.22	66.12	66	1.68
937	42.91	165.86	64	1.1
938	68.15	43.86	66	1.96
939	78.49	147.59	64	1.96
940	35.82	25.56	64	1.06
941	20.75	148.94	65	1.25
942	116.87	167.01	65	0.51
Period: 65
Tasks:14
id	x	y	end	c
971	27.42	60.11	70	82.82
972	171.39	100.04	66	71.39
973	176.86	98.25	69	76.88
974	109.17	31.48	67	69.13
975	61.38	58.37	67	56.79
976	140.24	114.02	69	42.61
977	108.84	3.91	67	96.5
978	132.49	139	67	50.76
979	86.37	166.68	70	68.06
980	174.35	79.44	67	77.14
981	28.74	93.63	68	71.54
982	162.82	99.51	65	62.82
983	57.97	17.47	69	92.62
984	59.32	124.49	67	47.48
Drivers: 17
id	x	y	end	sensitivity
943	145.89	86.75	67	1.63
944	73.74	3.11	65	0.93
945	48.53	86.2	67	0.53
946	184.92	157.32	66	0.69
947	3.49	85.66	65	1.45
948	148.67	51.7	65	0.85
949	182.92	167.33	68	0.78
950	168.25	34.49	66	1.22
951	136.6	19.95	67	0.96
952	90.81	69.62	67	1.41
953	8.47	85.46	66	1.87
954	66.91	53.09	66	1.08
955	175.19	136.45	66	0.83
956	16.48	31.1	67	1.02
957	76.42	143.73	66	1.58
958	8.25	157.52	65	0.74
959	196.48	132.2	66	1.18
Period: 66
Tasks:15
id	x	y	end	c
985	53.35	119.29	69	50.48
986	135.28	37.94	71	71.39
987	198.39	177.48	71	125.23
988	159.06	112.53	72	60.37
989	94.7	146.2	70	46.5
990	117.81	58.4	71	45.25
991	9.09	113.07	68	91.84
992	34.5	188.9	71	110.42
993	152.56	16.4	71	98.75
994	21.46	116.32	68	80.22
995	152.64	199.63	71	112.68
996	63.34	139.17	73	53.65
997	60.13	98.02	70	39.92
998	25.43	111.27	69	75.42
999	57.89	176.94	67	87.71
Drivers: 12
id	x	y	end	sensitivity
960	151.1	143.3	67	1.05
961	123.73	127.78	66	1.16
962	109.52	45.28	66	1.99
963	80.44	38.96	66	0.99
964	154.46	80.62	67	1.94
965	38.23	88.13	68	1.79
966	47.49	58.27	67	1.91
967	177.12	124.81	68	0.51
968	186.61	47.9	66	1.37
969	176.46	117.52	66	1.36
970	29.22	33.74	66	1.12
971	197.13	191.7	68	1.63
Period: 67
Tasks:22
id	x	y	end	c
1000	144.71	39.31	71	75.38
1001	7.33	127.24	69	96.59
1002	80.81	185.29	68	87.42
1003	112.09	39.99	71	61.22
1004	167.53	29.07	70	97.94
1005	5.73	40.96	68	111.23
1006	166.45	64.82	69	75.19
1007	93.43	97.06	69	7.2
1008	104.38	60.72	69	39.52
1009	152.42	174.66	69	91.22
1010	34.86	90.14	70	65.88
1011	199.51	7.42	70	135.92
1012	90.5	38.69	71	62.04
1013	153.18	13.41	71	101.62
1014	185.17	37.42	74	105.69
1015	155.52	31.3	69	88.33
1016	186.5	94.03	72	86.71
1017	153	64.19	72	63.96
1018	5.67	91.35	73	94.73
1019	153.98	39.46	68	81.11
1020	93.69	26.59	68	73.68
1021	107.36	19.64	71	80.7
Drivers: 12
id	x	y	end	sensitivity
972	121.91	82.98	68	0.82
973	27.28	88.76	67	0.9
974	142.97	103.21	68	1.79
975	127.88	81.57	69	1.78
976	131.97	105.12	70	1.63
977	114.48	82.67	69	0.66
978	139.45	11.24	69	1.23
979	156.15	5.66	68	0.51
980	55.72	4.14	69	1.4
981	124.47	110.34	68	0.6
982	95.85	53.86	68	1.87
983	45.29	196.69	68	1.31
Period: 68
Tasks:17
id	x	y	end	c
1022	162.58	127.78	70	68.47
1023	70.1	56.71	72	52.61
1024	74.16	193.68	71	97.18
1025	122.99	113.43	69	26.63
1026	161.27	101.33	70	61.28
1027	8.81	85.53	71	92.33
1028	93.15	130.41	73	31.17
1029	32.06	68.5	70	74.89
1030	151.78	55.37	75	68.36
1031	84.37	190.48	68	91.82
1032	6.86	173.25	73	118.49
1033	114.47	31.68	69	69.84
1034	165.81	91.88	73	66.31
1035	65.75	178.19	69	85.36
1036	12.92	119.71	71	89.28
1037	91.5	22.52	71	77.94
1038	73.83	128.86	68	38.96
Drivers: 11
id	x	y	end	sensitivity
984	180.74	38.59	70	1.89
985	43.23	66.02	69	1.8
986	126.18	83.91	69	1.13
987	83.82	187	68	1.32
988	66.08	58.31	68	1.82
989	170.05	32.12	68	1.93
990	174.75	10.22	72	1.48
991	159.66	121.36	68	1.2
992	172.77	36.9	70	1.17
993	48.55	69.74	70	1.28
994	106.21	10.24	68	1.16
Period: 69
Tasks:11
id	x	y	end	c
1039	160.72	187.59	72	106.58
1040	18.69	173.26	71	109.45
1041	154.66	86.79	77	56.23
1042	182.2	63.22	71	90.05
1043	67.8	95.93	73	32.46
1044	67.81	171.18	72	78.12
1045	21.4	48.69	76	93.87
1046	61.09	13.12	72	95.2
1047	186.38	164.97	74	108.09
1048	102.5	38.51	70	61.54
1049	178.34	118.95	72	80.6
Drivers: 18
id	x	y	end	sensitivity
995	84.2	57.25	70	1.24
996	160.57	45.33	69	1.73
997	180.86	170.88	71	1.2
998	181.82	138.12	71	1.73
999	54.51	20.57	69	0.89
1000	109.35	21.54	70	1.8
1001	9.52	72.61	73	1.48
1002	69.6	129.98	70	1.09
1003	21.52	122.53	69	1.14
1004	26.09	40.64	69	1.19
1005	53.62	167.55	69	1.25
1006	99.37	8.62	70	0.51
1007	19.81	72.69	70	1.24
1008	83.48	49.36	70	1.83
1009	187.78	131.56	69	1.24
1010	37.09	121.64	70	1.15
1011	91.02	62.69	70	1.45
1012	99.67	156.34	71	0.6
Period: 70
Tasks:14
id	x	y	end	c
1050	78.71	110.05	74	23.54
1051	110.74	118.29	73	21.21
1052	71.02	36.09	77	70.17
1053	33.08	127.27	74	72.26
1054	108.89	18.84	73	81.65
1055	165.03	172.22	71	97.18
1056	76.51	75.52	70	33.93
1057	95.46	138.86	74	39.12
1058	133.02	153.06	73	62.5
1059	118.09	122.86	72	29.15
1060	126.15	29.07	72	75.6
1061	162.76	60.93	72	73.93
1062	21.66	78.48	77	81.24
1063	153.07	174.13	72	91.17
Drivers: 13
id	x	y	end	sensitivity
1013	177.9	26.33	70	1.63
1014	175.22	47.8	71	1.9
1015	0.76	34.62	70	1.24
1016	79.05	195.17	70	1.13
1017	101.75	47.36	71	0.52
1018	129.82	82.38	71	1.07
1019	125.23	195.39	72	0.76
1020	140.63	198.28	71	1.13
1021	55.31	173.68	71	0.93
1022	8.46	59.65	70	0.98
1023	17.84	166.79	70	1.67
1024	38.11	29.74	71	1.15
1025	15.98	25.53	70	1.82
Period: 71
Tasks:11
id	x	y	end	c
1064	137.2	86.55	80	39.56
1065	104.33	198.8	74	98.89
1066	41.33	86.89	75	60.12
1067	35.43	170.46	71	95.57
1068	26.28	112.95	76	74.85
1069	115.11	160.82	75	62.67
1070	153.24	51.64	75	71.92
1071	49.26	154.14	75	74.2
1072	165.77	54.82	76	79.79
1073	30.22	23.11	74	103.83
1074	179	188.29	75	118.47
Drivers: 14
id	x	y	end	sensitivity
1026	68.04	37.18	73	1.59
1027	100.21	139.94	71	1.01
1028	87.14	125.47	72	0.58
1029	35	48.01	72	0.63
1030	22.49	115.18	73	1.47
1031	145.11	171.75	71	1.52
1032	128.77	83.55	73	1.92
1033	61.71	5.78	73	1.55
1034	188.07	167.86	75	0.89
1035	112.75	20.72	73	0.9
1036	8.27	132.41	71	1.38
1037	50.92	28.48	71	1.76
1038	41.97	86.22	72	1.06
1039	44.46	150.26	72	1.68
Period: 72
Tasks:20
id	x	y	end	c
1075	49.75	128.98	76	58.01
1076	7.89	103.7	75	92.18
1077	171.38	157.29	76	91.53
1078	158.9	193.16	76	110.22
1079	160.53	120.4	73	63.88
1080	86.04	61.85	72	40.62
1081	145.6	127.17	75	53.08
1082	132.93	74.02	75	41.94
1083	138.65	16.6	75	91.92
1084	82.24	87.44	72	21.75
1085	30.83	23.13	73	103.41
1086	110.85	110.69	74	15.23
1087	158.25	75.22	74	63.3
1088	74.64	80.85	74	31.78
1089	49.57	64.52	78	61.66
1090	195.46	185.7	74	128.29
1091	159.47	113.14	78	60.9
1092	190.1	143.44	72	100.03
1093	126.43	186.44	76	90.39
1094	73.01	12.8	73	91.28
Drivers: 16
id	x	y	end	sensitivity
1040	157.48	13.65	73	1.2
1041	179.61	188.33	73	1.24
1042	2.63	14.98	75	0.7
1043	92.64	80.46	72	1.69
1044	71.63	195.28	74	1.87
1045	64.73	122.59	74	1.99
1046	88.18	135.29	72	0.93
1047	167.89	4.1	72	0.76
1048	199.61	6.64	73	0.88
1049	166.89	56.56	72	1.04
1050	135.13	192.16	72	1.97
1051	30.7	139.35	74	1.92
1052	33.56	176.87	73	0.77
1053	101.07	9.97	75	1.76
1054	49.25	117.63	72	1.64
1055	198.53	94.38	73	1.05
Period: 73
Tasks:12
id	x	y	end	c
1095	159.89	69.07	76	67.41
1096	196.42	180.46	75	125.58
1097	169.57	122.41	75	73.09
1098	187.06	91.47	77	87.48
1099	64.34	106.55	77	36.26
1100	63.74	109.52	76	37.49
1101	150.9	37.91	78	80.29
1102	137.18	30.96	78	78.41
1103	192.64	132.91	78	98.31
1104	60.86	80.3	75	43.82
1105	178.3	131.46	74	84.38
1106	28.96	49.63	75	87.09
Drivers: 13
id	x	y	end	sensitivity
1056	118.81	192.21	74	0.57
1057	189.81	1.85	77	0.72
1058	3.64	6.5	73	1.33
1059	32.23	40.19	75	1.92
1060	159.16	150.88	74	1.08
1061	92.77	127.08	74	1.75
1062	111.3	54.02	76	1.69
1063	165.57	76.51	74	0.97
1064	79.5	125.16	74	1.7
1065	142.27	166.39	73	0.82
1066	45.83	64.64	74	1.84
1067	56.69	39.44	73	1.28
1068	83.33	146.02	73	0.99
Period: 74
Tasks:17
id	x	y	end	c
1107	170.13	156.48	77	90.05
1108	193.18	80.5	77	95.2
1109	187.95	195.46	75	129.8
1110	167.38	130.74	75	74.06
1111	61.19	59.08	77	56.4
1112	106.41	140.77	76	41.27
1113	32.32	51.36	78	83.35
1114	8.62	182.74	76	123.27
1115	28.95	23.4	78	104.48
1116	73.72	48.6	76	57.73
1117	180.27	20.46	75	113
1118	92.95	166.47	79	66.84
1119	104.14	14.25	75	85.85
1120	159.32	92.21	74	59.83
1121	147.94	164.31	79	80.21
1122	105.61	172.94	79	73.16
1123	82.72	106.54	78	18.48
Drivers: 10
id	x	y	end	sensitivity
1069	2.91	78.31	76	0.57
1070	57.98	2.73	75	1.97
1071	94.54	9.56	74	1.24
1072	71.77	139.34	74	1.59
1073	165.8	129.47	74	0.76
1074	85.1	11.95	74	1.94
1075	154.81	102.21	75	0.65
1076	59.78	16.7	75	0.92
1077	101.16	18.31	78	1.48
1078	155.27	78.3	74	0.56
Period: 75
Tasks:19
id	x	y	end	c
1124	158.94	71.54	77	65.45
1125	121.45	157.19	78	61.08
1126	39.07	144.93	78	75.7
1127	111.5	111.95	79	16.58
1128	17.41	7.03	79	124.36
1129	174.79	52.11	77	88.81
1130	2.99	20.17	76	125.63
1131	179.8	192.55	77	122.2
1132	147.85	43.18	77	74.28
1133	122.98	58.94	77	47.05
1134	13.11	74.35	75	90.6
1135	90.42	123.99	76	25.83
1136	51.07	80.64	77	52.62
1137	41.13	121.26	77	62.59
1138	125.97	55.26	78	51.73
1139	171.87	126.05	76	76.45
1140	145.76	130.77	77	55.14
1141	98.23	28.74	83	71.28
1142	158.13	156.66	78	81.18
Drivers: 14
id	x	y	end	sensitivity
1079	7.52	109.09	78	1.35
1080	37.09	11.3	76	0.64
1081	15.26	64.15	75	1.66
1082	64.38	147.06	75	1.29
1083	122.39	143.44	78	1.24
1084	179.88	95.75	77	0.51
1085	60.52	47.93	75	1.53
1086	157.35	106.21	75	0.91
1087	168.95	192.81	75	1.62
1088	98.04	34.04	77	0.66
1089	74.78	40.78	76	1.19
1090	173.18	61.04	75	1.6
1091	182.04	114.57	75	0.77
1092	62.59	194.54	76	1.2
Period: 76
Tasks:13
id	x	y	end	c
1143	152.23	123.86	79	57.42
1144	65.77	127.1	79	43.66
1145	179.14	162.25	79	100.69
1146	111.68	110.87	78	15.96
1147	18.56	155.73	77	98.68
1148	118.26	157.3	80	60.14
1149	190.76	117.48	81	92.43
1150	19.8	148.02	79	93.48
1151	36.94	47.63	81	81.97
1152	25.05	161.13	79	96.72
1153	179.48	42.64	77	98.02
1154	164.09	129.72	80	70.65
1155	191.52	54.68	77	102.13
Drivers: 7
id	x	y	end	sensitivity
1093	84.71	43.18	76	1.87
1094	72.55	106.91	76	0.81
1095	116.12	8.59	76	1.95
1096	191.48	147.86	76	1.77
1097	37.65	152.65	76	0.76
1098	9.65	15.92	77	0.71
1099	179.97	23.95	79	1.3
Period: 77
Tasks:13
id	x	y	end	c
1156	24.11	29.38	80	103.67
1157	161.78	69.18	81	69.04
1158	28.11	39.76	80	93.79
1159	194.93	103.32	83	94.99
1160	173.81	179.09	78	108.18
1161	28.97	161.27	81	93.8
1162	193.44	120.14	78	95.59
1163	2.7	141.06	78	105.61
1164	140.35	161.54	80	73.59
1165	177.43	53.18	78	90.48
1166	153.34	106.15	81	53.69
1167	69.38	97.95	81	30.69
1168	8.98	62.45	79	98.46
Drivers: 18
id	x	y	end	sensitivity
1100	88.25	35.9	79	1.83
1101	140.61	17.56	80	0.78
1102	178.33	66.74	77	1.11
1103	119.54	113.84	79	0.87
1104	144.28	187.41	78	1.97
1105	78.04	24.21	78	1.53
1106	91.76	26.96	78	0.98
1107	39.93	24.77	77	1.06
1108	174.89	62.03	79	1.12
1109	59.51	133.1	79	1.54
1110	175.74	80.01	78	1.75
1111	124.78	80.09	77	0.57
1112	74.32	188.84	78	1.62
1113	16.92	71.98	80	1.27
1114	33.91	155.59	78	1.18
1115	28.72	187.36	84	0.65
1116	63.51	50.04	78	1.87
1117	113.9	25.36	78	1.24
Period: 78
Tasks:13
id	x	y	end	c
1169	95.14	112.67	81	13.57
1170	183.16	170.61	83	109.09
1171	88.71	104.64	82	12.21
1172	141.46	175.83	80	86.42
1173	140.35	139.8	82	56.68
1174	192.85	70.58	82	97.4
1175	146.8	9.32	80	102.04
1176	172.5	34.17	78	97.93
1177	11.8	16.48	82	121.47
1178	31.58	48.93	86	85.38
1179	118.4	41.85	84	60.99
1180	2.72	157.75	79	113.13
1181	51.49	10.53	80	101.77
Drivers: 4
id	x	y	end	sensitivity
1118	103.26	40.44	79	0.98
1119	191.55	63.07	78	1.88
1120	58.51	107.97	78	0.79
1121	19.26	94.53	79	0.94
Period: 79
Tasks:19
id	x	y	end	c
1182	113.34	110.97	84	17.27
1183	57.02	27.98	80	83.87
1184	174.16	199.42	85	124.03
1185	113.44	162.31	80	63.74
1186	15.07	168.99	84	109.42
1187	5.16	141.68	85	103.59
1188	74.14	159.09	80	64.5
1189	110.75	181.85	82	82.55
1190	96.88	104.64	81	5.59
1191	72.48	127.82	81	39.13
1192	112.73	197.52	86	98.35
1193	129.08	102.34	82	29.17
1194	138.5	110.78	80	39.98
1195	195.72	29.35	81	118.97
1196	40.93	167.77	82	89.9
1197	43.4	105.36	80	56.85
1198	125.9	18.09	80	85.91
1199	105.27	123.8	80	24.38
1200	49.06	166.69	82	83.92
Drivers: 9
id	x	y	end	sensitivity
1122	68.19	97.55	80	1.05
1123	125.74	133.68	79	1.5
1124	34.03	43.71	81	0.83
1125	131.26	9.33	80	0.62
1126	197.03	127.64	80	1.48
1127	181.62	0.47	79	1.2
1128	82.15	99.26	80	1.5
1129	87.64	82.56	83	1.09
1130	51.94	94.76	79	0.93
Period: 80
Tasks:17
id	x	y	end	c
1201	176.41	92.09	84	76.82
1202	145.37	95.58	81	45.58
1203	59.27	115.33	83	43.52
1204	112.13	107.27	80	14.14
1205	175.5	76.71	83	79.01
1206	25.56	177.35	85	107.35
1207	0.38	196.95	84	139.01
1208	174.39	94.12	85	74.62
1209	26.77	107.69	85	73.63
1210	128.69	130.24	81	41.68
1211	191.53	106.6	84	91.77
1212	100.25	136.7	83	36.7
1213	99.03	69.37	81	30.65
1214	107.27	46.23	83	54.26
1215	132.68	116.53	83	36.62
1216	33.94	99.05	85	66.07
1217	115.59	156.83	83	58.93
Drivers: 14
id	x	y	end	sensitivity
1131	136.3	19.05	82	1.71
1132	7.29	6.43	81	1.53
1133	161.74	41.84	82	1.6
1134	43.27	29.19	82	1.71
1135	73.71	174.21	83	0.61
1136	32.14	103.52	81	1.56
1137	5.56	87.51	82	1.44
1138	169.54	33.37	80	1.37
1139	168.97	184.9	80	1.61
1140	115.85	197.6	80	1.02
1141	145.62	22.75	80	1.33
1142	79.15	45.02	82	0.97
1143	90.43	26.84	80	1.04
1144	114.95	136.83	82	0.7
Period: 81
Tasks:9
id	x	y	end	c
1218	108.01	188.31	83	88.67
1219	32.33	74.76	82	72.22
1220	152.89	0.09	83	113.05
1221	199.49	194.79	88	137.42
1222	116.12	182.18	86	83.75
1223	60.97	56.37	86	58.54
1224	9.01	54.55	84	101.71
1225	29.37	141.97	82	82.16
1226	106.55	71.26	87	29.48
Drivers: 11
id	x	y	end	sensitivity
1145	137.17	9.97	82	0.69
1146	127.05	192.52	82	0.76
1147	108.76	104.88	81	0.71
1148	31.3	103.91	82	1.82
1149	101.35	87.82	85	1.42
1150	90.74	85.66	83	1.38
1151	184.13	129.06	84	0.58
1152	133.8	179.22	82	0.84
1153	35.58	174.03	82	1.27
1154	108.74	167.33	82	0.75
1155	186.54	130.49	82	1.9
Period: 82
Tasks:12
id	x	y	end	c
1227	117.95	60.91	87	43.01
1228	81.7	178.39	85	80.5
1229	23.59	197.04	84	123.51
1230	132.94	17.36	87	88.96
1231	14.97	169.72	86	109.96
1232	36	163.32	83	90.03
1233	28.41	180.01	86	107.36
1234	41.98	186.43	88	104.1
1235	97.63	31.55	85	68.49
1236	170.15	9.47	83	114.53
1237	154.1	26.3	87	91.42
1238	111.72	67.67	84	34.39
Drivers: 14
id	x	y	end	sensitivity
1156	189.83	195.98	82	1.94
1157	29.53	19.01	84	1.57
1158	13.73	137.03	84	0.98
1159	45.89	77.74	82	1.25
1160	152.11	166.11	84	1.09
1161	17.38	188.69	83	1.78
1162	198.17	48.56	85	1.91
1163	120.26	172.56	83	1.83
1164	168.13	163.01	85	1.73
1165	72.3	143.12	83	1.86
1166	148.46	158.39	82	1.12
1167	33.5	77.58	83	0.97
1168	61.05	161.76	84	0.97
1169	91.7	2.07	82	1.32
Period: 83
Tasks:10
id	x	y	end	c
1239	132.14	155.63	84	64.25
1240	79.71	134.71	87	40.21
1241	85.43	106.85	84	16.1
1242	161.87	146.48	84	77.38
1243	3.63	92.13	87	96.69
1244	135.05	5.99	84	100.33
1245	173.96	109.23	83	74.53
1246	180.64	13.54	84	118.23
1247	195.28	25.45	88	120.98
1248	16.85	181.47	87	116.41
Drivers: 16
id	x	y	end	sensitivity
1170	160.89	105.67	84	0.74
1171	146.8	55.97	85	0.73
1172	160.72	163.14	85	1.3
1173	77.65	61.54	84	1.03
1174	94.19	86.56	84	1.57
1175	199.36	98.28	84	0.98
1176	84.94	102.92	84	1.5
1177	152.79	137.83	84	1.81
1178	133.14	80.62	83	0.98
1179	199.27	143.64	84	1.68
1180	163.74	158.86	83	1.65
1181	111.78	184.55	84	0.58
1182	32.32	152.56	83	1.22
1183	28.15	176.65	85	0.66
1184	59.64	93.76	85	1.9
1185	154.08	54.02	84	1.65
Period: 84
Tasks:25
id	x	y	end	c
1249	46.1	35.75	89	83.86
1250	27.01	71.7	89	78.28
1251	98.73	179.24	84	79.25
1252	38.68	88.63	87	62.37
1253	81.52	0.33	89	101.37
1254	98.14	92.97	88	7.27
1255	162.86	139.34	89	74.16
1256	15.21	14.25	86	120.59
1257	183.02	136.6	86	90.73
1258	43.01	191.74	87	108
1259	127.38	20.98	85	83.63
1260	195.37	74	85	98.85
1261	123.74	95.83	87	24.1
1262	65.1	174.46	86	82.23
1263	45.72	129.35	85	61.71
1264	147.68	35.72	84	80.03
1265	37.39	8.64	85	110.75
1266	100.19	19.35	89	80.65
1267	127.75	191.87	87	95.97
1268	46.22	22.03	88	94.72
1269	121.56	85.6	85	25.93
1270	194.37	61.38	87	101.97
1271	47.67	104.4	85	52.51
1272	137.77	129.51	87	47.93
1273	12.71	33.83	86	109.54
Drivers: 9
id	x	y	end	sensitivity
1186	49.99	58.4	85	0.66
1187	112.81	183.35	84	1.62
1188	123.76	172.36	85	1.2
1189	178.53	30.33	85	1.99
1190	72.73	10.67	84	1.31
1191	167.38	166.27	84	0.63
1192	97.42	114.87	84	1.16
1193	130.06	30.58	85	1.16
1194	151.79	16.89	84	1.11
Period: 85
Tasks:9
id	x	y	end	c
1274	64.37	152.23	89	63.23
1275	47.37	119.88	91	56.26
1276	107.03	47.3	92	53.17
1277	144.52	34.97	86	78.81
1278	8.33	19.86	89	121.76
1279	40.1	77.03	88	64.15
1280	47.74	22.56	89	93.42
1281	71.21	101.01	92	28.81
1282	100.05	142.64	87	42.64
Drivers: 13
id	x	y	end	sensitivity
1195	122.2	101.57	87	0.92
1196	158.21	53.46	87	1.89
1197	85.4	147.2	86	1.44
1198	55.54	186.21	86	0.9
1199	187.48	61.21	86	0.56
1200	41.9	174.88	87	0.93
1201	192.57	83.81	85	1.07
1202	110.91	157.58	87	1.6
1203	178.01	125.68	86	0.91
1204	101.57	155.28	87	0.75
1205	169.29	143.01	86	1.85
1206	132.42	34.18	88	1.06
1207	131.9	23.9	86	1.73
Period: 86
Tasks:14
id	x	y	end	c
1283	41.53	128.81	87	65.18
1284	45	120.54	92	58.71
1285	115.56	178.3	89	79.83
1286	50.8	105.5	89	49.51
1287	95.24	115.58	86	16.29
1288	2.59	86.55	87	98.33
1289	124.83	52.98	89	53.17
1290	38.69	53.26	90	77.09
1291	17.83	71.62	89	86.93
1292	41.93	65.6	87	67.49
1293	91.09	72.34	90	29.06
1294	12.67	156.73	95	104.14
1295	36.85	192.54	89	112.03
1296	57.81	176.93	91	87.74
Drivers: 17
id	x	y	end	sensitivity
1208	67.05	185.78	86	1.12
1209	97.18	112.61	87	0.51
1210	101.25	90.97	87	0.53
1211	5.44	21.7	87	0.75
1212	177.11	44.81	87	1.11
1213	51.56	78.16	88	0.89
1214	20.4	100.31	87	1.29
1215	95.08	196.24	86	0.58
1216	78.86	103.69	88	0.99
1217	39.84	16.9	87	0.83
1218	100.68	170.51	86	1.46
1219	62.38	6.69	87	1.55
1220	2.63	9.18	86	1.32
1221	61.79	69.75	88	1.02
1222	130.65	175.43	88	0.57
1223	84.49	82.7	87	1.57
1224	115.3	21.51	87	0.72
Period: 87
Tasks:11
id	x	y	end	c
1297	150.19	127.97	89	57.46
1298	124.75	50.8	89	55.07
1299	58.87	166.52	89	78.21
1300	3.75	194.29	89	134.74
1301	191.71	167.93	89	114.13
1302	89.64	130.71	88	32.41
1303	184.04	132.01	90	89.93
1304	19.36	132.55	90	86.96
1305	80.05	120.03	88	28.27
1306	119.71	181.08	90	83.44
1307	177.28	63	90	85.68
Drivers: 13
id	x	y	end	sensitivity
1225	84.62	52.94	89	0.79
1226	84.46	20.34	88	1.59
1227	95.39	104.73	88	1.79
1228	19.71	113.53	87	1.11
1229	0.98	73.67	87	0.98
1230	70.92	72.96	90	0.93
1231	113.19	101.23	90	1.68
1232	140.3	57	89	1.3
1233	11.99	48.97	88	1.17
1234	37.51	4.17	88	1.17
1235	7.26	2.99	88	1.6
1236	94.35	73.01	87	1.73
1237	120.03	164.02	90	1.4
Period: 88
Tasks:15
id	x	y	end	c
1308	97.92	147.25	92	47.3
1309	21.85	35.2	88	101.52
1310	3.65	122.17	91	98.87
1311	6.87	92.18	94	93.46
1312	188.04	100.67	89	88.04
1313	47.44	108.83	95	53.3
1314	2.5	150.39	92	109.75
1315	74.07	175.94	90	80.24
1316	44.73	47.4	89	76.3
1317	21.47	144.14	91	90.08
1318	91.69	149.78	89	50.47
1319	120.47	69.23	91	36.96
1320	62.02	179.98	91	88.54
1321	133.96	92.95	92	34.68
1322	110.36	45.42	92	55.55
Drivers: 23
id	x	y	end	sensitivity
1238	173.75	178.85	89	1.7
1239	3.44	42.73	88	1.51
1240	180.86	149.49	89	1.26
1241	58.37	26.89	89	1.13
1242	29.66	87.36	88	1.05
1243	147.19	30.71	89	1.55
1244	45.47	62.39	90	1.86
1245	45.53	146.87	88	1.14
1246	100.51	25.28	89	0.73
1247	2.48	26.21	90	1.92
1248	73.15	175.55	88	1.34
1249	181.72	104.48	89	1.7
1250	24.94	126.43	88	1.03
1251	141.7	116.44	88	1.72
1252	1	52	88	1.2
1253	181.43	115.66	88	1.39
1254	52.65	64.48	89	1.5
1255	84.09	182.28	88	0.96
1256	62.31	39.23	90	1.29
1257	166.75	47.09	88	1.32
1258	5.26	151.81	90	1.22
1259	180.03	28.59	88	0.58
1260	121.23	68.31	88	0.88
Period: 89
Tasks:15
id	x	y	end	c
1323	52.09	58.9	93	63.12
1324	78	86.6	91	25.76
1325	179.52	74.58	90	83.48
1326	98.76	19.78	95	80.23
1327	120.55	131.25	93	37.4
1328	65.87	154.52	94	64.32
1329	9.86	87.71	90	90.97
1330	128.88	182.67	93	87.57
1331	32.1	86	90	69.33
1332	166.23	166.6	93	93.93
1333	38.15	45.54	92	82.41
1334	192.63	155.03	91	107.74
1335	78.65	59.99	91	45.35
1336	36.61	135.6	89	72.7
1337	90.01	99.45	91	10.01
Drivers: 18
id	x	y	end	sensitivity
1261	177.92	40.62	90	1.3
1262	116.89	78.54	90	1.19
1263	187.84	10.28	89	1.87
1264	31.94	173.33	89	1.9
1265	159.75	145.11	90	0.93
1266	148.76	197.72	91	1.08
1267	169.3	25.16	93	0.64
1268	126.62	164.65	90	0.92
1269	135.98	102.49	90	0.88
1270	28.36	163.55	92	0.64
1271	175.23	7	89	1.79
1272	140.27	67.52	90	1.69
1273	110.31	67.11	89	0.75
1274	119.45	179.91	91	1.06
1275	162.45	2.63	90	1.4
1276	102.56	184.87	89	1.42
1277	178.33	156.87	91	1.88
1278	164.4	138.96	91	1.48
Period: 90
Tasks:15
id	x	y	end	c
1338	65.91	158.84	92	68
1339	1.52	46.23	93	112.2
1340	167.07	75.69	91	71.34
1341	18.95	165.54	94	104.23
1342	28.41	54.29	92	84.94
1343	150.89	12.61	91	101.13
1344	174.17	94.04	92	74.41
1345	1.5	83.95	93	99.8
1346	69.67	181.56	90	87.02
1347	0.79	153.18	95	112.56
1348	144.43	131.19	95	54.28
1349	164.79	71.42	94	70.81
1350	67.05	117.55	93	37.33
1351	91.51	155.95	93	56.59
1352	164.92	69.22	93	71.85
Drivers: 23
id	x	y	end	sensitivity
1279	98.35	71.61	90	1.07
1280	56.1	6.16	91	0.73
1281	176.64	52.17	92	0.87
1282	20.55	21.94	91	1.85
1283	85.91	12.27	92	1.76
1284	107.66	196.1	90	1.31
1285	192.16	3.63	90	1.58
1286	193	31.79	93	0.72
1287	53.36	161.77	91	1.87
1288	175.25	183.52	92	0.77
1289	113.67	89.04	92	0.84
1290	189.38	122.45	93	0.98
1291	44.28	12.82	92	1.22
1292	70.25	94.18	90	1.04
1293	101.81	109.63	90	1.07
1294	152.01	173.3	90	1.77
1295	82.76	63.73	91	0.67
1296	179.7	13.96	91	0.74
1297	30.63	111.95	92	1.95
1298	184.42	177.12	92	1.53
1299	28.22	89.98	91	0.81
1300	124.26	156.94	90	1.92
1301	129.31	8.34	90	1.57
Period: 91
Tasks:15
id	x	y	end	c
1353	38.31	27.04	96	95.54
1354	67.98	82.94	93	36.28
1355	133.7	172.18	93	79.66
1356	116.16	143.76	93	46.65
1357	120.94	185.3	91	87.83
1358	171.82	110.41	96	72.57
1359	9.87	77.53	94	92.89
1360	147.7	59.5	96	62.57
1361	114.6	168.75	93	70.28
1362	107.78	162.21	93	62.69
1363	93.33	42.26	93	58.12
1364	19.72	197.26	95	126.11
1365	41.91	7.1	95	109.57
1366	189.76	82.78	94	91.4
1367	30.85	57.91	94	80.95
Drivers: 20
id	x	y	end	sensitivity
1302	169.63	33.07	91	0.53
1303	21.57	80.26	93	1.35
1304	89.24	83.72	92	1.69
1305	160.87	163.5	93	0.78
1306	79.19	11.3	91	1.94
1307	150.3	184.04	93	0.52
1308	61.82	152.22	93	1.13
1309	167.32	177.64	91	1.33
1310	143.62	121.73	92	1.67
1311	53.9	154.06	93	0.61
1312	155.44	131.63	94	0.58
1313	154.39	95.15	91	1.39
1314	108.22	12.87	91	1.96
1315	3.5	141.02	91	1.62
1316	199.43	84.26	94	1.58
1317	131.23	1.81	93	0.68
1318	41.87	117.32	91	0.87
1319	193.81	176.56	92	1.54
1320	21.08	66.04	91	1.49
1321	106.73	156.89	93	1.18
Period: 92
Tasks:13
id	x	y	end	c
1368	182.3	19.68	94	115
1369	121.61	94.23	95	22.37
1370	158.88	179.95	95	99.29
1371	173.09	125.46	96	77.4
1372	174.03	46.98	96	91.06
1373	63.71	65.61	95	50
1374	9.2	115.12	96	92.05
1375	15.81	37.39	96	104.92
1376	110.62	143.92	94	45.19
1377	56.49	134.25	94	55.37
1378	53.34	176.85	94	89.91
1379	3.49	66.79	96	102.06
1380	169.86	14.67	93	110.28
Drivers: 14
id	x	y	end	sensitivity
1322	128.15	100.53	93	1.04
1323	115.51	195.47	92	1.48
1324	22.05	99.95	93	1.1
1325	75.88	153.84	93	1.4
1326	64.42	71.32	94	0.71
1327	158.04	73.08	94	1.27
1328	96.24	49.31	95	1.09
1329	189.94	152.47	92	1.95
1330	112.84	75.22	93	1.33
1331	33.32	48.29	93	0.65
1332	143.37	28.98	93	1.28
1333	132.64	69.37	94	1.98
1334	9.05	105.51	94	1.03
1335	175.35	16.49	95	1.98
Period: 93
Tasks:7
id	x	y	end	c
1381	109.48	199.57	99	100.02
1382	155.57	194.22	94	109.39
1383	131.29	51.4	95	57.8
1384	152.21	175.58	93	91.86
1385	163.56	68.74	95	70.83
1386	131.72	102.04	94	31.79
1387	143.6	188.83	98	98.95
Drivers: 12
id	x	y	end	sensitivity
1336	101.5	168.58	94	1.87
1337	70.32	32.55	95	1.67
1338	22.25	30.25	93	0.51
1339	199.73	79.18	93	1.91
1340	176.33	18.71	94	0.88
1341	124.48	174.7	94	1.89
1342	118.64	156.03	94	1.95
1343	145.48	120.88	95	1.7
1344	57.64	19.65	95	1.88
1345	174.1	185.89	93	0.53
1346	53.35	137.34	96	1.1
1347	95.49	4.48	93	1.1
Period: 94
Tasks:16
id	x	y	end	c
1388	62.57	115.93	96	40.68
1389	96.93	53.58	96	46.52
1390	109.82	110.42	98	14.32
1391	106.35	42.11	98	58.24
1392	65.43	155.04	99	65
1393	148.75	71.78	96	56.33
1394	27.9	39.83	100	93.91
1395	170.84	54.43	96	84.23
1396	47.16	150.28	97	72.94
1397	129.59	16.11	99	88.96
1398	154	71.2	100	61.2
1399	127.66	198.17	96	101.99
1400	174.01	87.84	96	75
1401	109.68	148.26	95	49.22
1402	178.15	78.09	100	81.16
1403	69.65	166.85	100	73.42
Drivers: 15
id	x	y	end	sensitivity
1348	166.2	82.84	95	1.76
1349	190.24	178.04	95	0.82
1350	53.53	136.62	95	1.86
1351	146.8	68.23	94	1.88
1352	54.89	44.19	96	1.49
1353	31.8	21.78	94	1.08
1354	107.43	54.4	95	1.05
1355	138.76	150.08	96	1
1356	137.93	106.22	96	0.96
1357	130.76	33.2	94	1.69
1358	50	119.71	95	1.55
1359	6.26	104.36	94	1.16
1360	20.05	62.77	94	0.91
1361	132.51	75.46	96	0.82
1362	85.21	195.86	94	0.71
Period: 95
Tasks:14
id	x	y	end	c
1404	138.13	181.86	95	90.3
1405	2.93	127.06	96	100.77
1406	33.16	101.51	99	66.86
1407	163.29	51.25	96	79.89
1408	19.59	124.92	95	84.18
1409	166.85	195.82	100	116.83
1410	94.22	163.87	100	64.13
1411	35.65	88.93	97	65.3
1412	86.16	170.71	97	72.05
1413	134.47	199.22	99	105.04
1414	150.03	65.1	97	61
1415	68.77	4.68	97	100.31
1416	22.1	102.86	97	77.95
1417	10.83	133.02	98	95.09
Drivers: 14
id	x	y	end	sensitivity
1363	170.16	57.54	99	0.89
1364	16.24	188.8	95	1.81
1365	121.53	158.53	96	1.09
1366	58.67	182.35	95	0.8
1367	37.98	177.39	95	1.05
1368	71.49	149.91	95	1.98
1369	18.16	145.65	97	1.02
1370	75.36	53.73	95	1.42
1371	86.85	181.36	96	0.9
1372	5.05	30.64	96	1.2
1373	42.21	94.71	95	1.39
1374	122.52	158.18	95	0.98
1375	29.63	170.67	97	1.45
1376	185	117.99	99	1.33
Period: 96
Tasks:11
id	x	y	end	c
1418	38.1	35.32	99	89.53
1419	62.6	67.41	99	49.61
1420	185.72	154.89	98	101.79
1421	193.14	0.49	99	136.3
1422	19.95	109.06	100	80.56
1423	19.39	59.95	101	90.01
1424	2.17	123.75	100	100.67
1425	141.88	137.87	98	56.46
1426	141.6	125.89	98	49
1427	106.06	110.17	97	11.84
1428	174.66	135.72	99	82.76
Drivers: 18
id	x	y	end	sensitivity
1377	192.58	132.99	97	1.51
1378	146.9	104.87	97	0.58
1379	185.31	76.45	96	0.71
1380	127.23	93.29	97	1.66
1381	190.16	157.77	98	0.5
1382	178.1	178.59	98	0.54
1383	114.62	129.9	97	1.73
1384	174.26	181.33	97	1.08
1385	11.52	6.68	96	0.56
1386	165.83	84.94	96	1.09
1387	67.62	10.25	96	0.53
1388	164.93	114.67	98	1.06
1389	137.94	172.29	96	1.8
1390	3.14	29.17	97	1.25
1391	7.29	54.94	97	0.79
1392	35.57	14.28	97	0.75
1393	77.49	55.71	96	0.57
1394	85.53	50.91	96	1.13
Period: 97
Tasks:14
id	x	y	end	c
1429	73.68	62.84	103	45.54
1430	36.09	169.48	98	94.4
1431	128.26	75.55	98	37.37
1432	122.66	54	102	51.28
1433	166.53	99.31	99	66.53
1434	25.29	93.33	99	75.01
1435	107.46	181.57	99	81.91
1436	161.9	78.86	101	65.41
1437	162.37	94.35	97	62.63
1438	36.6	67.9	101	71.06
1439	168.35	73.35	102	73.36
1440	36.39	162.11	100	88.9
1441	55.45	144.51	101	62.97
1442	19.89	33.8	103	103.92
Drivers: 9
id	x	y	end	sensitivity
1395	84.59	130.29	97	1.68
1396	49.61	145.6	99	1.38
1397	95.48	119.15	97	1.46
1398	80.28	45.56	98	1.18
1399	75.62	78.24	98	0.77
1400	124.66	49.11	100	1.04
1401	100.16	50.96	97	1.95
1402	114.75	83.13	99	1.98
1403	17.42	140.79	98	1.7
Period: 98
Tasks:14
id	x	y	end	c
1443	56.52	147.97	99	64.74
1444	19.26	127.79	100	85.39
1445	174.68	153.82	103	92.05
1446	123.14	150.38	100	55.44
1447	196.55	159.16	103	113.23
1448	18.81	158.15	98	99.87
1449	107.2	167.86	102	68.24
1450	93.8	33.84	100	66.45
1451	29.52	89.89	104	71.2
1452	59.77	42.36	100	70.29
1453	130.92	195.12	101	100.02
1454	162.49	154.52	100	82.93
1455	49.4	170.01	101	86.38
1456	61.49	9.39	104	98.45
Drivers: 11
id	x	y	end	sensitivity
1404	26.16	70.61	99	1.74
1405	85	153.67	99	1.73
1406	2.76	172.71	99	1.99
1407	25.42	73.9	98	0.66
1408	152.45	109.46	99	1.78
1409	72.93	168.04	98	0.96
1410	44.56	10.26	99	1.15
1411	142.3	39.33	100	0.74
1412	169.27	47.46	98	1.67
1413	36.76	81.04	98	0.9
1414	172.53	166.65	98	1.37
Period: 99
Tasks:17
id	x	y	end	c
1457	76.99	12.83	103	90.16
1458	46.86	171.06	101	88.73
1459	88.1	172.98	101	73.94
1460	46.3	123.25	103	58.52
1461	188.48	151.61	103	102.43
1462	118.27	88.29	101	21.7
1463	170.67	47.34	103	88.13
1464	98.57	177.85	103	77.86
1465	23.63	127.02	99	81.01
1466	75.24	111.92	102	27.48
1467	165.47	104.51	99	65.63
1468	3.57	143.71	101	105.87
1469	72.1	34.84	103	70.88
1470	153.41	179.48	102	95.76
1471	163.59	47.57	101	82.42
1472	192.01	198.9	100	135.08
1473	173.67	145.64	102	86.66
Drivers: 11
id	x	y	end	sensitivity
1415	86.05	89.12	100	1.68
1416	194.56	69.08	101	1.97
1417	48.75	133.85	100	1.62
1418	109.79	89.53	99	1.33
1419	38.64	53.22	100	0.57
1420	136.5	15.53	101	1.25
1421	120.88	138.63	99	0.98
1422	171.25	190.5	99	1.36
1423	79.16	86.47	100	1.46
1424	96.23	89.53	100	1.81
1425	56.88	188.2	100	1.75
Period: 100
Tasks:12
id	x	y	end	c
1474	69.04	134.58	105	46.41
1475	37.03	27.65	102	95.92
1476	18.02	11.2	105	120.86
1477	144.39	139.82	104	59.63
1478	106.71	91.53	102	10.81
1479	20.87	11.52	108	118.7
1480	96.83	78.97	104	21.27
1481	113.74	134.46	104	37.1
1482	161.75	65.63	102	70.67
1483	32.19	144.18	104	80.93
1484	107.6	1.66	102	98.63
1485	182.23	38.13	102	102.91
Drivers: 18
id	x	y	end	sensitivity
1426	89.58	79.35	100	1.28
1427	197.94	84.67	102	1.26
1428	106.61	193.76	100	1.5
1429	42.35	41.54	100	1.65
1430	63.72	35.38	100	1.04
1431	178.45	44.29	100	1.51
1432	145.51	110.3	101	1.59
1433	121.9	55.41	101	1.42
1434	28.18	37.67	100	1.9
1435	28.55	107.65	102	1.18
1436	105.58	69.82	101	0.72
1437	41.22	22.64	102	0.78
1438	142.78	98.23	100	1.54
1439	138.94	174.91	101	1.36
1440	30.87	144.25	101	1.72
1441	193.04	197.21	101	0.77
1442	27.98	88.76	100	1.35
1443	76.13	17.2	102	0.71
