Periods: 100
Task Arrival Rate: 15
Task Average Time: 2
Driver Arrival Rate: 10
Driver Average Time: 1
Period: 1
Tasks:17
id	x	y	end	c
1	72.13	184.03	4	88.53
2	194.76	188.2	1	129.46
3	50.37	93.65	2	50.03
4	183.13	127.24	2	87.48
5	25.32	175.84	3	106.44
6	197.97	167.66	2	119.06
7	164.59	172.08	5	96.79
8	60.11	146.98	2	61.63
9	51.21	179.41	3	93.2
10	84.43	191.04	4	92.36
11	49.15	32.04	3	84.88
12	130.26	135.66	3	46.77
13	6.34	4.78	2	133.56
14	24.75	15.56	2	113.1
15	157.15	72.08	3	63.61
16	94.51	55.34	5	45
17	181.64	166.94	5	105.57
Drivers: 6
id	x	y	end	sensitivity
1	96.13	79.13	2	1.85
2	94.1	137.1	3	1.01
3	17.33	13.11	1	0.97
4	17.57	80.94	2	1.21
5	158.12	62.25	1	1.65
6	147.14	79.58	3	1.57
Period: 2
Tasks:14
id	x	y	end	c
18	78.44	50.47	4	54.02
19	84.34	44.03	3	58.12
20	64.35	61.01	4	52.83
21	40.77	194.18	4	111.26
22	199.37	132.25	4	104.47
23	11.77	137.7	3	95.95
24	1.17	41.06	5	115.07
25	42.68	35.15	4	86.55
26	182.4	79.29	3	84.96
27	164.61	40.89	2	87.57
28	55.55	56.18	6	62.42
29	192.32	119.62	4	94.38
30	125.68	57.56	4	49.6
31	98.96	133.01	6	33.03
Drivers: 9
id	x	y	end	sensitivity
7	51.12	32.62	2	1.08
8	17.75	153.38	2	1.67
9	98.07	109.59	4	1.19
10	160.36	22.59	3	1.74
11	84.82	135.8	2	1.23
12	9.13	144.34	3	1.57
13	155.8	170.27	3	0.58
14	94.62	156.68	4	0.73
15	114.22	137.84	3	1.8
Period: 3
Tasks:21
id	x	y	end	c
32	153.36	79.09	6	57.31
33	106.98	110.27	7	12.42
34	71.58	165.85	6	71.72
35	175.74	21.76	5	108.89
36	182.73	119.09	3	84.9
37	87.22	188.47	5	89.39
38	96.29	114.04	8	14.52
39	124.18	148.47	5	54.17
40	143.31	199.78	4	108.77
41	128.48	87.01	6	31.3
42	181.27	2.47	3	126.95
43	85.16	22.08	4	79.32
44	80.92	155.71	7	58.89
45	190.6	78.44	6	93.13
46	155.41	97.57	5	55.46
47	153.26	16.36	7	99.16
48	135.19	108.66	4	36.24
49	105.7	188.4	3	88.58
50	67.58	45.59	5	63.34
51	53.82	53.11	4	65.81
52	143.65	10.33	5	99.73
Drivers: 10
id	x	y	end	sensitivity
16	8.36	72.8	3	1.44
17	27.11	28.65	5	1.95
18	138.93	40.7	5	0.94
19	159.15	11.46	5	1.99
20	122.82	4.48	3	1.85
21	52.48	30.7	6	0.81
22	154.21	78.28	3	1.47
23	48.29	196.59	3	0.9
24	186.71	45.28	5	1.33
25	126.96	57.35	5	0.7
Period: 4
Tasks:13
id	x	y	end	c
53	13.54	49.61	8	100.07
54	91.47	194.94	7	95.32
55	155.32	11.15	5	104.66
56	15.29	74.24	7	88.54
57	114.51	195.87	4	96.96
58	50.42	179.73	6	93.89
59	172.32	132.12	7	79.13
60	125.51	105.01	4	26
61	32.12	93.19	6	68.22
62	88.18	69.67	9	32.55
63	49.58	41.19	5	77.46
64	11.68	81.11	7	90.32
65	93.29	192.02	6	92.26
Drivers: 13
id	x	y	end	sensitivity
26	148.88	30.37	5	0.99
27	109.8	18.6	5	0.68
28	112.01	1.02	5	1.19
29	49.03	0.45	4	1.79
30	142.39	183.32	6	1.17
31	117.39	60.34	4	1.38
32	189.98	86.37	6	1.68
33	133.6	91.53	5	0.77
34	104.27	58.29	6	1.65
35	188.58	182.03	5	1.42
36	44.01	186.03	4	1.87
37	92.06	112.1	5	1.16
38	91.62	11.31	4	1.64
Period: 5
Tasks:18
id	x	y	end	c
66	119.97	0.53	7	101.45
67	152.83	91.43	6	53.52
68	176.75	122.14	8	79.88
69	128.03	43.98	7	62.64
70	10.5	165.52	6	110.92
71	86.35	7.29	7	93.71
72	7.34	103.5	5	92.73
73	98.67	13.27	7	86.74
74	184.18	66.6	7	90.56
75	137.62	38.06	6	72.47
76	192.38	21.66	8	121.12
77	140.49	107.49	8	41.18
78	160.21	62.43	7	70.97
79	129.67	178.05	7	83.5
80	68.63	26.83	10	79.61
81	103.94	60.51	6	39.69
82	116.09	95.29	8	16.77
83	123.81	17.37	5	85.99
Drivers: 8
id	x	y	end	sensitivity
39	47.68	181.25	5	0.87
40	39.79	103.32	6	0.6
41	61.04	58.09	7	0.77
42	84.63	183.11	6	1.73
43	74.97	188.11	7	1.33
44	113.32	97.14	6	1.59
45	48.77	182.01	7	0.96
46	152.21	166.8	5	0.98
Period: 6
Tasks:17
id	x	y	end	c
84	109.06	56.43	9	44.5
85	52.48	25.42	8	88.43
86	186.5	117.38	9	88.23
87	137.24	69.59	9	48.08
88	109.17	30.53	9	70.07
89	149.35	72.8	6	56.35
90	70.71	73.96	8	39.19
91	81.56	29.7	7	72.68
92	9.96	174.68	9	116.98
93	110.22	86.65	9	16.81
94	151.77	79.22	7	55.78
95	43.57	79.93	7	59.89
96	161.2	123.4	9	65.52
97	126.63	47.47	7	58.89
98	55.98	115.92	8	46.81
99	47.86	157.37	7	77.52
100	105.43	167.89	9	68.11
Drivers: 7
id	x	y	end	sensitivity
47	18.85	140.7	7	0.66
48	35.34	57.12	8	0.92
49	43.73	77.04	9	1.67
50	171.47	60.62	7	1.4
51	46.99	111.77	7	1.24
52	24.82	63.57	7	1.23
53	184.39	106.17	6	0.7
Period: 7
Tasks:18
id	x	y	end	c
101	91.82	179.19	9	79.61
102	76.25	117.89	10	29.73
103	141.97	108.45	9	42.81
104	116.7	144.89	8	47.9
105	88.68	188.18	7	88.9
106	194.14	60.5	11	102.09
107	14.93	76.95	10	88.14
108	123.1	56.42	11	49.32
109	1.65	113.55	8	99.28
110	32.55	10.27	9	112.25
111	131.47	3.1	9	101.88
112	71.3	171.87	7	77.39
113	4.91	157.48	8	111.11
114	173.2	174.05	10	104.12
115	119.08	131.35	10	36.7
116	43.27	103.22	10	56.82
117	85.12	106.78	7	16.35
118	26.45	24.16	7	105.65
Drivers: 21
id	x	y	end	sensitivity
54	50.06	167.19	7	1.22
55	26.89	176.98	8	0.83
56	181.97	189.86	8	0.58
57	190.71	98.76	8	0.6
58	132.06	194.59	8	0.85
59	11.4	173.87	8	1.39
60	177.06	105.98	9	0.94
61	77.78	173.19	7	0.66
62	50.7	108.01	8	1.6
63	86.33	119.04	8	1.98
64	56.21	32.31	7	0.86
65	186.18	65.4	8	1.99
66	23.48	50.07	8	0.98
67	120.54	48.56	9	1.78
68	190.04	45.48	8	1.44
69	186.33	93.46	7	0.69
70	11.92	59.76	8	1.14
71	123.14	16.64	8	1.3
72	93.86	43.23	7	1.97
73	142.08	9.49	7	1.85
74	13.47	139.19	8	1.97
Period: 8
Tasks:14
id	x	y	end	c
119	104.6	121.86	8	22.34
120	25.67	10.92	10	116.02
121	49.43	199.61	9	111.71
122	105.01	166.24	10	66.43
123	157.09	66.39	8	66.25
124	173.62	128.77	8	79.04
125	11.47	87.81	10	89.37
126	70.26	33.84	9	72.54
127	3.21	179.47	10	125.23
128	75.85	12.71	9	90.57
129	82.44	61.86	9	41.99
130	16.91	166.13	9	106.19
131	192	119.01	10	93.94
132	59.82	11.97	10	96.77
Drivers: 13
id	x	y	end	sensitivity
75	130.16	101.25	10	1.99
76	14.45	175.23	8	1.25
77	41.52	59.63	8	1.66
78	131.3	181.78	9	1.98
79	55.27	69.53	9	1.66
80	34.84	179.19	8	1.72
81	18.76	92.7	9	1.85
82	31.16	30.98	12	0.75
83	39.14	175.02	9	2
84	137.85	90.4	9	1.15
85	26.44	11.9	9	1.32
86	49.51	169.4	10	1.11
87	131.72	78.57	9	1.82
Period: 9
Tasks:17
id	x	y	end	c
133	126.71	88.09	12	29.25
134	8.35	194.08	10	131.34
135	136.37	187.45	11	94.71
136	57.72	173.05	10	84.4
137	3.22	177.4	11	123.92
138	191.96	197.64	10	134.13
139	12.56	193	10	127.65
140	26.25	115.63	10	75.39
141	8.31	199.49	12	135.3
142	169.75	178.78	10	105.22
143	10.51	180.23	11	120.19
144	101.08	54.24	14	45.77
145	49.51	10.6	11	102.67
146	119.05	199.78	9	101.58
147	190.63	22.74	11	119.09
148	132.46	131.06	10	44.93
149	39.78	25.58	10	95.73
Drivers: 13
id	x	y	end	sensitivity
88	195.15	89.48	9	1.25
89	193.67	176.3	14	1.37
90	18.77	103.62	10	0.97
91	132.36	71.37	11	0.74
92	5.71	122.82	10	1.07
93	176.35	196.56	12	1.98
94	51.22	85.76	10	1.77
95	121.85	165.28	9	1.1
96	130.51	31.38	9	0.86
97	68.03	26.31	9	1.76
98	3.76	17.11	10	0.87
99	164.88	179.19	10	1.16
100	60.04	175.6	10	0.79
Period: 10
Tasks:12
id	x	y	end	c
150	33.25	27.03	10	98.89
151	178.34	54.3	11	90.7
152	145.73	57.88	12	62.17
153	144.06	181.72	10	92.84
154	81.34	0.35	12	101.38
155	146.61	92.74	11	47.17
156	5.96	85.82	12	95.1
157	134.97	113.67	14	37.55
158	113.31	75.98	13	27.46
159	60.15	164.85	11	76.12
160	61.71	90.84	11	39.37
161	149.43	126.56	13	56.11
Drivers: 11
id	x	y	end	sensitivity
101	104.13	125.43	12	1.13
102	79.07	0.86	12	0.88
103	13.85	177.45	10	0.82
104	17.45	2.58	11	0.76
105	184.45	157.89	11	0.79
106	116.32	158.73	11	0.95
107	1.99	66.91	11	0.63
108	121.86	66.9	10	0.74
109	36.31	96.48	11	1.95
110	65.47	6.95	11	0.54
111	142.2	119.17	11	1.97
Period: 11
Tasks:10
id	x	y	end	c
162	11.18	192.36	12	128.14
163	38.3	8.73	13	110.17
164	170.77	182.25	13	108.51
165	181.87	94.49	14	82.06
166	11.78	81.67	12	90.1
167	174.44	129.98	15	80.25
168	35.21	116.21	15	66.79
169	51.63	133.05	13	58.58
170	84.19	59.39	13	43.58
171	89.52	152.05	15	53.09
Drivers: 13
id	x	y	end	sensitivity
112	190.79	189.78	11	1.08
113	187.01	84.1	11	1.55
114	142.07	61.32	11	1.2
115	173.25	179.05	13	1.47
116	79.31	60.22	13	1.55
117	150.41	105.74	12	1.98
118	97.27	100.91	12	1.11
119	163.69	95.95	11	1.15
120	76.13	92.9	11	1.78
121	118.83	89.74	11	0.87
122	117.5	125.72	11	1.93
123	146.98	3.23	13	0.57
124	74.91	2.17	12	1.28
Period: 12
Tasks:18
id	x	y	end	c
172	55.41	133.21	12	55.6
173	32.64	40.99	14	89.55
174	7.03	58.56	17	101.79
175	141.84	32.13	13	79.73
176	3.37	158.87	15	113.15
177	81.42	152.85	14	56.02
178	99.36	69.75	15	30.26
179	45.7	173.68	15	91.53
180	174.67	65.48	14	82.26
181	138.42	165.06	14	75.56
182	86.36	173.52	13	74.77
183	101.72	71.82	14	28.23
184	181.99	23.45	13	112.17
185	93.75	172.39	13	72.66
186	114.34	108.4	13	16.62
187	141.64	51.47	15	63.95
188	150.54	168.18	12	84.87
189	36.49	184.41	14	105.63
Drivers: 7
id	x	y	end	sensitivity
125	83.64	177.34	13	0.76
126	122.6	127.47	13	0.89
127	51.55	193.15	12	0.71
128	159.6	6.88	13	1.19
129	67.02	35.48	12	1.13
130	1.07	171.28	14	1.77
131	91.73	133.81	14	1.58
Period: 13
Tasks:10
id	x	y	end	c
190	11.79	66.2	13	94.46
191	93.4	180.72	16	80.99
192	128.11	7.64	15	96.54
193	168.56	160.82	13	91.65
194	87.76	138.7	14	40.59
195	116.35	184.7	15	86.26
196	141.97	196.88	14	105.58
197	82.5	7.88	16	93.77
198	81.52	170.98	16	73.35
199	50.41	84.03	15	52.1
Drivers: 11
id	x	y	end	sensitivity
132	17.04	157.94	15	1.72
133	8.68	157.2	14	0.61
134	144.8	139.53	15	1
135	85.96	178.09	13	1.96
136	75.79	32.17	13	1.32
137	154.58	70.79	13	0.97
138	7.74	75.26	14	1.79
139	195.45	56.64	14	0.91
140	33.1	13.06	14	1.42
141	103.5	182.96	14	1.77
142	43.32	150.25	15	0.69
Period: 14
Tasks:14
id	x	y	end	c
200	74.88	117.5	16	30.61
201	186.23	180.86	18	118.21
202	145.59	68.46	17	55.44
203	128.33	24.61	14	80.54
204	77.69	1.4	16	101.09
205	75.7	134.04	17	41.82
206	62.92	90.89	15	38.18
207	59.79	179.54	19	89.13
208	149.72	199.28	15	111.03
209	2.48	127.64	14	101.36
210	126.25	100.06	16	26.25
211	56.27	162.4	14	76.2
212	75.64	149.65	14	55.3
213	169.8	95.4	16	69.95
Drivers: 8
id	x	y	end	sensitivity
143	54.72	103.91	14	0.51
144	138.19	129.5	14	0.71
145	189.59	168.99	15	1.83
146	126.69	149.09	15	1.03
147	186.86	74.63	14	0.72
148	110.15	18.23	15	1.23
149	49.37	151.93	15	0.85
150	62.14	26.63	16	0.98
Period: 15
Tasks:18
id	x	y	end	c
214	170.01	115.5	17	71.71
215	98.22	172.42	16	72.44
216	20.26	28.11	17	107.36
217	57.97	110.91	15	43.42
218	126.26	27.72	19	76.9
219	197.98	109.54	16	98.44
220	89.73	1.85	17	98.69
221	186.11	93.68	17	86.34
222	96.61	113.78	16	14.19
223	35.9	21.22	15	101.56
224	153.66	55.38	21	69.79
225	155.91	97.9	19	55.95
226	122.01	2.69	15	99.77
227	75.98	187.04	16	90.29
228	65.19	131.15	18	46.71
229	80.1	139.34	16	44.09
230	173.19	156.23	16	92.3
231	82.89	1.49	15	99.98
Drivers: 12
id	x	y	end	sensitivity
151	193.16	103.91	15	0.77
152	182.14	115.28	16	0.63
153	193.71	186.04	16	1.89
154	41.06	114.54	16	1.91
155	52.64	14.52	15	1.54
156	64.89	108.25	16	0.7
157	175.21	164.35	15	1.15
158	21.06	35.66	17	1.82
159	110.14	184.87	17	0.73
160	109.98	141.81	15	1.52
161	67.11	191.6	16	1.67
162	82.35	179.05	16	1.35
Period: 16
Tasks:16
id	x	y	end	c
232	42.21	191.83	18	108.5
233	1.14	179.17	20	126.65
234	196.28	64.94	18	102.46
235	101.29	67.27	19	32.76
236	24.64	178.88	18	109.09
237	43.56	98.18	18	56.47
238	118.87	103.45	20	19.18
239	100.32	197.39	20	97.39
240	196.98	139.14	18	104.58
241	154.89	87.04	18	56.4
242	61.47	117.55	20	42.34
243	198.78	28.53	17	121.92
244	99.03	80.18	16	19.84
245	54.91	5.84	19	104.4
246	122.48	167.72	22	71.35
247	83.78	192.1	17	93.52
Drivers: 5
id	x	y	end	sensitivity
163	18.39	4.42	17	0.58
164	160.25	20.86	16	1.8
165	68.93	5.17	17	0.94
166	156.62	123.78	17	0.61
167	192.79	90.7	18	1.19
Period: 17
Tasks:21
id	x	y	end	c
248	93.24	5.49	19	94.75
249	147.68	129.65	21	56.15
250	147.25	146.9	18	66.57
251	10.07	190.38	19	127.5
252	171.68	101.07	18	71.69
253	127.25	18.18	19	86.24
254	135.28	121.65	19	41.39
255	199.13	135.04	18	105.14
256	187.75	22.5	19	117.07
257	6.9	76.48	17	96.02
258	164.66	50.88	18	81.2
259	10.36	96.17	18	89.72
260	78.35	20.15	21	82.73
261	141.46	162.64	22	75.12
262	37.62	46.99	20	81.86
263	63.59	96.55	21	36.57
264	46.64	21.7	20	94.75
265	198.62	89.27	18	99.2
266	109.39	187.06	21	87.56
267	157.2	32.66	18	88.35
268	45.5	59.38	19	67.97
Drivers: 8
id	x	y	end	sensitivity
168	105.79	136.11	17	1.98
169	145.57	146.06	17	1.15
170	12.6	122.1	17	1.29
171	83.7	53.27	17	0.5
172	22.93	135.23	18	1.47
173	97.98	159.89	18	1.01
174	136.35	137.93	18	0.84
175	40.21	164.28	17	1.27
Period: 18
Tasks:12
id	x	y	end	c
269	146.29	120.2	20	50.51
270	193	104.77	19	93.12
271	189.98	173.06	20	115.91
272	138.8	16.6	20	91.98
273	80.69	106.05	20	20.24
274	1.45	173.63	20	123.02
275	100.5	177.29	19	77.29
276	83.12	101.86	18	16.98
277	56.14	171.23	18	83.65
278	98.18	33.81	22	66.22
279	19.98	10.87	19	119.78
280	3.08	186.05	19	129.61
Drivers: 14
id	x	y	end	sensitivity
176	12.14	16.86	19	1.01
177	150.53	154.63	18	1.7
178	124.75	94.56	20	0.51
179	138.63	183.2	19	1.52
180	92.93	6.52	20	0.9
181	177.96	183.67	18	1.09
182	195.5	169.53	20	1.12
183	71.6	11.35	21	0.79
184	77.95	42.45	20	1.4
185	65.69	165.04	18	0.81
186	71.12	85.6	19	0.57
187	126.36	58.2	19	1.49
188	74.72	70.33	19	0.67
189	154.9	190.13	18	0.76
Period: 19
Tasks:7
id	x	y	end	c
281	76.7	59.88	22	46.4
282	129.33	157.94	19	64.94
283	197.24	29.19	20	120.29
284	16.82	187.88	21	121
285	157.59	82.25	19	60.26
286	125.32	99.87	21	25.32
287	180.85	0.35	22	128.32
Drivers: 13
id	x	y	end	sensitivity
190	128.34	114.41	22	1.15
191	14.34	162.24	20	1.28
192	51.11	40.15	20	1.22
193	198.5	137.68	19	1.73
194	120.18	111.51	21	0.72
195	146.32	11.59	19	1.19
196	107.39	82.51	19	1.28
197	184.6	115.28	20	1.67
198	176.82	112.3	21	1.57
199	185.03	29.65	20	1.25
200	122.16	6.68	20	1.14
201	71.95	111.45	22	1.38
202	19.74	88.83	20	0.74
Period: 20
Tasks:18
id	x	y	end	c
288	167.89	48.63	22	85.13
289	67.62	6.9	21	98.57
290	110.02	99.94	20	10.02
291	58.21	87.22	23	43.7
292	175.13	187.64	24	115.44
293	34.69	2.53	22	117.33
294	20.52	94.86	21	79.65
295	42.52	24.28	23	95.07
296	97.99	16.67	25	83.35
297	199.16	185.36	23	130.84
298	114.51	95.17	22	15.29
299	117.49	43.29	21	59.35
300	130.11	102.65	22	30.23
301	80.54	80.7	20	27.41
302	173.71	106.52	20	74
303	175.49	123.66	21	79.11
304	133.61	136.28	20	49.46
305	186.61	84.16	22	88.05
Drivers: 10
id	x	y	end	sensitivity
203	135.38	180.26	21	0.98
204	93.8	72.46	20	1.34
205	23.54	196.39	20	1.89
206	15.31	110.02	21	1.32
207	27.87	113.36	21	0.62
208	83.08	145.56	21	0.64
209	68.77	123.07	21	1.1
210	4.79	71.63	23	1.12
211	27.6	106.48	20	1.02
212	191.51	30.96	20	1.93
Period: 21
Tasks:16
id	x	y	end	c
306	28.04	138.33	23	81.53
307	12.92	28.01	23	112.98
308	89.45	28.69	25	72.09
309	124.13	183.75	24	87.16
310	72.35	23.49	23	81.35
311	37.42	134.46	27	71.44
312	146.48	76.41	24	52.12
313	94.3	83.77	23	17.2
314	97.71	7.35	22	92.68
315	125.27	63.27	24	44.58
316	109.58	120.89	26	22.98
317	123.11	138.32	28	44.75
318	48.33	110.64	24	52.75
319	20.08	44.79	21	97.14
320	54.84	100.82	25	45.17
321	109.26	102.31	24	9.54
Drivers: 10
id	x	y	end	sensitivity
213	40.5	100.56	23	1.85
214	25.37	9.69	22	1.11
215	73.91	92.86	23	1.14
216	185.7	111.51	21	0.79
217	119.18	195.48	21	0.97
218	97.38	177.16	22	1.84
219	180.06	104.85	24	0.65
220	184.66	139.55	21	0.83
221	79.24	78.84	23	1.93
222	66.01	10.71	23	0.57
Period: 22
Tasks:14
id	x	y	end	c
322	191.51	152.44	25	105.47
323	59.55	182.82	23	92.17
324	67.06	147.76	23	58.02
325	199.08	121.83	24	101.46
326	36.64	125.78	25	68.4
327	8.86	166.52	24	112.83
328	113.39	44.73	24	56.87
329	140.27	175.93	23	85.95
330	148.96	108.83	26	49.75
331	93.82	76.87	26	23.94
332	33.3	119.74	22	69.56
333	8.2	121.7	24	94.33
334	55.97	29.58	25	83.05
335	66.66	38.58	23	69.89
Drivers: 9
id	x	y	end	sensitivity
223	126.96	174.65	24	1.95
224	109.73	1.84	23	1.28
225	34.65	45.4	22	1.1
226	127.84	48.89	23	0.57
227	151.3	8.21	22	1.91
228	30.73	113.07	24	0.85
229	127.05	55.65	22	0.89
230	54.03	114.99	23	1.26
231	106.25	84.83	22	1.21
Period: 23
Tasks:19
id	x	y	end	c
336	194.93	48.78	26	107.87
337	143.73	106.37	25	44.19
338	47.79	89.27	29	53.3
339	161.16	108.44	25	61.74
340	196.25	148.27	25	107.68
341	26.85	52.37	25	87.29
342	167.77	57.45	24	80.02
343	92.22	78.83	25	22.55
344	98.41	126.68	29	26.73
345	18.47	104.42	27	81.65
346	79.74	95.25	25	20.81
347	30.47	59.53	25	80.45
348	153.38	79.8	24	57.07
349	135.62	145.37	27	57.68
350	62.57	123.83	23	44.37
351	3.27	33.97	25	117.12
352	147.42	38.53	26	77.64
353	82.48	4.66	27	96.94
354	124.17	18.15	25	85.34
Drivers: 8
id	x	y	end	sensitivity
232	89.91	128.68	25	1.18
233	44.65	143.16	25	0.66
234	151.12	194.35	25	0.76
235	161.15	79.78	25	1.6
236	107.1	196.05	23	0.91
237	23.09	14.26	23	1.6
238	188.57	70.69	26	1.95
239	50.48	60.75	24	1.8
Period: 24
Tasks:14
id	x	y	end	c
355	68.06	141.59	25	52.44
356	190.17	50.27	27	102.97
357	173.46	154.76	29	91.62
358	119.18	150.35	26	53.88
359	130.9	195.31	27	100.19
360	79.63	180.81	24	83.34
361	144.51	62.28	25	58.34
362	145.03	180.26	26	92.03
363	19.47	40.1	28	100.36
364	160.1	195.23	26	112.61
365	122.3	68.23	28	38.82
366	78.52	188.02	25	90.6
367	161.58	109.03	27	62.24
368	113.67	7.14	27	93.86
Drivers: 10
id	x	y	end	sensitivity
240	162.68	82.57	25	1.24
241	91.07	151.26	24	1.98
242	40.04	44.4	26	1.52
243	9.05	128.37	24	1.23
244	100.55	186.93	27	0.51
245	126	159.65	26	1.51
246	165.11	164.33	25	1.78
247	135.57	101.89	24	0.57
248	163.65	114.93	24	1.34
249	27.45	57.32	25	1
Period: 25
Tasks:10
id	x	y	end	c
369	124.74	82.22	25	30.47
370	79.82	87.25	25	23.87
371	54.33	69.24	29	55.06
372	195.32	16.63	25	126.64
373	45.82	133.09	25	63.49
374	91.47	68.34	28	32.79
375	56.25	189.13	27	99.29
376	34.62	94.53	28	65.61
377	25.74	195.53	29	121
378	166.43	45.12	29	86.17
Drivers: 17
id	x	y	end	sensitivity
250	159.78	64.59	25	0.54
251	98.01	180.8	27	0.68
252	39.52	191.79	26	0.57
253	177.78	62.87	25	1.1
254	45.35	121.48	27	1.18
255	34.19	116.82	25	1.77
256	72.5	111.73	26	0.67
257	127.07	143.81	25	1.55
258	86.04	184.32	27	0.98
259	103.05	181.56	25	1.56
260	181.62	145.2	27	0.96
261	167.8	76.06	26	1.64
262	57.87	92.81	26	0.99
263	123.89	5.73	27	1.37
264	108.52	65.37	26	1.8
265	42.61	30.89	27	1.95
266	148.75	19.73	25	1.52
Period: 26
Tasks:8
id	x	y	end	c
379	32.47	189.12	28	111.82
380	164.23	100.45	27	64.23
381	147.59	88.13	29	49.05
382	32.14	27.85	29	99.05
383	138.4	91.48	29	39.33
384	66.95	66.95	27	46.74
385	1.39	178.26	30	125.89
386	54.45	22.62	27	89.79
Drivers: 15
id	x	y	end	sensitivity
267	106.79	26.6	27	0.52
268	72.39	5.53	26	0.51
269	25.58	12.32	27	1.36
270	82.02	82.07	26	1.93
271	2.07	126.56	27	0.67
272	88.41	139.07	28	1.9
273	189.12	74.43	27	1.65
274	1.56	188.28	27	2
275	180.48	137.45	27	0.95
276	192.93	104.97	28	1.95
277	138.08	116.25	28	1.73
278	21.12	110.43	27	1.52
279	23.94	25.08	26	0.82
280	61.45	74.28	27	1.27
281	198.98	62	26	1.2
Period: 27
Tasks:18
id	x	y	end	c
387	115.25	0.09	28	101.07
388	75.98	11.16	28	92.03
389	93.07	84.36	28	17.11
390	61.52	195.32	30	102.79
391	112.22	150.79	30	52.24
392	29.89	93.9	28	70.37
393	147.67	61.56	27	61.24
394	159.6	169.92	27	91.87
395	69.2	186.3	28	91.63
396	57.62	190.72	30	100.13
397	41.07	90.03	27	59.77
398	183.76	99.44	29	83.76
399	90.47	109.8	28	13.67
400	194.19	70.82	29	98.61
401	62.5	125.07	29	45.11
402	72.19	28.35	30	76.86
403	153.78	178.73	29	95.35
404	43.44	105.63	28	56.84
Drivers: 5
id	x	y	end	sensitivity
282	71	67.23	29	1.65
283	95.41	124.96	29	0.9
284	191.01	27.58	28	1.57
285	69.07	48.32	30	0.72
286	187.41	167.6	28	0.92
Period: 28
Tasks:13
id	x	y	end	c
405	16.15	149.41	29	97.33
406	168.73	99.87	28	68.73
407	87.17	101.83	33	12.96
408	72.07	91.86	30	29.09
409	164.15	186.95	31	108.05
410	28.02	16.48	30	110.26
411	138.76	184.01	31	92.52
412	119.34	126.75	35	33.01
413	88.33	121.49	31	24.45
414	71.88	18.75	28	85.98
415	83.6	111.62	30	20.1
416	140.84	151.91	30	66.05
417	193.13	141.41	28	101.92
Drivers: 12
id	x	y	end	sensitivity
287	146.76	187.56	29	0.64
288	12.29	32.09	30	1
289	91.83	25.1	28	1.11
290	162.95	36.6	29	1.18
291	151.69	189.18	28	1.2
292	114.59	122.3	28	1.96
293	124	129.03	31	0.56
294	121.8	194.8	28	0.91
295	64.2	187.65	29	1.91
296	92.33	24.33	30	1.14
297	17.19	31.08	28	1.38
298	27.66	33.21	29	1.76
Period: 29
Tasks:15
id	x	y	end	c
418	127.13	83.77	32	31.61
419	93.55	118.05	31	19.17
420	78.37	46.55	30	57.66
421	91.85	161.23	31	61.77
422	1	6.17	31	136.4
423	2.02	27.28	33	122.02
424	2.05	146.51	30	108.43
425	46.47	103.19	29	53.62
426	8.34	113.35	31	92.63
427	183.74	109.56	31	84.28
428	21.37	113.73	33	79.82
429	126.25	165.34	31	70.42
430	137.59	128.21	30	47
431	96.56	18.46	30	81.61
432	76.81	189.88	32	92.82
Drivers: 10
id	x	y	end	sensitivity
299	174.77	8.19	32	0.63
300	113.17	34.48	29	0.98
301	114.62	145.75	29	0.86
302	51.37	175.71	29	0.6
303	96.3	19.18	30	0.65
304	34.5	5.82	30	1.79
305	83.47	11.73	30	0.56
306	192.88	80.2	29	0.97
307	167.81	182.31	30	1.67
308	5.75	34.28	30	0.58
Period: 30
Tasks:18
id	x	y	end	c
433	120.27	137.71	32	42.81
434	37.39	28.25	31	95.23
435	6.09	103.93	32	93.99
436	3.5	51.02	31	108.22
437	181.63	150.91	30	96.2
438	46.62	114.29	32	55.26
439	26.67	92.16	31	73.75
440	175.55	93.45	31	75.83
441	33.24	45.13	32	86.42
442	187.1	83.99	31	88.56
443	81.95	86.69	31	22.43
444	138.33	82.19	30	42.27
445	174.67	60.76	32	84.35
446	13.01	183.77	31	120.77
447	46.76	70.47	31	60.88
448	137.38	130.68	33	48.36
449	160.6	194.32	32	112.11
450	160.17	54.12	31	75.67
Drivers: 6
id	x	y	end	sensitivity
309	36.28	87.94	30	1.19
310	197.49	192.89	30	0.98
311	81.59	51.15	31	1.59
312	124.66	68.66	31	0.65
313	151.46	96.46	30	0.6
314	25.95	143.92	30	0.81
Period: 31
Tasks:10
id	x	y	end	c
451	156.2	166.2	33	86.84
452	144.64	127.49	34	52.43
453	40.48	71.01	32	66.2
454	1.89	196.58	31	137.67
455	37.97	125.13	31	66.93
456	189.28	168.82	32	112.73
457	51.58	58.9	32	63.51
458	29.06	17.41	33	108.87
459	81.82	24.8	34	77.37
460	40.85	197.46	32	114.01
Drivers: 9
id	x	y	end	sensitivity
315	122.95	131.29	31	0.6
316	58.31	124.93	31	0.71
317	63.53	194.08	31	1.29
318	13.04	154.64	33	1.95
319	126.4	129.51	31	1.14
320	18.68	100.63	31	1.27
321	62	150.65	32	1.31
322	132.25	166.25	33	1.94
323	174.73	42.54	31	0.66
Period: 32
Tasks:22
id	x	y	end	c
461	45.78	45.51	33	76.87
462	54.69	111.57	35	46.76
463	15.36	177.27	34	114.61
464	88.6	170.81	33	71.72
465	118.47	134.84	34	39.43
466	30.76	169.54	35	98.13
467	195.12	0.79	33	137.44
468	144.82	11.63	32	99.09
469	83.56	123.75	34	28.88
470	74.36	37.66	33	67.41
471	12.58	182.54	39	120.23
472	54.05	51.88	34	66.54
473	84.61	120.39	33	25.55
474	87.63	52.12	39	49.45
475	33.51	185.67	35	108.44
476	56.36	103.34	35	43.77
477	137.11	169.41	34	78.71
478	155.89	167.68	33	87.77
479	40.02	105.86	34	60.27
480	119.03	111.81	33	22.4
481	133.74	157.91	34	67.02
482	44.35	22.5	32	95.41
Drivers: 10
id	x	y	end	sensitivity
324	140.93	147.59	34	1.21
325	168.39	112.31	32	1.05
326	130.94	13.53	32	1.43
327	193	16.99	33	0.91
328	76.27	84.5	32	1.76
329	124.21	146.55	34	2
330	3.97	123.64	35	1.46
331	23.02	153.75	32	1.38
332	157.83	47.54	34	1.08
333	64.1	17.83	35	1.75
Period: 33
Tasks:25
id	x	y	end	c
483	138.59	109.43	35	39.73
484	50.94	94.48	33	49.37
485	23.92	152.01	36	92.16
486	135.32	51.99	34	59.6
487	104.37	89.81	37	11.09
488	129.97	116.67	38	34.29
489	136.12	9.14	33	97.78
490	163.83	67.25	36	71.74
491	53.1	5.25	37	105.72
492	183.15	47.34	35	98.42
493	164.74	32.97	34	93.19
494	113.71	162.74	37	64.22
495	125.85	77.98	36	33.96
496	23.62	82.89	35	78.27
497	82.17	184.42	36	86.28
498	106.28	78.77	36	22.14
499	21.49	186.53	38	116.84
500	116.5	169.51	36	71.44
501	199.98	176.91	36	126.14
502	165.19	74.25	36	70.09
503	40.97	72.16	33	65.27
504	59.07	87.83	36	42.7
505	153.77	75.39	38	59.13
506	69.32	144.8	36	54.3
507	125.32	184.59	35	88.3
Drivers: 8
id	x	y	end	sensitivity
334	23.88	197.78	35	1.15
335	44.37	98.29	34	0.59
336	65.56	196.85	34	1.81
337	162	48.62	36	1.44
338	135.69	168.8	35	1
339	103.13	86.09	33	0.92
340	68.36	152.17	37	1.73
341	199.16	150.71	33	0.72
Period: 34
Tasks:23
id	x	y	end	c
508	6.15	113.64	37	94.84
509	29.7	75.87	34	74.33
510	88.94	133.31	36	35.1
511	94.76	71.13	37	29.34
512	47.8	100.19	38	52.2
513	83.6	170.32	38	72.21
514	111.08	22.85	35	77.94
515	64.73	158.47	35	68.28
516	106.91	177.17	36	77.48
517	80.51	118.68	37	27
518	146.48	97.64	36	46.54
519	156.77	82.41	36	59.43
520	84.34	61.93	36	41.17
521	108.64	78.64	37	23.04
522	79.63	152.74	35	56.54
523	28.64	80.63	38	73.94
524	117.2	152.06	37	54.83
525	31.28	137.49	37	78.28
526	159.13	128.29	35	65.55
527	71.68	69.94	36	41.3
528	99.38	118.74	37	18.75
529	90.57	53.47	34	47.48
530	194.95	137.18	36	101.97
Drivers: 8
id	x	y	end	sensitivity
342	46.27	172.62	37	0.95
343	129.32	141.17	34	1.02
344	161.03	146.85	36	1.6
345	107.55	178.9	36	1.52
346	134.91	104.83	36	1.5
347	86.92	122.02	36	1.27
348	64.79	108.11	34	1.36
349	171.44	92.62	35	1.21
Period: 35
Tasks:17
id	x	y	end	c
531	142.77	181.27	36	91.84
532	56.73	32.82	36	79.91
533	81.86	16.38	38	85.56
534	187.08	77.53	38	89.93
535	90.88	95.28	36	10.27
536	1.04	64.51	38	105.13
537	62.34	182.87	38	91.03
538	90.27	103.19	40	10.24
539	116.29	42.39	38	59.87
540	8.96	28.93	37	115.5
541	64.69	105.69	36	35.77
542	173.83	48.7	37	89.9
543	12.07	111.98	37	88.74
544	115.85	56.96	35	45.87
545	91.62	50.58	37	50.13
546	40.17	146.12	38	75.54
547	50.14	72.14	38	57.12
Drivers: 12
id	x	y	end	sensitivity
350	17.6	44.84	37	1.26
351	88.6	114.72	36	1.48
352	8.44	183.45	35	1.83
353	65.12	48.53	35	0.72
354	28.95	120.39	36	1.93
355	17.88	173.81	35	0.94
356	96.58	155.23	36	1.73
357	17.56	138.46	35	1.27
358	32.23	110.8	35	0.54
359	78.99	143.51	37	1.95
360	160.73	154.86	36	1.42
361	137.84	153.35	38	1.39
Period: 36
Tasks:10
id	x	y	end	c
548	167.21	148.63	40	82.96
549	27.09	104.82	41	73.07
550	194.84	196.16	38	135.06
551	79.31	159.76	39	63.24
552	4.5	110.24	38	96.05
553	5.97	197.21	37	135.25
554	68.59	133.71	41	46.08
555	55.66	90.16	36	45.42
556	173.28	44.03	40	92.21
557	109.93	185.61	41	86.18
Drivers: 7
id	x	y	end	sensitivity
362	76.31	125.81	37	2
363	72.45	171.56	36	1.98
364	132.41	22.46	39	0.53
365	75.12	157.24	37	0.66
366	8.97	53.51	37	0.58
367	185.98	66.1	36	1.2
368	30.39	162.97	38	1.81
Period: 37
Tasks:17
id	x	y	end	c
558	109.02	154.83	41	55.57
559	88.13	45.45	41	55.83
560	33.19	140.55	38	78.15
561	63.83	6.89	37	99.89
562	94.33	42.02	40	58.26
563	123.67	9.16	37	93.87
564	53	174.78	39	88.32
565	148.34	126.75	38	55.25
566	43.07	182.57	39	100.29
567	76.12	8.41	38	94.65
568	139.6	36.49	39	74.84
569	107.35	34.37	39	66.04
570	178.88	143.13	39	89.9
571	123.93	114.64	38	28.05
572	191.33	48.64	40	104.78
573	150.98	164.89	39	82.52
574	155.61	52.04	40	73.43
Drivers: 9
id	x	y	end	sensitivity
369	175.7	84.14	40	1.52
370	119.79	59.64	41	1.39
371	61.48	112.66	38	1.9
372	60.13	90.07	38	0.77
373	134.56	157.04	37	1.68
374	42.86	146.57	38	0.85
375	189.59	110.48	37	1.26
376	82.08	15.35	37	1.79
377	118.77	134.56	38	0.8
Period: 38
Tasks:15
id	x	y	end	c
575	109.74	146.7	41	47.7
576	1.11	55.04	38	108.63
577	28.53	103.09	38	71.54
578	132.49	47.28	41	61.93
579	38.97	66.23	38	69.75
580	79.03	173.75	38	76.67
581	12.85	124.25	40	90.46
582	166.55	101.33	42	66.56
583	69.68	45.9	42	62.02
584	67.1	164.44	41	72.35
585	181.95	163.46	41	103.65
586	78.97	167.33	38	70.54
587	9.31	158.75	41	108.06
588	119.61	186.96	39	89.14
589	125.76	25.72	39	78.62
Drivers: 8
id	x	y	end	sensitivity
378	101.62	123.49	39	1.85
379	32.27	78.88	38	0.88
380	10.03	17.27	41	1.57
381	115.52	150.88	38	1.11
382	86.07	1.75	39	1.33
383	96.02	77.62	39	0.56
384	8.64	116.26	39	1.81
385	83.75	72.34	42	1.84
Period: 39
Tasks:10
id	x	y	end	c
590	49.31	14.04	41	99.79
591	52.01	3.71	42	107.59
592	42.91	50.12	41	75.81
593	31.45	191.93	42	114.67
594	62.36	32.56	41	77.23
595	36.64	192.8	41	112.37
596	167.9	165.1	42	94.07
597	106.84	59.82	41	40.76
598	134.17	146.55	40	57.75
599	23.59	193.85	40	121.02
Drivers: 7
id	x	y	end	sensitivity
386	84.89	69.71	39	1.76
387	33.41	180.47	39	1.72
388	55.09	171.96	39	1.92
389	23.48	178.05	39	1.55
390	88.85	165.65	40	1.36
391	95.32	98.45	42	0.51
392	2.01	18.02	41	1.39
Period: 40
Tasks:22
id	x	y	end	c
600	74.63	118.54	44	31.42
601	164.83	48.99	42	82.49
602	75.75	185.76	42	89.12
603	152.46	188.33	45	102.73
604	123.36	104.48	40	23.79
605	70.43	73.21	43	39.9
606	152.6	28.19	41	89.01
607	109.8	25.48	40	75.16
608	143.57	182.14	42	92.98
609	184.42	143.86	41	95.13
610	129.53	110.12	43	31.22
611	183.96	165.26	41	106.34
612	81.36	111.35	42	21.82
613	60.8	68.09	45	50.55
614	159.07	134.79	41	68.55
615	85.7	89.8	45	17.57
616	179.26	70.74	41	84.49
617	100.51	20.63	40	79.37
618	113.02	10.28	43	90.66
619	109.72	60.4	42	40.78
620	138.58	190.9	44	98.75
621	28.56	102.59	41	71.49
Drivers: 11
id	x	y	end	sensitivity
393	67.01	149.46	41	0.74
394	83.36	90.16	41	1.1
395	148.59	120.37	41	1.72
396	162.96	11.46	42	1.11
397	110.07	81.76	42	2
398	159.96	169.42	40	0.79
399	184.93	116.75	41	1.94
400	61.44	133.31	41	1.26
401	87.1	155.2	42	1.24
402	189.56	154.6	42	1.57
403	121.38	10.42	40	0.78
Period: 41
Tasks:13
id	x	y	end	c
622	71.13	139.93	44	49.27
623	195.6	40.68	41	112.51
624	119.16	186.6	45	88.69
625	162.87	64.23	44	72.33
626	47.91	163.05	42	81.78
627	68.17	99.83	43	31.83
628	28.89	178.53	41	105.94
629	90.44	5.04	42	95.44
630	47.01	88.4	41	54.24
631	140.58	1.78	46	106.27
632	158.71	54.21	43	74.46
633	51.01	105.01	44	49.25
634	186.51	51.51	44	99.17
Drivers: 7
id	x	y	end	sensitivity
404	68.43	66.5	42	0.54
405	194.35	131.93	42	1.39
406	107.1	39.15	41	1.1
407	81.99	185.15	41	1.33
408	151.11	45.62	44	1.5
409	6.37	174.03	42	1.55
410	126.58	79.52	42	1.13
Period: 42
Tasks:20
id	x	y	end	c
635	123.63	68.81	43	39.13
636	170.51	172.73	42	101.3
637	115.19	157.31	45	59.29
638	165.12	116.08	44	67.08
639	42.6	100.84	42	57.41
640	9.13	68.3	43	96.24
641	29.76	199.37	43	121.69
642	104.7	181.07	44	81.21
643	46.71	163.41	46	82.83
644	90.72	59	44	42.04
645	183.71	100.1	44	83.71
646	14.05	152.15	44	100.53
647	60.95	129.84	44	49.15
648	10.56	159.37	42	107.35
649	46.86	99.22	43	53.15
650	56.82	27.13	43	84.7
651	186.01	79.14	43	88.5
652	146.7	12.06	45	99.57
653	71.35	88.35	42	30.93
654	96.38	44.64	44	55.48
Drivers: 8
id	x	y	end	sensitivity
411	118.1	48	43	0.94
412	19.83	97.75	43	1.86
413	77.27	155.48	45	1.05
414	46.65	122.41	43	0.78
415	150.61	106.41	44	0.68
416	142.65	69.48	43	1.68
417	0.04	59.81	43	1.23
418	76	170.25	43	1.04
Period: 43
Tasks:18
id	x	y	end	c
655	125.36	58.36	45	48.75
656	192.92	110.53	46	93.51
657	177.01	187.28	45	116.4
658	97.15	55.44	43	44.65
659	195.93	139.76	46	103.84
660	33.61	43.04	44	87.48
661	104.45	15.23	45	84.89
662	71.48	98.95	47	28.54
663	99.02	172.24	45	72.25
664	7.11	44.57	44	108.17
665	49.05	23.43	43	91.97
666	71.47	168.46	47	74.17
667	160.82	88.5	46	61.9
668	79.4	44.49	46	59.21
669	105.02	96.36	44	6.2
670	147.61	55	45	65.51
671	194.36	163.93	45	113.98
672	176.58	40.61	45	96.91
Drivers: 10
id	x	y	end	sensitivity
419	105.79	81.15	44	1.71
420	62.8	81.45	43	1.17
421	121.32	121.58	45	0.81
422	14.63	83.73	45	1.86
423	128.23	16.46	45	1.99
424	125.33	18.3	44	1.2
425	141.61	187.72	43	0.96
426	76.84	30.37	43	0.62
427	144.28	60.16	45	1.86
428	57.62	147.52	45	1.78
Period: 44
Tasks:13
id	x	y	end	c
673	16.05	55.88	47	94.84
674	95.41	112.39	44	13.21
675	57.13	19.71	46	91.02
676	172.55	132.93	45	79.67
677	140	183.55	46	92.63
678	183.37	194.73	47	126.19
679	155.76	66.23	44	65.19
680	167.81	48.74	47	85
681	57.65	154.25	48	68.82
682	136.5	1.34	45	105.2
683	100.66	92.64	46	7.39
684	138	196.74	47	103.94
685	169.94	1.78	48	120.58
Drivers: 9
id	x	y	end	sensitivity
429	84.06	145.29	46	1.42
430	179.17	187.62	46	1.08
431	41.52	158.71	44	0.52
432	83.72	137.89	46	1.71
433	168.63	115.25	44	0.74
434	176.93	20.92	46	0.76
435	105.68	171.18	45	1.57
436	111.37	137.96	45	1.53
437	198	80.78	44	1.77
Period: 45
Tasks:11
id	x	y	end	c
686	47.2	47.32	49	74.59
687	21	94.52	45	79.19
688	10.73	155.84	46	105.3
689	48.59	71.18	47	58.94
690	159.73	66.99	48	68.24
691	52.49	126.01	50	54.16
692	163.98	183.57	47	105.25
693	31.77	141.31	47	79.76
694	82.76	45.04	45	57.6
695	46.28	110.02	46	54.65
696	169.95	194.01	49	117.18
Drivers: 9
id	x	y	end	sensitivity
438	179.42	77.85	45	0.57
439	80.22	63.35	46	1.59
440	160.43	153.04	45	1.89
441	161.56	20.22	45	0.91
442	184.07	118.02	45	0.72
443	54.83	73.48	47	1.27
444	177.61	115.98	46	1.16
445	48.67	76.91	48	1.96
446	172.15	60.84	46	0.85
Period: 46
Tasks:12
id	x	y	end	c
697	89.12	195.6	47	96.22
698	43.46	179.03	48	97.17
699	82.57	140.06	48	43.69
700	174.46	85.92	46	75.78
701	124.54	62.32	47	44.97
702	147.72	127.15	52	54.9
703	114.24	22.09	47	79.2
704	144.75	89.04	47	46.07
705	30.82	82.79	48	71.29
706	14.39	101.53	50	85.62
707	34.85	117.98	50	67.59
708	18.45	129.08	49	86.58
Drivers: 11
id	x	y	end	sensitivity
447	99.46	45.86	46	1.61
448	84.27	28.08	46	1.53
449	191.06	188.73	46	1.55
450	4.81	149.58	48	0.61
451	194.13	159.62	48	1.33
452	27.57	109.98	49	1.27
453	78.17	96.51	47	1.02
454	107.29	136.69	46	1.54
455	74.95	9.17	46	0.65
456	51.97	153.9	46	1.49
457	199.77	37.19	47	0.9
Period: 47
Tasks:21
id	x	y	end	c
709	84.72	170.49	48	72.13
710	163.48	24.26	48	98.82
711	161.45	7.73	47	110.86
712	98.42	41.24	52	58.78
713	133.41	43.78	48	65.4
714	158.87	178.02	50	97.74
715	70.15	85.12	48	33.35
716	108.81	180.81	48	81.29
717	129.49	136.97	48	47.29
718	42.17	192.42	49	109.02
719	119.16	169.2	51	71.8
720	176.56	159.36	47	96.88
721	34.84	60.78	47	76.05
722	180.15	105.16	47	80.32
723	104.38	108.38	51	9.46
724	115.51	192.22	51	93.52
725	51.83	85.34	48	50.35
726	131.56	189.17	49	94.59
727	101.04	97.18	49	3.01
728	40.3	46.43	49	80.21
729	161.88	153.79	47	81.99
Drivers: 9
id	x	y	end	sensitivity
458	172.87	91.69	48	1.78
459	22.65	34.02	47	0.71
460	150.77	70.78	47	1.78
461	79.42	8.21	48	1.36
462	34.07	61.94	47	1.37
463	151.05	199.53	49	0.89
464	3.33	27.78	47	0.72
465	140.96	184.82	49	1.43
466	20.2	15.28	49	0.77
Period: 48
Tasks:11
id	x	y	end	c
730	27.73	183.61	49	110.52
731	178.24	13.15	49	116.89
732	3.64	136.05	50	102.88
733	7.12	38.25	50	111.53
734	9.58	192.68	49	129.48
735	21.97	159.01	51	97.83
736	164.72	59.78	48	76.2
737	27.92	68.58	53	78.63
738	10.51	51.7	49	101.69
739	159.32	73.1	49	65.13
740	142.51	124.82	52	49.23
Drivers: 16
id	x	y	end	sensitivity
467	30.63	131.4	48	1.31
468	123.52	57.7	48	1.93
469	56.36	24.75	48	1.28
470	4.06	15.74	51	1.51
471	194.97	44.65	51	0.65
472	32	147.43	50	1.73
473	108.54	171.26	48	1.27
474	112.69	74.43	49	1.47
475	90.14	2.86	49	1.42
476	113.68	153.28	48	1.86
477	39.11	26.52	51	1.64
478	154.11	174.81	50	0.92
479	125.61	196.51	48	0.89
480	142.01	100.61	49	1.84
481	125.74	152.27	50	0.71
482	14.31	112.8	51	1.86
Period: 49
Tasks:12
id	x	y	end	c
741	31.39	101.93	53	68.64
742	42.26	92.71	50	58.2
743	78.02	108.87	51	23.7
744	17.61	133.4	50	88.9
745	70.49	37.36	52	69.24
746	9.54	187.39	52	125.78
747	12.93	5.96	50	128.16
748	134.08	100.17	52	34.08
749	167.26	62.15	51	77.18
750	183.68	112.85	51	84.66
751	131.67	113.88	52	34.58
752	128.78	5.05	51	99.22
Drivers: 9
id	x	y	end	sensitivity
483	174.17	42.64	49	0.99
484	98.08	52	49	1.7
485	100.74	115.38	51	1.82
486	194.22	121.55	51	0.73
487	7.91	88.9	50	1.2
488	62.84	133.89	49	1.12
489	42.5	11.63	49	1.72
490	105.62	132.46	49	0.52
491	113.29	195.45	50	1.22
Period: 50
Tasks:13
id	x	y	end	c
753	107.83	130.4	51	31.39
754	182.51	34.91	52	105.09
755	22.23	58.36	53	88.22
756	32.16	52.87	52	82.6
757	15.62	111.87	52	85.21
758	80.32	104.51	52	20.19
759	151.62	72.94	50	58.28
760	130.34	162.73	51	69.68
761	76.8	27.51	53	76.11
762	127.45	185.42	52	89.72
763	106.74	97.48	52	7.2
764	44.79	141.42	50	69.02
765	164.69	151.82	50	82.89
Drivers: 12
id	x	y	end	sensitivity
492	172.03	80.63	52	0.83
493	34.2	74.6	50	1
494	183.27	129	52	1.7
495	30.49	186.57	52	0.61
496	44.29	48.52	52	1.16
497	103.02	190.67	52	0.9
498	35.87	135.66	52	1.29
499	18.19	90.61	52	0.77
500	139.75	143.05	51	0.54
501	90.62	130.92	51	1.35
502	72.19	79.74	50	1.54
503	58.17	155.46	53	0.95
Period: 51
Tasks:17
id	x	y	end	c
766	168.03	68.65	54	74.91
767	76.78	187.11	53	90.15
768	163.92	181.91	52	103.9
769	54.1	46.91	52	70.18
770	73.3	154.87	52	61.02
771	173.6	15.76	51	111.86
772	187.91	44.15	54	104.15
773	105.21	65.24	52	35.15
774	83.14	164.81	53	66.97
775	57.75	61.12	51	57.42
776	118.96	188.3	52	90.31
777	57.01	137.61	56	57.12
778	15.77	81.69	53	86.2
779	30.79	170.91	52	99.09
780	119.43	57.94	57	46.33
781	176.52	156.42	52	95.07
782	156.13	174.33	53	93.14
Drivers: 17
id	x	y	end	sensitivity
504	63.16	84.03	52	1.34
505	155.62	169.93	51	1.19
506	103.04	44.53	53	1.99
507	24.61	91.26	51	0.7
508	38.54	81.07	53	1.18
509	173.88	136.64	51	1.34
510	195.39	93.92	52	0.83
511	71.4	136.56	53	0.56
512	5.46	88.66	52	0.68
513	51.47	144.87	51	0.79
514	80.77	24.16	52	0.71
515	128.41	26.4	51	1.22
516	50.42	29.02	53	1.8
517	59.28	136.58	53	1.35
518	76.92	157.02	54	1.36
519	43.85	56.08	52	0.51
520	136.19	151.27	51	1.45
Period: 52
Tasks:17
id	x	y	end	c
783	53.5	14.2	52	97.59
784	15.16	68.72	57	90.42
785	96.8	43.02	56	57.07
786	21.71	174.26	53	107.91
787	6.51	184.62	53	126.1
788	59.65	3.84	54	104.28
789	184.68	26.31	54	112.25
790	123.36	109.69	53	25.29
791	193.21	55.22	53	103.41
792	185.44	13.8	53	121.37
793	88.17	58.13	55	43.51
794	7.51	126.37	54	96.18
795	50.58	131.26	55	58.48
796	115.9	18.74	55	82.8
797	172	99.27	56	72
798	129.29	81.56	55	34.61
799	104.91	49.32	53	50.92
Drivers: 11
id	x	y	end	sensitivity
521	128.08	42.56	54	1.29
522	31.66	191.5	52	1.78
523	65	93.77	54	1.11
524	24.19	144.87	53	1.12
525	119.45	152.17	56	1.01
526	167.44	118.62	52	0.7
527	124.19	31.61	52	1.28
528	56.83	124.04	53	1.39
529	3.77	5.41	53	1.53
530	146.18	175.21	52	1.33
531	39.07	6.66	54	0.72
Period: 53
Tasks:7
id	x	y	end	c
800	125.61	194.97	53	98.36
801	58.21	70.13	55	51.37
802	125.09	152.69	54	58.36
803	188.09	154.85	57	103.77
804	57.77	187.63	55	97.27
805	10.98	114.42	56	90.18
806	54.48	78.3	56	50.43
Drivers: 10
id	x	y	end	sensitivity
532	64.61	132.54	54	0.71
533	138.74	144.09	55	1.88
534	65.46	93.62	57	1.34
535	16.93	157.12	53	1.66
536	146.58	50.43	55	0.77
537	9.87	100.39	54	1.33
538	62.15	194.31	54	1.24
539	71.54	40.34	53	1.85
540	147.88	96.77	54	1.64
541	53.39	176.55	55	1.1
Period: 54
Tasks:17
id	x	y	end	c
807	42.26	65.19	56	67.42
808	119.98	22.53	56	80.01
809	78.17	112.03	57	24.93
810	168.44	15.86	54	108.46
811	172.52	42.62	61	92.47
812	190.51	169.84	55	114.32
813	38.59	161.23	55	86.72
814	9.06	57.62	55	100.33
815	6.6	170.13	54	116.8
816	82.68	142.44	54	45.84
817	11.77	71.2	56	92.81
818	66.3	74.55	58	42.23
819	104.09	182.53	56	82.63
820	93.6	139.53	57	40.04
821	190.66	29.71	56	114.72
822	100.13	148.18	56	48.18
823	19.9	65.28	55	87.3
Drivers: 11
id	x	y	end	sensitivity
542	165.59	63.5	56	1.09
543	129.74	178.24	55	1.16
544	20.81	159.93	54	1.31
545	56.12	95.87	54	1.29
546	57.34	149.67	54	1.3
547	188.37	7.36	55	0.7
548	75.03	36.18	55	1.15
549	1.73	162.02	54	1.26
550	133.57	84.94	56	1.17
551	83.9	182.78	55	1.41
552	102.35	116.45	54	1.84
Period: 55
Tasks:14
id	x	y	end	c
824	118.46	107.74	56	20.02
825	1.16	180.39	60	127.4
826	55.68	127.72	60	52.27
827	37.58	190.03	56	109.55
828	0.95	32.87	57	119.66
829	40.26	135.24	57	69.36
830	61.81	72.4	57	47.12
831	178.59	91.66	57	79.03
832	173.97	44.05	55	92.75
833	15.09	123.52	56	88.11
834	112.67	22.86	55	78.17
835	160.4	55.66	56	74.93
836	23.09	126.69	55	81.41
837	70.33	34.1	58	72.27
Drivers: 12
id	x	y	end	sensitivity
553	149.11	169.33	56	1.09
554	124.47	20.65	55	0.62
555	11.21	47.41	57	1.61
556	120.21	109.73	56	1.28
557	173.41	15.53	56	1.14
558	167.68	131.5	55	1.52
559	96.47	194.85	57	1.13
560	137.33	144.96	56	1.21
561	67.47	26.11	55	1.96
562	166.27	153.3	55	1.28
563	76.3	110.2	56	0.7
564	119.77	48.11	55	1.24
Period: 56
Tasks:8
id	x	y	end	c
838	145.71	145.79	60	64.7
839	9.72	135.21	56	96.9
840	56.58	127.5	57	51.4
841	50.27	138.55	60	62.92
842	94.22	145.9	57	46.26
843	129.92	186.18	59	91.23
844	94.83	159.15	59	59.38
845	165.68	23.15	56	101.09
Drivers: 8
id	x	y	end	sensitivity
565	73.28	78.11	56	1.33
566	31.07	106.46	59	0.96
567	71.97	28.54	56	1.07
568	92.36	104.84	56	1.47
569	186.72	70.24	56	1.19
570	106.06	181.62	56	1.52
571	7.01	138.74	56	1.06
572	3.62	10.57	57	1.65
Period: 57
Tasks:13
id	x	y	end	c
846	77.16	82.26	57	28.92
847	52.13	170.28	59	85.03
848	125.5	73.86	58	36.52
849	147.9	144.91	58	65.66
850	115.9	190.04	57	91.43
851	16.57	199.78	59	130.06
852	183.88	176.04	57	113.22
853	140.02	77.61	59	45.86
854	11.2	100.52	59	88.8
855	8.51	49.89	58	104.31
856	16.35	170.24	58	109.23
857	178.91	175.42	59	109.16
858	181.44	114.37	60	82.7
Drivers: 10
id	x	y	end	sensitivity
573	102.04	167.6	59	0.55
574	8.08	43.58	59	1.14
575	9.03	105.09	57	0.58
576	173.27	101.05	58	1.52
577	79.63	60.74	57	1.54
578	81.17	145.15	57	1.85
579	2.88	168.83	59	0.6
580	176.95	57.22	57	0.96
581	199.79	163.58	57	1.12
582	75.9	132.34	57	1.28
Period: 58
Tasks:16
id	x	y	end	c
859	103.07	145.26	61	45.36
860	139.37	197.19	61	104.86
861	120.7	109.36	59	22.72
862	82.56	94.32	62	18.34
863	5.99	107.45	61	94.3
864	148.76	111.52	60	50.1
865	192.1	106.84	63	92.35
866	177.74	116.86	59	79.55
867	167.11	157.75	62	88.54
868	57.96	106.17	61	42.49
869	58.97	17.44	62	92.19
870	105.45	49.54	59	50.75
871	134.3	38.29	60	70.6
872	157.98	53.08	59	74.59
873	21.36	168.66	60	104.4
874	31.05	58.66	59	80.39
Drivers: 8
id	x	y	end	sensitivity
583	165.96	149.11	58	1.87
584	133.9	51.54	58	1.23
585	62.51	8.2	58	1.79
586	177.03	78.25	58	1.02
587	95.94	151.02	58	1.64
588	153.67	136.5	62	1.22
589	53.62	110.85	58	0.64
590	64.26	80.47	58	1.84
Period: 59
Tasks:14
id	x	y	end	c
875	24.27	107.08	60	76.06
876	15.22	28.01	61	111.22
877	40.3	149.64	60	77.64
878	32.67	15.84	61	107.78
879	62.76	46.8	60	64.94
880	109.03	15.59	63	84.89
881	145.81	11.96	64	99.25
882	197.5	109.5	62	97.96
883	165.73	26.95	61	98.27
884	130.75	5.15	61	99.71
885	163.86	121.08	61	67.25
886	198.77	71.35	60	102.84
887	39.93	193.47	60	111.11
888	159.29	1	61	115.4
Drivers: 9
id	x	y	end	sensitivity
591	192.2	87.95	59	0.76
592	28.57	165.46	59	0.98
593	195.33	100.08	59	1.73
594	31.04	106.25	61	1.52
595	134.38	166.93	60	1.09
596	85.63	14.72	60	1.01
597	53.98	127.73	61	1.05
598	102.75	179.24	59	1.3
599	19.26	136.77	60	1.73
Period: 60
Tasks:12
id	x	y	end	c
889	101.04	150.89	61	50.9
890	84.39	9.19	64	92.14
891	21.53	74.07	63	82.64
892	110.25	129.47	62	31.2
893	97.12	122.78	62	22.96
894	137.3	110.4	63	38.72
895	168.34	33.75	62	95.18
896	147.1	133.96	61	58.07
897	187.59	133.13	60	93.65
898	96.62	106.71	63	7.51
899	65.14	17.89	62	89.2
900	47.73	96.84	60	52.37
Drivers: 14
id	x	y	end	sensitivity
600	53.77	51.55	60	1.43
601	33.19	130.76	60	1.31
602	78.42	193.94	63	1.12
603	55.24	144.81	61	0.69
604	64.29	194.35	60	0.99
605	65.81	177.15	61	1.48
606	77.65	162.09	62	1.33
607	16.27	96.82	60	1.94
608	109.26	75.19	61	0.96
609	133.72	198.91	61	0.75
610	65.19	167.31	60	0.85
611	199.29	125.59	62	0.96
612	99.9	125.65	61	1.16
613	25.94	160.38	60	1.26
Period: 61
Tasks:12
id	x	y	end	c
901	83.47	114.05	62	21.69
902	85.71	55.39	64	46.84
903	94.02	105.05	63	7.83
904	12.08	41.53	62	105.59
905	197.28	103.72	62	97.35
906	77.38	5.64	62	97.03
907	14.22	90.13	62	86.35
908	153.63	106.78	64	54.06
909	75.91	38.55	62	66
910	26.3	118.33	63	75.95
911	100.23	178.49	63	78.49
912	57.12	158.9	61	72.86
Drivers: 9
id	x	y	end	sensitivity
614	22.44	145.45	61	1.39
615	137.87	179.28	61	1.26
616	126.87	147.82	61	1.43
617	95.56	124.86	61	1.17
618	112.56	113.19	61	1.42
619	17.87	184.45	61	1.02
620	163.5	145.79	61	0.62
621	93.29	56.72	61	0.69
622	97.67	60.29	61	1.98
Period: 62
Tasks:18
id	x	y	end	c
913	76.44	179.87	64	83.27
914	63.34	164.8	63	74.45
915	41.81	85.33	66	60.01
916	36.23	7.06	62	112.71
917	85	101.33	62	15.06
918	34.17	76.82	66	69.79
919	158.32	94.19	63	58.61
920	48.8	87.92	64	52.61
921	23.54	13.12	62	115.73
922	148.94	4.41	64	107.39
923	150.09	94.94	66	50.34
924	58.65	24.66	65	85.94
925	4.23	157.17	62	111.54
926	193.09	41.17	63	110.12
927	140.04	94.33	66	40.44
928	27.94	42.77	64	92.02
929	66.23	186.38	64	92.75
930	135.11	157.78	62	67.61
Drivers: 7
id	x	y	end	sensitivity
623	128.82	152.88	63	1.95
624	173.91	12.91	62	1.59
625	149.26	15.26	63	0.54
626	124.39	168.36	63	1.44
627	29.64	52.87	63	1.73
628	149.79	32.46	63	1.19
629	10.44	170.47	63	1.12
Period: 63
Tasks:21
id	x	y	end	c
931	41.97	2.37	64	113.57
932	157.97	100.07	65	57.97
933	104.42	166.48	64	66.63
934	86.32	35.88	63	65.56
935	49.4	73.64	63	57.05
936	127.79	123.42	66	36.34
937	197.91	79.1	64	100.12
938	188.75	132.87	63	94.64
939	103.61	103.9	64	5.31
940	32.63	32.51	64	95.36
941	162.26	30.23	65	93.51
942	90.99	88.57	64	14.55
943	1.3	21.04	66	126.4
944	98.27	53.05	63	46.98
945	125.05	21.43	63	82.47
946	56.57	62.56	65	57.34
947	175.63	157.66	65	95.1
948	17.2	128.22	64	87.48
949	177.04	13.26	67	116.01
950	15.4	89.68	67	85.23
951	83.59	3.36	63	98.02
Drivers: 10
id	x	y	end	sensitivity
630	47.43	145.51	63	1.66
631	161.98	19.14	63	1.43
632	45.5	197.95	64	1.24
633	49.28	199.74	63	1.07
634	88.46	49.86	64	0.62
635	18.18	76.88	64	0.79
636	189.85	15.8	63	1.23
637	171.17	137.04	64	0.79
638	108.38	152.16	65	1.39
639	116.68	20.79	64	1.73
Period: 64
Tasks:12
id	x	y	end	c
952	192.1	107.49	66	92.4
953	166.99	179.93	68	104.29
954	28.96	96.31	67	71.14
955	156.74	149.22	65	75.11
956	163.43	188.83	64	109.15
957	156.87	165.43	64	86.69
958	55.86	17.53	64	93.54
959	56.11	155.67	65	70.89
960	59.08	150.92	66	65.32
961	75.91	42.01	65	62.79
962	18.39	88.41	65	82.43
963	162.43	199.68	65	117.62
Drivers: 12
id	x	y	end	sensitivity
640	44.75	159.04	65	1.16
641	119.88	48.13	65	1.08
642	37.06	95.47	65	0.65
643	9.52	112.56	65	1.05
644	92.99	156.25	66	0.92
645	68.52	57.11	65	1.19
646	24.28	168.4	65	0.95
647	24.34	16.17	67	1.36
648	160.54	177.82	64	1.23
649	188.34	35.12	66	1.95
650	191.9	42.11	67	0.97
651	181.99	59.82	64	0.58
Period: 65
Tasks:14
id	x	y	end	c
964	32.27	67.15	69	75.28
965	142.79	121.99	66	48.11
966	165.54	119.45	68	68.37
967	124.11	35.76	67	68.62
968	151.89	175.92	68	91.96
969	2.11	45.07	68	112.25
970	32.8	92.23	70	67.65
971	39.55	14.06	68	105.07
972	195.77	119.34	66	97.7
973	125.6	45.91	67	59.84
974	91.23	12.49	66	87.95
975	132.49	9.53	68	96.13
976	31.03	37.67	67	92.96
977	161.62	180.68	66	101.52
Drivers: 12
id	x	y	end	sensitivity
652	52.87	99.9	65	0.56
653	178.65	178.55	65	1.46
654	158.4	92.08	65	1.64
655	11.15	135.64	67	1.92
656	82.95	196.26	67	1.78
657	37.94	3.21	65	1.99
658	121.92	32.57	67	1.77
659	162.46	108.3	66	1.07
660	111.11	65.93	66	0.84
661	157.38	139.87	66	0.94
662	136.92	6.25	65	0.79
663	131.13	8.8	67	0.76
Period: 66
Tasks:20
id	x	y	end	c
978	133.58	108.92	68	34.74
979	173.01	29.67	70	101.37
980	91.42	191.04	67	91.44
981	42.24	167.32	68	88.7
982	51.11	136	70	60.71
983	137.66	49.25	68	63.2
984	109.75	141.62	66	42.75
985	125.01	39.27	68	65.68
986	175.56	146.29	69	88.61
987	16.97	174.99	66	111.88
988	129.96	97.72	66	30.05
989	61.39	1.59	66	105.71
990	199.45	78.88	68	101.67
991	20.43	141.57	70	89.77
992	86.21	68.49	69	34.4
993	23.23	22.99	68	108.74
994	129.67	178.15	67	83.59
995	150.15	90.99	70	50.95
996	60.37	36.45	68	74.89
997	23.38	15.64	66	113.96
Drivers: 16
id	x	y	end	sensitivity
664	151.37	3.25	66	1.02
665	129.18	177.59	66	1.75
666	171.09	55.03	66	1.49
667	140.98	33.95	66	1.5
668	10.52	23.71	68	1.9
669	159.47	8.06	66	1.3
670	114.55	156.76	66	1.47
671	43.46	86.02	69	1.77
672	157.84	31.25	66	1.8
673	45.16	153.53	67	1.04
674	74.42	53.6	67	1.3
675	12.83	69.4	66	0.91
676	171.18	39.67	67	1.36
677	23.41	188.53	67	0.99
678	67.77	35.98	67	1.94
679	25.9	17.67	68	0.57
Period: 67
Tasks:20
id	x	y	end	c
998	47.93	83.73	68	54.55
999	99.06	41.8	69	58.21
1000	179.8	37.57	68	101.32
1001	119.59	118.78	69	27.14
1002	42.39	198.57	68	114.17
1003	30.98	156.44	69	89.16
1004	140.08	50.68	69	63.55
1005	14.62	69.8	68	90.56
1006	1.98	107.82	69	98.33
1007	150.95	135.5	69	62.1
1008	71.6	20.57	69	84.35
1009	122.98	123.78	68	33.07
1010	187.06	96.87	69	87.12
1011	98.63	160.71	68	60.73
1012	67.92	19.58	67	86.58
1013	144.89	24.69	70	87.67
1014	20.29	112.14	71	80.63
1015	160.64	181.23	70	101.37
1016	165.2	146.11	69	79.86
1017	73.4	88.39	67	29.02
Drivers: 7
id	x	y	end	sensitivity
680	59.14	77.54	67	0.78
681	159.19	132.87	68	0.52
682	191.14	195.62	67	1.38
683	103.28	133.03	68	1.42
684	55.15	191.28	69	1.49
685	198.47	43.18	69	0.71
686	179.18	5.54	68	1.31
Period: 68
Tasks:15
id	x	y	end	c
1018	69.55	180.79	70	86.34
1019	187.83	16.4	68	121.26
1020	35.05	142.8	74	77.78
1021	113.24	177.89	70	79.01
1022	108.94	60.46	70	40.54
1023	28.11	116.58	70	73.78
1024	102.8	58.61	72	41.48
1025	33.75	84.93	69	67.94
1026	17.27	153.91	69	98.74
1027	165.35	168.08	71	94.37
1028	119.82	3.46	73	98.55
1029	47.28	156.17	70	77.04
1030	83.2	147.61	71	50.49
1031	80.51	109.19	69	21.55
1032	128.57	107	71	29.42
Drivers: 5
id	x	y	end	sensitivity
687	46.76	131.19	69	1.62
688	47.02	191.25	70	1.87
689	67.74	67.97	70	1.18
690	147.06	46.83	71	1.14
691	133.33	173.52	69	1.3
Period: 69
Tasks:11
id	x	y	end	c
1033	171.45	123.77	71	75.3
1034	117.04	121.42	70	27.37
1035	55.43	162.5	72	76.76
1036	68.47	5.08	71	100.02
1037	82.73	80.63	70	25.95
1038	48.91	15.37	73	98.86
1039	170.47	85.66	72	71.91
1040	159.63	124.24	69	64.37
1041	34.88	185.38	70	107.38
1042	143.99	149.16	71	65.97
1043	155.53	99.59	70	55.53
Drivers: 18
id	x	y	end	sensitivity
692	152.97	41.22	71	0.94
693	86.95	37.96	72	0.58
694	141.17	113.77	69	0.72
695	132.57	151.5	69	1.97
696	113.52	194.32	70	0.62
697	34.91	168.39	69	1.76
698	78.15	172.26	69	1.88
699	75.39	4.31	69	0.81
700	191.85	117.82	69	1.67
701	154.93	54.98	70	1.92
702	5.27	103.23	70	0.69
703	110.04	15.42	71	1.8
704	104.48	187.79	69	1.14
705	102.54	37.98	71	1.56
706	21.83	39	69	1.38
707	106.29	40.36	70	0.69
708	61.04	54.77	70	1.91
709	195.14	152	70	0.82
Period: 70
Tasks:14
id	x	y	end	c
1044	84.03	116.06	77	22.65
1045	17.44	187.97	73	120.64
1046	78.95	94.88	72	21.66
1047	53.27	8.72	71	102.55
1048	21.94	31.66	72	103.75
1049	161.88	165.22	75	89.9
1050	54.81	107.46	74	45.8
1051	130.77	0.31	72	104.33
1052	27.07	63.26	73	81.66
1053	16.61	148.23	70	96.33
1054	140.7	72.4	71	49.18
1055	85.59	159.08	73	60.81
1056	9.95	196.06	71	131.67
1057	150.95	157.76	71	77.02
Drivers: 8
id	x	y	end	sensitivity
710	69.47	67.7	72	1.16
711	79.7	36.05	72	0.62
712	118.19	2.83	70	1.55
713	175.01	111.4	72	1.58
714	176.78	85.41	70	1.78
715	134.07	75.59	72	1.06
716	33.45	107.7	71	1.68
717	105.43	146	70	1.9
Period: 71
Tasks:13
id	x	y	end	c
1058	63.59	164.89	73	74.41
1059	121.75	186.82	72	89.5
1060	186.38	78.22	75	89.08
1061	151.47	41.57	72	77.87
1062	112.18	130.93	73	33.24
1063	43.3	184.64	71	101.88
1064	120.47	115.24	75	25.52
1065	98.38	141.08	73	41.11
1066	74.82	128.81	72	38.26
1067	26.89	95.25	71	73.26
1068	120.67	32.45	72	70.64
1069	91.95	8.36	74	91.99
1070	98.29	184.26	73	84.28
Drivers: 9
id	x	y	end	sensitivity
718	133.4	185.9	72	0.69
719	185.39	94.62	71	1.98
720	123.92	100.8	73	1.34
721	13.98	79.87	73	0.61
722	159.91	50.36	71	0.86
723	135.15	147.46	72	1.64
724	28.79	22.93	71	1.45
725	113.85	189.14	73	0.72
726	84.89	139.43	72	0.68
Period: 72
Tasks:17
id	x	y	end	c
1071	132.06	21.61	73	84.69
1072	108.45	147.06	73	47.81
1073	158.46	171.56	75	92.4
1074	109.39	83.55	74	18.94
1075	45.12	141.48	74	68.79
1076	103.86	149.93	75	50.08
1077	114.15	165.14	74	66.66
1078	149.53	25.92	76	89.11
1079	197.26	169.48	74	119.53
1080	31.65	105.9	73	68.6
1081	46.39	198.69	75	112.31
1082	140.91	4.93	73	103.5
1083	123.1	157.02	73	61.52
1084	161.2	27.01	75	95.25
1085	8.42	37.15	74	111.07
1086	85.26	191.84	75	93.02
1087	39.56	11.39	74	107.26
Drivers: 12
id	x	y	end	sensitivity
727	55.45	25.32	72	1
728	116.3	45.28	72	1.88
729	168.89	168.19	76	1.91
730	6.99	51.81	72	1.18
731	110.72	0.68	75	0.99
732	23.91	161.13	72	1.98
733	1.58	59.74	73	0.56
734	192.65	82.19	72	0.67
735	102.8	166.45	73	1.11
736	109.75	183.83	74	1.03
737	125	101.77	73	0.62
738	105.03	131.54	75	1.42
Period: 73
Tasks:13
id	x	y	end	c
1088	192.55	57.55	74	101.82
1089	195.19	13.16	74	128.85
1090	91.19	124.61	74	26.14
1091	193.06	74.57	74	96.47
1092	42.81	99.09	75	57.2
1093	144.69	182.16	75	93.53
1094	153.41	158.45	74	79.18
1095	23.02	196.88	74	123.74
1096	71.95	131.23	76	41.98
1097	52.88	105.18	75	47.4
1098	5.61	122.31	75	96.99
1099	65.84	97.66	76	34.24
1100	164.24	154.98	75	84.56
Drivers: 15
id	x	y	end	sensitivity
739	49.11	77.43	74	1.55
740	122.06	66.89	73	1.91
741	51.88	49.1	75	0.75
742	186.72	18.97	74	2
743	52.61	153.18	73	1.14
744	164.95	55.41	74	0.94
745	114.78	194.62	75	0.88
746	33	48.34	74	1.68
747	75.39	119.66	75	1.74
748	188.46	126.73	74	1.76
749	51.34	74.34	75	0.75
750	4.97	130.14	73	1.3
751	114.09	145.99	73	0.74
752	70.26	89.13	73	1.48
753	39.3	151.76	73	1.74
Period: 74
Tasks:12
id	x	y	end	c
1101	109.59	105.25	75	10.93
1102	166.23	12.02	76	110.12
1103	18.44	141.88	77	91.68
1104	142.45	146.25	75	62.78
1105	69.94	160.23	75	67.31
1106	38.88	141.41	75	73.83
1107	13.03	11.87	74	123.82
1108	117.74	102.86	74	17.97
1109	54.26	168.78	78	82.6
1110	144.29	54.74	75	63.33
1111	141.43	18.46	74	91.46
1112	65.69	140.87	77	53.36
Drivers: 8
id	x	y	end	sensitivity
754	20.3	1.71	78	1.05
755	18.3	94.8	75	1.66
756	35.84	100.31	76	1.76
757	40.09	42.24	74	1.92
758	54	79.38	74	0.72
759	167.87	2.72	74	0.78
760	139.79	111.53	75	0.51
761	86.98	3.5	74	0.89
Period: 75
Tasks:17
id	x	y	end	c
1113	197.21	10.27	76	132.29
1114	148.17	183	75	95.97
1115	33.26	101.05	76	66.75
1116	54.57	182.81	78	94.45
1117	96.3	126.8	78	27.05
1118	63.88	156.08	77	66.71
1119	39.21	39.2	79	85.98
1120	83.08	35.31	77	66.87
1121	150.87	37.84	77	80.32
1122	87.81	171.58	77	72.61
1123	81.34	147.35	80	50.89
1124	36.72	59.76	77	74.99
1125	198.52	50.42	76	110.29
1126	75.71	150.63	75	56.16
1127	129.21	29.31	76	76.49
1128	124.23	179.11	78	82.74
1129	0.36	173.98	79	124.1
Drivers: 10
id	x	y	end	sensitivity
762	62.27	104.92	76	0.69
763	2.39	152.46	75	1.95
764	161.06	134.05	76	1.29
765	10.47	131.12	75	0.8
766	150.74	96.61	75	1.83
767	46.18	190.24	77	1.99
768	11.03	143.02	76	1.06
769	124.36	52.88	77	1.81
770	64.76	37.74	77	1.27
771	59.2	16.13	75	0.97
Period: 76
Tasks:13
id	x	y	end	c
1130	100.83	29.59	80	70.41
1131	174.67	170.99	79	103.03
1132	176.18	78.81	78	79.07
1133	169.38	83.99	76	71.2
1134	56.15	23.61	77	88.08
1135	40.88	196.98	79	113.58
1136	37.96	136.89	77	72.18
1137	171.28	159.26	78	92.7
1138	104.07	110.87	76	11.61
1139	56.45	95.95	79	43.74
1140	110.82	16.62	77	84.08
1141	175.84	1.18	78	124.57
1142	107.37	77.58	78	23.6
Drivers: 12
id	x	y	end	sensitivity
772	35.55	187.74	76	0.91
773	168.06	193.05	77	0.68
774	16.22	81.48	78	1.76
775	121.89	43.53	77	0.53
776	37.99	48.32	77	1.76
777	70.33	13.91	77	1.93
778	3.66	11.32	76	1.75
779	197.39	142.41	77	1.3
780	39.89	30.25	76	1.14
781	144.82	175.97	76	0.77
782	150.15	109.35	76	1.23
783	183.69	154.88	76	0.85
Period: 77
Tasks:14
id	x	y	end	c
1143	143.48	8.54	79	101.27
1144	198.78	198.02	79	139.16
1145	102.61	193.68	78	93.72
1146	51.29	81.45	82	52.12
1147	41.69	104.14	79	58.46
1148	24.66	31.89	79	101.56
1149	48.28	8.99	77	104.68
1150	47.77	78.48	79	56.49
1151	102.55	78.93	80	21.22
1152	76.01	90.67	79	25.74
1153	59.44	182.78	79	92.18
1154	109.25	182.04	79	82.56
1155	90.91	109.72	78	13.31
1156	83.66	69.79	79	34.35
Drivers: 13
id	x	y	end	sensitivity
784	51.42	142.11	79	1.73
785	193.85	172.75	78	1.33
786	186.37	56.2	78	1.88
787	177.7	146.12	78	1.3
788	41.37	190.09	78	0.9
789	115.96	121.68	79	1.99
790	126.49	152.46	77	1.09
791	6.83	11.16	77	1.94
792	43.69	47.82	78	1.67
793	150.64	70.35	78	0.53
794	101.74	61.66	79	0.67
795	177.1	199.05	78	1.5
796	117.48	135.25	78	0.98
Period: 78
Tasks:17
id	x	y	end	c
1157	179.25	73.65	81	83.52
1158	152.36	37.56	78	81.49
1159	135.09	119.93	79	40.35
1160	36.95	155.56	81	84.04
1161	140.3	75.19	79	47.32
1162	68.34	147.89	79	57.41
1163	106.39	55.24	81	45.21
1164	160.18	44.23	79	82.05
1165	182.65	108.42	82	83.08
1166	163.88	22.17	79	100.69
1167	36.19	36.61	81	89.94
1168	91.44	188.93	81	89.34
1169	147.25	98.76	81	47.27
1170	97.28	184.65	78	84.69
1171	104.46	136.14	79	36.41
1172	45.53	169.71	81	88.47
1173	80.23	91.02	80	21.71
Drivers: 14
id	x	y	end	sensitivity
797	68.71	69.7	80	1.77
798	127.77	108.38	78	1.08
799	195.27	64.46	79	0.54
800	48.77	79.54	79	1.13
801	180.23	36.63	79	0.51
802	39.77	97.34	78	1.85
803	154.6	72.67	78	0.99
804	39.07	6.29	79	1.12
805	133.95	157.88	81	1.37
806	18.14	192.45	78	1.59
807	12.93	7	78	0.52
808	183.77	142.08	78	0.68
809	124.21	39.73	80	1.58
810	98.98	20.87	79	1.24
Period: 79
Tasks:13
id	x	y	end	c
1174	78.52	120.5	86	29.69
1175	9.53	110.63	82	91.09
1176	86.01	172.11	81	73.45
1177	121.2	72.45	82	34.76
1178	30.03	37.15	79	94.05
1179	44.36	87.7	80	56.98
1180	126.52	77.53	80	34.76
1181	162.35	87.88	81	63.52
1182	58.89	101.56	82	41.14
1183	89.47	143.13	80	44.4
1184	74.44	136.38	80	44.46
1185	184.68	177.5	80	114.79
1186	188.66	172.64	81	114.62
Drivers: 12
id	x	y	end	sensitivity
811	56.49	23.23	82	1.06
812	22.38	12.73	80	1.19
813	73.71	178.58	79	1.65
814	31.05	15.11	79	1.06
815	115.62	50.14	80	1.92
816	78.24	46.49	80	0.69
817	3.64	101.02	81	0.52
818	135.6	3.18	81	0.63
819	80.03	86.98	81	1.45
820	104.34	48.1	79	0.54
821	92.54	41.62	79	1.42
822	198.19	59.37	79	1.43
Period: 80
Tasks:16
id	x	y	end	c
1187	95.14	106.65	81	8.24
1188	91.1	78.16	81	23.58
1189	53.72	19.78	81	92.61
1190	134.46	20.37	82	86.77
1191	34.27	147.02	81	80.82
1192	9.84	185.56	83	124.3
1193	70.44	130.86	83	42.73
1194	126.41	176.2	81	80.65
1195	44.31	143.06	81	70.4
1196	16.52	159.91	83	102.75
1197	50.25	106.7	82	50.2
1198	104.35	150.3	81	50.49
1199	145.16	41.98	82	73.52
1200	22.08	87.52	83	78.91
1201	91.31	187.81	83	88.24
1202	160.53	189.28	82	107.86
Drivers: 9
id	x	y	end	sensitivity
823	131.12	125.02	80	1.84
824	82.11	171.11	80	1.02
825	88.4	111.19	81	1.03
826	26.95	127.53	80	0.65
827	168.38	52.43	80	1.12
828	48.35	144.62	82	0.52
829	48.75	75.09	81	0.53
830	187.3	15.66	80	0.92
831	131.7	26.36	81	1.52
Period: 81
Tasks:12
id	x	y	end	c
1203	28.13	118.69	83	74.26
1204	31.23	35.32	81	94.41
1205	103.11	193.29	81	93.34
1206	105.32	163.91	82	64.13
1207	103.47	40.39	83	59.71
1208	197.23	175.38	84	123.03
1209	109.33	67.68	84	33.64
1210	59.75	73.25	82	48.33
1211	140.14	127.17	83	48.47
1212	148.11	56.29	81	65
1213	159.74	111.84	83	60.9
1214	73.69	179.79	81	84.02
Drivers: 13
id	x	y	end	sensitivity
832	7.05	76.88	81	1.79
833	2.16	183.56	82	0.75
834	176.34	153.5	82	1.81
835	177.15	191.94	81	0.9
836	168.07	40.35	82	0.75
837	70.95	63.79	83	0.99
838	136.9	60.84	81	1.89
839	31.05	94.58	82	0.69
840	108.14	152.74	82	0.63
841	154.8	136.16	81	0.59
842	62.75	163.79	81	1.79
843	135.05	11.38	84	0.66
844	133.53	49.98	83	1.98
Period: 82
Tasks:17
id	x	y	end	c
1215	70.56	155.98	83	63.25
1216	116.41	136.91	82	40.39
1217	177.95	22.27	84	110.08
1218	39.23	145.23	83	75.75
1219	81.31	76.55	83	29.99
1220	168.45	73.33	83	73.46
1221	193.45	132.17	83	98.83
1222	48.98	112.55	83	52.54
1223	46.24	153.38	82	75.76
1224	102.27	121.32	82	21.44
1225	27.12	80.55	84	75.43
1226	168.59	7.6	83	115.08
1227	15.49	167.75	85	108.31
1228	49.18	35.7	85	81.96
1229	6.51	157.43	83	109.72
1230	71.17	10	84	94.5
1231	85.09	145.4	84	47.79
Drivers: 6
id	x	y	end	sensitivity
845	29.47	151.17	82	1.61
846	41.38	106.1	83	1.22
847	99.61	61.82	82	1.47
848	83.26	164.91	84	1.88
849	136.9	161.17	82	1.66
850	115.96	93.66	83	1.28
Period: 83
Tasks:20
id	x	y	end	c
1232	70.67	123.74	84	37.73
1233	147.63	53.77	88	66.38
1234	178.56	26.6	84	107.51
1235	187.9	88.79	88	88.61
1236	95.41	93.75	83	7.75
1237	17.75	176.54	83	112.35
1238	49.2	142.05	87	65.95
1239	170.4	136.91	86	79.49
1240	38.72	111.97	85	62.44
1241	161.4	2.24	90	115.44
1242	32.73	106.4	86	67.57
1243	125.38	5.36	85	97.98
1244	66.86	163.05	84	71.23
1245	33.28	2.16	84	118.42
1246	127.85	54.43	84	53.41
1247	5.16	115.77	87	96.14
1248	92.41	51.91	87	48.69
1249	151.28	103.49	84	51.4
1250	49.12	74.85	85	56.76
1251	48.54	73.65	85	57.81
Drivers: 10
id	x	y	end	sensitivity
851	103.44	171.52	83	0.95
852	132.02	101.35	83	0.85
853	118.19	50.72	83	1.36
854	24.37	31.95	84	1.84
855	61.89	70.17	84	1.24
856	33.72	61.97	84	0.83
857	91.03	90.75	83	1.83
858	134.85	91.59	84	0.78
859	186.9	98.65	85	1.92
860	167.01	69.4	83	1.21
Period: 84
Tasks:15
id	x	y	end	c
1252	63.51	198.76	84	105.29
1253	149.07	162.23	86	79.25
1254	105.18	146.37	86	46.66
1255	69.62	136.04	89	47.14
1256	74.05	167.34	86	72.17
1257	62.93	34.32	90	75.42
1258	31.73	79.93	88	71.16
1259	152.3	86.57	87	54
1260	111.97	56.16	86	45.44
1261	12.13	118.34	86	89.76
1262	144.55	34.39	85	79.31
1263	82.94	156.74	85	59.25
1264	11.55	37.86	85	108.1
1265	184.57	87.46	86	85.49
1266	111.26	126.08	86	28.41
Drivers: 17
id	x	y	end	sensitivity
861	106.37	21.5	85	1.36
862	10.87	91.87	86	1.09
863	148.2	110.25	86	1.34
864	190.22	143.83	85	1.55
865	72.5	195.07	85	0.81
866	2.35	114.08	85	0.68
867	194.5	127.29	84	0.75
868	196.31	5.39	84	1.29
869	86.37	43.58	84	1.79
870	107.48	74.93	85	0.68
871	60.96	22.47	85	0.92
872	51.47	16.63	85	0.83
873	134.34	158.98	85	1.67
874	160.38	77.22	84	1.86
875	15.08	92.11	84	1.72
876	60.7	103.06	85	0.68
877	72.34	174.14	84	1.28
Period: 85
Tasks:11
id	x	y	end	c
1267	59.9	115.81	88	43.1
1268	99.25	107.06	85	7.1
1269	191.18	4.6	86	131.97
1270	24.27	71.84	89	80.8
1271	57.03	156.84	91	71.25
1272	191.38	162.33	88	110.61
1273	99.32	68.88	89	31.13
1274	64.9	130.58	88	46.55
1275	28.3	151.3	86	88.16
1276	41.26	152.07	87	78.5
1277	74.69	121.66	88	33.31
Drivers: 15
id	x	y	end	sensitivity
878	99.92	135.31	85	1.53
879	55.06	78.5	86	0.86
880	1.39	143.51	86	1.61
881	170.83	178.59	86	1.76
882	104.86	131.3	86	0.78
883	189.28	56.54	87	1.07
884	36.22	114.09	87	1.7
885	182.79	156.76	85	1.03
886	36.5	147.63	89	1.16
887	98.63	45.62	86	1.3
888	38.05	138.18	86	1.42
889	162.75	0.22	85	0.53
890	156.12	79.53	86	0.98
891	145.83	31.57	85	0.88
892	79.11	72.55	86	1.58
Period: 86
Tasks:10
id	x	y	end	c
1278	67.25	158.64	87	67.17
1279	126.93	183.17	89	87.42
1280	73.98	196.77	87	100.21
1281	68.77	198.96	88	103.77
1282	173.48	124	91	77.3
1283	10.14	77.48	88	92.64
1284	32.97	7.32	88	114.38
1285	122.98	91.7	89	24.43
1286	79.51	167.22	88	70.27
1287	22.75	107.31	89	77.6
Drivers: 16
id	x	y	end	sensitivity
893	184.05	61.08	87	1.82
894	83.18	137.46	86	0.55
895	43.23	142.1	86	0.51
896	60.18	5.52	89	0.98
897	20.54	48.85	86	0.91
898	104.26	15.87	87	1.74
899	61.13	53.75	88	1.2
900	126.88	62.59	87	1.73
901	137.89	127.93	86	1.37
902	114.5	5.3	86	0.53
903	45.35	145.74	87	1.81
904	77.14	138.24	86	1.79
905	10.47	38.65	86	0.82
906	75.86	188.56	86	0.85
907	64.34	181.02	87	1.2
908	97.04	24.83	86	0.86
Period: 87
Tasks:16
id	x	y	end	c
1288	160.24	115.41	90	62.18
1289	109.01	157.14	87	57.85
1290	10.41	167.62	87	112.24
1291	162.4	52.41	90	78.48
1292	187.2	168.55	87	110.92
1293	195.06	5.52	88	134.03
1294	167.38	57.37	92	79.73
1295	20.67	101.5	88	79.34
1296	46.64	77.5	90	57.91
1297	110.27	90.9	88	13.72
1298	18.4	193.09	88	123.79
1299	104.23	27.8	89	72.32
1300	91.38	157.3	87	57.94
1301	119.81	164.01	88	67.01
1302	14.88	164.85	90	107.01
1303	17.99	106	90	82.23
Drivers: 10
id	x	y	end	sensitivity
909	172.61	60.32	90	0.99
910	97.14	195.98	88	1.2
911	81.89	14.72	87	1.74
912	16.71	64.69	89	1.35
913	6.02	2.2	87	1.46
914	85.06	80.62	87	1.09
915	68.01	160.43	88	0.67
916	187.45	64.74	87	1.08
917	36.59	161.72	87	1.52
918	74.27	195.41	89	1.89
Period: 88
Tasks:13
id	x	y	end	c
1304	40.39	102.69	89	59.67
1305	157.46	9.08	89	107.56
1306	186.34	113.06	92	87.32
1307	138.2	46.02	90	66.13
1308	57.9	106.36	89	42.58
1309	192.52	72.52	93	96.51
1310	88	78.74	89	24.41
1311	83.22	176.55	88	78.37
1312	105.97	11.23	93	88.97
1313	8.27	166.76	88	113.45
1314	26.62	189.53	91	115.76
1315	142.99	103.42	92	43.13
1316	149.35	184.52	90	97.87
Drivers: 8
id	x	y	end	sensitivity
919	168.81	102.33	89	1.37
920	88.68	168.93	88	0.72
921	47.39	118.42	91	1.63
922	45.34	149.99	89	1.53
923	59.23	194.73	90	0.68
924	142.96	77.76	88	0.69
925	51.53	119.94	89	0.71
926	20.56	53.38	89	1.73
Period: 89
Tasks:12
id	x	y	end	c
1317	123.66	132.45	92	40.16
1318	74.87	199.79	91	102.91
1319	172.23	3.38	90	120.63
1320	192.29	78.57	93	94.75
1321	48.6	4.55	90	108.41
1322	7.32	82.15	92	94.38
1323	139.9	125.93	91	47.59
1324	37.35	141.21	90	74.99
1325	138.09	41.83	92	69.53
1326	129.08	174.18	93	79.68
1327	128.74	56.11	91	52.46
1328	150.1	12.81	90	100.56
Drivers: 7
id	x	y	end	sensitivity
927	127.25	115.34	89	0.77
928	85.37	177.15	89	1.82
929	110.46	152.35	90	1.82
930	161.8	18.66	90	1.46
931	34.71	82.49	91	1.48
932	186.42	120.28	90	1.1
933	1.32	123.73	91	1.97
Period: 90
Tasks:15
id	x	y	end	c
1329	42.82	178.26	93	96.92
1330	30.65	156.87	93	89.69
1331	67.67	62.42	92	49.57
1332	136.59	64.46	90	51.01
1333	187.86	148.93	92	100.57
1334	121.22	154.4	93	58.39
1335	22.39	59.77	92	87.42
1336	94.68	148.69	91	48.98
1337	114.92	187.19	94	88.46
1338	128.65	103.52	93	28.87
1339	10.75	77.86	91	91.96
1340	195.19	89.87	91	95.73
1341	91.18	82.76	92	19.37
1342	64.45	80.62	93	40.49
1343	60.12	184.4	93	93.35
Drivers: 11
id	x	y	end	sensitivity
934	47.76	107.57	90	1.9
935	176.96	130.13	91	1.18
936	177.14	17.29	91	1.13
937	138.42	115.51	90	1.29
938	115.69	35.73	90	0.6
939	64.51	163.83	90	1.69
940	154.8	64.43	92	1.63
941	19.69	186.7	91	0.9
942	127.24	121.77	90	1.26
943	198.63	75.18	90	0.73
944	155.1	28.35	90	1.84
Period: 91
Tasks:16
id	x	y	end	c
1344	142.8	159.26	91	73.1
1345	184.58	18.56	93	117.41
1346	79.11	22.12	92	80.63
1347	118.49	194.49	92	96.28
1348	79.39	96.92	95	20.84
1349	127.64	166.38	94	71.9
1350	30.46	89.04	93	70.4
1351	42.06	35.85	92	86.44
1352	138.58	127.64	93	47.46
1353	64.01	12.47	96	94.64
1354	94.7	148.02	92	48.31
1355	106.17	132.14	94	32.73
1356	115.32	124.04	94	28.51
1357	156.93	177.09	91	95.83
1358	84.72	117.13	93	22.95
1359	31.25	29.18	95	98.7
Drivers: 13
id	x	y	end	sensitivity
945	45.5	172.39	91	1.55
946	83.24	163.69	91	1.81
947	93.58	105.48	92	1.68
948	129.41	102.8	93	1.48
949	108.96	21.86	91	1.97
950	172.69	87.98	92	1.29
951	39.61	121.1	91	1.94
952	136.47	189.22	93	0.57
953	31.33	70.8	92	1.49
954	41.95	189.72	92	0.86
955	15.62	198.42	91	1.32
956	172.89	80.11	92	1.46
957	199.26	127.46	91	1.62
Period: 92
Tasks:16
id	x	y	end	c
1360	105.13	148.3	96	48.57
1361	142.05	31.15	94	80.68
1362	86.2	41.24	92	60.36
1363	144.48	84.4	96	47.14
1364	190.75	22.5	92	119.34
1365	186.42	44.7	93	102.6
1366	153.23	151.57	95	74.11
1367	10.66	76.66	94	92.34
1368	174.01	135.37	95	82.03
1369	60.94	51.21	95	62.5
1370	83.64	93.91	92	17.46
1371	21.92	176.18	96	109.09
1372	1.66	62.24	93	105.34
1373	56.64	111.74	93	44.92
1374	170.11	25.77	93	102.11
1375	116.24	31.34	94	70.55
Drivers: 12
id	x	y	end	sensitivity
958	144.16	88.38	93	1.4
959	174.98	116.9	96	0.63
960	155.81	135.88	93	1.75
961	134.94	66.44	92	1.52
962	178.8	150.42	93	1.55
963	135.82	128.1	92	1.15
964	136.35	162.94	92	0.65
965	78.82	179.67	92	1.93
966	196.11	132	92	1.25
967	113	93.97	92	1.7
968	193.89	180.35	92	1.73
969	153.59	180.83	92	1.08
Period: 93
Tasks:14
id	x	y	end	c
1376	62.87	198.75	94	105.5
1377	186.2	189.11	95	123.98
1378	12.41	168.39	96	111.13
1379	80.03	127.9	93	34.31
1380	170.99	175.89	95	103.92
1381	114.97	144.71	93	47.15
1382	138.35	45.03	96	67.03
1383	159.03	86.91	95	60.46
1384	55.38	150.4	96	67.31
1385	103.3	113.95	96	14.34
1386	123.85	182.65	97	86.02
1387	144.12	127.15	94	51.8
1388	117.9	63.64	93	40.53
1389	96.36	140.61	95	40.77
Drivers: 7
id	x	y	end	sensitivity
970	133.67	144.04	95	1.26
971	90.34	28.84	94	1.24
972	55.49	2.7	93	1.64
973	148.33	23.32	93	0.59
974	63.58	10.22	93	1.84
975	8.07	173.78	93	1.31
976	47.46	114.62	94	1.25
Period: 94
Tasks:16
id	x	y	end	c
1390	51.35	28.62	96	86.38
1391	178.5	53.72	97	91.13
1392	41.74	158.48	98	82.55
1393	115.26	193.17	94	94.41
1394	192.89	11.19	94	128.51
1395	159.08	119.31	97	62.16
1396	172.55	125.39	95	76.86
1397	95.18	50.06	95	50.17
1398	181.97	23.98	96	111.79
1399	65.52	15.23	96	91.51
1400	124.29	99.17	98	24.3
1401	97.22	69.34	97	30.79
1402	176.76	98.6	95	76.77
1403	61.71	39.72	96	71.41
1404	173.41	89.07	97	74.22
1405	76.63	140.05	96	46.37
Drivers: 11
id	x	y	end	sensitivity
977	90.9	178.64	95	0.57
978	4.89	46.25	96	0.98
979	23.81	122.41	94	1.28
980	152.53	78.08	97	1.39
981	21.22	23.15	94	1.49
982	120.37	92.86	94	1.75
983	169.5	54.9	95	1.94
984	118.69	89.73	97	0.79
985	59.84	81.77	94	1.86
986	114.72	100.98	95	1.39
987	49.84	88.28	98	1.01
Period: 95
Tasks:15
id	x	y	end	c
1406	125.53	117.43	98	30.91
1407	17.66	194.73	96	125.51
1408	112.59	157.36	96	58.73
1409	43.8	69.37	95	64
1410	55.97	99.57	96	44.03
1411	37.7	74.68	96	67.25
1412	56.86	54.02	97	63.05
1413	52.01	191.38	98	103.22
1414	138.48	155.89	97	67.86
1415	31.57	125.29	98	72.95
1416	130.97	127.61	96	41.49
1417	109.53	91.58	96	12.72
1418	112.81	162.2	95	63.51
1419	150.61	50.29	96	70.94
1420	97.3	137.98	97	38.08
Drivers: 10
id	x	y	end	sensitivity
988	116.5	30.26	96	1.32
989	189.57	3.14	96	1.64
990	3.32	151.46	95	1.53
991	75.62	132.83	97	1.02
992	4.26	52.51	96	1.23
993	14.59	4.22	96	1.79
994	170.59	137.21	97	1.52
995	178.77	53.94	96	1.82
996	184.62	98.86	98	1.49
997	20.05	84.28	95	0.63
Period: 96
Tasks:17
id	x	y	end	c
1421	145.28	73.99	97	52.22
1422	169.68	102	97	69.71
1423	174.1	86.16	98	75.38
1424	59.89	34.55	98	76.76
1425	25.94	155	97	92.25
1426	161.91	166.84	98	91.11
1427	37.15	125.51	99	67.83
1428	135.16	2.83	98	103.34
1429	111.13	51.23	96	50.02
1430	70.66	126.59	98	39.6
1431	49.61	58.74	100	65.13
1432	17.94	138.89	98	90.81
1433	163.06	9.85	97	110.02
1434	73.36	55.57	96	51.8
1435	93.5	97.55	96	6.95
1436	107.15	156.53	98	56.98
1437	107.31	133.29	100	34.08
Drivers: 11
id	x	y	end	sensitivity
998	116.46	184.85	96	1.04
999	76.49	0.44	97	1.79
1000	68.77	160.27	97	0.98
1001	72.72	91.6	98	1.15
1002	141.01	104.68	97	1.23
1003	118.38	190.63	97	0.81
1004	23	113.24	96	0.92
1005	167.09	97.37	96	0.72
1006	9.75	28.44	99	1.8
1007	61.56	107.15	96	1.47
1008	87.5	120.19	96	1.72
Period: 97
Tasks:17
id	x	y	end	c
1438	89.38	57.97	101	43.35
1439	115.02	184.44	98	85.77
1440	116.24	194	98	95.39
1441	18.78	128.57	100	86.1
1442	10.42	103.66	99	89.65
1443	131.22	144.12	101	54.05
1444	33.93	114.71	99	67.69
1445	26.16	129.01	99	79.33
1446	150.39	189.64	99	102.83
1447	104.74	101.63	101	5.01
1448	174.08	57.95	97	85.18
1449	53.24	57.75	101	63.02
1450	115.85	41.88	100	60.24
1451	43.95	190.38	97	106.35
1452	174.26	49.14	101	90.01
1453	33.84	37.91	98	90.73
1454	188.25	127.62	100	92.47
Drivers: 3
id	x	y	end	sensitivity
1009	141.16	89.66	99	1.45
1010	123.23	1.25	99	0.57
1011	17.69	139.78	97	0.52
Period: 98
Tasks:10
id	x	y	end	c
1455	123.06	180.91	103	84.13
1456	170.71	47.77	100	87.91
1457	107.09	161.14	99	61.55
1458	124.06	129.33	100	37.94
1459	116.24	160.95	98	63.08
1460	103.03	110.54	98	10.97
1461	82.05	47.44	101	55.54
1462	29.15	107.81	99	71.28
1463	58	170.8	100	82.32
1464	1.19	71.53	100	102.83
Drivers: 15
id	x	y	end	sensitivity
1012	160.59	34.96	99	0.59
1013	152.15	166.52	100	1.49
1014	83.53	0.75	99	1.43
1015	95.88	52.85	99	1.4
1016	177.43	38	98	1.59
1017	187.44	55.45	99	1.51
1018	114.54	60.66	98	0.75
1019	43.91	32.87	98	0.56
1020	106.18	190.21	98	1.01
1021	36.8	16.95	98	0.95
1022	100.1	147.56	98	0.85
1023	83.91	106.2	98	1.66
1024	20.28	133.96	99	0.92
1025	148.19	98.71	100	1.67
1026	134.09	172.62	100	1.67
Period: 99
Tasks:13
id	x	y	end	c
1465	84.85	29.2	100	72.4
1466	77.58	155.08	100	59.47
1467	178.64	83.35	100	80.38
1468	49.54	158.34	102	77.13
1469	69.44	109.17	100	31.91
1470	171.25	33.69	102	97.33
1471	39.32	133.16	100	69.15
1472	24.34	58.54	100	86.27
1473	187.21	121.67	103	89.86
1474	71.84	107.24	100	29.08
1475	175.6	168.98	101	102.34
1476	166.13	115.16	102	67.85
1477	187.99	195.99	100	130.22
Drivers: 7
id	x	y	end	sensitivity
1027	33.17	12.36	101	2
1028	185.8	116.8	100	0.57
1029	23.42	119.63	99	0.9
1030	0.1	23.7	99	1.06
1031	65.18	33.68	99	1.63
1032	85.78	105.3	100	0.77
1033	8.71	107.26	102	1.51
Period: 100
Tasks:9
id	x	y	end	c
1478	59.45	131.3	104	51.22
1479	161.77	59.59	101	73.81
1480	5.91	98.75	103	94.1
1481	78.68	39.33	104	64.31
1482	69.63	126	103	39.98
1483	171	5.8	102	117.96
1484	109.84	50.84	100	50.14
1485	19.97	82.46	101	81.93
1486	115.83	175.09	100	76.74
Drivers: 8
id	x	y	end	sensitivity
1034	4.64	154.51	100	0.67
1035	12.61	145.07	101	1.99
1036	145.77	179.78	101	0.84
1037	151.58	182.88	100	1.44
1038	177.97	198.39	101	1.05
1039	9.7	127.03	101	1.1
1040	43.85	85.93	101	0.98
1041	133.38	82.45	102	0.52
