Periods: 100
Task Arrival Rate: 15
Task Average Time: 1
Driver Arrival Rate: 10
Driver Average Time: 3
Period: 1
Tasks:15
id	x	y	end	c
1	56.69	45.47	1	69.64
2	99.89	130.96	3	30.96
3	182.68	36.74	2	104.1
4	180.95	25.25	2	110.18
5	117.42	34.05	2	68.21
6	35.07	37.05	1	90.44
7	180.19	16.02	2	116.12
8	184.59	48.96	1	98.8
9	190.98	27.55	2	116.3
10	56.67	88.54	3	44.82
11	153.68	30.71	1	87.65
12	91.24	71.05	2	30.25
13	34.49	75.8	3	69.84
14	87.49	171.16	1	72.25
15	82.78	191.54	1	93.15
Drivers: 12
id	x	y	end	sensitivity
1	149.1	157.62	7	1.26
2	2.18	67.3	5	1.62
3	186.92	198.93	3	0.95
4	23.6	148.32	4	1.95
5	115.61	5.73	4	1.53
6	14.18	149.36	4	0.94
7	139.54	157.67	4	0.61
8	198.83	20.95	2	1.48
9	26.32	80.52	7	1.94
10	160.09	165.74	3	1.07
11	172.65	140.55	5	0.8
12	53.63	150.41	5	1.87
Period: 2
Tasks:21
id	x	y	end	c
16	37.04	24.98	3	97.94
17	193.4	25.96	2	119.19
18	6.52	91.83	3	93.84
19	73.22	61.53	4	46.87
20	75.65	159.28	4	64.09
21	44.14	123.36	3	60.55
22	101.8	76.1	2	23.97
23	27.15	152.21	3	89.63
24	47.13	105.04	3	53.11
25	92.51	123.84	3	24.99
26	2.82	109.61	3	97.65
27	134.61	123.72	3	41.96
28	97.97	101.46	3	2.5
29	28.04	189.91	4	115.16
30	7.8	179.81	5	121.94
31	107.58	108.08	3	11.08
32	30.7	150.27	4	85.61
33	177.65	156.88	3	96.25
34	108.21	163.85	3	64.38
35	89.89	29.89	5	70.84
36	37.92	143.98	3	76.08
Drivers: 13
id	x	y	end	sensitivity
13	187.4	50.54	6	1.66
14	123.03	173.66	3	1.15
15	150.22	26.5	5	1.23
16	86.87	93.96	8	1.4
17	138.52	197.91	6	0.69
18	24.12	60.72	3	1.55
19	96.41	14.64	5	0.87
20	42.86	15.51	5	1.38
21	55.67	21.04	2	0.56
22	36.01	122.92	3	1.8
23	115.58	164.77	3	1.34
24	29.73	110.83	4	0.72
25	135.46	1.39	4	0.72
Period: 3
Tasks:14
id	x	y	end	c
37	148.38	144.44	3	65.69
38	141.17	2.11	5	106.2
39	121.63	35.83	4	67.72
40	187.03	99.19	3	87.03
41	122.86	193.69	4	96.44
42	104.92	28.56	4	71.61
43	189.91	118.35	6	91.76
44	9.29	24.08	5	118.29
45	68.87	154.41	3	62.69
46	123.25	166.96	5	70.88
47	69.43	75.12	3	39.41
48	130.46	144.39	4	53.84
49	84.8	27.73	4	73.85
50	66.88	20.87	3	85.78
Drivers: 10
id	x	y	end	sensitivity
26	39.01	158.26	6	1.4
27	59.81	95.94	3	1.42
28	115.76	157.01	7	1.24
29	196.72	107.67	4	1.16
30	166.2	51.64	5	0.65
31	130.28	181.42	9	1.6
32	38.13	163.4	4	1.13
33	26.99	136.28	8	1.93
34	50.06	69.25	7	0.52
35	180.02	105.9	9	1.32
Period: 4
Tasks:14
id	x	y	end	c
51	162.64	198.96	7	117.12
52	173.83	193.85	6	119.41
53	64.06	127.57	4	45.3
54	123.86	66.85	4	40.84
55	85.95	34.48	4	67.01
56	34.02	130.05	5	72.5
57	77.58	96.31	6	22.72
58	85.03	56.98	5	45.55
59	111.54	21.67	5	79.18
60	43.68	79.81	6	59.83
61	59.61	130.23	4	50.45
62	131.41	73.66	5	40.99
63	126	22.32	5	81.92
64	183.97	1.14	6	129.71
Drivers: 9
id	x	y	end	sensitivity
36	16.19	4.32	4	0.62
37	131.07	194.54	5	0.77
38	170.27	79.17	7	1.1
39	1.36	76.76	6	0.64
40	116.91	147.66	4	1.97
41	139.81	119.48	5	0.85
42	124.12	142.36	9	1.19
43	10.62	199.81	7	1.35
44	20.03	43.43	5	0.87
Period: 5
Tasks:16
id	x	y	end	c
65	42.42	2.84	8	112.94
66	78.75	181.38	7	84.11
67	134.94	196.75	6	102.87
68	15.14	72.68	6	89.15
69	181.39	91.88	6	81.79
70	10.94	57.97	6	98.48
71	143.87	184.3	5	95.03
72	153.42	170.93	5	88.8
73	120.51	168.94	7	71.93
74	14.56	170.82	6	110.98
75	25.05	146.52	5	88.21
76	153.71	159.56	6	80.2
77	103.24	139.33	6	39.46
78	98.54	117.83	5	17.89
79	4.8	104.91	5	95.33
80	161.78	39.53	7	86.45
Drivers: 10
id	x	y	end	sensitivity
45	158.77	124.37	7	1.54
46	7.1	20.3	9	1.8
47	59.23	42.54	8	0.93
48	176.88	26.46	6	1.02
49	116.79	140.26	6	0.56
50	122.33	146.28	8	1.74
51	156.5	108.17	7	1.71
52	34.64	167.15	7	0.56
53	162.08	8.07	8	0.54
54	187.62	22.2	7	1.67
Period: 6
Tasks:20
id	x	y	end	c
81	116.09	174	7	75.73
82	79.44	166.03	7	69.16
83	179.74	115.58	7	81.25
84	145.18	10.53	7	100.23
85	97.63	158.97	6	59.02
86	98.52	166.55	6	66.57
87	123.74	86.54	6	27.29
88	142.05	98.25	8	42.09
89	191.18	8.69	8	129.04
90	134.02	45.56	7	64.2
91	122.65	90.32	8	24.63
92	77.4	43.91	6	60.47
93	199.46	117.08	7	100.92
94	142.18	85.88	6	44.48
95	16.42	33.1	7	107.06
96	55.64	67.65	8	54.9
97	169.97	62.63	6	79.32
98	174.3	58.14	7	85.28
99	167.54	19.21	6	105.3
100	191	118.24	8	92.81
Drivers: 7
id	x	y	end	sensitivity
55	28.04	70.97	7	1.69
56	146.99	67.64	6	1.36
57	136.99	64.84	8	1.63
58	180.62	78.63	10	1.32
59	182.99	16.83	6	1.57
60	60.2	47.25	12	0.91
61	154.2	0.35	14	1.64
Period: 7
Tasks:16
id	x	y	end	c
101	85.83	166.28	10	67.78
102	157.81	109.54	8	58.59
103	59.24	107.18	9	41.39
104	183.54	39.07	8	103.4
105	62.7	87.12	8	39.46
106	116.7	29.28	7	72.67
107	170.36	181.7	7	107.82
108	45.78	8.92	7	106
109	119.68	103.55	8	20
110	65.93	127.07	8	43.51
111	92.41	140.17	7	40.88
112	153.47	147.13	7	71.28
113	195.64	56.83	8	104.93
114	129.01	47.37	7	60.1
115	140.12	69.74	9	50.25
116	132.73	196.99	7	102.36
Drivers: 6
id	x	y	end	sensitivity
62	49.78	72.39	8	0.52
63	13.81	183.75	7	1.81
64	140.21	122.94	15	0.64
65	178.56	177.13	8	1.59
66	189.63	47.83	10	0.91
67	190.12	116.84	10	1.14
Period: 8
Tasks:19
id	x	y	end	c
117	116.62	134.73	10	38.5
118	134.75	46.01	8	64.21
119	108.26	92.11	10	11.42
120	7.04	102.49	10	92.99
121	38.62	156.64	9	83.52
122	191.6	172.14	9	116.6
123	160.26	62.03	9	71.22
124	96.07	113.74	8	14.29
125	161.27	153.13	8	81.1
126	21.77	39.06	10	99.16
127	198.1	14.69	9	130.01
128	74.27	151.2	10	57.3
129	2.83	5.1	8	135.82
130	184.19	30.93	9	108.9
131	21.69	159.39	10	98.28
132	88.17	23.42	9	77.49
133	100.26	69.96	11	30.04
134	46.18	112.04	8	55.15
135	170.15	197.95	9	120.48
Drivers: 9
id	x	y	end	sensitivity
68	104.48	47.2	13	1.01
69	87.96	9.37	9	0.55
70	154.52	116.94	12	1.21
71	149.11	129.14	15	1.92
72	65.3	83.63	13	0.51
73	33.22	7.81	10	0.82
74	116.35	190.35	11	1.6
75	10.67	39.91	11	1.59
76	0.27	198.96	13	1.9
Period: 9
Tasks:10
id	x	y	end	c
136	143.12	144.62	10	62.05
137	145.84	77.15	9	51.22
138	35.62	58.23	10	76.74
139	8.44	194.99	9	131.93
140	145	41.52	9	73.79
141	100.46	5.27	10	94.73
142	137.76	108.18	11	38.64
143	112.76	30.89	9	70.28
144	11.01	19.76	10	119.82
145	114.55	147.48	10	49.66
Drivers: 6
id	x	y	end	sensitivity
77	177.65	99.57	15	1.23
78	52.95	198.08	10	1.48
79	77.96	121.05	11	0.67
80	31.86	170.93	12	0.56
81	102.07	119.48	11	1.85
82	33.57	111.6	14	1.74
Period: 10
Tasks:15
id	x	y	end	c
146	154.36	18.72	10	97.78
147	123.46	125.5	13	34.65
148	34.01	155.77	10	86.4
149	53.93	81.3	11	49.72
150	110.91	116.93	10	20.14
151	33.97	178.06	14	102.24
152	87.8	85.81	10	18.71
153	90.15	128.28	10	29.95
154	15.82	31.52	11	108.52
155	129.32	174.49	10	80.05
156	67.1	110.34	11	34.49
157	102.03	172.2	10	72.23
158	145.61	191.02	12	101.81
159	158.89	105.98	11	59.19
160	83.87	2.22	10	99.1
Drivers: 12
id	x	y	end	sensitivity
83	85.4	22.13	12	1.65
84	82.35	157.6	15	0.84
85	18.59	20.66	15	1.68
86	60.19	39.4	13	1.72
87	6.48	76.14	15	1.4
88	66.83	5.41	13	1.16
89	99.21	78.5	14	1.02
90	182.72	18.34	16	1.11
91	122.04	21.55	14	1.92
92	166.47	67.29	12	1.18
93	143.73	105.19	14	0.64
94	160.59	165.82	13	1.16
Period: 11
Tasks:14
id	x	y	end	c
161	147.76	156.25	11	73.79
162	37.32	136.56	11	72.56
163	28	191.06	12	116.09
164	30.08	23.91	11	103.34
165	52.21	1.28	12	109.68
166	105.26	72.46	13	28.04
167	43.85	24.38	12	94.19
168	131.36	126.35	13	40.96
169	83.57	35.09	11	66.96
170	115.64	157.64	13	59.72
171	148.32	154.61	14	72.92
172	58.37	148.86	14	64.19
173	147.79	4.71	14	106.6
174	105.24	189.23	12	89.38
Drivers: 12
id	x	y	end	sensitivity
95	52.38	71.26	15	1.84
96	133.27	153.25	15	0.89
97	179.94	141.12	17	1.47
98	38.84	78.89	13	1.31
99	7.48	37.23	16	1.33
100	146.37	44.17	14	1.05
101	99.3	12.17	16	1.38
102	141.19	154.53	13	0.61
103	186.28	145.83	12	1.76
104	171.83	153.4	15	0.87
105	107.02	176.7	16	1.04
106	0.07	148.79	16	1.52
Period: 12
Tasks:14
id	x	y	end	c
175	146.6	159.18	12	75.32
176	198.03	144.54	16	107.67
177	146.48	68.35	14	56.23
178	115.58	63.08	14	40.07
179	133.24	85.07	13	36.44
180	187.61	149.24	12	100.5
181	84.65	46.6	13	55.56
182	60.56	91.04	16	40.44
183	86.73	181.28	14	82.36
184	126.89	62.64	13	46.03
185	69.03	119.03	12	36.35
186	5.4	94.17	14	94.78
187	190	154.41	12	105.17
188	28.72	2.64	12	120.66
Drivers: 8
id	x	y	end	sensitivity
107	98.79	189.05	15	1.35
108	31.39	181.2	14	0.72
109	189.37	115.6	13	1.16
110	68.57	61.12	16	0.55
111	38.58	36.02	14	1.81
112	140.77	63.25	13	0.98
113	8.29	189.35	15	1.14
114	36.54	88.91	15	0.72
Period: 13
Tasks:14
id	x	y	end	c
189	164.73	181.64	13	104.19
190	135.07	174.52	13	82.36
191	5.74	37.37	13	113.17
192	172.41	156.75	15	92
193	191.63	91.47	13	92.03
194	53.66	160.44	16	76.16
195	78.85	165.74	13	69.06
196	30.08	183.22	13	108.69
197	142.01	15.96	14	93.96
198	107.81	22.91	18	77.48
199	126.7	101.06	13	26.72
200	52.5	197.48	13	108.44
201	60.44	165.88	17	76.85
202	154.11	59.49	14	67.59
Drivers: 15
id	x	y	end	sensitivity
115	80.93	155.32	15	1.59
116	12.51	196.35	14	1.48
117	135.8	181.88	17	0.99
118	125.68	124.16	15	1.64
119	106.77	56.71	15	1.68
120	26.65	97.51	16	1.95
121	152	0.89	16	0.85
122	65.7	1.58	16	0.8
123	21.98	151.49	15	0.85
124	131.81	46.74	16	0.73
125	103.98	142.49	19	1.38
126	12.41	137.71	15	0.51
127	174.05	152.9	15	1.41
128	105.2	2.71	15	1.56
129	70.35	80.94	14	1.26
Period: 14
Tasks:14
id	x	y	end	c
203	127.53	166.04	15	71.55
204	97.12	64.05	16	36.07
205	123.53	1.63	14	101.15
206	167.79	3.41	15	118
207	173.2	168.49	15	100.25
208	190.17	125.8	14	93.79
209	117.28	189.44	16	91.09
210	94.95	9.28	14	90.86
211	19.54	153.31	14	96.52
212	44.58	53.35	15	72.44
213	167.96	124.5	16	72.24
214	15.64	165.12	14	106.57
215	118.98	193.3	14	95.21
216	173.45	84.85	17	75
Drivers: 10
id	x	y	end	sensitivity
130	58.41	145.65	16	1.41
131	121.63	10.33	17	1.41
132	148.97	121.88	17	0.74
133	19.43	60.83	16	0.51
134	77.96	74.29	18	0.94
135	184.7	120.19	18	1.96
136	55.2	157.23	20	1.64
137	165.68	51.05	16	1.64
138	24.84	58.43	19	1.87
139	151.86	17.26	18	0.55
Period: 15
Tasks:20
id	x	y	end	c
217	43.87	93.16	17	56.55
218	14.75	94.1	16	85.45
219	105.23	185.3	16	85.46
220	151.68	152.9	15	73.95
221	51.97	147.17	16	67.32
222	24.98	62.44	16	83.9
223	83.38	0.48	16	100.9
224	61.76	171.2	16	80.82
225	77.91	35.46	17	68.22
226	71.24	149.5	17	57.25
227	158.97	167.87	15	89.91
228	8.83	53.71	17	102.25
229	81.79	20.91	16	81.16
230	192.26	115.29	17	93.52
231	53.87	54.99	15	64.45
232	108	134.15	15	35.07
233	71.97	39.88	15	66.33
234	49.34	179.17	16	93.99
235	161.65	183.04	15	103.42
236	183.43	147.19	16	95.85
Drivers: 9
id	x	y	end	sensitivity
140	153.66	75.49	17	0.75
141	48.67	139.65	20	1.02
142	145.6	13.33	16	0.76
143	33.6	54.87	16	1.83
144	141.45	163.53	16	1.26
145	80.49	38.17	16	1.93
146	180.51	100.63	17	1.04
147	71.27	33.73	16	0.65
148	162.25	105.71	16	0.87
Period: 16
Tasks:12
id	x	y	end	c
237	171.9	38.87	18	94.37
238	108.46	147.57	19	48.32
239	150.34	107.37	17	50.88
240	64.53	14.77	16	92.32
241	161.94	26.35	18	96.23
242	90.8	152.22	20	53.02
243	26.79	113.57	19	74.46
244	163.7	18.6	16	103.36
245	152.15	155.34	17	76.04
246	196.08	126.11	17	99.56
247	147.02	5.68	17	105.39
248	181.15	11.9	17	119.78
Drivers: 11
id	x	y	end	sensitivity
149	36.34	177.57	18	1.17
150	13.52	87.17	21	0.66
151	151.88	191.44	19	0.92
152	21.48	75.28	17	1.7
153	164.08	53.68	18	1.58
154	8.7	177.25	21	0.76
155	12.79	138.18	22	1.27
156	76.57	146.66	18	1.74
157	162.44	99.47	18	1.69
158	47.01	78	21	0.92
159	173.88	195.51	18	1.16
Period: 17
Tasks:14
id	x	y	end	c
249	96.1	151.73	17	51.88
250	180.43	187.72	19	119.01
251	136.28	171.33	17	80.03
252	24.31	157.04	18	94.78
253	151	145.37	17	68.26
254	68.14	54.82	17	55.28
255	132.4	170.43	18	77.53
256	88.57	77.97	18	24.82
257	74.03	162.49	17	67.67
258	103.89	186.4	18	86.49
259	61.27	40.5	17	70.99
260	84.52	115.65	17	22.01
261	189.96	147.23	18	101.6
262	36.12	132.85	18	71.83
Drivers: 7
id	x	y	end	sensitivity
160	28.36	51.25	20	0.98
161	199.9	106.28	19	1.33
162	130.28	2.3	20	0.86
163	57.62	114.35	21	0.52
164	101.25	156.75	22	1.03
165	70.9	44.19	19	1.04
166	100.81	96.78	23	1.53
Period: 18
Tasks:14
id	x	y	end	c
263	64.88	37.73	20	71.49
264	66.89	162.57	19	70.79
265	70.12	37.11	19	69.63
266	79.91	122.94	18	30.49
267	159.63	126.99	20	65.45
268	70.78	21.61	18	83.66
269	8.46	166.04	18	112.88
270	26.09	6.16	20	119.45
271	182.1	128.4	19	86.87
272	58.13	15.71	19	94.12
273	137.94	149	19	61.97
274	88.9	58.35	19	43.1
275	158.92	127.4	19	64.98
276	42.78	105.14	18	57.45
Drivers: 14
id	x	y	end	sensitivity
167	64.77	94.48	25	0.81
168	171.71	21.41	19	1.47
169	164.07	177.34	24	0.73
170	67.51	120.57	20	1.32
171	66.73	154.36	20	0.76
172	44.1	159.15	19	0.86
173	191.92	95.6	20	0.89
174	47.3	70.66	21	1.79
175	23.82	86.83	19	1.92
176	33.22	150.86	21	1.84
177	178.26	40.65	21	1.87
178	165.47	144.05	18	1.44
179	182.64	19.82	24	1.6
180	190.4	150.72	20	0.95
Period: 19
Tasks:14
id	x	y	end	c
277	121.66	1.47	20	100.88
278	17.52	162.4	19	103.42
279	108.6	99.91	19	8.6
280	119.26	41.16	21	61.91
281	39.75	192.83	19	110.67
282	175.77	93.32	20	76.06
283	122.62	137.93	19	44.16
284	72.39	102.45	21	27.72
285	128.28	9.43	20	94.88
286	189.59	148.57	20	101.91
287	175.77	41.5	20	95.73
288	179.89	140.77	19	89.69
289	21.59	158.84	19	98.03
290	34.67	138.92	20	76.04
Drivers: 11
id	x	y	end	sensitivity
181	116.86	169.97	20	1.97
182	74.54	110.14	22	0.7
183	122.88	44.82	20	1.32
184	1.31	160.36	23	1.98
185	41.84	156.07	21	1.65
186	138.4	69.76	21	0.7
187	20.29	57.65	24	0.52
188	171.32	150.09	22	0.62
189	131.07	15.69	26	1.93
190	30.29	25.71	25	1.48
191	43.18	75.98	22	0.9
Period: 20
Tasks:15
id	x	y	end	c
291	160.59	108.76	22	61.22
292	172.3	101.99	22	72.33
293	166.02	136.62	21	75.5
294	65.28	56.4	21	55.74
295	104.21	141.63	21	41.84
296	159	71.66	23	65.45
297	157.39	42.04	22	81.57
298	198.72	32.44	21	119.62
299	151.64	133.36	22	61.48
300	45.36	3.37	20	111.01
301	44.8	144.64	24	70.99
302	92.69	172.48	21	72.85
303	18.85	11.45	21	120.11
304	49.06	168.32	22	85.22
305	193.32	192.45	21	131.36
Drivers: 10
id	x	y	end	sensitivity
192	40.05	174.85	24	1.33
193	68.86	78.76	24	1.28
194	30.73	185.06	23	0.94
195	88.25	90.86	28	1.71
196	178.88	51.47	21	1.73
197	77.48	40.49	22	1.52
198	98	176.34	20	1.18
199	171.68	84.17	23	1.66
200	80.84	32.94	22	1.13
201	163.61	177.7	22	1.37
Period: 21
Tasks:15
id	x	y	end	c
306	60.16	5.61	22	102.45
307	97.77	156.13	23	56.17
308	41.33	124.64	21	63.63
309	150.38	18.01	22	96.23
310	152.84	30.96	21	86.94
311	168.66	197.35	22	119.13
312	46.37	182.07	21	98.04
313	166.19	14.3	22	108.28
314	109.6	69.66	22	31.82
315	1.82	156.62	22	113.34
316	194.37	186.71	22	128.16
317	184.17	136.74	23	91.84
318	141.47	45.15	21	68.76
319	1.58	71.13	22	102.57
320	104.42	7.89	21	92.22
Drivers: 15
id	x	y	end	sensitivity
202	2.27	3.69	23	1.14
203	140.56	112.13	22	0.97
204	59.34	142.36	22	0.88
205	182.3	21.62	26	1
206	194.46	170.88	23	1.12
207	145.18	192.53	25	0.93
208	199.32	59.02	26	0.96
209	37.52	76.54	22	1.03
210	39.16	109.7	23	0.74
211	49.57	102.63	24	0.57
212	163.61	154.37	25	0.76
213	35.21	172.22	27	0.51
214	53.87	34.94	27	0.87
215	138.27	63.04	23	1.51
216	86.52	197.83	26	0.86
Period: 22
Tasks:21
id	x	y	end	c
321	103.94	10.92	22	89.17
322	170.68	18.82	23	107.64
323	141.48	63.18	22	55.46
324	30.28	96.22	23	69.82
325	169.69	44.94	22	88.82
326	34.94	105.23	24	65.27
327	64.58	91.88	25	36.34
328	152.29	59.45	22	66.17
329	51.3	0.72	23	110.58
330	23.56	187.24	22	115.99
331	124.62	18.82	24	84.83
332	68.14	118.9	23	37.04
333	107.17	65.69	27	35.05
334	96.8	125.16	24	25.36
335	132.62	4.82	23	100.61
336	102.11	182.66	22	82.69
337	196.82	166.26	22	117.32
338	119.31	81.46	22	26.77
339	193.97	14.8	24	126.84
340	185.42	155.4	22	101.81
341	133.24	159.21	22	67.9
Drivers: 10
id	x	y	end	sensitivity
217	198.57	84.5	25	1.32
218	167.77	175.03	25	0.97
219	135.47	114.41	25	1.43
220	135.06	131.67	24	0.81
221	16.51	74.4	25	1.3
222	130.57	100.53	22	1.92
223	193.24	166.92	25	1.44
224	196.04	198.12	24	1.17
225	144.91	48.09	29	0.99
226	69.16	34.35	26	1.84
Period: 23
Tasks:17
id	x	y	end	c
342	199.54	180.2	25	127.83
343	75.51	156.42	25	61.51
344	130.07	162.76	23	69.59
345	15.02	57.4	24	95.06
346	19.79	48.41	24	95.37
347	27.87	20.83	23	107.1
348	56.39	126.19	23	50.87
349	168.39	122.8	23	72.09
350	86.11	173.72	24	75.02
351	33.46	183.2	23	106.54
352	134.81	52.78	26	58.66
353	22.41	199.45	24	126.14
354	144.21	50.34	23	66.49
355	78.86	153.52	23	57.54
356	169.67	14.69	24	110.14
357	55.99	27.4	24	84.9
358	119.17	131.48	23	36.86
Drivers: 10
id	x	y	end	sensitivity
227	92.53	138.28	27	1.45
228	112.4	40.66	25	0.75
229	6.57	136.18	24	1.81
230	11.33	4.56	26	1.03
231	76.67	10.69	26	1.07
232	165.9	181.59	25	1.85
233	92.48	55.94	25	1.2
234	69.66	185	25	0.93
235	7.73	86.74	25	1.05
236	17.75	96.73	24	0.83
Period: 24
Tasks:10
id	x	y	end	c
359	115.65	18.67	24	82.82
360	128.32	77.32	24	36.28
361	185.68	57.47	24	95.65
362	173.35	188.27	24	114.77
363	138.2	143.95	26	58.23
364	183.3	162.78	29	104.31
365	65.91	101.08	26	34.11
366	170.03	122.03	24	73.41
367	111.3	119.26	26	22.33
368	96.49	120.86	25	21.15
Drivers: 11
id	x	y	end	sensitivity
237	181.26	89.74	28	1.22
238	111.39	60.49	26	1.07
239	100.94	78.81	27	1.98
240	190.48	115.84	29	1.32
241	119.19	54.86	30	0.86
242	193.93	101.88	30	1.76
243	51.54	197.49	27	0.87
244	89.18	9.7	25	0.53
245	143.96	183.56	26	1.78
246	76.3	71.94	26	1.84
247	158.97	132.33	29	0.57
Period: 25
Tasks:17
id	x	y	end	c
369	184.44	98.4	27	84.46
370	36.45	195.44	27	114.66
371	65.14	141.76	25	54.4
372	150.12	23.56	25	91.41
373	133.14	45.87	25	63.47
374	23.58	101.1	26	76.43
375	177.72	69.51	27	83.49
376	182.43	40.86	26	101.45
377	67.67	19.66	25	86.6
378	182.63	94.35	27	82.82
379	58.82	91.71	25	42.01
380	158.78	35.71	26	87.11
381	127.63	52.7	26	54.78
382	130.35	11.98	27	93.11
383	9.04	114.45	26	92.1
384	70.49	120.23	25	35.78
385	93.04	157.35	25	57.77
Drivers: 15
id	x	y	end	sensitivity
248	86.36	53.97	25	1.22
249	59.63	15.29	27	1.28
250	156.58	156.42	28	1.87
251	140.66	78.85	29	1.52
252	90.77	186.9	27	0.8
253	99.92	120.32	27	1.54
254	2.86	155.7	26	1.7
255	13.33	88.56	27	1.98
256	16.06	142.79	31	0.69
257	21.69	35.35	30	0.73
258	78.3	160.65	28	0.63
259	178.6	120.11	25	1.84
260	16.31	43.35	26	1.96
261	160.99	71.39	28	1.35
262	10.64	159.12	27	1.61
Period: 26
Tasks:20
id	x	y	end	c
386	196.22	43.87	26	111.4
387	9.19	129.28	28	95.41
388	195.09	156.61	26	110.67
389	9.84	31.84	28	113.02
390	118.58	14.9	28	87.1
391	109.84	162.97	26	63.73
392	71.63	64.12	26	45.74
393	66.75	76.97	26	40.45
394	113.61	20.53	27	80.63
395	71.9	191.41	27	95.63
396	92.33	108.63	29	11.55
397	32.99	185.81	29	108.87
398	116.11	27.02	28	74.74
399	1.09	30.22	27	121.05
400	94.25	36.26	26	64
401	59.44	94.35	27	40.95
402	33.69	7.34	27	113.94
403	136.64	26.48	27	82.14
404	188.91	68.68	26	94.27
405	178.73	172.67	27	107.14
Drivers: 8
id	x	y	end	sensitivity
263	197.96	105.73	27	1.29
264	103.35	197.91	29	0.74
265	181.66	192.47	30	1.66
266	107.55	39.92	29	0.92
267	103.26	175.29	32	0.59
268	76.9	123.15	30	0.68
269	136.03	154.51	29	1.27
270	128.8	153.42	32	0.5
Period: 27
Tasks:13
id	x	y	end	c
406	174.68	75.13	27	78.71
407	170.23	155.34	28	89.41
408	117.16	151.17	29	53.97
409	118.25	177.4	28	79.52
410	166.91	193.23	27	114.76
411	11.36	117.56	29	90.36
412	16.43	149.12	30	96.94
413	138.46	19.65	28	89.08
414	53.75	109.03	27	47.12
415	6.32	13.6	29	127.44
416	104.51	172.26	30	72.4
417	37.96	80.41	29	65.06
418	77.66	83.23	27	27.93
Drivers: 6
id	x	y	end	sensitivity
271	130.26	25.76	30	0.56
272	52.33	199.97	30	0.82
273	105.08	176.02	29	1.62
274	139.49	195.86	29	1.9
275	157.47	123.09	29	1.09
276	25.87	4.72	33	1.97
Period: 28
Tasks:17
id	x	y	end	c
419	84.47	98.17	31	15.64
420	166.82	84.97	30	68.49
421	191.35	85.34	29	92.52
422	82.33	4.02	30	97.59
423	174.1	57.28	29	85.53
424	79.64	109.4	28	22.43
425	142.16	31.77	28	80.2
426	123.47	159.44	29	63.91
427	187.16	194.96	28	128.9
428	126.4	111.45	29	28.78
429	129.38	82.77	28	34.06
430	69.86	113.07	30	32.85
431	164.6	170.92	28	95.93
432	64.76	81.1	29	39.99
433	144.97	177.42	28	89.53
434	147.69	26.99	28	87.21
435	119.98	145.23	29	49.45
Drivers: 15
id	x	y	end	sensitivity
277	184.43	151.2	30	1.45
278	189.21	70.71	32	0.93
279	46.02	165.28	31	1.37
280	84.16	194.51	32	0.9
281	109.66	7.29	30	1.58
282	72.76	98.62	29	1.76
283	89.21	68.17	31	0.92
284	83.27	172.49	33	0.77
285	117.89	66.14	32	1.55
286	116.41	161.16	30	0.68
287	27.74	81.24	31	0.92
288	198.81	24.19	29	0.89
289	163.13	60.11	30	0.5
290	50.82	79.3	28	1.29
291	41.22	187.16	32	0.72
Period: 29
Tasks:25
id	x	y	end	c
436	53.5	62.01	29	60.05
437	24.98	182.4	30	111.44
438	187.59	34.06	29	109.64
439	91.86	100.23	30	8.14
440	150.46	196.65	30	109.03
441	18.34	198.18	30	127.7
442	119.79	123.74	30	30.91
443	63.83	106.5	30	36.75
444	22.44	146.32	32	90.34
445	185.01	13.96	29	120.95
446	130.36	139.92	30	50.15
447	0.28	72.67	32	103.4
448	168.4	110.13	30	69.15
449	193.71	119.78	30	95.77
450	74.29	62.28	29	45.65
451	70.23	36.67	32	69.98
452	73.5	183.47	29	87.58
453	191.38	154.24	32	106.27
454	49.39	143.93	29	67.02
455	138.45	108.09	29	39.29
456	130.13	27.22	31	78.77
457	133.34	97.88	30	33.41
458	33.29	75.38	30	71.11
459	80.06	81.4	32	27.27
460	158.49	89.9	29	59.36
Drivers: 11
id	x	y	end	sensitivity
292	5.6	145.88	33	1.66
293	121.95	105.78	33	0.52
294	78.01	94.69	30	1.78
295	79.57	158.93	31	1.32
296	160.33	58.95	31	0.67
297	162.14	168.32	32	0.96
298	43.98	19.3	35	0.84
299	85.5	199.24	31	1.79
300	4.25	30.42	34	1.51
301	20.5	31.51	33	1.18
302	191.62	4.87	31	1.84
Period: 30
Tasks:15
id	x	y	end	c
461	99.92	150.35	32	50.35
462	188.86	4.53	30	130.42
463	157.94	94.01	30	58.25
464	59.55	26.27	31	84.1
465	122.82	139.05	32	45.23
466	166.92	75.97	31	71.1
467	140.61	27.41	30	83.18
468	87.87	167.54	30	68.62
469	178.24	50.55	30	92.56
470	171.67	127.62	32	76.81
471	89.99	31.69	33	69.04
472	156.45	76.71	31	61.07
473	164.46	116.4	30	66.51
474	92.38	44.08	30	56.44
475	156.52	22.76	31	95.71
Drivers: 15
id	x	y	end	sensitivity
303	139.01	184.24	35	1.45
304	108.09	102.91	34	1.77
305	49.7	91.44	34	1.29
306	21.72	173.62	33	0.83
307	13.47	82.97	31	0.74
308	56.4	112.76	32	1.26
309	160.05	0.93	31	1.15
310	65.89	37.4	32	0.82
311	16.87	151.99	33	1.31
312	120.01	99.96	33	0.55
313	73.09	136.66	32	1.95
314	15.58	18.99	33	0.75
315	101.37	59.79	32	1.88
316	140.18	129.2	31	0.68
317	0.75	133.16	35	0.51
Period: 31
Tasks:17
id	x	y	end	c
476	38.2	105.52	32	62.05
477	97.44	115.08	33	15.3
478	24.67	3.58	34	122.36
479	40.67	103.51	33	59.43
480	84.27	156.9	33	59.03
481	76.2	97.34	33	23.95
482	197.57	38.85	32	115.15
483	132.01	159.11	31	67.22
484	10.45	22.05	32	118.72
485	68.19	49.8	31	59.43
486	151.04	143.98	31	67.37
487	158.06	39.04	31	84.18
488	180.44	0.7	32	127.79
489	3.16	61.14	32	104.35
490	161.37	42.35	31	84.2
491	109.14	158.22	31	58.93
492	57.19	127.82	33	51.06
Drivers: 11
id	x	y	end	sensitivity
318	83.94	56.99	37	0.87
319	127.5	174.56	37	1
320	147.19	133.71	35	1.67
321	192.9	79.8	36	1.85
322	172.93	171.9	36	1.55
323	144.33	122.33	32	0.56
324	167.61	97.54	32	1.8
325	3.75	198.27	33	0.6
326	82.09	34	32	1.04
327	59.08	24.9	32	1.73
328	167.63	73.66	32	0.66
Period: 32
Tasks:14
id	x	y	end	c
493	89.29	65.02	32	36.58
494	183.59	174.2	33	111.77
495	40.82	114.22	34	60.86
496	102.07	148.11	33	48.15
497	89.74	16.9	35	83.73
498	107.7	184.82	32	85.17
499	181.78	67.93	32	87.84
500	85.37	137.29	33	40.06
501	66.87	8.07	33	97.72
502	149.96	66.44	33	60.19
503	171.89	85.21	36	73.4
504	109.92	137.47	32	38.76
505	115.06	109.03	33	17.56
506	191.96	33.83	32	113.29
Drivers: 9
id	x	y	end	sensitivity
329	95.27	92.49	36	0.69
330	199.57	181.57	35	1.98
331	85.56	121.04	35	0.55
332	134.39	139.11	34	0.73
333	107.28	112.37	33	1.96
334	116.46	148.99	32	1.61
335	34.47	121.81	36	0.8
336	124.58	86.72	34	0.78
337	92	142.03	38	1.2
Period: 33
Tasks:7
id	x	y	end	c
507	40.47	38.28	34	85.75
508	35.31	69.47	34	71.53
509	135.52	169.82	34	78.34
510	180.94	103.46	34	81.01
511	154.43	107.74	34	54.98
512	26.73	67.3	36	80.24
513	8.01	4.41	34	132.66
Drivers: 6
id	x	y	end	sensitivity
338	192.44	44.5	35	1.28
339	24.25	102.38	36	0.63
340	22.56	115.55	34	1.87
341	0.48	146.33	35	1.78
342	22.86	1.16	40	1.42
343	39.75	36.15	38	0.56
Period: 34
Tasks:15
id	x	y	end	c
514	149.31	179.7	37	93.72
515	128.96	170.87	38	76.56
516	151.01	199.96	36	112.22
517	198.72	169.81	35	120.91
518	176.52	181.16	35	111.54
519	198	119.81	36	99.98
520	70.18	34.17	38	72.27
521	145.33	125.8	34	52.16
522	195.39	104.15	35	95.48
523	140.93	92.24	34	41.66
524	153.86	138.44	35	66.17
525	166.66	16.48	35	106.86
526	100.23	128.25	34	28.25
527	48.61	136.64	35	63.11
528	129.35	156.59	36	63.75
Drivers: 7
id	x	y	end	sensitivity
344	24.68	32.8	38	1.32
345	173.73	122.66	38	0.63
346	90.84	166.02	37	1.96
347	176.67	146.56	35	0.84
348	69.55	182.32	38	0.56
349	43.8	33.65	38	1.15
350	63.36	186.64	35	0.57
Period: 35
Tasks:16
id	x	y	end	c
529	25.37	32.04	35	100.94
530	38.24	46.05	36	82.01
531	192.97	105.98	37	93.16
532	145.79	119.65	37	49.83
533	23.49	185.04	35	114.39
534	128.72	136.95	36	46.8
535	102.66	195.71	36	95.75
536	47.09	111.82	36	54.21
537	126.53	156.74	36	62.64
538	174.56	0.84	36	124.06
539	27.04	39.61	35	94.71
540	175.6	38.77	38	97.29
541	193.65	135.13	37	100.02
542	60.92	189.09	35	97.28
543	92.91	155.58	37	56.03
544	173.1	53.48	35	86.65
Drivers: 9
id	x	y	end	sensitivity
351	124.55	139.7	36	1.91
352	7.9	189.35	39	1.77
353	152.42	99.51	38	1.06
354	90.77	30.13	38	0.52
355	58.18	199.42	37	1.4
356	94.43	164.22	37	0.66
357	12.98	148.45	38	0.92
358	6	57.03	38	1.64
359	154.65	21.98	37	1.42
Period: 36
Tasks:19
id	x	y	end	c
545	193.98	58.93	36	102.56
546	5.21	129.41	37	99.25
547	114.5	63.75	36	39.04
548	198.47	110.19	38	99
549	36.5	43.07	37	85.28
550	12.16	132.86	40	93.79
551	99.52	78.47	40	21.54
552	165.14	3.17	36	116.7
553	71.61	145.38	37	53.53
554	61.18	102.16	38	38.88
555	163	155.11	38	83.7
556	168.16	35.52	37	93.83
557	176.18	196.99	37	123.33
558	23.44	76.15	37	80.19
559	57.65	71.27	36	51.18
560	192.67	28.43	39	117.09
561	193.87	165.48	37	114.45
562	18.53	94.82	38	81.63
563	62.74	181.56	37	89.67
Drivers: 7
id	x	y	end	sensitivity
360	145.4	150.79	40	1.08
361	188.03	50.11	37	1.8
362	34.66	198.98	38	1.59
363	7.06	58.07	39	0.63
364	69.45	67.41	44	1.41
365	179.88	197.21	36	1.75
366	161.69	127.36	41	1.14
Period: 37
Tasks:17
id	x	y	end	c
564	130.86	67.62	37	44.73
565	133.33	169.88	37	77.42
566	140.78	76.02	37	47.31
567	74.17	13.65	38	90.13
568	135.85	58.51	37	54.83
569	147.35	12.75	40	99.27
570	163.24	152.33	38	82.08
571	113.95	124.76	38	28.42
572	122.71	111.6	37	25.5
573	164.23	117.72	39	66.63
574	150.56	59.92	39	64.52
575	11.05	165.32	38	110.36
576	99.5	12.78	37	87.22
577	82.38	31.65	38	70.58
578	128.47	109.38	39	29.98
579	130.85	67.22	38	45.01
580	63.05	172.64	39	81.5
Drivers: 10
id	x	y	end	sensitivity
367	8.29	108.48	40	1.87
368	120.92	23.76	43	1.62
369	150.8	48.38	38	1.4
370	155.09	107.74	39	1.69
371	80.66	184.24	39	1.45
372	24.66	112.91	38	1.87
373	116.85	172.97	40	1.42
374	196.79	168.18	40	0.64
375	4.38	114.67	39	1.67
376	101.51	112.68	39	1.47
Period: 38
Tasks:16
id	x	y	end	c
581	21.85	91.48	39	78.61
582	83.73	84.98	38	22.14
583	8.01	70.13	39	96.72
584	111.17	61.99	41	39.62
585	110.37	180.06	38	80.73
586	152.75	167.81	41	85.91
587	49.33	57.13	39	66.37
588	69.86	27.94	39	78.11
589	144.53	69.61	40	53.91
590	148.44	99.21	40	48.45
591	193.91	198.02	40	135.75
592	5.87	44.28	39	109.39
593	18.23	24.64	38	111.2
594	56.06	180.14	39	91.4
595	93.27	150.11	39	50.56
596	56.07	86.22	40	46.04
Drivers: 10
id	x	y	end	sensitivity
377	41.64	199.44	39	0.53
378	94.09	86.46	42	1.71
379	199.72	25.99	39	1.82
380	113.77	131.07	46	0.8
381	103.82	162.52	40	0.98
382	184.48	112.36	42	1.68
383	122.84	5.7	42	1.91
384	148.08	196.61	41	0.7
385	125.03	45.99	42	1.09
386	32.04	83.77	43	1.37
Period: 39
Tasks:16
id	x	y	end	c
597	79.05	95.37	40	21.46
598	175.37	1.75	41	123.83
599	152.69	138.49	40	65.25
600	86.97	72.5	39	30.43
601	143.02	34.19	41	78.62
602	72.29	41.65	41	64.6
603	176.03	139.01	41	85.45
604	172.92	30.46	41	100.76
605	180.68	15.77	41	116.64
606	96.6	126.52	40	26.74
607	57	92.51	40	43.65
608	143.91	41.16	39	73.42
609	40.69	168.74	39	90.79
610	137.68	92.43	39	38.43
611	94.78	42.79	42	57.45
612	154.84	7.25	42	107.75
Drivers: 15
id	x	y	end	sensitivity
387	198.84	164.11	42	1.18
388	104.99	163.22	42	1.81
389	1.85	136.67	41	1.22
390	61.53	181.5	40	1.73
391	155.23	32.06	42	1.63
392	13.96	104.78	43	0.78
393	54.43	68.07	41	1.89
394	195.18	107.46	46	1.71
395	40.67	101.14	42	0.6
396	191.86	102.57	43	0.99
397	2.95	171.84	45	0.98
398	184	181.82	46	1.31
399	58.48	183.41	40	0.79
400	122.38	96.19	45	1.93
401	127.27	45.04	42	1.2
Period: 40
Tasks:8
id	x	y	end	c
613	133.36	154.53	41	63.93
614	3.32	18.69	41	126.33
615	54.8	154.15	40	70.54
616	183.74	181.85	42	117.1
617	192.43	55.82	40	102.45
618	20.22	30.43	40	105.85
619	110.19	120.68	40	23.05
620	86.65	33.55	40	67.78
Drivers: 5
id	x	y	end	sensitivity
402	141.33	32.94	43	1.26
403	74.72	174.88	40	1.92
404	139.95	19.53	42	1.55
405	15.54	161.82	42	1.52
406	164.86	42.57	43	0.79
Period: 41
Tasks:8
id	x	y	end	c
621	63.85	71.08	42	46.29
622	84.76	172.1	41	73.69
623	134.09	182.85	43	89.59
624	148.18	12.98	41	99.47
625	52.88	109.87	45	48.14
626	85.16	186.09	41	87.36
627	189.49	5.03	42	130.49
628	133.51	26.02	41	81.22
Drivers: 10
id	x	y	end	sensitivity
407	19.64	16.88	45	1.38
408	161.22	20.83	44	1.82
409	148.78	123.63	44	1.87
410	89.82	152.25	43	0.7
411	160.96	167.32	42	0.84
412	83.62	168.95	45	0.79
413	93.56	169.74	43	1.6
414	164.23	104.04	45	1.22
415	66.39	42.72	44	0.84
416	22	12.13	41	1.17
Period: 42
Tasks:20
id	x	y	end	c
629	94.3	175.05	45	75.27
630	187.37	47.91	43	101.72
631	190.75	164.27	42	111.2
632	196.92	74.41	43	100.24
633	197.01	170.84	45	120.12
634	58.43	3.34	42	105.22
635	7.5	161.52	44	111.09
636	0.24	83.89	43	101.05
637	48.23	176.68	42	92.52
638	158.07	152.07	42	78
639	5.97	104.46	43	94.14
640	68.47	74.25	43	40.71
641	175.14	120.22	43	77.81
642	144.36	54.95	43	63.22
643	195.67	194.92	42	134.77
644	115.11	38.97	44	62.87
645	36.67	149.71	44	80.51
646	189.92	166.52	43	111.85
647	18.03	144.04	43	93.05
648	151.41	167.71	42	85.02
Drivers: 8
id	x	y	end	sensitivity
417	47.81	72.61	45	1.2
418	41.28	174.05	48	0.55
419	99.31	83.44	44	1.15
420	43.92	15.82	48	1.49
421	65.72	185.1	45	1.89
422	172.1	76.61	42	0.85
423	199.31	19.27	44	0.77
424	31.13	178.86	47	1.95
Period: 43
Tasks:19
id	x	y	end	c
649	85.52	185.52	44	86.74
650	24.63	128.82	43	80.69
651	174.16	132.66	43	81.03
652	99.69	46.98	44	53.02
653	149.56	66.69	43	59.71
654	103.28	187.28	44	87.34
655	119.13	118.77	45	26.8
656	27.69	132.87	44	79.43
657	100.4	29.77	44	70.23
658	97.67	96.16	44	4.49
659	155.07	112.66	43	56.51
660	39.93	88.88	44	61.09
661	117.74	183.37	45	85.24
662	117.81	31.2	44	71.07
663	163.69	112.99	45	65
664	117.94	186.55	43	88.39
665	97.22	118.4	43	18.61
666	170.41	98.44	43	70.43
667	101.25	151.76	44	51.78
Drivers: 6
id	x	y	end	sensitivity
425	125.17	137.95	45	1.95
426	199.17	46.72	49	1.04
427	171.79	151.97	46	1.49
428	95	73.14	50	0.66
429	82.44	47.32	47	1.12
430	26.17	77.92	49	1.44
Period: 44
Tasks:18
id	x	y	end	c
668	75.73	53.43	45	52.51
669	169.37	154.83	44	88.42
670	193.05	80.46	45	95.08
671	190.63	117.61	44	92.33
672	160.52	189.19	44	107.78
673	173.28	76.19	44	77.05
674	199.05	27.32	44	122.85
675	81.58	87.29	46	22.38
676	156.19	150.59	45	75.61
677	117.66	93.86	46	18.7
678	169.39	122.03	45	72.8
679	109.21	184.1	46	84.6
680	41.04	94.87	44	59.18
681	66.43	95.04	44	33.93
682	90.01	34.23	46	66.52
683	6.81	81.23	45	95.06
684	167.37	55.41	44	80.79
685	157.64	30.05	44	90.64
Drivers: 10
id	x	y	end	sensitivity
431	124.93	103.77	50	1.39
432	58.5	76.78	48	1.62
433	74.12	82.58	46	1.8
434	25.46	60.3	48	1.09
435	145.36	43.55	46	1.15
436	176.95	41.45	46	1.25
437	47.98	49.35	48	1.16
438	151.14	80.08	48	0.71
439	188.38	2.71	48	1.19
440	33.91	141.2	46	0.63
Period: 45
Tasks:20
id	x	y	end	c
686	137.78	99.21	45	37.79
687	99.38	158.3	45	58.3
688	182.63	27.06	46	110.22
689	7.88	117.85	45	93.83
690	19.16	148.32	47	94.18
691	84.17	142.99	48	45.81
692	191.26	183.43	45	123.65
693	32.77	149.65	47	83.58
694	155.99	128.75	46	62.94
695	2.14	17.84	45	127.78
696	4.75	52.57	47	106.41
697	177.66	13.28	45	116.41
698	75.33	28.65	45	75.49
699	174.21	129.87	46	80
700	106.76	93.6	46	9.31
701	153.01	24.1	46	92.58
702	72.83	44.44	45	61.85
703	176.18	147.07	46	89.55
704	150.13	35.01	46	82.08
705	80.29	192.72	45	94.79
Drivers: 12
id	x	y	end	sensitivity
441	88.48	72.57	50	2
442	43.64	32.88	48	1.39
443	48.16	69.77	50	0.54
444	121.75	128.93	49	1.78
445	54.14	149.05	49	0.57
446	33.41	31.92	48	1.02
447	26.73	174.63	49	1.22
448	193.19	142.2	48	1.06
449	39.91	1.3	46	1
450	102.92	36	47	1.72
451	19.94	173.5	51	1.33
452	192.22	63.54	47	1.16
Period: 46
Tasks:17
id	x	y	end	c
706	16.65	128.85	47	88.2
707	123.84	94.6	46	24.44
708	9.89	109.73	49	90.63
709	191.31	77.95	46	93.93
710	71.3	4.22	47	99.99
711	78.11	2.86	46	99.58
712	118.65	34.54	50	68.06
713	115.12	84.05	46	21.98
714	9.46	184.6	47	123.91
715	154.48	144.75	47	70.5
716	0.85	31.89	48	120.29
717	159.59	183.23	48	102.36
718	93.79	86.34	48	15.01
719	60.95	41.63	49	70.23
720	14.36	115.97	49	87.12
721	84.63	102.15	47	15.52
722	80.92	123.85	46	30.54
Drivers: 7
id	x	y	end	sensitivity
453	118.35	114.82	50	1.63
454	185.42	62.5	49	1.1
455	189.64	23.97	51	1.38
456	171.44	9.23	49	0.55
457	149.31	46.76	52	1.34
458	47.16	72.21	48	1.47
459	163.14	55.06	49	1.32
Period: 47
Tasks:10
id	x	y	end	c
723	159.13	17.81	48	101.25
724	79.57	153.39	49	57.17
725	15.48	51.79	49	97.3
726	177.37	32.57	47	102.63
727	94.97	87.18	47	13.77
728	82.46	130.06	48	34.8
729	24.21	177.32	47	108.27
730	144.64	54.79	47	63.53
731	198.65	109.72	47	99.13
732	76.41	50.94	50	54.44
Drivers: 6
id	x	y	end	sensitivity
460	23.76	173.15	50	0.55
461	106.98	142.59	49	1.16
462	85.06	21.69	48	1.93
463	123.51	139.95	52	1.3
464	134.17	77.86	47	1.63
465	176.03	31.32	50	1.39
Period: 48
Tasks:11
id	x	y	end	c
733	113.86	109.14	49	16.6
734	190.92	60.42	49	99.16
735	7.07	52.66	48	104.29
736	57.58	150.31	49	65.81
737	65.01	70.62	49	45.69
738	173.4	155.31	49	91.91
739	50.02	170.36	48	86.3
740	158.16	147.56	49	75.13
741	109.71	146.4	48	47.41
742	7	39.68	48	110.85
743	98.88	90.32	50	9.74
Drivers: 9
id	x	y	end	sensitivity
466	61.77	90.27	54	1.65
467	122.22	144.49	51	0.77
468	173.91	181.84	51	0.58
469	141.71	129	50	1.1
470	48.89	153.84	49	1.27
471	152.28	154.5	50	0.62
472	106.07	108.89	49	1.27
473	163.75	175.07	51	1.31
474	149.8	126.69	52	1.19
Period: 49
Tasks:13
id	x	y	end	c
744	3.78	161.2	51	114.03
745	199.88	138.19	49	106.93
746	91.4	75.29	51	26.16
747	18.66	3.95	51	125.86
748	19.18	26.26	51	109.41
749	169.26	168.33	49	97.29
750	101.59	113.6	50	13.69
751	15.56	89.08	51	85.14
752	142.1	79.29	49	46.92
753	132.34	119.78	51	37.91
754	183.67	120.18	52	86.07
755	67.82	192.74	50	98.16
756	5.52	164.54	51	114.42
Drivers: 9
id	x	y	end	sensitivity
475	108.48	105.71	51	1.01
476	34.08	138.22	52	0.6
477	84.97	51.12	50	1.56
478	194.6	8.7	49	0.93
479	69.1	32.04	54	1.31
480	30	158.8	51	0.85
481	177.92	147.46	49	0.99
482	75.65	115.12	53	1.18
483	45.55	120.6	52	1.08
Period: 50
Tasks:19
id	x	y	end	c
757	53.72	127.78	50	53.98
758	59.16	185.03	51	94.33
759	11.04	181.26	53	120.49
760	180.99	48.62	50	95.91
761	199.47	148.18	51	110.52
762	72	170.3	51	75.67
763	128.75	71.33	51	40.6
764	39.04	169.86	51	92.72
765	60.18	165.08	53	76.3
766	125.57	54.23	50	52.43
767	69.86	49.07	50	59.18
768	73.58	105.43	52	26.97
769	80.46	104.35	50	20.02
770	118	33.36	51	69.03
771	195.1	180.51	51	124.6
772	181.22	16.33	51	116.61
773	128.26	58.09	51	50.55
774	98.97	48.84	51	51.17
775	72.3	139.76	51	48.46
Drivers: 14
id	x	y	end	sensitivity
484	152.48	14.06	51	0.57
485	121.85	98.45	54	1.55
486	191.09	144.85	52	0.84
487	25.19	188.71	53	1.63
488	8.36	175.25	51	0.56
489	145.73	183.05	54	0.97
490	142.32	132.23	54	0.5
491	176.28	145.83	54	1.84
492	180.82	156.2	53	1.95
493	0.02	186.64	52	1.27
494	88.98	103.25	50	0.58
495	89.26	15.85	53	0.88
496	92.41	29.7	50	1.9
497	100.98	184.97	55	0.78
Period: 51
Tasks:14
id	x	y	end	c
776	108.48	70.43	52	30.76
777	186.79	55.69	51	97.45
778	80.27	16.08	53	86.21
779	50.28	160.92	53	78.63
780	159.47	173.08	52	94.22
781	123.5	22.79	52	80.71
782	112.53	146.05	51	47.72
783	165.1	192.2	51	112.87
784	8.26	196.86	53	133.41
785	42.03	115.04	53	59.89
786	61.87	72.12	52	47.24
787	181.06	45.49	51	97.68
788	144.54	187.97	52	98.6
789	142.68	170.72	51	82.6
Drivers: 7
id	x	y	end	sensitivity
498	117.93	36.25	53	1.21
499	118.85	1.94	54	1.28
500	69.09	159.35	52	0.68
501	151.94	20.73	56	0.71
502	15.62	21.62	56	1.61
503	109.03	47.61	52	1.07
504	9.92	31.51	56	1.3
Period: 52
Tasks:12
id	x	y	end	c
790	192.96	49.75	54	105.67
791	34.82	111.54	54	66.19
792	62.55	150.72	53	63.05
793	96.44	123.92	52	24.18
794	87.23	139.12	53	41.15
795	168.59	56.31	52	81.32
796	62.2	135.41	53	51.79
797	185.52	140.59	52	94.66
798	103.57	117.22	55	17.59
799	148.74	10.32	52	102.07
800	167.04	178.77	53	103.44
801	79.99	68.27	54	37.51
Drivers: 10
id	x	y	end	sensitivity
505	139.39	146.19	56	0.51
506	69.45	199.19	59	1.42
507	59.87	156.89	54	1.68
508	87.99	119.6	54	0.91
509	99.26	106.47	56	1.76
510	97.11	111.67	55	0.66
511	136.5	80.55	54	1.85
512	41.83	63.61	54	1.47
513	16.97	194.65	55	0.92
514	48.57	101.41	53	1.22
Period: 53
Tasks:20
id	x	y	end	c
802	156.57	186.76	53	103.57
803	8.23	172.23	55	116.79
804	16.78	199.85	53	129.98
805	140.18	147.03	56	61.86
806	38.14	132.67	57	69.96
807	138.79	151.69	55	64.63
808	83.87	77.52	55	27.67
809	79.88	91.57	55	21.81
810	118.13	33.03	56	69.38
811	11.07	56.66	53	98.93
812	178.68	47.34	54	94.68
813	181.47	128.73	55	86.39
814	137.33	155.32	54	66.74
815	73.33	24.18	54	80.37
816	42.59	181.24	55	99.48
817	53.04	190.46	54	101.92
818	169.84	153.47	54	87.96
819	9.67	154.56	53	105.53
820	176.75	174.9	53	107.24
821	53.96	63.61	54	58.68
Drivers: 13
id	x	y	end	sensitivity
515	14.76	69.88	54	1.72
516	63.58	99.29	58	1.3
517	83.42	67.48	57	1.53
518	117.23	69.97	58	1.95
519	133.52	134.81	54	1.38
520	181.68	69.62	56	1.23
521	196.3	75.17	58	1.28
522	83.89	104.23	56	1.23
523	100.24	102.17	60	1.41
524	41.51	88.19	56	1.3
525	116.04	99.59	55	1.54
526	23.48	31.24	57	1.15
527	68.08	3.3	57	0.5
Period: 54
Tasks:12
id	x	y	end	c
822	57.82	175.12	54	86.15
823	25.05	55.78	54	87.02
824	173.92	184.49	54	112.26
825	56.4	147	54	64.11
826	54.14	197.86	54	108.07
827	14.6	31.4	54	109.54
828	53.5	128.39	55	54.48
829	157.86	93.92	54	58.18
830	180.41	34.7	55	103.59
831	88.14	17.57	55	83.28
832	126.59	11	54	92.89
833	83.08	173.69	56	75.61
Drivers: 14
id	x	y	end	sensitivity
528	131.24	97.89	57	1.75
529	179.29	67.23	56	1.22
530	41.95	160.76	56	1.08
531	158.7	101.17	57	1.15
532	24.32	73.04	57	1.26
533	7.15	51.98	55	1.03
534	108.24	3.66	55	0.86
535	98.15	92.39	58	0.97
536	122.7	109.56	58	1.08
537	23.17	82.45	58	0.7
538	191.68	122.11	58	1.16
539	121.71	14.26	55	0.72
540	14.62	136.07	56	1.38
541	159.04	62.9	58	1.98
Period: 55
Tasks:22
id	x	y	end	c
834	1.89	175.16	55	123.59
835	41.42	140.26	57	71.08
836	3.7	49.85	56	108.58
837	51.19	39.99	56	77.35
838	60.27	128.49	55	48.89
839	189.02	156.18	56	105.27
840	104.74	138.03	55	38.32
841	9.31	11.05	58	127.03
842	105.82	71.86	58	28.74
843	55.18	47.03	57	69.39
844	22.47	96.85	55	77.59
845	165.01	81.96	55	67.47
846	163.12	137	56	73.17
847	11.75	94.63	56	88.41
848	164.56	186.74	55	108.13
849	145.6	0.34	55	109.6
850	142.77	103.98	55	42.95
851	191.31	79.3	55	93.63
852	49.22	194.28	57	107.09
853	8.45	77.1	55	94.37
854	45.87	132.02	56	62.89
855	12.27	68.73	57	93.14
Drivers: 21
id	x	y	end	sensitivity
542	66.22	199.84	61	1.48
543	178.76	130.83	59	1.87
544	159.44	166.87	56	1.32
545	88.47	93.23	58	0.75
546	7.44	24.77	56	1.35
547	104.74	147.42	59	1.49
548	75.25	172.46	59	1.8
549	15.99	90.75	62	1.76
550	82.56	20.46	60	1.17
551	198.09	172.87	55	1.94
552	92.78	88.28	61	1.78
553	54.88	182.23	56	1.65
554	52.24	131.87	60	1.27
555	180.56	195.19	60	1.81
556	165.46	134.57	58	0.61
557	145.76	151.01	57	0.96
558	98.42	111.63	59	1.41
559	136.23	14.75	58	0.99
560	68.75	129.32	59	0.78
561	19.39	145.19	59	0.54
562	40.29	105.19	57	1
Period: 56
Tasks:15
id	x	y	end	c
856	57.63	30.59	58	81.32
857	89.52	2.74	57	97.82
858	38.84	121.12	56	64.7
859	34.6	111.92	56	66.48
860	174.16	14.76	57	112.98
861	114.39	102.85	56	14.67
862	152.5	43.72	58	76.97
863	115.78	193.43	57	94.75
864	160.2	195.68	57	113.04
865	77.33	14.88	56	88.09
866	51.71	189.99	56	102.13
867	37.65	191.94	57	111.09
868	19.27	154.66	58	97.49
869	48.56	100.01	56	51.44
870	75.53	87.1	57	27.66
Drivers: 15
id	x	y	end	sensitivity
563	105.48	177.3	57	1.13
564	130.97	51.08	59	1.45
565	98.55	151.89	58	0.52
566	131.25	110.02	58	1.98
567	107.23	45.8	57	1.67
568	90.93	134.25	62	1.08
569	68.52	47.35	61	1.17
570	68.24	47.24	58	1.22
571	186.22	38	57	1.87
572	18.42	197.34	59	1.12
573	95.5	105.37	57	1.23
574	72.83	13.43	60	0.56
575	162.87	51.22	56	1.28
576	77.98	12.15	59	1.27
577	0.72	151.95	59	1.46
Period: 57
Tasks:20
id	x	y	end	c
871	114.88	69.87	60	33.6
872	9.37	29.98	58	114.53
873	71.38	182.85	59	87.65
874	109.85	161.09	60	61.88
875	38.75	21.1	57	99.88
876	101.95	132.77	58	32.83
877	172.14	165.18	58	97.22
878	41.04	21.6	58	98.1
879	100.65	175.48	57	75.48
880	170.38	38.19	57	93.67
881	75.43	86.27	57	28.15
882	87.74	82.35	58	21.49
883	157.73	3.76	58	112.23
884	57.7	72.02	59	50.72
885	32.6	7.64	61	114.34
886	97.1	134.7	58	34.82
887	121.37	159.12	57	62.86
888	90.49	5.5	58	94.98
889	134.12	133.92	59	48.11
890	104.16	8.44	57	91.65
Drivers: 4
id	x	y	end	sensitivity
578	51.35	124.4	60	0.92
579	9.97	105.71	59	1.62
580	91	163.76	61	1.3
581	68.29	54.1	59	0.67
Period: 58
Tasks:16
id	x	y	end	c
891	193.69	102.02	60	93.71
892	104.52	68.91	59	31.42
893	49.23	173.38	59	89.23
894	89.62	6.58	58	93.99
895	120.89	65.02	58	40.74
896	29.65	150.41	59	86.55
897	92.01	18.79	58	81.6
898	187.35	112.6	60	88.25
899	138.98	132.4	59	50.69
900	67.68	176.91	59	83.42
901	116.11	19.42	59	82.17
902	24.55	186.59	59	114.85
903	49.34	96.26	60	50.8
904	56.89	186.39	58	96.55
905	143.39	66.57	59	54.77
906	41.57	68.67	60	66.3
Drivers: 11
id	x	y	end	sensitivity
582	92.77	172.81	62	1.66
583	145.73	141.36	62	0.81
584	34.2	54.54	59	0.87
585	156.78	177.31	58	0.58
586	101.56	128.85	61	1.45
587	53.41	31.12	64	1.04
588	183.02	142.6	59	0.65
589	86.41	100.7	63	1.59
590	90.07	18.04	60	1.49
591	96.09	94.55	61	0.93
592	158.59	74.58	61	0.92
Period: 59
Tasks:17
id	x	y	end	c
907	110.35	31.29	60	69.49
908	151.74	183.36	61	98.11
909	169.18	161.1	60	92.3
910	132.97	70.22	61	44.43
911	51.43	37.02	59	79.53
912	156.2	195.05	60	110.42
913	120.55	50.6	60	53.5
914	98.23	78.47	59	21.6
915	3.84	3.71	61	136.08
916	65.18	198	59	104
917	94.25	53.12	60	47.23
918	57.73	127.64	62	50.5
919	43.64	105.99	60	56.68
920	31.62	182.51	60	107.16
921	115.63	22.53	59	79.03
922	144.55	55.06	59	63.28
923	66.19	155.8	59	65.24
Drivers: 12
id	x	y	end	sensitivity
593	128.71	28.11	61	0.87
594	71.66	112.34	62	1.6
595	33.12	134.72	62	0.7
596	12.22	32.14	65	1.64
597	159.32	120.84	62	0.53
598	99.87	11.57	61	0.82
599	1.92	4.92	63	1.56
600	165.15	197.28	62	1.76
601	76.99	102.41	63	1.53
602	144.29	112.77	62	1.68
603	94.9	50.6	63	0.5
604	49.51	92.14	62	0.55
Period: 60
Tasks:17
id	x	y	end	c
924	45.07	143.89	60	70.31
925	151.36	68.76	61	60.11
926	192.97	160.08	61	110.69
927	144.8	132.27	60	55.21
928	5.2	28.95	62	118.47
929	56.8	132.45	61	54.03
930	153.19	39.66	61	80.44
931	81.82	91.86	60	19.92
932	145.99	175.01	61	87.99
933	178.91	20.85	62	111.77
934	157.95	137.75	61	69.16
935	160.16	93.56	61	60.5
936	188.18	60.86	60	96.48
937	32.91	144.41	61	80.46
938	140.84	37.94	60	74.29
939	13.55	186.31	60	122.16
940	114.02	122.71	60	26.69
Drivers: 13
id	x	y	end	sensitivity
605	130.97	15.46	61	1.53
606	85.8	151.94	63	1.42
607	177.99	184.99	64	0.57
608	85.21	81.83	62	1.91
609	198.76	122.9	69	1.54
610	149.71	110.46	62	1.96
611	84.07	146.87	62	0.87
612	88.4	139.83	64	1.22
613	95.14	12.25	66	1.95
614	174.07	65.51	63	1.55
615	33.35	75.36	63	0.56
616	131.32	81.61	61	0.68
617	77.56	103.83	64	1.5
Period: 61
Tasks:12
id	x	y	end	c
941	34.14	136.74	63	75.41
942	62.44	114.58	62	40.29
943	191.37	177.7	63	119.94
944	1.57	55.71	61	107.94
945	141.17	79.41	63	46.03
946	54.76	133.84	64	56.5
947	140.29	36.85	61	74.91
948	190.32	177.23	62	118.84
949	176.97	118.35	63	79.13
950	26.16	139	62	83.51
951	155.45	176.27	62	94.3
952	84.1	123.37	61	28.27
Drivers: 12
id	x	y	end	sensitivity
618	52.06	72.55	62	1.59
619	112.77	146.86	65	2
620	85.32	14.13	65	1.68
621	169.95	2.39	66	1.44
622	150.61	75.28	65	1.08
623	6.44	174.92	64	1.18
624	10.11	80.07	67	1.19
625	112.15	9.44	62	0.84
626	162.41	151.42	63	1.62
627	77.29	96.3	63	1.28
628	113.71	138.22	64	1.36
629	3.87	10.35	62	0.65
Period: 62
Tasks:13
id	x	y	end	c
953	1.84	31.75	62	119.56
954	129	142.45	62	51.41
955	32.23	61.92	62	77.74
956	28.32	39.64	63	93.71
957	175.72	195.85	63	122.15
958	195.07	73.27	63	98.76
959	84.58	2.53	65	98.68
960	171.75	131.79	63	78.48
961	122.08	4.5	62	98.02
962	101.04	18.82	62	81.19
963	51.11	18.67	65	94.89
964	129.47	134.67	62	45.5
965	119.18	154.95	64	58.2
Drivers: 9
id	x	y	end	sensitivity
630	191.79	109.65	66	1.1
631	132.13	143.37	65	1.19
632	112.44	154.18	67	1.66
633	6.22	184.78	65	0.57
634	194.32	131.91	65	0.69
635	109.85	164.93	68	1.52
636	15.09	168.07	71	0.82
637	181.42	25.26	64	1.67
638	64.52	94.71	64	0.82
Period: 63
Tasks:16
id	x	y	end	c
966	128.7	199.79	64	103.84
967	17.81	49.44	64	96.5
968	30.44	70.2	65	75.67
969	41.45	113.02	65	59.98
970	169.35	75.26	63	73.63
971	93.22	199.64	65	99.87
972	86.96	44.61	64	56.9
973	42.74	33.41	63	87.82
974	120.42	25.94	64	76.82
975	98.61	28.04	64	71.97
976	186.63	49.96	64	100.04
977	49.39	128.03	64	57.85
978	118.27	180.27	63	82.32
979	123.56	91.36	65	25.09
980	191.75	15.69	63	124.6
981	157.85	192.26	64	108.9
Drivers: 7
id	x	y	end	sensitivity
639	126.81	77.73	64	1.41
640	45.8	64.91	65	0.96
641	118.37	141.86	63	1.75
642	85.48	47.73	66	1.1
643	108.48	138.74	64	0.54
644	161	121.07	68	1.88
645	23.46	159.94	66	0.71
Period: 64
Tasks:20
id	x	y	end	c
982	184.38	103.04	65	84.43
983	97.06	54.17	65	45.92
984	129.65	116.01	64	33.7
985	110.98	42.8	67	58.24
986	84.8	31.25	65	70.41
987	111.77	32.92	64	68.1
988	38.94	34.91	65	89.25
989	86.31	117.88	65	22.52
990	25.68	88.55	65	75.2
991	13.8	133.92	64	92.63
992	58.66	55.24	65	60.93
993	36.18	155.81	64	84.78
994	3.23	13.43	67	129.84
995	118.41	174.68	64	76.92
996	40.69	21.58	65	98.32
997	113.17	155.36	66	56.9
998	138.07	151.33	64	63.91
999	180.18	102.16	65	80.21
1000	70.77	162.32	65	68.83
1001	197.71	179.53	65	125.99
Drivers: 7
id	x	y	end	sensitivity
646	65.51	165.1	67	0.77
647	44.1	166.24	65	1.56
648	161.87	74.88	70	1.25
649	21.39	140.56	67	0.51
650	16.51	33.52	65	1.16
651	167.54	175.89	67	1.26
652	186.86	167.98	64	1.78
Period: 65
Tasks:14
id	x	y	end	c
1002	186.08	103.1	65	86.14
1003	175.99	64.2	66	84
1004	69.34	67.64	65	44.58
1005	174.19	44.71	66	92.53
1006	20.43	90.65	67	80.12
1007	71.42	87.72	66	31.11
1008	161.34	137.99	67	72.15
1009	83.73	67.38	66	36.45
1010	176.48	199.14	66	125.21
1011	119.23	108.82	66	21.16
1012	114.72	32.37	65	69.21
1013	21.3	174.49	66	108.36
1014	79.98	152.02	65	55.74
1015	187.92	40.11	66	106.38
Drivers: 16
id	x	y	end	sensitivity
653	1.98	141.57	66	0.58
654	154.06	161.74	68	1.09
655	159.87	9.46	71	0.95
656	98.63	155.56	69	1.02
657	173.84	134.43	65	0.67
658	89.82	85.86	66	1.75
659	142.7	2.37	69	1.64
660	83.81	36.05	67	1.65
661	141.82	30.89	68	1.76
662	197.48	76.03	71	1.41
663	192.86	191.37	67	1.98
664	71.24	57.68	65	0.69
665	126.12	172.48	71	1.77
666	122.55	76.13	67	0.51
667	147.59	68.07	69	0.66
668	151.24	184.81	70	1.45
Period: 66
Tasks:17
id	x	y	end	c
1016	18.23	43.9	66	99.16
1017	4.17	160.25	66	113.2
1018	27.1	117	67	74.86
1019	6.33	195.77	68	133.96
1020	193.41	112.1	68	94.19
1021	135.24	92.55	67	36.02
1022	115.71	190.52	66	91.87
1023	58.08	105.93	66	42.34
1024	157.93	41.36	66	82.43
1025	81.47	100.73	68	18.54
1026	116.5	41.61	68	60.68
1027	106.72	137.83	66	38.42
1028	109.76	192.54	66	93.05
1029	154.39	17.45	67	98.86
1030	161.48	164.25	68	88.93
1031	137.63	127.58	66	46.65
1032	188.49	52.49	68	100.44
Drivers: 11
id	x	y	end	sensitivity
669	178.57	191.96	71	0.63
670	128.5	171.23	71	1.88
671	36.33	49.41	68	1.22
672	70.65	144.3	69	1.46
673	127.19	105.09	70	0.9
674	96.75	70.97	71	0.87
675	154.43	152.74	70	0.51
676	16.67	45.1	71	0.83
677	117.1	101.77	71	0.7
678	78.85	61.07	67	1.08
679	127.76	77.38	72	1.79
Period: 67
Tasks:12
id	x	y	end	c
1033	35	64.04	67	74.28
1034	181.71	163.2	68	103.3
1035	10.81	60.01	68	97.74
1036	56.21	30.9	70	81.81
1037	171.45	80.65	67	74.02
1038	34.21	157.92	67	87.65
1039	108.27	78.46	67	23.07
1040	75.45	57.23	67	49.32
1041	108.89	28.27	70	72.28
1042	26.07	74.44	67	78.22
1043	144.69	54.74	67	63.61
1044	116.34	184.86	67	86.42
Drivers: 12
id	x	y	end	sensitivity
680	2.44	88.06	72	1.27
681	167.65	159.15	71	0.92
682	87.49	83.52	70	1.69
683	10.73	83.25	71	1
684	173.94	141.28	72	1.22
685	45.93	135.88	69	0.84
686	129.76	87.14	67	1.08
687	127.55	167.65	71	1.6
688	11.29	117.36	70	0.52
689	139.3	59.15	70	1.26
690	90.62	16.56	70	1.48
691	20.19	146.29	72	0.97
Period: 68
Tasks:23
id	x	y	end	c
1045	35.64	11.27	68	109.61
1046	163.23	36.14	69	89.87
1047	34.11	175.76	68	100.4
1048	139.46	176.17	70	85.78
1049	98.86	28.27	69	71.74
1050	95.68	35.56	70	64.58
1051	121.31	144.23	68	49.1
1052	42.78	75.75	71	62.15
1053	83.91	154.05	71	56.39
1054	50.52	147.11	68	68.32
1055	16.51	7.93	69	124.29
1056	52.14	152.25	69	70.86
1057	115.78	50.42	68	52.03
1058	25.16	187.81	68	115.38
1059	151.33	112.54	69	52.84
1060	49.91	94.78	70	50.36
1061	80.7	190.85	68	92.88
1062	52.8	170.71	71	85.02
1063	195.74	131.21	68	100.7
1064	21.07	27.43	70	107.22
1065	97.18	191.27	69	91.31
1066	169.4	7.21	68	115.87
1067	82.88	163.42	69	65.69
Drivers: 14
id	x	y	end	sensitivity
692	11.24	70.54	72	0.81
693	90.97	78.16	69	1.53
694	32.48	37.18	70	1.93
695	20.33	147.27	72	1.91
696	167.03	39.95	68	1.98
697	98.1	45.56	70	0.69
698	32.52	122.92	72	1.02
699	130.38	187.97	68	0.71
700	1.57	101.39	70	1.69
701	87.2	110.17	72	0.9
702	12.21	60.79	70	1.45
703	30.47	194.38	70	1.17
704	146.12	194.88	69	1.54
705	186.58	106.13	71	0.73
Period: 69
Tasks:12
id	x	y	end	c
1068	30.62	195.21	72	117.81
1069	155.87	99.9	71	55.87
1070	198.06	48.7	69	110.67
1071	55.72	55.28	70	62.93
1072	135.92	65.32	69	49.93
1073	54.11	78.84	69	50.53
1074	94.37	66.95	69	33.53
1075	141.23	24.65	69	85.89
1076	120.53	189.76	73	92.08
1077	19.86	102.28	72	80.17
1078	149.8	122.55	70	54.67
1079	196.99	150.41	70	109.31
Drivers: 10
id	x	y	end	sensitivity
706	9.52	50.73	72	1.12
707	106.22	156.1	73	1.4
708	179.26	71.37	73	1.52
709	106.18	141.93	75	1.58
710	19.01	150.94	72	1.52
711	135.41	178.47	72	1.83
712	165.7	23.74	70	1.96
713	5.7	100.37	71	1.88
714	54.1	89.99	74	1.33
715	108.64	120.7	71	1.83
Period: 70
Tasks:12
id	x	y	end	c
1080	137.04	155.57	72	66.78
1081	164.42	164.69	72	91.29
1082	120.09	18.98	71	83.47
1083	44.41	158.96	72	81.03
1084	6.8	58.78	71	101.91
1085	152.31	106.58	72	52.72
1086	152.85	112.22	71	54.24
1087	45.79	57.29	73	69.01
1088	171.45	158.46	71	92.32
1089	40.87	129.61	71	66.13
1090	141.04	109.58	74	42.14
1091	82.24	49.49	72	53.54
Drivers: 4
id	x	y	end	sensitivity
716	4.6	26.21	72	0.95
717	171.82	27.34	73	1.68
718	124.91	124.99	75	0.58
719	32.01	53.01	75	1.93
Period: 71
Tasks:18
id	x	y	end	c
1092	57.32	89.68	71	43.91
1093	140.54	65.95	71	52.94
1094	138.37	154.9	73	66.98
1095	51.58	93.03	72	48.92
1096	97	24.02	73	76.04
1097	165.34	104.58	71	65.5
1098	38.43	27.14	73	95.39
1099	25.77	109.92	74	74.89
1100	84.36	31.15	74	70.6
1101	63.26	156.51	71	67.4
1102	14.51	138.4	75	93.72
1103	105.19	187.78	71	87.93
1104	33.47	27.45	72	98.44
1105	0.68	19.15	72	128.07
1106	24.09	29.91	71	103.32
1107	26.98	133.56	74	80.36
1108	63.42	171.7	72	80.49
1109	128.75	89.96	72	30.45
Drivers: 5
id	x	y	end	sensitivity
720	80.99	146.55	73	1.69
721	138.19	39.4	73	0.7
722	179.78	65.9	73	0.66
723	83.56	161.39	78	0.65
724	180.75	28.8	73	1.39
Period: 72
Tasks:13
id	x	y	end	c
1110	72.45	91.41	72	28.86
1111	181.51	136.87	73	89.46
1112	34.97	98.72	72	65.04
1113	7.2	33.03	75	114.44
1114	20.13	161.82	72	101
1115	144.75	2.32	73	107.44
1116	33.47	54.59	72	80.55
1117	151.29	47.36	74	73.5
1118	50.42	116.2	74	52.16
1119	103.27	168.77	72	68.85
1120	6.08	77.47	74	96.58
1121	67.96	73.67	72	41.47
1122	36.75	28.13	76	95.74
Drivers: 13
id	x	y	end	sensitivity
725	16.36	195.93	73	1.53
726	117.73	4.14	75	0.77
727	28.62	174.84	75	1.65
728	82.92	33.57	75	1.8
729	171.25	100.1	75	0.79
730	91.55	27.46	76	1.34
731	0.63	40.33	73	1.15
732	133.15	156.34	76	1.48
733	12.6	1.45	76	1.74
734	90.86	86.99	80	0.92
735	97.31	63.73	73	1.06
736	166.9	139.77	74	1.9
737	63.91	85.77	76	0.74
Period: 73
Tasks:11
id	x	y	end	c
1123	14.31	176.78	74	115.06
1124	71.13	119.44	73	34.81
1125	113.56	157.59	74	59.16
1126	42.34	83.5	74	59.97
1127	66.97	32.02	74	75.58
1128	168.91	83.42	75	70.88
1129	137.8	191.49	74	98.99
1130	141.96	170.9	73	82.39
1131	10.29	79.22	73	92.09
1132	185.34	166.45	75	108.16
1133	139.61	76.37	74	46.12
Drivers: 10
id	x	y	end	sensitivity
738	86.92	157.17	74	0.61
739	89.47	155.46	77	0.71
740	188.88	89.64	75	0.98
741	146.18	26.91	75	1.46
742	44.14	148.13	76	1.58
743	16.25	32.53	75	0.98
744	165.92	110.73	75	1.26
745	174.65	132.6	75	1.37
746	125.2	192.48	76	1.26
747	93.19	81.65	73	1.67
Period: 74
Tasks:12
id	x	y	end	c
1134	82.15	1.16	74	100.44
1135	41.73	153.53	74	79.13
1136	12.61	167.02	74	110.13
1137	51.48	142	75	64.17
1138	25.04	34.98	74	99.23
1139	43.28	87.78	75	58.02
1140	19.46	71.3	75	85.5
1141	7.4	46.52	76	106.93
1142	17.32	18.06	77	116.41
1143	149.43	46.81	74	72.61
1144	183.7	110.65	75	84.37
1145	155.47	51.04	75	73.99
Drivers: 10
id	x	y	end	sensitivity
748	85.49	116.68	78	1.21
749	156.85	42.69	79	1.8
750	80.05	30.9	80	0.83
751	172.06	105.99	76	1.99
752	84.14	168.67	74	0.58
753	25.76	51.73	79	1.34
754	107.5	174.29	79	1.05
755	85.4	131.05	75	1.39
756	47.89	119.36	75	1.78
757	49.27	97.51	78	1.71
Period: 75
Tasks:10
id	x	y	end	c
1146	19.11	127.8	75	85.53
1147	62.5	52.89	75	60.21
1148	186.91	96.73	77	86.97
1149	48.05	182.49	76	97.49
1150	124.16	108.57	75	25.63
1151	122.73	116.19	75	27.91
1152	126.55	2.09	76	101.45
1153	44.48	134.7	75	65.47
1154	98.01	38.8	76	61.23
1155	15.87	58.8	76	93.68
Drivers: 6
id	x	y	end	sensitivity
758	37.19	113.96	77	1.4
759	36.9	51.3	78	1.1
760	88.47	126.16	77	1.74
761	182.1	92.09	76	1.51
762	98.1	124.83	77	1.94
763	12.61	35.42	76	1.58
Period: 76
Tasks:16
id	x	y	end	c
1156	79.47	11.78	77	90.58
1157	28.84	78.43	76	74.36
1158	85.4	178.8	77	80.14
1159	5.67	111	79	94.97
1160	41.75	91.42	79	58.88
1161	130.25	65.82	78	45.64
1162	199.4	61.8	81	106.49
1163	11.06	126.9	77	92.92
1164	80.52	144.05	76	48.17
1165	158.9	175.36	79	95.65
1166	112.45	26.81	76	74.24
1167	79.36	28.77	79	74.16
1168	34.42	167.5	76	94.11
1169	68.05	40.95	78	67.14
1170	136.73	72.1	77	46.12
1171	124.59	126.98	77	36.5
Drivers: 8
id	x	y	end	sensitivity
764	182.9	139.35	79	1.61
765	72.16	3.96	76	0.78
766	165.01	137.66	78	0.96
767	129.79	16.73	78	0.71
768	177.18	83.98	78	1.42
769	192.21	56.16	78	0.97
770	194.73	43.59	82	1.84
771	22.62	9.02	78	0.65
Period: 77
Tasks:12
id	x	y	end	c
1172	93.67	156.69	78	57.04
1173	192.6	107.12	78	92.87
1174	8.38	102.01	78	91.64
1175	148.84	10.77	78	101.72
1176	161.53	150.55	77	79.63
1177	37.68	81.34	78	65.05
1178	134.91	90.64	78	36.14
1179	114.27	134.59	78	37.42
1180	42.78	80.27	78	60.53
1181	47.29	95.28	79	52.92
1182	120.85	95.37	80	21.36
1183	17.33	120.72	78	85.23
Drivers: 8
id	x	y	end	sensitivity
772	165.04	174.27	81	1.39
773	194.04	1.92	79	0.9
774	157.12	49.91	82	1.57
775	89.21	159.04	79	1.76
776	13	51.28	81	1.2
777	133.38	146.97	81	0.75
778	26.39	119.88	79	1.51
779	151.89	116.23	79	1
Period: 78
Tasks:26
id	x	y	end	c
1184	129.75	95.8	80	30.05
1185	146.7	26.95	78	86.7
1186	65.02	102.17	79	35.05
1187	74.7	105.11	78	25.81
1188	171.64	182.72	79	109.43
1189	105.78	8.34	79	91.84
1190	1.54	179.05	79	126.27
1191	122.95	118.06	79	29.2
1192	185.88	91.23	80	86.33
1193	125.96	3.04	78	100.38
1194	164.26	121.08	79	67.63
1195	151.01	124.24	79	56.48
1196	3.07	72.76	78	100.68
1197	84.82	6.37	78	94.85
1198	60.23	82.62	78	43.4
1199	47.05	197.13	81	110.63
1200	99.87	9	80	91
1201	55.29	137.69	81	58.48
1202	197.16	11.24	79	131.6
1203	84.51	54.79	78	47.79
1204	36.21	114.73	78	65.47
1205	56.69	70.73	78	52.27
1206	83.52	156.21	79	58.58
1207	121.65	118.47	79	28.46
1208	147.42	5.59	79	105.65
1209	5.22	12.29	78	129.14
Drivers: 11
id	x	y	end	sensitivity
780	100.84	70.73	81	0.74
781	83.69	137.56	81	1.32
782	140.43	64.67	82	0.91
783	153.92	36.56	81	0.84
784	140.11	71.59	83	1.47
785	186.06	76.22	79	0.62
786	82.92	96.94	79	1.27
787	14.26	88.66	82	1.16
788	1.05	67.4	80	0.9
789	38.62	101.4	81	1.89
790	140.53	26.72	82	1.18
Period: 79
Tasks:11
id	x	y	end	c
1210	84.37	42.54	80	59.55
1211	148.97	127.23	79	56.03
1212	133.9	72.94	81	43.38
1213	90.75	49.68	81	51.16
1214	183.76	19.16	79	116.41
1215	93.1	124	80	24.97
1216	14.08	90.14	80	86.48
1217	127.83	74.5	80	37.75
1218	108.44	7.53	80	92.85
1219	183.55	140.69	81	92.93
1220	168.21	185.02	80	109
Drivers: 12
id	x	y	end	sensitivity
791	152.57	149.49	81	1.28
792	25.2	14.33	83	1.33
793	89.09	190.43	81	1.54
794	110.34	104.13	82	0.52
795	109.63	23.94	81	0.68
796	34.3	82	80	0.55
797	135.32	198.24	81	1.9
798	37.76	177.75	81	0.96
799	52.54	125.82	81	1.08
800	44.41	196.3	80	1.41
801	26.35	27.49	86	1.78
802	97.23	157.75	81	1.24
Period: 80
Tasks:10
id	x	y	end	c
1221	57.48	99.8	82	42.52
1222	17.29	135.77	80	90.11
1223	83.68	65.79	81	37.9
1224	77.54	168.48	80	72.07
1225	87.85	146.17	82	47.74
1226	118.14	149.21	81	52.45
1227	34.96	82.03	80	67.48
1228	53.31	104.65	81	46.92
1229	83.55	101.16	81	16.49
1230	154.75	130.98	81	62.91
Drivers: 7
id	x	y	end	sensitivity
803	156.02	108.26	82	1.42
804	54.32	94.09	81	1.73
805	155.8	108.74	83	1.95
806	164.78	37.24	84	1.81
807	87.93	154.95	82	0.67
808	1.61	41.04	83	0.94
809	184.01	36.85	87	0.83
Period: 81
Tasks:10
id	x	y	end	c
1231	137.4	75.16	81	44.9
1232	53.56	125.27	82	52.87
1233	30.3	150.57	82	86.11
1234	82.05	128.58	82	33.75
1235	58.74	71.58	82	50.1
1236	195.36	133.04	82	100.92
1237	139.2	96.53	82	39.35
1238	166.72	96.85	82	66.79
1239	155.19	80	82	58.7
1240	197.63	146.54	82	108.16
Drivers: 10
id	x	y	end	sensitivity
810	80.42	75.92	86	1.69
811	154.76	178.42	82	1.69
812	108.19	163.75	83	1.91
813	127.71	24.87	83	0.81
814	31.45	125.19	82	1.6
815	29.93	157.43	81	1.29
816	51.28	140.96	83	0.81
817	28	79.75	82	1.07
818	1.73	49.33	86	0.58
819	56.25	147.7	82	0.84
Period: 82
Tasks:16
id	x	y	end	c
1241	149.05	64.01	82	60.84
1242	26.1	144.79	84	86.41
1243	80.84	141.98	84	46.15
1244	154.06	102.52	82	54.12
1245	51.02	90.53	82	49.89
1246	49.73	17.97	82	96.21
1247	105.12	173.02	85	73.2
1248	130.43	110.58	82	32.22
1249	195.3	113.89	85	96.31
1250	169.61	85.83	82	71.04
1251	16.6	8.5	82	123.81
1252	144.4	46.3	83	69.68
1253	142.06	89.59	82	43.33
1254	95.94	160.04	83	60.18
1255	60.43	87.15	84	41.6
1256	10.37	30.95	82	113.14
Drivers: 9
id	x	y	end	sensitivity
820	109.78	137.93	83	0.88
821	92.42	43.04	85	1.75
822	1.63	8.31	85	1.22
823	94.28	116.57	85	1.03
824	120.04	91.41	85	1.84
825	198.39	161.55	82	0.89
826	164.51	12.58	86	1.71
827	122.22	113.63	86	1.66
828	175.45	99.5	84	1.51
Period: 83
Tasks:16
id	x	y	end	c
1257	6.19	26.8	83	118.99
1258	18.33	170.66	84	107.99
1259	88.32	45.63	83	55.61
1260	37.17	126.83	84	68.32
1261	182.27	13.42	84	119.43
1262	178.27	149.57	85	92.65
1263	147.49	109.42	84	48.42
1264	102.25	178.6	84	78.63
1265	62.41	148.36	83	61.25
1266	181.72	166.66	83	105.46
1267	102.07	72.25	83	27.83
1268	82.11	55.46	84	48
1269	4.69	111.67	83	96.02
1270	72.91	60.13	84	48.2
1271	154.75	88.55	84	55.93
1272	163.8	61.16	84	74.69
Drivers: 8
id	x	y	end	sensitivity
829	192.87	11.31	85	1.22
830	100.63	84.45	84	0.63
831	171.77	65.41	85	1.58
832	18.2	6.53	86	1.45
833	46.96	68.61	85	1
834	187.98	54.38	87	1.2
835	148.99	117.38	86	1.83
836	123.97	196.77	86	1.63
Period: 84
Tasks:16
id	x	y	end	c
1273	84.31	142.42	84	45.23
1274	127.57	151.89	84	58.76
1275	113.94	172.72	85	74.04
1276	110.12	38.96	84	61.87
1277	120.77	142.52	87	47.32
1278	190.2	43.68	85	106.34
1279	159.34	65.86	86	68.46
1280	4.31	109.05	85	96.12
1281	174.6	100.83	85	74.6
1282	110.86	122.03	86	24.56
1283	60.11	129.07	84	49.36
1284	135.35	137.6	84	51.61
1285	79.31	55.86	89	48.75
1286	57.3	124.15	85	49.06
1287	55.75	32.07	86	81.07
1288	102.52	78.93	86	21.22
Drivers: 9
id	x	y	end	sensitivity
837	56.22	153.98	86	1.7
838	77.73	6.08	85	0.58
839	40.73	190.85	88	1.93
840	68.23	118.36	88	1.97
841	194.65	87	86	1.96
842	127.01	53.47	84	1.03
843	100.69	47.94	84	1.6
844	135.7	40.59	87	1.26
845	113.35	64.51	85	1.43
Period: 85
Tasks:17
id	x	y	end	c
1289	139.56	128.46	85	48.73
1290	16.88	140.42	86	92.43
1291	47.13	126.08	86	58.95
1292	121.13	193.71	85	96.06
1293	156.4	164.28	85	85.52
1294	56.12	19.07	85	92.06
1295	78.19	23.64	87	79.41
1296	198.9	99.05	85	98.9
1297	149.42	197.05	87	108.91
1298	76.8	180.73	86	84
1299	162.4	31.27	86	92.83
1300	101.91	71.58	86	28.48
1301	157.88	67.82	86	66.22
1302	104.64	89.14	87	11.81
1303	9.75	122.81	86	93.09
1304	163.14	155.93	87	84.35
1305	17.51	11.79	89	120.77
Drivers: 15
id	x	y	end	sensitivity
846	19.46	165.19	86	1.03
847	11.34	140.44	87	1.23
848	195.79	132.61	88	1.14
849	153.68	54.43	89	0.66
850	77.67	89.52	88	1.16
851	36.14	139.49	90	0.62
852	134.81	127.96	91	1.33
853	64.07	45.47	90	1.8
854	31.52	193.76	89	0.85
855	27.02	184.1	87	0.78
856	166.71	153.28	91	0.53
857	18.13	116.07	87	0.89
858	180.81	192.74	86	1.33
859	135.3	100.69	88	0.93
860	113.19	126.23	92	1.58
Period: 86
Tasks:12
id	x	y	end	c
1306	30.73	12.56	87	111.55
1307	148.91	109.68	88	49.86
1308	162.63	143.82	86	76.44
1309	87.01	57.74	88	44.21
1310	103.06	82.2	86	18.06
1311	51.84	133.58	86	58.71
1312	106.53	199.78	87	99.99
1313	47.29	149.43	87	72.26
1314	146.25	168.91	86	82.99
1315	102.99	181.3	87	81.35
1316	8.9	155.07	87	106.45
1317	51.9	56.93	88	64.56
Drivers: 15
id	x	y	end	sensitivity
861	29.26	149.12	91	1.94
862	64.01	149.33	90	1.35
863	158.95	147.45	91	1.14
864	154.84	152.92	86	0.66
865	11.04	151.99	90	1.36
866	61.27	103.57	91	1.25
867	129.84	189.82	88	0.98
868	96.12	46.33	87	1.09
869	150.82	47.97	90	0.65
870	3.51	82.48	88	1.08
871	93.57	123.04	91	0.79
872	115.39	68.86	90	1.84
873	99.62	79.85	90	0.74
874	172.03	55.02	90	1.12
875	117.25	79.72	89	0.77
Period: 87
Tasks:14
id	x	y	end	c
1318	67.28	197.19	87	102.55
1319	147.98	56.42	88	64.82
1320	109.65	11.06	87	89.46
1321	17.44	195.02	87	125.88
1322	170.35	188.78	88	113.27
1323	10.62	143.94	88	99.6
1324	82.13	27	88	75.16
1325	21.96	115.66	89	79.6
1326	147.48	182.82	88	95.46
1327	183.69	79.3	87	86.21
1328	5.15	180.79	89	124.59
1329	185.75	9.74	87	124.5
1330	126.44	40.64	88	64.98
1331	0.71	135.75	87	105.53
Drivers: 10
id	x	y	end	sensitivity
876	92.24	15.95	90	1.69
877	34.68	159.24	90	1.23
878	149.23	114.37	88	1.25
879	141.92	67.75	92	1.42
880	19.15	113.7	90	0.66
881	39.43	142.08	89	1.84
882	9.03	131.37	89	1.99
883	151.15	54.02	92	0.75
884	18.86	38.89	88	1.11
885	143.92	187.03	92	0.6
Period: 88
Tasks:15
id	x	y	end	c
1332	69.06	68.52	88	44.14
1333	181.92	194.18	88	124.82
1334	38.64	14.85	88	104.96
1335	8.57	59.39	89	100.04
1336	106.09	3.13	88	97.06
1337	166.24	32.19	89	94.79
1338	81.56	93.26	89	19.63
1339	165.12	70.88	89	71.33
1340	74.01	5.55	88	97.96
1341	180.71	65.54	91	87.76
1342	173.72	173.05	88	103.78
1343	131.46	154.7	88	63.1
1344	109.48	76.95	88	24.92
1345	124.41	42.62	88	62.36
1346	177.71	40.04	91	98.15
Drivers: 9
id	x	y	end	sensitivity
886	76.41	108.02	89	1.16
887	41.77	186.2	92	0.74
888	64.92	7.1	94	0.94
889	110.79	81.61	92	1.31
890	23.61	198.74	94	1.25
891	78.12	133	90	0.56
892	151.41	6.03	88	1.73
893	99.56	157.81	91	1.49
894	82.32	78.27	88	1.24
Period: 89
Tasks:16
id	x	y	end	c
1347	93.68	91.28	90	10.77
1348	196.46	97.23	89	96.5
1349	13.03	93.9	91	87.18
1350	193.99	1.56	89	136.1
1351	9.68	181.88	89	121.91
1352	76.55	80.57	89	30.45
1353	23.64	125.83	90	80.61
1354	52.96	116.04	90	49.7
1355	77.74	173.24	91	76.55
1356	88.79	59.7	91	41.83
1357	86.13	137.31	90	39.8
1358	142.41	76.93	89	48.28
1359	75.11	100.37	89	24.89
1360	181.9	167.37	89	106.05
1361	17.39	78.95	91	85.25
1362	150.9	94.15	90	51.24
Drivers: 8
id	x	y	end	sensitivity
895	92.23	85.92	93	1.41
896	106.82	79.77	93	1.15
897	123.1	158.75	91	1.74
898	120.41	95.52	90	1.5
899	190.55	114.07	90	1.29
900	85.08	160.25	94	1.5
901	112.11	144.79	91	0.86
902	157.16	110.57	93	1.96
Period: 90
Tasks:22
id	x	y	end	c
1363	157.92	112.4	90	59.23
1364	20.17	133.1	91	86.42
1365	134.22	156.59	91	66.13
1366	100.89	6.4	90	93.6
1367	17.56	198.47	94	128.42
1368	117.83	16.07	90	85.8
1369	148.16	194.3	91	105.89
1370	101.69	150.13	92	50.16
1371	98.87	164.64	91	64.65
1372	173.31	178.88	92	107.69
1373	97.39	37.73	91	62.32
1374	39.94	98.18	90	60.09
1375	162.21	90.96	91	62.86
1376	105.09	85.59	91	15.28
1377	64.46	127.14	91	44.72
1378	134.83	131.03	92	46.65
1379	184.85	147.9	93	97.44
1380	6.55	154.16	90	108.01
1381	115.32	124.94	90	29.27
1382	17.11	144.09	90	93.89
1383	113.93	121.89	94	25.95
1384	94.78	198.61	91	98.75
Drivers: 8
id	x	y	end	sensitivity
903	145.78	110.31	94	1.62
904	124.04	69.98	95	1.48
905	145.87	50.84	95	1.41
906	75.33	20.01	96	1.3
907	59.15	35.35	93	1.36
908	29.7	197.97	93	0.89
909	178.34	182.99	96	1.11
910	174.36	37.5	91	1.07
Period: 91
Tasks:17
id	x	y	end	c
1385	91.72	84.27	91	17.78
1386	80.55	158.38	91	61.53
1387	162.36	196.09	93	114.55
1388	27.6	133.27	91	79.68
1389	53.63	59.26	92	61.72
1390	154.16	144.02	91	69.79
1391	54.79	10.75	93	100.05
1392	40.7	154.97	92	80.86
1393	117.41	152	92	54.84
1394	148.99	8.98	92	103.37
1395	128.96	23.29	93	81.99
1396	24	46.92	93	92.7
1397	128.44	46.96	93	60.18
1398	142.15	57.98	92	59.52
1399	188.38	0.06	94	133.41
1400	136.35	183.32	93	90.9
1401	50.09	17.32	92	96.58
Drivers: 4
id	x	y	end	sensitivity
911	156.75	68.47	96	0.98
912	183.83	99.01	93	1.99
913	7.2	134	91	1.82
914	90.38	14.15	94	1.66
Period: 92
Tasks:9
id	x	y	end	c
1402	72.11	103.76	94	28.14
1403	69.98	139.21	93	49.38
1404	123.81	198.55	93	101.39
1405	43.15	102.01	95	56.89
1406	130.88	137.63	92	48.68
1407	53.41	54.3	92	65.26
1408	99.86	130	93	30
1409	79.01	158.39	92	62.05
1410	98.61	17.46	92	82.55
Drivers: 9
id	x	y	end	sensitivity
915	107.63	65.4	94	1.74
916	70.35	32.69	95	0.52
917	54.1	67.26	95	1.5
918	108.49	40.54	95	1.76
919	193.81	102.34	98	0.55
920	123.4	175.22	96	1.05
921	180.77	114.67	98	0.77
922	175.35	56.84	98	1.4
923	106.94	168.02	95	1.63
Period: 93
Tasks:17
id	x	y	end	c
1411	51.55	187.31	94	99.85
1412	73.41	126.02	93	37.2
1413	14.43	199.33	94	131.11
1414	20.07	158.52	94	99.06
1415	113.4	179.04	94	80.17
1416	11.59	142.9	97	98.27
1417	199.95	194.47	94	137.53
1418	94.66	175.8	94	75.99
1419	83.68	154.1	95	56.51
1420	21.82	19.95	96	111.89
1421	5.45	25.4	95	120.44
1422	102.58	199.29	96	99.32
1423	145.79	184.37	95	95.99
1424	111.7	153.03	93	54.31
1425	159.07	13.93	93	104.39
1426	12.44	92.44	94	87.89
1427	123.58	55.33	93	50.51
Drivers: 12
id	x	y	end	sensitivity
924	10.39	177.04	97	1.54
925	95.86	188.28	94	1.51
926	180.84	190.56	98	1.83
927	193	118.26	94	1.45
928	91.59	53.83	95	0.52
929	167.35	113.16	101	0.61
930	114.81	3.98	99	1.91
931	143.69	1.7	96	1.95
932	113.44	40.51	95	1.15
933	55.83	142.57	98	1.58
934	54.11	20.88	93	0.63
935	39.4	109.07	94	0.63
Period: 94
Tasks:15
id	x	y	end	c
1428	144.68	48.92	96	67.86
1429	179.93	78.96	94	82.65
1430	88.75	180.2	98	80.99
1431	46.62	57.66	94	68.13
1432	5.72	189.99	95	130.33
1433	14.71	92.16	94	85.65
1434	75.69	77.67	95	33.01
1435	68.93	16.33	94	89.25
1436	195.04	4.76	96	134.55
1437	57.61	133.63	94	54.11
1438	56.28	94.2	95	44.1
1439	158.9	8.14	96	109.12
1440	13.44	129.53	94	91.46
1441	190.05	94.49	94	90.22
1442	84.73	47.84	95	54.35
Drivers: 9
id	x	y	end	sensitivity
936	81.22	148.29	97	1.55
937	100.4	35.91	96	1.02
938	155.76	162.22	97	1.79
939	182.76	80.96	96	1.59
940	32.73	194.36	99	1.42
941	76.13	125.08	99	1.66
942	62.15	97.09	97	0.8
943	66.64	158.83	96	0.97
944	160.2	176.15	95	0.62
Period: 95
Tasks:20
id	x	y	end	c
1443	8.17	144.65	96	102.11
1444	19.77	168.42	95	105.44
1445	7.35	159.78	95	110.26
1446	81.04	9.82	96	92.15
1447	189.57	138.33	97	97.43
1448	59.31	169.61	96	80.63
1449	73.34	49.97	97	56.69
1450	26.77	65.89	96	80.78
1451	186.29	18.38	97	118.78
1452	130.86	49.39	95	59.28
1453	4.33	36.23	96	114.98
1454	157.01	154.5	95	78.87
1455	143.69	132.67	97	54.55
1456	23.6	185.17	96	114.42
1457	127.57	8.93	96	95.15
1458	94.56	100.42	96	5.46
1459	4.73	90.13	96	95.78
1460	123.66	183.28	97	86.58
1461	157.17	20.72	97	97.74
1462	51.19	18.31	97	95.16
Drivers: 10
id	x	y	end	sensitivity
945	113.62	0.85	100	1.17
946	116.53	110.02	99	1.42
947	10.76	93.55	96	0.91
948	165.1	119.81	99	0.57
949	132.92	50.39	98	1.25
950	186.33	194.14	96	1.24
951	5.03	110.34	98	1.46
952	3.04	20.5	99	1
953	26.86	43.25	97	1.77
954	125.58	121.49	96	0.82
Period: 96
Tasks:16
id	x	y	end	c
1463	59.52	128.02	97	49.23
1464	198.58	190.08	98	133.54
1465	61.46	27.45	98	82.15
1466	120.01	96.56	97	20.3
1467	148.39	28.85	97	86.05
1468	137.64	80.59	98	42.35
1469	134.85	148.2	97	59.48
1470	188.22	70.5	97	93.02
1471	38.47	29.34	96	93.7
1472	191.07	156.26	96	107.05
1473	22.06	83.95	97	79.58
1474	17.14	151.82	98	97.73
1475	76.35	161.19	96	65.6
1476	197.89	23.62	97	124.16
1477	6.18	175.92	99	120.69
1478	0.11	31.46	97	121.14
Drivers: 5
id	x	y	end	sensitivity
955	79.2	44.03	99	0.59
956	142.02	3.41	100	1.3
957	61.07	163.72	99	1.65
958	40.07	171.05	98	0.86
959	58.6	152.31	99	1.92
Period: 97
Tasks:18
id	x	y	end	c
1479	163.99	108.63	98	64.57
1480	170.77	59.39	99	81.59
1481	170.09	167.98	97	97.64
1482	89.19	122.07	97	24.58
1483	48.19	129.59	99	59.66
1484	130.04	89.76	97	31.74
1485	99.77	143.08	99	43.08
1486	4.72	10.3	98	130.86
1487	147.58	141.75	97	63.3
1488	29.43	95.06	97	70.74
1489	168.79	125.51	97	73.37
1490	85.58	156.46	99	58.27
1491	71.68	6.33	97	97.86
1492	162.19	85.37	98	63.89
1493	131.85	157.93	99	66.11
1494	175.69	176.03	98	107.28
1495	180.19	142.93	97	90.96
1496	8.25	136.97	98	98.92
Drivers: 16
id	x	y	end	sensitivity
960	197.52	2.92	101	1.67
961	158	6.04	102	2
962	33.9	96.25	98	1.73
963	67.46	117.87	102	0.59
964	22.89	147.22	100	1.18
965	111.84	40.49	102	1.82
966	36.24	70.81	99	0.76
967	24.76	94.24	102	1.37
968	151.93	42.29	100	0.97
969	57.07	173.7	100	0.68
970	160.01	80.33	102	1.1
971	187.37	15.43	101	0.77
972	51.81	68.56	100	1.9
973	120.75	121.66	98	0.84
974	14.28	49.28	101	1.07
975	114.7	120.87	102	1.91
Period: 98
Tasks:23
id	x	y	end	c
1497	88.82	34.8	98	66.15
1498	98.7	11.09	100	88.92
1499	33.62	20.12	99	103.86
1500	75.23	83.58	98	29.72
1501	182.28	15.73	98	117.78
1502	122.2	40.51	99	63.5
1503	131.33	126.86	99	41.27
1504	158.98	97.48	101	59.03
1505	134.25	5.53	100	100.49
1506	184.79	9.02	100	124.37
1507	40.79	20.4	98	99.21
1508	122.14	26.96	98	76.32
1509	153.99	165.63	99	84.98
1510	94.09	80.99	99	19.91
1511	168.13	150.78	99	84.97
1512	60.36	32.45	98	78.32
1513	196.05	53.25	99	106.82
1514	94.17	72.03	98	28.57
1515	15.61	189.87	99	123.28
1516	163.67	152.82	98	82.73
1517	76.84	197.72	99	100.43
1518	171.59	78.93	98	74.63
1519	119.32	153.81	99	57.17
Drivers: 19
id	x	y	end	sensitivity
976	69.57	147.55	101	0.96
977	183.02	132.06	100	1.74
978	62.48	121.64	100	1.42
979	180.41	167.44	100	1.75
980	98.43	3.66	103	1.32
981	46.8	95.06	103	1.62
982	19.16	177.19	103	1.19
983	101.73	94.45	102	1.74
984	97.06	84.26	101	1.13
985	152.61	85.52	100	1.22
986	196.85	194.6	100	1.04
987	111.09	29.97	102	1.19
988	198.81	12.1	99	0.6
989	61.89	184.8	98	1.06
990	113.62	121.81	99	0.93
991	38.27	145.25	99	1.01
992	129.61	102.26	99	1.5
993	174.26	45.89	99	1.9
994	1.21	59.37	103	0.52
Period: 99
Tasks:14
id	x	y	end	c
1520	168.7	105.07	100	68.89
1521	125.19	13.12	100	90.46
1522	174.09	193.25	100	119.1
1523	143.49	49.38	99	66.74
1524	171.24	112.73	99	72.37
1525	105.04	77.08	100	23.47
1526	32.4	157.34	100	88.64
1527	103.52	59.15	99	41
1528	140.21	129	100	49.58
1529	183.78	5.72	99	126.13
1530	22.55	184.78	101	114.83
1531	66.44	105.13	99	33.95
1532	142.82	41.56	101	72.45
1533	96.2	24.31	99	75.79
Drivers: 13
id	x	y	end	sensitivity
995	4.59	29.61	102	0.66
996	96.89	26.99	104	1.96
997	108.16	38.71	99	0.9
998	58.42	52.34	102	1.54
999	193.24	107.82	101	0.52
1000	4.52	110.86	100	1.26
1001	5.34	140.89	104	1.35
1002	145.94	95.07	104	0.94
1003	48.8	9.83	102	0.81
1004	18.13	175.81	106	1.11
1005	185.46	110.5	104	1.23
1006	56.53	184.29	101	0.76
1007	7.5	111.21	101	1.22
Period: 100
Tasks:16
id	x	y	end	c
1534	43.15	63.24	102	67.7
1535	102.6	84.65	101	15.57
1536	28.35	164.77	100	96.59
1537	188.15	128.45	100	92.63
1538	53.57	169.09	101	83.24
1539	65.23	164.08	101	72.91
1540	32.11	47.68	100	85.71
1541	121.1	177.5	100	80.32
1542	156.4	145.65	101	72.56
1543	94.16	46.41	101	53.91
1544	5.32	194.14	102	133.52
1545	26.85	82.06	100	75.32
1546	42.23	108.1	100	58.34
1547	17.37	149.28	101	96.21
1548	152.55	172.93	100	89.89
1549	79.26	199.58	101	101.72
Drivers: 8
id	x	y	end	sensitivity
1008	162.87	187.12	105	1.76
1009	60.5	190.6	105	1.53
1010	99.96	102.31	103	0.66
1011	4.26	39.58	102	1.77
1012	73.84	21	103	1.08
1013	150.42	87.06	103	0.72
1014	53.99	42.85	102	1.63
1015	9.62	23.68	103	0.92
