Periods: 100
Task Arrival Rate: 15
Task Average Time: 1
Driver Arrival Rate: 5
Driver Average Time: 3
Period: 1
Tasks:10
id	x	y	end	c
1	191.06	121.41	1	93.54
2	189.9	171.62	3	114.94
3	27.97	126.99	2	76.92
4	154.68	175.35	1	93.1
5	41.54	128.14	1	64.88
6	66.43	154.43	3	63.95
7	32.08	65.35	2	76.25
8	15.12	154.95	3	101.11
9	35.69	189.74	1	110.4
10	55.75	38.29	3	75.94
Drivers: 5
id	x	y	end	sensitivity
1	189.33	177.19	3	0.95
2	55.3	85.93	2	0.7
3	161.16	129.25	4	1.58
4	67.65	180.86	3	1.18
5	14.88	35.49	2	1.02
Period: 2
Tasks:11
id	x	y	end	c
11	80.34	174.93	2	77.47
12	128.74	155.12	3	62.16
13	126.94	169.61	4	74.64
14	114.35	101.7	5	14.45
15	187.35	164.59	4	108.64
16	92.56	72.66	2	28.33
17	38.94	35.32	3	88.95
18	15.05	117.89	3	86.81
19	37.18	156.82	6	84.7
20	5.18	122.83	5	97.53
21	134.42	30.2	2	77.83
Drivers: 5
id	x	y	end	sensitivity
6	47.74	51.74	8	0.57
7	28.07	141.69	7	1.24
8	152.82	66.84	5	1.26
9	139.56	35.35	3	1.45
10	174.95	53.13	4	0.64
Period: 3
Tasks:18
id	x	y	end	c
22	26.15	174.04	5	104.57
23	18.66	36.18	4	103.39
24	106.07	196.66	3	96.85
25	141.54	159.18	5	72.3
26	43.66	107.03	3	56.78
27	71.8	157.39	3	63.94
28	124.26	84.37	3	28.86
29	143.67	78.51	4	48.67
30	14.34	197.53	6	129.81
31	8.22	158.68	3	108.94
32	25.19	175.08	3	105.99
33	199.69	91.44	3	100.06
34	88.2	154.19	3	55.46
35	99.71	74.26	4	25.74
36	34.44	120.63	4	68.73
37	160.07	12.37	3	106.24
38	130.96	157.01	5	64.87
39	153.29	171.13	4	88.88
Drivers: 2
id	x	y	end	sensitivity
11	137.17	47.38	7	0.54
12	55.59	33.24	6	1.13
Period: 4
Tasks:24
id	x	y	end	c
40	48.87	70.64	4	58.96
41	147.87	38.69	4	77.78
42	8.92	143.67	5	101.01
43	86.3	59.49	4	42.76
44	17.79	181.18	8	115.54
45	120.21	148.52	5	52.56
46	29.19	5.58	5	118.02
47	56.91	150.25	5	66.2
48	24.05	55.75	5	87.9
49	35.78	50.55	4	81.05
50	162.1	32.69	5	91.58
51	156.04	54.04	4	72.48
52	78.32	139.27	6	44.86
53	183.23	175.86	4	112.61
54	162.36	135.3	6	71.66
55	165.41	28.19	6	97.13
56	49.2	35.05	6	82.46
57	176.73	166.31	7	101.41
58	147.69	24.96	6	88.91
59	157.56	172.11	6	92.27
60	141.94	189.68	4	99
61	127.46	70.48	5	40.32
62	129.72	197.11	5	101.56
63	37.18	136.29	5	72.55
Drivers: 6
id	x	y	end	sensitivity
13	52.54	113.7	7	1.77
14	165.43	137.92	8	0.87
15	102.07	70.6	7	0.54
16	95.67	27.4	6	1.23
17	31.05	166.45	4	1.08
18	123.76	70.47	7	0.68
Period: 5
Tasks:9
id	x	y	end	c
64	88.96	2.34	6	98.28
65	125.11	159.81	6	64.87
66	175.68	16.83	5	112.45
67	93.63	181.76	5	82.01
68	113.27	78.17	6	25.55
69	116.29	139.69	6	42.9
70	112.23	65.05	6	37.03
71	20	117.09	5	81.81
72	164.49	147.76	6	80.25
Drivers: 5
id	x	y	end	sensitivity
19	5.41	21.54	10	0.73
20	192.94	192.92	10	0.95
21	46.39	37.37	6	1.47
22	70.77	198.37	9	0.63
23	170.53	50.3	6	1.06
Period: 6
Tasks:12
id	x	y	end	c
73	34.25	85.39	7	67.35
74	30.47	120.06	7	72.37
75	88.77	181.6	7	82.37
76	70.77	130.25	7	42.06
77	74	184.61	7	88.51
78	109.3	13.71	9	86.79
79	73.09	156.67	6	62.73
80	183.82	182.15	8	117.36
81	94	84.04	6	17.05
82	162.59	73.35	6	68.03
83	137.62	58.12	6	56.3
84	35.09	133.23	6	72.92
Drivers: 3
id	x	y	end	sensitivity
24	124.81	162.48	9	0.98
25	122.77	103.55	7	1.41
26	89.49	141.22	7	0.65
Period: 7
Tasks:18
id	x	y	end	c
85	52.61	150.07	9	68.94
86	119.13	122.66	9	29.66
87	122	74.75	8	33.49
88	112.82	179.06	7	80.09
89	39.34	129.94	9	67.65
90	136.31	125.54	8	44.39
91	126.16	187.84	8	91.65
92	155.98	108.58	9	56.63
93	135.31	31.65	7	76.93
94	105.65	28.97	8	71.25
95	2.76	100.02	7	97.24
96	44	187.38	7	103.78
97	174.6	167.91	7	100.88
98	192.59	129.88	7	97.29
99	162.21	58.43	8	74.82
100	155.63	52.3	7	73.28
101	179.92	136.1	8	87.7
102	23.73	52.8	8	89.69
Drivers: 5
id	x	y	end	sensitivity
27	152.16	84.5	14	0.74
28	48.19	195.31	11	1.47
29	39.5	46.83	12	1.33
30	102.07	73.57	8	1.21
31	155.52	127.63	9	1.27
Period: 8
Tasks:9
id	x	y	end	c
103	10.22	157.13	8	106.42
104	52.6	129.44	8	55.8
105	141.43	98.29	10	41.47
106	188.29	139.24	10	96.62
107	142.77	27.19	10	84.44
108	68.72	32.93	8	74.01
109	111.23	198.47	9	99.11
110	57.94	33.34	8	78.82
111	87.81	149.47	8	50.95
Drivers: 4
id	x	y	end	sensitivity
32	39.83	28.6	8	0.64
33	167.57	114.03	12	1.36
34	100.35	86.62	12	1.9
35	29.76	34.05	13	1.83
Period: 9
Tasks:17
id	x	y	end	c
112	9.48	186.62	9	125.29
113	4.18	110.18	9	96.36
114	144.7	22.92	10	89.1
115	74.29	98.28	10	25.77
116	180.06	64.97	10	87.39
117	179.65	25.33	11	109.18
118	81.17	165.96	10	68.6
119	10.02	31.3	9	113.21
120	54.98	125.83	10	51.9
121	166.71	97.08	9	66.77
122	72.78	32.61	9	72.68
123	142.99	40.71	10	73.24
124	195.76	75.84	9	98.76
125	53.28	96.58	11	46.85
126	25.86	94.9	12	74.32
127	10.47	71.4	9	93.99
128	91.74	85.19	9	16.96
Drivers: 1
id	x	y	end	sensitivity
36	121.91	178.23	12	1.59
Period: 10
Tasks:12
id	x	y	end	c
129	42.08	143.6	10	72.5
130	135.53	21.6	11	86.08
131	38.93	140.33	10	73.19
132	17.85	17.31	10	116.56
133	175.96	196.96	10	123.17
134	2.8	26.2	10	122.04
135	90.57	154.78	10	55.59
136	191.01	150.41	12	104.04
137	191.69	161.36	11	110.33
138	16.08	118.1	12	85.85
139	170.08	91.94	10	70.54
140	56.9	98.95	12	43.11
Drivers: 4
id	x	y	end	sensitivity
37	19.02	171.14	16	1.57
38	125.75	55.96	14	0.67
39	79.93	114.11	11	1.05
40	88.32	36.07	14	2
Period: 11
Tasks:15
id	x	y	end	c
141	137.08	23.88	12	84.67
142	173.57	179.11	13	108.03
143	17.2	21.6	13	114.03
144	183.42	167.35	12	107.21
145	30.17	152.48	12	87.35
146	74.78	75.25	12	35.34
147	151.4	138.57	11	64.26
148	134.48	176.53	11	83.94
149	150.24	156.89	13	75.9
150	148.21	59.23	12	63.14
151	34.05	101.81	11	65.97
152	143.41	157.21	13	71.82
153	135.41	79.85	11	40.74
154	12.09	190.02	12	125.82
155	137.47	170.48	13	79.82
Drivers: 2
id	x	y	end	sensitivity
41	81.86	158.04	12	1.2
42	50.2	86.39	13	0.87
Period: 12
Tasks:14
id	x	y	end	c
156	149.46	163.08	12	80.16
157	183.33	3.14	13	127.77
158	149.71	93.77	14	50.1
159	101.78	67.01	12	33.04
160	138.46	46	13	66.3
161	168.79	120.15	13	71.68
162	114.98	65.3	12	37.8
163	98.96	28.21	12	71.8
164	188.33	93.53	13	88.57
165	50.08	133.6	12	60.17
166	86.14	24.33	13	76.93
167	113.93	155.09	13	56.82
168	72.83	128.95	14	39.7
169	111.59	12.27	13	88.49
Drivers: 4
id	x	y	end	sensitivity
43	138.38	141.41	14	1.07
44	130.35	129.09	16	1.59
45	100.11	47	14	1
46	198.76	92.04	14	1.24
Period: 13
Tasks:14
id	x	y	end	c
170	41.36	67.21	13	67.19
171	10.3	139.57	13	98.04
172	183.3	122.4	13	86.26
173	133.24	121.88	15	39.79
174	159.34	131.3	13	67.09
175	137.27	173.13	14	82.08
176	28.29	184.1	13	110.52
177	148.32	118.03	14	51.57
178	19.13	56.32	15	91.91
179	162.1	175.49	13	97.75
180	10.58	30.27	14	113.39
181	38.16	176.38	14	98.28
182	0.98	147.32	16	109.75
183	21.05	92.19	16	79.34
Drivers: 9
id	x	y	end	sensitivity
47	51.62	11.99	15	1.1
48	76.59	74.34	17	1.14
49	117.73	120.88	13	0.67
50	49.67	161.56	16	1.53
51	177.58	59.58	16	0.53
52	189.67	146.43	16	0.84
53	130.98	15.49	15	1.12
54	8.59	69.91	15	1.65
55	100.92	196.73	17	1.16
Period: 14
Tasks:11
id	x	y	end	c
184	187.33	139.52	14	95.86
185	32.29	143.84	14	80.66
186	152.97	61	16	65.78
187	146.7	128.24	14	54.57
188	104.89	139.93	14	40.23
189	78.2	41.62	14	62.32
190	130.87	56.94	16	52.98
191	46.4	106.01	15	53.94
192	99.59	93.9	16	6.11
193	96.15	100.64	14	3.9
194	124.14	173.96	14	77.8
Drivers: 6
id	x	y	end	sensitivity
56	25.2	41.82	15	1.31
57	77.47	54.95	15	0.97
58	62.93	163.33	19	1.12
59	163.25	0.82	19	1.67
60	18.05	120.78	16	1.6
61	145.66	31.47	16	1.37
Period: 15
Tasks:22
id	x	y	end	c
195	182.92	6.78	16	124.76
196	85.86	43.09	16	58.64
197	147.04	197	16	107.8
198	118.11	175.17	16	77.32
199	78.96	113.38	16	24.93
200	174.13	15.69	15	112.27
201	178.57	131.58	15	84.68
202	80.64	146.15	17	50.05
203	160.02	108.93	15	60.68
204	21.58	196.65	15	124.46
205	183.55	180.29	15	115.88
206	43.7	52.12	15	73.91
207	80.68	92.93	15	20.57
208	18.98	7.47	16	122.99
209	138.19	57.33	16	57.26
210	194.72	193.27	17	132.93
211	162.8	96	16	62.93
212	102.25	10.29	16	89.74
213	25.18	35.89	16	98.53
214	188.71	78.6	17	91.25
215	163.44	172.77	15	96.54
216	45	99.45	17	55
Drivers: 4
id	x	y	end	sensitivity
62	145.29	155.89	17	1.77
63	109.16	51.76	21	1.33
64	102.81	13.25	17	0.63
65	113.07	99.56	16	1.96
Period: 16
Tasks:9
id	x	y	end	c
217	103.2	183.31	17	83.37
218	186.05	48.02	16	100.53
219	92.36	62.41	16	38.36
220	176.34	98.34	18	76.36
221	169.78	166.5	16	96.39
222	27.9	140.23	17	82.56
223	82.87	72.63	16	32.29
224	165.06	139.35	17	76.03
225	176.73	20.47	16	110.51
Drivers: 5
id	x	y	end	sensitivity
66	64.23	93.07	18	1.87
67	7	195.42	19	1.21
68	1.03	138.51	20	1.93
69	113.1	24.66	19	1.46
70	39.05	174.23	19	1
Period: 17
Tasks:11
id	x	y	end	c
226	155.67	18.02	20	99.1
227	68.91	78.13	19	38.01
228	115.86	28.19	18	73.54
229	188.74	171.6	17	114.02
230	135.11	192	19	98.47
231	9.98	97.22	19	90.06
232	136.56	1.25	20	105.3
233	159.88	150.41	19	78.27
234	36.91	196.56	17	115.34
235	127.92	60.97	18	47.99
236	150.68	95.52	19	50.88
Drivers: 12
id	x	y	end	sensitivity
71	128.51	124.35	22	0.92
72	57.2	37.62	19	1.75
73	44.7	116.61	20	1.15
74	175.06	68.05	20	0.67
75	11.17	74.47	20	0.86
76	187.55	101.6	23	1.88
77	104.13	84.74	17	1.67
78	156.04	118.02	20	1.52
79	106.89	99.96	22	1.4
80	43.7	127.77	23	1.61
81	133.82	122.04	21	1.31
82	80.53	97.61	18	1.27
Period: 18
Tasks:9
id	x	y	end	c
237	135.18	164.99	18	73.9
238	198.21	153.06	19	111.63
239	179.69	186.72	20	117.77
240	177.56	88.66	20	78.38
241	62.7	176.64	19	85.23
242	44.64	184.28	20	100.84
243	135.29	83.76	20	38.85
244	44.45	143.9	19	70.8
245	25.84	2.11	19	122.81
Drivers: 2
id	x	y	end	sensitivity
83	88.87	90.96	20	1.98
84	57.22	163.48	22	1.61
Period: 19
Tasks:15
id	x	y	end	c
246	24.55	191.7	20	118.75
247	141.21	81.7	19	45.09
248	126.15	195.45	20	98.97
249	113.33	121.53	19	25.32
250	84.53	8.82	20	92.48
251	91.12	81.58	19	20.45
252	159.62	15.92	19	103.07
253	4.21	40.68	19	112.67
254	144.93	134.93	19	56.91
255	22.21	61.63	19	86.74
256	72.96	148.8	19	55.79
257	110.6	66.12	19	35.5
258	110.35	112.95	22	16.58
259	8.59	141.24	20	100.28
260	191.95	155.27	22	107.28
Drivers: 4
id	x	y	end	sensitivity
85	119.3	30.73	22	0.56
86	110.9	136.36	21	0.57
87	28.05	88.04	24	1.59
88	188.02	172.22	19	0.96
Period: 20
Tasks:18
id	x	y	end	c
261	158.34	86.02	20	59.99
262	101.58	195.55	20	95.56
263	56.08	1.47	20	107.88
264	87.14	99.79	21	12.86
265	8.41	98.89	21	91.6
266	108.54	33.82	21	66.73
267	54.44	32.03	20	81.83
268	53.59	141.31	22	62.13
269	150.46	114.2	21	52.42
270	168.81	124.18	21	72.93
271	14.99	195.85	20	128.12
272	28.42	1.24	21	121.97
273	111.8	192.42	20	93.17
274	159.03	16.18	22	102.52
275	165.45	59.56	20	76.94
276	37.21	71.1	22	69.12
277	32.73	36.5	21	92.51
278	147.71	182.36	22	95.18
Drivers: 4
id	x	y	end	sensitivity
89	12.76	163.63	23	1.55
90	115.52	93.83	20	1.61
91	154.05	65.99	25	0.74
92	113.58	153.85	26	0.59
Period: 21
Tasks:14
id	x	y	end	c
279	143.19	197.51	23	106.65
280	140.09	131.69	22	51.1
281	2.44	104.41	22	97.66
282	72.54	154.84	22	61.33
283	44.05	37.48	22	83.9
284	103.66	98.77	21	3.86
285	125.81	70.08	22	39.51
286	92.81	43.69	22	56.77
287	101.31	48.55	22	51.47
288	174.93	92.87	21	75.27
289	12.75	50.48	24	100.32
290	117.05	187.79	22	89.43
291	7.02	14.03	21	126.63
292	162.79	40.45	22	86.54
Drivers: 3
id	x	y	end	sensitivity
93	128.9	184.27	24	1.74
94	89.55	146.43	23	1.31
95	187.36	31.73	26	1.78
Period: 22
Tasks:22
id	x	y	end	c
293	107.37	199.95	25	100.22
294	173.65	12.58	22	114.31
295	114.84	172.01	24	73.52
296	115.1	24.87	24	76.63
297	11.84	89.85	25	88.74
298	69.39	51.32	23	57.5
299	52.03	1.29	22	109.75
300	86.95	113.63	23	18.87
301	106.35	60.18	24	40.32
302	46.16	168.08	23	86.8
303	72.77	197.5	22	101.23
304	199.69	43.8	23	114.44
305	7.46	78.02	23	95.11
306	148.52	74.84	22	54.66
307	180.55	176.27	23	110.93
308	80.18	112.67	24	23.52
309	136.21	44.2	23	66.52
310	61.99	24.51	22	84.52
311	81.52	150.27	23	53.56
312	55.81	82.62	23	47.48
313	165.77	53.67	22	80.45
314	77.07	156.97	24	61.41
Drivers: 4
id	x	y	end	sensitivity
96	47.52	79.83	25	1.45
97	163.99	147.84	23	1.65
98	113.68	181.86	24	1.07
99	94.62	25.74	22	1.95
Period: 23
Tasks:14
id	x	y	end	c
315	74.39	36.33	25	68.63
316	107.31	80.38	25	20.94
317	132.23	53.46	23	56.61
318	77.3	23.02	25	80.26
319	7.73	26.22	23	118.14
320	110.6	134.67	24	36.25
321	177.43	135.79	24	85.3
322	123.56	62.47	24	44.31
323	65.52	191.86	23	98.12
324	10.54	141.36	26	98.56
325	133.15	195.17	23	100.78
326	29.83	38.62	23	93.23
327	90.41	62.06	23	39.13
328	70.85	80.4	24	35.13
Drivers: 2
id	x	y	end	sensitivity
100	133.26	97.64	27	0.88
101	26.53	88.58	25	1.68
Period: 24
Tasks:17
id	x	y	end	c
329	141.42	78.01	26	46.9
330	8.05	54.74	24	102.49
331	24.01	131.07	24	82.1
332	96.76	105.18	24	6.11
333	127.93	110.56	25	29.86
334	52.77	109.42	24	48.16
335	145.92	180.1	25	92.33
336	148.26	139.33	25	62.26
337	7.98	159.2	25	109.42
338	110.56	192.48	24	93.08
339	14.88	144.15	25	95.89
340	6.48	98.89	24	93.53
341	28.08	105.68	24	72.14
342	78.31	16.18	26	86.58
343	115.6	56.33	28	46.37
344	145.86	121.79	24	50.77
345	84.74	107.18	24	16.86
Drivers: 5
id	x	y	end	sensitivity
102	102.61	60.85	26	1.19
103	177.64	100.83	27	1.55
104	132.64	49.46	28	0.7
105	99.1	19.88	29	1.84
106	42.81	97.47	27	1.4
Period: 25
Tasks:17
id	x	y	end	c
346	178.14	113.26	26	79.26
347	184.05	8.77	26	124.05
348	54.99	173.7	26	86.36
349	197.66	56.72	28	106.82
350	129.28	26.42	26	79.19
351	142.14	192.42	27	101.57
352	37.11	28.15	25	95.49
353	138.66	179.88	27	88.74
354	83.91	25.06	26	76.65
355	105.91	8.78	25	91.41
356	130.69	193.05	28	97.98
357	140.84	114.11	26	43.21
358	68.56	73.82	25	40.91
359	49.48	65.32	26	61.28
360	67.3	164.57	27	72.38
361	75.9	83.02	26	29.48
362	69.5	79.92	26	36.52
Drivers: 3
id	x	y	end	sensitivity
107	92.73	148.45	32	0.53
108	42.46	58.21	29	1.2
109	58.96	125.43	27	1.2
Period: 26
Tasks:12
id	x	y	end	c
363	71.06	68.07	27	43.09
364	66.68	183.44	27	89.85
365	80.03	179.97	27	82.43
366	90.93	34.51	26	66.12
367	150.13	13.1	26	100.32
368	181.66	183.92	27	117.09
369	149.84	164.26	27	81.32
370	145.03	44.36	26	71.58
371	194.31	192.99	28	132.44
372	15.62	79.94	28	86.73
373	65.02	168.62	27	77.02
374	174.42	51.26	27	88.96
Drivers: 8
id	x	y	end	sensitivity
110	153.21	107.73	29	0.91
111	123.84	123.43	29	0.79
112	119.33	74.2	27	0.88
113	68.5	6.68	29	1.62
114	135.67	147.98	28	1.93
115	96.88	108.24	30	1.24
116	199.15	155.19	31	0.98
117	85.05	90.46	31	1.51
Period: 27
Tasks:13
id	x	y	end	c
375	194.15	14.34	29	127.29
376	94.64	1.66	28	98.49
377	150.74	94.86	28	51
378	189.52	67.34	27	95.29
379	185.08	41.39	28	103.31
380	113.9	5.61	29	95.41
381	140.2	22.84	29	87
382	65.72	58.65	29	53.71
383	198.17	179.68	29	126.44
384	125.71	161.96	27	67.08
385	31.54	128.36	27	74.1
386	7.26	94.13	27	92.93
387	139.16	17.31	29	91.49
Drivers: 4
id	x	y	end	sensitivity
118	4.95	78.9	29	1.24
119	164.81	75.43	29	1.57
120	157.86	50.09	28	1.48
121	173.83	107.71	31	0.97
Period: 28
Tasks:11
id	x	y	end	c
388	155.15	105.72	29	55.45
389	155.3	165.17	30	85.47
390	166.87	147.22	30	81.86
391	108.61	110.62	28	13.67
392	104.03	107.33	32	8.36
393	108.69	11.47	30	88.96
394	118.95	181.52	29	83.69
395	35.39	23.47	30	100.16
396	133.26	117.56	31	37.61
397	152.08	110.2	29	53.07
398	172.59	21.36	30	107.02
Drivers: 10
id	x	y	end	sensitivity
122	129.6	39.99	31	1.87
123	195.1	56.62	30	0.6
124	32.73	47.2	30	1.99
125	7.42	132.99	31	1.68
126	115.16	42.53	31	0.9
127	88.55	27.27	30	0.85
128	68.15	28.43	28	1.36
129	157.38	14.29	31	1.44
130	121.79	29.16	35	1.07
131	175.53	5.47	33	1.64
Period: 29
Tasks:15
id	x	y	end	c
399	101.92	99.63	31	1.96
400	64.58	59.15	32	54.07
401	165.7	73.85	29	70.71
402	162.44	71.37	30	68.69
403	61.05	157.85	30	69.74
404	8.52	123.81	32	94.53
405	27.23	190.41	30	116.06
406	106.57	167.98	33	68.3
407	50.44	39.98	29	77.84
408	157.69	43.44	30	80.79
409	168.46	68.73	32	75.26
410	192.95	143.94	33	102.81
411	84.38	33.74	30	68.08
412	103.4	59.53	29	40.61
413	80.72	32.92	32	69.8
Drivers: 6
id	x	y	end	sensitivity
132	2.69	77.21	30	0.65
133	12.68	171.07	35	0.76
134	8.02	180.43	32	0.98
135	25.95	174.49	32	1.87
136	154.59	2.3	34	1.97
137	149.01	43.78	29	0.53
Period: 30
Tasks:14
id	x	y	end	c
414	150.3	128.22	31	57.68
415	170.42	185.24	30	110.57
416	99.19	181.52	30	81.52
417	195.92	136.27	31	102.55
418	85.25	155.95	32	57.86
419	133.91	86.56	33	36.48
420	4.63	143.32	30	104.75
421	20.35	61.66	32	88.4
422	124.87	108.36	30	26.24
423	176.13	152.18	31	92.3
424	99.99	28.61	31	71.39
425	46.55	185.56	32	100.88
426	184.45	109.1	31	84.94
427	93.96	44.95	32	55.38
Drivers: 2
id	x	y	end	sensitivity
138	4.9	131.98	33	1.65
139	30.1	172.22	31	1.87
Period: 31
Tasks:18
id	x	y	end	c
428	157.41	41.19	32	82.19
429	94.54	155.16	31	55.43
430	55.65	32.46	31	80.8
431	92.44	22.66	31	77.71
432	11.95	168.74	32	111.7
433	27.4	189.09	31	114.93
434	31.55	69.43	32	74.97
435	110.42	150.3	31	51.37
436	161.13	114.43	33	62.81
437	62.28	121.3	32	43.32
438	136.84	8.56	32	98.58
439	20.88	127.52	33	83.77
440	16.39	195.6	31	127
441	196.94	111.13	32	97.58
442	91.29	112.61	31	15.33
443	139.94	17.39	32	91.76
444	143.08	163.82	31	77
445	179.93	105.06	31	80.09
Drivers: 8
id	x	y	end	sensitivity
140	159.75	192.93	35	1.43
141	33.9	99.86	34	1.77
142	178.22	162.54	35	1.09
143	173.91	129.73	32	1.02
144	103.12	185.27	33	0.82
145	65.13	25.57	33	1.73
146	158.18	109.29	37	1.55
147	191.94	45.31	36	0.9
Period: 32
Tasks:17
id	x	y	end	c
446	41.15	104.21	33	59
447	151.75	62.31	33	64.02
448	12.45	89.08	32	88.23
449	65.86	21.43	33	85.67
450	15.74	11.99	33	121.84
451	50.61	3.1	33	108.76
452	167.56	42.67	33	88.61
453	17.11	161.38	32	103.14
454	30.67	104.75	34	69.49
455	98.28	140.04	33	40.08
456	15.43	82.63	32	86.34
457	199.71	1.88	33	139.89
458	48.09	44.66	34	75.88
459	164.89	69.47	32	71.71
460	43.05	199.9	35	114.99
461	167.82	11.19	32	111.74
462	16.21	155.11	33	100.29
Drivers: 5
id	x	y	end	sensitivity
148	25.34	169.3	33	0.73
149	134.61	186.95	34	1.71
150	98.85	22.22	33	1.66
151	168.58	2.5	33	1.72
152	33.83	157.55	35	1.07
Period: 33
Tasks:22
id	x	y	end	c
463	170.23	149.19	35	85.74
464	195.71	101.5	34	95.72
465	171.81	146.01	36	85.29
466	142.18	46.39	35	68.21
467	82.89	62.83	33	40.92
468	71.5	130.05	33	41.42
469	151.21	116.17	34	53.7
470	29.07	71.15	35	76.57
471	116.91	59.88	34	43.54
472	179.6	86.32	34	80.77
473	10.43	42.77	33	106.29
474	117.72	156	34	58.74
475	13.2	77.96	35	89.55
476	96.96	64.93	34	35.2
477	13.57	160.6	34	105.56
478	17.19	108.06	34	83.2
479	118.85	96.74	35	19.13
480	126.14	93.55	35	26.92
481	69.04	140.42	33	50.91
482	55.15	14.37	33	96.66
483	56.26	17.79	35	93.12
484	115.99	144.17	33	46.98
Drivers: 8
id	x	y	end	sensitivity
153	163.34	113.55	35	0.93
154	175.4	168.09	38	1.51
155	15.96	58.79	35	1.96
156	174.14	22.8	34	0.53
157	47.12	105.53	36	0.7
158	137.69	87.57	36	0.89
159	31.36	134.8	36	1.5
160	98.94	19.29	38	1.12
Period: 34
Tasks:14
id	x	y	end	c
485	108.81	41.05	37	59.6
486	111.07	68.75	37	33.15
487	37.87	1.3	34	116.63
488	150.48	72.71	34	57.38
489	181.28	89.18	36	82
490	177.18	51.41	36	91.2
491	0.77	114.75	34	100.32
492	130.49	107.63	36	31.43
493	142.67	153.94	34	68.78
494	29.01	162.56	36	94.62
495	156.29	77.81	35	60.51
496	135.97	154.44	35	65.25
497	23.35	167.97	38	102.45
498	98.93	133.3	36	33.32
Drivers: 2
id	x	y	end	sensitivity
161	114.39	13.27	35	1.97
162	192.26	93.77	36	1.89
Period: 35
Tasks:11
id	x	y	end	c
499	48.87	9.97	37	103.54
500	39.17	66.03	37	69.67
501	120.2	12.51	36	89.79
502	28.84	105.09	35	71.34
503	46.01	8.61	35	106.15
504	171.56	93.8	36	71.83
505	1.73	148.21	35	109.46
506	44	192.87	35	108.45
507	93.33	159.27	36	59.64
508	133.09	6.23	38	99.44
509	177.61	8.01	35	120.36
Drivers: 7
id	x	y	end	sensitivity
163	93.38	161.33	40	1.45
164	7.14	101.67	37	1.65
165	179.55	122.51	38	0.71
166	103.44	111.09	37	1.18
167	47.67	29.57	43	1.63
168	78.64	9.03	40	1.49
169	196.43	22.65	36	1.24
Period: 36
Tasks:12
id	x	y	end	c
510	159.49	143.09	37	73.46
511	144.87	137.76	37	58.64
512	79.44	157.27	37	60.85
513	160.21	40.97	38	84.32
514	67.26	40.51	37	67.9
515	101.91	8.28	37	91.74
516	9.85	88.6	36	90.87
517	165.25	4.71	38	115.49
518	30.91	69.31	38	75.6
519	22.8	146.47	37	90.11
520	171	51.72	36	85.86
521	76.81	164.39	40	68.44
Drivers: 7
id	x	y	end	sensitivity
170	35.03	36.22	39	0.94
171	23.12	74.11	37	1.15
172	96.42	142.24	40	1.62
173	38.43	126.76	38	1.2
174	39.13	116.64	41	1.66
175	109.51	186.56	39	1.45
176	136.26	80.24	39	0.84
Period: 37
Tasks:18
id	x	y	end	c
522	161.9	66.38	39	70.44
523	73.95	149.06	38	55.55
524	118.94	167.17	39	69.79
525	85.89	137.73	37	40.28
526	26.89	67.14	39	80.16
527	19.55	191.14	40	121.57
528	76.58	3.9	40	98.91
529	41.06	178.06	37	97.81
530	147.24	82.04	39	50.54
531	45.48	169.75	37	88.53
532	86.64	97.79	38	13.54
533	113.87	26.39	38	74.91
534	115.12	127.7	38	31.56
535	131.41	117.96	37	36.18
536	174.41	107.53	38	74.79
537	94.14	88.65	38	12.77
538	113.27	41.2	38	60.28
539	83.61	7.17	40	94.27
Drivers: 3
id	x	y	end	sensitivity
177	178.64	24.5	38	1.03
178	32.82	66.55	42	1.83
179	67.75	140.44	41	0.99
Period: 38
Tasks:17
id	x	y	end	c
540	153.34	100.65	41	53.34
541	55.52	189.99	39	100.38
542	88.1	69.6	39	32.65
543	92.79	62.43	41	38.26
544	36.06	60.67	38	75.07
545	134.02	5.7	40	100.25
546	118.5	139.37	40	43.5
547	180.29	136.96	39	88.39
548	67.61	114.73	38	35.58
549	28.11	61.04	38	81.77
550	27.95	161.81	38	94.93
551	187.32	80.5	38	89.47
552	37.57	170.74	40	94.35
553	185.21	39.26	39	104.64
554	104.16	154.07	39	54.23
555	190.6	144.27	38	100.84
556	60.99	90.59	38	40.13
Drivers: 6
id	x	y	end	sensitivity
180	55.81	79.97	42	1.93
181	59.3	186.96	42	1.18
182	160.82	59.82	39	1.84
183	193.48	190.8	42	0.61
184	175.56	184.6	41	1.28
185	159.54	44.66	42	1.59
Period: 39
Tasks:17
id	x	y	end	c
557	66.2	180.5	40	87.31
558	74.3	32.64	41	72.1
559	141.62	29.61	39	81.77
560	56.33	179.69	39	90.87
561	124.86	148.81	39	54.78
562	182.87	84.98	39	84.22
563	89.25	153.7	39	54.77
564	9.99	82.54	39	91.69
565	58.76	12.27	40	96.94
566	27.8	44.67	40	90.96
567	111.86	52.16	39	49.29
568	44.95	140.87	39	68.56
569	157.14	96.71	41	57.23
570	44.58	2.8	42	111.89
571	179.1	24.75	40	109.18
572	17.66	155.46	40	99.28
573	141.94	46.77	40	67.77
Drivers: 10
id	x	y	end	sensitivity
186	62.8	154.95	40	1.11
187	160.64	160.54	45	1.63
188	189.05	157.37	41	0.57
189	157.43	56.34	41	1.56
190	72.54	151.29	41	0.8
191	12.5	97.66	42	1.46
192	60.35	91.71	43	0.76
193	39.78	111.11	41	0.9
194	156.45	80.37	40	0.94
195	122.74	195.14	40	0.8
Period: 40
Tasks:16
id	x	y	end	c
574	74.11	155.98	41	61.68
575	98.8	99.36	40	1.36
576	65.65	199.92	40	105.66
577	35.99	28.14	41	96.23
578	72.11	107.33	40	28.84
579	193.99	122.45	41	96.63
580	90.8	126.91	43	28.44
581	13.08	182.11	40	119.57
582	111.6	67.22	43	34.77
583	50.19	111.84	40	51.2
584	44.87	114.93	41	57.12
585	50.54	35.52	40	81.26
586	172.62	23.77	40	105.28
587	78.94	0.87	41	101.34
588	155.65	28.8	40	90.37
589	62.26	72.12	40	46.92
Drivers: 7
id	x	y	end	sensitivity
196	49.1	112.42	44	1.8
197	103.5	69.35	45	1.14
198	122.25	108.48	44	0.81
199	4.74	1.63	42	0.83
200	199.84	144.58	42	1.41
201	184.68	146.99	44	1
202	88.46	56.64	42	1.83
Period: 41
Tasks:23
id	x	y	end	c
590	63.24	138.2	41	53.01
591	79.4	37.99	42	65.34
592	9.69	84.56	41	91.62
593	100.95	128.87	43	28.89
594	67.18	148.58	45	58.63
595	148.6	101.5	41	48.62
596	60.77	134.72	43	52.39
597	191.99	169.6	41	115.35
598	100.9	152.47	44	52.48
599	6.41	135.16	42	99.98
600	141.53	175.21	41	85.91
601	74.42	127.54	42	37.59
602	197.01	38.91	42	114.64
603	162.25	40.23	44	86.3
604	197.61	16.86	43	128.22
605	96.74	28.54	42	71.53
606	160.76	175.07	42	96.58
607	57.42	7.68	46	101.67
608	186.21	116.55	43	87.78
609	186.93	142.22	42	96.64
610	121.16	1.28	41	100.96
611	125.06	127.6	43	37.28
612	68.36	146.4	42	56.16
Drivers: 2
id	x	y	end	sensitivity
203	99.11	160.11	44	1.12
204	2.72	122.84	47	1.99
Period: 42
Tasks:19
id	x	y	end	c
613	197.09	162.06	43	115.23
614	105.87	121.26	42	22.06
615	122.71	106.44	42	23.61
616	148.13	143.7	42	65.01
617	64.13	122.9	42	42.56
618	101.16	33.1	44	66.91
619	159.22	180.98	43	100.32
620	195.21	159.8	42	112.43
621	60.35	71.19	46	49.01
622	59.56	147.18	43	62.14
623	114.46	80.07	43	24.62
624	39.26	2.03	42	115.27
625	76.16	184.69	44	87.98
626	157.01	193.97	44	109.91
627	167.42	115.87	43	69.26
628	152.12	162.05	43	81.04
629	196.52	4.05	43	136.1
630	140.76	125.44	44	48.05
631	101.65	91.09	43	9.06
Drivers: 5
id	x	y	end	sensitivity
205	41.42	108.85	43	0.73
206	102.85	91.67	45	0.63
207	120.1	58.38	46	0.82
208	95.26	116.02	43	1.75
209	30.19	12.76	46	0.86
Period: 43
Tasks:16
id	x	y	end	c
632	153.45	163.26	45	82.82
633	162.68	123.02	45	66.77
634	198.62	110.17	43	99.14
635	35.52	175.39	47	99.2
636	155.28	86.5	45	56.9
637	128.04	10.52	44	93.77
638	181.41	13.67	44	118.66
639	7.17	168.45	43	115.34
640	156.05	26.52	44	92.42
641	42.12	84.12	43	60.02
642	0.44	50.36	45	111.25
643	53.5	151.64	45	69.49
644	152.65	5.26	45	108.39
645	128.07	151.73	44	58.86
646	63.17	100.37	44	36.83
647	104.87	156.61	44	56.82
Drivers: 2
id	x	y	end	sensitivity
210	77	83.82	46	0.57
211	3.98	112.91	47	1.2
Period: 44
Tasks:15
id	x	y	end	c
648	126.62	2.89	46	100.69
649	54.24	142.25	44	62.28
650	191.71	182.23	45	123.18
651	66.58	191.67	44	97.57
652	121.3	121.06	45	29.95
653	60.24	7.31	44	100.86
654	61.27	152.13	44	64.94
655	40.42	110.68	45	60.53
656	72.23	139.24	44	48.07
657	51.08	148.8	47	69.1
658	31.77	66.41	46	76.05
659	146.17	63.97	45	58.56
660	198.55	73.77	45	101.98
661	194.92	90.54	44	95.39
662	133.8	85.39	44	36.82
Drivers: 5
id	x	y	end	sensitivity
212	85.7	11.46	47	1.72
213	23.56	21.24	46	0.78
214	157.53	3.3	46	1.77
215	104.03	23.99	46	1.47
216	23.16	1.38	49	1.88
Period: 45
Tasks:20
id	x	y	end	c
663	110.86	149.61	46	50.78
664	190.15	160.88	47	108.78
665	98.53	0.31	46	99.7
666	48.15	130.09	45	59.95
667	194.44	41.1	45	111.3
668	43.59	74.71	47	61.82
669	52.62	43.57	45	73.68
670	157.54	151.78	47	77.41
671	23.2	20.16	46	110.78
672	86.36	71.68	46	31.43
673	159.65	95.63	45	59.81
674	166.65	42.8	48	87.83
675	126.98	194	46	97.8
676	85.05	86.42	45	20.2
677	89.83	138.97	48	40.28
678	29.89	124.39	46	74.23
679	186.52	186.46	48	122.32
680	122.03	3.5	46	98.98
681	116.64	96.11	47	17.09
682	173.36	40.67	47	94.35
Drivers: 6
id	x	y	end	sensitivity
217	121.03	157.03	46	1.43
218	87.89	48.83	49	1.54
219	94.8	121.54	49	1.57
220	111.55	37.15	47	1.02
221	6.39	114.59	47	0.75
222	27.77	196.93	50	1.27
Period: 46
Tasks:12
id	x	y	end	c
683	168.53	132.7	50	75.93
684	2.38	122.18	47	100.11
685	95.74	168.41	47	68.54
686	32.49	16.43	47	107.43
687	144.77	152.14	47	68.72
688	176.29	97.32	46	76.34
689	110.6	39.09	46	61.83
690	114.17	24.87	46	76.45
691	137.24	162.73	47	72.95
692	85.4	137.51	46	40.25
693	122.65	81.85	47	29.02
694	92.12	123.88	46	25.15
Drivers: 6
id	x	y	end	sensitivity
223	57.99	20.44	53	1.3
224	86.08	55.42	50	1.04
225	161.33	158.83	49	0.81
226	148.28	114.75	48	1.28
227	117.08	81.61	50	1.8
228	36.64	68.4	48	1.54
Period: 47
Tasks:19
id	x	y	end	c
695	80.16	86.8	48	23.83
696	147.73	70.1	49	56.32
697	100.62	135.07	48	35.08
698	81.17	102.21	49	18.96
699	163.92	133.64	48	72.23
700	25.71	32.03	49	100.69
701	4.35	119	48	97.52
702	90.16	82.42	48	20.15
703	127.47	19.17	47	85.37
704	107.44	199.2	49	99.48
705	49.32	17.3	48	96.99
706	106.77	26.68	47	73.63
707	132.16	166.56	49	73.92
708	72.05	194.01	47	98.08
709	199.89	91.92	50	100.22
710	136.29	39.11	47	70.88
711	5.21	164.6	47	114.71
712	153.25	158.86	47	79.37
713	95.95	103.83	48	5.57
Drivers: 8
id	x	y	end	sensitivity
229	24.01	66.09	52	1.88
230	140.69	38.33	51	1.58
231	52.96	50.2	47	1.3
232	69.38	141.08	49	0.78
233	95.75	30.81	47	1.04
234	170.57	199.45	47	0.74
235	136.19	147.02	51	0.92
236	58.41	126.41	51	1.66
Period: 48
Tasks:19
id	x	y	end	c
714	7.16	64.9	48	99.25
715	77.38	40.96	48	63.22
716	135.67	8.73	48	97.99
717	170.36	9.36	49	114.74
718	163.55	68.34	48	71
719	78.13	158.86	48	62.79
720	41.04	96.95	50	59.04
721	124.06	145.95	49	51.87
722	117.33	32.74	50	69.46
723	128.64	105.33	49	29.13
724	118.14	22.13	52	79.95
725	103.98	187.83	48	87.92
726	85.61	142.37	49	44.75
727	25.84	40.73	49	94.93
728	110.22	6.78	48	93.78
729	0.27	194.1	48	137.12
730	45.77	182.19	50	98.47
731	55.46	102.02	49	44.59
732	84.24	62.99	48	40.23
Drivers: 6
id	x	y	end	sensitivity
237	113.2	73.49	50	1.72
238	37.9	104.42	51	1.58
239	58.47	125.42	49	0.74
240	192.36	49.45	51	1.54
241	169.86	73.94	53	1.82
242	197.66	77.94	51	0.79
Period: 49
Tasks:12
id	x	y	end	c
733	98.4	106.88	49	7.06
734	18.25	92.33	49	82.11
735	162.59	145.23	49	77.22
736	179.15	41.2	50	98.6
737	74.01	56.59	50	50.6
738	181.05	10.94	49	120.42
739	106.26	158.92	50	59.25
740	161.97	83.59	50	64.11
741	160.72	58.79	53	73.38
742	169.11	186.01	49	110.34
743	64.51	29.8	49	78.66
744	139.72	86.11	51	42.08
Drivers: 4
id	x	y	end	sensitivity
243	149.8	117.08	52	0.63
244	162.34	171.86	54	1.06
245	4.02	89.18	49	1.12
246	114.95	97.78	53	1.66
Period: 50
Tasks:8
id	x	y	end	c
745	16.69	150.63	51	97.49
746	191.08	69.09	50	96.18
747	133.79	8.39	51	97.64
748	147.52	180.34	54	93.34
749	143.31	3.23	50	106.02
750	147.5	185.24	50	97.58
751	100.14	73.23	51	26.77
752	145.72	52.95	51	65.61
Drivers: 2
id	x	y	end	sensitivity
247	111.16	96.56	54	1.83
248	9.74	6.8	51	1.62
Period: 51
Tasks:22
id	x	y	end	c
753	151.21	126.57	53	57.69
754	42.05	136.59	52	68.53
755	180.66	172.77	51	108.63
756	0.8	21.93	51	126.24
757	32.06	0.9	53	120.15
758	100.94	93.48	53	6.59
759	141.34	69.15	52	51.58
760	3.02	106.89	52	97.22
761	150.61	29.99	52	86.39
762	41.02	124.17	51	63.74
763	185.32	72.38	52	89.68
764	41.02	108.06	51	59.53
765	151.73	60.23	51	65.25
766	80.2	52.44	51	51.52
767	61.18	44.56	51	67.68
768	9.2	13.39	51	125.48
769	12.64	199.18	54	132.17
770	169.42	185.81	51	110.37
771	100.96	95.67	52	4.44
772	129.95	90.97	53	31.28
773	184.65	141.35	52	94.21
774	170.48	0.37	51	122.04
Drivers: 4
id	x	y	end	sensitivity
249	33.53	180.51	56	1.67
250	154.94	173.72	54	1.1
251	143.08	117.88	57	0.74
252	25.02	168.11	53	1.14
Period: 52
Tasks:14
id	x	y	end	c
775	141.75	80.13	53	46.24
776	170	166.04	52	96.24
777	95	31.52	52	68.66
778	195.9	167.65	52	117.36
779	114.94	102.28	53	15.11
780	10.86	125.22	55	92.64
781	169.02	11.93	53	111.89
782	72.36	152.9	52	59.69
783	198.74	179.87	54	127
784	121.91	185.91	52	88.66
785	54.42	107.64	52	46.22
786	191.5	116.81	53	93.03
787	101.76	130.98	53	31.03
788	109.24	136.72	52	37.86
Drivers: 3
id	x	y	end	sensitivity
253	74.87	104.03	57	1.01
254	189.85	57.75	53	1.39
255	179.3	70.82	57	0.98
Period: 53
Tasks:10
id	x	y	end	c
789	172.03	105.35	53	72.23
790	143.71	131.31	54	53.77
791	158.19	54.67	54	73.76
792	111.09	100.83	54	11.12
793	179.59	172.31	54	107.53
794	66.91	54.77	54	56.04
795	55.29	182.79	54	94.09
796	37.87	41.01	54	85.67
797	16.97	72.93	54	87.33
798	197.07	63.74	53	103.62
Drivers: 6
id	x	y	end	sensitivity
256	16	137.5	58	0.73
257	18.23	148.91	56	0.77
258	42	110.8	60	0.57
259	0.41	155.84	54	0.86
260	161.29	0.01	55	0.5
261	55.61	175.77	56	0.9
Period: 54
Tasks:13
id	x	y	end	c
799	20.59	64.68	54	86.91
800	98.75	73.5	56	26.53
801	152.79	95.22	55	53.01
802	83.31	81.39	54	25
803	106.12	56.45	54	43.98
804	185.2	53.94	54	96.85
805	178	158.43	55	97.46
806	41.92	43.34	54	81.14
807	133.54	130.05	55	45.03
808	95.83	67.79	56	32.48
809	146.97	186.33	56	98.28
810	152.98	184.43	54	99.68
811	95.65	46.2	55	53.98
Drivers: 7
id	x	y	end	sensitivity
262	150.68	39.96	60	1.46
263	39.8	187.26	57	1.57
264	43.13	189.62	56	1.88
265	23.86	116.67	56	1.55
266	82.74	148.32	55	1.57
267	170.23	133.51	56	1.35
268	57.55	197.89	59	1.38
Period: 55
Tasks:11
id	x	y	end	c
812	12.66	62.96	56	94.87
813	27.92	63.79	56	80.66
814	161.78	161.96	55	87.5
815	118.14	156.46	56	59.3
816	185.16	192.86	55	126
817	180.49	73.2	57	84.83
818	132.29	135.55	56	48.03
819	14.11	180.17	55	117.49
820	83.91	149.76	56	52.3
821	37.19	73.73	56	68.08
822	47.71	160.3	56	79.81
Drivers: 6
id	x	y	end	sensitivity
269	56.57	142.43	58	1.33
270	95.34	189.74	57	1.13
271	114.34	162.94	57	1.06
272	113.07	84.5	58	1.83
273	139.98	16.47	60	1.94
274	88.56	43.55	58	1.81
Period: 56
Tasks:17
id	x	y	end	c
823	32.16	121.13	60	71.05
824	6.38	47.93	60	107.13
825	123.89	57.14	57	49.07
826	54.03	100.46	57	45.97
827	155.45	133.72	56	64.9
828	7.48	58.41	56	101.44
829	12.42	184.79	56	121.9
830	184.61	115.28	56	85.98
831	74.75	140.02	57	47.32
832	71.3	43.36	57	63.5
833	174.58	168.86	56	101.51
834	74.7	16.31	59	87.43
835	40.12	33.77	57	89.29
836	148.71	189.58	57	101.97
837	182.66	58.88	58	92.32
838	92.63	42.17	56	58.3
839	104.5	56.63	57	43.6
Drivers: 5
id	x	y	end	sensitivity
275	88.29	96.54	58	1.48
276	132.21	198.54	63	1.47
277	142.17	186.02	62	1.45
278	97.11	34.15	58	1.99
279	179.58	5.75	59	1.61
Period: 57
Tasks:7
id	x	y	end	c
840	137.29	170.12	58	79.42
841	146.45	146.18	58	65.5
842	22.65	138.03	57	86.19
843	31.13	48.86	58	85.78
844	189.37	197.21	57	132.05
845	194.44	21.34	57	122.91
846	144.14	66.96	57	55.14
Drivers: 4
id	x	y	end	sensitivity
280	59.64	184.46	60	1.16
281	39.33	2.95	60	0.55
282	62.94	92.56	58	1.03
283	54.39	186.63	60	1.95
Period: 58
Tasks:13
id	x	y	end	c
847	64.86	95.85	59	35.38
848	93.21	13.81	58	86.46
849	141.75	104.38	58	41.98
850	128.83	70.03	58	41.59
851	151.76	106.16	58	52.13
852	71.08	107.75	58	29.94
853	112.08	52.86	58	48.66
854	56.66	37.16	60	76.34
855	1.56	106.14	58	98.63
856	158.62	117.66	59	61.22
857	132.69	185.18	59	91.24
858	89.05	75.22	58	27.09
859	46.46	28.8	58	89.08
Drivers: 5
id	x	y	end	sensitivity
284	42.13	60.39	59	1.5
285	1.23	110.2	61	1.63
286	22.82	18	62	1.57
287	18.71	12.43	61	0.77
288	99.66	22.97	63	1.17
Period: 59
Tasks:17
id	x	y	end	c
860	21.66	91.89	59	78.76
861	51.6	11.06	60	101.26
862	139.42	77.2	61	45.54
863	157.18	58.36	61	70.74
864	114.33	188.59	59	89.74
865	121.25	94.74	59	21.89
866	149.88	68.33	60	59.08
867	11.39	174.76	59	115.93
868	109.9	2.49	59	98.01
869	50.63	141.85	61	64.72
870	106.57	158.81	59	59.18
871	44.65	111.96	60	56.63
872	38.09	133.72	59	70.5
873	87.74	180.72	59	81.65
874	108.56	97.24	59	8.99
875	173.97	46.35	59	91.38
876	76.45	27.14	59	76.57
Drivers: 2
id	x	y	end	sensitivity
289	196.37	182.69	64	1.56
290	123.55	47.52	61	0.51
Period: 60
Tasks:19
id	x	y	end	c
877	3.5	197.51	60	137.19
878	109.5	44.27	60	56.53
879	55.82	154.37	60	70.06
880	21.78	68.91	62	84.17
881	111.11	63.1	61	38.54
882	45.3	159.67	61	80.95
883	26.28	8.38	62	117.6
884	115.53	50.91	60	51.49
885	191.46	198.93	60	134.73
886	6.1	5.19	61	133.44
887	192.97	29.18	61	116.87
888	100.52	23.48	61	76.52
889	10.26	134.61	60	96.18
890	26.56	110.72	62	74.22
891	56.94	151.52	60	67.15
892	38.69	122.77	61	65.4
893	186.27	67.15	62	92.31
894	84.62	39.16	60	62.75
895	71.31	157.06	60	63.87
Drivers: 3
id	x	y	end	sensitivity
291	143.6	92.7	63	0.58
292	196.49	88.73	63	0.6
293	152.85	14.62	64	1.52
Period: 61
Tasks:18
id	x	y	end	c
896	68.49	197.82	61	102.77
897	171.62	167.2	63	98.21
898	145.7	145.73	61	64.65
899	97.03	198.95	61	98.99
900	180.03	19.95	61	113.19
901	146.69	71.29	61	54.81
902	171.68	191.93	62	116.57
903	128.4	191.89	62	96.18
904	114.75	50.14	61	52
905	146.55	28.3	62	85.49
906	6.84	80.74	61	95.13
907	97.99	83.23	62	16.89
908	133.86	44.14	62	65.32
909	74.92	86	62	28.72
910	167.98	56.3	63	80.81
911	195.09	46.49	63	109.11
912	9.08	0.33	61	134.91
913	159.02	115.56	62	61.04
Drivers: 5
id	x	y	end	sensitivity
294	95.79	62.81	68	0.9
295	150.6	158.28	61	0.71
296	163.54	7.6	64	1.61
297	43.62	173.59	63	0.58
298	162.1	26.98	62	1.41
Period: 62
Tasks:12
id	x	y	end	c
914	39.14	27.48	64	94.67
915	99.35	184.87	63	84.87
916	188.12	24.25	63	116.2
917	104.48	63.64	62	36.63
918	16.83	56.28	63	93.96
919	19.89	32.69	62	104.63
920	157.73	109.96	62	58.58
921	111.32	63.43	62	38.28
922	143.54	41.25	62	73.13
923	0.07	132.39	65	105.05
924	66.16	115.72	63	37.31
925	57.13	141	63	59.32
Drivers: 5
id	x	y	end	sensitivity
299	24.53	4.7	65	0.63
300	106.42	150.5	64	1.99
301	106.44	128.32	66	0.82
302	1.88	198.98	64	1.26
303	104.98	147.2	64	0.66
Period: 63
Tasks:12
id	x	y	end	c
926	197.38	32.88	63	118.27
927	6.12	158.95	63	110.85
928	196.84	29.56	64	119.75
929	172.41	75.78	64	76.35
930	55.09	86.01	64	47.04
931	121.32	65.78	63	40.32
932	155.34	153.68	64	77.1
933	102.23	135.98	64	36.05
934	147.58	155.73	63	73.28
935	81.02	17.01	64	85.13
936	99.99	44.58	63	55.42
937	75.88	151.72	64	57.07
Drivers: 8
id	x	y	end	sensitivity
304	135.41	81.27	65	1.15
305	7.49	118.75	66	1.71
306	130.92	164.36	64	1.57
307	194.07	123.23	68	1.3
308	83.63	25.69	66	1.47
309	122.16	121.57	63	0.77
310	5.79	54.34	64	0.97
311	12.13	127.25	67	1.56
Period: 64
Tasks:19
id	x	y	end	c
938	79.97	70.15	65	35.95
939	118.47	133.19	64	37.98
940	98.58	96.23	64	4.03
941	38.33	153.89	66	81.9
942	139.97	160.34	64	72.38
943	163.78	80.43	66	66.71
944	80.41	92.66	64	20.92
945	194.26	34.04	65	115.05
946	54.17	89.16	66	47.09
947	37.88	199.82	65	117.57
948	17.28	116.68	66	84.38
949	57.87	53.19	64	62.98
950	190.04	0.03	64	134.54
951	127.05	25.77	66	79.01
952	41.74	66.09	67	67.41
953	195.05	47.37	65	108.65
954	176.99	110.79	64	77.74
955	77.27	181.84	65	84.94
956	190.54	101.38	65	90.55
Drivers: 5
id	x	y	end	sensitivity
312	198.85	126.3	67	0.84
313	182.39	109.98	66	1.2
314	144.9	144.46	67	1.61
315	111.4	156.56	68	1.2
316	55.11	152.69	69	1.21
Period: 65
Tasks:13
id	x	y	end	c
957	85.99	157.82	66	59.49
958	77.01	163.3	65	67.35
959	102.37	48.48	65	51.57
960	131.64	42.47	65	65.66
961	89.09	157.23	66	58.26
962	107.58	15.05	66	85.29
963	156.6	21.67	68	96.64
964	106.01	78.28	65	22.54
965	94.07	126.84	67	27.49
966	186.89	158.56	65	104.78
967	160.52	24.62	65	96.67
968	24.52	121.87	65	78.58
969	118.65	166.94	67	69.49
Drivers: 5
id	x	y	end	sensitivity
317	3.42	59	69	0.66
318	87.88	52.56	69	1.31
319	16.07	68.49	66	1.63
320	145.13	130.29	67	1.09
321	45.15	13.89	69	1.08
Period: 66
Tasks:13
id	x	y	end	c
970	4.57	36.61	66	114.57
971	123.82	92.55	66	24.96
972	196.99	3.45	68	136.85
973	152.93	184.29	67	99.53
974	95.7	88.13	67	12.62
975	107.14	137.68	67	38.35
976	182.28	178.91	66	114
977	131.82	148.33	66	57.86
978	189.9	146.4	68	101.17
979	148.2	70.67	70	56.42
980	87.93	132.37	69	34.55
981	100.07	143.27	69	43.27
982	145.14	116.22	67	47.97
Drivers: 5
id	x	y	end	sensitivity
322	134.7	170.47	69	1.42
323	96	119.96	68	1.78
324	35.25	142.09	68	1.97
325	53.33	7.27	68	1.92
326	24.1	124.52	66	1.32
Period: 67
Tasks:18
id	x	y	end	c
983	137.02	103.16	67	37.15
984	163.02	146.9	67	78.56
985	183.86	196.27	67	127.67
986	180.84	110.33	67	81.5
987	33	109.75	69	67.71
988	33.98	130.8	67	72.85
989	147.02	143.2	67	63.85
990	148.7	2.41	68	109.07
991	77.36	149.59	67	54.51
992	101.98	76.86	68	23.22
993	39.16	12.25	68	106.78
994	163.27	180.5	69	102.39
995	39.56	46.88	69	80.47
996	146.72	135.82	67	58.87
997	1.68	195.99	68	137.41
998	115.56	135.18	67	38.47
999	82	195.4	67	97.08
1000	161.1	79.59	67	64.42
Drivers: 4
id	x	y	end	sensitivity
327	54.38	144.23	69	1.89
328	65.69	133.7	70	1.58
329	96.24	129.3	67	1.46
330	9.42	149.08	70	1.11
Period: 68
Tasks:20
id	x	y	end	c
1001	21.21	138.26	68	87.59
1002	22.7	71.19	71	82.49
1003	57.57	149.22	69	64.98
1004	139.09	192.49	68	100.41
1005	155.27	166.92	68	86.79
1006	51.92	136.83	69	60.57
1007	149.79	51.16	68	69.75
1008	109.65	52.41	68	48.56
1009	31.29	112.27	68	69.8
1010	139.08	70.38	68	49.04
1011	189.35	105.27	68	89.51
1012	14.23	179.62	70	117.03
1013	120.53	97.2	68	20.72
1014	184.75	179.87	69	116.46
1015	14.67	29.23	70	110.86
1016	48.5	141.22	69	65.96
1017	151.26	17	68	97.55
1018	175.78	106.08	68	76.02
1019	28.86	131.77	69	77.91
1020	10.79	1.44	70	132.94
Drivers: 9
id	x	y	end	sensitivity
331	102.72	89.26	69	1.41
332	17.47	82.86	70	1.27
333	179.65	6.99	71	1.84
334	3.4	177.4	77	1.01
335	151.33	164.96	73	1.42
336	76.64	171.2	74	1.09
337	13.61	19.53	70	1.43
338	16.99	0.12	70	1.65
339	96.54	167.88	71	1.68
Period: 69
Tasks:7
id	x	y	end	c
1021	91.48	132.64	70	33.73
1022	24.27	79.61	71	78.43
1023	70.73	138.19	69	48.12
1024	126.45	43.7	70	62.2
1025	165.04	65.25	72	73.74
1026	174.92	80.47	69	77.42
1027	166.92	44.78	69	86.76
Drivers: 7
id	x	y	end	sensitivity
340	73.77	72.94	71	1.09
341	192.85	63.88	74	1.54
342	37.03	50.02	73	1.04
343	54.44	110.8	73	0.84
344	44.94	106.27	73	0.78
345	19.34	140.21	73	1.1
346	44.74	131.56	72	0.99
Period: 70
Tasks:9
id	x	y	end	c
1028	25.32	35.83	71	98.46
1029	195.44	152.02	71	108.7
1030	62.93	54.53	72	58.67
1031	168.54	42.38	71	89.54
1032	5.07	196.12	72	135.1
1033	140.57	174.46	70	84.8
1034	103.25	182.76	72	82.82
1035	100.86	128.03	70	28.04
1036	123.13	114.14	71	27.11
Drivers: 4
id	x	y	end	sensitivity
347	95.52	5.09	73	0.58
348	85.91	54.57	71	1.6
349	199.45	73.01	72	0.64
350	28.63	191.84	74	1.33
Period: 71
Tasks:15
id	x	y	end	c
1037	197.26	59.12	74	105.5
1038	127.43	36.02	73	69.61
1039	107.43	66.04	71	34.76
1040	158.64	13.41	73	104.58
1041	196.53	108.28	71	96.88
1042	193.9	58.81	71	102.54
1043	139.5	187.71	72	96.19
1044	21.54	135.65	71	86.18
1045	157.66	139.03	71	69.63
1046	53.42	172.4	71	86.09
1047	11.54	187.23	72	124.23
1048	33.73	119.05	73	68.95
1049	188.02	102.93	73	88.07
1050	16.5	59.5	71	92.8
1051	3.4	121.56	74	98.98
Drivers: 4
id	x	y	end	sensitivity
351	152.46	196.01	74	1.99
352	34.38	43.1	74	1.66
353	103.85	72.56	71	1.65
354	61.42	106.49	73	1.76
Period: 72
Tasks:12
id	x	y	end	c
1052	163.65	120.68	72	66.93
1053	148.83	89.59	73	49.93
1054	53.65	154.99	73	71.92
1055	166.16	57.37	74	78.7
1056	125.72	81.98	73	31.4
1057	195.56	186.4	73	128.83
1058	53.74	51.71	75	66.87
1059	103.74	152.52	73	52.65
1060	146.83	165.66	72	80.65
1061	100.83	156.97	72	56.98
1062	154.64	138.72	74	66.97
1063	15.94	20.77	73	115.51
Drivers: 7
id	x	y	end	sensitivity
355	163.27	182.3	72	1.96
356	106.05	169.46	73	1.46
357	68.22	140.17	76	0.66
358	43.09	4.8	74	1.41
359	122.88	20.11	73	0.85
360	123.28	120.39	75	1.43
361	61.88	156.86	77	1.68
Period: 73
Tasks:16
id	x	y	end	c
1064	25.48	73.09	73	79.23
1065	54.99	55.58	73	63.24
1066	78.63	187.64	75	90.21
1067	136.92	77.55	74	43.21
1068	72.31	21.5	74	83.24
1069	14.59	91.22	73	85.86
1070	63.94	130.86	75	47.46
1071	126.55	173.27	75	77.93
1072	98.56	194.23	76	94.24
1073	59.91	8.45	75	99.94
1074	191.1	171.6	73	115.87
1075	139.11	133.07	75	51.22
1076	113.36	126.77	75	29.92
1077	87.62	73.6	74	29.16
1078	32.47	129.85	73	73.83
1079	140.03	121.28	74	45.33
Drivers: 3
id	x	y	end	sensitivity
362	65.92	155.85	75	1.37
363	126.6	143.59	75	0.97
364	126.17	62.05	78	0.92
Period: 74
Tasks:15
id	x	y	end	c
1080	51.57	73.54	74	55.19
1081	135.5	163.99	75	73.18
1082	29.9	187.38	75	112.02
1083	92.75	186.06	74	86.36
1084	15.29	138.48	76	93.04
1085	17.76	78.93	75	84.9
1086	46.99	145.03	75	69.55
1087	64.88	107.33	77	35.88
1088	44.22	162.92	74	84.09
1089	28.06	16.26	75	110.4
1090	77.79	178.8	79	81.87
1091	98.79	5.5	75	94.51
1092	52.48	85.39	75	49.72
1093	125.83	16.5	74	87.4
1094	49.16	108.32	74	51.52
Drivers: 2
id	x	y	end	sensitivity
365	25.7	7.95	77	1.62
366	118.32	44.41	76	1.76
Period: 75
Tasks:13
id	x	y	end	c
1095	197.54	128.37	76	101.58
1096	164.21	164.28	76	90.86
1097	143.9	190.9	76	100.95
1098	6.99	116.66	76	94.49
1099	92.56	119.47	77	20.84
1100	115.58	79.31	76	25.9
1101	142.69	90.06	75	43.83
1102	38.59	21.48	75	99.68
1103	40.21	101.33	76	59.8
1104	94.38	106.85	77	8.86
1105	153.23	86.99	75	54.8
1106	144.25	89.37	77	45.51
1107	138.21	197.09	75	104.34
Drivers: 3
id	x	y	end	sensitivity
367	1.12	27.58	79	1.19
368	18.03	130.9	84	0.78
369	128.38	91.36	78	0.91
Period: 76
Tasks:17
id	x	y	end	c
1108	105.9	193.47	78	93.66
1109	24.65	194.06	77	120.52
1110	172.91	124.08	78	76.78
1111	98.51	20.6	77	79.41
1112	146.5	96.22	77	46.65
1113	184.65	28.88	76	110.56
1114	28.63	70.64	76	77.17
1115	126.97	81	76	32.99
1116	140.18	128.23	77	49.11
1117	20.32	70.03	79	85.13
1118	155.36	192.79	78	108.05
1119	62.93	158.92	78	69.61
1120	48.03	69.3	77	60.36
1121	100.52	41.48	76	58.52
1122	1.48	171.54	76	121.75
1123	59.66	172.96	76	83.37
1124	24.4	98.89	76	75.61
Drivers: 4
id	x	y	end	sensitivity
370	32.46	41.08	79	0.93
371	13.22	70.81	80	0.72
372	40.34	63.84	78	0.87
373	64.68	99.4	78	1.49
Period: 77
Tasks:18
id	x	y	end	c
1125	63.26	59.65	78	54.57
1126	48.39	74.08	77	57.75
1127	122.33	107.57	78	23.58
1128	193.18	194.38	77	132.63
1129	179.11	173.06	77	107.69
1130	75.19	95.84	80	25.16
1131	168.74	58.41	78	80.34
1132	193.7	65.01	77	100.02
1133	80.81	3.55	77	98.34
1134	91.93	21.47	80	78.94
1135	122.67	15.07	78	87.9
1136	188.12	64.17	79	95.13
1137	8.92	146.1	78	102.08
1138	116.7	58.24	79	44.98
1139	154.72	14.3	77	101.68
1140	24.07	184.18	78	113.37
1141	45.12	125.35	77	60.45
1142	32.18	43.91	78	88.01
Drivers: 3
id	x	y	end	sensitivity
374	98.5	188.2	81	1.73
375	114.99	68.27	77	1.48
376	31.61	164.2	82	0.51
Period: 78
Tasks:19
id	x	y	end	c
1143	165.19	88.8	78	66.15
1144	12.91	70.84	83	91.84
1145	147.28	8	81	103.44
1146	189.05	133.75	79	95.23
1147	176.81	64.16	78	84.76
1148	14.86	56.66	79	95.54
1149	130.59	44.38	79	63.48
1150	54.67	194.1	81	104.45
1151	147.47	141.32	78	62.93
1152	84.96	198.08	80	99.23
1153	197.43	26.49	79	122.05
1154	49.73	129.39	79	58.23
1155	24.37	66.33	78	82.79
1156	85.37	184.62	81	85.88
1157	124.96	162.8	79	67.58
1158	18.62	71.36	78	86.27
1159	35.66	199.85	79	118.78
1160	82.89	145.78	78	48.87
1161	138.16	85.11	81	40.96
Drivers: 6
id	x	y	end	sensitivity
377	168.48	78.88	84	1.24
378	163.33	30.72	81	1.81
379	170.46	158.84	84	1.09
380	164.7	88	80	1.19
381	89.78	199.6	82	1.66
382	38.6	83.88	83	1.55
Period: 79
Tasks:14
id	x	y	end	c
1162	90.17	33.61	81	67.11
1163	14.41	152.36	79	100.34
1164	70.37	121.66	79	36.7
1165	162.55	136.7	81	72.52
1166	177.6	176.24	80	108.79
1167	199.2	105.78	80	99.37
1168	106.89	176.77	79	77.08
1169	40.95	171.31	80	92.59
1170	88.22	96.39	80	12.32
1171	45.66	127.52	80	60.91
1172	172.13	123.86	79	75.97
1173	119.91	150.95	80	54.7
1174	197.32	35.61	81	116.69
1175	176.33	103.5	81	76.41
Drivers: 7
id	x	y	end	sensitivity
383	190.53	139.11	79	1.73
384	171.63	162.69	79	0.87
385	114.11	54.1	81	1.68
386	41.2	63.37	79	0.77
387	158.16	156.73	84	1.18
388	66.53	170.12	81	1.89
389	97.89	95.81	82	1.53
Period: 80
Tasks:19
id	x	y	end	c
1176	7.26	155.8	81	108.23
1177	188.39	50.87	81	101.13
1178	21.19	164.66	80	101.94
1179	89.08	183.95	81	84.66
1180	38.18	75.98	80	66.32
1181	46.75	67.12	82	62.58
1182	94.48	78.77	81	21.94
1183	108.68	46.73	80	53.97
1184	144.91	179.81	80	91.58
1185	74.2	131.19	80	40.48
1186	125.87	5.87	80	97.62
1187	30.17	149.97	82	85.87
1188	63.74	133.78	83	49.56
1189	171.86	18.07	81	108.98
1190	159.78	74.79	81	64.88
1191	196.75	145.55	80	106.94
1192	46.54	155.91	80	77.36
1193	0.01	73.92	81	103.34
1194	99.72	172.07	83	72.07
Drivers: 5
id	x	y	end	sensitivity
390	44.42	185.71	83	1.39
391	10.54	137.84	82	1.27
392	146.24	165.26	80	1.42
393	31.43	168.26	85	1.73
394	74.05	149.86	85	0.87
Period: 81
Tasks:20
id	x	y	end	c
1195	187.55	186.69	81	123.21
1196	145.53	15.14	81	96.3
1197	165.61	48.18	82	83.61
1198	104.61	190.52	81	90.64
1199	107.15	5.44	81	94.83
1200	28.86	172.62	81	101.66
1201	97.47	119.19	82	19.36
1202	52.78	180.72	82	93.52
1203	109.66	160.31	81	61.08
1204	75.27	121.08	82	32.5
1205	160.41	8.19	81	109.9
1206	24.44	58.5	81	86.21
1207	124.86	70.71	81	38.42
1208	93.77	19.7	84	80.54
1209	167.38	119.14	82	70.05
1210	151.01	83.07	82	53.75
1211	192.26	18.14	81	123.34
1212	140.84	106.82	82	41.41
1213	46.62	117.67	83	56.23
1214	181.65	36.83	81	103.23
Drivers: 8
id	x	y	end	sensitivity
395	189.04	171.64	87	0.68
396	195.42	32.76	85	1.77
397	186.86	102.18	84	0.85
398	1.65	173.65	84	1.09
399	169.8	139.56	85	0.88
400	151.05	162.77	87	1.9
401	61.36	169.31	84	1.59
402	99.79	86.65	86	0.71
Period: 82
Tasks:14
id	x	y	end	c
1215	179.18	55.53	82	90.81
1216	7.26	190.28	83	129.43
1217	119.17	173.96	85	76.4
1218	171.44	142.62	84	83.19
1219	161.44	169.69	83	92.91
1220	110.78	75.22	83	27.02
1221	56.89	15.01	82	95.3
1222	76.16	131.84	84	39.78
1223	180.59	61.62	83	89.26
1224	186.85	78.66	83	89.43
1225	41.28	133.17	82	67.44
1226	198.57	112.17	82	99.32
1227	72.55	104.05	85	27.75
1228	78.26	108.77	84	23.44
Drivers: 10
id	x	y	end	sensitivity
403	70.73	75.51	88	1.93
404	31.52	150.06	83	1.85
405	143.13	80.91	84	1.74
406	138.96	87.48	87	1.96
407	123.78	50.26	85	0.55
408	38.36	186.17	84	0.65
409	156.24	77.28	84	0.56
410	64.77	46.71	87	1.23
411	194.12	13.02	84	1.5
412	2.97	98.39	93	1.99
Period: 83
Tasks:10
id	x	y	end	c
1229	180.37	184.17	85	116.38
1230	151.01	16.08	83	98.21
1231	126.29	91.71	84	27.57
1232	77.22	151.15	83	55.99
1233	133.13	152.07	84	61.72
1234	157.13	102.62	85	57.19
1235	23.36	95.89	83	76.75
1236	151.72	33.78	85	84.02
1237	9.61	68.71	83	95.65
1238	148.08	11.42	83	100.79
Drivers: 10
id	x	y	end	sensitivity
413	65.16	41.96	89	1.75
414	93.6	58.91	85	1.48
415	19.28	155.51	85	1.68
416	109.19	149.36	85	1.51
417	137.77	97.58	84	1.8
418	77.5	113.2	86	1.77
419	195.87	79.65	88	0.79
420	26.09	172.52	86	1.68
421	1.44	49.63	85	0.61
422	55	118.39	85	1.25
Period: 84
Tasks:15
id	x	y	end	c
1239	74.47	58.29	84	48.9
1240	14.25	123.67	84	88.96
1241	97.95	167.71	86	67.74
1242	58.97	183.15	84	92.72
1243	133.76	84.86	85	37
1244	109.42	9.05	85	91.44
1245	52.1	151.3	85	70.19
1246	141.86	131.99	84	52.68
1247	188.1	60.96	88	96.36
1248	57.14	78.48	86	47.96
1249	171.27	108.07	85	71.73
1250	199.03	162.22	85	116.95
1251	32.98	27.76	86	98.54
1252	12.73	54.43	85	98.45
1253	77.03	91.82	84	24.38
Drivers: 5
id	x	y	end	sensitivity
423	161.33	15.54	87	0.69
424	141.88	123.2	88	1.54
425	41.36	31.65	90	1.33
426	178.83	38.59	84	1.02
427	103.8	42.31	86	1.67
Period: 85
Tasks:12
id	x	y	end	c
1254	93.9	160.45	88	60.76
1255	0.68	141.61	85	107.68
1256	134.83	131.07	87	46.67
1257	23.81	59.49	87	86.29
1258	142.72	64.14	85	55.78
1259	4.58	166.86	88	116.51
1260	157.89	117.21	86	60.39
1261	151.87	134.84	85	62.48
1262	38.58	17.67	86	102.72
1263	18.43	5.1	86	125.14
1264	146.73	32.28	85	82.28
1265	46.24	54.33	85	70.54
Drivers: 7
id	x	y	end	sensitivity
428	34.2	99.51	86	0.53
429	149.85	1.19	87	1.17
430	193.32	64.73	88	1.83
431	27.02	11.96	85	1.16
432	2.12	191.25	87	1.07
433	124.02	86.47	85	0.57
434	98.83	119.23	89	1.17
Period: 86
Tasks:13
id	x	y	end	c
1266	50.72	71.44	87	56.96
1267	87.54	101.25	87	12.52
1268	6.48	114.6	87	94.65
1269	59.28	71.8	86	49.53
1270	56.61	35.05	89	78.11
1271	67.18	131	87	45.15
1272	136.73	149.86	88	61.93
1273	85.73	49.12	87	52.84
1274	80.34	159.96	87	63.1
1275	122.09	185.3	87	88.11
1276	24.98	44.08	87	93.57
1277	180.26	163.97	87	102.63
1278	88.91	192.94	87	93.6
Drivers: 8
id	x	y	end	sensitivity
435	197.12	5.31	87	1.39
436	11.47	33.16	88	1.75
437	172.19	56.42	86	1.7
438	55.36	86.58	89	1.96
439	105.72	107.55	87	1.16
440	114.98	159.12	88	1.05
441	154.41	8.23	88	0.67
442	122.24	60.44	89	0.5
Period: 87
Tasks:15
id	x	y	end	c
1279	74.08	12.41	88	91.34
1280	111.84	86.7	88	17.81
1281	98.35	111.81	88	11.92
1282	35.27	192.32	89	112.75
1283	25.02	143.93	89	86.9
1284	159.16	45.38	89	80.52
1285	89.17	162.18	87	63.12
1286	86.63	154.52	88	56.14
1287	147.44	110.8	87	48.65
1288	170.41	148.88	87	85.71
1289	112.3	47.72	90	53.71
1290	29.55	70.1	89	76.53
1291	67.98	160.25	88	68.23
1292	91.49	89.93	89	13.18
1293	83.51	81.37	88	24.88
Drivers: 7
id	x	y	end	sensitivity
443	169.3	155.18	92	0.9
444	143.52	44.98	89	1.13
445	78.01	108.64	90	0.89
446	32.98	81.39	88	1.15
447	87.21	29.09	92	1.67
448	45.16	7.72	90	1.16
449	12.32	61.97	88	1.3
Period: 88
Tasks:15
id	x	y	end	c
1294	184.52	19.79	88	116.52
1295	54.61	134.34	89	56.92
1296	111.47	138.82	88	40.48
1297	170.56	37.33	89	94.37
1298	34.62	33.83	88	93.02
1299	59.51	10.29	88	98.42
1300	11.8	197.34	88	131.36
1301	43.82	91.08	88	56.88
1302	142.04	78.32	89	47.3
1303	39.35	52.26	88	77.19
1304	191.52	1.17	88	134.7
1305	189.68	74.45	88	93.25
1306	186.75	55.06	89	97.7
1307	144.39	154.68	91	70.43
1308	199	144.64	88	108.6
Drivers: 5
id	x	y	end	sensitivity
450	72.8	50.82	90	1.86
451	66.29	171.6	90	0.7
452	73.85	77.69	91	1.82
453	192.8	28.04	91	1.21
454	123.96	169.93	90	0.57
Period: 89
Tasks:16
id	x	y	end	c
1309	149.4	22.62	92	91.8
1310	54.51	7.58	90	103.01
1311	27.5	100.99	90	72.51
1312	182.12	188.9	91	121.02
1313	47.42	68.56	90	61.26
1314	68.75	187.72	89	93.12
1315	98.98	111.14	90	11.19
1316	8.72	29.09	92	115.59
1317	145.13	84.64	90	47.67
1318	15.45	21.79	90	115.18
1319	122.93	51.5	90	53.65
1320	142.89	29.54	90	82.49
1321	29.61	70.58	90	76.29
1322	8.77	132.88	89	96.97
1323	63.38	138.92	89	53.44
1324	160.14	9.77	91	108.44
Drivers: 6
id	x	y	end	sensitivity
455	8.85	92.78	90	0.7
456	176.15	186.9	93	0.57
457	163.6	177.18	91	1.71
458	173.31	17.5	91	0.92
459	190.9	145.74	94	0.74
460	111.16	25.07	90	1.1
Period: 90
Tasks:25
id	x	y	end	c
1325	90.51	75.04	90	26.7
1326	60.97	151.63	92	64.72
1327	71.63	129.44	91	40.88
1328	179.3	169.88	93	105.7
1329	165.43	64.58	90	74.4
1330	129.77	126.08	90	39.58
1331	16.73	179.61	91	115.2
1332	119.03	116.77	90	25.36
1333	78.76	149.79	91	54.13
1334	103.4	24.25	90	75.83
1335	33.36	147.69	90	81.95
1336	38.62	140.99	92	73.81
1337	157.94	102.32	91	57.99
1338	4.37	57.87	92	104.5
1339	98.92	161.08	90	61.09
1340	17.36	120.92	91	85.25
1341	39.75	37.09	91	87.11
1342	87.87	140.98	90	42.74
1343	102.55	139.26	91	39.34
1344	145.61	109.84	90	46.66
1345	59.03	72.49	91	49.35
1346	35.2	165.24	91	91.95
1347	65.2	190.17	92	96.65
1348	57.85	107.8	90	42.87
1349	19.45	95.14	94	80.7
Drivers: 5
id	x	y	end	sensitivity
461	99.42	14.74	93	1.47
462	162.91	84.7	92	1.81
463	105	24.24	97	1.36
464	47.81	17	95	1.42
465	99.42	54.13	95	1.67
Period: 91
Tasks:10
id	x	y	end	c
1350	112.64	193.92	91	94.77
1351	82.85	7.89	92	93.69
1352	95.33	136.93	93	37.22
1353	66.55	93.13	93	34.15
1354	198.37	18.95	92	127.46
1355	100.52	141.05	91	41.05
1356	84.67	153.99	92	56.12
1357	197.12	117.27	91	98.64
1358	86.24	133.81	92	36.5
1359	155.7	116.63	93	58.13
Drivers: 4
id	x	y	end	sensitivity
466	91.69	121.08	94	1.81
467	138.92	139.98	94	1.09
468	151.42	185.27	92	1.18
469	49.15	49.71	95	1.4
Period: 92
Tasks:15
id	x	y	end	c
1360	165.29	17.07	92	105.55
1361	165.56	177.3	92	101.36
1362	61.67	164.53	92	75.06
1363	132.64	188.63	93	94.45
1364	54.58	77.02	92	50.9
1365	39.8	94.19	93	60.48
1366	25.57	53.06	92	88
1367	20.83	7.6	92	121.68
1368	136.87	79.32	93	42.27
1369	93.14	91.85	92	10.65
1370	52.13	173.14	95	87.41
1371	135.57	164.6	92	73.75
1372	61.6	107.46	94	39.12
1373	169.27	156.63	92	89.47
1374	134.98	91.97	93	35.89
Drivers: 11
id	x	y	end	sensitivity
470	51.07	129.68	97	1.48
471	6.93	19.58	95	1
472	37.16	155.04	95	1.86
473	60.57	95.56	100	1.68
474	163.34	28.62	96	1.43
475	12.4	53.37	92	0.66
476	159.87	4.75	94	1.4
477	171.21	152.16	98	1.55
478	28	68.98	94	0.93
479	89.65	94.96	93	2
480	194.51	55.74	96	1.29
Period: 93
Tasks:14
id	x	y	end	c
1375	104.96	118.65	94	19.3
1376	119.48	199.85	93	101.73
1377	47.91	54.2	95	69.36
1378	33.21	71.2	94	72.73
1379	78.25	137.44	94	43.3
1380	163.14	99.92	93	63.14
1381	32.94	83.93	94	68.96
1382	39.59	186.83	95	105.78
1383	21.38	70.31	94	84.04
1384	175.45	156.15	94	94.05
1385	169.96	33.05	96	96.83
1386	121.96	33.07	93	70.44
1387	122.3	84.31	93	27.27
1388	148.88	119.36	94	52.57
Drivers: 8
id	x	y	end	sensitivity
481	111.66	70.8	97	1.02
482	130.36	6.47	98	0.55
483	128.74	165.51	94	1.5
484	158.07	55.69	98	1.61
485	195.71	67.32	94	0.53
486	89.4	111.49	97	1.17
487	131.47	184.34	97	0.57
488	21.78	120.64	97	1.49
Period: 94
Tasks:12
id	x	y	end	c
1389	45.74	44.81	94	77.4
1390	169.71	75.11	94	74.02
1391	148.08	85.47	95	50.23
1392	18.17	30.59	94	107.3
1393	175.66	10.69	94	117.05
1394	106.43	52.06	95	48.37
1395	94.78	111.36	95	12.5
1396	65.01	184.4	95	91.37
1397	167.75	89.12	95	68.62
1398	5.51	52.38	97	105.81
1399	33.79	64.85	95	74.96
1400	73.72	78.73	94	33.81
Drivers: 5
id	x	y	end	sensitivity
489	102.62	129.59	98	1.79
490	134.88	109.41	96	1.92
491	106.66	117.43	95	0.53
492	71.46	116.19	99	1.55
493	158.12	168.97	97	0.5
Period: 95
Tasks:14
id	x	y	end	c
1401	11.17	155.05	95	104.5
1402	198.76	170.48	95	121.33
1403	47.6	8.13	97	105.76
1404	6.27	8.05	99	131.3
1405	155.93	3.3	96	111.71
1406	0.39	48.14	95	112.3
1407	138.42	101.14	95	38.44
1408	13.21	174.36	96	114.29
1409	77.46	185.94	96	88.85
1410	152.7	96.66	97	52.81
1411	143.9	159.58	96	74.01
1412	96.49	130.24	95	30.44
1413	86.02	139.82	95	42.2
1414	139.43	32.84	96	77.88
Drivers: 9
id	x	y	end	sensitivity
494	194.58	46.27	100	1.45
495	27.92	133.8	98	0.64
496	14.93	31.44	98	1.96
497	75.89	6.78	95	1.01
498	154.02	193.35	101	0.98
499	190.66	73.76	98	1.57
500	144.72	8.59	99	1.37
501	194.16	71.9	98	0.68
502	115.86	53.14	97	0.82
Period: 96
Tasks:15
id	x	y	end	c
1415	42.75	155.25	96	79.56
1416	177.74	195.94	96	123.48
1417	50.32	188.03	97	101.08
1418	24.17	173.72	97	105.76
1419	183.43	1.57	97	129.03
1420	31.53	39.72	96	91.22
1421	135.49	36.07	97	73.12
1422	195.59	152.69	98	109.15
1423	46.41	179.95	98	96.25
1424	77	154.68	98	59.32
1425	60.93	182.4	97	91.19
1426	170.38	30.08	96	99.21
1427	144.93	118.2	97	48.48
1428	108.02	132.9	97	33.86
1429	193.64	122.56	97	96.32
Drivers: 5
id	x	y	end	sensitivity
503	58.99	164.09	96	1.76
504	110.61	96.22	98	1.3
505	149.92	118.76	96	1.69
506	160.29	138.44	98	1.48
507	72.22	43.85	99	0.99
Period: 97
Tasks:11
id	x	y	end	c
1430	35.58	2.07	97	117.22
1431	128.7	82.18	97	33.78
1432	12.68	134.07	97	93.73
1433	175.28	27.85	98	104.27
1434	10.67	185.54	98	123.68
1435	98.92	43.51	98	56.5
1436	100.7	95.6	99	4.46
1437	92.29	89.92	98	12.69
1438	43.62	42.59	99	80.46
1439	97.29	0.45	97	99.59
1440	5.16	187.36	99	128.94
Drivers: 10
id	x	y	end	sensitivity
508	10.31	14.79	99	1.85
509	184.01	185.72	97	1.13
510	189.79	105.29	99	0.71
511	128.84	130.5	98	0.58
512	86.84	121	101	0.77
513	9.3	97.57	100	1.28
514	61.36	144.98	105	1.41
515	136.11	63.77	100	1.14
516	12.57	198.47	102	1.85
517	90.04	27.83	102	1.06
Period: 98
Tasks:17
id	x	y	end	c
1441	105.39	99.68	100	5.4
1442	176.34	183.99	100	113.5
1443	19.98	169.22	98	105.8
1444	149.08	6.69	99	105.43
1445	20.54	56.61	99	90.53
1446	120.02	120.11	99	28.38
1447	119.68	171.66	100	74.31
1448	76.77	99.32	100	23.24
1449	146.87	116.77	98	49.78
1450	92.63	103.02	100	7.96
1451	155.68	174.14	100	92.72
1452	54.02	0.06	99	110.01
1453	124.24	181.98	99	85.49
1454	6.39	38.55	98	111.98
1455	160.57	61.2	98	71.93
1456	12.54	39.56	99	106.31
1457	15.29	69.74	100	89.95
Drivers: 6
id	x	y	end	sensitivity
518	34.45	134.59	104	1.92
519	194.97	115.78	99	1.36
520	174.63	0.8	101	1.52
521	126.65	147.55	102	1.53
522	114.42	22.78	102	0.87
523	198.59	154.68	100	1.39
Period: 99
Tasks:15
id	x	y	end	c
1458	196.13	153.1	100	109.82
1459	98.14	2.21	99	97.81
1460	25.13	132.07	101	81.45
1461	1.41	6.03	101	136.2
1462	187.78	64.1	100	94.84
1463	155.84	149.04	101	74.32
1464	28.23	28.54	100	101.28
1465	94.86	130.37	101	30.8
1466	34.67	159.35	101	88.26
1467	106.37	72.5	99	28.23
1468	127.03	76.14	99	36.05
1469	4.63	17.66	100	126
1470	175.66	106.32	103	75.92
1471	191.1	97.09	100	91.15
1472	57.05	168.05	99	80.47
Drivers: 7
id	x	y	end	sensitivity
524	141.17	54.27	106	1.14
525	140.95	183.62	103	1.4
526	53.84	194.48	106	1.69
527	110.28	25.7	101	0.9
528	143.27	23.47	101	1.16
529	199.2	32.76	103	1.67
530	36.43	128.82	101	0.9
Period: 100
Tasks:19
id	x	y	end	c
1473	94.66	193.28	102	93.43
1474	53.22	7.48	100	103.67
1475	37.56	136.35	101	72.25
1476	152.74	71.71	101	59.85
1477	22.62	18.48	102	112.4
1478	199.31	166.42	101	119.47
1479	8.36	196.49	101	133.07
1480	91.83	16.83	103	83.57
1481	77.51	156.18	102	60.51
1482	24.53	74.26	100	79.74
1483	1.98	101.68	101	98.03
1484	174.69	179.86	101	109.34
1485	50.02	102.56	101	50.05
1486	143.28	37.87	102	75.72
1487	118.3	7.26	101	94.53
1488	162.45	149.09	101	79.43
1489	114.48	139.33	102	41.91
1490	71.32	7.04	102	97.28
1491	26.43	112.37	100	74.6
Drivers: 5
id	x	y	end	sensitivity
531	14.26	168.21	103	1.5
532	172.71	159.79	106	1.98
533	129.72	91.78	104	1.41
534	106.92	20.36	102	1.44
535	41.4	83.67	101	1.48
