Periods: 100
Task Arrival Rate: 15
Task Average Time: 1
Driver Arrival Rate: 10
Driver Average Time: 2
Period: 1
Tasks:17
id	x	y	end	c
1	127.9	123.58	2	36.53
2	157.01	44.23	1	79.75
3	15.94	17.15	4	118.03
4	45.55	135.57	2	65.04
5	172.11	106.52	2	72.4
6	94.04	99.91	2	5.96
7	167.96	131.49	1	74.9
8	31.6	29.88	2	97.96
9	91.99	113.28	1	15.51
10	178.08	191.57	1	120.34
11	90.45	100.3	1	9.55
12	67.78	60.69	1	50.83
13	44.36	196.41	2	111.31
14	44.57	2.45	2	112.2
15	150.62	135.58	1	61.87
16	112.67	174.61	2	75.68
17	146.14	42.3	1	73.88
Drivers: 6
id	x	y	end	sensitivity
1	143.32	96.66	3	0.71
2	51.4	166.69	2	1.8
3	56.87	121.58	2	1.97
4	155.02	35.46	5	0.87
5	112.81	74.15	5	1.36
6	123.8	9	2	1.82
Period: 2
Tasks:12
id	x	y	end	c
18	88.49	184.92	4	85.7
19	180.35	90.11	4	80.96
20	94.05	58.76	4	41.67
21	14.83	97.29	3	85.21
22	149.87	21.42	2	93.07
23	22.14	65.55	3	85.14
24	128.25	163.28	3	69.3
25	137.13	45.5	2	65.95
26	26.6	36.4	3	97.12
27	108.17	105.25	7	9.71
28	22.57	5.49	5	122.18
29	95.84	115.38	2	15.93
Drivers: 12
id	x	y	end	sensitivity
7	27.22	194.67	3	1.35
8	22.28	2.62	2	1.7
9	31.57	139.59	4	1.39
10	155.46	151.23	10	1.72
11	172.1	18.34	4	1.45
12	149.76	13.85	5	1.69
13	84.97	35.73	3	1.74
14	5.85	119.48	4	0.92
15	135.1	189.58	4	1.86
16	168.44	166.04	2	0.65
17	101.15	6	5	0.73
18	160.17	181.73	7	1.01
Period: 3
Tasks:16
id	x	y	end	c
30	144.8	145.77	5	64.05
31	5.41	122.36	5	97.2
32	85.69	110.5	4	17.75
33	14.3	164.24	4	107.1
34	166.37	13.9	4	108.71
35	40.88	164.62	4	87.58
36	91.93	150.86	5	51.5
37	134.46	120.81	7	40.26
38	178.62	38.06	5	100.09
39	4.84	195.5	4	134.82
40	148.05	164.51	4	80.44
41	87.41	89.19	3	16.59
42	131.41	190.04	6	95.36
43	5.02	97.1	4	95.02
44	189.79	31.1	4	113.18
45	145.32	12.5	3	98.54
Drivers: 12
id	x	y	end	sensitivity
19	20.84	181.98	6	1.3
20	75	174.92	5	1.03
21	28.22	47.64	10	1.02
22	148.37	84.01	4	1.98
23	55.55	143.06	4	1.77
24	183.17	58.06	6	1.42
25	146.42	6.34	4	0.61
26	34.18	165.15	4	1.58
27	131.79	113.09	5	1.88
28	91.16	59.18	5	1.18
29	17.06	16.17	4	1.51
30	57.04	40.63	3	1.58
Period: 4
Tasks:22
id	x	y	end	c
46	48	41.18	6	78.51
47	147.37	98.95	4	47.38
48	124.15	99.75	6	24.15
49	182.94	98.08	4	82.96
50	148.98	62.21	4	61.86
51	0.04	98.76	4	99.97
52	54.05	71.29	6	54.18
53	161.36	10.6	6	108.43
54	115.68	57.29	4	45.5
55	166.12	119.2	6	68.85
56	11.64	27.46	4	114.32
57	53.6	106.85	4	46.9
58	24.27	8.73	6	118.6
59	59.72	86.55	5	42.47
60	75.6	162.17	5	66.79
61	145.99	83.21	6	48.96
62	134.57	110.29	4	36.07
63	52.55	118.55	6	50.95
64	183.21	196.24	4	127.22
65	197	37.4	6	115.45
66	58.78	141.43	5	58.44
67	177.87	119.1	7	80.18
Drivers: 10
id	x	y	end	sensitivity
31	79.75	59.66	7	0.51
32	133.82	58.47	5	1.18
33	18.17	91.56	6	0.7
34	8.93	199.79	7	0.65
35	54.03	134.62	5	0.59
36	52.8	177.01	7	1.88
37	17.85	185.79	5	0.83
38	161.44	72.14	6	1.12
39	175.12	193.5	8	1.99
40	104.89	143.06	4	1.64
Period: 5
Tasks:14
id	x	y	end	c
68	130.88	181.07	6	86.75
69	146.27	98.82	6	46.29
70	27.44	79.22	5	75.48
71	49.35	60.51	5	64.23
72	49.78	85.12	5	52.38
73	73.71	117.63	8	31.65
74	143.97	17.91	6	93.12
75	193.93	34.16	6	114.71
76	147.49	60.03	5	62.07
77	51.48	124.5	7	54.35
78	180.13	112.71	5	81.13
79	43.73	53.9	6	72.74
80	42.02	74.41	6	63.38
81	117.74	44.29	6	58.47
Drivers: 7
id	x	y	end	sensitivity
41	65.86	17.95	6	1.95
42	46.96	69.97	7	0.97
43	49.14	91.82	6	1.15
44	37.13	131.68	10	1.03
45	13.14	53.75	6	1.34
46	163.59	97.46	6	1.45
47	76.49	45.18	6	0.61
Period: 6
Tasks:13
id	x	y	end	c
82	54.84	55.25	7	63.58
83	92.2	174.2	7	74.61
84	117.44	144.46	6	47.76
85	153.34	68.82	6	61.78
86	104.69	77.08	6	23.39
87	103	79.21	7	21.01
88	172.55	54.65	9	85.56
89	14.14	50.03	6	99.34
90	179.63	114.2	6	80.89
91	195.07	42.43	8	111.14
92	103.73	188.76	7	88.84
93	72.45	29.25	6	75.92
94	33.38	130.56	6	73.29
Drivers: 12
id	x	y	end	sensitivity
48	39.42	84.2	8	1.16
49	96.03	82.86	8	1.66
50	163.53	185.77	11	0.76
51	156.58	175.78	7	1.37
52	184.28	193.57	11	1.58
53	51.73	85.9	7	1.19
54	21.7	109.89	7	1
55	163.35	15.15	7	1.47
56	95.08	157.36	12	0.69
57	58.5	12.24	6	1.66
58	181.92	173.38	8	1.35
59	11.5	92.59	7	1.58
Period: 7
Tasks:11
id	x	y	end	c
95	104.54	45.46	10	54.73
96	185.06	7.87	7	125.39
97	116.41	41.37	7	60.88
98	170.68	132.85	8	77.94
99	1.64	165.37	7	118.1
100	66.95	41.56	7	67.14
101	116.09	77.47	8	27.69
102	99.95	116.55	8	16.55
103	93.13	9.88	8	90.38
104	178.05	124.82	9	81.9
105	55.25	199.22	7	108.84
Drivers: 13
id	x	y	end	sensitivity
60	114.22	195.71	10	1.61
61	168.12	62.65	12	0.62
62	161.94	132.88	8	1.86
63	82.39	29.06	8	1.33
64	31.89	25.95	7	1.81
65	77.95	6.36	11	0.68
66	169.18	177.99	12	1.47
67	162.33	102.66	7	1.33
68	124.73	90.11	9	1.68
69	96.88	79.88	11	1.86
70	139.81	138.57	10	0.56
71	64.74	28.98	10	1.72
72	133.9	104.76	9	1.63
Period: 8
Tasks:15
id	x	y	end	c
106	180.13	181.66	10	114.41
107	83.18	69.47	8	34.86
108	40.84	13.72	9	104.61
109	39.47	133.01	9	68.95
110	17.77	122.68	9	85.3
111	74.06	10.31	8	93.37
112	48.93	23.27	8	92.17
113	72.72	56.05	10	51.73
114	32.09	182.22	9	106.64
115	5.78	18.27	9	124.73
116	198.88	59.4	10	106.89
117	77.29	15.52	12	87.48
118	188.04	61.48	10	96.1
119	7.9	162.02	8	111.04
120	111.26	144.68	8	46.08
Drivers: 9
id	x	y	end	sensitivity
73	151.26	7.7	9	0.78
74	55.66	17.43	9	0.92
75	167.07	117.19	14	1.45
76	155.52	151.69	11	1.86
77	12.32	173.75	11	0.61
78	159.78	132.42	10	1.22
79	7.33	18.63	10	1.06
80	195.41	154.81	14	1.15
81	105.38	109.76	12	1.75
Period: 9
Tasks:18
id	x	y	end	c
121	54.58	17.33	9	94.33
122	27.52	60.27	9	82.65
123	167.68	136.63	11	76.96
124	40.84	143.93	10	73.69
125	129.85	39.73	10	67.26
126	47.73	106.71	10	52.7
127	94.37	143.25	12	43.61
128	36.56	171.38	10	95.5
129	116.85	185.9	13	87.54
130	28.17	198.11	11	121.59
131	19.71	20.23	9	113.18
132	136.05	73.58	10	44.69
133	29	174.59	11	102.98
134	142.31	135.89	9	55.48
135	60.94	128.14	9	48.14
136	44.35	87.57	11	57.02
137	49.48	76.15	10	55.87
138	133.15	52.18	9	58.19
Drivers: 15
id	x	y	end	sensitivity
82	168.61	23.41	10	1.12
83	181.32	67.45	11	1.52
84	122.13	132.91	11	0.98
85	93.58	140.74	11	1.09
86	163.52	89.6	12	1.26
87	186.05	124.69	9	0.78
88	40.81	88.44	10	1.25
89	156.48	41.11	13	1.97
90	47.48	42.72	10	0.79
91	47.16	162.5	11	1.71
92	2.49	39.18	11	1.43
93	124.28	179.86	9	1.7
94	20.72	102.51	13	1.15
95	19.71	11.78	11	0.69
96	55.55	138.99	14	1.69
Period: 10
Tasks:9
id	x	y	end	c
139	31.97	53.23	10	82.56
140	59.05	151.7	10	65.95
141	121.1	155.86	11	59.71
142	87.99	22.94	10	77.99
143	50.11	12.12	11	101.05
144	12.23	148.11	11	100.09
145	29.51	155.92	11	89.98
146	184.06	39.73	10	103.43
147	140.22	22.51	10	87.31
Drivers: 19
id	x	y	end	sensitivity
97	5.07	64.82	11	0.75
98	32.26	47.53	12	1.6
99	65.35	67.35	12	1.86
100	12.01	20.66	12	0.9
101	125.84	97.7	12	0.78
102	177.82	118.93	14	1.03
103	68.71	178.97	12	1.43
104	46.59	134.11	10	1.75
105	109.14	98.28	13	1.97
106	66.7	163.74	12	1.02
107	182.49	22.54	10	0.68
108	171.3	63.88	15	0.88
109	114.48	8.1	15	1.97
110	110.79	40.76	13	1.5
111	161.36	194.9	12	1.7
112	177.22	80.84	14	1.63
113	118.84	145.13	12	1.43
114	117.85	111.21	14	0.84
115	192.55	7.79	11	0.64
Period: 11
Tasks:18
id	x	y	end	c
148	18.39	181.53	15	115.36
149	170.49	111.27	11	71.39
150	9.73	71.97	12	94.52
151	34.25	160.8	12	89.55
152	183.19	192.1	13	124.11
153	175.57	181.63	11	111.24
154	164.61	99.03	11	64.62
155	46.22	107.06	13	54.24
156	192.66	191.71	11	130.37
157	112	138.96	11	40.77
158	49.48	193.38	11	106.17
159	129.55	116.82	12	34
160	42.11	87.11	12	59.31
161	176.13	147.31	11	89.63
162	11.07	120.78	13	91.33
163	119.82	54.77	13	49.38
164	169.48	34.63	11	95.4
165	189.51	10.68	13	126.45
Drivers: 9
id	x	y	end	sensitivity
116	148.65	196.01	15	1.66
117	18.22	47.7	12	0.71
118	173.15	161.48	11	0.79
119	144.23	77.73	11	1.55
120	153.16	95.04	11	1.95
121	9.76	197.65	13	1.8
122	153.87	61.52	13	0.54
123	139.11	147.96	13	1.82
124	125.79	181.59	15	0.79
Period: 12
Tasks:17
id	x	y	end	c
166	143.79	38.69	13	75.34
167	131.87	180.21	12	86.31
168	162.71	106.78	13	63.08
169	29.72	154.5	16	88.94
170	3.77	143.23	13	105.49
171	72.78	162.71	12	68.36
172	91.98	179.12	13	79.53
173	131.91	116.96	14	36.14
174	95.2	159.61	13	59.8
175	103.4	11.38	14	88.69
176	55.55	190.6	12	100.92
177	81.44	3.09	13	98.67
178	94.17	6.75	13	93.43
179	138.52	147.91	13	61.47
180	122.58	97.21	13	22.75
181	85.54	183.49	12	84.73
182	169.57	16.51	14	108.68
Drivers: 11
id	x	y	end	sensitivity
125	136.73	59.16	15	1.84
126	116.15	117.77	17	1.01
127	96.07	29.09	15	1.99
128	186.97	197.94	13	1.92
129	27.72	181.79	15	1.59
130	170.19	8.91	13	0.72
131	95.42	24.51	16	1.63
132	1.8	32.28	16	1.51
133	134.28	119.85	15	1.02
134	194.99	3.77	14	0.76
135	8.55	45.32	13	1.4
Period: 13
Tasks:12
id	x	y	end	c
183	21.93	131.26	14	84.1
184	69.44	96.33	13	30.78
185	188.26	162.59	16	108.2
186	52.61	169.91	14	84.46
187	57.06	129.15	13	51.9
188	51.72	94.12	13	48.64
189	111.04	36.24	14	64.71
190	162.69	23.12	13	99.2
191	134.06	76.25	15	41.52
192	177.15	67.19	13	83.84
193	52.14	5.34	13	106.07
194	15.78	186.69	16	120.86
Drivers: 13
id	x	y	end	sensitivity
136	87.78	73.41	16	1.35
137	164.78	56.77	19	1.24
138	59.24	142.13	18	0.91
139	35.26	148.6	14	0.66
140	164.12	131.19	18	1.02
141	169.92	79.39	16	1.78
142	182.28	104.34	16	1.87
143	12.97	158.75	15	1.81
144	129.32	78.04	14	1.42
145	12.12	53	17	0.54
146	27.91	125.86	14	1.93
147	145.93	168.59	13	1.94
148	105.35	128.68	14	0.57
Period: 14
Tasks:21
id	x	y	end	c
195	126.63	172.48	16	77.22
196	100.01	161.57	14	61.57
197	137.69	46.63	15	65.34
198	112.21	129.61	14	32.03
199	198.57	76.36	14	101.37
200	67.48	63.8	15	48.66
201	103.51	6.93	14	93.14
202	77.57	18.49	15	84.54
203	17.83	94.18	14	82.38
204	136.73	173.38	17	82.06
205	163.99	194.88	15	114.44
206	142.73	152.14	16	67.41
207	174.8	130.74	16	80.87
208	187.19	135.07	15	93.98
209	77.12	122.77	14	32.28
210	101.72	19.66	15	80.36
211	143.94	104.55	16	44.17
212	102.03	96.08	15	4.41
213	91.81	130.33	16	31.42
214	197.16	105.86	15	97.34
215	196.37	170.22	15	119.24
Drivers: 15
id	x	y	end	sensitivity
149	168.94	23.13	15	1.72
150	19.68	105.45	17	1.71
151	113.6	177.84	16	0.85
152	106.25	119.35	16	0.63
153	92.41	69.83	14	1.84
154	182.02	104.83	17	1.77
155	80.5	8.72	17	1.6
156	137.53	157.13	16	1.66
157	164.29	197.69	18	0.89
158	103.83	128.94	16	1.98
159	144.81	15.27	16	1.55
160	9.89	42.78	14	1.61
161	92.29	95.05	16	1.92
162	125.78	98.14	15	1.24
163	104.55	77.66	16	0.72
Period: 15
Tasks:17
id	x	y	end	c
216	164.69	55.49	15	78.52
217	115.09	58.17	15	44.47
218	0.04	164.46	16	118.94
219	144.44	116.71	16	47.48
220	176.03	135.37	15	83.85
221	7.54	57.25	17	101.86
222	84.59	172.69	16	74.31
223	79.07	112.27	16	24.26
224	6.94	40.19	16	110.62
225	118.63	119.71	18	27.12
226	193.43	88.09	17	94.19
227	71.11	44.66	15	62.43
228	45.52	124.67	16	59.81
229	30.31	153.11	16	87.62
230	157.66	106.94	19	58.08
231	9.92	49.75	16	103.15
232	50.72	128.74	15	57.05
Drivers: 4
id	x	y	end	sensitivity
164	53.81	66.43	17	1.01
165	146.69	36.84	19	1.17
166	144.36	42.43	16	1.52
167	37.48	72.59	20	1.96
Period: 16
Tasks:15
id	x	y	end	c
233	142.25	57.1	16	60.21
234	77.09	11.91	17	91.02
235	168.54	39.71	16	91.28
236	145.59	118.04	17	49.03
237	119.82	68.3	17	37.39
238	18.45	71.01	17	86.55
239	145.49	45.3	17	71.14
240	95.21	71.85	16	28.55
241	102.76	59.37	16	40.72
242	157.22	92.14	19	57.76
243	12.99	56.79	16	97.15
244	72.65	86.92	16	30.32
245	193.62	137.2	16	100.74
246	64.02	18.57	18	89.02
247	185.5	91.48	17	85.92
Drivers: 10
id	x	y	end	sensitivity
168	189.31	131.81	21	0.54
169	127.27	59.67	17	0.56
170	167.41	96.12	17	1.89
171	154.8	195.95	19	0.68
172	59.46	179.64	16	1.91
173	119.61	140.26	18	1.44
174	107.37	144.5	17	1.3
175	8.38	40.26	17	0.94
176	115.78	57.89	17	1.29
177	33.23	42.65	18	0.72
Period: 17
Tasks:17
id	x	y	end	c
248	80.57	178.1	17	80.48
249	86.96	113.86	19	19.03
250	163.47	50.87	18	80.26
251	130.13	190.68	20	95.55
252	155.59	36.89	20	84.1
253	56.45	42.56	17	72.08
254	174.84	192.82	19	119.23
255	38.35	105.12	19	61.86
256	158.09	122.37	17	62.25
257	0.92	57.96	17	107.63
258	104.86	185.1	19	85.24
259	83.05	128.25	18	32.94
260	186.05	28.83	17	111.67
261	119.85	34.25	18	68.68
262	147.16	101.25	18	47.18
263	83.97	42.44	18	59.75
264	73.77	87.83	18	28.92
Drivers: 11
id	x	y	end	sensitivity
178	169.08	36.55	20	1.49
179	138.46	115.38	20	0.56
180	106.26	91.35	19	0.97
181	171.01	70.61	19	0.75
182	66.08	6.76	19	1.14
183	164.63	45.26	22	1.12
184	142.56	116.35	20	0.51
185	15.44	53.59	20	1.5
186	22.68	39.23	18	0.74
187	67.82	120	23	1.08
188	143.31	139.91	20	1.48
Period: 18
Tasks:16
id	x	y	end	c
265	193.8	22.59	19	121.62
266	42.04	56.82	19	72.28
267	129.6	10.44	19	94.32
268	133.2	150.66	18	60.57
269	78.64	46.77	19	57.36
270	185.02	198.26	20	129.94
271	154.88	14.66	19	101.46
272	41.76	120.24	19	61.66
273	87.65	179.52	20	80.47
274	58.16	57.96	18	59.31
275	194.65	110.91	18	95.28
276	75.59	152.85	19	58.21
277	64.05	28.05	18	80.43
278	176.51	129.06	19	81.84
279	120.76	20.18	18	82.48
280	62.84	176.74	21	85.26
Drivers: 14
id	x	y	end	sensitivity
189	47.12	37.41	19	0.68
190	76.05	49.43	25	1.31
191	58.83	96.93	20	0.63
192	87.63	20.94	21	1.47
193	16.85	135.15	22	1.08
194	59.21	188.12	19	1.43
195	165.58	109.63	19	1.85
196	192.53	152.09	19	1.72
197	162.31	193.13	20	1.81
198	132.33	122.98	19	0.55
199	131.95	183.19	20	1.49
200	49.54	86.04	21	1.16
201	78.5	32.93	20	1.77
202	26.67	2.87	19	1.25
Period: 19
Tasks:9
id	x	y	end	c
281	27.79	22.05	19	106.26
282	109.65	62.82	19	38.41
283	195.64	167.28	19	116.93
284	149.81	52.48	19	68.84
285	7.5	77.99	19	95.08
286	49.76	21.53	19	93.18
287	94.22	86.96	19	14.26
288	139.36	170.7	21	80.92
289	165.73	129.27	20	71.95
Drivers: 10
id	x	y	end	sensitivity
203	134.74	5.08	20	1.13
204	105.89	180.05	20	1.34
205	195.21	84.43	20	1.92
206	84.85	112.51	22	1.74
207	110.38	90.25	23	0.77
208	136.35	114.18	21	1.28
209	36.03	37.87	20	0.59
210	73.05	181.62	21	0.72
211	159.9	83.46	20	0.75
212	35.3	49.43	20	0.56
Period: 20
Tasks:18
id	x	y	end	c
290	152.91	84.95	24	55.01
291	157.31	0.99	20	114.4
292	30.66	146.66	23	83.58
293	167.99	133.84	22	75.95
294	51.58	178.6	21	92.32
295	15.41	19.29	21	116.92
296	180.08	81.56	20	82.18
297	31.84	133.73	20	76.05
298	138.67	53.44	21	60.52
299	148.1	5.77	20	105.8
300	54.27	122.51	20	50.97
301	12.05	101.81	20	87.97
302	29.72	186.32	20	111.31
303	13.87	178.44	20	116.5
304	15.27	113.54	22	85.81
305	2.3	68.21	20	102.74
306	130.47	145.7	23	54.93
307	73.38	115.32	21	30.71
Drivers: 8
id	x	y	end	sensitivity
213	23.25	126.01	22	1.83
214	94.49	177.06	23	1.13
215	169.1	96.37	23	1.44
216	94.67	197.77	23	0.97
217	143.16	87.77	20	1.97
218	60.17	86.92	22	1.55
219	63.51	144.9	23	1.31
220	98.92	85.63	22	1.86
Period: 21
Tasks:16
id	x	y	end	c
308	101.2	77.51	21	22.52
309	104.69	14.06	22	86.07
310	137.6	76.74	21	44.21
311	51.4	94.43	21	48.92
312	146.04	141.98	21	62.31
313	90.67	50.95	22	49.93
314	45.74	166.67	23	85.96
315	111.25	143.97	21	45.39
316	130.06	175.8	21	81.54
317	2.43	167.49	23	118.64
318	49.68	141.55	22	65.26
319	112.07	126.34	22	28.97
320	112.32	9.84	21	91
321	152.02	71.2	22	59.46
322	166.76	109.36	23	67.41
323	163.41	15.84	21	105.37
Drivers: 12
id	x	y	end	sensitivity
221	198.19	108.18	26	0.91
222	49.13	60.58	23	0.88
223	157.52	192.71	21	0.81
224	156.91	137.21	23	1.68
225	93.46	92.27	23	0.76
226	166.15	72.07	23	1.73
227	166.89	6.46	24	0.51
228	146.82	114.56	23	1.18
229	182.43	81.22	21	1.14
230	96.51	135.54	24	0.79
231	14.48	89.84	24	0.67
232	163.07	177.34	26	1.13
Period: 22
Tasks:11
id	x	y	end	c
324	158.57	23.96	22	95.98
325	1.34	159.91	24	115.43
326	100.08	142.91	24	42.91
327	10.49	49.3	22	102.87
328	163.31	49.31	22	81.1
329	196.82	185.92	22	129.45
330	198.71	190.41	23	133.86
331	104.27	127.4	22	27.73
332	197.9	113.59	22	98.84
333	19.45	191.87	23	122.18
334	51.86	176.86	22	90.69
Drivers: 16
id	x	y	end	sensitivity
233	114.21	180.57	22	0.92
234	90.99	71.36	23	0.7
235	99.37	100.38	25	1
236	133.18	71.3	24	1.47
237	60.97	12.38	23	1.99
238	78.77	71.32	23	0.95
239	84.08	40.86	23	1.39
240	35.69	13.21	22	1.88
241	190.59	197.72	23	1.32
242	112.37	12.38	25	1.99
243	88.93	68.46	22	0.71
244	94.07	96.1	22	1.4
245	163.22	163.32	24	1.96
246	26	78.8	23	1.58
247	120.1	50.9	24	1.47
248	65.61	166.39	26	1.44
Period: 23
Tasks:11
id	x	y	end	c
335	193.67	162.73	23	112.73
336	97.97	167.46	23	67.49
337	71.69	110.95	24	30.35
338	144.8	52.09	24	65.59
339	18.22	87.28	24	82.76
340	161.48	186.37	24	106.02
341	103.54	78.91	23	21.39
342	49.06	61.2	24	64.03
343	103.52	173.86	23	73.94
344	121.23	165.77	24	69.11
345	20.53	188.95	25	119.28
Drivers: 12
id	x	y	end	sensitivity
249	57.92	30.76	24	0.88
250	2.89	96.65	25	0.98
251	108.38	20.83	23	0.51
252	108.96	113.8	24	0.8
253	2.91	59.43	23	0.57
254	179.81	0.5	24	1.37
255	116.19	135.87	23	0.74
256	61.8	172.95	24	1.7
257	72.78	103.9	24	0.88
258	157.87	28.64	25	1.16
259	191.82	193.57	24	1.44
260	66.07	190.75	24	0.54
Period: 24
Tasks:22
id	x	y	end	c
346	152.23	161.71	25	80.85
347	42.61	147.42	24	74.45
348	183.64	27.42	26	110.74
349	164.12	189.39	25	110.01
350	108.58	191.54	24	91.94
351	177.36	117.79	27	79.38
352	53.39	129.52	24	55.17
353	1.54	88.28	24	99.16
354	166.39	178.63	25	102.91
355	15.77	92.94	24	84.53
356	149.21	72.07	24	56.58
357	51.75	37.62	25	78.86
358	125.84	18.01	24	85.97
359	7.4	149.55	24	105.02
360	146.96	130.78	24	56.15
361	9.03	113.54	26	91.97
362	166.55	194.23	24	115.36
363	182.21	128.97	26	87.17
364	197.33	54.53	24	107.43
365	174.29	43.79	25	93.16
366	19.68	108.08	26	80.73
367	126.38	94.11	24	27.03
Drivers: 5
id	x	y	end	sensitivity
261	199.11	72.55	28	1.43
262	183.58	34.42	27	0.89
263	171.35	102.4	24	1.31
264	67.29	3.16	26	1.88
265	101.89	44.53	26	1.96
Period: 25
Tasks:12
id	x	y	end	c
368	18.27	120.95	26	84.37
369	183.66	160.67	27	103.34
370	182.05	44.42	26	99.1
371	54.26	144.09	25	63.53
372	49.1	166.06	26	83.4
373	86.21	154.8	25	56.51
374	79.42	26.05	26	76.76
375	183.58	112.41	27	84.5
376	193.48	160.68	27	111.45
377	198.16	71.91	26	102.1
378	187.74	85.31	27	88.96
379	129.39	58.46	26	50.89
Drivers: 11
id	x	y	end	sensitivity
266	198.11	161.53	33	1.66
267	52.93	158.31	29	0.93
268	4.04	95.49	26	0.92
269	133.07	19.74	26	1.81
270	79.93	171.76	28	0.67
271	178.08	142.19	27	1.5
272	152.14	161.55	27	0.53
273	3.12	19.15	26	0.7
274	156.38	140.17	26	1.13
275	144.03	65.26	30	1.47
276	162.38	56.69	29	1.65
Period: 26
Tasks:11
id	x	y	end	c
380	122.46	182.1	26	85.12
381	51.17	115.18	27	51.14
382	101.04	118.61	27	18.64
383	157.04	159.79	27	82.63
384	71.99	114.85	26	31.7
385	110.68	131.73	27	33.48
386	81.56	196.15	27	97.9
387	157.89	102.17	30	57.93
388	71.64	95.42	29	28.73
389	77.67	19.44	26	83.6
390	130.14	136.67	26	47.47
Drivers: 14
id	x	y	end	sensitivity
277	2.37	100.21	26	1.75
278	180.23	27.48	27	1.3
279	3.13	16.59	29	0.65
280	89.84	35.91	26	0.91
281	16.46	86.88	28	0.51
282	173.45	184.3	27	1.73
283	106.84	0.18	27	1.25
284	131.93	190.9	28	0.73
285	107.59	114.36	27	1.38
286	38.91	35.8	27	0.64
287	151.85	52.62	28	1.19
288	112.29	62.41	28	1.97
289	195.09	12.11	26	0.75
290	55.64	174.26	28	1.11
Period: 27
Tasks:23
id	x	y	end	c
391	119.6	147.78	29	51.64
392	125.44	31.57	27	73.01
393	79.99	134.48	29	39.87
394	163.24	125.9	28	68.34
395	58.56	110.34	27	42.71
396	0.77	13.31	27	131.76
397	94.08	87.33	29	13.98
398	104.58	47.45	28	52.75
399	67.24	128.36	27	43.33
400	177.85	66.33	29	84.82
401	36.44	101.85	27	63.59
402	39.65	67.57	27	68.51
403	126.12	62.11	27	46.02
404	1.74	134.09	28	104.01
405	160.27	46.91	27	80.32
406	184.75	161.31	28	104.6
407	124.12	40.35	27	64.34
408	38.14	10.15	27	109.09
409	99.86	12.03	28	87.97
410	64.95	195.83	28	102.04
411	106.11	86.29	27	15.01
412	28.47	77.9	28	74.87
413	175.21	99.61	28	75.21
Drivers: 13
id	x	y	end	sensitivity
291	104.09	119.43	27	0.58
292	173.64	34.63	28	0.62
293	47.26	83.43	27	1.1
294	122.41	140.73	28	1.7
295	8.03	51.4	31	1.98
296	181.19	7.92	32	1.06
297	25.25	86.95	30	0.89
298	55.78	186.72	28	1.49
299	106.49	173.34	29	1.46
300	42.15	160.77	27	1.91
301	82.47	0.02	27	1.02
302	9.43	17.57	28	1.78
303	93.81	14.19	28	1.75
Period: 28
Tasks:17
id	x	y	end	c
414	83.56	100.24	29	16.44
415	183.49	72.35	29	87.95
416	13.07	69.24	30	92.21
417	180.06	93.51	28	80.32
418	13.65	25.66	28	113.94
419	34.19	96.65	28	65.9
420	89.21	137.85	29	39.36
421	109.93	130.92	28	32.48
422	30.52	81.9	30	71.8
423	180.11	145.03	28	91.9
424	171.14	152.68	29	88.52
425	35.07	103.29	28	65.01
426	73.58	106.04	30	27.1
427	175.75	34.17	29	100.36
428	93.9	186.26	29	86.48
429	138.95	119.36	28	43.5
430	9.9	31.16	29	113.39
Drivers: 10
id	x	y	end	sensitivity
304	186.67	26.45	31	1.37
305	178.94	130.12	28	1.77
306	170.04	95.44	31	1.77
307	159.4	75.29	31	1.95
308	27.19	179.33	29	0.69
309	5.86	78.06	29	0.79
310	2.85	12.72	30	1.64
311	52.77	181.22	29	1.13
312	112.91	102.96	29	0.81
313	38.82	184.53	29	1.04
Period: 29
Tasks:16
id	x	y	end	c
431	137.69	165.25	29	75.35
432	80.92	44.2	30	58.97
433	0.57	189.73	30	133.93
434	21.25	110.28	29	79.42
435	13.17	71.02	32	91.54
436	70.73	109.21	31	30.68
437	63.24	194.98	30	101.85
438	62.61	181.61	30	89.77
439	163.42	120.96	29	66.79
440	37.73	192.5	30	111.51
441	197.07	48.13	30	110.06
442	12.94	145.17	29	98.08
443	80.28	8.15	30	93.94
444	10.24	76.98	32	92.66
445	14.85	181.69	30	118
446	190.56	162.38	31	109.97
Drivers: 7
id	x	y	end	sensitivity
314	172.9	42.16	31	1.79
315	7.89	188.88	29	0.76
316	19.32	79.56	32	1.44
317	87.48	119.92	32	1.07
318	165.6	71.37	30	0.65
319	188.77	192.03	29	1.92
320	106.71	95.09	33	1.91
Period: 30
Tasks:11
id	x	y	end	c
447	88.54	196.33	30	97.01
448	104.7	7.36	30	92.76
449	23.23	40.69	32	97.01
450	180.66	197.16	31	126.28
451	94.56	22.54	31	77.65
452	66.59	144.71	31	55.81
453	52.82	141.23	31	62.66
454	83.02	59.47	31	43.94
455	116.64	154.82	30	57.29
456	155.3	194.38	30	109.39
457	122.93	158.63	34	62.95
Drivers: 11
id	x	y	end	sensitivity
321	190.08	199.36	33	1.21
322	96.68	128.9	30	0.7
323	164.86	40.81	32	0.98
324	162.75	164.58	32	1.82
325	11.93	17.92	34	1.48
326	76.97	62.59	31	0.73
327	70.6	61.61	31	1.58
328	57.97	176.75	34	1.42
329	22	136.53	31	1.17
330	80.73	107.22	32	1.11
331	76.48	103.85	31	0.72
Period: 31
Tasks:16
id	x	y	end	c
458	63.48	154.15	31	65.31
459	143.69	194.37	31	103.99
460	80.08	15.26	31	87.05
461	183.25	147.34	31	95.77
462	44.92	41.19	31	80.58
463	144.13	6.29	32	103.58
464	193.74	172.82	32	118.7
465	95.26	48.25	32	51.97
466	131.89	11.49	32	94.08
467	12.91	119.76	31	89.3
468	129.53	72.75	34	40.18
469	97.42	194.03	31	94.07
470	55.06	111.94	31	46.5
471	29.42	175.16	31	103.1
472	115.25	3.75	32	97.45
473	18.16	130.68	34	87.4
Drivers: 12
id	x	y	end	sensitivity
332	56.49	64.29	33	0.91
333	135.27	60.21	33	1
334	159.53	86.16	32	1.15
335	190.52	78.45	32	0.52
336	140.86	30.15	34	0.58
337	116.35	178.72	32	1.01
338	160.87	139.73	32	0.67
339	7.96	86.52	34	1.49
340	77.4	151.06	31	1.03
341	112.24	7.35	34	1.74
342	182.6	153.66	33	0.86
343	68.69	116.07	31	1.91
Period: 32
Tasks:17
id	x	y	end	c
474	133.63	123.4	34	40.97
475	48.74	155.88	33	75.83
476	23.47	146.21	35	89.4
477	155.69	89.76	32	56.62
478	153.86	165.42	33	84.74
479	74.07	71.67	34	38.41
480	48.59	40.25	33	78.82
481	183.36	110.17	35	83.98
482	189.48	76.25	32	92.58
483	93.96	10.27	32	89.93
484	188.21	96.21	33	88.29
485	67.52	83.65	32	36.36
486	76.21	134.39	32	41.82
487	105.54	65.6	33	34.84
488	87.83	104.33	33	12.92
489	109.47	198.57	33	99.02
490	121.31	5.87	35	96.51
Drivers: 10
id	x	y	end	sensitivity
344	171.7	88.99	34	1.13
345	65.47	177.2	33	0.64
346	42.69	96.07	34	1.88
347	23.91	144.95	34	1.11
348	125.26	84.37	36	1.18
349	38.69	109.09	33	1.75
350	105.74	71.83	33	1.3
351	127.79	110.24	36	1.63
352	119.2	86.82	35	1.72
353	50.89	73.54	32	1.46
Period: 33
Tasks:19
id	x	y	end	c
491	41.33	73.1	35	64.54
492	17.59	197.73	34	127.84
493	140.01	25.47	34	84.59
494	14.39	70.12	35	90.67
495	147.26	9.49	33	102.11
496	101.04	26.1	36	73.91
497	134.8	0.18	33	105.71
498	102.53	193.28	33	93.31
499	125.34	107.93	35	26.55
500	0.37	120.36	34	101.69
501	71.28	159.64	34	66.19
502	36.19	181.02	33	103.13
503	131.54	136.31	34	48.1
504	44.45	26.96	35	91.76
505	154.32	88.71	33	55.48
506	156.34	91.32	34	57
507	118.17	99.35	33	18.18
508	110.56	54.23	33	46.97
509	35.75	34.91	34	91.46
Drivers: 19
id	x	y	end	sensitivity
354	36.92	158.94	36	0.5
355	191.82	73.39	34	1.19
356	69.6	16.94	35	0.8
357	192.2	94.53	35	1.16
358	114.06	114.77	34	1.49
359	82.89	86.03	35	0.6
360	141.43	125.88	38	0.9
361	57.78	102.59	35	1.74
362	6.47	178.15	34	0.72
363	51.67	6.34	39	0.97
364	54.84	190.63	40	0.71
365	90.34	92.8	34	1.21
366	83.62	108.13	34	1.19
367	102.46	99.21	36	1.29
368	186.93	96.77	33	0.5
369	170.42	116.55	37	1.79
370	125.06	76.26	35	0.73
371	62.16	168.37	35	0.59
372	97.52	141.82	33	0.73
Period: 34
Tasks:11
id	x	y	end	c
510	112.48	14.1	34	86.8
511	135.07	178.17	34	85.68
512	34.37	71.5	35	71.55
513	7.43	22.22	34	120.91
514	31.36	107.06	35	69
515	166.63	56.08	35	79.8
516	187.34	88.86	35	88.05
517	108.47	102.53	36	8.84
518	81.16	24.45	34	77.86
519	6.94	84.95	36	94.27
520	146.38	34.1	34	80.58
Drivers: 10
id	x	y	end	sensitivity
373	56.1	64.04	35	1.79
374	144.95	184.64	37	0.95
375	57.66	9.7	37	1.51
376	178.36	59.95	38	1.22
377	157.3	140.38	37	1.57
378	171.22	164.8	37	1.99
379	64.54	42.53	35	1.3
380	166.35	117.48	35	1.42
381	15.66	182.19	34	0.78
382	94.74	6.12	35	0.67
Period: 35
Tasks:14
id	x	y	end	c
521	177.65	125.87	36	81.85
522	99.9	162.57	36	62.57
523	153.52	46.63	35	75.58
524	172.71	120.22	36	75.47
525	117.47	119.6	35	26.26
526	165.02	93.87	38	65.31
527	124.86	132.32	36	40.78
528	113.04	107.08	35	14.84
529	58.68	122.96	36	47.27
530	36.4	64.69	36	72.74
531	80.17	18	37	84.36
532	6.1	129.42	35	98.4
533	143.23	171.5	36	83.55
534	163.55	54.69	35	78.05
Drivers: 13
id	x	y	end	sensitivity
383	134.1	56.77	38	1.04
384	41.27	121.79	39	1.8
385	133.53	126.15	38	0.87
386	182.52	184.13	38	0.99
387	141.84	78.99	37	1.22
388	150.47	65.85	35	0.7
389	30.4	21	36	1.13
390	29.89	40.96	35	0.54
391	53.67	99.27	38	1.47
392	164.38	3.63	38	0.53
393	68.49	32.31	37	1.13
394	47.93	107.63	37	0.85
395	102.74	40.42	37	0.64
Period: 36
Tasks:12
id	x	y	end	c
535	196.87	112.45	37	97.67
536	106.18	199.85	36	100.04
537	135.23	34.52	37	74.36
538	13.27	44.27	40	103.09
539	183.11	179.59	36	115.07
540	49.39	192.39	36	105.34
541	117.17	197.16	36	98.67
542	82.4	164.88	37	67.22
543	71.5	122.89	37	36.55
544	130.69	116.08	36	34.65
545	146.79	111.73	37	48.24
546	190.86	140.64	36	99.53
Drivers: 11
id	x	y	end	sensitivity
396	152.16	20.44	36	1.26
397	118.19	164.4	38	0.51
398	78.92	175.92	39	0.58
399	1.59	182.23	41	0.5
400	175.26	184.54	38	0.76
401	126.3	9.13	39	1.51
402	114.37	179.76	37	0.83
403	192.95	176.24	38	1.16
404	69.73	155.24	37	0.78
405	101.69	71.23	37	1.9
406	65.77	187.7	39	1.93
Period: 37
Tasks:15
id	x	y	end	c
547	4.95	175.51	37	121.39
548	134.32	192.88	38	99.02
549	170.19	169.19	41	98.56
550	175.05	125.59	39	79.29
551	57.39	14.26	39	95.74
552	50.48	196.73	39	108.67
553	138.16	107.24	38	38.84
554	137.73	145.09	38	58.79
555	55.03	162.41	37	76.92
556	31.02	11.38	37	112.3
557	189.51	161.57	37	108.64
558	140.67	118.46	38	44.66
559	66.98	45.94	40	63.35
560	122.39	100.21	37	22.39
561	151.8	4.14	38	108.96
Drivers: 12
id	x	y	end	sensitivity
407	77	108.3	42	1.16
408	105.5	155.37	38	1.6
409	66.55	133.36	39	0.53
410	133.94	1.68	40	0.79
411	88.91	144.78	40	1.94
412	43.9	183.96	39	0.58
413	29.94	188.8	41	1.35
414	75.73	194.05	39	1.45
415	5.7	69.8	40	1.13
416	172.61	70.11	38	1.82
417	63.97	101.97	39	1.67
418	195.36	135.72	40	0.75
Period: 38
Tasks:21
id	x	y	end	c
562	168.49	116.62	41	70.48
563	58.61	176.6	38	87.07
564	175.56	105.86	38	75.79
565	40.94	126.82	42	64.86
566	52.34	191.3	39	102.99
567	198.28	73.6	42	101.76
568	81.52	194.88	38	96.66
569	16.54	76.78	38	86.63
570	180.85	63.81	38	88.58
571	132.12	93.16	39	32.84
572	129.58	134.17	40	45.19
573	132.93	172.54	38	79.66
574	69.38	44.45	42	63.43
575	151.77	11.52	40	102.51
576	121.85	164.48	39	68.08
577	13.49	186.48	38	122.32
578	144.37	123.17	39	50.06
579	133.68	42.02	39	67.05
580	183.97	88.4	40	84.77
581	170.22	37.54	39	93.98
582	18.48	97.23	39	81.57
Drivers: 11
id	x	y	end	sensitivity
419	17.23	194.99	42	0.78
420	27.2	162.95	40	1.19
421	153.11	50.55	41	0.56
422	0.66	132.39	39	1.81
423	0.92	126.87	38	1.58
424	16.61	125.24	39	0.53
425	187.13	147.02	38	1.48
426	72.03	129.85	39	1.71
427	182.58	198.65	40	1.13
428	164.16	151.37	40	1.79
429	64.95	138.35	38	1.73
Period: 39
Tasks:9
id	x	y	end	c
583	162.56	73.07	39	68.11
584	18.97	0.47	39	128.34
585	37.31	40.32	39	86.55
586	14.03	191.56	41	125.59
587	142.18	178.11	40	88.77
588	82.08	99.09	40	17.94
589	141.99	40.39	39	72.91
590	35.58	51.47	39	80.65
591	112.12	47.33	39	54.05
Drivers: 11
id	x	y	end	sensitivity
430	37.92	118.94	40	0.96
431	147.28	43.41	41	0.67
432	120.41	8.01	41	0.68
433	119.57	126.88	41	1.67
434	160.4	106.15	41	1.12
435	100.93	24.36	42	0.54
436	176.29	10.67	44	1.74
437	117.82	64.15	40	1.58
438	31.48	94.68	41	1.84
439	154.37	167.5	39	0.6
440	37.13	7.97	42	1.76
Period: 40
Tasks:14
id	x	y	end	c
592	145.87	155.15	41	71.73
593	20.57	111.35	40	80.24
594	48.68	95.93	41	51.48
595	135.79	43.47	41	66.91
596	85.61	22.2	41	79.12
597	42.37	101.85	42	57.66
598	79.44	31.97	41	71.07
599	9.6	159.84	40	108.41
600	169.36	42.57	40	90.05
601	118.36	197.27	40	98.99
602	3.85	38.08	43	114.36
603	191.81	192.26	40	130.16
604	25.66	30.67	40	101.65
605	60.43	43	41	69.39
Drivers: 10
id	x	y	end	sensitivity
441	186.72	105.41	42	1.04
442	189.31	65.28	42	1.5
443	190.97	112.1	42	1.57
444	78.61	67.82	43	1.41
445	176.83	178.97	43	0.9
446	57.27	57.07	42	1.74
447	170.42	103.82	40	1.49
448	1.55	29.04	40	0.79
449	128.49	113.74	42	1.22
450	37.23	3.07	42	1.24
Period: 41
Tasks:21
id	x	y	end	c
606	44.02	195.54	42	110.73
607	181.63	114.97	43	82.99
608	54.6	171.82	42	84.97
609	39.99	108.9	42	60.67
610	181.47	40.83	42	100.69
611	150.81	36.76	41	81.12
612	156.48	52.88	41	73.55
613	131.59	41.55	42	66.44
614	30.75	19.59	42	106.12
615	176.34	185.51	44	114.63
616	87.59	190.9	41	91.74
617	3.65	110.89	42	96.96
618	44.69	122.23	44	59.61
619	40.23	125.87	41	65.13
620	6.09	60.13	42	102.02
621	80.84	198.45	43	100.3
622	101.4	58.71	42	41.31
623	161.79	60.6	41	73.28
624	144.55	30.68	42	82.4
625	65.15	167.25	43	75.74
626	129.55	91.73	41	30.69
Drivers: 13
id	x	y	end	sensitivity
451	68.02	32.39	46	0.89
452	78.82	17.03	42	0.68
453	75.95	56.35	43	1.1
454	60.62	153.22	43	0.99
455	129.44	56.55	42	0.58
456	87.21	59.13	42	0.9
457	173.13	13.54	43	0.95
458	31.44	27.46	42	1.51
459	29.83	158.49	43	0.95
460	71.28	33.37	42	1.44
461	99.14	71.63	42	0.73
462	104.74	194.32	42	1.65
463	33.42	105.82	41	0.82
Period: 42
Tasks:13
id	x	y	end	c
627	42.39	54.9	43	73.16
628	116.92	47.31	42	55.34
629	74.59	93.28	42	26.28
630	7	64.07	43	99.7
631	129.39	90.39	42	30.92
632	18.87	88.87	44	81.89
633	32.14	119.34	42	70.56
634	145.71	117.79	42	49.05
635	5.67	11.72	43	129.2
636	138.56	27.51	43	82.11
637	97.2	56.15	43	43.94
638	57.83	129.45	43	51.44
639	61.67	56.68	44	57.84
Drivers: 10
id	x	y	end	sensitivity
464	168.42	126.69	42	0.79
465	12.56	149.17	43	1.19
466	114.77	85.55	43	1.52
467	65.47	116.65	42	1.13
468	72.28	23.12	44	1.15
469	141.75	150.17	43	1.21
470	121.54	12.73	44	0.97
471	132.9	16.1	47	1.65
472	98.87	115.37	42	1.74
473	90.64	46.5	47	1.14
Period: 43
Tasks:25
id	x	y	end	c
640	96.4	71.68	44	28.55
641	175.96	38.78	43	97.56
642	58.15	102.64	44	41.93
643	121.57	15.78	46	86.94
644	7.78	111.16	45	92.89
645	134.43	187.65	45	94.17
646	92.2	29.7	44	70.73
647	186.65	10.6	45	124.5
648	161.44	30.69	45	92.62
649	62.02	64.11	44	52.25
650	51.24	120.86	43	53.03
651	81.11	124.59	46	31.01
652	40.2	54.38	45	75.21
653	58.53	77.84	44	47.02
654	77.74	140.74	45	46.42
655	134.3	53.95	44	57.42
656	141.5	26.81	43	84.14
657	60.22	36.9	44	74.59
658	45.75	86.75	45	55.84
659	9.56	65.39	44	96.84
660	63.33	20.4	43	87.64
661	161.04	78.13	43	64.84
662	29.41	45.08	43	89.44
663	69.42	158.93	43	66.39
664	55.13	180.59	43	92.24
Drivers: 7
id	x	y	end	sensitivity
474	111.42	168.48	46	1.77
475	22.91	104.41	45	1.66
476	13.81	35.85	47	1.05
477	199.02	113.19	46	1.92
478	72.79	6.24	46	1.95
479	27.68	193.09	44	1.99
480	22.16	57.11	45	0.79
Period: 44
Tasks:17
id	x	y	end	c
665	142.04	18.72	44	91.51
666	187.31	50.84	45	100.2
667	58.16	10.8	44	98.53
668	69.66	38.65	45	68.44
669	5.04	151.22	44	107.89
670	167.5	56.76	44	80.16
671	168.99	78.91	45	72.14
672	7.78	186.97	44	126.76
673	38.72	49	45	79.73
674	89.44	160.51	44	61.42
675	57.84	0.46	46	108.1
676	12.7	42.81	45	104.36
677	199.85	19.89	45	128.01
678	87.22	17.09	45	83.89
679	139	113.52	46	41.28
680	14.87	27.59	45	111.76
681	0.94	99.75	45	99.06
Drivers: 9
id	x	y	end	sensitivity
481	110.33	96.9	44	1.87
482	75.8	36.98	45	0.69
483	171.38	128.33	46	1.9
484	137.38	167.04	46	1.29
485	29.08	184.88	44	1.4
486	34.36	23.02	45	1.13
487	127.8	108.75	48	0.56
488	116.41	116.99	45	1.2
489	174.09	175.89	45	1.51
Period: 45
Tasks:11
id	x	y	end	c
682	22.31	181.64	47	112.7
683	179.27	37.5	46	100.95
684	117.61	123.47	48	29.34
685	143.47	53.14	48	63.92
686	94.61	118.78	45	19.54
687	155.9	64.12	47	66.42
688	8.1	133.67	45	97.87
689	71.78	59.82	46	49.1
690	78.14	2.76	45	99.67
691	12.66	189.48	46	125.04
692	61.01	25.12	48	84.42
Drivers: 9
id	x	y	end	sensitivity
490	71.2	120.05	45	1.01
491	159.95	159.81	49	1.08
492	161.79	48.27	49	1.94
493	188.73	136.33	49	1.09
494	175.62	108.49	50	0.66
495	155.01	108.13	46	0.93
496	48.75	48.76	46	1.24
497	30.27	166.16	46	1.47
498	124.62	60.71	46	0.79
Period: 46
Tasks:9
id	x	y	end	c
693	77.11	157.62	49	62
694	196	87.45	47	96.82
695	168.28	7.37	46	115.08
696	12.7	95.03	46	87.44
697	140.26	10.26	47	98.36
698	152.2	173.3	46	89.99
699	37.63	10.61	48	109
700	163.7	194.32	49	113.82
701	61.06	91.93	46	39.77
Drivers: 8
id	x	y	end	sensitivity
499	101.51	93.66	46	1.2
500	148.8	66.26	46	0.73
501	139.19	37.95	51	1.77
502	14.59	167.4	50	1.55
503	25.89	47.72	48	1.45
504	56.8	145.41	50	1.5
505	116.27	76.04	48	0.93
506	14.93	72.61	49	1.91
Period: 47
Tasks:12
id	x	y	end	c
702	45.37	187.16	49	102.87
703	168.71	180.01	50	105.46
704	74.45	71.53	49	38.25
705	83.13	154.46	50	57.01
706	190.04	120.93	49	92.44
707	199.41	48.51	48	111.95
708	75.11	8.72	49	94.61
709	118.83	17.91	48	84.22
710	59.92	112.72	48	42.05
711	140.22	53.96	49	61.13
712	129.79	67.59	49	44.02
713	53.82	167.84	48	82.07
Drivers: 8
id	x	y	end	sensitivity
507	65.01	125.62	47	1.26
508	135.16	134.27	50	1.83
509	100.6	159.48	51	1.68
510	129.34	59.59	48	1.92
511	137.44	193.88	47	1.66
512	123.94	14.14	47	0.81
513	98.41	18.16	47	1.64
514	64.58	97.32	49	0.64
Period: 48
Tasks:20
id	x	y	end	c
714	49.35	66.17	49	60.91
715	10.91	45.42	49	104.48
716	196.36	166.48	48	117.07
717	116.98	128.45	49	33.13
718	2.71	17.2	49	127.75
719	132.04	192.88	48	98.25
720	174.25	43.54	48	93.28
721	35.61	84.04	48	66.34
722	135.52	58.52	49	54.61
723	59.35	63.67	50	54.52
724	25.77	164.15	49	98.11
725	123.12	109.74	48	25.09
726	178.98	86.3	50	80.16
727	113.11	159.04	51	60.48
728	156.12	181.99	48	99.36
729	138.07	23.14	50	85.77
730	73.94	159.09	49	64.58
731	140.4	176.71	50	86.7
732	41.61	137.31	49	69.29
733	29.47	79.89	50	73.34
Drivers: 9
id	x	y	end	sensitivity
515	129.34	123.3	49	0.68
516	16.82	123.1	51	1.11
517	91.33	139.74	51	1.84
518	115.56	56.86	50	1.31
519	137.39	56.15	51	0.82
520	160.11	94.83	51	1.26
521	1.37	73.11	49	1.21
522	165.38	144.48	52	1.88
523	199	112.43	51	1.24
Period: 49
Tasks:13
id	x	y	end	c
734	138.62	61.78	50	54.33
735	157.9	155.68	49	80.33
736	39.42	41.84	52	83.98
737	188.15	48.75	50	101.97
738	56.06	131.32	50	53.96
739	41.48	29.26	52	91.81
740	67.94	127.17	50	42.02
741	109.93	149.29	50	50.28
742	123.12	54.21	49	51.3
743	23.69	169.78	50	103.4
744	30.41	157.92	50	90.54
745	165.7	125	50	70.3
746	67.49	28.21	52	78.81
Drivers: 10
id	x	y	end	sensitivity
524	63.93	116.09	50	0.52
525	123.22	57.26	55	1.54
526	94.3	113.94	52	0.75
527	196.34	193.7	50	1.7
528	192.89	42.49	52	0.96
529	164.37	120.28	52	1.91
530	74.88	193.99	49	1.92
531	45.9	23.37	51	1.14
532	83.12	21.54	50	1.72
533	65.35	170.11	51	0.8
Period: 50
Tasks:19
id	x	y	end	c
747	196.46	117.42	50	98.02
748	26.61	51.35	51	88.05
749	62.83	84.76	51	40.17
750	143.56	190.86	50	100.76
751	186.72	168.88	53	110.75
752	21.26	135.72	51	86.46
753	167.89	135.45	51	76.59
754	68.14	53.7	50	56.2
755	176.54	74.29	50	80.74
756	175.89	14.14	51	114.59
757	86.99	90.81	53	15.93
758	71.96	186.63	50	91.05
759	74.12	1.79	51	101.56
760	25.46	110.96	52	75.34
761	135.44	188.67	50	95.49
762	118.09	179.63	51	81.66
763	182.56	25.67	51	111.09
764	142.85	106.95	50	43.41
765	193.91	76.43	50	96.82
Drivers: 13
id	x	y	end	sensitivity
534	141.96	189.46	52	1.93
535	32.78	87.43	52	1.09
536	19.95	134.08	50	1.66
537	162.93	121.52	53	1.66
538	160.23	30.01	50	2
539	165.25	157.94	50	0.96
540	61.11	16.62	51	0.94
541	150.47	20.26	52	1.49
542	193.67	110.01	52	0.7
543	194.89	155.93	53	0.87
544	165.67	148.82	50	0.96
545	32.64	121.46	51	0.84
546	167.19	195.64	54	1.12
Period: 51
Tasks:23
id	x	y	end	c
766	184.95	119.35	53	87.13
767	69.55	65.03	53	46.37
768	157.79	157.49	51	81.52
769	20.36	22.04	52	111.45
770	180.36	54.51	55	92.34
771	111.2	16.75	51	84
772	124.5	171.23	51	75.33
773	105.3	83.29	51	17.53
774	69.38	136.58	51	47.7
775	37.35	42.85	54	84.8
776	136.05	108.84	51	37.12
777	71.79	153.19	52	60.21
778	17.54	141.08	53	92.13
779	87.53	162.85	51	64.08
780	97.91	106.02	52	6.37
781	27.61	140.7	51	83.05
782	196.06	176.73	53	122.94
783	33.33	172.16	51	98.24
784	28.23	70.15	52	77.73
785	108.69	47.52	52	53.19
786	81.23	20.38	52	81.8
787	27.81	43.08	51	91.93
788	8.01	93.84	51	92.2
Drivers: 8
id	x	y	end	sensitivity
547	33.75	162.51	53	0.79
548	10.44	130.54	53	0.69
549	126.97	155.63	52	1.86
550	163.49	56.47	56	1.2
551	105.8	35.02	51	1.79
552	17.45	145.64	52	1.89
553	165.05	134.88	51	0.97
554	170.45	162.31	56	1.95
Period: 52
Tasks:14
id	x	y	end	c
789	83.62	5.76	53	95.65
790	189.42	112.95	53	90.35
791	96.55	125.67	54	25.9
792	111.61	5.53	52	95.18
793	33.18	150.94	53	84.02
794	155.18	188.3	52	104.12
795	40.82	22.03	52	97.89
796	27.98	124.73	54	76.15
797	131.97	138.19	53	49.81
798	189.43	77.86	55	92.13
799	105.12	194.36	53	94.5
800	91.34	51.51	55	49.26
801	50.94	138.22	55	62.19
802	150.92	199.35	53	111.64
Drivers: 18
id	x	y	end	sensitivity
555	81.09	120.53	55	1.52
556	31.38	36.22	54	1.35
557	3.17	28.18	52	1.77
558	34.13	169.25	53	1.33
559	56.66	73.45	53	1.05
560	198.97	12.65	52	0.56
561	167.8	160.81	54	1.26
562	26.56	42.04	55	0.66
563	42.9	188.72	52	0.66
564	32.28	38.8	53	1.75
565	135.91	68.08	55	1.79
566	39.38	199.97	55	1.85
567	140.02	30.73	53	1.67
568	0.04	116.09	52	1.84
569	149.12	19.23	54	1.6
570	111.59	171.04	53	1.09
571	116.4	105.91	55	1.52
572	194.46	57.96	57	1.18
Period: 53
Tasks:19
id	x	y	end	c
803	33.45	14.97	53	107.98
804	190.25	185.74	56	124.48
805	39.7	105.35	54	60.54
806	86.18	174.75	54	76.02
807	100.92	121.53	54	21.55
808	48.53	102.74	53	51.54
809	171.83	198.74	53	122.1
810	96.15	88.91	56	11.74
811	165.44	61.02	53	76.17
812	50.36	20.51	53	93.72
813	159.62	40.74	53	84.06
814	29.26	60.26	55	81.14
815	120.21	10.91	53	91.35
816	189.83	100.59	54	89.83
817	169.75	28.34	54	100
818	44.94	97.78	53	55.1
819	64.96	135.69	55	50.02
820	0.35	118.13	54	101.29
821	65.56	33.71	56	74.7
Drivers: 5
id	x	y	end	sensitivity
573	30.15	88.7	54	1.84
574	172.68	76.97	56	1.61
575	88.46	105.83	55	1.21
576	108.73	133.69	54	1.67
577	17.86	125.68	56	1.82
Period: 54
Tasks:12
id	x	y	end	c
822	118.73	48.54	55	54.76
823	94.29	66.98	55	33.51
824	95.72	47.35	56	52.82
825	21.38	51.44	54	92.41
826	64.9	180.33	56	87.66
827	76.41	55.95	55	49.97
828	11.72	23.6	54	116.75
829	173.77	21.5	56	107.72
830	131.78	131.37	56	44.65
831	176.66	92.51	54	77.03
832	196.17	73.21	56	99.83
833	103.82	46.29	54	53.85
Drivers: 6
id	x	y	end	sensitivity
578	5.89	197.85	55	1
579	89.48	86.63	55	1.26
580	30.5	183.12	57	0.9
581	65.42	138.71	56	1.11
582	105.26	174.34	58	1.33
583	184.54	144.05	56	0.73
Period: 55
Tasks:17
id	x	y	end	c
834	163.14	62.3	55	73.54
835	144.56	119.83	56	48.77
836	7.27	77.35	56	95.46
837	113.01	172.24	56	73.4
838	132.02	74.98	58	40.64
839	136.33	124.93	57	44.06
840	99.11	143.41	56	43.42
841	55.55	13.85	58	96.94
842	186.2	179.5	55	117.26
843	49.14	171.7	55	87.91
844	89.75	163.43	55	64.25
845	79.11	164.19	56	67.5
846	142.1	20.64	56	89.84
847	89.99	28.55	57	72.15
848	50.12	107.56	56	50.45
849	109.53	171.3	57	71.93
850	95.56	38.22	57	61.94
Drivers: 8
id	x	y	end	sensitivity
584	51.1	167.36	57	0.58
585	44.71	15.72	62	0.68
586	137.85	25.23	59	0.83
587	66.69	65.96	55	1.08
588	35.92	195.72	55	1.64
589	83.01	46.68	58	1.81
590	126.29	107.42	59	1.11
591	75.88	134.09	56	1.97
Period: 56
Tasks:14
id	x	y	end	c
851	106.31	156.66	56	57.01
852	171.56	159.77	57	93.24
853	147.37	44.93	56	72.64
854	174.99	131.63	56	81.39
855	186.65	80.72	58	88.77
856	105.97	90.26	57	11.42
857	37.04	171.6	59	95.34
858	134.45	194.6	56	100.68
859	187.91	158.83	58	105.78
860	181.39	100.8	56	81.39
861	77.2	91.84	56	24.22
862	100.14	24.41	58	75.59
863	166.8	153.74	56	85.73
864	120.93	131.31	57	37.66
Drivers: 9
id	x	y	end	sensitivity
592	28.11	195.8	57	0.66
593	92.68	91.71	56	1.54
594	174.1	135.38	60	1.85
595	196.98	145.72	58	0.67
596	185.98	88.47	56	0.82
597	65.83	12.98	58	0.53
598	97.76	50.47	59	1.57
599	47.47	111.71	57	0.82
600	134.02	41.29	58	0.69
Period: 57
Tasks:15
id	x	y	end	c
865	51.38	13.95	59	98.84
866	145.1	80.21	59	49.25
867	180.28	39.67	58	100.42
868	120.72	55.25	58	49.31
869	70.69	182.39	58	87.45
870	60.45	126.87	59	47.81
871	61.79	31.96	58	78.03
872	1.17	52.45	57	109.67
873	111.25	101.61	57	11.36
874	165.48	66.55	57	73.53
875	24.07	146.05	57	88.8
876	111.5	161.5	58	62.57
877	119.52	77.62	57	29.7
878	102.18	106.49	57	6.85
879	1.19	190.96	60	134.3
Drivers: 12
id	x	y	end	sensitivity
601	25.77	151.9	58	1.22
602	58.12	28.42	59	1.97
603	50.96	40.37	58	1.64
604	199.21	39.53	59	1.18
605	143.05	170.27	59	0.78
606	73.2	147.47	59	0.94
607	28.99	128.39	58	1.46
608	61.26	119.33	59	1.38
609	76.39	0.53	60	1.48
610	50.01	40.47	60	0.88
611	151.82	30.47	58	1.01
612	150.79	184.71	57	0.8
Period: 58
Tasks:18
id	x	y	end	c
880	29.19	136.52	58	79.67
881	85.11	181.14	59	82.49
882	119.52	16.5	59	85.75
883	140.6	192.47	58	100.99
884	34.85	171.84	60	96.98
885	116.28	167.13	59	69.08
886	136.34	23.9	60	84.33
887	112.3	161.61	60	62.83
888	151.14	135.48	59	62.24
889	137.27	184.51	59	92.36
890	176.23	101.02	58	76.24
891	25.75	72.7	59	79.11
892	77.36	153.53	59	58.12
893	26.4	100.08	60	73.6
894	148.74	41.14	58	76.42
895	19.15	118.92	60	83.03
896	176.15	97.58	58	76.19
897	169.7	150.96	59	86.34
Drivers: 12
id	x	y	end	sensitivity
613	169.73	156.61	61	1.24
614	73.09	198.25	58	1.5
615	183.9	138.93	60	1.83
616	27.9	119.49	60	1.98
617	95.86	11.81	58	1.66
618	95.92	183.2	62	1.24
619	170.05	87.55	62	0.93
620	40.96	145.35	58	1.63
621	120.42	21.3	59	0.89
622	77.44	170.89	59	0.91
623	16.88	118.34	60	1.69
624	125.23	21.89	60	1.39
Period: 59
Tasks:13
id	x	y	end	c
898	16.66	62.18	61	91.52
899	101.39	134.64	61	34.67
900	100.45	175.35	60	75.35
901	20.26	90.41	59	80.31
902	178.07	49.79	60	92.82
903	105.11	147.95	61	48.22
904	35.99	125.09	60	68.75
905	110.89	126.02	60	28.21
906	198.45	17.21	61	128.63
907	184.56	83.04	60	86.24
908	132.87	182.73	59	89.02
909	154.39	48.09	60	75.19
910	101.75	161.83	59	61.85
Drivers: 8
id	x	y	end	sensitivity
625	199.07	169.88	62	1.47
626	12.19	75.29	62	0.54
627	161.21	177.49	61	1.49
628	198.4	133.13	65	0.67
629	32.88	182.37	61	0.81
630	5.34	51.64	60	1
631	63.87	100	61	1.83
632	136.74	161.93	61	1.97
Period: 60
Tasks:14
id	x	y	end	c
911	9.28	14.01	61	125
912	50.5	158.1	61	76.33
913	38.96	119.53	60	64.09
914	45.49	88.39	60	55.73
915	102.41	162.74	60	62.79
916	57.49	0.77	60	107.95
917	179.83	4.81	61	124.23
918	99	95.79	60	4.33
919	100.46	171.49	63	71.49
920	22.33	46.47	63	94.33
921	94.75	112.78	62	13.82
922	91.47	176.32	60	76.8
923	92.24	89.98	61	12.67
924	84.68	195.99	61	97.2
Drivers: 10
id	x	y	end	sensitivity
633	87.54	69.66	62	0.75
634	79.8	73.43	62	1.15
635	135.59	103.76	60	1.03
636	92.53	65.85	63	0.95
637	27.32	101.15	61	0.5
638	172.24	174.77	64	1.12
639	178.63	14.84	64	1.81
640	88.32	112.11	60	0.82
641	179.42	22.16	63	1.32
642	106.67	141.02	61	0.81
Period: 61
Tasks:12
id	x	y	end	c
925	37.79	156.96	62	84.35
926	73.39	172.74	61	77.45
927	169.77	135.41	62	78.24
928	73.66	159.14	61	64.74
929	79.4	55.69	62	48.86
930	198.88	64.61	61	105.02
931	124.72	161.23	61	66.03
932	143.8	198.58	61	107.87
933	9.3	168.86	62	113.88
934	122.76	137	62	43.44
935	88.54	119.53	62	22.64
936	110.29	6.64	62	93.93
Drivers: 9
id	x	y	end	sensitivity
643	166.32	23.92	62	0.78
644	135.99	36.09	62	1.63
645	159.14	168.46	65	1.52
646	150.73	170.45	62	1.25
647	145.52	71.97	62	1.87
648	97.63	84.68	62	1.16
649	197.76	98.04	62	1.03
650	100.8	102.35	62	1.18
651	148.54	136.73	64	0.85
Period: 62
Tasks:12
id	x	y	end	c
937	144.78	46.91	62	69.45
938	81.63	169.92	64	72.29
939	85.23	168.59	63	70.16
940	77.76	23.37	62	79.79
941	71	44.08	62	62.99
942	97.08	93.78	63	6.87
943	103.47	71.93	64	28.28
944	61.72	95.23	63	38.58
945	103.58	98.22	63	4
946	197.22	147.67	63	108.28
947	128.14	74.5	64	37.98
948	138.03	139.04	66	54.5
Drivers: 9
id	x	y	end	sensitivity
652	80.19	68.72	63	1.64
653	1.85	137.57	62	1.54
654	36.52	139.36	63	1.39
655	111.23	121.52	63	0.83
656	64.14	47.31	62	1.55
657	193.8	137.62	64	0.85
658	156.84	65.16	63	1.57
659	178.05	84.88	65	0.72
660	158.58	173.38	63	1.5
Period: 63
Tasks:9
id	x	y	end	c
949	174.1	120.6	65	76.91
950	89.52	164.7	64	65.54
951	160.38	47.97	64	79.7
952	186.97	19.22	64	118.7
953	169.06	145.74	67	82.83
954	118.99	35.93	63	66.83
955	20.93	13.39	64	117.27
956	87.65	99.8	64	12.35
957	109.19	125.58	64	27.18
Drivers: 13
id	x	y	end	sensitivity
661	36.98	49.64	68	1.01
662	160.67	162.45	63	1.3
663	52.83	195.34	65	1.66
664	35.62	89.23	66	0.79
665	195.54	23.04	66	1.45
666	87.08	116.26	63	2
667	73.56	136.59	63	1.03
668	41.34	40.35	67	1.79
669	139.62	58.48	63	1.8
670	60.32	9.35	64	0.82
671	72.87	28.12	64	1.69
672	90.87	115.32	65	0.72
673	102.33	6.11	66	1.89
Period: 64
Tasks:9
id	x	y	end	c
958	140.1	104.46	65	40.35
959	84.76	189.7	65	90.99
960	8.93	142.96	64	100.69
961	101.79	150.88	64	50.91
962	8.71	5.4	64	131.46
963	69.73	146.12	67	55.17
964	58.89	119.52	64	45.51
965	25.3	36.05	65	98.33
966	149.9	40.74	64	77.47
Drivers: 10
id	x	y	end	sensitivity
674	195.63	60.73	65	1.56
675	44.13	171.07	66	0.52
676	4.47	134.27	65	1.12
677	39.93	74.05	65	0.73
678	97.49	163	67	1.27
679	73.18	10.24	66	1.13
680	99.72	82.76	65	0.98
681	195.54	17.02	69	1.94
682	82.38	168.43	68	0.81
683	147.84	60.91	66	1.99
Period: 65
Tasks:13
id	x	y	end	c
967	19.92	194.48	66	123.85
968	14.24	193.6	65	126.95
969	59.46	122.7	66	46.46
970	116.68	175.65	67	77.47
971	113.69	130.54	66	33.47
972	167.1	143.26	66	79.84
973	181.68	84.07	66	83.22
974	169.9	109.18	65	70.5
975	130.36	105.14	66	30.79
976	88.04	14.9	66	85.94
977	99.52	69.62	65	30.38
978	42.29	175.5	66	95.03
979	164.92	46.95	66	83.84
Drivers: 6
id	x	y	end	sensitivity
684	126.86	14.14	68	1.35
685	178.56	68.86	67	1.15
686	138.18	53.04	65	1.17
687	78.32	173.45	68	1.22
688	82.44	67.69	67	1.98
689	87.41	135.02	67	1.4
Period: 66
Tasks:24
id	x	y	end	c
980	146.5	166.81	68	81.4
981	58.55	139.04	68	56.94
982	23.37	114.72	67	78.03
983	148.9	47.54	67	71.72
984	30.55	125.11	66	73.85
985	65.15	179.54	66	86.84
986	180.47	93.87	67	80.7
987	0.82	32.59	68	119.92
988	50.71	80.48	67	53.01
989	106.53	132.96	67	33.6
990	43.07	62.97	68	67.91
991	177.94	160.27	66	98.52
992	163.36	179.77	66	101.87
993	54.65	24.35	67	88.2
994	79.72	177.84	67	80.44
995	115.91	199.57	66	100.83
996	143.6	61.84	69	57.94
997	187.11	3.83	67	129.76
998	123.92	189.3	69	92.45
999	170.37	98.32	69	70.39
1000	117	105.42	66	17.84
1001	120.21	97.99	66	20.31
1002	81.28	43.27	66	59.74
1003	89.5	165.52	69	66.36
Drivers: 10
id	x	y	end	sensitivity
690	54.13	179.83	69	1.39
691	100.39	51.67	69	0.92
692	142.12	61.34	69	1.86
693	13.51	149.13	66	1.06
694	165.38	19.39	68	0.71
695	126.57	48.32	66	0.56
696	117.87	128.13	66	1.79
697	101.55	199.91	70	1.53
698	55	141.59	68	0.99
699	79.73	22.99	71	1.89
Period: 67
Tasks:12
id	x	y	end	c
1004	62.18	121.26	67	43.39
1005	73.97	43.77	68	61.96
1006	148.67	160.19	67	77.41
1007	26.15	75.64	72	77.76
1008	184.99	39.55	69	104.3
1009	34.93	178.86	67	102.24
1010	124.85	45.55	70	59.85
1011	119.09	16.83	68	85.33
1012	142.59	27.88	67	83.76
1013	9.66	43.2	67	106.71
1014	0.46	23.64	68	125.46
1015	56.61	171.25	68	83.42
Drivers: 14
id	x	y	end	sensitivity
700	166	66.52	75	0.72
701	19.97	180.18	69	1.17
702	140.96	67.37	67	0.72
703	44.95	103.98	68	1.79
704	160.48	21.56	70	1.64
705	41.55	85.64	67	1.35
706	94.91	83.57	70	0.75
707	6.44	173.47	70	1.06
708	142.17	131.42	67	1.41
709	82.25	84.29	67	1.83
710	111.4	26.38	68	1.55
711	81.19	84.23	67	1.26
712	11.9	3.04	68	1.87
713	149.64	33.3	69	0.98
Period: 68
Tasks:25
id	x	y	end	c
1016	141.31	13.29	69	96.05
1017	182.72	6.7	69	124.69
1018	16.02	149.58	68	97.52
1019	107.35	128.01	69	28.96
1020	46.97	185.16	68	100.32
1021	12.75	158.54	70	105.07
1022	186.4	94.88	69	86.55
1023	130.52	199.11	68	103.7
1024	156.04	179.09	69	96.93
1025	2.6	183.46	68	128.27
1026	34.78	143.18	70	78.22
1027	99.09	55.07	68	44.94
1028	94.99	108.17	71	9.58
1029	13.75	59.8	69	95.16
1030	37.81	52.49	68	78.26
1031	199.76	3.66	70	138.68
1032	142.06	7.65	70	101.48
1033	187.25	193.11	69	127.6
1034	166.17	142.62	68	78.71
1035	112.43	78.36	69	24.96
1036	178.68	131.07	72	84.59
1037	12.29	6.8	70	127.98
1038	9.95	14.82	68	123.95
1039	142.11	61.55	69	57.02
1040	191.66	51.91	70	103.51
Drivers: 18
id	x	y	end	sensitivity
714	141.84	53.96	72	1.1
715	175.52	178.2	71	1.19
716	177.89	116.59	70	1.37
717	134.17	115	70	0.58
718	106.09	129.67	69	0.83
719	192.04	80.22	70	1.2
720	80.57	28.32	70	1.38
721	158.02	60.65	70	0.59
722	18.45	7.32	69	0.69
723	106.01	186.66	69	1.7
724	168.5	193.69	68	0.56
725	187.91	62.77	69	1.07
726	191.06	112.01	71	1.95
727	117.41	32.41	69	0.69
728	163.52	18.17	68	1.97
729	49.95	63.14	69	1.97
730	23.57	4.96	70	1.76
731	111.13	45.17	73	0.86
Period: 69
Tasks:15
id	x	y	end	c
1041	158.11	105.5	69	58.37
1042	157.06	127.3	71	63.25
1043	188.41	111.75	70	89.19
1044	128.83	113.01	70	31.63
1045	47.11	42.35	69	78.24
1046	134.5	126.24	69	43.34
1047	175.12	159.46	69	95.8
1048	94.75	7.09	69	93.06
1049	123.52	98.57	71	23.56
1050	90.81	10.88	72	89.59
1051	166.95	41.06	69	89.2
1052	140.16	32.98	71	78.13
1053	70.56	60.27	70	49.45
1054	24.63	76.54	70	78.94
1055	119.08	67.41	70	37.76
Drivers: 10
id	x	y	end	sensitivity
732	28.98	166.48	72	0.88
733	181.79	143.01	71	2
734	62.06	52.79	75	0.9
735	161.36	58.21	72	1.94
736	94.68	27.3	71	1.54
737	30.48	30.98	70	1.93
738	82.58	144.71	71	0.78
739	18.04	94.31	69	1.99
740	118.69	40.18	71	1.04
741	87.77	64.59	70	0.54
Period: 70
Tasks:10
id	x	y	end	c
1056	96.35	135.7	70	35.89
1057	148.87	140.79	70	63.66
1058	72.94	5.44	71	98.36
1059	67.3	22.21	71	84.38
1060	153.87	106.55	70	54.27
1061	171.3	173.35	71	102.29
1062	2.72	109.49	71	97.74
1063	166.21	38.15	71	90.6
1064	65.29	131.59	72	46.93
1065	79.56	42.51	70	61.02
Drivers: 14
id	x	y	end	sensitivity
742	199	164.74	71	1.79
743	142.86	21.5	74	1.65
744	150.13	96.26	72	0.7
745	111.08	107.8	71	1.56
746	67.28	82.57	71	1.47
747	141.96	43.34	73	1.31
748	49.17	174.72	71	0.97
749	134.1	151.41	72	1.98
750	61.55	81.94	71	0.9
751	17.49	25.89	72	1.99
752	29.27	3.99	73	0.99
753	3.69	4.42	72	1.69
754	62.6	163.6	72	1.45
755	70.57	47.37	73	1.09
Period: 71
Tasks:17
id	x	y	end	c
1066	100.49	107.47	72	7.49
1067	116.75	171.71	73	73.64
1068	116	67.19	73	36.5
1069	147.04	157.88	71	74.58
1070	71.53	38.3	72	67.95
1071	24.1	50.19	71	90.78
1072	153.08	15.74	72	99.59
1073	111.98	1.92	72	98.81
1074	126.47	6.33	71	97.34
1075	154.65	87.79	72	56
1076	94.22	119.17	71	20.02
1077	64.39	107.68	72	36.43
1078	54.06	160.45	71	75.93
1079	52.72	199.89	72	110.51
1080	26.05	18.67	75	109.92
1081	37.39	115.8	71	64.57
1082	198.11	197.73	71	138.48
Drivers: 15
id	x	y	end	sensitivity
756	159.09	110.4	72	0.55
757	146.76	152.81	75	1.75
758	34.73	143.17	74	1.36
759	32.88	152.3	74	1.59
760	153.02	115.58	73	1.81
761	189.07	145.51	75	0.92
762	1.99	67.76	73	1.85
763	23.48	77.36	72	0.65
764	67.86	160.31	74	0.66
765	77.84	162.87	71	1
766	96.02	178.1	73	0.9
767	78.44	0.45	74	1.33
768	198.42	93.09	73	1.03
769	189.48	88.03	72	0.99
770	194.01	42.47	72	1.1
Period: 72
Tasks:12
id	x	y	end	c
1083	36.47	102.68	72	63.59
1084	133.56	38.72	72	69.87
1085	137.54	146.23	74	59.55
1086	19.27	195.73	72	125.23
1087	35.68	120.15	72	67.4
1088	14.75	74.35	73	89.03
1089	144.36	68.73	72	54.27
1090	96.39	196.04	74	96.11
1091	137.76	149.82	73	62.51
1092	140.16	151.06	73	64.96
1093	88.37	186.34	73	87.12
1094	89.31	33.75	72	67.11
Drivers: 7
id	x	y	end	sensitivity
771	70.81	40.54	73	1.47
772	98.9	148.83	73	0.92
773	3.82	171.13	73	1.27
774	81.93	95.92	73	0.92
775	113.51	170.17	74	1.11
776	141.53	119.12	73	0.8
777	114.34	21.22	73	0.68
Period: 73
Tasks:14
id	x	y	end	c
1095	183.99	36.54	73	105.27
1096	0.32	157.85	73	115.25
1097	189.03	78.43	74	91.61
1098	80.49	31.28	74	71.44
1099	136.62	136.96	73	52.03
1100	164.37	124.66	73	68.93
1101	89.26	70.14	75	31.73
1102	43.34	51.9	74	74.32
1103	23.69	195.03	75	121.88
1104	178.59	78.3	74	81.53
1105	47.26	66.66	74	62.39
1106	89.33	82.15	76	20.8
1107	142.55	33.02	76	79.35
1108	17.94	93.84	73	82.29
Drivers: 8
id	x	y	end	sensitivity
778	183.36	183.17	75	1.21
779	2.05	149.83	75	0.75
780	7.54	192.53	76	1.9
781	48.93	112.24	75	1.4
782	137.8	31.79	75	1.56
783	69.64	116.97	74	0.97
784	150.54	43.53	73	1.67
785	194.78	120.21	74	1.11
Period: 74
Tasks:14
id	x	y	end	c
1109	115.8	107.05	76	17.3
1110	21.97	104.2	76	78.14
1111	159.65	11.13	74	107.03
1112	125.01	129.36	75	38.57
1113	29.22	81.6	74	73.13
1114	156.54	100.81	74	56.55
1115	60.44	151.99	74	65.33
1116	45	39.77	75	81.56
1117	104.1	131.49	75	31.76
1118	64.1	71.16	74	46.05
1119	129.07	45.42	74	61.84
1120	77.74	113.28	75	25.92
1121	144.1	106	75	44.51
1122	0.85	106.87	74	99.39
Drivers: 12
id	x	y	end	sensitivity
786	146.18	179.6	75	1.47
787	26.39	172.93	78	1.15
788	158.04	36.36	75	1.05
789	12.88	60.77	77	0.87
790	91.8	17.28	75	1.42
791	193.56	46.75	77	1.9
792	61.97	176.39	78	1.68
793	174.79	133.11	77	0.92
794	192.01	178.82	76	0.81
795	144.44	6.33	75	1.67
796	127.07	56.58	75	1.03
797	39.59	52.3	76	1.45
Period: 75
Tasks:10
id	x	y	end	c
1123	177.82	6.9	76	121.34
1124	98.03	11.27	76	88.75
1125	2.46	158.64	76	113.81
1126	54.87	130.57	75	54.51
1127	58.81	188.5	78	97.62
1128	187.45	163.31	77	107.96
1129	100.94	131.82	77	31.83
1130	82.25	145.48	77	48.82
1131	159.3	139.74	76	71.38
1132	39.36	17.67	77	102.25
Drivers: 12
id	x	y	end	sensitivity
798	9.48	115.73	76	1.65
799	180.08	56.44	79	1.11
800	73.97	60.93	76	1.42
801	179.42	89.85	76	1.36
802	193.35	164.77	77	1.29
803	156.88	62.03	79	1.39
804	36.47	43.83	79	1.03
805	195.5	139.1	77	1.52
806	116.63	23.59	78	0.7
807	135.34	106.33	78	1.62
808	109.79	2.34	78	1.35
809	110.74	178.09	78	1.24
Period: 76
Tasks:14
id	x	y	end	c
1133	138.37	74.37	77	46.14
1134	67.04	107.35	76	33.77
1135	116.37	0.24	77	101.09
1136	153.89	123.71	76	58.88
1137	158.52	111.9	77	59.72
1138	186.61	111.23	79	87.34
1139	18.18	93.58	77	82.07
1140	117.91	166.81	76	69.17
1141	196.2	38.02	76	114.44
1142	121.53	93.01	77	22.64
1143	49.08	182.63	76	97.06
1144	132.75	191.73	76	97.4
1145	7.15	122.26	76	95.48
1146	49.8	35.91	77	81.41
Drivers: 7
id	x	y	end	sensitivity
810	143.1	79.53	82	1.09
811	63.33	58.6	77	1.52
812	138.62	81.14	77	1.8
813	123.94	15.09	79	1.18
814	25.35	51.7	77	0.7
815	195.26	198.27	80	1.05
816	188.27	40.91	76	1.64
Period: 77
Tasks:16
id	x	y	end	c
1147	116.99	131.69	78	35.96
1148	135.37	36.34	78	72.83
1149	86.31	130.88	77	33.78
1150	153.78	127.12	78	60.23
1151	26.55	96.55	79	73.53
1152	12.03	173.87	79	114.87
1153	28.6	66.96	78	78.67
1154	32.36	64.85	78	76.23
1155	101	100.2	79	1.02
1156	123.37	156.7	78	61.33
1157	27.86	115.37	79	73.76
1158	32.47	57.64	78	79.72
1159	178.82	71.81	78	83.71
1160	122.85	32.22	78	71.53
1161	61.31	82.54	80	42.45
1162	99.75	21.07	80	78.93
Drivers: 14
id	x	y	end	sensitivity
817	185.45	14.21	79	0.98
818	179.45	92.41	77	1.17
819	1.91	51.92	78	1.57
820	64.83	54.2	81	1.36
821	156.35	79.99	78	1.11
822	121.44	64.78	78	1.65
823	56.77	100.47	77	1.27
824	189.42	77.42	79	1.87
825	171.26	141.02	78	1.25
826	116.43	57.01	83	0.69
827	30.29	28.13	78	1.66
828	2.85	127.93	79	1.45
829	76.43	170.35	77	1.39
830	98.26	129.14	78	0.86
Period: 78
Tasks:9
id	x	y	end	c
1163	152.62	9.05	80	105.08
1164	95.57	179.3	81	79.42
1165	159.93	79.43	79	63.36
1166	133.64	95.58	79	33.93
1167	64.83	59.38	79	53.73
1168	170.26	110.43	78	71.03
1169	192.91	38.82	79	111.24
1170	22.49	152.3	78	93.5
1171	15.59	95.01	81	84.56
Drivers: 11
id	x	y	end	sensitivity
831	146.77	189.89	81	0.77
832	93.87	87.07	81	1.64
833	54.86	51.69	79	1.36
834	165.21	148	81	1.16
835	167.72	2.25	83	1.7
836	146.94	95.98	79	1.51
837	196.94	189.73	78	1.24
838	163.54	111.43	78	0.86
839	64.96	188.68	81	1.57
840	119.35	63.52	80	1.97
841	124.26	185.17	81	0.73
Period: 79
Tasks:16
id	x	y	end	c
1172	88.36	7.78	80	92.95
1173	92.95	198.43	80	98.68
1174	199.56	92.44	80	99.85
1175	138.06	176	80	85
1176	169.75	128.92	81	75.51
1177	172.18	99.97	82	72.18
1178	99.02	99.85	79	0.99
1179	96.24	89.64	80	11.02
1180	140.85	42.33	80	70.67
1181	163.77	17.55	81	104.23
1182	114.65	83.36	79	22.17
1183	190.93	69.55	79	95.89
1184	84.75	61.2	79	41.69
1185	130.16	69.47	81	42.92
1186	23.86	78.42	79	79.14
1187	53.25	191.81	81	103.03
Drivers: 16
id	x	y	end	sensitivity
842	59.3	14.07	83	1.61
843	36.32	22.42	80	1.17
844	172.24	3.61	79	1.74
845	196.21	58.32	82	0.72
846	67.19	43.28	83	1.68
847	15.28	123.85	79	1.35
848	11.18	104.04	82	0.83
849	40.53	57.65	81	1
850	143.98	22.23	83	0.8
851	35.33	86.69	80	1.73
852	101.26	36.97	80	0.73
853	76.8	98.93	80	1.4
854	155.44	157.72	80	0.87
855	117.46	7.95	83	1.22
856	134.8	80.28	81	0.58
857	160.06	74.49	84	1.11
Period: 80
Tasks:10
id	x	y	end	c
1188	180.33	131.73	81	86.37
1189	108.25	162.99	81	63.53
1190	28.33	126.89	82	76.55
1191	177.57	11.83	81	117.44
1192	41.35	120.81	80	62.23
1193	184.4	6.09	81	126.26
1194	123.13	119.24	80	30.09
1195	117.26	40.43	80	62.02
1196	141.83	38.7	81	74.21
1197	75.19	86.33	83	28.33
Drivers: 12
id	x	y	end	sensitivity
858	194.68	78.31	84	0.53
859	12.48	163.75	80	0.85
860	20.55	175.64	80	1.8
861	18.92	185.06	80	0.9
862	139.7	96.19	81	0.65
863	118.69	16.27	81	0.97
864	11.95	121.11	82	1.18
865	187.19	9.36	81	1.01
866	49.71	129.8	82	0.57
867	83.84	104.43	80	1.91
868	122.54	199.63	80	1.65
869	173.15	196.51	82	1.27
Period: 81
Tasks:24
id	x	y	end	c
1198	88.23	8.55	84	92.2
1199	151.49	42.59	81	77.12
1200	98.04	42.36	83	57.67
1201	48.74	114.14	82	53.17
1202	47.88	86.44	81	53.86
1203	0.59	90.91	82	99.82
1204	120.58	153.86	81	57.66
1205	2.76	84.54	83	98.46
1206	148.63	91.41	83	49.38
1207	35.56	39.25	83	88.56
1208	106.15	139.49	82	39.97
1209	25.95	12.74	83	114.45
1210	129.66	13.43	81	91.51
1211	180.72	68.56	82	86.63
1212	120.39	19.5	84	83.04
1213	73.57	34.87	84	70.29
1214	50.44	120.91	82	53.79
1215	167.91	87.81	84	69
1216	127.25	152.81	81	59.43
1217	109.85	19.07	83	81.53
1218	64.19	27.32	82	81.02
1219	158.15	148.1	81	75.47
1220	177.01	40.71	83	97.19
1221	138.39	163.09	82	73.85
Drivers: 9
id	x	y	end	sensitivity
870	164.79	143.03	83	1.04
871	63.12	71.87	81	0.63
872	101.91	176.91	81	1.92
873	59.1	181.72	83	1.02
874	135.67	52.04	84	1.13
875	57.26	72.93	83	1.68
876	60.79	183.44	82	1.78
877	49.47	35.8	84	1.44
878	156.26	157.49	85	1.74
Period: 82
Tasks:16
id	x	y	end	c
1222	115.41	175.78	83	77.33
1223	84.79	15.5	82	85.86
1224	134.67	76.67	83	41.79
1225	48.86	175.84	83	91.47
1226	24.6	148.85	83	89.84
1227	54.72	94.73	82	45.59
1228	114.16	47.81	82	54.08
1229	3.5	47.22	83	109.99
1230	174.38	28.76	83	102.99
1231	60.06	120.08	85	44.7
1232	77.11	48.27	83	56.57
1233	106.34	7.98	82	92.24
1234	190.29	47.34	83	104.52
1235	9.07	164.14	82	111.28
1236	107.85	81.95	82	19.68
1237	102.57	177.04	82	77.08
Drivers: 7
id	x	y	end	sensitivity
879	184.83	29.93	84	1.77
880	140.46	75.93	84	1
881	6.95	72.74	87	0.53
882	99.37	108.21	84	1.02
883	105.12	37.27	86	1.75
884	107.94	181.73	84	1.43
885	81.42	86.1	85	0.92
Period: 83
Tasks:6
id	x	y	end	c
1238	64.22	134.26	83	49.54
1239	111.83	151.12	83	52.47
1240	43.59	130.94	85	64.34
1241	44.55	64.7	84	65.73
1242	195.33	185.96	84	128.36
1243	164.14	199.26	84	118.18
Drivers: 12
id	x	y	end	sensitivity
886	134.82	156.67	87	1.68
887	25.35	67.71	87	0.77
888	115.08	189.5	85	0.56
889	123.77	3.02	85	1.46
890	5.42	74.85	87	0.93
891	104.83	121.65	84	1.16
892	107.56	40.27	83	1.08
893	145.36	51.77	85	0.89
894	175.11	96.02	86	0.8
895	197.78	40.01	85	0.89
896	146.69	102.2	85	1.28
897	25.71	173.79	84	0.63
Period: 84
Tasks:15
id	x	y	end	c
1244	134.48	92.09	86	35.38
1245	62.9	10.13	84	97.23
1246	7.67	163.89	86	112.28
1247	99.01	188.97	84	88.98
1248	175.84	175.29	85	106.87
1249	107.45	29.58	87	70.81
1250	83.7	64.36	85	39.19
1251	21.58	86.88	86	79.51
1252	71.45	16.99	86	87.78
1253	2.59	49.49	86	109.73
1254	84.06	34.52	85	67.39
1255	100.28	140.13	84	40.13
1256	147.98	192.61	84	104.3
1257	43.35	26.11	84	93.11
1258	188.13	71.52	87	92.62
Drivers: 10
id	x	y	end	sensitivity
898	12.79	188.76	85	1.65
899	165.55	136.07	87	1.17
900	133.73	111.31	86	0.51
901	139.85	170.02	87	0.82
902	187.06	134.22	87	0.79
903	101.39	53	85	1.91
904	121.3	95.91	87	0.63
905	131.11	72.59	86	1.94
906	82.14	186.62	86	1.39
907	152.76	199.97	85	1.89
Period: 85
Tasks:14
id	x	y	end	c
1259	60.09	157.8	86	70.24
1260	92.58	120.44	86	21.75
1261	129.31	151.13	85	58.94
1262	129.08	70.48	86	41.44
1263	176.96	69.46	86	82.8
1264	168.7	153.07	85	86.81
1265	108.81	92.54	86	11.54
1266	87.6	37.2	87	64.01
1267	144.49	59.96	87	59.85
1268	174.57	71.04	85	80
1269	195.43	160.84	86	113.17
1270	13.57	116.93	87	88.07
1271	185.26	33.89	85	107.89
1272	41.84	4.89	87	111.48
Drivers: 10
id	x	y	end	sensitivity
908	166.47	70.01	88	1
909	89.68	128.76	87	0.57
910	102.54	123.56	87	0.97
911	172.46	77.37	88	0.9
912	22.75	111.11	87	0.5
913	41.86	164.08	86	1.22
914	184.31	113.04	87	1.41
915	22.83	64.51	87	0.73
916	191.75	47.73	86	1.78
917	172.05	19.2	87	1.76
Period: 86
Tasks:16
id	x	y	end	c
1273	20.64	176.55	88	110.26
1274	134.9	63.87	86	50.23
1275	182.16	86.96	87	83.19
1276	139.35	135.42	87	52.94
1277	151.6	60.45	87	65.01
1278	113.64	158.32	88	59.89
1279	35.4	178.78	86	101.88
1280	42.88	92.84	87	57.57
1281	186.55	141.47	87	95.97
1282	139.84	137.93	86	55.01
1283	68.02	50.34	88	59.07
1284	39.8	142.31	86	73.58
1285	62.64	126.94	88	46.06
1286	169.79	172.41	86	100.57
1287	126.58	75.74	89	35.99
1288	13.74	113.88	87	87.37
Drivers: 12
id	x	y	end	sensitivity
918	89.21	133.63	87	1.87
919	152.73	52.5	88	0.94
920	13.88	70.36	87	1.22
921	94.49	21.47	90	0.8
922	145.96	71.42	88	1.91
923	8.61	157.35	88	0.94
924	58.01	31.78	86	1.08
925	72.62	13.12	90	1.22
926	151.16	30.39	87	1.28
927	12.57	43.44	88	0.53
928	42	51.53	88	1.79
929	77.99	127.87	88	0.7
Period: 87
Tasks:15
id	x	y	end	c
1289	165.46	159.44	87	88.42
1290	130.19	118.52	88	35.42
1291	78.67	58.67	89	46.51
1292	61.02	94.34	87	39.39
1293	66.66	104.94	88	33.7
1294	151.48	99.08	88	51.49
1295	195.11	0.71	87	137.49
1296	21.56	42.08	88	97.51
1297	186.04	148.21	89	98.63
1298	39.53	43.52	89	82.74
1299	79.43	41.41	88	62.1
1300	176.99	125.65	87	81.15
1301	106.28	72.56	88	28.15
1302	141.41	12.2	87	97.08
1303	41.95	173.22	88	93.44
Drivers: 4
id	x	y	end	sensitivity
930	159.28	44.35	88	1.76
931	16.15	187.63	88	0.66
932	18.91	165.49	88	0.85
933	52.23	185.95	90	1.64
Period: 88
Tasks:12
id	x	y	end	c
1304	164.9	34.09	89	92.5
1305	4.75	80.32	88	97.26
1306	10.84	177.13	88	117.89
1307	4.81	155.3	88	110.09
1308	170.71	135.94	91	79.32
1309	99.67	32.5	88	67.5
1310	135.87	89.49	90	37.38
1311	103.43	43.7	91	56.4
1312	150.64	79.45	90	54.65
1313	121.74	119.74	89	29.36
1314	99.75	143.83	89	43.83
1315	27.23	176.19	88	105.36
Drivers: 5
id	x	y	end	sensitivity
934	142.06	115.74	91	0.71
935	29.21	199.66	90	1.83
936	51.93	62.58	88	1.11
937	16.73	100.89	92	1.29
938	61.87	158.42	90	0.67
Period: 89
Tasks:16
id	x	y	end	c
1316	193.34	99.48	91	93.34
1317	79.21	28.25	89	74.7
1318	101.01	19.3	90	80.71
1319	196.5	182.11	90	126.71
1320	81.26	139.42	89	43.65
1321	59.08	167.24	90	78.71
1322	75.98	167.53	91	71.67
1323	95.75	152.29	89	52.46
1324	74.66	4.85	90	98.47
1325	83.06	176.16	89	78.02
1326	151.68	183.21	91	97.95
1327	175.61	28.65	90	103.96
1328	44.35	55.97	89	70.96
1329	182.93	147.25	92	95.45
1330	197.6	67.61	90	102.83
1331	133.21	16.36	90	89.99
Drivers: 7
id	x	y	end	sensitivity
939	80	6.93	91	0.53
940	90.66	153.61	91	1.62
941	1.25	195.43	90	0.85
942	51.5	6.66	92	1.21
943	182.63	165.47	91	0.51
944	167.61	54.67	93	1.5
945	197.39	16.31	92	1.46
Period: 90
Tasks:10
id	x	y	end	c
1332	81.27	194.94	90	96.77
1333	101.84	170	92	70.02
1334	3.81	103.66	90	96.26
1335	113.05	22.29	92	78.8
1336	75.32	47.8	90	57.74
1337	92.44	130.8	92	31.71
1338	135.55	14.58	90	92.52
1339	36.89	167.37	91	92.31
1340	162.93	57	90	76.22
1341	192.74	108.18	91	93.1
Drivers: 10
id	x	y	end	sensitivity
946	84.61	57.19	92	1.56
947	160.92	115.62	93	2
948	40.11	61.22	93	1.25
949	72.45	121.88	92	1.07
950	101.88	90.52	96	1.65
951	11.48	25.94	95	1.69
952	156.53	58.8	92	0.53
953	122.78	2.66	92	1.75
954	51.94	170.89	91	1.47
955	123.98	65.99	90	1.64
Period: 91
Tasks:13
id	x	y	end	c
1342	41.91	49.91	92	76.7
1343	22.87	199.96	92	126.26
1344	186.17	50.15	93	99.55
1345	113.67	191.67	91	92.68
1346	140.6	70.98	91	49.91
1347	58.85	195.64	92	104.12
1348	198.78	39.47	92	115.85
1349	118.68	21.06	92	81.12
1350	123.52	195.18	92	98.04
1351	109.39	184.12	93	84.64
1352	77.38	93.47	91	23.54
1353	26.88	26.84	92	103.44
1354	29.71	22.15	91	104.89
Drivers: 9
id	x	y	end	sensitivity
956	98.43	1.21	93	1.45
957	48.03	47.88	92	0.76
958	90.68	46.63	95	0.67
959	163.01	168.87	93	1.59
960	48.4	133.01	93	1.28
961	154.95	164.37	93	1.67
962	0.95	156.24	94	1.08
963	72.35	46.31	92	1.47
964	117.17	125.15	95	1.58
Period: 92
Tasks:13
id	x	y	end	c
1355	49.83	78.13	92	54.73
1356	110.88	41.96	94	59.05
1357	10.13	22.8	92	118.48
1358	133.55	125.64	92	42.23
1359	59.44	39.62	92	72.74
1360	140.82	15.76	96	93.61
1361	19.25	179.89	93	113.59
1362	199.85	147.11	93	110.41
1363	131.12	2.4	95	102.44
1364	91.83	9.6	93	90.77
1365	185.56	168.49	93	109.6
1366	92.35	21.56	93	78.81
1367	15.1	9.86	93	123.83
Drivers: 9
id	x	y	end	sensitivity
965	149.99	9.16	94	1.54
966	5.96	112.81	92	1.09
967	106.77	147.14	93	0.85
968	47.62	19.46	92	2
969	148.14	185.18	94	0.89
970	153.22	2.97	93	1.87
971	103.78	63.54	95	1.32
972	1.34	73.62	92	1.27
973	70.44	13.26	93	1.2
Period: 93
Tasks:18
id	x	y	end	c
1368	35.23	109.68	95	65.49
1369	30.77	7.3	93	115.7
1370	112.69	168.15	94	69.32
1371	141.49	199.86	95	108.14
1372	119.48	19.16	93	83.15
1373	84.33	79.66	94	25.68
1374	78.89	73.31	93	34.03
1375	71.98	136.78	94	46.24
1376	82.31	91.29	93	19.72
1377	172.33	166.57	94	98.3
1378	167.17	192.43	94	114.26
1379	149.11	172.82	93	87.83
1380	108.21	159.89	94	60.45
1381	25.42	3.52	95	121.94
1382	159.83	197.01	94	113.98
1383	28.24	93.7	96	72.04
1384	188.73	67.3	94	94.56
1385	98.56	174.11	94	74.12
Drivers: 11
id	x	y	end	sensitivity
974	82.98	185.05	94	0.83
975	165.6	110.11	98	0.68
976	140.09	50.02	93	1.77
977	24.98	154.72	93	1.22
978	87.18	2.95	94	1.69
979	80.94	50.01	94	1.99
980	22.19	156.44	94	1.59
981	112.32	57.59	94	0.66
982	64.14	135.96	93	1.96
983	120.22	33.57	95	0.65
984	75.32	18.09	93	1.04
Period: 94
Tasks:13
id	x	y	end	c
1386	79.71	194.77	94	96.92
1387	102.32	166.39	94	66.43
1388	199.22	94.49	96	99.37
1389	134.28	65.62	94	48.55
1390	134.48	192.09	95	98.33
1391	149.37	66.21	97	59.83
1392	174.79	38.2	94	97.02
1393	56.55	109.76	95	44.53
1394	106.76	5.56	94	94.68
1395	111.45	6.82	94	93.88
1396	110.02	151.31	95	52.28
1397	128.23	162.24	95	68.34
1398	162.43	6.77	94	112.2
Drivers: 11
id	x	y	end	sensitivity
985	32.07	153.13	97	0.81
986	99.8	196.02	96	1.64
987	136.18	133.29	95	1.2
988	93.53	186.64	95	0.84
989	116.25	164.87	95	0.8
990	192.14	27.86	97	1.21
991	39.8	86.46	96	0.62
992	30.32	102.76	100	1.49
993	6.47	18.55	97	1.28
994	199.89	179.15	95	1.64
995	55.95	77.71	95	1.72
Period: 95
Tasks:14
id	x	y	end	c
1399	124.71	0.99	95	102.05
1400	5.66	110.21	95	94.89
1401	154.2	93.62	95	54.57
1402	99.06	51.71	95	48.3
1403	97.56	119.73	96	19.88
1404	160.46	65.34	95	69.69
1405	52.77	98.85	95	47.24
1406	97.12	196.27	95	96.31
1407	74	130	96	39.7
1408	144.02	181.81	95	92.9
1409	32.08	77.47	96	71.56
1410	10	166.7	96	112.02
1411	17.49	178.99	95	114.22
1412	188.81	183.33	96	121.78
Drivers: 7
id	x	y	end	sensitivity
996	68.77	187.32	97	0.64
997	117.12	144.2	97	1.16
998	97.79	167.47	98	1.54
999	34.39	199.97	98	1.62
1000	61.39	24.37	97	1.95
1001	55.02	161.14	96	1.85
1002	11.18	18.13	100	1.77
Period: 96
Tasks:18
id	x	y	end	c
1413	72.6	49.83	98	57.16
1414	114.11	86.9	97	19.25
1415	171.33	5.53	96	118.37
1416	43.92	119.33	96	59.32
1417	50.33	133.44	97	59.88
1418	90.88	89.31	96	14.05
1419	48.88	133.34	96	61.03
1420	152.32	176.8	99	92.93
1421	194.51	52.51	97	105.77
1422	159.46	66.34	97	68.33
1423	194.24	178.17	97	122.44
1424	158.74	20.92	97	98.51
1425	189.01	23.11	96	117.62
1426	38.65	82.88	97	63.69
1427	65.79	91.08	96	35.35
1428	191.53	15.33	96	124.69
1429	37.72	85.12	97	64.03
1430	19.86	161.22	99	100.85
Drivers: 14
id	x	y	end	sensitivity
1003	184.26	67.15	98	0.92
1004	46.66	6.58	97	0.98
1005	144.02	29.83	99	1.65
1006	110.54	93.6	101	1.36
1007	15.13	149.47	97	0.83
1008	142.56	167.87	96	1.06
1009	145.75	167.49	96	1.49
1010	169.63	120.01	101	1.25
1011	88.07	23.57	98	1.69
1012	124.39	1.39	101	1.91
1013	160.98	21.67	97	0.89
1014	52.47	164.71	97	1.5
1015	18.36	144.64	99	1.66
1016	70.78	41.99	98	1.01
Period: 97
Tasks:16
id	x	y	end	c
1431	31.09	171.69	98	99.44
1432	37.03	115.1	97	64.76
1433	35.64	191.32	99	111.72
1434	106.99	171.64	97	71.98
1435	178.92	61.06	99	88
1436	190.88	16.57	97	123.37
1437	68.56	14.73	98	90.88
1438	86.25	51.35	99	50.56
1439	57.62	22.68	100	88.17
1440	148.97	80.53	98	52.7
1441	115.3	47.59	98	54.6
1442	96.2	192.16	98	92.24
1443	86.13	128.79	98	31.96
1444	42.93	72.49	97	63.35
1445	86.65	196.21	98	97.13
1446	59.47	40.95	97	71.62
Drivers: 11
id	x	y	end	sensitivity
1017	126.77	23.9	99	0.6
1018	41.74	70.28	100	1.41
1019	79.52	152.38	101	1.33
1020	148.32	28.15	98	0.59
1021	37.53	168.23	99	1.08
1022	52.9	71.09	98	0.84
1023	62.68	1.44	98	1.3
1024	69.25	24.38	99	0.7
1025	129.05	118.37	98	0.78
1026	19.17	49.63	99	0.7
1027	191.37	134.67	99	1.39
Period: 98
Tasks:14
id	x	y	end	c
1447	34.75	68.46	101	72.47
1448	101.94	87.18	99	12.97
1449	98.9	3.09	101	96.92
1450	175.33	127.59	99	80.22
1451	74.24	81.91	99	31.48
1452	32.1	176.73	99	102.46
1453	11.56	189.31	98	125.69
1454	125.55	167.14	98	71.84
1455	193.08	145.91	100	103.79
1456	141.63	72.05	100	50.14
1457	145.48	155.73	99	71.93
1458	104.26	64.15	99	36.1
1459	155.76	31.26	102	88.51
1460	30.56	129.68	98	75.52
Drivers: 14
id	x	y	end	sensitivity
1028	12.07	43.08	99	0.93
1029	18.05	138.73	100	0.79
1030	133.32	104.18	98	1
1031	54.65	48.18	101	1.4
1032	155.4	135.96	101	0.64
1033	182.44	35.54	99	1.92
1034	29.9	146.37	102	0.94
1035	52.54	105.45	102	0.58
1036	93.38	5.52	100	1.36
1037	107.08	131.6	100	1.91
1038	123.67	136.33	101	1.07
1039	68.31	99.33	100	1.71
1040	77.49	146.53	103	1.09
1041	15.42	21.15	104	1.87
Period: 99
Tasks:17
id	x	y	end	c
1461	91.35	1.37	102	99.01
1462	96.49	103.45	105	4.92
1463	93.81	1.83	99	98.36
1464	143.63	2.09	100	107.19
1465	33.66	78.17	100	69.84
1466	88.09	195.65	100	96.39
1467	105.62	45.09	101	55.2
1468	26.95	172.09	100	102.63
1469	113.14	169.46	99	70.69
1470	153.85	73.9	99	59.84
1471	154.86	125.34	100	60.43
1472	191.06	120.49	99	93.34
1473	110.19	163.3	101	64.11
1474	178.33	137.93	99	87.03
1475	71.43	174.25	99	79.56
1476	7.69	126.68	100	96.09
1477	138.79	117.69	99	42.63
Drivers: 7
id	x	y	end	sensitivity
1042	26.24	138.49	101	0.58
1043	22.35	105.55	99	1.11
1044	58.82	26.45	99	1.09
1045	31.14	173.49	101	1.45
1046	98.81	71.25	101	1.2
1047	156.71	148.11	100	1.96
1048	47.27	178.83	99	1.23
Period: 100
Tasks:16
id	x	y	end	c
1478	158.52	57.08	100	72.57
1479	139.67	55.59	101	59.55
1480	115.09	84.8	101	21.42
1481	178.62	165.99	103	102.64
1482	124.71	26.88	100	77.18
1483	145.94	95.3	101	46.18
1484	38.38	160.32	102	86.23
1485	57.48	16.3	100	93.88
1486	7.28	119.61	100	94.77
1487	62.85	72	102	46.52
1488	161.91	192.41	100	111.23
1489	151.37	44.52	101	75.61
1490	53.78	175.52	102	88.54
1491	186.08	52.77	101	98.19
1492	95	34.27	103	65.92
1493	106.3	128.56	102	29.25
Drivers: 9
id	x	y	end	sensitivity
1049	61.33	39.36	101	0.64
1050	60.25	138.04	100	1.38
1051	186.94	15.45	102	1.03
1052	37.53	48.41	101	1.5
1053	149.38	162.9	103	1.45
1054	64.67	162.35	103	1.97
1055	23.79	69.9	102	1.47
1056	189.59	85.63	102	1.13
1057	101.33	163.47	103	1.61
