Periods: 100
Task Arrival Rate: 15
Task Average Time: 3
Driver Arrival Rate: 10
Driver Average Time: 1
Period: 1
Tasks:11
id	x	y	end	c
1	169.68	107.88	7	70.12
2	160.38	82.07	4	62.99
3	10.87	148.58	5	101.51
4	173.71	126.59	5	78.36
5	12.05	190.87	5	126.46
6	37.68	117.37	5	64.7
7	74.28	0.6	7	102.67
8	107.47	169.8	6	70.2
9	47.95	83.11	3	54.72
10	14.98	46.34	11	100.54
11	95.3	196.71	5	96.82
Drivers: 10
id	x	y	end	sensitivity
1	70.68	180.47	1	1.37
2	169.65	108.83	2	1.65
3	13.39	134.01	1	0.61
4	129.63	24.6	2	1.21
5	63.47	126.03	1	0.7
6	113.16	140.64	1	1.36
7	37.84	24.36	4	0.91
8	107.51	11.97	2	0.52
9	194.47	135.63	4	1.78
10	10.83	40.68	2	1.3
Period: 2
Tasks:17
id	x	y	end	c
12	62.84	110.24	5	38.55
13	47.54	151.12	2	73.25
14	43.26	150.47	6	75.94
15	95.85	138.65	3	38.87
16	21.75	149.21	2	92.44
17	117.67	14.07	4	87.73
18	158.26	6.7	3	110
19	48.1	182.05	5	97.09
20	179.89	95.19	6	80.03
21	197.14	187.15	5	130.5
22	168.4	40.39	6	90.73
23	124.49	101.36	6	24.53
24	50.07	152.25	5	72.27
25	23.96	36.83	5	98.86
26	135.76	158.16	6	68.27
27	72.11	102.16	5	27.97
28	97.64	107.41	8	7.78
Drivers: 9
id	x	y	end	sensitivity
11	47.02	58.38	2	1.3
12	35.88	21.1	4	1.25
13	129.07	45.49	3	1.07
14	156.88	147.52	2	1.75
15	43.47	129.91	2	1.25
16	96.21	2.66	5	1.74
17	138.31	96.89	5	0.65
18	177.64	85.39	2	0.96
19	29.27	44.87	5	1.27
Period: 3
Tasks:15
id	x	y	end	c
29	40.85	57.66	4	72.74
30	107.6	60.61	7	40.12
31	25.01	148.8	5	89.47
32	174.81	100.45	3	74.81
33	45.87	150.31	8	73.9
34	137.1	126.2	3	45.42
35	122.73	60.54	4	45.54
36	70.99	32.48	5	73.49
37	50.66	97.59	8	49.4
38	131.35	7.66	5	97.52
39	8.86	83.62	5	92.6
40	91.35	131.65	5	32.81
41	26.46	46.99	5	90.65
42	160.9	76.3	8	65.35
43	123.74	21.47	9	82.04
Drivers: 8
id	x	y	end	sensitivity
20	192.51	53.11	3	1.07
21	195.98	92.56	4	1.79
22	145.37	43.22	4	1.89
23	0.61	37.05	4	0.68
24	156.81	5.33	3	0.83
25	191.83	127.61	3	0.64
26	55.93	170.05	5	1.67
27	146.75	87.85	3	1.29
Period: 4
Tasks:12
id	x	y	end	c
44	109.84	199.9	7	100.38
45	46.95	56.83	8	68.4
46	180.03	152.63	13	95.78
47	106.29	57.31	6	43.15
48	104.8	115.23	7	15.97
49	191.16	192.91	6	130.16
50	132.69	147.93	9	58.02
51	64.45	180.31	7	87.83
52	163.81	69.87	6	70.57
53	16.09	127.45	9	88.29
54	161.28	184.52	8	104.4
55	116.7	53.34	7	49.56
Drivers: 11
id	x	y	end	sensitivity
28	67.57	173.82	7	1.44
29	84.61	169.64	6	1.67
30	93.31	149.5	4	0.77
31	69.94	24.67	5	0.83
32	107.32	151.54	4	1.11
33	8.45	41.05	4	1.52
34	192.01	35.38	4	0.66
35	42.55	51.26	4	0.63
36	138.1	113.96	4	1.96
37	37.93	96.32	6	1.81
38	173.61	2.68	5	1.5
Period: 5
Tasks:19
id	x	y	end	c
56	79.42	37.65	8	65.66
57	178.07	155.99	8	96.07
58	148.91	16.81	10	96.5
59	142.46	166.02	12	78.5
60	66.48	29.81	9	77.78
61	123.5	191.47	12	94.44
62	10.11	56.73	7	99.76
63	105.99	98.64	6	6.14
64	51.74	122.37	5	53.19
65	195.75	181.08	8	125.47
66	71.61	193.6	7	97.81
67	38.29	23.88	6	97.99
68	128.78	72.19	6	40.02
69	20.06	3.29	7	125.47
70	166.35	6.75	11	114.45
71	63.17	141.56	5	55.53
72	120.06	71.78	9	34.62
73	135.24	93.23	7	35.88
74	54.55	158.78	12	74.3
Drivers: 7
id	x	y	end	sensitivity
39	148.34	13.77	6	1.38
40	75.58	125.44	6	1.54
41	84.47	91.51	6	1.12
42	105.63	156.64	6	0.64
43	168.96	184.65	8	1.05
44	47.82	80.74	6	1.9
45	125.09	15.98	7	1.83
Period: 6
Tasks:23
id	x	y	end	c
75	142.5	190.52	11	100
76	48.59	113.9	8	53.26
77	124.94	90.78	8	26.59
78	190.37	60.85	9	98.49
79	159.25	110.05	13	60.1
80	73.31	58.49	11	49.35
81	173.94	25.75	8	104.79
82	192.23	138.35	7	99.89
83	82.09	148.89	9	52.07
84	61.97	167.78	9	77.72
85	189.48	28.01	7	114.84
86	132.99	94.18	12	33.5
87	174.97	116.73	6	76.81
88	23.28	35.81	10	100.03
89	8.84	58.35	8	100.22
90	111.96	9.4	10	91.39
91	139.5	152.94	10	66.05
92	148.81	108.97	8	49.63
93	159.69	4.83	10	112.34
94	187.08	100.91	10	87.08
95	144.03	114.74	9	46.43
96	157.83	193.83	7	110.22
97	12.1	178.22	7	117.66
Drivers: 11
id	x	y	end	sensitivity
46	91.97	6.8	9	1.78
47	143.51	149.26	7	1.08
48	166.4	13.09	7	1.28
49	87.28	158.02	7	0.96
50	6.21	122.69	8	1.03
51	193.69	47.82	6	1.24
52	136.17	61.41	8	1.98
53	125.95	165.15	7	1.5
54	96.87	178.8	7	0.6
55	171.46	51.23	8	0.59
56	141.33	65.41	6	0.62
Period: 7
Tasks:14
id	x	y	end	c
98	172.37	158.98	9	93.36
99	36.63	19.48	8	102.47
100	169.15	35.02	14	94.89
101	158.46	10.7	10	106.73
102	122.27	161.53	10	65.44
103	5.77	58.86	9	102.82
104	75.65	105.21	9	24.9
105	13.48	116.5	11	88.08
106	19.94	127.71	9	84.72
107	24.74	0.29	9	124.92
108	121.41	138.83	11	44.34
109	101.14	11.46	8	88.55
110	199.26	126.93	8	102.85
111	186.93	21.44	9	117.17
Drivers: 15
id	x	y	end	sensitivity
57	91.28	64.74	7	1.4
58	135.29	128.34	7	0.72
59	83.36	186.83	7	1.94
60	154.48	34.49	8	1.88
61	36.99	84.26	8	1.55
62	77.62	29.96	7	1.33
63	89.52	129.67	9	1.98
64	13.79	132.24	7	1.51
65	104.4	66.63	7	1.97
66	55.5	18.89	7	1.15
67	4.3	166.26	9	1.94
68	91.4	59.25	7	0.68
69	77.27	71	8	1.21
70	7.95	121.22	8	0.63
71	77.73	187.24	9	1.74
Period: 8
Tasks:20
id	x	y	end	c
112	79.6	151.17	11	55.09
113	179.87	54.99	12	91.68
114	16.4	107.19	12	83.91
115	24.09	13.8	11	114.86
116	94.79	42.74	12	57.5
117	171.56	132.52	9	78.6
118	70.76	132.53	10	43.74
119	180.78	180.73	10	114.2
120	148.72	7.36	12	104.67
121	168.4	131.66	14	75.37
122	12.56	159.17	11	105.58
123	55.75	91.97	10	44.97
124	104.52	135.22	11	35.51
125	3.33	20.22	11	125.34
126	145.62	126.36	10	52.69
127	92	159.48	11	60.02
128	191.26	176.69	10	119.2
129	199.74	137.78	11	106.66
130	104.21	27.01	13	73.11
131	94.98	102.41	12	5.57
Drivers: 5
id	x	y	end	sensitivity
72	88.45	186.07	10	1.71
73	121.81	138.66	8	0.85
74	181.31	185.9	9	1.78
75	29.77	143.45	13	1.31
76	9.42	130.13	9	1.77
Period: 9
Tasks:10
id	x	y	end	c
132	8.83	25.11	10	117.99
133	14.44	173.26	12	112.64
134	186.31	33.05	14	109.23
135	13.64	195.31	16	128.62
136	94.04	8.69	11	91.5
137	153.98	54.16	13	70.82
138	136.85	93.76	11	37.37
139	53.26	106.89	12	47.25
140	179.11	196.69	10	124.93
141	48.89	131.84	12	60.22
Drivers: 5
id	x	y	end	sensitivity
77	5.67	85.92	10	0.88
78	193.62	104.69	9	1.47
79	87.04	124.58	10	1.65
80	147.35	102.03	11	1.63
81	157.03	190.3	9	0.97
Period: 10
Tasks:12
id	x	y	end	c
142	3.99	32.08	12	117.61
143	15.63	95.83	14	84.47
144	186.61	169.38	16	110.97
145	5.55	0.82	13	136.96
146	152.54	101.85	13	52.57
147	79.02	51.11	13	53.2
148	65.49	164.01	11	72.72
149	113.88	198.83	13	99.8
150	185.41	124.23	14	88.78
151	162.09	77.1	14	66.18
152	165.57	53.64	11	80.3
153	131.86	15.31	13	90.48
Drivers: 11
id	x	y	end	sensitivity
82	23.02	167.91	11	1.8
83	22.76	157.44	12	0.84
84	135.41	12.08	10	1.89
85	57.12	127.92	11	0.78
86	100.69	100.29	11	1.67
87	108.76	123.15	11	1.33
88	51.09	54.73	12	1.7
89	150.99	63.71	12	1.28
90	73.67	49.5	11	1.21
91	129.5	151.03	10	1.88
92	56.91	92.81	14	0.85
Period: 11
Tasks:19
id	x	y	end	c
154	120.58	91.59	16	22.23
155	148.34	40.73	12	76.48
156	191.81	6.72	14	130.88
157	107.57	82.07	15	19.46
158	167.02	23.05	12	102.04
159	146.02	122.03	15	51.02
160	143.17	115.9	17	46
161	92.94	196.21	17	96.47
162	114.35	197.54	17	98.59
163	90.06	53.26	15	47.79
164	79.89	139.12	12	43.99
165	138.62	10.66	12	97.33
166	181.78	45.85	12	98.08
167	113.78	100.18	13	13.78
168	154.38	65.89	14	64.19
169	9.95	131.62	13	95.44
170	159.89	158.48	16	83.71
171	190.99	171.62	14	115.8
172	171.15	20.4	20	106.76
Drivers: 9
id	x	y	end	sensitivity
93	194.96	31.41	13	1.62
94	160.35	124.59	11	1.14
95	102.93	79.78	11	1.65
96	60.96	87.58	11	1.68
97	188.68	120.42	14	0.53
98	21.89	122.99	11	1.28
99	75.46	55	11	1.87
100	137.91	78.96	11	1.82
101	158.57	83.86	11	0.76
Period: 12
Tasks:18
id	x	y	end	c
173	194.76	5.22	16	134.03
174	126.52	54.69	15	52.5
175	88.48	194.44	16	95.14
176	45.83	197.17	13	111.25
177	164.85	153.63	13	84.15
178	159.12	10.28	16	107.45
179	116.53	113.77	14	21.51
180	131.45	190.86	14	96.15
181	99.52	2.84	17	97.16
182	177.27	66.32	14	84.29
183	184.58	196.58	15	128.38
184	46.88	8.58	14	105.73
185	121.18	101.94	17	21.27
186	70.13	64.24	16	46.59
187	184.52	123.5	17	87.73
188	55.32	131.07	17	54.42
189	138.7	185.49	18	93.84
190	187.2	127.56	16	91.45
Drivers: 9
id	x	y	end	sensitivity
102	147.71	81.36	14	1.03
103	21.5	36.94	14	0.53
104	32.97	157.76	14	1.23
105	5.95	159.69	12	1.19
106	117.85	4.34	14	0.62
107	188.56	29.43	14	0.52
108	95.5	28.79	12	1.31
109	59.56	9.42	15	1
110	30.43	160.93	12	0.61
Period: 13
Tasks:8
id	x	y	end	c
191	177.75	74.48	13	81.83
192	88.75	120.82	17	23.67
193	82.56	116.44	16	23.97
194	80.76	86.21	15	23.67
195	187.88	66.97	15	93.88
196	78.82	186.26	17	88.82
197	134.61	134.83	16	49.1
198	84.19	51.71	16	50.81
Drivers: 11
id	x	y	end	sensitivity
111	37.41	184.22	13	1.05
112	132.08	153.75	13	0.75
113	43.55	82.35	14	0.64
114	195.78	74.74	14	1.08
115	122.86	9.01	14	1.15
116	98.73	2.86	15	0.7
117	56.2	139.72	13	0.99
118	11.04	87.3	14	0.88
119	95.68	10.72	14	1.4
120	57.79	45.08	15	1.68
121	24.96	93.78	14	1.32
Period: 14
Tasks:17
id	x	y	end	c
199	191.32	7.29	17	130.13
200	2.72	126.51	17	100.83
201	96.62	126.96	17	27.17
202	188.33	38.18	15	107.81
203	1.59	102.24	16	98.44
204	32.14	174.06	15	100.45
205	80.5	59.49	15	44.96
206	152.68	182.71	20	98.06
207	131.07	170.75	20	77.27
208	165.69	13.23	18	108.83
209	22.6	124.84	16	81.29
210	94.79	17.9	16	82.27
211	63.42	120.73	15	42.05
212	89.19	105.76	16	12.25
213	50.75	109.05	18	50.07
214	116.25	47.35	18	55.1
215	109.83	0.07	17	100.41
Drivers: 9
id	x	y	end	sensitivity
122	106.16	49.53	15	0.67
123	86.45	155.39	16	0.95
124	34.39	84.3	15	0.9
125	59.84	98.62	16	0.81
126	50.68	121.91	14	0.57
127	184.57	149.64	15	1.24
128	9.91	127.53	15	1.86
129	129.08	162.33	14	1.95
130	32.21	3.73	17	1.25
Period: 15
Tasks:18
id	x	y	end	c
216	125.45	76.96	18	34.33
217	30.62	129.06	18	75.22
218	87.88	167.32	16	68.4
219	143	99.41	16	43
220	150.63	117.61	17	53.61
221	145.08	175.66	17	88.07
222	123.96	63.3	15	43.83
223	192.84	74.27	18	96.34
224	46.24	164.32	18	83.83
225	4.47	68.5	21	100.59
226	119.72	79.68	17	28.32
227	50.2	23.96	20	90.9
228	95.51	8	17	92.11
229	77.53	74.25	21	34.18
230	55.27	73.13	18	52.18
231	15.76	138.04	15	92.43
232	125.33	3.53	16	99.74
233	91.86	7.31	19	93.05
Drivers: 7
id	x	y	end	sensitivity
131	130.81	184.86	18	1.36
132	16.63	155.87	15	1.61
133	118.57	21.6	15	1.19
134	96.73	84.85	15	1.34
135	122.03	137.43	16	1.37
136	69.12	7.14	15	1.07
137	159.36	132.75	16	0.72
Period: 16
Tasks:23
id	x	y	end	c
234	195.66	159.59	19	112.7
235	137.69	3.92	18	103.21
236	77.41	181	20	84.09
237	153.41	34.28	21	84.69
238	139.5	109.83	17	40.7
239	149.67	157.33	18	75.85
240	130.99	13.26	20	92.11
241	193.3	157.45	19	109.57
242	121.06	168.21	21	71.39
243	17.82	154.4	18	98.55
244	16.85	154.9	17	99.64
245	23.59	159.29	22	96.72
246	59.99	18.59	23	90.71
247	165.1	135.83	16	74.31
248	152.84	152.85	18	74.73
249	17.3	136.16	21	90.26
250	66.98	57.61	16	53.73
251	194.05	3.8	18	134.54
252	70.39	113.47	24	32.53
253	127.9	133.24	18	43.4
254	71.74	91.91	17	29.4
255	71.17	61.2	18	48.34
256	10.5	2.84	18	132.1
Drivers: 8
id	x	y	end	sensitivity
138	185.32	154.04	17	0.97
139	166.25	143.62	17	1.22
140	174.17	156.32	18	1.87
141	34.47	42.68	16	1.85
142	31.26	153.14	16	1.89
143	54.86	43.67	16	0.71
144	180.97	187.81	16	1.33
145	110.09	62.16	18	1.02
Period: 17
Tasks:11
id	x	y	end	c
257	159.4	193.15	19	110.48
258	2.84	55.81	21	106.74
259	127.72	166.88	20	72.4
260	15.52	137.55	23	92.45
261	149.56	188.69	19	101.6
262	191.86	150.3	19	104.73
263	55.34	78.05	18	49.76
264	124.65	68.1	18	40.31
265	65.25	47.38	20	63.06
266	165.67	82.62	21	67.93
267	145.12	68.75	18	54.89
Drivers: 7
id	x	y	end	sensitivity
146	88.7	36.41	18	1.33
147	79.27	36.55	19	1.01
148	68.13	36.67	19	1.77
149	109.55	154.05	17	0.65
150	193.92	85.14	19	1.31
151	11.53	147.95	17	1.39
152	121.08	114.24	18	1.31
Period: 18
Tasks:6
id	x	y	end	c
268	153.92	74.4	20	59.69
269	28.79	83.8	19	73.03
270	80.74	149.71	18	53.31
271	197.02	142.18	23	105.79
272	51.7	85.3	21	50.49
273	153.6	114.4	21	55.5
Drivers: 12
id	x	y	end	sensitivity
153	180.85	173.33	18	1.03
154	46.15	85.76	19	1.06
155	125.32	144.69	19	1.43
156	49.08	9.2	18	1.41
157	166.32	113.6	18	0.59
158	107.99	170.1	19	1.29
159	110.02	164.06	19	1.89
160	146.59	125.27	20	1.87
161	85.55	63.57	18	0.74
162	142.24	67.48	19	1.13
163	35.37	156.58	18	0.7
164	83.66	174.58	20	0.88
Period: 19
Tasks:19
id	x	y	end	c
274	68.76	148.31	20	57.53
275	4.96	105.97	22	95.23
276	4.59	114.21	20	96.46
277	182.05	72.86	22	86.42
278	113.61	15.58	24	85.51
279	1.97	172.68	24	122.03
280	198.04	100.28	23	98.04
281	150.63	172.84	22	88.71
282	170.76	90.4	20	71.41
283	96.59	80.09	22	20.2
284	92.14	110.26	26	12.92
285	11.43	35.18	22	109.76
286	14.8	173.38	22	112.44
287	63.03	21.77	22	86.53
288	157.59	24.04	20	95.32
289	157.11	131.96	24	65.44
290	136.19	48	22	63.35
291	184.09	8.13	21	124.54
292	20.92	21.4	22	111.5
Drivers: 7
id	x	y	end	sensitivity
165	153.88	97.78	22	0.53
166	41.24	67.73	20	1.27
167	29.87	191.9	21	1.45
168	138.83	139.53	21	1.51
169	34	198.63	20	1.6
170	56.64	123.04	22	0.55
171	183.67	157.13	19	1.22
Period: 20
Tasks:14
id	x	y	end	c
293	27.11	130.78	22	79.12
294	83.79	14.81	22	86.72
295	119.42	157.46	21	60.65
296	125.52	172.58	23	76.94
297	24.61	136.13	23	83.6
298	189.79	162.37	22	109.33
299	65.37	91.27	22	35.71
300	86.89	195.49	22	96.39
301	194.92	15.34	28	127.19
302	37.73	107.89	22	62.77
303	13.81	142.15	25	95.94
304	196.94	40.49	24	113.75
305	12.65	75.51	22	90.72
306	143.59	187.78	23	98.01
Drivers: 10
id	x	y	end	sensitivity
172	89.36	171.34	21	1.04
173	49.17	133.69	21	1.99
174	109.06	60.46	21	1.19
175	41.12	176.63	22	1.51
176	9.76	14.09	21	1.43
177	4.71	176.51	22	1.06
178	196.35	120.53	22	0.68
179	112.63	186.59	20	1.53
180	11.83	139.33	21	1.83
181	136.28	25.97	21	0.83
Period: 21
Tasks:26
id	x	y	end	c
307	143.86	136.59	23	57.12
308	69.55	174.2	24	80.21
309	92.56	116.01	23	17.65
310	161.05	141.71	23	73.94
311	25.19	77.95	25	77.99
312	155.52	184.66	24	101.24
313	67.82	11.26	23	94.39
314	157.38	126.54	26	63.22
315	74.8	187.16	23	90.73
316	143.93	181.84	23	92.89
317	115.59	107.63	21	17.36
318	61.15	114.91	25	41.61
319	119.66	117.03	25	26.01
320	190.35	173.73	21	116.62
321	169.72	90.47	25	70.37
322	139.51	29.37	23	80.93
323	30.67	154.75	22	88.34
324	147.36	49.09	28	69.53
325	193.04	105.69	22	93.21
326	63.16	80.51	26	41.68
327	146.18	167.58	21	81.85
328	153.22	109.51	22	54.06
329	118.78	0.71	24	101.05
330	50.89	104.87	24	49.35
331	97.56	118.83	23	18.99
332	117.47	38.43	26	64
Drivers: 16
id	x	y	end	sensitivity
182	136.32	119.28	22	1.94
183	8.33	22.81	25	1.33
184	20.14	187.42	21	1.86
185	89.45	62.48	21	1.3
186	31.01	96.24	23	1.46
187	56.74	38.34	21	1.43
188	67.14	59.17	22	1.46
189	64.74	77.32	22	1.01
190	17.18	139.89	25	1.08
191	61.56	70.69	21	1.83
192	54.98	155.68	22	1.48
193	144.33	143.97	24	1.53
194	117.12	189.88	23	1.44
195	145.08	186.13	21	1.41
196	67.13	91.42	21	1.51
197	169.19	93.87	23	1.92
Period: 22
Tasks:25
id	x	y	end	c
333	49.64	24.61	24	90.66
334	17.48	126.47	23	86.66
335	56.18	8.28	27	101.65
336	48.91	55.99	25	67.43
337	29.83	82.35	25	72.36
338	32.13	36.68	23	92.82
339	170.4	67.58	23	77.51
340	88.94	105.61	25	12.4
341	144.54	49.41	26	67.4
342	37.38	143.73	27	76.38
343	184.39	63.9	24	91.79
344	90.34	139.7	25	40.86
345	101.49	31.78	23	68.24
346	147.34	58.93	23	62.67
347	175.27	191.81	24	118.72
348	147.55	42.45	26	74.65
349	119.59	139.06	26	43.7
350	8.63	105.27	25	91.52
351	176.46	24.28	25	107.61
352	0.74	27.75	26	122.77
353	196.84	27.9	25	120.73
354	162.45	184.61	25	105.16
355	17.1	109.23	23	83.41
356	124.82	78.59	25	32.78
357	176.22	103.18	24	76.29
Drivers: 7
id	x	y	end	sensitivity
198	189.52	93.09	22	0.77
199	47.51	52.12	24	0.91
200	120.11	29.16	22	1.98
201	117.26	3.12	24	1.48
202	87.3	158.15	24	1.21
203	151	42.64	22	0.66
204	39.73	168.36	23	0.73
Period: 23
Tasks:16
id	x	y	end	c
358	169.92	166.88	25	96.76
359	142.23	148.68	26	64.44
360	65.2	179.16	27	86.47
361	144.7	30.68	26	82.48
362	140.61	143.06	27	59.19
363	13.07	180.55	27	118.51
364	64.17	180.21	28	87.85
365	110.37	140.9	28	42.19
366	165.96	8.35	27	112.92
367	54.09	145.12	25	64.37
368	15.28	26.6	26	112.09
369	122.7	169.43	24	73.05
370	67.33	42.52	26	66.12
371	28.49	12.49	26	113.01
372	43.21	185.07	27	102.28
373	65.78	83.05	25	38.19
Drivers: 10
id	x	y	end	sensitivity
205	91.31	182.31	25	0.69
206	34.01	61.94	24	0.83
207	83.14	21.9	23	0.94
208	89.37	63.2	24	1.72
209	47.59	87.37	23	1.53
210	75.76	177.99	23	0.8
211	155.02	14.4	24	0.53
212	113.3	52.18	25	1.54
213	11.49	77.56	27	1.08
214	90.38	25.9	24	0.55
Period: 24
Tasks:14
id	x	y	end	c
374	151.57	153.43	30	74.26
375	188.25	108.79	27	88.69
376	15.01	7.37	29	125.71
377	195.61	161.8	26	113.84
378	190.53	25.88	27	117
379	1.48	101.02	28	98.53
380	25.8	141.9	26	85.21
381	22.59	173.8	26	106.95
382	10.07	90.26	28	90.46
383	31.9	78.57	24	71.39
384	132.82	157.48	26	66.19
385	29.34	45.41	25	89.29
386	72.04	188.51	26	92.82
387	39.42	146.8	24	76.55
Drivers: 14
id	x	y	end	sensitivity
215	4.35	68.25	28	0.9
216	64.26	9.24	26	1.14
217	156.48	183.89	27	0.82
218	7.35	141.51	27	1.09
219	62.97	32	25	1.62
220	88.09	100.8	25	1.57
221	131.07	28.79	25	1.89
222	54.66	25.97	26	1.91
223	179.71	150.98	24	1.19
224	6.35	11.66	26	0.97
225	152.58	73.81	28	1.53
226	32.8	132.97	25	0.72
227	93.24	68.27	24	0.81
228	79.24	52.66	25	0.71
Period: 25
Tasks:25
id	x	y	end	c
388	195.16	189.22	28	130.44
389	171.2	14.81	26	111.03
390	174.04	169	30	101.21
391	2.21	28.42	28	121.19
392	55.59	24.06	26	87.97
393	86.56	0.49	25	100.41
394	115.97	62.16	28	41.07
395	119.87	198.32	26	100.31
396	55.65	154.82	27	70.51
397	171.41	138.85	26	81.29
398	138.11	99.34	27	38.12
399	24.19	179.07	30	109.54
400	23.3	118.45	28	78.89
401	22.35	37.31	26	99.8
402	161.56	67.67	25	69.53
403	73.88	94.79	30	26.63
404	19.01	92.33	28	81.35
405	117.65	40.22	26	62.33
406	129.66	92.44	28	30.61
407	108.87	187.99	29	88.44
408	192.2	196.37	30	133.37
409	41.96	145.01	30	73.45
410	169.3	3.56	28	118.76
411	88.18	55.45	29	46.09
412	96.19	29.22	27	70.88
Drivers: 9
id	x	y	end	sensitivity
229	10.84	40.09	26	0.86
230	183.02	96.94	25	0.89
231	80.51	42.43	25	1.44
232	85.02	109.79	26	1.62
233	135.84	72.99	27	1.95
234	115.65	54.93	29	1.56
235	192.68	108.38	27	0.59
236	168.2	126.65	26	1.02
237	190.69	22.55	25	1.75
Period: 26
Tasks:18
id	x	y	end	c
413	161.87	81.14	31	64.68
414	86.17	11.51	29	89.56
415	144.27	64.16	29	56.96
416	154.31	167.4	27	86.56
417	28.55	157.16	29	91.5
418	78.03	146.93	28	51.82
419	67.63	6.56	33	98.89
420	81.56	150.07	29	53.36
421	170.18	38.19	31	93.52
422	18.33	160.28	30	101.51
423	18.97	98.49	28	81.04
424	166.99	65.63	28	75.29
425	38.3	19.03	28	101.8
426	164.18	50.9	28	80.81
427	111.37	151.74	30	52.97
428	109.92	153.34	28	54.25
429	68.4	79.99	26	37.4
430	93.02	33.81	32	66.56
Drivers: 8
id	x	y	end	sensitivity
238	181.4	95.62	26	1.34
239	82.62	90.26	28	0.98
240	4.8	189.94	27	0.85
241	9.89	164.09	27	0.72
242	140	170.67	26	1.26
243	12.37	26.67	27	1.34
244	70.63	141.2	28	1.73
245	80.34	34.93	27	1.5
Period: 27
Tasks:14
id	x	y	end	c
431	56.51	20.23	28	90.86
432	118.91	14.58	27	87.49
433	58.62	170.6	29	81.83
434	56.08	99.86	30	43.92
435	161.29	25.22	30	96.69
436	25.12	5.63	29	120.47
437	106.71	67.49	35	33.2
438	29.89	60.61	30	80.42
439	176.94	33.04	31	102
440	193.09	188.41	28	128.38
441	24.99	62.07	29	84.05
442	17.28	21.67	30	113.92
443	131.9	7.49	30	97.86
444	80.89	19.61	28	82.63
Drivers: 7
id	x	y	end	sensitivity
246	3.02	125.94	27	1.55
247	18.97	62.82	29	1.48
248	5.48	171.49	28	1.65
249	123.3	111.18	27	0.92
250	180.21	187.81	29	0.93
251	148.8	87.11	27	1.27
252	107.11	39.67	28	0.92
Period: 28
Tasks:15
id	x	y	end	c
445	5.14	165.31	31	115.17
446	7.72	117.8	33	93.98
447	38.34	95	31	61.86
448	101.76	175.41	31	75.43
449	2.84	166.76	31	117.89
450	62.47	56.39	33	57.54
451	114.78	67.37	33	35.82
452	184.54	109.39	29	85.06
453	21.63	120.48	30	81
454	112.7	155.32	34	56.76
455	60.36	29.95	33	80.49
456	30.95	5.41	31	117.11
457	104.08	86	29	14.58
458	136.51	32.45	32	76.79
459	159.12	76.68	32	63.55
Drivers: 5
id	x	y	end	sensitivity
253	173.77	174.9	30	1.71
254	160.13	128.43	28	0.74
255	163.14	16.51	29	1.84
256	28.27	19.51	31	0.95
257	156.4	14.69	29	1.72
Period: 29
Tasks:18
id	x	y	end	c
460	44.11	32.4	30	87.71
461	18.11	185.01	33	118.04
462	110.74	153.47	30	54.54
463	48.6	55.77	31	67.81
464	188	172.22	30	113.84
465	129.47	47.33	31	60.35
466	128.05	97.63	32	28.15
467	62.78	30.04	30	79.24
468	42.55	29.21	33	91.17
469	184.83	143.34	32	95.26
470	95.93	171.64	32	71.76
471	191.53	164.34	34	111.88
472	1.82	151.14	33	110.7
473	190.7	6.45	34	130.3
474	89.71	34.88	32	65.93
475	148.92	174.07	32	88.77
476	74.29	28.4	29	76.08
477	193.21	41.89	30	109.84
Drivers: 11
id	x	y	end	sensitivity
258	162.2	69.65	31	1.02
259	87.66	54.46	31	1.01
260	14.27	196.22	30	1.53
261	157.31	10.78	30	1.96
262	142.18	155.88	32	0.52
263	21.84	8.93	30	0.84
264	67.39	101.92	29	1.57
265	128.87	100.47	31	1.71
266	30.49	83.64	31	1.03
267	131.78	24.55	30	1.95
268	131.03	85.12	30	1.27
Period: 30
Tasks:19
id	x	y	end	c
478	112.32	161.08	32	62.31
479	135.53	154.11	33	64.73
480	59.9	73.69	33	47.96
481	42.04	116.39	30	60.23
482	82.06	155.02	36	57.87
483	83.57	92.31	32	18.14
484	73.37	173.97	33	78.62
485	139.47	92.68	34	40.14
486	151.77	112.77	39	53.32
487	189.49	65.35	30	95.96
488	164.33	62.79	31	74.32
489	87.67	77.25	32	25.88
490	172.4	129.97	32	78.36
491	154.1	126.78	32	60.37
492	5.18	18.56	33	124.99
493	17.17	37.37	34	103.84
494	85.87	20.14	34	81.1
495	53.27	167.08	34	81.75
496	161.49	169.82	31	93.04
Drivers: 9
id	x	y	end	sensitivity
269	24.78	178.35	30	0.85
270	164.93	146.63	33	0.66
271	80.72	130.61	31	1.32
272	87.93	51.52	31	0.64
273	119.91	32.71	31	0.56
274	179.38	65.88	31	1.36
275	38.36	121.65	33	0.65
276	62.53	96.29	30	1.15
277	52.49	114.73	30	0.93
Period: 31
Tasks:12
id	x	y	end	c
497	158.19	86.54	34	59.73
498	87.59	35.31	33	65.87
499	137.42	73.87	31	45.64
500	26.27	55.03	33	86.36
501	153.24	28.21	32	89.38
502	86.78	91.43	37	15.75
503	6.27	193.72	35	132.55
504	33.91	135.54	36	75.04
505	191.1	15.6	32	124.19
506	146.94	77.31	37	52.14
507	139.46	40.06	31	71.76
508	83.71	57.91	37	45.13
Drivers: 11
id	x	y	end	sensitivity
278	190.99	113.32	33	1.65
279	1.39	83.44	32	1.82
280	156.54	70.61	31	0.6
281	111.12	59.18	31	0.99
282	170.75	23.56	32	0.85
283	134.61	180.1	31	1.95
284	28.33	163.73	32	1.81
285	183.04	6.39	32	1.74
286	1.35	36.75	32	1.77
287	7.69	154.79	33	1.16
288	48.13	7.56	32	1.08
Period: 32
Tasks:12
id	x	y	end	c
509	136.01	32.45	34	76.55
510	174.85	14.33	33	113.76
511	40.32	161.84	34	85.94
512	175.39	120.48	35	78.12
513	40.87	167.58	36	89.8
514	120.01	62.27	38	42.71
515	131.43	6.92	32	98.24
516	181.34	199.38	35	128.42
517	166.6	68.29	34	73.76
518	35.23	164.28	36	91.25
519	34.93	179.51	38	102.74
520	20.29	146.94	41	92.5
Drivers: 11
id	x	y	end	sensitivity
289	7.49	121.65	34	1.77
290	162.57	100.5	34	1.12
291	34.33	126.43	34	1.64
292	36.58	169.6	33	1.2
293	34.79	196.84	34	1.46
294	43.67	130.52	32	1.62
295	157.75	30.45	35	0.99
296	12.26	198.08	33	1.09
297	66.24	52.73	32	0.72
298	40.23	172.66	34	1.95
299	169.66	143.26	32	1.94
Period: 33
Tasks:17
id	x	y	end	c
521	132.82	170.46	35	77.73
522	37.49	116.3	37	64.6
523	89.44	114.66	35	18.07
524	112.66	197.68	34	98.5
525	158.38	123.75	38	63.03
526	20.5	132.81	39	86
527	166.74	155.82	36	87.01
528	28.3	143.3	38	83.76
529	123.34	3.16	35	99.61
530	166.28	129.22	34	72.44
531	38.48	59.87	37	73.45
532	77.06	82.55	35	28.82
533	119.88	192.81	35	94.92
534	20.73	26.14	33	108.35
535	78.1	122.17	35	31.16
536	188.79	93.59	38	89.02
537	37.78	84.94	36	64.02
Drivers: 4
id	x	y	end	sensitivity
300	122.5	101.71	33	1.78
301	163.43	110.27	35	1.2
302	62.08	39.25	34	1.01
303	195.95	127.39	35	0.61
Period: 34
Tasks:8
id	x	y	end	c
538	126.99	165.8	38	71.12
539	99.57	147.97	36	47.97
540	158.81	90.29	36	59.61
541	43.16	98.02	39	56.87
542	111.31	34.48	38	66.49
543	72.34	143.81	39	51.81
544	11.2	34.38	39	110.41
545	190.63	179.42	40	120.5
Drivers: 19
id	x	y	end	sensitivity
304	14.36	94.42	36	0.88
305	198.35	45.71	36	1.43
306	57.52	52.31	37	1.55
307	135.88	65.53	35	1.38
308	185.38	72.26	35	0.88
309	88.63	132.06	35	1.36
310	100.34	183.53	36	1.86
311	18.56	130.47	36	1.76
312	14.11	21.46	35	1.2
313	41.47	25.58	36	1.91
314	151.06	125.34	36	0.7
315	76.46	27.6	36	1.02
316	104.87	70.47	34	1.61
317	88.73	84.8	37	0.58
318	68.53	79.46	35	1.76
319	44.38	2.39	35	1.39
320	178.12	20.49	36	0.51
321	9.12	120.24	38	1.58
322	103.65	98.64	35	0.57
Period: 35
Tasks:13
id	x	y	end	c
546	96.82	197.58	37	97.63
547	84.67	83.71	36	22.37
548	126.55	95.28	39	26.97
549	12.67	160.85	37	106.44
550	31.65	152.21	40	86.01
551	102.54	54.64	37	45.43
552	121.48	140.69	38	46.01
553	191.28	9.45	36	128.57
554	144.65	91.84	37	45.39
555	26.19	191.12	40	117.26
556	49.95	104.73	37	50.27
557	71.05	47.58	37	59.88
558	170.79	139.21	39	80.92
Drivers: 10
id	x	y	end	sensitivity
323	145.79	179.58	38	0.79
324	107.29	174.51	35	1.31
325	94.59	137.83	36	1.37
326	19.52	71.11	35	0.55
327	108.75	62.85	35	0.89
328	135.14	187.7	36	1.59
329	56.18	23.99	36	0.83
330	45.19	140.92	35	1.39
331	128.72	10.67	36	0.53
332	193	82.62	38	1.17
Period: 36
Tasks:19
id	x	y	end	c
559	149.81	124.98	37	55.72
560	86.34	13.79	38	87.29
561	90.06	65.61	37	35.8
562	105.53	177.39	37	77.59
563	13.41	169.7	38	111.16
564	197.61	21.08	36	125.52
565	19.22	179.02	40	113
566	140.83	173.99	38	84.51
567	190.98	145.81	39	101.86
568	177.04	145.49	38	89.47
569	55.62	123.69	38	50.31
570	81.82	9.99	41	91.83
571	90.01	42.87	41	58
572	117.58	100.74	37	17.6
573	49.07	149.75	37	71.2
574	42.9	16.94	36	100.79
575	123.09	46.07	37	58.67
576	70.49	184.23	40	89.25
577	98.76	100.15	39	1.25
Drivers: 10
id	x	y	end	sensitivity
333	38.45	29.43	38	1.62
334	27.84	198.02	37	0.66
335	160.94	101.62	37	0.99
336	49.55	62.05	36	1.36
337	99.83	64.1	36	1.46
338	78.38	198.44	37	1.17
339	115.53	185.82	36	1.65
340	145.08	7.36	36	1.89
341	129.21	9.97	36	1.59
342	170.85	60.94	36	1.65
Period: 37
Tasks:21
id	x	y	end	c
578	120.54	38.8	40	64.55
579	189.91	144.26	41	100.21
580	197.22	23.33	40	123.81
581	49.94	92.78	38	50.58
582	154.11	154.06	45	76.49
583	184.64	111.96	42	85.48
584	176.6	126.69	42	81.12
585	38.08	73.69	38	67.28
586	134.08	119.12	41	39.08
587	168.34	150.68	39	85.08
588	172.66	174.05	40	103.74
589	126.58	110.55	38	28.6
590	165.47	74.63	39	70.21
591	147.37	26.15	42	87.74
592	44.65	114.39	40	57.19
593	4.07	171.5	41	119.64
594	6.94	195.71	41	133.49
595	168.85	37.76	41	92.81
596	133.89	8.69	39	97.4
597	150.29	3.24	43	109.05
598	153.13	57.78	40	67.86
Drivers: 4
id	x	y	end	sensitivity
343	199.1	74.43	37	1.69
344	74.79	104.1	39	1.28
345	83.5	57.4	38	1.9
346	132.96	29.55	39	1.47
Period: 38
Tasks:11
id	x	y	end	c
599	154.85	109.35	42	55.64
600	171.01	27.6	42	101.41
601	37.7	174.88	44	97.41
602	70.86	61.65	42	48.16
603	149.57	45.69	39	73.53
604	121.48	165.93	39	69.34
605	135.35	26.96	43	81.14
606	103.44	190.61	40	90.68
607	136.33	193.33	43	100.15
608	24.59	68.57	40	81.7
609	8.13	196.47	42	133.22
Drivers: 10
id	x	y	end	sensitivity
347	24.7	191.87	41	0.99
348	68.42	94.28	39	0.87
349	113.26	58.01	38	1.59
350	35.05	28.44	40	1.27
351	109.9	45.18	39	1.24
352	155.96	127.97	39	1.67
353	107.01	139.76	38	1.18
354	98.67	193.99	40	1.14
355	138.29	151.81	38	0.86
356	96.73	132.37	40	1.92
Period: 39
Tasks:16
id	x	y	end	c
610	166.09	191.98	42	113.26
611	196.61	46.73	40	110.32
612	135.38	196.13	41	102.43
613	80.34	3.1	43	98.87
614	137.17	37.9	44	72.37
615	54.01	152.26	46	69.61
616	121.85	105.9	40	22.63
617	127.14	20.51	42	84
618	185.25	29.65	43	110.53
619	170.2	46.82	43	88.07
620	117.3	170.15	41	72.25
621	103.38	13.1	40	86.97
622	170.44	33.46	42	96.9
623	27.91	79.81	40	74.86
624	50.57	190.29	39	102.93
625	73.04	96.13	42	27.24
Drivers: 10
id	x	y	end	sensitivity
357	116.58	87.02	39	1.46
358	67.17	47.15	39	0.8
359	82.54	198.98	39	1.46
360	23.63	147.14	41	0.63
361	20.12	15.93	40	0.91
362	144.77	197.66	40	1.88
363	68.36	84.08	40	1.99
364	87.22	158.99	41	1.31
365	142.34	26.13	40	0.82
366	85.47	18.4	39	1.06
Period: 40
Tasks:24
id	x	y	end	c
626	17.96	183.75	43	117.24
627	139.33	198.74	47	106.28
628	168.94	194.56	42	117.02
629	2.96	43.74	41	112.17
630	103.88	80.35	42	20.03
631	181.58	172.45	42	109.11
632	187.22	47.87	44	101.61
633	35.22	73.86	43	69.86
634	151.56	197.26	42	110.08
635	56.35	184.64	42	95.23
636	110.95	186.12	42	86.81
637	53.05	21.68	43	91.31
638	64.72	163.51	47	72.65
639	124.63	115.41	42	29.05
640	56.38	134.65	41	55.71
641	70.24	168.6	41	74.78
642	94.04	37.01	44	63.27
643	63.68	98.4	44	36.36
644	60.63	147.24	43	61.49
645	112.35	99.83	42	12.35
646	45.81	45.37	42	76.95
647	112.4	148.08	41	49.65
648	16.26	121.87	42	86.55
649	133.31	0.98	42	104.47
Drivers: 15
id	x	y	end	sensitivity
367	198.12	138.24	42	0.51
368	40.52	41.26	41	0.99
369	17.42	91.71	41	1.18
370	73.86	130.26	41	1.63
371	29.48	95.99	42	0.68
372	128.29	131.93	41	1.84
373	56.45	107.63	40	1.99
374	53.55	75.94	40	1.84
375	77.66	56.35	42	1.92
376	108.71	117.04	42	0.65
377	93.53	154.84	41	1.34
378	184.33	140.96	42	1.8
379	153.84	164.99	41	0.59
380	1.76	168.26	42	1.99
381	101.27	38.62	40	1.92
Period: 41
Tasks:17
id	x	y	end	c
650	156.62	118.04	41	59.42
651	155.73	21.69	45	96.12
652	158.44	86.33	44	60.02
653	131	174.78	44	80.95
654	116.85	21.04	41	80.74
655	95.76	94.98	45	6.57
656	190.36	181.13	48	121.44
657	97.49	169.35	42	69.4
658	1.09	95.57	45	99.01
659	187.06	24.2	43	115.43
660	180.73	104.13	41	80.84
661	0.68	8.84	49	134.81
662	57.09	42.15	44	72.03
663	16.71	22.99	41	113.44
664	85.42	95	43	15.41
665	129.34	97.75	46	29.43
666	61.59	107.38	43	39.11
Drivers: 13
id	x	y	end	sensitivity
382	121.39	15.64	42	1.15
383	124.55	131.92	42	1.6
384	167.47	46.4	44	1.73
385	95.53	189.48	42	1.36
386	82.48	85.95	41	0.54
387	34.28	112.57	41	1.67
388	6.36	20.32	42	1.19
389	21.32	161.79	42	1.2
390	55.51	194.21	41	0.65
391	62.82	63.86	42	1.83
392	34.21	157.32	41	1.82
393	171.24	108.06	43	0.99
394	123.65	135.51	43	1.64
Period: 42
Tasks:14
id	x	y	end	c
667	26.08	113.65	47	75.17
668	145.59	13.91	48	97.42
669	141.35	137.76	43	56
670	116	131.95	49	35.73
671	130.89	188.54	45	93.77
672	186.18	110.2	43	86.78
673	136.1	99.19	42	36.11
674	127.27	1.6	46	102.11
675	6.11	30.85	42	116.61
676	52.07	0.67	42	110.29
677	36.1	170.81	47	95.38
678	131.16	26.3	43	80.02
679	85.2	195.58	43	96.72
680	13.25	81.98	47	88.6
Drivers: 12
id	x	y	end	sensitivity
395	193.2	85.05	42	1.49
396	8.53	183.08	43	1.59
397	26.68	92.48	42	1.99
398	143.72	199.77	43	1.41
399	179.35	92.06	43	1.08
400	85.84	166.65	43	1.54
401	175.54	109.96	44	0.54
402	31.26	37.29	42	1.2
403	91.06	97.44	44	1.29
404	40.32	174.14	42	0.69
405	58.08	69.19	45	1.09
406	17.87	52.35	44	0.58
Period: 43
Tasks:15
id	x	y	end	c
681	199.87	181.28	45	128.77
682	136.65	186.75	45	94.17
683	68.39	53.55	45	56.19
684	36.89	12.34	49	108.01
685	125.94	61.81	47	46.17
686	125.37	197.75	44	100.99
687	196.13	191.68	46	132.84
688	178.55	165.35	49	102.18
689	138.99	10.34	47	97.77
690	188.34	164.83	47	109.58
691	108.94	193.6	45	94.03
692	30.48	177.71	46	104.27
693	191.17	42.76	45	107.65
694	20.84	51.73	46	92.72
695	97.17	122.15	45	22.33
Drivers: 9
id	x	y	end	sensitivity
407	33.07	131.61	43	1.98
408	95.71	21.82	44	1.48
409	61.42	6.09	43	1
410	134.74	197.04	43	0.88
411	114.53	73.06	44	1.28
412	72.82	37.39	44	1.57
413	153.44	9.7	43	0.86
414	41.68	33.32	45	0.91
415	53.03	125.01	48	1.52
Period: 44
Tasks:17
id	x	y	end	c
696	142.72	18.47	47	92.04
697	132.67	165.16	48	72.89
698	120.91	73.71	47	33.59
699	65.5	78.41	48	40.7
700	104.24	193.77	49	93.87
701	35.11	152.21	47	83.29
702	159.36	157.1	47	82.37
703	34.16	28.93	49	96.88
704	169.41	84.28	45	71.17
705	148.68	125.12	49	54.78
706	126.39	23.04	46	81.36
707	178.98	15.28	48	115.82
708	73.74	107	46	27.18
709	18.48	122.32	51	84.52
710	183.22	143.6	46	93.95
711	84.11	155.45	44	57.68
712	9.28	42.82	46	107.24
Drivers: 14
id	x	y	end	sensitivity
416	150.79	180.43	48	1.78
417	175.96	8.38	46	1.46
418	39.22	151.27	47	1.38
419	179.87	173.56	44	1.77
420	161.16	100.88	46	1.43
421	42.2	71.64	44	0.62
422	106.29	164.61	46	1.01
423	170.43	192.03	44	1.75
424	127.22	101.03	45	1.11
425	114.83	69.35	44	1.8
426	159.28	188.09	44	1.8
427	26.21	16.35	49	1.95
428	65.19	75.98	45	1.27
429	50.75	52.41	46	1.7
Period: 45
Tasks:21
id	x	y	end	c
713	139.34	66.87	49	51.43
714	122.22	63.59	51	42.65
715	194.17	156.39	47	109.76
716	4.82	48.97	49	108
717	121.52	40.45	48	63.32
718	54.7	179.56	49	91.55
719	93.56	157.69	46	58.05
720	192.51	131.71	49	97.79
721	153.25	140.49	46	66.9
722	103.19	86.36	48	14.01
723	4.45	134.52	48	101.59
724	164.23	18.39	47	103.85
725	94.62	129.12	48	29.61
726	104.34	94.66	48	6.88
727	66.77	165.57	50	73.51
728	90.73	138.44	49	39.54
729	167.16	172.37	47	98.73
730	131.21	51.1	50	58.01
731	97.62	87.19	47	13.03
732	91.74	168.11	47	68.61
733	32.55	22.34	47	102.86
Drivers: 14
id	x	y	end	sensitivity
430	48.04	175.28	47	1.17
431	42.83	96.24	46	1.52
432	155.75	133.83	46	1.68
433	19.03	86.43	46	1.78
434	120.49	181.18	45	0.9
435	193.32	43.76	46	1.75
436	178.79	187.84	45	1.26
437	107.47	92.41	45	0.78
438	88.93	67.96	46	1.8
439	16.09	102.62	46	1.46
440	98.37	192.57	48	1.65
441	85.11	165.03	45	1.67
442	84.21	194.75	46	1.1
443	30.86	185.46	47	1.97
Period: 46
Tasks:19
id	x	y	end	c
734	109.95	4.3	48	96.22
735	13.02	3.2	48	130.14
736	95.46	103.56	49	5.77
737	77.24	146.17	49	51.48
738	106.95	2.12	53	98.13
739	143.77	69.66	49	53.26
740	11.74	19.46	49	119.48
741	125.89	89.86	48	27.8
742	173.09	28.09	51	102.53
743	56.49	145.63	49	63.05
744	177.58	199.45	49	126.13
745	107.05	12.43	46	87.85
746	116.83	162.76	47	64.98
747	76.35	94.28	47	24.33
748	198	125.33	48	101.22
749	160.78	71.48	50	67.14
750	89.99	131.98	48	33.51
751	179.7	65.84	48	86.71
752	58.64	67.4	51	52.66
Drivers: 16
id	x	y	end	sensitivity
444	100.89	145.63	47	1.24
445	56.42	187.16	49	1.58
446	81.32	68.29	46	0.71
447	105.53	29.23	47	1.72
448	12.73	26.65	48	1.23
449	27.97	142.35	47	0.91
450	4.79	195.91	47	1.52
451	158.66	51.94	46	1.41
452	170.49	135.21	47	0.53
453	72.72	5.06	47	0.68
454	124.35	177.6	47	1.44
455	36.58	59.18	48	1.82
456	199.42	128.9	47	0.65
457	37.08	197.62	47	1.91
458	89.44	160.44	46	1.06
459	118.95	104.11	46	1.25
Period: 47
Tasks:20
id	x	y	end	c
753	144.59	172.91	52	85.46
754	158.84	117.96	52	61.52
755	19.52	73.81	52	84.63
756	85.96	57.07	49	45.17
757	39.51	129.77	48	67.42
758	11.11	144.21	54	99.28
759	161.78	37.36	51	87.98
760	171.84	62.15	53	81.2
761	125.02	199.87	48	102.96
762	151.58	131.15	48	60.26
763	152.16	130.1	52	60.22
764	17.88	192.95	49	124.03
765	98.5	131.07	54	31.11
766	82.82	190.34	52	91.96
767	199.54	14.24	50	131.39
768	188.5	33.49	47	110.71
769	94.53	0.08	51	100.07
770	150.44	49.56	51	71.33
771	24.83	172.72	50	104.59
772	65.59	10.86	49	95.55
Drivers: 15
id	x	y	end	sensitivity
460	108.87	108.08	47	1.31
461	29.92	57.37	47	1.08
462	3.67	42.78	49	1.73
463	54.25	161.03	47	1.5
464	126.43	79.18	47	0.73
465	37.36	21.73	49	1.85
466	119.62	76.83	49	1.33
467	103.54	15.13	48	1.7
468	68.97	172.15	47	1.13
469	8.49	34.54	50	0.78
470	122.01	144.45	47	1.11
471	23.41	120.96	49	1.78
472	63.09	42.76	48	1.04
473	144.37	23.92	47	0.81
474	130.48	180.85	47	1.32
Period: 48
Tasks:14
id	x	y	end	c
773	114.96	11.82	52	89.44
774	101.81	64.57	50	35.48
775	24.37	8.07	53	119.04
776	39.47	171.31	48	93.54
777	76.41	165.31	49	69.44
778	51.85	8.95	52	103
779	88.68	174.42	49	75.28
780	186.93	134.37	50	93.48
781	21.72	167.66	48	103.47
782	77.2	65.58	51	41.29
783	95.36	125.36	52	25.78
784	152.02	32.98	52	84.84
785	79.4	59.42	50	45.51
786	40.49	120.74	49	63.02
Drivers: 10
id	x	y	end	sensitivity
475	166.38	55.84	50	1.62
476	112.32	80.17	48	0.58
477	83.53	90.84	49	0.54
478	12.25	82.01	48	1.63
479	182.55	38.72	49	1.13
480	194.37	146.44	49	0.98
481	59.82	115.76	49	0.71
482	59.78	85.75	49	1.75
483	177.07	183.17	49	0.97
484	162.48	70.75	48	1.18
Period: 49
Tasks:20
id	x	y	end	c
787	66.85	25.66	53	81.4
788	177.86	115.14	53	79.32
789	122.76	63.23	51	43.24
790	123.9	85.57	51	27.92
791	119.81	91.63	51	21.51
792	113.25	59.59	50	42.53
793	40.73	117.43	51	61.78
794	193.77	114.3	51	94.85
795	148.3	7.19	55	104.63
796	190.3	34.98	53	111.27
797	131.88	163.27	49	70.85
798	17.74	145.57	52	94.04
799	94.57	86.93	53	14.15
800	180.25	5.15	51	124.24
801	42.09	120.6	52	61.46
802	46.35	151.82	49	74.59
803	159.54	71.95	51	65.82
804	35.76	32.88	51	92.91
805	114.22	77.46	57	26.65
806	16.25	27.14	51	111.01
Drivers: 9
id	x	y	end	sensitivity
485	126.36	199.63	50	1.62
486	78.1	162.05	49	1.82
487	45.01	158.77	50	0.67
488	72.44	160.2	51	1.06
489	5.01	28.22	52	0.66
490	104	158.57	49	0.82
491	33.46	167.34	51	1.71
492	85.93	18.31	50	1.15
493	22.96	56.46	52	1.55
Period: 50
Tasks:12
id	x	y	end	c
807	32.13	160.88	52	91.17
808	44.71	197.54	53	112.12
809	194.01	88.58	53	94.7
810	136.55	77.51	53	42.92
811	170.86	174.35	57	102.71
812	19.87	129.41	54	85.36
813	192.76	61.43	53	100.46
814	32.57	71.82	52	73.08
815	36.17	124.92	53	68.52
816	64.1	55.78	52	56.96
817	35.56	39.87	53	88.14
818	34.32	185.36	53	107.7
Drivers: 9
id	x	y	end	sensitivity
494	26.68	139.48	51	0.8
495	56.99	38.73	52	1.66
496	149.8	196.66	50	0.68
497	138.44	152.87	51	1.67
498	0.66	7.39	51	1.1
499	76.47	34.25	51	1.41
500	199.19	47.53	52	0.84
501	162.74	12.06	51	0.52
502	89.55	122.32	50	1.16
Period: 51
Tasks:11
id	x	y	end	c
819	157.98	54.74	53	73.55
820	35.15	6.91	55	113.45
821	177.64	152.92	53	93.96
822	6.6	172.13	55	118.01
823	35.52	196.37	55	115.95
824	51.62	35.02	56	81.01
825	151.24	8.92	54	104.5
826	62.01	79.04	53	43.39
827	121.16	66.66	54	39.49
828	171.94	139.06	53	81.86
829	185.73	104.78	54	85.86
Drivers: 5
id	x	y	end	sensitivity
503	53.72	115.71	52	1.99
504	40.34	75.68	51	1.34
505	47.21	10.16	53	1.16
506	38.94	114.25	52	1.13
507	40.99	67.32	51	1.06
Period: 52
Tasks:15
id	x	y	end	c
830	79.03	42.83	54	60.89
831	198.66	164.38	55	117.81
832	188.3	9.25	59	126.62
833	96.53	109.45	55	10.07
834	182.84	155.48	57	99.7
835	39.04	23.31	56	97.97
836	149.55	47.38	54	72.28
837	199.99	71.43	56	103.99
838	167.41	2.46	54	118.57
839	16.68	190.69	54	123.15
840	34.95	71.04	55	71.21
841	158.13	179.57	58	98.54
842	14.82	97.5	53	85.22
843	159.52	44.09	56	81.66
844	72.12	165.81	54	71.47
Drivers: 10
id	x	y	end	sensitivity
508	30.18	165.79	52	1.02
509	48.45	26.7	54	1.78
510	192.76	25.81	54	2
511	77.4	31.31	53	0.78
512	111.11	8.53	52	1.4
513	192.38	180.15	53	1.31
514	191.01	177.7	53	0.88
515	179.94	84.06	53	1.57
516	140.81	118.58	54	1.61
517	84.76	61.36	53	0.55
Period: 53
Tasks:16
id	x	y	end	c
845	128.91	84.66	54	32.73
846	140.53	147.14	57	62.17
847	73.85	141.62	54	49.15
848	34.85	43.14	55	86.47
849	115.29	15.65	55	85.72
850	21.28	180.22	56	112.39
851	118.18	66.12	58	38.45
852	117.15	143.83	53	47.07
853	71.37	51.71	54	56.14
854	123.03	91.54	57	24.53
855	3.94	180.82	54	125.54
856	109.08	183.79	54	84.28
857	191.08	156.51	56	107.19
858	12.81	131.33	54	92.65
859	109.53	6.16	57	94.32
860	62.71	34.18	56	75.65
Drivers: 12
id	x	y	end	sensitivity
518	26.04	173.04	53	2
519	150.05	58.46	55	1.34
520	39.1	145.06	56	0.6
521	46.13	194.54	53	1.67
522	58.73	75.86	54	0.92
523	15.83	147.13	55	1.55
524	158.62	25.94	53	1.1
525	159.63	165.71	53	1.77
526	166.5	0.69	54	1.33
527	90.89	61.98	54	0.77
528	166.97	45.17	54	0.66
529	59.13	198.41	53	1.12
Period: 54
Tasks:9
id	x	y	end	c
861	110.4	2.78	60	97.77
862	105.23	171.46	55	71.65
863	175.93	68.78	57	82.1
864	86.1	185.65	61	86.77
865	194.91	26.53	58	120.02
866	40.77	183.16	57	102.1
867	122.49	69.52	54	37.88
868	8.6	47.06	57	105.62
869	110.45	81.21	56	21.5
Drivers: 9
id	x	y	end	sensitivity
530	56.71	60.93	55	0.64
531	189.72	116.14	54	0.89
532	32.38	24.69	55	0.79
533	31.92	174.46	56	1.45
534	119.18	12.6	55	0.9
535	134.18	18.12	55	1.78
536	141.64	125.18	54	1.46
537	89.98	197.5	57	1.89
538	184.81	168.74	55	1.32
Period: 55
Tasks:12
id	x	y	end	c
870	182.41	174.19	58	110.89
871	11.09	19.49	57	119.95
872	109.96	183.46	56	84.05
873	66.67	50.15	58	59.97
874	101.28	188.87	57	88.88
875	151.94	194.64	57	107.96
876	166.8	143.62	59	79.78
877	22.07	155.46	58	95.65
878	72	164.66	57	70.46
879	144.95	79.45	57	49.42
880	187.24	55.83	60	97.78
881	176.09	62.27	60	84.93
Drivers: 12
id	x	y	end	sensitivity
539	151.99	174.66	56	1.54
540	193.67	29.77	55	1.02
541	49.04	103.92	57	0.81
542	54.13	65.93	55	0.98
543	157.68	92.72	55	1.02
544	98.29	4.35	55	1.6
545	4.75	92.99	55	0.63
546	40.02	193.04	56	1.73
547	83.3	91.83	57	0.76
548	4.51	172.91	56	1.18
549	142.51	52.73	55	0.65
550	68.66	152.68	55	1.2
Period: 56
Tasks:14
id	x	y	end	c
882	75.71	92.28	60	25.49
883	83.66	101.12	61	16.38
884	138.13	49.61	57	63.19
885	140.5	187.64	57	96.55
886	69.13	123.23	61	38.63
887	45.2	23.14	57	94.4
888	170.52	103.76	60	70.62
889	40.76	97.55	58	59.29
890	144.08	89.11	58	45.41
891	66.53	191.64	59	97.56
892	181.25	16.88	58	116.23
893	104.95	41.99	61	58.22
894	195.82	151.36	62	108.72
895	52.74	84.19	60	49.83
Drivers: 9
id	x	y	end	sensitivity
551	26.45	48.07	60	0.58
552	128.79	9.33	57	1.51
553	52.84	3.97	57	1.73
554	115.04	135.6	56	0.62
555	0.27	19.13	57	1.11
556	181.52	17.43	57	1.09
557	95.05	1.26	58	1.56
558	183.81	125.26	58	1.92
559	43.15	132.98	57	0.78
Period: 57
Tasks:13
id	x	y	end	c
896	98.04	180.18	60	80.2
897	140.07	193.26	61	101.5
898	87.23	101.05	59	12.81
899	153.02	60.24	59	66.27
900	64.31	89.47	58	37.21
901	23.36	109.81	66	77.27
902	148.28	115.06	60	50.57
903	43.4	46.13	61	78.14
904	26.43	195.64	61	120.66
905	108.06	44.86	62	55.73
906	2.44	137.86	58	104.65
907	104.76	86.02	62	14.77
908	78.21	173.28	62	76.45
Drivers: 9
id	x	y	end	sensitivity
560	123.94	20.61	57	1.63
561	74.08	179.17	58	1.06
562	32.64	21.87	59	1.01
563	80.76	129.07	57	0.9
564	66.97	121.95	57	0.75
565	36.52	125.07	58	1.48
566	29.93	70.2	60	1.28
567	142.4	80.31	61	1.67
568	14.94	189.74	58	1.86
Period: 58
Tasks:12
id	x	y	end	c
909	54.13	169.54	62	83.31
910	63.5	18.1	63	89.67
911	55.81	113.37	62	46.17
912	154.48	131.3	59	62.83
913	95.45	96.03	61	6.04
914	157.75	52.6	61	74.71
915	31.51	145.27	59	82.1
916	47.12	96.87	61	52.97
917	190.14	149.69	60	102.93
918	63.57	42.98	63	67.66
919	86.4	110.41	61	17.13
920	185.94	163.14	61	106.64
Drivers: 12
id	x	y	end	sensitivity
569	115.99	126.65	60	1.73
570	6.58	169.97	58	1.06
571	132.66	50.8	60	1.48
572	181.13	189.73	60	1.62
573	123.8	123.92	59	0.52
574	65.83	71.6	60	1.84
575	43.81	86.11	58	0.68
576	8.22	74.35	59	1.11
577	39.56	4.67	60	1.05
578	65.17	24.76	58	1.3
579	168.63	110.4	59	1.59
580	178.81	29.67	58	0.98
Period: 59
Tasks:21
id	x	y	end	c
921	3.26	95.19	60	96.86
922	137.17	122.83	61	43.62
923	116.02	149.61	60	52.13
924	26.58	53.15	60	87.09
925	64.43	37.21	63	72.17
926	25.19	32.91	62	100.49
927	57.58	128.35	63	51.02
928	99.45	181.59	63	81.59
929	158.98	125.37	60	64.2
930	180.45	71.93	60	85.21
931	152.19	127.99	62	59.22
932	87.11	41.24	61	60.16
933	187.35	168.5	61	111.01
934	53.87	182.8	63	94.78
935	183.21	132.89	61	89.47
936	188.97	101.25	62	88.98
937	197.97	124.43	63	100.97
938	67.87	34.87	62	72.62
939	138.6	55.4	61	58.98
940	93.38	63.65	62	36.95
941	118.45	83.62	65	24.67
Drivers: 14
id	x	y	end	sensitivity
581	71.47	189.07	63	1.66
582	49.18	157.24	62	0.61
583	4.21	132.04	59	1.97
584	118.51	195.3	60	1.02
585	54.5	34.7	60	0.55
586	32.75	69.95	60	1.75
587	195.7	170.92	60	1.18
588	16.1	69.06	59	1.28
589	156.57	5.01	59	1.97
590	36.8	22.75	62	1.07
591	114.28	13.74	60	0.63
592	44.03	46.15	59	1.52
593	59.53	79.21	61	1.01
594	47.18	189.24	61	1.63
Period: 60
Tasks:17
id	x	y	end	c
942	130.9	43.03	64	64.81
943	69.85	117.73	62	34.98
944	7.46	23.71	62	119.93
945	153.94	29.8	65	88.53
946	197.59	115.31	63	98.78
947	0.23	179.3	63	127.45
948	33.28	195.84	64	116.78
949	85.87	153.02	61	54.87
950	158.73	78.92	61	62.4
951	87.85	2.82	63	97.94
952	10.39	1.05	63	133.5
953	144.18	192.7	68	102.69
954	77.15	85.28	66	27.18
955	109.56	163.94	62	64.65
956	195.63	79.76	64	97.75
957	73.91	162.43	64	67.66
958	43.4	199.25	61	114.25
Drivers: 9
id	x	y	end	sensitivity
595	127.92	164.05	60	1.66
596	40.57	6.18	61	0.55
597	82.44	176.84	62	0.74
598	16.53	143.52	61	1.45
599	99.5	121.38	62	0.5
600	116.21	102.13	62	1.61
601	99.73	181.89	62	1.7
602	155.59	71.89	63	1.51
603	40.74	128.67	60	1.56
Period: 61
Tasks:17
id	x	y	end	c
959	153.19	183.9	62	99.34
960	81.74	18.34	63	83.68
961	4.98	58.46	65	103.7
962	83.24	177.38	63	79.17
963	96.65	135.18	64	35.34
964	73.71	29.3	66	75.43
965	31.21	165.48	62	94.97
966	84.66	56.19	63	46.42
967	54.15	71.26	68	54.11
968	198.99	165.98	64	118.96
969	48.47	137.81	67	63.91
970	50.5	60.68	68	63.22
971	83.18	81.47	69	25.03
972	163.12	54.82	66	77.62
973	76.22	124.31	63	34.01
974	80.99	47.09	72	56.22
975	30.57	45.52	64	88.25
Drivers: 11
id	x	y	end	sensitivity
604	129.82	189.07	61	0.99
605	47.08	165.06	63	1.89
606	160.05	92.84	64	1.77
607	52.81	86.02	62	0.66
608	197.56	5.14	61	2
609	109.63	124.93	63	1.01
610	31.03	82.82	61	0.57
611	6.24	6.66	61	1.03
612	51.3	23.01	62	1.9
613	163.42	150.45	61	0.79
614	123.29	151.59	63	1.29
Period: 62
Tasks:15
id	x	y	end	c
976	104.64	135.55	65	35.85
977	170.77	104.15	64	70.89
978	59.97	181.9	65	91.16
979	61.63	102.11	63	38.43
980	166.35	39.52	63	89.78
981	40.82	151.05	64	78.16
982	145.66	106.73	66	46.15
983	121.38	25.63	66	77.38
984	131.91	79.23	67	38.07
985	92.51	62.46	65	38.28
986	73.67	176.35	68	80.76
987	66.75	42.16	65	66.72
988	196.77	144.57	66	106.54
989	177.45	80.46	65	79.88
990	43.86	148.18	65	73.98
Drivers: 9
id	x	y	end	sensitivity
615	185.08	44.47	63	1.16
616	158.92	91.93	65	0.77
617	102.02	29.46	64	1.18
618	111.86	87.25	62	1.34
619	83	103.61	63	0.62
620	106.24	46.34	64	0.51
621	155.44	181.91	64	1.7
622	39.02	45.51	64	1.46
623	182.8	146.17	62	1.14
Period: 63
Tasks:22
id	x	y	end	c
991	22.99	189.81	68	118.31
992	181.59	94.66	65	81.76
993	62.31	119.47	66	42.42
994	69.29	186.38	68	91.68
995	94.07	50.66	65	49.7
996	176.34	132.67	64	83.04
997	169.98	97.47	64	70.03
998	41.13	142.66	64	72.7
999	92.48	62.39	66	38.35
1000	161.64	15.12	67	104.9
1001	2.1	128.2	65	101.88
1002	59.85	149.37	65	63.64
1003	181.91	72.51	63	86.4
1004	13.43	187.02	66	122.75
1005	57.27	86.93	69	44.68
1006	46.56	65.97	65	63.36
1007	115.03	146.12	67	48.51
1008	23.32	120.62	65	79.4
1009	94.28	47.62	68	52.69
1010	135.17	6.21	64	100.17
1011	25.1	61.13	68	84.39
1012	4.61	93.39	66	95.62
Drivers: 15
id	x	y	end	sensitivity
624	138.77	60.37	64	0.58
625	35.78	12.5	65	0.77
626	14.97	114.49	65	0.99
627	81.4	149.35	64	1.46
628	3.71	90.56	63	1.03
629	187.94	101.74	64	1.63
630	70.57	164.17	63	0.86
631	56.7	124.1	63	0.76
632	34.68	180.34	64	0.6
633	117.07	55.83	63	1.53
634	7.89	61.97	64	1.28
635	173.43	23.69	65	0.63
636	163.66	12.47	64	0.62
637	20.36	1.73	65	1.28
638	156.95	58.17	63	1.39
Period: 64
Tasks:14
id	x	y	end	c
1013	8.74	117.5	67	92.92
1014	5.98	168.89	65	116.56
1015	117.07	47.02	68	55.66
1016	95.17	67.13	70	33.22
1017	7.93	46.19	67	106.64
1018	153.76	122.82	68	58.4
1019	86.12	142.64	71	44.84
1020	82.51	58.58	65	44.96
1021	58.15	197.1	65	105.73
1022	127.43	23.07	66	81.67
1023	88.82	13.07	67	87.65
1024	120.06	196.34	71	98.41
1025	90.78	193.52	68	93.97
1026	38.53	56.91	68	75.07
Drivers: 16
id	x	y	end	sensitivity
639	49.39	6.4	65	1.23
640	95.44	117.78	67	0.66
641	86.9	100.42	64	0.75
642	108.01	144.77	65	1.13
643	42.77	102.85	65	1.72
644	36.3	143.82	67	1.89
645	141.18	63	65	1.92
646	30.32	119.81	64	0.82
647	170.54	180.44	64	0.79
648	166.58	182.86	65	0.53
649	71.18	189.41	65	1.4
650	176.87	193.34	66	0.96
651	88.86	60.1	66	1.47
652	35.54	79.63	65	1.92
653	130	59.15	66	1.26
654	60.12	178.19	66	0.93
Period: 65
Tasks:12
id	x	y	end	c
1027	116.76	177.54	67	79.33
1028	30.35	21.61	66	104.86
1029	32.32	171.55	68	98.49
1030	86.85	112.03	69	17.82
1031	84.07	133.52	65	37.11
1032	142.62	9.04	67	100.45
1033	96.06	196.27	68	96.35
1034	169.63	175.24	69	102.52
1035	186.45	195.72	68	128.98
1036	129.22	20.47	68	84.73
1037	102.36	118.02	65	18.17
1038	67.95	1.65	71	103.44
Drivers: 13
id	x	y	end	sensitivity
655	128.63	89.94	66	0.99
656	128.27	1.95	67	1.61
657	189.35	125.97	67	0.7
658	20.24	49.55	67	1.78
659	34.91	128.69	67	1.67
660	67.23	160.44	65	1.32
661	118.17	155.97	65	1.06
662	63.33	35.29	65	0.8
663	102.91	81.62	65	0.64
664	65.01	132.88	66	0.68
665	164.31	60.41	67	1.05
666	27.17	35.19	67	1.84
667	126.37	5.04	66	0.68
Period: 66
Tasks:12
id	x	y	end	c
1039	167.45	100.96	67	67.46
1040	63.38	165.24	68	74.81
1041	195.16	185.95	69	128.23
1042	138.41	130.69	69	49.17
1043	153.9	163.55	68	83.33
1044	173.31	74.45	69	77.63
1045	33.01	10.38	68	111.89
1046	72.45	147.66	69	55.05
1047	64.93	168.68	68	77.12
1048	195.99	163.13	69	114.89
1049	114.6	177.24	70	78.61
1050	40.68	57.24	71	73.13
Drivers: 6
id	x	y	end	sensitivity
668	15.94	64.27	67	0.87
669	18.32	151.7	68	1.58
670	156.19	73.64	69	1.87
671	18.42	122.02	66	1.42
672	187.64	116.22	67	1.59
673	71.4	197.35	68	0.59
Period: 67
Tasks:20
id	x	y	end	c
1051	155.84	98.62	69	55.86
1052	60.25	161.55	70	73.27
1053	91.33	169.16	71	69.7
1054	24.15	199.41	68	125.04
1055	134.13	184.7	69	91.32
1056	101.87	75.19	68	24.88
1057	109.34	136.27	70	37.45
1058	69.74	187.39	68	92.48
1059	40.43	63.89	71	69.66
1060	191.56	12.77	69	126.46
1061	54.44	17.43	71	94.31
1062	176.74	84.38	69	78.31
1063	33.48	21.52	69	102.88
1064	113.12	112.6	72	18.19
1065	5.1	153.63	69	109.01
1066	79.31	96.31	67	21.02
1067	17.66	141.29	70	92.11
1068	189.63	134.36	71	95.99
1069	84.57	53.25	70	49.23
1070	162.08	55.69	70	76.27
Drivers: 8
id	x	y	end	sensitivity
674	98.14	114.08	67	0.94
675	66.57	116.72	68	1.35
676	131.33	28.96	68	1.75
677	19.29	139.21	67	1.98
678	159.31	184.48	67	0.62
679	37.34	72.04	68	1.3
680	114.64	66.45	67	0.69
681	8.76	128.49	68	0.68
Period: 68
Tasks:22
id	x	y	end	c
1071	117.2	94.74	72	17.99
1072	153.23	164.13	69	83.34
1073	7.72	71.57	70	96.56
1074	117.09	140.09	69	43.58
1075	1.77	174.17	70	123.09
1076	31.75	90.77	71	68.87
1077	128.75	77.03	72	36.8
1078	64.78	79.43	72	40.79
1079	9.16	126.82	71	94.72
1080	191.65	130.06	71	96.45
1081	103.39	27.9	73	72.18
1082	110.49	72.69	68	29.26
1083	189.55	58.12	74	98.86
1084	173.29	64.78	71	81.31
1085	50.54	68.83	72	58.46
1086	44.08	13.58	72	102.93
1087	144.27	89.46	70	45.51
1088	4.23	196.31	70	135.82
1089	63.21	24.1	70	84.35
1090	32.66	6.3	69	115.39
1091	114.88	85.56	74	20.73
1092	105.38	179.98	72	80.16
Drivers: 13
id	x	y	end	sensitivity
682	42.65	11.11	68	1.99
683	86.66	144.89	69	1.38
684	48.96	160.58	69	1.77
685	80.74	9.26	71	1.9
686	116.91	12.87	69	1.59
687	193.21	77.86	69	0.82
688	118.09	97.5	69	1.26
689	30.98	14.04	71	1.67
690	174.31	185.15	68	1.21
691	91.81	119.76	68	1.64
692	138.49	74.16	68	1.7
693	7.15	84.87	69	0.82
694	101.4	186.4	68	1.25
Period: 69
Tasks:15
id	x	y	end	c
1093	129.57	82.49	76	34.37
1094	34.99	50.98	71	81.42
1095	39.45	101.67	75	60.57
1096	185.54	16.71	75	119.39
1097	101.75	115.7	70	15.8
1098	179.26	128.38	73	84.19
1099	132.64	23.93	72	82.78
1100	1.75	125.81	69	101.58
1101	63.18	55.33	76	57.89
1102	23.02	68.92	72	83.02
1103	37.77	98.11	69	62.26
1104	59.94	168.06	72	78.97
1105	160.33	127.92	71	66.48
1106	94.99	31.46	72	68.72
1107	177.04	56.21	72	88.62
Drivers: 10
id	x	y	end	sensitivity
695	78.29	197.28	69	1.04
696	56.43	164.03	70	1.56
697	188.91	6.05	69	0.52
698	179.14	16.71	71	0.58
699	166.71	54.98	69	0.59
700	24.06	3.22	70	1.81
701	22.01	165.71	71	1.18
702	183.53	70.56	69	0.78
703	93.45	100.26	69	1.4
704	44.94	164.91	69	1.16
Period: 70
Tasks:12
id	x	y	end	c
1108	160.49	59.54	72	72.77
1109	197.95	131.88	72	103.01
1110	18.68	67.24	72	87.67
1111	150.88	56.46	73	66.97
1112	48.34	180.16	74	95.36
1113	24.85	6.63	70	119.86
1114	173	104.43	74	73.13
1115	19.89	101.62	73	80.13
1116	55.69	176.86	74	88.72
1117	79.8	5.43	73	96.7
1118	140.52	57.12	74	59
1119	80.28	89.01	76	22.58
Drivers: 9
id	x	y	end	sensitivity
705	192.98	76.32	72	1.14
706	171.66	17.62	71	0.56
707	17.21	154.56	71	1.04
708	166.16	129.36	70	1.82
709	107.55	174.57	71	1.54
710	31.59	109.47	74	1.31
711	1.44	194.03	71	1.16
712	135.62	111.35	71	1.98
713	72.57	92.81	72	1.97
Period: 71
Tasks:15
id	x	y	end	c
1120	81.55	72.51	73	33.11
1121	144.85	14.78	74	96.3
1122	154.25	105.07	77	54.49
1123	106.94	185.39	75	85.67
1124	29.75	149.37	76	85.86
1125	198.39	67	72	103.78
1126	0.34	66.05	74	105.28
1127	124.52	51.01	73	54.78
1128	177.8	37.7	76	99.67
1129	169	77.34	81	72.63
1130	103.81	24.85	77	75.25
1131	192.36	186.4	75	126.47
1132	88.81	30.91	71	69.99
1133	134.34	51.28	76	59.61
1134	164.12	115.53	74	65.97
Drivers: 11
id	x	y	end	sensitivity
714	169.17	37.98	71	1.09
715	16.44	110.92	72	0.7
716	43.12	1.36	71	1.65
717	153.22	160.34	71	1.02
718	84.18	16.8	71	1.84
719	94.2	32.62	73	1.84
720	182.98	10.77	73	0.92
721	6.38	173.52	72	1.83
722	118.34	44.92	72	1.02
723	158.96	181.77	72	1.41
724	79.23	2.09	71	1.37
Period: 72
Tasks:19
id	x	y	end	c
1135	74.62	2.51	72	100.74
1136	119.34	109.63	74	21.6
1137	183.14	115.29	75	84.53
1138	157.05	104.93	76	57.26
1139	76.61	199.11	79	101.83
1140	111.9	75.13	77	27.57
1141	63.39	17.38	76	90.37
1142	149.95	187.78	77	101
1143	34.7	133.22	74	73.26
1144	41.93	88.7	75	59.16
1145	45.83	177.11	74	94.24
1146	101.91	149.79	77	49.83
1147	55.48	34.23	73	79.42
1148	177.57	80.87	74	79.89
1149	123.04	28.63	74	75
1150	135.96	9.91	76	97
1151	177.58	44.23	74	95.55
1152	2.58	112.86	76	98.27
1153	41.47	125.41	74	63.81
Drivers: 13
id	x	y	end	sensitivity
725	38.27	196.22	73	0.98
726	28.87	113.2	74	1.38
727	160.36	179.88	72	1.03
728	38.5	118.11	73	0.67
729	181.9	113.95	72	1.51
730	48	161.75	72	1.83
731	87.32	134.84	73	1.34
732	49.64	28.37	72	1.24
733	55.12	121.98	73	0.57
734	111.98	1.55	73	1.26
735	17.12	35.84	73	1.09
736	169.2	18.26	72	0.55
737	106.34	39.04	73	1.27
Period: 73
Tasks:16
id	x	y	end	c
1154	192.72	99.23	78	92.72
1155	81.13	109.49	74	21.12
1156	89.69	118.26	76	20.97
1157	115.25	77	77	27.6
1158	150.89	142.08	74	66.03
1159	44.82	156.96	76	79.3
1160	131.02	123.13	73	38.69
1161	104.68	133.32	75	33.65
1162	10.88	20.68	75	119.31
1163	6.31	107.14	77	93.96
1164	186.3	148.31	74	98.9
1165	35.46	151.34	75	82.47
1166	117.34	22.74	74	79.18
1167	8.01	141.31	74	100.84
1168	69.32	183.33	78	88.8
1169	81.8	42.72	75	60.1
Drivers: 8
id	x	y	end	sensitivity
738	62.59	64.89	73	1.61
739	35.13	20.35	75	0.98
740	134.1	4.11	76	1.3
741	192.29	44.15	73	1.72
742	103.26	14.14	74	1.96
743	108.32	106.74	73	0.58
744	100.15	101.2	73	1.05
745	183.36	179.78	73	1.47
Period: 74
Tasks:13
id	x	y	end	c
1170	87.87	191.25	76	92.05
1171	17	126.46	75	87.12
1172	115.79	112.85	76	20.36
1173	180.17	10.99	77	119.79
1174	31.36	147.24	79	83.33
1175	149.83	8.02	78	104.61
1176	146.88	170.13	78	84.36
1177	148.44	41.29	76	76.11
1178	62.97	95.71	78	37.28
1179	91.63	155.75	79	56.37
1180	72.62	159.86	76	65.82
1181	144.42	154.63	79	70.41
1182	74.84	18.37	76	85.42
Drivers: 7
id	x	y	end	sensitivity
746	156.66	155.6	74	1.33
747	23.98	164.77	74	0.91
748	57.49	127.42	74	1.25
749	96.11	80.37	74	1.93
750	31.3	157.17	74	1.77
751	45.12	96.91	76	1.98
752	141.42	84.86	74	1.17
Period: 75
Tasks:18
id	x	y	end	c
1183	175.22	90.77	77	75.78
1184	187.88	48.16	77	102.03
1185	107.66	93.49	80	10.05
1186	194.67	58.54	77	103.35
1187	146.01	18.83	77	93.3
1188	122.18	106.98	79	23.25
1189	141.66	23.65	76	86.98
1190	67.66	25.34	79	81.36
1191	6.32	4.73	77	133.61
1192	110.26	115.66	78	18.72
1193	149.04	98.53	80	49.06
1194	36.81	85.99	77	64.72
1195	175.16	149.83	79	90.18
1196	22.08	124.52	78	81.69
1197	15.21	82.28	81	86.62
1198	113.9	104.74	77	14.69
1199	72.92	72.59	77	38.53
1200	189.86	90.14	79	90.4
Drivers: 9
id	x	y	end	sensitivity
753	81.92	37	75	1.36
754	73.11	182.1	77	1.28
755	91.94	151.09	76	1.62
756	1.85	129.64	76	1.68
757	173.25	82.26	76	0.98
758	178.87	168.84	76	0.65
759	13.61	60.16	76	0.85
760	56.92	172.95	76	1.39
761	29.78	188.21	78	1.49
Period: 76
Tasks:18
id	x	y	end	c
1201	109.62	26.21	77	74.41
1202	137.66	163.46	77	73.79
1203	142	148.09	80	63.85
1204	136.57	44.51	79	66.46
1205	10.41	111.76	78	90.36
1206	125.11	164.36	77	69.08
1207	140.08	12.13	83	96.58
1208	110.24	127.77	77	29.6
1209	147.88	135.36	77	59.52
1210	76.88	185.33	79	88.41
1211	138.23	69.3	77	49.03
1212	56.6	86.33	80	45.5
1213	8.89	24.64	79	118.24
1214	160.61	180.6	79	100.85
1215	73.01	69.73	82	40.56
1216	62.42	158.78	80	69.77
1217	102.37	29.28	79	70.76
1218	59.73	50.78	79	63.59
Drivers: 10
id	x	y	end	sensitivity
762	140.29	36.45	77	0.72
763	103.04	28.97	77	1.92
764	17.02	87.43	77	1.75
765	134.37	18.61	77	0.75
766	174.31	144.24	77	1.2
767	109.17	120.9	76	1.96
768	139.81	85.81	76	0.69
769	4.37	129.68	77	1.04
770	185.9	132.04	76	1.87
771	96.98	128.76	77	0.99
Period: 77
Tasks:19
id	x	y	end	c
1219	123.94	62.23	79	44.72
1220	161.72	92.8	80	62.14
1221	88.95	154.05	82	55.17
1222	165.42	143.87	79	78.77
1223	167.17	45.24	82	86.66
1224	12.81	50.06	81	100.48
1225	149.03	63.19	82	61.31
1226	3.33	190.74	79	132.59
1227	133.61	95.69	77	33.89
1228	167.29	42.71	80	88.37
1229	80.48	72.74	80	33.53
1230	90.56	13.24	78	87.27
1231	140.12	119.17	81	44.46
1232	99.78	25.29	77	74.71
1233	98.28	182.86	79	82.88
1234	89.14	83.06	81	20.12
1235	22.8	29.03	80	104.86
1236	140.79	186.56	78	95.69
1237	197.7	8.82	81	133.64
Drivers: 11
id	x	y	end	sensitivity
772	170.06	38.75	78	0.85
773	153.11	169.23	79	0.96
774	6.15	91.16	78	1.43
775	107.48	164.58	78	0.99
776	2.38	189.09	78	1.42
777	182.68	55.51	78	1.04
778	173.29	182.14	78	1.3
779	15.41	109.24	80	1.43
780	83.18	114.47	77	1.71
781	19.41	43.52	79	1.39
782	136.28	179.77	79	0.58
Period: 78
Tasks:18
id	x	y	end	c
1238	119.09	199.28	83	101.1
1239	22.92	188.74	81	117.54
1240	128.08	97.34	81	28.21
1241	165.08	167.94	82	94.08
1242	137.73	32.15	83	77.63
1243	175.8	164.96	81	99.83
1244	134.36	28.19	80	79.61
1245	99.54	39.01	81	60.99
1246	108.92	108.68	78	12.45
1247	71.23	59.7	82	49.52
1248	74.89	166.82	84	71.38
1249	124.86	140.06	78	47.15
1250	131.03	159.16	81	66.8
1251	79.37	32.28	83	70.79
1252	2.89	32.07	80	118.51
1253	197.89	159.03	80	114.31
1254	172.66	76.42	82	76.39
1255	150.33	125.43	81	56.39
Drivers: 6
id	x	y	end	sensitivity
783	172.83	42.45	78	0.91
784	134.04	129.25	79	1.05
785	6.64	113.58	80	1.12
786	60.52	45.39	80	1.56
787	155.37	4.89	81	0.58
788	68.14	1.43	79	0.79
Period: 79
Tasks:15
id	x	y	end	c
1256	45.14	139.6	83	67.66
1257	123.08	66.57	81	40.62
1258	16.22	36.63	84	105.05
1259	126.09	137.1	81	45.36
1260	25.95	95.04	86	74.22
1261	17.89	174.4	84	110.8
1262	172.28	90.9	82	72.85
1263	166.92	108.19	81	67.42
1264	187.53	0.25	79	132.71
1265	160.25	55.07	83	75.16
1266	82.34	90.68	84	19.97
1267	121.7	57.28	83	47.92
1268	12.95	10.71	85	124.7
1269	57.95	181.57	82	91.77
1270	15.03	84.24	81	86.42
Drivers: 8
id	x	y	end	sensitivity
789	158.53	69.71	81	1.89
790	124.47	85.74	79	0.81
791	169.86	158.56	80	0.74
792	8.5	56.59	79	0.75
793	158.69	146.37	79	1.17
794	74.57	98.73	80	1.97
795	131.05	154.28	81	0.78
796	170.18	158.9	79	0.87
Period: 80
Tasks:21
id	x	y	end	c
1271	71.71	46.49	84	60.53
1272	81.01	25.53	83	76.85
1273	8.43	107.99	81	91.92
1274	130.89	20.31	83	85.47
1275	160.87	82.08	86	63.45
1276	56.16	114.59	82	46.2
1277	93.84	86.79	82	14.58
1278	105.91	173.4	83	73.64
1279	145.56	159.44	85	74.89
1280	67.28	171.49	82	78.62
1281	193.91	195.2	86	133.72
1282	52.44	82.53	87	50.67
1283	53.41	65.28	84	58.1
1284	166.39	14.45	83	108.29
1285	60.39	51.86	84	62.34
1286	4.19	160.83	81	113.49
1287	8.22	101.8	80	91.8
1288	18.7	128.39	84	86.11
1289	77.36	80.25	82	30.04
1290	72.33	94.61	85	28.19
1291	163.45	121.44	83	66.97
Drivers: 16
id	x	y	end	sensitivity
797	17.7	191.86	80	0.73
798	167.27	131.01	80	1.69
799	193.43	102.03	80	0.73
800	133.5	174.74	84	1.44
801	173.28	32.92	80	1.05
802	172.08	187.72	82	0.94
803	198.93	46.61	80	0.51
804	172.51	25.16	81	1.43
805	172.44	170.29	80	1.9
806	87.71	19.86	81	1.95
807	41.6	102.47	83	1.31
808	45.34	27.56	81	1.84
809	199.98	168	80	0.86
810	66.74	125.21	80	1
811	93.7	163.46	82	1.5
812	77.19	19.15	80	1.84
Period: 81
Tasks:22
id	x	y	end	c
1292	12.36	147.7	82	99.78
1293	47.98	31.15	86	86.29
1294	43.26	118.65	82	59.73
1295	175.94	118.27	82	78.11
1296	77.34	166.28	81	70.05
1297	68.9	162.95	87	70.21
1298	176.99	166.02	82	101.42
1299	97.22	125.6	84	25.75
1300	28.9	48.08	86	88.04
1301	138.51	6.69	84	100.94
1302	50.01	111.55	82	51.31
1303	128.95	145.72	85	54.11
1304	99.53	188.1	86	88.1
1305	120.41	167.84	84	70.84
1306	41.6	192.98	82	109.8
1307	40.37	191.42	85	109.15
1308	33.74	79.6	83	69.33
1309	58.72	39.09	85	73.58
1310	115.94	12.01	82	89.42
1311	53.05	135.34	84	58.76
1312	191.41	55.59	83	101.63
1313	27.43	131.95	85	79.29
Drivers: 10
id	x	y	end	sensitivity
813	148.52	191.35	83	0.89
814	185.4	25.99	82	1.57
815	196.27	25.71	82	1.23
816	10.9	129.35	81	1.04
817	129.9	41.88	82	0.72
818	167.36	136.57	81	1.85
819	184.92	30.06	82	1.65
820	120.26	1.19	82	0.56
821	187.24	38.74	82	0.83
822	171.6	178.09	81	1.98
Period: 82
Tasks:20
id	x	y	end	c
1314	85.14	136.97	85	39.84
1315	162.19	16.21	85	104.35
1316	54.15	68.96	84	55.37
1317	132.66	49.32	86	60.29
1318	23.61	80.35	84	78.88
1319	34.61	135.58	83	74.44
1320	124.12	93.58	84	24.96
1321	45.16	79.58	85	58.52
1322	85.32	79.43	84	25.27
1323	20.88	100.65	83	79.12
1324	63.81	25.74	84	82.61
1325	103.02	46.11	86	53.97
1326	34.03	120.84	83	69.18
1327	171.74	72	84	77.01
1328	44.86	16.47	86	100.09
1329	37.17	81.75	85	65.43
1330	176.8	150.39	83	91.86
1331	31.81	186.18	85	109.89
1332	100.61	190.08	88	90.08
1333	147.81	146.71	84	66.84
Drivers: 8
id	x	y	end	sensitivity
823	55.42	20.98	84	1.75
824	47.98	4.94	83	0.91
825	35.13	155.21	84	1.95
826	42.54	199.17	83	1.89
827	144.89	135.97	82	1.28
828	180.04	15.25	82	1.52
829	92.53	14.18	85	0.85
830	117.34	94.98	82	1.63
Period: 83
Tasks:12
id	x	y	end	c
1334	13.5	49.58	85	100.12
1335	190.1	93.43	86	90.34
1336	122.61	122.28	90	31.74
1337	21.77	96.52	87	78.31
1338	82.84	93.43	85	18.37
1339	50.75	42.44	86	75.75
1340	166.07	145.36	87	80.14
1341	120.59	102.85	85	20.79
1342	53.39	122.74	89	51.86
1343	20.58	14.79	85	116.48
1344	38.62	44.31	85	82.88
1345	136.22	117.96	86	40.43
Drivers: 6
id	x	y	end	sensitivity
831	79.32	105.16	84	1.93
832	168.44	10.85	87	0.51
833	172.48	132.87	84	1.77
834	83.47	100.08	85	1.36
835	29.07	98.91	83	1.99
836	139.15	1.47	85	1.2
Period: 84
Tasks:9
id	x	y	end	c
1346	82.93	39.2	87	63.15
1347	134.05	192.71	88	98.77
1348	99.85	48.3	90	51.7
1349	115.79	165.75	88	67.62
1350	164.5	119.51	86	67.39
1351	98.73	192.37	88	92.38
1352	59.42	62.2	88	55.46
1353	170.82	101.2	85	70.83
1354	195.78	118.58	86	97.57
Drivers: 10
id	x	y	end	sensitivity
837	28.26	175.99	84	0.9
838	114.77	34.81	86	1.79
839	178.11	110.32	86	0.89
840	144.36	69.52	86	1.15
841	60.68	14.3	85	0.76
842	22.21	126.41	85	1.22
843	79.82	81.47	85	1.65
844	42.5	143.55	84	1.01
845	122.81	137.79	84	1.2
846	25.81	72.01	86	1.81
Period: 85
Tasks:8
id	x	y	end	c
1355	147.71	170.35	86	85
1356	88.79	8.37	86	92.31
1357	83.72	152.81	88	55.26
1358	91.62	179.43	85	79.87
1359	6.32	82.74	87	95.26
1360	44.37	122.06	89	59.84
1361	77.59	140.11	87	45.95
1362	164.32	83.45	90	66.42
Drivers: 3
id	x	y	end	sensitivity
847	20.66	193.31	85	0.86
848	81.21	181.38	85	0.77
849	62.22	88.73	88	1.3
Period: 86
Tasks:13
id	x	y	end	c
1363	47.25	46.56	89	75.09
1364	120.67	134.54	91	40.25
1365	64.4	84.29	95	38.91
1366	59.34	169.8	88	80.78
1367	66.67	111.2	89	35.16
1368	6.13	65.79	91	99.91
1369	112.59	182.78	87	83.73
1370	33.56	43.71	86	87.08
1371	23.25	189.48	91	117.89
1372	156.19	5.77	89	109.71
1373	88.54	113.16	91	17.45
1374	31.64	41.52	89	89.96
1375	24.46	199.25	89	124.73
Drivers: 7
id	x	y	end	sensitivity
850	105.09	48.79	86	0.78
851	111.76	40.66	86	1.11
852	44.15	172.69	87	0.84
853	140.94	181.43	87	1.02
854	103.93	4.52	87	0.51
855	198.93	15.25	87	1.51
856	54.52	138.74	86	0.81
Period: 87
Tasks:10
id	x	y	end	c
1376	156.33	82.38	89	59.02
1377	59.9	85.96	91	42.49
1378	3.63	46.21	87	110.37
1379	22.53	187.01	88	116.5
1380	67.13	123.6	89	40.46
1381	185.83	69.98	90	90.93
1382	90.6	76.29	88	25.51
1383	162.2	115.13	89	64.01
1384	73.32	102.63	91	26.81
1385	176.2	34.58	88	100.43
Drivers: 14
id	x	y	end	sensitivity
857	90.5	87.87	88	1.98
858	43.12	108.64	87	1.58
859	1.87	160.7	87	1.55
860	92.78	25.22	88	0.67
861	165.59	123.78	88	1.31
862	126.88	177.1	87	0.7
863	163.43	180.65	87	0.88
864	156.8	107.03	87	1.24
865	130.24	103.71	88	0.62
866	6.61	66.06	89	1.65
867	43.09	44.65	88	1.27
868	32.79	114.05	89	0.79
869	59.63	67.31	87	1.69
870	135.77	150.77	87	1.48
Period: 88
Tasks:11
id	x	y	end	c
1386	5.11	134.58	91	100.99
1387	7.56	24.82	91	119.15
1388	32.25	56.81	89	80.35
1389	118.07	179.95	89	81.97
1390	180.25	156.88	91	98.36
1391	85.98	7.79	89	93.27
1392	169.83	170.33	91	99.11
1393	92.59	141.25	91	41.91
1394	27.73	151.5	90	88.74
1395	161.77	170.69	90	93.88
1396	102.58	152.73	92	52.79
Drivers: 9
id	x	y	end	sensitivity
871	22.76	153.3	90	1.46
872	50.38	92.16	91	0.66
873	182.77	64.03	89	1.37
874	12.43	83.88	90	1.56
875	102.49	126.27	88	1.58
876	48.36	127.98	88	1.24
877	16.94	70.48	89	0.51
878	116.32	194.71	88	0.86
879	34.64	106.73	89	0.95
Period: 89
Tasks:8
id	x	y	end	c
1397	134.51	194.09	90	100.22
1398	189.82	0.94	92	133.72
1399	95.61	9.43	91	90.68
1400	158.86	71.28	93	65.49
1401	115.96	65.38	91	38.12
1402	62.09	114.97	92	40.76
1403	36.15	18.41	93	103.6
1404	125.96	125.51	94	36.4
Drivers: 9
id	x	y	end	sensitivity
880	89.87	129.13	93	1.71
881	58.63	30.88	90	1.5
882	59.53	50.41	89	0.82
883	180.4	83.9	89	1.99
884	164.71	177.98	90	1.28
885	22.16	158.57	90	1.24
886	110.34	23.48	91	1.4
887	167.06	181.99	90	1.91
888	40.88	18.57	89	1.97
Period: 90
Tasks:15
id	x	y	end	c
1405	130.62	175.37	92	81.35
1406	111.83	120.76	98	23.89
1407	127.02	50.3	91	56.57
1408	145.23	69.25	90	54.69
1409	87.65	46.2	96	55.2
1410	62.62	61.98	94	53.32
1411	43.06	123.52	92	61.61
1412	13.8	68.97	91	91.61
1413	195.01	80.57	93	96.98
1414	66.83	5.67	93	99.99
1415	72.56	103.69	92	27.69
1416	28.88	25.12	95	103.27
1417	187.66	127.9	94	91.99
1418	32.21	51.7	92	83.24
1419	3.62	158.82	94	112.91
Drivers: 4
id	x	y	end	sensitivity
889	44.87	114.74	90	1.95
890	39.39	134.91	92	0.73
891	198.19	89.68	93	0.66
892	85.72	116.8	91	1.21
Period: 91
Tasks:19
id	x	y	end	c
1420	67.91	18.75	93	87.36
1421	140.66	153.77	94	67.41
1422	173.95	199.66	95	124.1
1423	172.21	175.54	96	104.5
1424	124.23	181.3	95	84.83
1425	76.91	104.9	94	23.6
1426	72.13	170.76	94	76.05
1427	9.59	129.54	93	95.11
1428	106.73	85.56	97	15.93
1429	135.69	142.86	95	55.77
1430	175.44	88	94	76.39
1431	165.91	72.9	93	71.26
1432	70.3	53.13	94	55.49
1433	109.73	169.99	93	70.66
1434	181.84	93.6	95	82.09
1435	91.98	188.69	92	89.05
1436	148.83	32.75	93	83.11
1437	140.3	83.15	92	43.68
1438	8.1	101.68	92	91.92
Drivers: 9
id	x	y	end	sensitivity
893	192.74	178.71	92	1.8
894	58.32	149.63	91	1.71
895	166.11	78.76	92	0.77
896	154.12	94.05	92	1.13
897	192.11	20.8	93	0.57
898	44.16	36.64	95	1.49
899	95.6	125.32	94	1.11
900	22.42	19.62	92	1.13
901	183.03	101.57	93	1.3
Period: 92
Tasks:12
id	x	y	end	c
1439	113.3	186.61	97	87.63
1440	0.15	167.4	95	120.47
1441	95.05	0.55	94	99.57
1442	2.52	140.54	94	105.57
1443	59.04	4.64	93	103.78
1444	144.4	163.1	95	77.16
1445	17.16	176.65	92	112.86
1446	58.39	103.84	95	41.79
1447	166.8	93.46	94	67.12
1448	47.82	128.8	95	59.6
1449	7.99	72.51	96	96.03
1450	56.15	100.18	94	43.85
Drivers: 9
id	x	y	end	sensitivity
902	34.37	135.49	95	1.95
903	89.88	120.07	93	0.72
904	32.75	164.66	92	1.78
905	152.9	121.3	92	1.43
906	120.48	191.28	93	1.06
907	130.63	159.12	93	1.48
908	48.45	160.13	93	1.53
909	35.22	32.57	93	0.51
910	33.04	45.44	92	0.81
Period: 93
Tasks:12
id	x	y	end	c
1451	54.42	4.09	97	106.19
1452	107.42	4.04	94	96.25
1453	113.31	145.94	95	47.83
1454	46.77	25.76	96	91.35
1455	72.55	79.07	98	34.52
1456	121.59	66.27	99	40.05
1457	191.34	118.43	96	93.18
1458	117.89	160.07	99	62.68
1459	24.87	75.98	99	78.88
1460	9.73	79.87	96	92.49
1461	50.19	107.28	96	50.34
1462	160.94	109.53	95	61.68
Drivers: 14
id	x	y	end	sensitivity
911	6.7	33.06	94	0.97
912	112.53	185.71	96	1.17
913	41.08	3.53	95	1.82
914	57.96	62.75	95	1.42
915	52.11	82.91	95	1.61
916	60.08	47.83	94	1.01
917	94.18	173.05	94	1.3
918	143.49	152.75	93	1.02
919	21.21	144.86	94	0.91
920	102.22	17.92	93	0.52
921	94.65	167.39	96	1.98
922	81.59	35.81	93	1.68
923	112.26	126.99	93	1.92
924	169.78	96.71	95	1.69
Period: 94
Tasks:14
id	x	y	end	c
1463	19.45	196.55	95	125.74
1464	78.67	143.97	98	48.87
1465	174.62	127.62	103	79.57
1466	68.06	62.55	98	49.22
1467	153.94	121.75	95	58.16
1468	191	11.51	99	126.93
1469	138.51	10.78	100	97.18
1470	93.29	29.46	98	70.86
1471	125.2	113.64	97	28.65
1472	6.72	37.43	98	112.32
1473	58.48	69.23	98	51.68
1474	177.34	130.38	96	83.09
1475	174.13	10.9	100	115.91
1476	159.64	76.15	96	64.23
Drivers: 6
id	x	y	end	sensitivity
925	107.49	187.5	94	1.92
926	195.48	13.81	94	1.96
927	186.43	188.03	96	1.87
928	66.56	43.13	96	0.58
929	177.88	110	96	1.79
930	91.06	53.73	95	0.96
Period: 95
Tasks:11
id	x	y	end	c
1477	101.1	53.9	101	46.11
1478	141.21	84.04	98	44.19
1479	129.01	30.47	98	75.34
1480	140.28	86.24	95	42.57
1481	152.62	109.41	96	53.45
1482	103.87	160.32	96	60.44
1483	135.2	8.65	99	97.9
1484	6.03	55.96	99	103.78
1485	23.34	90.62	97	77.23
1486	193.1	109.87	98	93.62
1487	90.34	78.27	97	23.78
Drivers: 8
id	x	y	end	sensitivity
931	139.22	152.94	96	1.81
932	154.94	147.93	96	1.85
933	26.37	3	96	1.45
934	129.73	172.61	96	1.76
935	138.52	55.71	95	1.96
936	43.2	12.26	97	0.65
937	26.24	142.44	96	1.09
938	172.51	105.39	96	1.77
Period: 96
Tasks:18
id	x	y	end	c
1488	191.74	102.38	99	91.77
1489	97.16	106.71	102	7.29
1490	130.02	154.52	98	62.24
1491	178.98	185.86	99	116.66
1492	165.09	175.27	100	99.51
1493	131.6	5.13	99	99.99
1494	67.59	60.39	98	51.18
1495	28.61	15.43	100	110.67
1496	19.27	143.51	103	91.71
1497	61.01	17.34	98	91.39
1498	166.89	25.66	98	100
1499	107.8	143.68	100	44.37
1500	85.9	11.03	100	90.08
1501	98.53	8.32	101	91.69
1502	194.67	1.4	102	136.69
1503	53.38	17.07	100	95.14
1504	122.52	67	100	39.95
1505	86.33	19.81	101	81.35
Drivers: 10
id	x	y	end	sensitivity
939	32.01	161.86	96	1.01
940	136.84	154.08	98	1.5
941	101.99	91.02	98	0.86
942	126.25	16.44	98	0.75
943	173.35	153.21	97	0.76
944	178.64	191.92	98	0.54
945	15.45	54.91	97	0.85
946	55.36	83.27	96	1.67
947	191.3	114.82	97	0.53
948	61.18	26.31	96	0.81
Period: 97
Tasks:15
id	x	y	end	c
1506	11.26	41.4	99	106.34
1507	97.69	191.92	99	91.95
1508	175.01	7.84	101	118.83
1509	161.65	104.17	100	61.79
1510	185.25	51.49	101	98.09
1511	117.17	182.69	100	84.45
1512	71.68	123.09	98	36.54
1513	11.39	153.4	98	103.46
1514	102.23	38.08	98	61.96
1515	32.67	118.18	103	69.74
1516	19.62	170.72	101	107.06
1517	153.8	166.47	100	85.51
1518	192.58	164.48	97	112.82
1519	172.55	22.8	100	105.94
1520	34.9	37.72	100	90.09
Drivers: 14
id	x	y	end	sensitivity
949	108	99.69	98	1.66
950	129.38	88.91	98	1.46
951	24.79	119.36	98	1.15
952	16.98	86.47	98	1.7
953	41.01	141.05	98	1.79
954	21.64	121.25	97	1.67
955	123.95	111.13	100	0.83
956	67.85	29.28	98	1.98
957	79.02	41.14	97	1.69
958	185.9	66.69	97	1.9
959	193.6	138.33	97	1.43
960	179.56	153.14	99	1.13
961	88.67	64.32	98	1.75
962	113.95	36.51	101	1.15
Period: 98
Tasks:13
id	x	y	end	c
1521	125.06	99.15	99	25.07
1522	9.46	172.58	103	116.04
1523	163.2	35.84	102	90.06
1524	27.85	80.56	102	74.72
1525	166.02	122.2	103	69.65
1526	13.74	15.76	98	120.57
1527	170.58	95.28	104	70.74
1528	49.24	151.73	102	72.47
1529	158.39	32.24	103	89.45
1530	159.92	150.4	106	78.3
1531	100.53	112.74	100	12.75
1532	114.44	120.39	98	24.99
1533	134.89	4.93	101	101.27
Drivers: 17
id	x	y	end	sensitivity
963	139.15	142	98	0.5
964	169.97	87.47	99	1.72
965	147.5	152.42	99	1.84
966	71.85	142.93	98	1.13
967	69.1	109.06	101	0.61
968	106.92	163.69	98	1.98
969	106.14	99.28	100	1.29
970	27.8	144.74	99	1.59
971	28.23	16.81	99	1.16
972	194.69	145.26	100	0.7
973	88.45	152.82	99	0.81
974	14.61	40.3	99	0.66
975	62.5	100.36	98	1.46
976	175.73	156.73	99	1.01
977	149.64	156.33	99	1.86
978	85.55	144.17	99	1.02
979	137.27	14.8	100	1.22
Period: 99
Tasks:15
id	x	y	end	c
1534	58.85	70.07	103	50.88
1535	109.74	10.25	103	90.28
1536	0.78	27.63	102	122.81
1537	56.62	191.75	99	101.49
1538	125.26	33.96	100	70.71
1539	96.42	39.06	104	61.05
1540	40.51	192.19	104	109.72
1541	60.56	22.16	108	87.26
1542	54.47	82.32	103	48.84
1543	19.68	85.26	104	81.66
1544	70.99	28.49	103	77.17
1545	114.72	77.49	100	26.9
1546	20.36	186.21	102	117.37
1547	12.37	25.51	100	115.01
1548	125.44	117.47	100	30.86
Drivers: 15
id	x	y	end	sensitivity
980	51.76	106.26	102	1.89
981	167.27	9.69	100	0.62
982	196.12	197.24	101	1.11
983	91.4	88.95	100	1.24
984	99.36	173.64	99	2
985	119.83	7.34	99	1.85
986	170.24	147.29	100	1.95
987	40.83	37.22	102	0.81
988	54.61	194.96	99	0.89
989	49.14	148.15	99	0.63
990	199.29	9.14	101	1.65
991	165.88	198.93	103	1.67
992	92.08	184.26	102	1.48
993	10.44	178.37	102	2
994	91.4	175.33	100	1.14
Period: 100
Tasks:9
id	x	y	end	c
1549	12.34	97.75	101	87.69
1550	162.57	119.13	103	65.43
1551	161.07	15.1	102	104.58
1552	47.37	153.35	101	74.94
1553	168.16	78.56	106	71.45
1554	36.4	77.07	103	67.61
1555	113.1	72.6	105	30.37
1556	114.57	86.8	105	19.66
1557	140.78	199.95	105	107.95
Drivers: 7
id	x	y	end	sensitivity
995	175.78	23.53	101	1.46
996	171.31	64.54	102	1.92
997	60.71	175.71	100	1.84
998	109.56	47.98	100	1.79
999	78.55	71.83	100	0.64
1000	76.65	40.35	104	0.84
1001	120.01	73.99	102	1.79
