Periods: 100
Task Arrival Rate: 15
Task Average Time: 2
Driver Arrival Rate: 10
Driver Average Time: 1
Period: 1
Tasks:13
id	x	y	end	c
1	100.93	170.22	2	70.23
2	171.18	42.96	8	91.21
3	175.32	112.06	6	76.28
4	84.74	93.76	1	16.49
5	97.73	84.44	3	15.72
6	148.76	2.66	1	108.87
7	44.61	154.64	5	77.8
8	45.63	76.63	2	59.18
9	63.15	184.04	4	91.76
10	165.47	85	5	67.17
11	188.39	196.82	4	131.1
12	66.42	186.95	1	93.21
13	76.74	51.2	1	54.06
Drivers: 12
id	x	y	end	sensitivity
1	8.35	153.41	2	1.68
2	27.42	189.47	2	1.92
3	165.9	10.74	2	1.72
4	39.1	188.99	2	1.62
5	12.38	54.33	2	1.58
6	18.82	41.53	1	0.6
7	190.29	98.77	1	0.7
8	98.36	37.49	2	0.96
9	188.95	110.09	1	0.93
10	56.22	121.6	2	1.15
11	185.5	133.74	2	1.9
12	69.47	181.04	3	1.53
Period: 2
Tasks:23
id	x	y	end	c
14	100.3	36.93	4	63.07
15	116.15	128.29	3	32.58
16	19.68	84.28	5	81.84
17	97.52	13.06	5	86.98
18	26.31	127.5	5	78.65
19	50.98	44.88	7	73.76
20	147.68	123.37	3	53.1
21	98.14	199.37	4	99.39
22	108.56	48.68	4	52.03
23	68.42	50.94	5	58.35
24	185.01	120.16	4	87.37
25	93.13	108.73	2	11.11
26	179.15	132.11	3	85.42
27	101.74	18.42	2	81.6
28	62.85	113.05	3	39.38
29	65.83	132.44	6	47.12
30	64.52	177.64	5	85.36
31	64.34	79.6	4	41.08
32	121.55	40.86	5	62.94
33	179.3	193.35	3	122.49
34	96.46	196	4	96.07
35	98.54	193.1	4	93.11
36	132.56	114.4	4	35.6
Drivers: 6
id	x	y	end	sensitivity
13	95.04	166.99	2	0.61
14	8.86	199.03	3	1.03
15	166.56	105.65	2	0.96
16	145.13	16.63	5	1.57
17	55.63	167.54	5	1.53
18	42.76	160.14	2	0.97
Period: 3
Tasks:10
id	x	y	end	c
37	175.33	57.4	6	86.54
38	31.05	53.64	3	83.09
39	166.19	93.81	8	66.48
40	50.24	128.49	7	57.34
41	104.03	21.93	5	78.17
42	39.09	80.75	10	63.88
43	70.88	14.68	6	90.15
44	2.74	126.75	5	100.87
45	96.42	178.08	6	78.16
46	131.61	44.55	6	63.83
Drivers: 10
id	x	y	end	sensitivity
19	72.47	173.47	4	0.77
20	171.11	88.16	3	0.51
21	21.88	157.45	3	1.13
22	156.19	23.5	3	0.58
23	193.51	170.68	3	1.04
24	85.1	116.04	4	0.84
25	73.57	79.96	5	1.82
26	34.79	103.33	3	1.65
27	167.9	185.05	4	0.68
28	164.8	53.02	4	1.33
Period: 4
Tasks:17
id	x	y	end	c
47	185.83	104.39	4	85.94
48	47.34	7.56	6	106.39
49	147.34	78.24	6	52.1
50	111.85	138.24	6	40.03
51	184.34	145.97	5	96.05
52	100.71	77.18	6	22.83
53	127.13	172.1	5	77.04
54	36.42	83.36	6	65.72
55	71.86	54.88	6	53.18
56	119.97	12.91	6	89.35
57	154.64	113.02	7	56.17
58	52.69	149.22	6	68.27
59	169.07	5.65	5	116.93
60	75.68	148.04	5	53.85
61	171.75	39.4	6	93.92
62	167.13	126.04	6	72
63	44.41	92.41	5	56.11
Drivers: 14
id	x	y	end	sensitivity
29	194.69	130.74	4	0.75
30	59.35	60.66	9	1.06
31	111.21	106.35	4	1.79
32	197.2	34.84	5	1.9
33	78.16	10.19	5	1.3
34	56.07	30.93	6	0.58
35	110.52	171.58	5	0.84
36	61.96	40.03	5	1.47
37	116.1	47.09	5	0.54
38	46.86	133.1	5	1.92
39	199.69	27.46	4	1.56
40	14.28	157.34	4	1.68
41	24.21	30.49	4	0.77
42	66.02	146.56	5	0.62
Period: 5
Tasks:13
id	x	y	end	c
64	17.91	63.51	7	89.83
65	185.26	66.69	7	91.54
66	168.85	104.91	8	69.02
67	1.33	155.92	6	113.41
68	185.98	1.06	8	131.08
69	132.43	80.47	7	37.86
70	122.48	185.27	9	88.18
71	106.46	71.35	8	29.37
72	139.44	86.17	5	41.79
73	96.14	25.31	7	74.79
74	20.3	140.58	6	89.44
75	100.23	98.58	7	1.44
76	129.46	51.98	5	56.34
Drivers: 11
id	x	y	end	sensitivity
43	190.12	26.05	6	1.39
44	192.39	35.97	7	0.76
45	48.04	79.09	7	1.92
46	81.16	56.54	6	1.31
47	55.57	45.56	5	1.65
48	53.6	137.25	6	1.3
49	145.12	197.85	8	0.91
50	98.91	162.36	8	1.07
51	117.57	142.01	5	1.08
52	74.26	79.08	6	1.35
53	88.44	12.11	6	0.86
Period: 6
Tasks:17
id	x	y	end	c
77	95.09	27.47	9	72.7
78	198.66	176.35	10	124.75
79	35.28	142.8	7	77.59
80	47.14	53.97	9	70.09
81	1.22	29.07	7	121.61
82	198.08	96.01	10	98.16
83	120.18	118.83	6	27.6
84	151.7	171.15	7	87.95
85	130.21	66.84	9	44.86
86	109.24	64.4	10	36.78
87	11.31	66.74	7	94.72
88	2.49	78.08	8	99.94
89	113.54	70.37	9	32.58
90	61.79	48.26	8	64.32
91	15.15	43.94	8	101.7
92	25.94	0.3	8	124.2
93	184.27	8.87	7	124.12
Drivers: 16
id	x	y	end	sensitivity
54	191.69	82.54	6	0.8
55	122.24	115.42	10	0.98
56	182.64	189.68	6	0.57
57	180.39	170.24	6	0.69
58	44	46.88	8	1.55
59	17.28	176.18	6	1.94
60	78.08	104.62	7	0.51
61	32.93	71.38	7	1.98
62	76.81	192.05	6	0.71
63	7.91	116.71	7	1.03
64	168.53	153.29	8	1.06
65	152.31	157.09	10	0.72
66	179.21	78.49	7	1.86
67	151.87	160.64	6	1.09
68	153.96	3.23	8	1.64
69	85.46	45.66	7	1.78
Period: 7
Tasks:20
id	x	y	end	c
94	3.23	31.6	9	118.5
95	101.35	148.61	9	48.63
96	48.07	158.35	8	78.11
97	15.34	65.15	10	91.55
98	68.44	48.73	9	60.21
99	113.1	63.01	10	39.24
100	195.98	67.73	7	101.26
101	64.1	38.27	9	71.41
102	71.49	21.79	12	83.24
103	130.73	15.43	7	89.98
104	168.45	124.41	10	72.67
105	123.81	174.98	10	78.67
106	193.16	132.23	11	98.58
107	165.29	139.54	8	76.33
108	89.38	79.24	13	23.32
109	172.37	6.21	10	118.47
110	194.6	60.67	7	102.45
111	59.29	136.49	10	54.67
112	86.61	34.6	8	66.76
113	1.36	135.86	9	104.96
Drivers: 11
id	x	y	end	sensitivity
70	194.23	194.83	8	1.33
71	89.69	20.04	8	1.8
72	153.8	144.11	7	0.74
73	145.53	84.36	8	1.48
74	127.97	7.77	7	1
75	22.93	126.53	8	1.34
76	144.21	199.95	7	1.6
77	53.76	168.22	7	1.02
78	102.85	128.27	7	1.17
79	107.11	25.37	9	0.67
80	80.08	163.92	11	1.26
Period: 8
Tasks:15
id	x	y	end	c
114	107.98	65.36	12	35.55
115	59.77	73.69	12	48.07
116	98.33	178.42	8	78.44
117	68.45	147.77	8	57.25
118	14.79	13.77	11	121.23
119	198.43	129.05	9	102.63
120	148.22	5.04	11	106.5
121	116.08	79.44	9	26.1
122	43.49	161.32	11	83.39
123	32.6	188.21	10	111.01
124	156.98	118.8	11	60
125	126.99	8.21	10	95.68
126	30.41	135.03	9	77.91
127	66.1	54.08	9	57.08
128	150.85	3.67	9	108.93
Drivers: 15
id	x	y	end	sensitivity
81	136.5	22.2	9	1.82
82	101.93	47.53	8	0.66
83	196.27	49.42	9	0.52
84	97.56	170.8	10	0.94
85	91.2	141.23	8	1.75
86	58.63	178.01	11	1.77
87	43.12	80.52	8	0.85
88	194.95	102.4	10	1.1
89	54.68	77.17	9	1.81
90	126.55	174.23	8	1.49
91	32.66	135.85	8	1.71
92	76.99	70.46	9	1.85
93	155.87	64.21	8	1.4
94	164.53	33.88	11	0.57
95	2.62	18.63	8	1.07
Period: 9
Tasks:19
id	x	y	end	c
129	44.02	198.35	10	113.17
130	150.63	69.45	14	59.13
131	40.79	137.14	11	69.89
132	40.51	35.79	10	87.53
133	43.84	154.62	12	78.34
134	90.44	145.98	15	46.96
135	46.11	35.63	11	83.95
136	53.87	81.14	14	49.84
137	87.78	182.34	11	83.24
138	166.88	100.98	12	66.89
139	186.4	52.05	11	98.81
140	58.76	8.71	9	100.17
141	78.55	154.54	12	58.61
142	133.5	70.63	13	44.55
143	73.5	12.22	14	91.69
144	50.47	120.88	11	53.75
145	93.12	52.2	11	48.29
146	26.19	36.05	9	97.66
147	185.9	190.9	12	125.07
Drivers: 10
id	x	y	end	sensitivity
96	59.58	18.02	11	0.58
97	9.82	196.96	12	1.27
98	88.8	93.32	10	1.56
99	128.56	94.86	9	0.62
100	80.62	92.21	10	0.5
101	126.56	65.45	10	1.11
102	185.31	38.17	11	1.86
103	44.25	119.24	9	1.08
104	91.21	136.16	10	1.87
105	71.63	37.87	9	0.68
Period: 10
Tasks:13
id	x	y	end	c
148	62.9	4.86	12	102.12
149	17.03	100.02	11	82.97
150	108.63	7.18	11	93.22
151	189.56	173.02	10	115.55
152	134.26	43.43	12	66.14
153	155.28	186.17	12	102.38
154	195.08	46.07	13	109.31
155	137.84	114.23	12	40.43
156	56.54	79.31	12	48.13
157	191.46	176.04	12	118.94
158	189.52	16.62	12	122.34
159	164.65	168.68	12	94.32
160	178.04	111.64	10	78.9
Drivers: 9
id	x	y	end	sensitivity
106	188.32	88.13	12	1.72
107	58.24	147.04	10	0.62
108	197.05	136.85	13	1.38
109	102.28	190.81	11	1.36
110	84.65	19.82	11	1.89
111	77.71	154.13	10	0.65
112	23.77	97.23	12	1.35
113	122.28	140.32	12	0.72
114	55.8	195.62	12	1.15
Period: 11
Tasks:15
id	x	y	end	c
161	183.9	173.77	12	111.72
162	177.5	128.57	12	82.6
163	67.91	100.82	13	32.1
164	28.78	23.25	11	104.7
165	160.94	130.01	12	67.93
166	192.44	81.61	12	94.25
167	98.48	45.67	16	54.35
168	95.06	15.72	13	84.42
169	6.26	180.37	12	123.48
170	193.2	98.56	12	93.21
171	118.45	82.09	11	25.71
172	119.55	11.01	15	91.11
173	83.53	79.82	12	26.05
174	102.91	1.14	11	98.9
175	39.95	179.69	13	99.78
Drivers: 8
id	x	y	end	sensitivity
115	77.69	56.41	11	1.3
116	6.88	19.28	11	0.92
117	96.97	131.52	13	1.05
118	136.85	109.19	11	1.56
119	35.93	102.57	12	1.08
120	91.86	183.34	13	0.99
121	150.88	109.54	11	0.98
122	187.46	76.83	12	0.91
Period: 12
Tasks:22
id	x	y	end	c
176	38.15	77.69	16	65.75
177	61.74	58.85	14	56.19
178	106.62	127.93	14	28.7
179	137.17	122.25	16	43.32
180	9.8	163.19	15	110.13
181	168.59	28.26	13	99.25
182	8.94	43.57	16	107.13
183	157.83	12.57	12	104.83
184	126.49	78.95	13	33.84
185	173.17	35.18	15	97.75
186	12.79	190.98	14	126.03
187	197.69	178.51	12	125.33
188	164.01	77.26	13	67.93
189	96.25	79.41	14	20.93
190	174.27	164.34	16	98.26
191	98.89	29.18	12	70.83
192	130.88	138.41	12	49.28
193	114.11	59.91	14	42.5
194	122.53	117.23	12	28.36
195	106.29	105.08	12	8.09
196	29.84	168.68	13	98.18
197	151.22	43.42	16	76.32
Drivers: 13
id	x	y	end	sensitivity
123	66.72	17.12	12	0.95
124	15.58	56.25	13	1.55
125	196.01	22.91	14	0.83
126	163.52	52.06	15	0.95
127	25.35	162.69	12	1.45
128	47.23	83.94	13	0.54
129	190.9	94.05	14	0.61
130	30.85	158.61	12	0.61
131	59.97	81.09	15	1.51
132	3.95	132	12	1.42
133	163.82	188.7	15	0.68
134	57.43	9.2	12	1.05
135	82.55	45.68	12	1.27
Period: 13
Tasks:16
id	x	y	end	c
198	31.49	38.16	15	92.29
199	114.48	109	15	17.05
200	83.85	20.44	16	81.18
201	138.92	25.05	16	84.45
202	12.08	179.1	14	118.27
203	79.05	25.29	19	77.59
204	77.55	37.27	15	66.63
205	90.94	84.09	16	18.31
206	19.54	88.43	14	81.29
207	193.62	90.93	15	94.06
208	62.86	153.71	17	65.3
209	106.01	24.5	15	75.74
210	161.65	141.27	14	74.19
211	44.87	63.73	14	65.99
212	85.23	124.73	18	28.8
213	39.33	14.53	15	104.81
Drivers: 7
id	x	y	end	sensitivity
136	111.75	61.1	13	1.26
137	28.64	37.79	16	1.98
138	148.83	43.99	13	1.7
139	81.94	103.85	14	1.94
140	60.73	160.28	13	0.99
141	42.75	111.61	13	1.63
142	93.78	44.29	13	1.09
Period: 14
Tasks:12
id	x	y	end	c
214	108.12	8.9	16	91.46
215	83.46	76.62	17	28.64
216	38.59	44.45	16	82.81
217	11.59	36	14	109.14
218	17.22	174.39	15	111.29
219	58.83	92.31	19	41.88
220	22.53	108.59	15	77.94
221	29.9	107.39	14	70.49
222	39.28	73.96	15	66.07
223	175.75	109.55	16	76.35
224	33.16	176.84	17	101.84
225	118.37	65.53	16	39.06
Drivers: 17
id	x	y	end	sensitivity
143	111.67	198.15	15	1.49
144	133.56	189.87	15	1.88
145	63.75	65.27	17	1.83
146	33.1	145.93	15	1.04
147	17.2	156.43	14	1.23
148	68.95	13.55	14	1.25
149	163.49	141.51	14	0.51
150	161.69	163.89	14	0.8
151	166.02	160.63	15	1.58
152	165.18	156.47	14	0.84
153	4.34	133	14	0.89
154	162.4	39.31	16	1.16
155	82.74	154.67	14	1.7
156	52.38	75.65	15	0.8
157	83.85	70.01	15	1.07
158	166.5	132.38	16	1.1
159	189.94	148.62	14	1.79
Period: 15
Tasks:21
id	x	y	end	c
226	138.43	166.98	18	77.22
227	140.16	174.42	17	84.56
228	61.76	86.97	18	40.4
229	179.31	91.46	16	79.77
230	78.85	74.11	16	33.43
231	0.91	73.96	17	102.45
232	80.76	134.39	16	39.41
233	35.04	60.43	16	76.06
234	21.29	118.34	18	80.82
235	177.49	58.2	16	88.05
236	163.01	52.55	15	78.88
237	184.87	153.5	19	100.33
238	33.84	120.01	17	69.12
239	55.72	155.5	18	71
240	125.71	77.62	17	34.09
241	104.57	188.59	16	88.71
242	42.3	17.56	18	100.63
243	198.79	46.98	15	112.12
244	57.46	63.05	15	56.35
245	3.43	156.98	17	112.13
246	94.66	161.14	16	61.37
Drivers: 14
id	x	y	end	sensitivity
160	124.43	79.33	16	0.78
161	187.09	124.83	18	0.8
162	169.81	165.18	15	1.88
163	18.16	42.53	16	1.45
164	195.09	26.29	16	1.66
165	180.59	45.7	15	1.83
166	160.89	175.04	16	1.87
167	89.45	49.25	15	1.62
168	3.46	190.64	16	1.53
169	63.62	70.82	17	1.87
170	6.63	57.84	16	0.8
171	78.75	28.25	16	1.69
172	154.28	150.58	15	1.29
173	137.48	105.22	15	0.59
Period: 16
Tasks:16
id	x	y	end	c
247	105.99	19.25	20	80.97
248	61.69	23.25	21	85.78
249	149.66	100.93	18	49.67
250	52.28	27.01	18	87.21
251	154.22	167.28	18	86.41
252	56.06	148.9	16	65.74
253	148.48	128.15	19	56.06
254	112.58	46.66	18	54.8
255	140.16	146.96	17	61.79
256	155.7	121.27	18	59.62
257	57.84	164.48	17	77.04
258	48.88	151.77	23	72.76
259	138.43	19.45	16	89.25
260	198.76	7.77	19	135.13
261	168.55	142.49	16	80.65
262	171.45	13.36	18	112.3
Drivers: 9
id	x	y	end	sensitivity
174	135.71	80.63	18	0.79
175	114.97	180	16	0.7
176	9.7	5.76	18	0.9
177	196.46	125.94	17	1.41
178	64.57	102.99	17	1.28
179	55.81	161.86	16	1.93
180	77	66.23	18	1.78
181	102.54	194.06	16	0.67
182	14.08	70.12	17	0.59
Period: 17
Tasks:18
id	x	y	end	c
263	77.34	127.15	17	35.36
264	21.86	91.06	20	78.65
265	4.38	77.37	20	98.26
266	146.8	8.85	18	102.46
267	140.87	159.52	17	72.2
268	141.64	198.97	19	107.37
269	172.82	6.75	17	118.31
270	54.66	123.44	23	51.04
271	118.47	168.56	21	71
272	48.55	174.36	19	90.42
273	79.1	71.05	19	35.71
274	114.71	65.59	18	37.42
275	1.29	93.68	20	98.91
276	167.02	155.3	18	86.89
277	58.41	54.53	17	61.62
278	113.66	31.87	18	69.49
279	174.07	148.85	21	88.73
280	125.48	1.9	19	101.36
Drivers: 13
id	x	y	end	sensitivity
183	64.87	105.63	17	1.49
184	178.08	45.75	17	1.44
185	65.22	23.2	18	0.9
186	45.7	170.08	17	1.74
187	196.25	108.12	20	0.68
188	87.38	9.17	19	1.49
189	109.32	79.66	19	1.38
190	62.71	1.55	20	1.68
191	97.25	175.6	18	1.62
192	47.02	23.14	18	0.8
193	20.36	175.55	17	0.59
194	10.99	24.67	18	1.31
195	107.54	198.36	17	0.59
Period: 18
Tasks:10
id	x	y	end	c
281	75.76	21.03	18	82.61
282	92.71	187.75	20	88.05
283	106.89	198.75	21	98.99
284	8.52	131.7	21	96.82
285	104.62	57.35	22	42.9
286	12.89	29.19	19	112.26
287	117.88	28.24	19	73.95
288	156.73	104.69	20	56.92
289	124.51	57.87	18	48.74
290	81.93	38.37	18	64.22
Drivers: 5
id	x	y	end	sensitivity
196	166.49	64.75	20	0.64
197	94.78	37.27	18	0.86
198	172.12	142.95	18	1.46
199	49.1	7.33	19	0.78
200	172.35	169.45	19	1.19
Period: 19
Tasks:25
id	x	y	end	c
291	20.65	124.5	21	83.05
292	33.4	163.37	19	91.93
293	40.74	91.48	21	59.87
294	123.42	22.41	21	81.05
295	3.3	76.72	19	99.46
296	76.79	85.29	20	27.48
297	145.89	97.65	21	45.95
298	144.72	151.26	21	68.03
299	9.63	171.43	21	115.19
300	141.02	128.71	19	50.07
301	41.86	60.8	24	70.12
302	132.25	158.64	20	66.92
303	67.01	8.71	22	97.07
304	146.66	130.38	20	55.68
305	10.74	138.52	21	97.22
306	81.35	118.29	21	26.12
307	46.16	73.6	19	59.96
308	165.41	111.83	19	66.47
309	46.58	170.38	23	88.36
310	41.89	106.48	21	58.47
311	174.4	49.6	22	89.86
312	111.74	21.33	21	79.54
313	156.94	11.28	19	105.42
314	172.77	107.87	22	73.19
315	45.82	57.96	19	68.58
Drivers: 4
id	x	y	end	sensitivity
201	134.19	116.89	20	1.52
202	20.65	69.64	19	1.17
203	57.13	108.34	20	0.68
204	103.29	20.03	19	1.02
Period: 20
Tasks:26
id	x	y	end	c
316	130.83	112.17	21	33.15
317	8.13	153.67	22	106.4
318	130.96	3.52	21	101.33
319	135.65	115.75	21	38.97
320	106.89	179.1	22	79.4
321	61.79	7.2	22	100.36
322	196.73	192.51	23	133.85
323	89.03	111.02	22	15.55
324	86.66	194.57	24	95.51
325	26.33	103.33	21	73.75
326	76.33	53.57	23	52.12
327	39.9	80.08	20	63.32
328	162.79	72.75	21	68.45
329	67.28	42.94	21	65.78
330	144.58	134.09	23	56.12
331	13.11	5.97	21	128.03
332	62	165.93	23	76.1
333	177.01	124.84	22	80.92
334	6.42	75.2	21	96.81
335	101.05	87.53	23	12.51
336	159.05	83.16	24	61.4
337	134.05	78.15	22	40.46
338	75.62	10.95	22	92.33
339	3.79	142.46	21	105.16
340	121.15	161.64	23	65.17
341	28.96	25.62	23	102.85
Drivers: 10
id	x	y	end	sensitivity
205	96.31	93.5	20	1.34
206	54.7	5.78	20	0.58
207	83.48	93.29	21	1.98
208	111.93	101.07	21	1.72
209	131.74	47.9	21	1.73
210	39.7	50.2	21	1.9
211	173.91	150.26	20	0.77
212	90.4	73.21	20	1.96
213	3.63	81.72	20	0.84
214	73.02	50.49	24	0.66
Period: 21
Tasks:13
id	x	y	end	c
342	8.28	117.72	21	93.42
343	0.78	42.69	25	114.58
344	147.3	120.82	22	51.68
345	74.84	25.84	22	78.31
346	40.21	153.11	22	79.97
347	195.49	110.74	24	96.09
348	133.24	102.08	25	33.31
349	29.99	143.55	24	82.45
350	169.38	37.61	22	93.31
351	52.38	111.06	22	48.89
352	112.56	92.76	22	14.5
353	95.11	121.76	21	22.3
354	40.25	199.96	22	116.46
Drivers: 12
id	x	y	end	sensitivity
215	64.49	36.74	22	1.18
216	126.74	55.35	23	0.75
217	106.36	48.32	21	1.69
218	122.88	19.15	22	1.28
219	172.47	151.21	23	1.66
220	100.14	163.99	21	0.82
221	28.5	57.66	21	1.14
222	52.44	22.82	21	0.53
223	182.35	22.86	22	0.88
224	174.9	193.99	21	0.7
225	142.87	23.74	22	1.85
226	107.25	150.24	23	1.4
Period: 22
Tasks:18
id	x	y	end	c
355	79.6	170.53	23	73.42
356	123.97	149.17	24	54.7
357	125.34	178.55	23	82.54
358	105.86	32.34	23	67.91
359	70.21	90.6	24	31.24
360	79.98	17.93	24	84.48
361	102.44	52.55	24	47.51
362	82.7	147.19	24	50.26
363	61.22	39.06	24	72.23
364	171.54	97.12	23	71.6
365	189.51	35.07	24	110.58
366	125.73	87.89	24	28.44
367	181.47	11.72	25	120.13
368	7.82	94.42	25	92.35
369	5.43	74.19	23	98.03
370	68.42	153.17	23	61.84
371	177.97	191.26	26	120.03
372	173.23	14.21	24	112.79
Drivers: 11
id	x	y	end	sensitivity
227	153.91	164.9	22	0.6
228	129.78	126.44	23	0.67
229	91.39	144.6	22	1.26
230	146.8	78.86	23	0.98
231	49.64	140.62	22	1.23
232	199.86	99.91	23	0.54
233	16.59	73.54	24	1.83
234	56.92	65.45	24	1.72
235	153.64	120.61	23	1.52
236	21.72	40.58	22	1.1
237	68.49	10.68	24	1.91
Period: 23
Tasks:10
id	x	y	end	c
373	104.07	53.27	26	46.91
374	180.34	77.48	24	83.44
375	190.42	115.45	25	91.73
376	82.05	189.12	25	90.91
377	147.04	190.57	24	102.06
378	30.25	184.9	28	109.88
379	113.53	121.82	26	25.67
380	160.95	81.51	26	63.69
381	167.99	59.02	24	79.39
382	177.94	189.27	24	118.51
Drivers: 9
id	x	y	end	sensitivity
238	8.56	123.93	24	1
239	188.3	128.31	24	0.75
240	102.77	133.87	26	0.51
241	83.17	37.56	24	0.81
242	193.08	84.25	23	1.01
243	52.58	182.63	25	1.46
244	23.63	60.42	24	1.1
245	80.63	115.64	24	0.55
246	83.38	165.81	24	1.43
Period: 24
Tasks:19
id	x	y	end	c
383	161.67	13.22	25	106.46
384	48.76	46.61	26	74
385	12.93	166.9	29	109.8
386	43.06	177.09	24	95.84
387	89.35	39.34	27	61.59
388	118.3	151.86	25	54.99
389	45.2	26.93	26	91.34
390	133.52	100.56	26	33.52
391	32.98	197.38	26	118.21
392	42.34	103.18	27	57.75
393	112.18	75.3	25	27.54
394	147.57	169.49	27	84.21
395	92.72	143.2	27	43.81
396	9.1	108.21	28	91.27
397	29.51	164.77	26	95.73
398	88.14	134.67	26	36.64
399	175.45	100.71	24	75.45
400	31.65	42.7	25	89.19
401	148.66	142.94	30	64.9
Drivers: 8
id	x	y	end	sensitivity
247	143.16	163.84	25	1.15
248	0.38	99.68	27	1.54
249	134.86	59.21	25	0.57
250	183.85	143.25	25	1.98
251	25.61	23.91	24	1.02
252	85.76	45.66	25	0.84
253	12.15	85.17	25	1.93
254	41.19	175.67	24	1.66
Period: 25
Tasks:12
id	x	y	end	c
402	165.59	129.6	29	71.96
403	143.39	154.28	26	69.49
404	93.12	125.64	27	26.55
405	50.82	36.05	29	80.67
406	187.16	165.12	27	108.8
407	180.75	195.93	25	125.39
408	58.48	51	27	64.23
409	84.37	179.93	28	81.44
410	126.91	196.05	26	99.75
411	90.26	92.04	28	12.58
412	28.55	185.87	25	111.71
413	7.52	73.79	27	96.12
Drivers: 8
id	x	y	end	sensitivity
255	101.1	196.21	25	1.98
256	57.56	60.66	28	0.82
257	35.53	2.97	25	1.4
258	49.38	121.26	26	1.98
259	45.32	25.9	26	1.94
260	167.73	170.94	27	1.66
261	186.91	164.2	26	1.01
262	47.61	191.01	27	1.84
Period: 26
Tasks:20
id	x	y	end	c
414	160.5	175.44	28	96.7
415	178.91	98.71	26	78.92
416	13.94	110.07	27	86.65
417	131.8	194.15	28	99.38
418	88.26	65.5	28	36.44
419	171.25	86.07	27	72.6
420	41.32	74.51	27	63.98
421	130.5	49.44	29	59.05
422	169.67	25.24	28	102.19
423	188.13	168.43	26	111.58
424	32.73	165.32	29	93.77
425	142.44	161.88	28	75.04
426	90.51	177.11	27	77.69
427	155.7	23.6	31	94.55
428	154.64	84.85	27	56.7
429	131.22	34.04	28	72.98
430	33.18	95.73	26	66.96
431	190.09	138.45	33	97.95
432	97.59	120.67	29	20.81
433	122.1	106.16	33	22.94
Drivers: 6
id	x	y	end	sensitivity
263	33.78	192.61	27	1.83
264	144.08	88.93	27	0.83
265	185.87	150.13	27	0.7
266	151.76	20.88	26	1.78
267	148.75	136.58	27	1.79
268	186.17	0.64	28	1
Period: 27
Tasks:19
id	x	y	end	c
434	45.79	131.84	29	62.87
435	88.86	154.38	30	55.51
436	9.34	119.47	28	92.73
437	49.69	185.89	29	99.54
438	12.1	68.56	29	93.35
439	126	150.8	29	57.07
440	164.52	86.22	31	65.98
441	122.26	141.25	28	46.87
442	11.64	38.49	28	107.66
443	78.77	74.1	28	33.49
444	181.51	44.33	28	98.71
445	79.74	125.54	29	32.6
446	195.29	82.66	28	96.85
447	191.43	147.14	29	102.87
448	103.33	182.9	28	82.97
449	56.41	164.07	27	77.49
450	186.32	175.91	32	114.95
451	112.64	67	29	35.34
452	34.4	103.83	27	65.71
Drivers: 8
id	x	y	end	sensitivity
269	56.61	10.84	29	0.55
270	116.4	119.3	27	1.55
271	149.21	102.6	30	1.46
272	28.44	124.03	28	0.77
273	71.31	169.23	27	0.54
274	75.42	95.51	28	1.33
275	23.57	21.24	27	1.47
276	36.93	154.16	28	0.82
Period: 28
Tasks:13
id	x	y	end	c
453	13.64	86.96	28	87.34
454	13.18	62.77	30	94.47
455	67.88	104.65	29	32.45
456	148.87	152.42	32	71.67
457	63.48	29.95	29	79
458	139.44	1.46	30	106.14
459	184.83	109.7	29	85.38
460	64.43	102.21	31	35.64
461	47.85	156.94	29	77.21
462	46.44	38.06	32	81.89
463	77.47	97.83	30	22.63
464	187.83	53.74	28	99.27
465	124.23	44.77	32	60.31
Drivers: 11
id	x	y	end	sensitivity
277	134.17	123.43	28	0.71
278	4.64	151.03	28	1.95
279	60.31	80.08	28	1.72
280	7.48	137.53	29	0.92
281	73.09	187.86	28	0.83
282	154.61	21.57	30	1.06
283	127.91	154.84	29	1.27
284	123.72	192.87	28	1.67
285	50.5	101.47	29	1.56
286	43.02	1.51	29	1.6
287	90.18	180.13	30	1.28
Period: 29
Tasks:19
id	x	y	end	c
466	164.15	59.3	29	75.97
467	114.9	147.04	29	49.34
468	192.22	21.04	34	121.41
469	115.66	171.77	31	73.46
470	151.75	46.75	32	74.25
471	5.11	72.65	31	98.75
472	29.1	133.98	31	78.62
473	159.94	128.71	31	66.46
474	52.71	1.3	31	109.44
475	11	101.25	33	89.01
476	196.84	161.56	30	114.75
477	159.7	65.08	32	69.16
478	166.89	88.77	29	67.83
479	174.03	119.73	32	76.61
480	69.37	115.83	32	34.48
481	8.41	199.49	31	135.23
482	67.39	100.96	33	32.62
483	63.42	61.94	29	52.79
484	53.73	189.87	31	101.08
Drivers: 9
id	x	y	end	sensitivity
288	69.45	179.57	31	1.27
289	135.92	57.11	29	1.92
290	173.67	74.51	30	1.9
291	145.13	58.91	30	1.89
292	162.66	149.55	29	1
293	128.73	77.34	30	1.06
294	161.05	4.4	30	0.55
295	114.38	67.85	29	0.76
296	37.4	96.68	29	1.06
Period: 30
Tasks:11
id	x	y	end	c
485	11.91	69.75	33	93.14
486	65.41	143.84	34	55.84
487	184.24	134.21	30	90.92
488	143.35	168.78	31	81.3
489	79.22	128.9	31	35.6
490	88.78	145.31	35	46.68
491	57.46	157.5	31	71.53
492	119.12	0.42	33	101.4
493	118.61	168.2	30	70.69
494	95.34	43.93	32	56.26
495	195.34	25.08	30	121.25
Drivers: 10
id	x	y	end	sensitivity
297	11.28	15.16	32	1.81
298	115.4	112.95	31	1.82
299	102.58	7.33	31	1.77
300	111.75	166.01	30	1.54
301	12.48	17.07	30	1.98
302	9.59	28.07	32	0.69
303	120.83	165.3	30	1.44
304	10.44	35.17	31	0.89
305	168.44	81.29	31	1.09
306	97.42	192.35	32	1.02
Period: 31
Tasks:22
id	x	y	end	c
496	26.83	134.8	36	81.02
497	183.1	161.22	34	103.22
498	101.94	25.89	34	74.14
499	172.3	44.05	33	91.42
500	106.13	119	33	19.96
501	183.31	135.11	35	90.41
502	182.79	56.46	34	93.54
503	154.73	161.7	32	82.48
504	130.91	59.11	34	51.26
505	144.57	150.16	34	67.1
506	141.38	28.58	34	82.54
507	181.17	116.35	31	82.8
508	79.8	87.59	32	23.71
509	57.07	187.96	33	97.88
510	59.07	12.37	33	96.72
511	23.38	80.75	33	79
512	130.47	94.27	32	31
513	149.73	108.67	32	50.48
514	85.98	90.43	34	16.97
515	15.38	45.84	33	100.47
516	11.71	180.82	32	119.7
517	106.56	32.65	33	67.67
Drivers: 8
id	x	y	end	sensitivity
307	44.03	56.72	31	0.99
308	190.48	58.29	33	0.7
309	22.27	153.36	31	1.73
310	100.07	16.03	32	0.74
311	116.39	109.71	31	1.8
312	77.28	137.01	33	1.56
313	180.02	58.02	31	0.92
314	44.96	151.74	31	1.73
Period: 32
Tasks:9
id	x	y	end	c
518	90.86	37.86	34	62.81
519	11.78	164.6	34	109.34
520	14.58	166.42	34	108.2
521	97.56	40.07	35	59.98
522	114.67	146.09	33	48.37
523	148.04	76.59	34	53.44
524	38.58	38.17	32	87.15
525	106.71	31	39	69.33
526	59.29	33.33	33	78.12
Drivers: 15
id	x	y	end	sensitivity
315	102.95	115.2	32	0.78
316	84.43	11.18	34	0.61
317	110.16	91.04	33	1.34
318	127.53	113.29	34	1.38
319	194.85	181.06	32	0.75
320	26.62	152.65	33	1.31
321	194.39	52.2	34	1.29
322	35.89	98.03	34	0.78
323	39.3	80.4	32	0.9
324	108.8	105.9	34	1.24
325	116.44	120.35	33	1.77
326	124.19	62.54	33	0.98
327	165.28	28.63	35	1.47
328	161.77	6.04	32	0.64
329	107.92	85.09	32	0.93
Period: 33
Tasks:10
id	x	y	end	c
527	44.87	57.05	36	69.89
528	0.31	27.54	35	123.24
529	145.01	49.01	34	68.01
530	119.1	16.87	35	85.3
531	51.23	173.38	34	88.11
532	93.1	77.95	34	23.1
533	135.28	160.01	34	69.61
534	116.05	173.3	35	75.04
535	78.85	36.38	33	67.04
536	179.44	24.89	35	109.33
Drivers: 9
id	x	y	end	sensitivity
330	60.63	62.46	35	1.02
331	13.38	181.5	34	0.81
332	165.82	32.2	35	0.87
333	189.3	132.87	36	2
334	156.54	104.63	34	0.62
335	65.2	167.17	35	1.95
336	157.39	155.28	34	1
337	138.49	99.11	33	1.13
338	17.3	60.13	36	1.53
Period: 34
Tasks:16
id	x	y	end	c
537	31.1	111.89	37	69.92
538	110.76	168.43	36	69.27
539	26.14	149.15	35	88.72
540	96.83	165.98	34	66.06
541	156.79	6.73	35	109.2
542	50.63	80.61	36	53.04
543	114	23.61	34	77.66
544	90.4	67.81	38	33.59
545	50.32	192.65	35	105.13
546	18.02	115.54	37	83.44
547	117.65	183.14	35	84.99
548	142.9	46.3	37	68.73
549	122.22	80.81	35	29.36
550	42.16	123.32	37	62.36
551	2.14	108.32	38	98.21
552	109.54	51.82	39	49.12
Drivers: 12
id	x	y	end	sensitivity
339	153.95	195.08	36	0.61
340	62.44	90.23	34	1.14
341	76.78	36.57	34	1.5
342	6.45	198.79	35	1.37
343	160.8	21.61	34	1.5
344	114.96	81.94	36	1.44
345	24.45	20.91	34	1.23
346	35.06	37.3	35	1.96
347	24.98	114.05	36	0.82
348	147.71	70.8	36	1.1
349	85.84	181.34	34	1.7
350	184.37	52.52	37	1.75
Period: 35
Tasks:10
id	x	y	end	c
553	128.64	13.18	36	91.42
554	90.54	179.31	37	79.87
555	132.6	8.39	36	97.24
556	94.18	67.73	37	32.79
557	69.58	199.55	37	104.09
558	166.92	194.41	36	115.72
559	97.97	50.04	35	50
560	112.38	27.95	37	73.11
561	16.39	78.2	37	86.41
562	97.34	22.07	37	77.98
Drivers: 8
id	x	y	end	sensitivity
351	42.7	47.04	35	0.65
352	2.11	121.15	35	1.7
353	30.44	56.84	36	0.98
354	195.15	79.16	36	0.89
355	184.7	181.88	36	1.02
356	162.77	35.9	36	1.32
357	118.35	103.28	37	1.78
358	98.85	85.4	38	1.28
Period: 36
Tasks:11
id	x	y	end	c
563	155.78	82.12	36	58.58
564	46.15	18.08	37	98.03
565	126.49	159.31	37	64.96
566	175.19	64.39	39	83.2
567	31.08	175.24	37	102.03
568	194.85	125.55	36	98.23
569	112.1	142.95	36	44.62
570	97.7	28.89	39	71.15
571	44.6	46.58	37	76.96
572	89.6	83.87	38	19.19
573	128.73	36.85	38	69.38
Drivers: 8
id	x	y	end	sensitivity
359	1.97	119.47	37	1.04
360	150.83	194.33	37	1.13
361	37.03	28.42	37	0.92
362	35.26	16.8	37	0.73
363	37.32	112.47	36	0.94
364	49.83	46.84	36	1.64
365	174.24	146.24	40	1.56
366	16.98	39.36	37	1.17
Period: 37
Tasks:16
id	x	y	end	c
574	137.46	153.84	40	65.59
575	95.38	30.27	41	69.88
576	19.7	108.99	39	80.8
577	14.57	194.52	40	127.41
578	154.24	141.71	38	68.42
579	42.46	1.25	40	114.29
580	132.17	158.22	39	66.52
581	164.25	186.02	39	107.37
582	152.83	74.29	38	58.75
583	111.31	180.17	37	80.96
584	124.16	171.07	40	75.06
585	86.45	168.62	38	69.95
586	91.15	10.77	38	89.67
587	169.19	4.27	37	118.12
588	172.45	132.51	43	79.41
589	108.13	119.76	38	21.37
Drivers: 9
id	x	y	end	sensitivity
367	53.14	145.44	37	1.29
368	144.46	107.89	38	1.47
369	86.96	153.48	37	1.64
370	165.48	141.44	39	1.08
371	160.22	105.8	37	0.85
372	143.61	18.55	39	1.73
373	86.39	33.94	40	1.63
374	96.27	95.93	39	1.03
375	36.37	185.7	37	1.15
Period: 38
Tasks:19
id	x	y	end	c
590	150.18	70.42	39	58.25
591	48.55	141.09	39	65.84
592	144.88	180.01	42	91.74
593	43.35	34.74	41	86.42
594	183.5	94.86	41	83.66
595	147.39	178.18	39	91.42
596	113.71	177.58	40	78.78
597	175.24	156.74	41	94.24
598	113	67.89	39	34.64
599	51.19	177.52	41	91.61
600	47.1	13.57	41	101.33
601	99.54	49.55	40	50.45
602	190.32	11.35	41	126.56
603	172.59	114.3	40	73.99
604	173.27	118.28	40	75.52
605	67.09	169.11	40	76.55
606	99.46	153.74	39	53.74
607	189.13	175.34	41	116.71
608	112.7	185.08	38	86.02
Drivers: 12
id	x	y	end	sensitivity
376	113.67	147.87	38	0.93
377	75.75	189.28	38	1.02
378	23.15	13.39	39	0.81
379	12.99	100.73	38	1.14
380	102.93	156.92	41	0.93
381	24.36	108.89	38	0.96
382	18.87	37.52	40	1.39
383	9.55	81.39	39	1.95
384	39.23	120.18	38	1.7
385	18.11	105.5	40	1.24
386	48.78	158.83	38	1.53
387	167.57	101.84	38	1.98
Period: 39
Tasks:11
id	x	y	end	c
609	96.61	22.66	42	77.41
610	25.9	175.89	40	106.07
611	142.47	166.49	41	78.9
612	181.37	11.7	43	120.07
613	179.26	93.9	43	79.49
614	40.46	5.27	42	111.89
615	50.88	74.38	42	55.4
616	124.83	141.55	43	48.4
617	82.2	88.76	41	21.05
618	43.57	14.84	40	102.16
619	146.79	164.3	41	79.52
Drivers: 14
id	x	y	end	sensitivity
388	29.28	42.71	40	0.94
389	105.09	25.02	39	0.58
390	154.11	26.47	39	1.69
391	4.58	39.53	40	1.4
392	15.62	27.45	40	1.07
393	28.35	114.26	39	0.81
394	154.96	50.86	39	0.74
395	55.84	58.31	39	1.95
396	79.66	143.03	40	1.87
397	132.49	107.64	40	1.92
398	36.86	187.65	41	1.69
399	157.5	49.05	41	0.75
400	35.25	73.94	39	1.52
401	137.51	10.77	40	0.63
Period: 40
Tasks:12
id	x	y	end	c
620	13.07	75.23	44	90.39
621	3.36	4.84	42	135.63
622	0.35	194	40	136.99
623	193.65	44.48	41	108.87
624	125.04	175.61	43	79.65
625	172.73	106.24	41	73
626	168.06	178.71	43	104.05
627	91.79	71.65	40	29.51
628	43.23	86.37	42	58.38
629	83.63	107.14	41	17.86
630	67.33	98.57	46	32.7
631	107.58	162.42	41	62.88
Drivers: 8
id	x	y	end	sensitivity
402	95.33	198.45	42	1.98
403	111.92	94.89	41	0.95
404	82.65	8.65	40	0.65
405	68.18	29.56	40	0.66
406	193.41	185.62	41	1.52
407	176.88	61.9	41	0.98
408	13.12	145.79	41	1.93
409	100.97	107.43	40	1.46
Period: 41
Tasks:18
id	x	y	end	c
632	90.94	154.56	44	55.31
633	17.2	161.46	45	103.12
634	43.36	50.91	44	74.95
635	45.25	68.35	41	63.24
636	87	193.54	43	94.44
637	179.9	166.54	43	103.98
638	190.33	127.07	42	94.3
639	49.47	75.79	42	56.03
640	116	28.03	42	73.73
641	165.83	105.95	44	66.1
642	103.75	93.2	43	7.77
643	36.23	70.31	43	70.34
644	32.6	91.92	44	67.88
645	34.43	154.02	41	84.96
646	194.91	180.93	45	124.73
647	197.94	133.03	43	103.36
648	196.22	138.61	44	103.68
649	129.88	23.61	46	82.03
Drivers: 10
id	x	y	end	sensitivity
410	158.58	74.8	41	1.45
411	43.67	17.65	41	1.96
412	108.33	130.66	42	1.91
413	0.62	63.36	42	1.72
414	31.88	4.36	42	1.46
415	148.09	0.38	44	0.65
416	84.97	1.06	42	0.77
417	195.64	179.22	43	1.22
418	167.21	156.38	41	1.5
419	194.64	73.76	41	0.92
Period: 42
Tasks:13
id	x	y	end	c
650	170.61	149.91	43	86.47
651	193.61	70.5	43	98.15
652	80.85	115.52	42	24.65
653	114.21	34.32	43	67.2
654	63.05	135.36	47	51.14
655	148.21	26.45	46	87.94
656	0.78	133.77	43	104.81
657	25.98	121.55	46	77.09
658	193.89	85.57	47	94.99
659	71.75	132.71	48	43.22
660	71.59	185.15	43	89.76
661	28.05	142.05	44	83.34
662	80.14	56.01	47	48.27
Drivers: 12
id	x	y	end	sensitivity
420	89.08	183.64	42	0.73
421	74.08	96.99	44	0.54
422	8.2	25.77	44	0.57
423	105.3	138.41	43	1.21
424	139.55	154.38	43	1.88
425	103.64	73.32	42	1.46
426	166.7	93.73	43	0.62
427	10.71	48.45	44	1.26
428	115.48	175.95	43	1.48
429	39.84	127.06	42	1.8
430	117.08	95.51	42	0.85
431	29.87	114.81	44	0.71
Period: 43
Tasks:15
id	x	y	end	c
663	67.77	185.58	44	91.45
664	108.7	187.9	49	88.33
665	4.59	32.33	44	116.97
666	20.16	105.17	46	80.01
667	88.05	95.76	44	12.68
668	133.28	60.45	46	51.69
669	140.67	48.8	46	65.39
670	1.23	63.7	45	105.23
671	151.36	36.47	46	81.69
672	23.64	87.46	44	77.38
673	185.68	9.45	46	124.66
674	166.08	30.72	46	95.74
675	180.36	164.65	44	103.14
676	106.59	129.14	45	29.88
677	197.23	120.22	43	99.31
Drivers: 9
id	x	y	end	sensitivity
432	141.26	183.11	43	1.39
433	44.14	59.37	44	0.71
434	145.18	106.31	44	1.41
435	6.39	2.04	43	0.87
436	37.61	61.92	44	1.7
437	59.17	72.14	44	0.51
438	16.6	79.88	44	1.23
439	35.35	17.36	43	0.76
440	82.84	193.92	44	0.76
Period: 44
Tasks:14
id	x	y	end	c
678	74.92	161.09	47	66.04
679	121.54	162.03	45	65.66
680	61.23	105.23	45	39.12
681	135.55	188.84	45	95.69
682	80.3	134.41	44	39.65
683	130.75	70.35	47	42.72
684	113.71	75.18	45	28.35
685	67.93	76.67	45	39.66
686	167.11	198.47	44	119.16
687	87.33	12.34	47	88.57
688	5.16	193.16	47	132.94
689	162.96	40.74	46	86.46
690	192.73	193.67	46	131.81
691	140.61	117.57	46	44.25
Drivers: 10
id	x	y	end	sensitivity
441	5.6	45.55	45	0.51
442	69.97	90.64	44	0.69
443	132.56	107.1	44	1.9
444	110.1	103.12	44	0.88
445	80.79	40.07	44	1.91
446	191.42	125	44	0.77
447	174.79	58.47	44	0.61
448	194.18	7.9	45	1.68
449	106.48	101.38	46	1.47
450	42.65	79.52	44	0.71
Period: 45
Tasks:18
id	x	y	end	c
692	57.21	82.84	49	46.1
693	157.9	5.7	46	110.66
694	142.74	89.87	48	43.92
695	33.7	65.85	48	74.58
696	77.43	111.53	47	25.34
697	48.56	105.62	46	51.75
698	55.4	170.75	46	83.63
699	28.7	7.92	45	116.46
700	44.5	167.94	47	87.73
701	98.12	68.57	45	31.49
702	66.19	91.72	45	34.81
703	119.81	109.99	49	22.19
704	108.14	164.34	47	64.85
705	133.1	31.71	47	75.89
706	7.98	164.64	45	112.45
707	183.07	151.73	50	97.86
708	191.08	164.86	47	111.81
709	187.86	145.39	46	98.89
Drivers: 7
id	x	y	end	sensitivity
451	123.64	148.49	45	1.22
452	121.29	20.49	47	0.96
453	47.08	171.98	46	1.95
454	52.57	106	49	1.72
455	63.51	167.1	45	0.67
456	184.07	111.79	48	1.19
457	92.35	126.22	45	1.21
Period: 46
Tasks:13
id	x	y	end	c
710	89.2	161.38	49	62.32
711	101.19	37.38	51	62.63
712	191.96	181.13	48	122.63
713	189.22	100.63	47	89.22
714	46.49	92.26	49	54.07
715	86.72	95.87	50	13.91
716	73.66	40.92	47	64.69
717	47.16	147.42	46	71
718	51.69	10.98	47	101.28
719	197.53	58.39	48	106.04
720	133.31	127.36	47	43.11
721	52.76	123.66	52	52.83
722	84.67	182.28	50	83.7
Drivers: 12
id	x	y	end	sensitivity
458	71.47	176.91	48	1.53
459	138.74	196.24	46	1.95
460	109.63	177.12	46	1.82
461	186.26	95.37	49	0.78
462	189.04	146.47	46	0.58
463	155.1	101.74	47	0.69
464	141.73	89.84	47	1.45
465	108.16	195.49	46	1.7
466	108.86	188.31	46	0.94
467	87.4	153.23	46	1.21
468	74.53	94.36	46	1.19
469	27.25	151.79	47	0.67
Period: 47
Tasks:17
id	x	y	end	c
723	119.48	113.68	52	23.8
724	75.62	104.83	49	24.85
725	135.92	25.72	47	82.51
726	54.67	46.88	49	69.83
727	90.04	150.88	49	51.85
728	142.68	64.72	48	55.37
729	180.96	156.12	47	98.51
730	107.24	176.24	49	76.58
731	89.91	191.62	50	92.17
732	11.02	33.27	47	111.22
733	76.91	74.34	49	34.52
734	197.55	170.98	50	120.64
735	1.89	150.1	50	110.16
736	188.21	186.95	48	123.86
737	131.49	72.62	47	41.73
738	118.89	69.41	51	35.95
739	64.11	23.33	50	84.65
Drivers: 11
id	x	y	end	sensitivity
470	37.39	175.18	48	1.85
471	90.05	91.72	48	0.78
472	59.18	177.3	49	0.86
473	133.85	35.46	49	1.65
474	73.42	101.25	47	1.63
475	20.18	136.41	49	1.3
476	164.93	31.33	47	0.52
477	120.49	127.62	47	1.92
478	137.15	73.33	48	0.56
479	112.52	76.18	47	1.87
480	159.28	29.67	47	1.23
Period: 48
Tasks:23
id	x	y	end	c
740	198.89	151.6	50	111.54
741	96.7	143.54	50	43.66
742	51.62	12.45	49	100.03
743	107.59	110.44	48	12.91
744	153.73	187.89	49	103.01
745	70.32	170.87	50	76.83
746	137.75	62.3	48	53.35
747	109.33	16.05	52	84.47
748	9.08	19.73	50	121.28
749	51.23	43.39	49	74.72
750	8.53	139.25	48	99.54
751	38.91	152.76	50	80.72
752	34.01	89.93	49	66.75
753	111.04	178.53	51	79.3
754	197.47	80.5	50	99.4
755	116.99	3.74	49	97.75
756	79.62	123.67	50	31.23
757	128.67	127.2	51	39.52
758	97.81	42.5	50	57.54
759	8.03	82.83	49	93.56
760	150	33.02	49	83.58
761	71.6	2.79	49	101.27
762	166.42	79.62	48	69.48
Drivers: 14
id	x	y	end	sensitivity
481	118.42	71.31	51	1.63
482	186.25	29.12	48	1.35
483	80.15	41.46	49	1.18
484	109.89	59.55	50	1.47
485	149.84	73.44	49	1.85
486	198.99	180.15	48	0.73
487	114.62	84.06	50	0.68
488	154.07	92.99	49	1.14
489	92.26	103.94	48	0.87
490	194.47	79.52	48	0.73
491	133.23	141.89	50	1.25
492	132.12	57.8	50	0.58
493	109.81	198.44	49	1.17
494	18.54	99.1	48	1.29
Period: 49
Tasks:14
id	x	y	end	c
763	190.25	54.84	53	100.92
764	130.8	92.5	50	31.7
765	199.35	34.62	51	118.93
766	137.56	47.87	51	64.25
767	173.72	77.5	52	77.08
768	175.62	99.63	50	75.62
769	25.69	115.63	51	75.94
770	104.24	48.85	50	51.33
771	87.41	59.05	50	42.84
772	10.67	153.73	49	104.24
773	174.29	121.33	50	77.29
774	31.02	197.05	53	119.07
775	16.27	142.55	51	93.92
776	120.57	89.03	50	23.31
Drivers: 5
id	x	y	end	sensitivity
495	17.7	107.1	49	1.82
496	104.79	48.25	51	1.19
497	51.37	42.1	49	1.63
498	86.54	93.4	50	0.96
499	17.34	104.9	50	0.8
Period: 50
Tasks:17
id	x	y	end	c
777	45.3	163.13	55	83.53
778	51.67	187.89	55	100.3
779	38.82	21.42	53	99.59
780	82.6	86.92	54	21.77
781	19.92	52.13	51	93.3
782	131.59	98.84	51	31.61
783	34.3	169.55	53	95.67
784	86.64	138.79	52	41.03
785	173.72	2.01	52	122.62
786	119.75	106.15	51	20.69
787	150.71	16.92	53	97.33
788	145.26	39.51	56	75.55
789	186.67	41.97	53	104.3
790	118.24	163.5	54	66.07
791	132.11	194.68	51	99.98
792	35.31	21.63	51	101.62
793	53.25	55.18	54	64.76
Drivers: 11
id	x	y	end	sensitivity
500	131.49	198.54	50	0.73
501	83.89	98.45	51	1.09
502	73.99	73.77	50	0.72
503	40.56	69.71	50	1.62
504	136.8	130.93	51	1.28
505	152.49	159.24	55	1.27
506	116.85	144.7	51	1
507	70.99	113.33	51	1.15
508	156.67	67.46	52	1.16
509	12.47	105.49	51	1.27
510	115.88	53.39	50	1.05
Period: 51
Tasks:14
id	x	y	end	c
794	67.02	167.8	55	75.4
795	180.92	69.33	54	86.54
796	39.48	156.62	54	82.88
797	103.75	37.39	54	62.72
798	173.57	115.91	52	75.27
799	43.95	34.58	54	86.15
800	25.99	162.32	54	96.75
801	50.14	187.76	57	100.93
802	117.89	95.34	55	18.49
803	84.88	3.3	53	97.87
804	159.03	83.1	53	61.4
805	183.16	41.22	52	101.84
806	101.18	18.6	53	81.41
807	107.48	79.4	52	21.92
Drivers: 13
id	x	y	end	sensitivity
511	131.83	25.25	54	1.88
512	123.11	65.18	52	0.95
513	113.83	145.18	52	1.81
514	19.4	145.55	53	0.72
515	176	31.93	51	1.34
516	114.58	59.43	52	1.05
517	2.15	160.2	51	0.9
518	112	57.75	51	1.35
519	58.23	5.66	55	1.75
520	28.82	66.96	52	1.91
521	148.8	87.48	55	1.5
522	173.19	62.77	52	1.21
523	5.81	115.61	51	1.1
Period: 52
Tasks:16
id	x	y	end	c
808	17.93	138.27	53	90.55
809	7.87	5.12	56	132.25
810	190.54	145.79	53	101.46
811	81.2	177.22	56	79.48
812	150.78	174.79	54	90.4
813	99.55	0.46	53	99.54
814	122.91	130.57	53	38.2
815	136.99	3.48	53	103.37
816	91.76	140.42	58	41.25
817	125.94	191.58	53	95.18
818	67.62	85.15	53	35.62
819	173.03	91.7	53	73.5
820	86.27	188.31	52	89.37
821	120.68	122.33	55	30.44
822	155.08	11.66	54	104.1
823	79.78	10.94	56	91.33
Drivers: 9
id	x	y	end	sensitivity
524	45.13	124.99	53	1.79
525	8.29	29.58	53	1.68
526	105.23	18.92	54	1.95
527	106.19	114.79	53	1.75
528	157.66	142.88	52	1.84
529	49.19	16.14	53	1.29
530	81.2	170.22	53	1
531	77.8	63.2	53	0.73
532	140.21	122.68	52	0.58
Period: 53
Tasks:13
id	x	y	end	c
824	57.74	83.01	56	45.55
825	80.89	18.66	54	83.55
826	56.2	174.05	55	86.03
827	33.9	173.83	55	99.1
828	150.14	24.49	56	90.64
829	118.13	46.54	53	56.45
830	164.31	191.98	57	112.23
831	4.07	161.3	57	113.84
832	104.69	123.78	53	24.24
833	138.44	149.22	55	62.45
834	48.78	13.82	54	100.25
835	137.02	149.78	54	62.04
836	57.98	24.71	57	86.22
Drivers: 12
id	x	y	end	sensitivity
533	163.48	127.73	53	1.18
534	41.12	111.64	55	0.92
535	50.89	53.84	54	0.73
536	150	138.74	53	1.84
537	63.77	148.14	53	0.84
538	102.19	107.92	54	1.96
539	156.1	68.67	54	0.65
540	91.94	23.07	53	1.26
541	134.86	83.44	54	1.26
542	187.64	127.89	53	1.56
543	134.07	163.56	53	1.71
544	13.74	19.01	56	1.38
Period: 54
Tasks:19
id	x	y	end	c
837	95.61	118.94	59	19.44
838	131.9	99.13	56	31.91
839	10.9	65.5	55	95.55
840	176.93	42.26	55	96.19
841	148.08	36.11	54	79.96
842	199.64	5.59	58	137.26
843	118.74	171.88	57	74.28
844	199.84	100.18	55	99.84
845	78.67	95.97	55	21.71
846	199.08	174.92	55	124.22
847	1.96	158.16	57	113.99
848	168.55	114.06	54	69.98
849	75.86	110.14	56	26.18
850	141.79	87.78	56	43.54
851	20.24	37.43	54	101.37
852	49.8	124.66	58	55.93
853	87.11	42.8	57	58.63
854	54.04	156.39	55	72.75
855	110.11	13.27	55	87.32
Drivers: 10
id	x	y	end	sensitivity
545	76.34	95.78	56	1.88
546	41.01	52.45	58	0.71
547	95.26	97.89	56	1.66
548	0.18	53.79	55	1.2
549	132.35	196.53	54	1.12
550	104.68	133.86	54	0.68
551	102.31	160.94	54	1.25
552	52.05	176.29	55	1.74
553	112.14	24.77	55	1.73
554	159.02	113.62	56	1.19
Period: 55
Tasks:14
id	x	y	end	c
856	183.73	91.7	58	84.14
857	193.81	14.94	56	126.63
858	48.34	185.97	57	100.3
859	196.41	79.68	59	98.53
860	109.63	183.09	57	83.65
861	60.65	97.62	57	39.42
862	93.15	180.89	56	81.18
863	164.21	157.28	55	86.05
864	146.64	142.19	57	62.89
865	125.82	58.74	55	48.67
866	27.65	188.89	55	114.61
867	92.04	16.45	57	83.93
868	141.7	14.31	56	95.3
869	147.23	142.77	58	63.72
Drivers: 10
id	x	y	end	sensitivity
555	154.48	83.64	56	1.73
556	130.47	93.46	56	1.6
557	156.51	199.87	55	0.91
558	22.49	112.19	56	0.96
559	70.39	78.58	56	0.84
560	127.67	101.12	55	1.1
561	197.05	18.23	55	1.87
562	121.69	13.84	56	1.55
563	188.34	35.27	55	1.92
564	183.35	32.52	57	0.77
Period: 56
Tasks:11
id	x	y	end	c
870	81.77	76.71	58	29.58
871	31.8	158.69	58	89.98
872	102.76	37.43	63	62.63
873	51.56	199.08	58	110.29
874	103.9	149.95	58	50.1
875	108.62	116.02	57	18.19
876	119.1	166.03	57	68.74
877	1.18	96.89	57	98.87
878	40.23	147.34	58	76.25
879	190.07	193.19	57	129.6
880	77.55	184.05	59	87
Drivers: 3
id	x	y	end	sensitivity
565	45.97	126.93	57	0.94
566	112.69	57.47	58	1.63
567	110.97	194.64	56	0.59
Period: 57
Tasks:15
id	x	y	end	c
881	96.94	6.69	61	93.36
882	95.73	56.67	60	43.54
883	163.96	169.36	58	94.35
884	89.88	80.99	59	21.54
885	92.63	142.79	58	43.42
886	26.51	151.03	57	89.47
887	93.43	85.05	59	16.33
888	185.67	170.71	59	111.08
889	149.01	67.22	58	58.96
890	175.44	27.26	60	104.8
891	40.85	163.8	59	87
892	160.69	100.43	60	60.69
893	160.27	2.18	59	114.9
894	183.15	198.28	58	128.74
895	15.4	37.85	58	104.98
Drivers: 11
id	x	y	end	sensitivity
568	102.62	14.04	58	1.92
569	9.2	161.94	60	1.22
570	48.51	48.95	60	0.62
571	103.77	64.81	58	0.85
572	34.38	0.56	57	1.58
573	116.4	153.54	58	1.22
574	161.81	3.2	58	1.21
575	5.35	168.43	60	0.73
576	103.75	26.71	59	1.58
577	167.99	86.69	58	0.65
578	152.56	112.94	58	1.03
Period: 58
Tasks:18
id	x	y	end	c
896	65.83	126.78	61	43.41
897	3.68	184.01	60	127.81
898	118.93	29.55	61	72.95
899	18.7	160.01	59	101.05
900	29.59	69.93	58	76.56
901	176.23	115.48	59	77.79
902	169.93	73.13	60	74.91
903	169.57	6.36	59	116.66
904	133.18	120.85	63	39.19
905	137.83	129.92	60	48.23
906	7.7	137.09	58	99.47
907	86.42	133.84	60	36.46
908	117.97	23.22	61	78.85
909	143.61	55.84	59	62.06
910	9.13	191.92	60	129.25
911	116.31	2.89	58	98.47
912	192.89	186.02	59	126.6
913	88.17	22.47	62	78.43
Drivers: 8
id	x	y	end	sensitivity
579	113.88	147.49	58	0.56
580	161.55	41.79	58	0.71
581	199.55	177.87	58	0.79
582	95.77	77.08	58	1.97
583	159.32	195.06	60	0.76
584	58.27	74.99	58	0.57
585	72.77	141.95	59	1.37
586	23.18	121.8	59	1.73
Period: 59
Tasks:12
id	x	y	end	c
914	151.55	9.48	62	104.17
915	144.83	73.03	63	52.32
916	15.73	56.88	63	94.66
917	68.09	115.46	60	35.46
918	107.54	173.29	60	73.68
919	146.11	92.83	60	46.66
920	34.93	145.75	63	79.54
921	168.9	5.37	65	117.06
922	14.27	95.9	63	85.83
923	2.06	84.06	61	99.23
924	77.33	86.89	61	26.19
925	73.9	100.36	63	26.1
Drivers: 5
id	x	y	end	sensitivity
587	0.52	139.2	60	0.92
588	137.66	89.4	60	1.16
589	108.02	85.47	61	0.68
590	83.11	7.47	61	0.57
591	103.95	186.77	59	0.81
Period: 60
Tasks:14
id	x	y	end	c
926	49.33	3.15	62	109.3
927	85.43	91.2	65	17.02
928	150.51	9.56	61	103.59
929	34.18	158.52	60	88.07
930	158.47	93.43	62	58.84
931	176.89	37.53	61	99.07
932	173.37	130.44	62	79.43
933	199.53	4.18	63	138.16
934	123.8	78.16	63	32.3
935	57.84	143.55	60	60.61
936	160.09	147.43	62	76.55
937	75.15	61.33	63	45.97
938	92.6	151.03	62	51.56
939	24.61	100.88	61	75.4
Drivers: 13
id	x	y	end	sensitivity
592	42.22	161	60	1.09
593	165	99.17	62	1.22
594	105.33	131.69	61	1.39
595	13.32	87.22	61	1.63
596	111.95	118.89	61	1.62
597	34.95	72.26	61	1.27
598	50.75	74.85	60	0.77
599	112.39	110.4	61	0.66
600	46.88	126.34	60	1.27
601	102.7	98.91	60	1.93
602	41.93	86.19	61	0.9
603	145.05	47.79	60	1.77
604	125.32	48.94	62	1.71
Period: 61
Tasks:16
id	x	y	end	c
940	96.86	146.92	62	47.02
941	176.61	23.36	62	108.36
942	145.92	29.07	62	84.5
943	50.21	140.26	61	64.03
944	170.02	149.62	64	85.82
945	63.13	45.31	62	65.96
946	7.51	69.89	64	97.27
947	15.66	180.94	62	116.9
948	144.31	188.78	63	99.22
949	190.12	198.11	61	133.22
950	82.68	103.7	62	17.71
951	157.22	164.01	62	85.86
952	54.96	75.07	65	51.48
953	125.87	24.75	63	79.57
954	92.61	34.79	65	65.63
955	195.5	155.33	64	110.37
Drivers: 8
id	x	y	end	sensitivity
605	98.9	16.62	63	1.44
606	106.88	179.56	62	0.63
607	100.91	192.41	61	0.5
608	129.44	176.72	62	1.1
609	142.72	63.4	61	1.62
610	107.36	141.04	63	0.66
611	60.17	157.39	62	0.71
612	38.64	14.33	63	1.38
Period: 62
Tasks:15
id	x	y	end	c
956	90.36	6.58	64	93.92
957	185.07	84.3	62	86.51
958	151.03	133.47	67	61.03
959	174.75	173.89	62	105.11
960	161.22	168.09	62	91.56
961	141.38	32.73	65	78.98
962	171.11	53.68	63	84.87
963	67.03	86.1	63	35.78
964	6.02	126.13	63	97.54
965	73.23	28.38	64	76.46
966	27.15	98.08	66	72.88
967	140.65	116.79	66	43.98
968	33.59	176.34	65	101.18
969	77.4	174.15	65	77.52
970	133.24	127.24	64	42.98
Drivers: 8
id	x	y	end	sensitivity
613	80.25	29.92	62	1.36
614	142.85	128.32	65	0.94
615	54.47	152.31	64	1.86
616	44.7	0.5	62	1.58
617	169.89	130.56	64	1.41
618	167.06	112.31	64	1.27
619	116.6	72.42	63	1.71
620	97.1	186.37	62	1.22
Period: 63
Tasks:7
id	x	y	end	c
971	196.61	43.17	64	112.09
972	172.74	189.44	64	115.28
973	15.82	12.79	66	121.21
974	42.14	117.43	64	60.43
975	126.29	109.45	68	27.94
976	15.27	67.75	63	90.66
977	43.74	50.14	66	75.17
Drivers: 14
id	x	y	end	sensitivity
621	11.51	185.04	63	1.42
622	130.07	28.36	63	0.76
623	101.55	116.09	64	1.16
624	26.62	9.82	64	1.04
625	156.59	3.68	63	0.77
626	73.07	33.43	64	1.46
627	149.52	167.07	65	1.35
628	50.41	137.07	63	1.09
629	48.2	9.95	64	1.91
630	179.64	79.1	63	1.76
631	77.48	106.19	65	0.85
632	185.67	17.58	64	1.37
633	74.28	110.58	64	1.17
634	37.87	101.2	64	1.76
Period: 64
Tasks:15
id	x	y	end	c
978	119.72	8.26	65	93.84
979	98.31	78.97	65	21.1
980	2.31	13.29	67	130.62
981	113.79	37.03	66	64.46
982	142.2	174.35	66	85.49
983	24.57	147.31	65	89.04
984	184.25	147.68	67	96.81
985	78.1	158.96	66	62.9
986	96.48	82.42	64	17.93
987	15.06	192.95	66	125.91
988	88.61	35.62	68	65.38
989	177.52	109.64	65	78.12
990	125.43	123.52	64	34.64
991	4.45	143.97	64	105.18
992	147.79	7.14	70	104.44
Drivers: 10
id	x	y	end	sensitivity
635	34.04	168.84	64	0.57
636	94.11	86.55	67	1.42
637	14.96	1.15	65	1.5
638	102.39	10.71	66	1.76
639	17.98	2.99	64	1.55
640	106.02	5.24	65	1.35
641	178.55	136.44	64	0.96
642	57.39	197.28	66	0.89
643	14.17	140.97	64	0.8
644	191.72	156.55	64	1.1
Period: 65
Tasks:16
id	x	y	end	c
993	53.7	23.74	68	89.21
994	30.19	89.31	65	70.62
995	0.02	182.61	66	129.69
996	166.72	193.74	70	115.06
997	154.68	158.51	67	80.08
998	175.38	68.5	67	81.7
999	68.44	50.02	66	59.11
1000	35.61	198.9	67	118.01
1001	73.53	133.2	70	42.46
1002	190.82	169.6	67	114.42
1003	62.67	33.22	69	76.51
1004	119.42	179.53	71	81.87
1005	156.27	110.46	66	57.23
1006	39.69	37.28	67	87.01
1007	36.49	186.61	68	107.4
1008	62.31	172.04	69	81.3
Drivers: 7
id	x	y	end	sensitivity
645	58.33	101.51	66	1.46
646	147.86	49.91	65	0.88
647	179.55	134.43	66	1.15
648	3.86	47.46	66	1.1
649	69	38.83	65	1.79
650	193.29	113.36	65	1.53
651	37.29	149.71	67	1.29
Period: 66
Tasks:11
id	x	y	end	c
1009	24.57	54.4	68	88.14
1010	160.81	162.3	67	87.06
1011	178.46	29.14	71	105.72
1012	20.67	89.42	67	80.03
1013	163.71	135.45	66	72.91
1014	4.23	93.05	69	96.02
1015	52.93	189.49	67	101.11
1016	101.07	184.62	67	84.63
1017	189.52	55.47	68	99.98
1018	177.61	15.89	66	114.45
1019	103.78	138.78	66	38.96
Drivers: 10
id	x	y	end	sensitivity
652	172.2	136.43	66	0.73
653	36.36	108.26	67	1.74
654	164.78	91.96	66	1.91
655	150.32	38.17	67	1.07
656	157.53	91.47	67	0.55
657	92.2	138.68	67	0.61
658	79.44	179.67	68	1.74
659	36.22	173.39	68	1.22
660	146.66	118.35	67	0.79
661	0.7	30.05	69	1.34
Period: 67
Tasks:12
id	x	y	end	c
1020	172.69	85.82	67	74.06
1021	151.91	136.27	70	63.33
1022	172.01	129.87	68	77.96
1023	118.11	36.48	68	66.05
1024	118.85	25.65	69	76.7
1025	31.16	57.69	68	80.8
1026	107.65	94.36	72	9.5
1027	96.6	46.55	69	53.56
1028	181.36	69.01	68	87.06
1029	146.78	114.92	71	49.1
1030	145.5	30.25	68	83.28
1031	133.71	156.07	68	65.42
Drivers: 11
id	x	y	end	sensitivity
662	192.57	109.49	68	0.71
663	152.75	131.92	68	0.75
664	65.67	152.29	69	1.57
665	127.27	175.34	68	1.71
666	111.48	74.74	68	1.7
667	136.2	12.33	68	1.23
668	84.08	59.86	70	1.96
669	111.22	161.06	67	1.26
670	125.32	38.65	69	1.18
671	28.25	171.15	69	1.22
672	157.95	134.91	67	1.46
Period: 68
Tasks:9
id	x	y	end	c
1032	76.42	104.29	69	23.97
1033	30.77	39.09	72	92.21
1034	143.56	73.41	70	51.03
1035	22.06	47.95	72	93.72
1036	122.92	0.44	70	102.16
1037	30.08	11.73	70	112.61
1038	165.48	188.88	71	110.4
1039	108.35	161.22	68	61.79
1040	114.92	158.67	68	60.54
Drivers: 14
id	x	y	end	sensitivity
673	166.62	193.85	70	1.47
674	106.26	54.61	69	0.7
675	138.33	134.16	71	0.96
676	179.88	52.04	70	1.21
677	120.53	167.93	70	1.3
678	57.22	148.13	70	1.15
679	157.55	2.48	68	1.74
680	153.4	153.05	68	1.75
681	89.75	44.01	68	0.74
682	145.01	140.92	69	1.47
683	132.35	52.79	68	1.83
684	84.65	112.75	68	0.89
685	61.52	105.07	69	1.23
686	12.95	15.89	68	1.72
Period: 69
Tasks:15
id	x	y	end	c
1041	46.14	133.99	71	63.69
1042	68.03	98.02	72	32.03
1043	135.65	76.57	69	42.66
1044	129.02	59.68	73	49.68
1045	197.61	168.38	69	119.18
1046	90.99	47.07	69	53.69
1047	29.79	62.82	72	79.45
1048	43.12	19.06	72	98.93
1049	18.78	132.57	70	87.51
1050	149.03	3.94	71	107.85
1051	31.11	136.12	70	77.78
1052	129.68	136.32	72	46.9
1053	12.69	176.81	70	116.29
1054	1.22	139.39	73	106.34
1055	127	169.62	69	74.67
Drivers: 5
id	x	y	end	sensitivity
687	119.16	148.28	69	0.97
688	70.37	10.76	69	1.42
689	147.56	171.21	70	1.07
690	43.78	120.47	71	0.68
691	153.8	126.35	70	1.58
Period: 70
Tasks:11
id	x	y	end	c
1056	163.53	20.05	74	102.12
1057	76.63	134.56	72	41.72
1058	125.73	49.44	70	56.73
1059	22.62	15	70	114.95
1060	40.82	167.7	73	89.92
1061	40.26	94.97	73	59.95
1062	16.24	51.75	72	96.66
1063	188.74	91.38	74	89.16
1064	95.96	107.65	71	8.65
1065	163.23	29.82	70	94.46
1066	2.83	155.37	71	111.84
Drivers: 14
id	x	y	end	sensitivity
692	102.85	199.14	70	0.67
693	100.06	71.99	70	1.38
694	30.64	183.14	71	0.64
695	188.45	71.77	71	1.19
696	145.09	46.15	73	1.86
697	131.7	194.09	70	1.44
698	150.9	9.17	71	0.65
699	75.4	118.43	71	1.98
700	82.11	172.13	71	1.43
701	110.11	43.87	71	1.13
702	187.07	111.74	74	1.12
703	157.62	44.16	72	1.25
704	169.85	23.16	70	1.17
705	45.48	6.49	70	0.68
Period: 71
Tasks:12
id	x	y	end	c
1067	58.04	0.28	73	108.19
1068	121.67	146.98	74	51.74
1069	138.56	28.63	75	81.12
1070	88.7	172.41	75	73.29
1071	87.21	168.35	73	69.54
1072	76.72	5.96	72	96.88
1073	97.33	8.89	73	91.15
1074	137.59	190.62	75	98.11
1075	114.43	26.82	72	74.59
1076	7.07	155.68	74	108.33
1077	193.15	126.04	73	96.72
1078	154.48	106.87	73	54.91
Drivers: 12
id	x	y	end	sensitivity
706	119.76	52.27	72	1.32
707	92.56	53.03	71	1.8
708	54.92	94.06	71	1.11
709	173.88	21.72	71	1.3
710	4.68	71.2	71	1.38
711	100.84	25.16	71	0.65
712	195.04	144.65	73	0.78
713	35.04	103.98	71	1.89
714	168.91	129.02	72	1.52
715	184.89	140.09	72	1.52
716	117.26	139.82	71	1.75
717	142.56	0.89	73	0.69
Period: 72
Tasks:25
id	x	y	end	c
1079	126.69	30.26	73	74.67
1080	185.86	164.38	72	107.32
1081	7.24	70.11	75	97.46
1082	22.72	127.34	74	81.97
1083	80.6	55.5	72	48.54
1084	12.49	143.32	75	97.65
1085	112.3	140.22	74	42.06
1086	67.51	174.15	73	80.96
1087	190.26	117.34	73	91.91
1088	158.89	40.53	74	83.69
1089	35.58	139.08	75	75.35
1090	42.52	0.99	72	114.49
1091	140.05	97.5	72	40.13
1092	22	54.47	74	90.32
1093	137.71	195.77	72	102.93
1094	81.69	14.43	76	87.51
1095	119.35	176.03	73	78.45
1096	39.97	196.84	72	113.94
1097	174.47	155.59	74	92.93
1098	192.15	147.43	76	103.64
1099	30.09	73.89	73	74.63
1100	172.64	17.19	72	110.15
1101	64.21	80.74	74	40.64
1102	3.58	188.05	77	130.57
1103	18.81	116.48	75	82.85
Drivers: 15
id	x	y	end	sensitivity
718	133.27	51.99	75	1.23
719	148.84	184.55	72	1
720	28.83	36.04	72	0.93
721	134.94	42.98	73	1.34
722	88.29	9.3	72	1.09
723	89.89	73.46	72	1.31
724	197.55	5.34	72	1.99
725	45.45	120.37	73	1.68
726	22.09	63.12	72	1.79
727	157.18	48.78	72	1.91
728	85.72	68.61	73	1.81
729	3.75	61.25	72	1.04
730	55.55	189.67	76	1.95
731	23.85	135.35	73	1.35
732	62.48	7.01	72	0.7
Period: 73
Tasks:21
id	x	y	end	c
1104	115.12	48.57	74	53.61
1105	180.82	136.54	75	88.7
1106	158.48	41.14	73	82.97
1107	137.33	131.62	75	48.92
1108	146.73	2.14	75	108.44
1109	33.28	124.41	76	71.05
1110	114.39	76.05	75	27.94
1111	116.51	90.85	81	18.88
1112	128.35	127.28	77	39.34
1113	21.29	104.52	76	78.84
1114	61.45	167.54	77	77.77
1115	99.22	36.96	77	63.04
1116	54.55	165.76	75	79.94
1117	34.49	47.8	75	83.76
1118	118.44	174.91	75	77.15
1119	117.22	75.86	75	29.65
1120	65.48	119.68	75	39.74
1121	21.15	117.03	74	80.67
1122	60.5	0.72	74	106.85
1123	166.61	47.21	74	84.99
1124	150.75	82.55	75	53.67
Drivers: 6
id	x	y	end	sensitivity
733	49.36	35.21	75	1.38
734	37.9	185.39	74	1.78
735	190.09	21.57	73	0.59
736	60.28	18.12	73	0.97
737	65.85	153.64	73	1.76
738	164.28	97.3	73	1.67
Period: 74
Tasks:15
id	x	y	end	c
1125	116.92	143.28	78	46.47
1126	112.21	130.23	76	32.6
1127	78.37	168.76	76	72.08
1128	66.62	92.86	77	34.14
1129	179.99	194.65	74	123.92
1130	36.36	171.93	74	96.04
1131	165.18	183.48	76	105.91
1132	120.12	121.51	76	29.45
1133	38.09	81.99	77	64.48
1134	59.97	66.83	76	51.99
1135	79.96	9.14	77	93.04
1136	198.59	94.93	78	98.72
1137	41.51	72.49	78	64.64
1138	155.5	159.93	75	81.68
1139	159.06	58.16	75	72.38
Drivers: 9
id	x	y	end	sensitivity
739	69.27	181.18	74	1.44
740	146.55	159.95	74	1.21
741	149.1	10.49	74	1.17
742	155.66	60.21	75	0.92
743	74.89	39.22	77	1.61
744	81.75	79.11	74	1.2
745	195.51	135.27	74	0.74
746	62.68	23.98	75	0.6
747	151.72	196.39	74	1.54
Period: 75
Tasks:20
id	x	y	end	c
1140	50.03	34.61	78	82.3
1141	73.86	160.27	80	65.69
1142	102.95	140.16	79	40.27
1143	82.1	99.87	75	17.9
1144	175.08	127.41	77	79.93
1145	184.04	31.82	77	108.22
1146	3.6	185.87	76	129.1
1147	153.12	179.87	77	95.92
1148	188.25	107.78	77	88.59
1149	141.07	93.53	76	41.58
1150	44.73	50.45	76	74.23
1151	20.61	192.78	78	122.11
1152	137.02	23.61	76	84.89
1153	155.24	78.26	76	59.36
1154	153.25	74.69	79	58.96
1155	174.75	35.36	76	98.82
1156	14.68	85.76	75	86.5
1157	80.42	34.84	77	68.04
1158	144.64	110.43	79	45.84
1159	159.7	197.02	76	113.92
Drivers: 11
id	x	y	end	sensitivity
748	82.54	133.94	77	1.39
749	152.76	139.2	76	1.08
750	17.31	137.99	76	1.65
751	124.32	83.28	76	0.78
752	148.95	136.14	76	1.06
753	60.74	96.49	77	1.41
754	124.59	171.3	75	1.69
755	84.52	163.62	78	1.57
756	129.5	31.86	75	0.84
757	4.88	78.2	75	0.74
758	68.32	164.03	75	1.7
Period: 76
Tasks:16
id	x	y	end	c
1160	160.16	153.33	80	80.39
1161	58.83	68.48	78	51.85
1162	93.85	167.04	77	67.32
1163	78.02	38.06	77	65.72
1164	24.45	32.28	79	101.46
1165	27.82	131.65	79	78.81
1166	97.72	100	77	2.28
1167	56.26	46.43	79	69.16
1168	39.39	144.17	78	75
1169	192	102.81	77	92.04
1170	119.41	54.32	77	49.63
1171	142.43	159.51	78	73.09
1172	170.39	180.45	78	106.9
1173	27.18	90.96	78	73.38
1174	176.23	84.73	78	77.74
1175	81.15	171.39	76	73.84
Drivers: 10
id	x	y	end	sensitivity
759	117.03	89.84	76	1.41
760	69.05	108.53	77	1.14
761	9.13	69.82	79	1.45
762	36.66	57.27	78	1.27
763	167.1	45.28	77	1.87
764	49.74	199.33	76	1.2
765	126.21	196.48	78	0.62
766	195.13	135.48	76	1.48
767	179.05	128.6	78	1.95
768	17.13	58.05	76	0.89
Period: 77
Tasks:11
id	x	y	end	c
1176	137.64	173.93	79	82.96
1177	135.55	129.14	77	45.97
1178	0.41	71.14	83	103.69
1179	197.47	155.18	79	112.01
1180	47	41.7	77	78.79
1181	142.06	140.46	77	58.36
1182	171.37	97.74	80	71.41
1183	169.24	125.48	79	73.78
1184	62.99	136.6	80	52.05
1185	77.8	21.45	77	81.63
1186	122.81	23.29	79	80.03
Drivers: 12
id	x	y	end	sensitivity
769	193.85	61.21	78	1.78
770	101.05	67.17	79	1.76
771	43.18	128.02	77	1.58
772	66.67	4.7	77	1.19
773	168.26	0.99	78	1
774	199.46	17.73	77	0.76
775	67.95	136.41	77	1.08
776	140.08	138.39	78	1.15
777	90.17	145.91	77	0.76
778	1.92	157.62	77	1.1
779	71.29	132.59	78	0.79
780	186.23	38.54	77	2
Period: 78
Tasks:13
id	x	y	end	c
1187	38.57	19.74	83	101.07
1188	36.72	186.46	80	107.14
1189	146.56	122.53	84	51.72
1190	171.4	116.56	83	73.3
1191	94.6	197.47	80	97.62
1192	166.96	4.34	80	116.77
1193	63.18	122.43	83	43.11
1194	145.96	146.37	78	65.29
1195	182.67	51.72	79	95.74
1196	173.85	120.21	81	76.57
1197	160.4	41.88	81	83.82
1198	14.74	29.96	80	110.34
1199	75.56	178.16	80	81.89
Drivers: 10
id	x	y	end	sensitivity
781	45.79	174.95	79	1.07
782	86.32	44.59	81	0.95
783	12.13	95.23	81	0.9
784	2.86	170.71	80	0.95
785	178.37	15.93	78	1.87
786	92.69	138.71	79	1.86
787	72.55	65.3	81	0.89
788	29.18	23.09	79	0.74
789	71.26	4.62	80	1.75
790	24.66	144.37	81	1.48
Period: 79
Tasks:15
id	x	y	end	c
1200	147.36	173.18	79	87.17
1201	97.72	73.62	80	26.48
1202	150.42	61.22	80	63.61
1203	30.1	78.58	84	73.11
1204	100.68	104.14	83	4.2
1205	41.19	162.82	80	86.05
1206	172.95	119.16	81	75.42
1207	20.49	17.61	82	114.5
1208	186.15	60.43	81	94.8
1209	169.84	189.39	79	113.44
1210	138.93	47.01	81	65.75
1211	61.83	69.92	79	48.6
1212	167.54	183.63	81	107.5
1213	27.55	31.26	81	99.87
1214	176.17	68.62	81	82.38
Drivers: 15
id	x	y	end	sensitivity
791	50.95	124.93	79	0.91
792	97.59	141.94	80	1.75
793	132.01	72.42	80	1.3
794	101.69	118.21	80	0.85
795	164.71	66.23	79	1.28
796	156.52	158.49	79	1.26
797	169.1	8.84	79	0.67
798	93.23	84.46	80	0.92
799	17.93	60.42	79	0.91
800	177.38	54.29	79	1.58
801	0.19	164.85	81	1.74
802	54.88	110.06	80	1.38
803	48.43	183.68	83	0.54
804	89.65	137.14	80	1.97
805	184.07	143.72	80	0.59
Period: 80
Tasks:10
id	x	y	end	c
1215	23.96	92.74	83	76.39
1216	102.89	176.53	81	76.58
1217	22.96	109.06	82	77.57
1218	117.54	190.13	85	91.82
1219	86.57	0.52	80	100.38
1220	59.64	77.38	80	46.27
1221	64.92	107.83	82	35.94
1222	142.8	125.53	81	49.84
1223	83.62	67.52	81	36.38
1224	169.17	152.13	82	86.61
Drivers: 10
id	x	y	end	sensitivity
806	28.58	135.85	83	1.13
807	107.25	94.29	80	1.29
808	171.77	8.79	82	0.97
809	160.13	39.02	80	1.97
810	127.76	130.52	80	0.74
811	175.1	193.97	84	0.89
812	89.7	139.97	82	1.54
813	120.12	75.39	80	1.16
814	102.27	175.83	80	0.54
815	45.68	141.15	82	1.5
Period: 81
Tasks:19
id	x	y	end	c
1225	80.3	77.38	84	30
1226	106.51	47.01	83	53.39
1227	152.78	191.59	84	105.71
1228	94.23	91.95	84	9.9
1229	127.85	198.46	83	102.32
1230	115.04	35.73	83	66.01
1231	171.28	7.07	82	117.12
1232	108.32	179.85	84	80.28
1233	154.53	61.33	82	66.85
1234	60.72	53.87	84	60.59
1235	183.58	90.64	83	84.1
1236	16.73	163.6	82	104.78
1237	147.96	116.98	83	50.88
1238	28.84	17.01	81	109.32
1239	167.23	93.67	85	67.53
1240	148.19	167.91	85	83.27
1241	195.48	184.37	82	127.42
1242	103.1	135.28	82	35.42
1243	116.58	92.53	87	18.19
Drivers: 9
id	x	y	end	sensitivity
816	160.54	84.23	82	0.77
817	60.78	134.04	82	1.85
818	117.31	30.13	85	1.64
819	82.17	193.41	82	1.15
820	79.55	25.92	82	1.03
821	12.46	101.18	83	0.52
822	92.59	0.19	81	1.1
823	143.23	7.53	83	0.55
824	181.94	32.26	81	1.4
Period: 82
Tasks:11
id	x	y	end	c
1244	189.75	168.57	84	112.95
1245	51.95	72.04	86	55.59
1246	3.92	198.51	83	137.61
1247	27.28	20.67	84	107.62
1248	42.44	186.13	83	103.59
1249	159.18	97.92	84	59.22
1250	122.1	35.02	85	68.64
1251	114.74	193.74	82	94.89
1252	112.82	41.13	83	60.25
1253	16.58	130.34	86	88.77
1254	100.24	121.69	84	21.69
Drivers: 10
id	x	y	end	sensitivity
825	9.49	136.33	82	0.69
826	174.74	133.1	82	1.78
827	18.14	156.84	82	1.75
828	113.58	104	82	1.23
829	5.65	161.77	83	0.56
830	45.39	160.89	83	1.64
831	93.43	122.29	83	1.05
832	6.25	107.98	82	0.75
833	184.57	100.54	82	1.44
834	68.82	135.19	84	0.69
Period: 83
Tasks:9
id	x	y	end	c
1255	47.34	168.21	85	86.17
1256	80.47	150.22	84	53.88
1257	13.3	5.94	85	127.92
1258	101.86	8.02	88	92
1259	87.74	139.85	85	41.69
1260	159.63	196.69	84	113.6
1261	152.96	15.42	86	99.79
1262	179.26	197.64	84	125.76
1263	133.94	28.29	83	79.34
Drivers: 16
id	x	y	end	sensitivity
835	153.07	93.35	84	0.64
836	140.01	154.31	84	1.86
837	189.39	120.69	83	1.9
838	56.77	193.01	84	1.07
839	191.34	5.83	83	1.36
840	34.07	127.42	85	1.18
841	24.79	161.18	83	1.83
842	23.63	182.43	83	1.31
843	46.99	113.34	83	1.18
844	185.76	110.24	84	0.91
845	163.65	159.94	84	0.6
846	75.71	170.68	83	1.03
847	40.55	71.97	83	0.75
848	84.02	127.16	84	0.83
849	186.88	132.09	85	1.31
850	132.83	21.73	84	0.7
Period: 84
Tasks:14
id	x	y	end	c
1264	174.82	106.24	87	75.08
1265	134.24	59.78	85	52.82
1266	186.1	87.93	85	86.94
1267	27.85	57.06	88	83.96
1268	175.74	134.59	86	83.26
1269	42.57	138.03	88	68.88
1270	81.03	60.23	87	44.06
1271	104.47	45.99	84	54.19
1272	155.88	144.95	85	71.72
1273	186.69	173.85	88	113.88
1274	199.74	68.38	84	104.63
1275	184.48	39.28	87	104.04
1276	182.06	94.2	86	82.26
1277	48.05	54.08	88	69.34
Drivers: 7
id	x	y	end	sensitivity
851	45.95	193.42	84	1.88
852	31.49	148.24	85	0.78
853	50.1	127.01	84	1.3
854	179.45	132.19	84	1.79
855	180.12	1.13	85	1.71
856	27.43	9.65	84	1.85
857	164.98	88.25	86	0.59
Period: 85
Tasks:11
id	x	y	end	c
1278	118.55	139.02	86	43.2
1279	183.38	110.09	88	83.99
1280	141.64	50.32	86	64.82
1281	2.37	175.6	87	123.48
1282	172.48	120.04	87	75.2
1283	24.21	38.53	85	97.58
1284	183.43	116.17	85	84.98
1285	192.94	30.5	85	116.05
1286	106.42	179.82	88	80.08
1287	18.44	64.95	86	88.77
1288	134.69	88.16	87	36.65
Drivers: 10
id	x	y	end	sensitivity
858	2.4	189.83	85	1.77
859	137.26	137.2	86	1.48
860	11.73	191.85	85	1.88
861	147.66	49.44	85	1.4
862	68.97	165.69	86	1.15
863	108.54	25.72	88	1.2
864	1.44	180.48	85	1.13
865	52.7	37.69	87	1.33
866	32.4	93.27	85	1.39
867	87.19	25.74	87	1.92
Period: 86
Tasks:12
id	x	y	end	c
1289	176.2	186.69	87	115.42
1290	6.66	88.63	88	94.03
1291	158.15	104.37	89	58.31
1292	173.21	197.66	91	122.05
1293	196.86	122.39	90	99.41
1294	2.68	10.25	86	132.39
1295	198.45	154.95	90	112.75
1296	89.04	60.95	88	40.56
1297	26.26	156.52	87	92.91
1298	82.34	13.93	89	87.86
1299	40.21	147.68	89	76.47
1300	149.82	94.94	87	50.08
Drivers: 7
id	x	y	end	sensitivity
868	39.21	50.33	88	1.9
869	149.78	42.57	87	1.28
870	158.1	134.28	86	0.67
871	100.7	9.48	86	0.72
872	109.68	88.88	87	0.53
873	100.89	25.35	86	1.78
874	138.44	52.11	87	1.6
Period: 87
Tasks:16
id	x	y	end	c
1301	147.61	36.23	89	79.58
1302	84.75	53.47	89	48.97
1303	128.16	119	89	33.97
1304	199.28	131.98	90	104.3
1305	73.95	95.89	91	26.37
1306	128.93	147.33	88	55.47
1307	85.65	142.28	91	44.65
1308	194.12	88.03	89	94.88
1309	24.51	192.62	88	119.49
1310	141.26	92.26	88	41.98
1311	172.95	15.23	89	111.84
1312	152.19	85.37	87	54.2
1313	150.59	12.65	91	100.94
1314	136.46	67.17	90	49.06
1315	30.64	70.4	88	75.41
1316	102.23	123.87	90	23.97
Drivers: 8
id	x	y	end	sensitivity
875	28.35	137.82	87	1.28
876	0.15	194.4	88	0.98
877	44.04	47.32	88	0.52
878	122.85	100.1	87	1.35
879	181.84	131.73	90	0.77
880	57.8	193.6	90	0.72
881	76.77	87.31	87	1.43
882	127.02	33.19	88	1.45
Period: 88
Tasks:23
id	x	y	end	c
1317	6.68	86.91	93	94.23
1318	152.88	40.13	89	79.88
1319	183.22	126.45	88	87.32
1320	48.99	112.58	91	52.54
1321	188.85	56.6	89	98.88
1322	24.27	61.07	89	85.15
1323	147.59	42.6	88	74.56
1324	66.7	17.93	91	88.57
1325	6.73	48.3	89	106.64
1326	88.33	71.52	91	30.78
1327	81.66	149.07	90	52.39
1328	7.5	67.68	91	97.98
1329	192.14	11.44	89	127.8
1330	143.55	93.52	90	44.03
1331	111.98	53.44	90	48.08
1332	81.62	133.03	90	37.8
1333	78.73	174.58	89	77.55
1334	125.97	56.63	88	50.55
1335	19.68	34.52	88	103.63
1336	98.37	108.88	93	9.03
1337	102.74	174.05	89	74.1
1338	7.29	50.61	91	105.05
1339	33.89	80.26	88	68.99
Drivers: 2
id	x	y	end	sensitivity
883	171.32	71.83	88	0.54
884	27.09	44.6	88	1.8
Period: 89
Tasks:14
id	x	y	end	c
1340	161.58	146.22	91	77
1341	156.55	115.39	93	58.61
1342	176.6	25.04	92	107.18
1343	181.54	55.39	90	92.95
1344	114.02	57.75	91	44.52
1345	10.05	115.05	90	91.2
1346	96.07	117.51	90	17.95
1347	82.24	76.05	91	29.82
1348	132.01	28.17	90	78.64
1349	182.61	14.8	92	118.67
1350	99.3	72.03	91	27.98
1351	52.2	37.24	93	78.89
1352	199.1	173.71	90	123.51
1353	82.24	181.11	90	83.03
Drivers: 5
id	x	y	end	sensitivity
885	126.94	9.47	90	1.39
886	164.66	176.39	90	1.81
887	97.53	188.71	91	1.35
888	53.35	101.04	89	1.83
889	156.67	116.17	90	1.29
Period: 90
Tasks:18
id	x	y	end	c
1354	30.7	34.86	91	95.11
1355	97.17	137.04	92	37.15
1356	33.43	107.06	90	66.94
1357	136.69	44.44	90	66.58
1358	67.47	194.18	92	99.64
1359	189.69	136.13	93	96.69
1360	197.2	109.69	92	97.68
1361	152.1	159.48	91	79.07
1362	83.68	52.86	92	49.89
1363	1.42	91.92	92	98.91
1364	185.69	174.59	94	113.61
1365	57.11	7.96	92	101.54
1366	81.66	18.55	92	83.49
1367	182.34	70.11	92	87.6
1368	27.63	132.77	92	79.44
1369	174.41	40.66	92	95.17
1370	111.47	6.43	90	94.27
1371	192.23	48.12	91	105.82
Drivers: 10
id	x	y	end	sensitivity
890	103.09	187.98	91	1.06
891	127.17	74.02	92	0.94
892	184.84	47.64	92	1.58
893	171.58	130.61	94	1.72
894	93.07	88.95	90	1.69
895	184.45	119.66	90	1.94
896	70.61	176.41	90	1.85
897	161.76	103.81	91	0.94
898	153.87	11.63	91	0.89
899	10.81	156.47	91	0.89
Period: 91
Tasks:13
id	x	y	end	c
1372	132.82	118.52	91	37.68
1373	39.64	180.12	94	100.31
1374	133.22	108.55	92	34.3
1375	140.78	141.81	94	58.4
1376	85.75	89.45	92	17.73
1377	6.69	103.96	91	93.39
1378	100.69	161.31	95	61.31
1379	103.97	102.64	91	4.77
1380	127.34	77.7	93	35.28
1381	111.95	158.49	93	59.7
1382	137.86	66.09	93	50.83
1383	116.58	57.09	93	46
1384	171.01	120.5	93	73.91
Drivers: 9
id	x	y	end	sensitivity
900	199.7	83.61	91	0.61
901	63.94	116.53	93	0.55
902	159.17	96.94	91	0.74
903	78.19	7.06	92	0.55
904	55.27	142.61	91	0.99
905	110.31	30.61	91	1.12
906	117.88	185.32	93	1.03
907	2.67	173.84	92	1.53
908	55.53	176.48	91	1.03
Period: 92
Tasks:12
id	x	y	end	c
1385	100.19	195.1	94	95.1
1386	85.69	121.51	96	25.84
1387	198.55	118.77	94	100.32
1388	115.19	22.29	98	79.18
1389	193.59	76.58	92	96.48
1390	119.49	54.17	94	49.8
1391	1.29	198.53	95	139.47
1392	116.53	108.79	92	18.72
1393	23.92	178.66	93	109.43
1394	173.59	109.85	96	74.25
1395	191	179.27	96	120.68
1396	191.91	50.07	94	104.6
Drivers: 9
id	x	y	end	sensitivity
909	19.66	58.01	93	1.79
910	193.58	104.17	93	1.34
911	154.96	163.86	93	1.54
912	139.76	27.53	92	0.52
913	61.16	160.37	96	1.92
914	194.84	19.37	94	1.75
915	191.59	137.79	94	1.47
916	190.86	52.63	93	1.5
917	140.72	157.55	92	1.78
Period: 93
Tasks:15
id	x	y	end	c
1397	173.69	8.21	94	117.71
1398	127.07	16.26	96	88.01
1399	73.56	79.96	95	33.18
1400	106	82.77	95	18.24
1401	91.6	187.06	97	87.46
1402	164.62	55.2	95	78.63
1403	103.99	109.33	98	10.15
1404	53.96	118.57	94	49.64
1405	29.83	77.64	95	73.65
1406	77.6	31.96	97	71.63
1407	108.13	190.07	94	90.44
1408	81.45	83.41	96	24.89
1409	96.52	57.95	93	42.19
1410	173.34	46.7	95	90.66
1411	163.93	137.6	94	74.17
Drivers: 13
id	x	y	end	sensitivity
918	135.41	26.18	93	1.56
919	78.55	138.37	96	1.22
920	51.89	108.57	95	0.75
921	129.67	94.11	94	1.25
922	55	197.58	93	1.21
923	59.47	36.36	94	1.78
924	146.75	171.03	94	0.74
925	130.98	63.57	94	0.8
926	125.38	41.96	94	1.1
927	128.41	93.88	93	1.35
928	182.01	187.47	93	1.87
929	178.84	167.36	95	0.76
930	67.44	91.94	94	1.95
Period: 94
Tasks:22
id	x	y	end	c
1412	34.71	163.12	97	90.81
1413	15.27	178.15	96	115.27
1414	159.23	66.36	99	68.12
1415	124.74	10.1	96	93.24
1416	125.38	131.37	97	40.35
1417	178.21	17.74	94	113.51
1418	102.9	19.16	95	80.89
1419	127.51	49.79	95	57.25
1420	82.34	186.69	95	88.47
1421	146.6	67.16	96	57.01
1422	3.79	185.8	98	128.91
1423	53.98	47.06	95	70.15
1424	199	16.71	97	129.38
1425	30.24	9.96	97	113.9
1426	157.1	164.19	95	85.91
1427	50.23	102.66	95	49.84
1428	172.44	37.31	97	95.8
1429	94.61	193.52	96	93.68
1430	132.95	80.42	96	38.33
1431	88.67	191.69	94	92.39
1432	0.52	27.56	95	123.06
1433	198.61	182.11	97	128.32
Drivers: 10
id	x	y	end	sensitivity
931	80.61	193.39	94	0.91
932	179.6	5.97	97	0.53
933	102.58	51.48	96	1.23
934	78.53	151.1	94	0.75
935	26.23	19.8	96	1.09
936	92.47	154.39	96	1.76
937	101.75	39.58	96	1.14
938	71.53	80.3	95	1.62
939	135.71	0.56	95	0.71
940	193.35	26.44	96	1.84
Period: 95
Tasks:17
id	x	y	end	c
1434	71.67	10.92	97	93.48
1435	99.21	74.1	96	25.91
1436	154.95	33.98	97	85.9
1437	142.09	11.27	99	98.21
1438	83.19	162.21	96	64.44
1439	158.2	188.77	96	106.15
1440	71.99	39.04	99	67.09
1441	17.35	96.82	97	82.71
1442	15.75	40.54	95	103.12
1443	77.56	12.2	95	90.62
1444	70.59	82.55	96	34.2
1445	183.71	46.06	102	99.58
1446	115.6	24.74	96	76.86
1447	199.81	12.64	96	132.64
1448	65.66	39.08	96	69.93
1449	109.41	163.77	98	64.46
1450	38.34	165.5	96	89.96
Drivers: 14
id	x	y	end	sensitivity
941	133.69	198.08	95	1.85
942	24.34	143.01	97	1.05
943	122.44	62.37	96	1.15
944	102.66	148.94	95	0.71
945	111.21	58.92	96	1.64
946	70.57	101.38	95	1.11
947	144.39	42.96	95	0.76
948	43.94	102.56	96	1.81
949	46.06	107.4	96	1.18
950	102.31	12.32	97	0.94
951	90.11	107.88	96	1.64
952	54	39.5	96	0.78
953	20.44	33.98	97	1.66
954	167.35	104.87	96	1.58
Period: 96
Tasks:14
id	x	y	end	c
1451	165.26	116.95	98	67.43
1452	39	98.22	99	61.03
1453	106.59	107.92	97	10.3
1454	197.22	123.67	98	100.06
1455	36.61	95.1	98	63.58
1456	43.67	144.82	97	71.99
1457	44.51	145.54	96	71.78
1458	113.74	74.74	97	28.76
1459	159.96	176.25	99	97
1460	37.73	94.25	97	62.53
1461	28.88	104.67	97	71.27
1462	68.83	168.64	98	75.39
1463	181.71	72.02	97	86.37
1464	109.04	56.5	100	44.43
Drivers: 11
id	x	y	end	sensitivity
955	175.35	58.04	97	1.64
956	50.24	90.48	96	1.66
957	190.49	177.74	97	0.85
958	107.37	30.29	97	0.94
959	110.9	162.5	98	1.44
960	8.32	43.66	97	1.7
961	139.04	80.12	98	1.71
962	55.09	199.81	99	1.55
963	25.2	159.21	96	0.57
964	191.06	43.27	100	0.52
965	124.73	115.42	100	0.78
Period: 97
Tasks:4
id	x	y	end	c
1465	140.58	47.37	100	66.46
1466	19.17	77.44	97	83.92
1467	0.45	156.87	99	114.65
1468	107.8	36.97	99	63.51
Drivers: 12
id	x	y	end	sensitivity
966	104.67	157.94	98	1.18
967	80.8	63.67	97	0.85
968	176.53	57.11	101	0.7
969	107.81	62.88	98	1.17
970	19.91	103.83	98	1.03
971	148.38	124.2	97	1.33
972	160.4	11.5	97	1.21
973	189.96	157.14	98	1.49
974	146.68	78.62	97	0.74
975	43.05	117.91	99	0.61
976	137.05	58.78	98	1.35
977	118.14	78.68	99	1.08
Period: 98
Tasks:13
id	x	y	end	c
1469	59.56	90.2	98	41.61
1470	55.82	158.7	101	73.47
1471	43.26	131.48	98	64.89
1472	163.22	170.52	100	94.71
1473	182.59	180.54	99	115.36
1474	47.64	156.72	100	77.19
1475	76.54	74.51	99	34.64
1476	59.92	5.16	103	102.96
1477	63.12	20.14	101	87.96
1478	63.84	70.1	103	46.92
1479	75.86	163.34	99	67.78
1480	36.6	176.58	99	99.42
1481	117.66	30.2	98	72
Drivers: 12
id	x	y	end	sensitivity
978	91.07	145.51	100	1.24
979	107.39	126.94	98	1.54
980	144.49	177.37	99	0.84
981	155.8	94.51	99	1.09
982	123.84	101.41	100	1.3
983	113.2	87.22	100	0.72
984	109.29	2.59	99	1.61
985	23.06	184.3	100	1.75
986	101.75	196.17	100	1.14
987	99.4	163.11	100	1.76
988	144.14	60.37	101	2
989	12.4	128.93	99	1.24
Period: 99
Tasks:11
id	x	y	end	c
1482	132.41	191.8	100	97.35
1483	79.93	67.75	102	37.99
1484	77.65	30.78	103	72.74
1485	37.8	94.72	101	62.42
1486	94.38	122.66	100	23.35
1487	141.89	7.39	102	101.64
1488	117	58.27	100	45.06
1489	128.54	190	102	94.42
1490	181.03	89.22	103	81.74
1491	90.2	56.88	100	44.22
1492	165.77	197.35	100	117.48
Drivers: 11
id	x	y	end	sensitivity
990	64.94	91.58	100	0.57
991	47.85	48.85	101	1.17
992	165.55	183.91	101	1.06
993	121.72	6.88	100	1.25
994	188.07	159.31	100	1.85
995	147.56	148.53	102	0.55
996	54.69	124.65	99	1.62
997	10.63	73.19	101	1.32
998	72.27	114.56	99	0.78
999	5.5	164.89	99	1.43
1000	48.25	56.78	100	1.42
Period: 100
Tasks:10
id	x	y	end	c
1493	1.86	148.1	103	109.29
1494	128.59	82.86	103	33.33
1495	60.13	149.19	103	63.32
1496	134	19.03	105	87.82
1497	73.94	34.53	105	70.47
1498	157.95	163.24	102	85.78
1499	48.76	133.93	103	61.46
1500	11.62	68.85	102	93.71
1501	50.02	79.36	102	54.07
1502	187.96	167.84	103	111.08
Drivers: 8
id	x	y	end	sensitivity
1001	37.81	150.91	100	0.88
1002	72.15	110.68	102	1.58
1003	65.92	171.53	102	0.55
1004	66.39	99.91	102	1.7
1005	127.37	176.37	101	1.37
1006	92.04	174.32	100	0.52
1007	83.42	139.82	101	0.86
1008	186.6	139.09	100	0.86
