Periods: 100
Task Arrival Rate: 15
Task Average Time: 2
Driver Arrival Rate: 15
Driver Average Time: 3
Period: 1
Tasks:13
id	x	y	end	c
1	138.64	177.96	4	87.01
2	195.07	190.41	5	131.2
3	19.26	74.44	1	84.69
4	24.47	104.31	6	75.65
5	64.38	38.68	3	70.91
6	46.71	81.23	3	56.5
7	82.52	114.76	2	22.88
8	63.13	120.17	2	42.03
9	82.71	47.56	2	55.22
10	82.21	183.82	3	85.69
11	155.26	142.72	4	69.85
12	163.33	62.62	3	73.54
13	133.42	90.91	3	34.63
Drivers: 16
id	x	y	end	sensitivity
1	118.97	122.1	5	0.82
2	47.56	55.39	6	1.58
3	23.28	2.68	3	0.68
4	165.16	24.5	3	1.6
5	122.56	68.24	4	1.1
6	140.78	185.24	5	1.64
7	193.76	41.7	1	1.93
8	169.5	37.09	3	1.13
9	79.96	135.51	4	1.88
10	148.16	116.81	2	1.77
11	47.8	77.12	2	0.73
12	133.06	24.76	5	1.78
13	192.78	137.53	1	1.11
14	74.48	96.3	2	1.57
15	22.33	102.18	4	0.53
16	4.21	169.38	5	1.57
Period: 2
Tasks:10
id	x	y	end	c
14	171.83	84.26	3	73.53
15	21.41	177.55	4	110.41
16	130.7	53.18	6	55.99
17	183.91	15.02	5	119.43
18	126.05	47.14	5	58.93
19	146.56	111.64	3	47.99
20	7.25	151.8	4	106.23
21	14.09	55.53	3	96.74
22	120.39	153.65	3	57.39
23	26.22	151.51	2	89.98
Drivers: 15
id	x	y	end	sensitivity
17	119.3	167.67	7	1.99
18	23.2	85.95	4	1.66
19	134.12	95.72	6	1.94
20	47.03	184.17	5	1.56
21	91.72	86.5	4	1.4
22	161.65	47.48	4	0.6
23	47.89	144.77	4	1.16
24	30.08	159.34	5	0.95
25	72.24	8.43	7	0.61
26	143.61	83.34	2	1.48
27	97.25	170.93	4	1.9
28	154.3	95.84	5	0.86
29	190.27	185.34	4	1.06
30	120.08	50.34	5	1.06
31	26.35	64.48	5	1.53
Period: 3
Tasks:13
id	x	y	end	c
24	124.89	128.34	5	37.72
25	117.97	76.8	5	29.35
26	18.45	38.56	5	102.1
27	36.08	194.29	6	113.91
28	146.02	118.97	3	49.78
29	196.22	161	5	113.93
30	127.19	5.18	6	98.64
31	12.28	191.3	7	126.61
32	3.97	49.78	5	108.37
33	130.01	27.33	7	78.62
34	86.34	31.64	4	69.71
35	5.33	177.27	4	122.2
36	9.24	116.15	5	92.19
Drivers: 14
id	x	y	end	sensitivity
32	170.73	189.8	7	1.09
33	134.78	29.77	7	0.76
34	196.65	46.35	8	0.74
35	102.09	65.06	7	1.24
36	34.32	136.14	4	1.83
37	58.07	33.8	6	1.95
38	119.48	147.01	6	0.52
39	17.79	166.22	6	0.6
40	105.02	41.57	7	0.55
41	154.02	119.86	4	1.24
42	138.87	70.95	4	1.02
43	177.68	139.38	5	1.46
44	146.36	138.53	4	1.53
45	86.47	147.55	6	1.76
Period: 4
Tasks:13
id	x	y	end	c
37	26.42	83.66	4	75.37
38	103.59	131.75	7	31.95
39	182.46	141.2	6	92.18
40	59.04	63.34	6	54.97
41	131.86	196.67	7	101.78
42	150.41	3.12	5	109.21
43	116.59	145.75	4	48.67
44	21.85	180.38	5	112.11
45	190.53	52.36	5	102.3
46	28.23	171.12	4	101.04
47	40.65	4.97	5	112.04
48	199.13	0.05	4	140.77
49	75.36	90.28	8	26.49
Drivers: 20
id	x	y	end	sensitivity
46	183.77	196.06	7	1.78
47	146.35	168.53	9	0.73
48	71.66	52.5	9	1.93
49	7.44	19.37	5	0.58
50	186.5	193.8	8	1.94
51	150.65	46.7	9	1.87
52	147.02	171.54	7	0.87
53	33.38	165.01	7	1.65
54	130.61	152.12	8	0.68
55	49	122.43	8	1.49
56	7.67	35.07	6	1.29
57	135.11	109.32	8	1.91
58	154.85	109.49	6	1.09
59	140.77	80.67	7	1.58
60	127.4	14.47	6	0.64
61	194.39	75.82	6	0.53
62	36.1	173.28	8	1.78
63	27.64	176.59	9	1.67
64	145.73	156.74	7	0.94
65	113.52	154.03	9	1.43
Period: 5
Tasks:15
id	x	y	end	c
50	97.46	35.06	7	64.99
51	193.49	154.37	5	108.15
52	16.62	79.06	7	85.97
53	71.59	191.93	7	96.22
54	74.71	166.25	6	70.91
55	104.83	91.94	5	9.4
56	80.88	125.34	8	31.74
57	87.42	19.25	7	81.72
58	178.3	30.09	6	104.97
59	110.9	107.57	6	13.27
60	64.39	15.13	5	92.04
61	104.83	21.18	7	78.97
62	87.94	84.79	8	19.41
63	187.05	48.06	9	101.37
64	40.81	109.71	9	59.98
Drivers: 16
id	x	y	end	sensitivity
66	54.27	94.28	9	1.1
67	27.5	170.31	8	1.17
68	142.18	185.77	5	0.58
69	52.25	12.17	7	1.31
70	9.94	160.98	8	1.23
71	191.37	86.19	8	0.64
72	163.45	157.14	6	0.65
73	15.7	101.37	5	1.2
74	66.59	112.82	8	0.67
75	86.44	81.57	8	0.56
76	78.64	128.99	7	1.22
77	114.16	4.82	10	1.26
78	105.37	79.49	7	0.74
79	100.52	128.94	8	1.97
80	83.41	24.08	6	1.59
81	54.6	107.12	7	0.98
Period: 6
Tasks:13
id	x	y	end	c
65	159.67	48.49	7	78.83
66	143.32	88.12	10	44.92
67	77.88	0.45	8	101.98
68	143.37	134.64	6	55.51
69	61.65	154.11	10	66.32
70	76.43	32.17	10	71.81
71	192.82	14.61	7	126.12
72	82.31	94.12	8	18.64
73	115.94	70.35	7	33.66
74	102.76	180.9	6	80.95
75	78.21	9.51	9	93.08
76	122.36	197.94	10	100.46
77	116.64	75.2	6	29.87
Drivers: 21
id	x	y	end	sensitivity
82	154.02	149.3	10	1.07
83	165.22	191.66	8	1.07
84	161.05	159.36	10	1.3
85	158.06	167.35	7	1.15
86	169.82	86.31	7	0.8
87	87.17	199.78	9	1.11
88	177.06	92.02	9	1.62
89	112.09	148.23	7	1.46
90	83.24	185.83	7	1.73
91	67.16	98.11	8	0.68
92	160.48	32.48	10	1.51
93	109.86	82.36	9	1.17
94	99.54	131.55	12	1.02
95	49.01	71.48	7	1.95
96	98.57	4.11	7	1.39
97	100.34	104.42	9	0.64
98	166.32	97.99	7	0.92
99	87.89	165.78	9	1.75
100	106.27	40.36	8	1.57
101	111.22	53.89	11	1.63
102	41.87	90.16	11	0.53
Period: 7
Tasks:12
id	x	y	end	c
78	141.79	192.77	11	101.75
79	113.53	66.83	11	35.82
80	136.8	161.72	10	71.86
81	16.62	20.68	9	115.08
82	182.77	22.4	11	113.46
83	41	166.91	7	89.21
84	96.8	14.43	13	85.63
85	179.78	180.37	8	113.24
86	87.92	182.01	10	82.89
87	0.78	168.66	9	120.66
88	132.04	108.81	7	33.23
89	40.22	154.24	10	80.72
Drivers: 11
id	x	y	end	sensitivity
103	48.18	8.26	9	0.93
104	180.2	151.86	9	1.98
105	100.18	169.47	7	1.17
106	129.34	82.57	12	1.49
107	59.77	199.26	9	1.53
108	83.53	160.63	13	1.63
109	180.69	165.9	10	0.53
110	92.17	188.46	9	1.13
111	74.05	42.76	9	1.08
112	99.91	148.64	11	0.99
113	171.5	3.32	9	1.92
Period: 8
Tasks:16
id	x	y	end	c
90	177.9	191.35	12	120.06
91	164.07	113.51	10	65.48
92	23.03	158.1	9	96.44
93	26.16	41.33	9	94.31
94	101.95	169.84	10	69.87
95	26.37	135.71	11	81.83
96	171.38	22.11	11	105.65
97	59.94	101.21	10	40.08
98	0.52	119.75	10	101.42
99	59.17	153.99	8	67.69
100	79.26	74.65	9	32.75
101	27.57	90.82	10	73.01
102	89.78	163.27	13	64.09
103	159.38	69.65	9	66.69
104	163.05	97.06	10	63.12
105	184.63	75.18	12	88.19
Drivers: 11
id	x	y	end	sensitivity
114	49.51	33.06	11	0.66
115	145.36	117.19	11	1.45
116	109.35	162.72	10	1.09
117	150.53	184.16	10	1.38
118	84.57	36.34	12	1.65
119	35.61	143.38	12	1.9
120	151.67	133.31	11	0.8
121	191.76	165.61	12	1.48
122	79.46	20.44	13	1.66
123	75.86	162.02	13	0.86
124	18.05	181.63	10	1.68
Period: 9
Tasks:14
id	x	y	end	c
106	100.06	71.45	13	28.55
107	176.25	152.1	10	92.35
108	41.59	164.9	12	87.31
109	66.41	142.98	12	54.55
110	36.33	32.27	10	92.96
111	147.44	89.76	10	48.53
112	14.52	80.29	12	87.72
113	66.26	73.33	9	43.01
114	195.25	92.09	10	95.58
115	146.11	22.98	9	89.77
116	101.08	58.69	13	41.32
117	50.91	64.23	10	60.74
118	145.68	47.58	10	69.53
119	116.38	176.55	10	78.28
Drivers: 17
id	x	y	end	sensitivity
125	198.31	126.94	11	1.64
126	129.01	98.05	15	1.01
127	170.89	79.29	11	1.19
128	39.48	170.07	14	1.87
129	2.64	117.73	9	1.81
130	190.86	65.4	13	1.05
131	72.32	25.88	9	1.52
132	106.02	1.41	14	1.18
133	6.22	123.68	11	0.52
134	123.05	141.02	12	1.45
135	189.19	182.81	14	1.45
136	175.08	7.2	14	1.15
137	73.47	196.07	13	1.02
138	169.9	14.79	15	1.32
139	122.05	182.45	14	1.19
140	122.38	139.85	11	1.5
141	154.15	39.62	12	1.34
Period: 10
Tasks:12
id	x	y	end	c
120	171.63	179.86	11	107.28
121	114.38	120.16	13	24.76
122	12.71	74.3	11	90.99
123	32.71	100.91	12	67.3
124	90.58	20.19	12	80.36
125	195.16	31.93	12	117
126	16.08	122.28	17	86.83
127	9.64	115.02	10	91.6
128	152.01	8.6	11	105.16
129	58.72	65.12	11	54.04
130	85.15	146.28	14	48.6
131	185.99	17.61	12	119.09
Drivers: 19
id	x	y	end	sensitivity
142	19.83	18.33	11	0.61
143	153.95	12.31	12	0.6
144	38.55	172.61	15	0.63
145	18.81	48.7	10	1.52
146	90.07	38.25	13	1.07
147	82.94	17.2	14	0.87
148	83.41	12.23	10	1.96
149	104.49	49.71	12	0.54
150	9.94	125.32	12	1.41
151	176.63	182.42	13	0.83
152	36.31	49.48	11	0.93
153	165.05	12	11	0.95
154	157.88	154.24	12	1.81
155	40.91	102.56	14	1.38
156	100.88	141.68	14	1.67
157	36.94	163.58	16	1.54
158	67.49	197.04	15	1.35
159	17.38	26.2	12	1.01
160	61.88	140	12	0.78
Period: 11
Tasks:16
id	x	y	end	c
132	106.77	12.29	12	87.97
133	178.44	29.58	16	105.41
134	17.7	12.25	12	120.31
135	99.17	148.53	14	48.54
136	16.37	196.57	12	127.75
137	122.21	149.5	13	54.25
138	185.95	161.55	11	105.72
139	133.8	116.41	12	37.57
140	44.02	0.91	17	113.81
141	36.42	66.39	12	71.92
142	96.73	189.63	16	89.69
143	73.03	192.96	14	96.79
144	74.79	158.07	13	63.31
145	42.32	137.86	12	69
146	158.69	188.54	12	106.23
147	188.68	99.99	13	88.68
Drivers: 18
id	x	y	end	sensitivity
161	107.03	131.37	15	0.94
162	139.76	83.76	12	1.17
163	62.52	24.6	13	1.9
164	111.15	9.24	13	1.64
165	33.55	198.68	13	0.88
166	95.61	182.69	15	0.51
167	107.17	161.07	12	1.93
168	152.58	87.13	11	0.86
169	29.69	116.66	18	0.75
170	21.62	132.01	17	1.27
171	9.54	66.23	14	1.57
172	144.22	75.87	14	0.71
173	78.97	158.82	12	1.39
174	40.01	63.77	16	1.51
175	90.59	60.41	15	1.63
176	66.41	40.57	13	1.95
177	80.08	102.5	14	1.85
178	199.5	55.44	14	1.87
Period: 12
Tasks:13
id	x	y	end	c
148	177.2	183.22	12	113.51
149	42.97	99.32	16	57.03
150	58.16	115.24	13	44.53
151	181.17	104.35	13	81.29
152	170.54	9.14	14	115.03
153	171.75	32.4	14	98.58
154	163.8	196.94	14	116.05
155	173.93	103.15	13	74
156	179.48	137.54	15	87.9
157	154.21	172.72	14	90.7
158	169.07	44.22	15	88.78
159	123.47	67.38	18	40.19
160	94.42	75.46	12	25.17
Drivers: 19
id	x	y	end	sensitivity
179	126.09	171.17	14	1.86
180	88	164.3	13	0.53
181	164.35	88.45	13	1.72
182	42.67	7.33	12	1.75
183	34.97	138.74	14	1.29
184	51.75	30.53	15	1.39
185	14.86	40.48	14	1.47
186	17.95	36.02	15	1.84
187	169.51	156.09	16	1.09
188	18.39	29.97	17	1.06
189	131.17	143.81	14	1.91
190	135.92	7.73	17	1.75
191	69.2	153.37	16	1.79
192	67.75	150.82	13	1.31
193	55.62	70.73	13	0.55
194	82.04	54.93	15	1.48
195	94.26	39.1	18	1.64
196	76.47	3.59	14	1.2
197	180.6	132.1	17	1.69
Period: 13
Tasks:19
id	x	y	end	c
161	190.52	66.74	16	96.44
162	138.79	94.66	14	39.16
163	48.86	38.46	16	80.02
164	97.19	6.9	17	93.14
165	128.69	31.21	17	74.53
166	8.52	162.42	20	110.75
167	41.56	137.05	14	69.19
168	18.15	53.16	13	94.3
169	140.67	109.28	15	41.72
170	103.48	166.19	16	66.28
171	166.7	100.17	16	66.7
172	135.89	161.53	16	71.23
173	36.48	125.78	14	68.55
174	68.79	6.61	19	98.47
175	96.88	78.93	14	21.3
176	81.99	61.44	13	42.56
177	107.46	142.51	14	43.16
178	169.86	81.84	15	72.18
179	99.38	76.94	13	23.07
Drivers: 12
id	x	y	end	sensitivity
198	75.87	30.62	15	1.55
199	109.09	43.31	17	1.92
200	188.01	115.55	19	1.32
201	159.11	122.43	16	0.57
202	176.46	81.33	16	0.92
203	41.26	195.12	15	0.79
204	43.35	158.61	17	0.98
205	49.66	45.97	14	1.43
206	21.37	33.86	16	1.9
207	104.15	69.94	14	0.79
208	154.16	18.81	18	1.97
209	137.91	143	15	0.91
Period: 14
Tasks:21
id	x	y	end	c
180	6.73	30.23	14	116.48
181	157.07	29.82	19	90.46
182	11.03	19.8	16	119.78
183	20.22	57.35	18	90.46
184	135.83	12.72	16	94.35
185	57.77	110.77	18	43.58
186	69.4	44.4	16	63.46
187	198.49	4.21	17	137.39
188	118.41	63.45	15	40.92
189	145.57	26.9	18	86.14
190	189.82	169.31	17	113.45
191	6.78	0.03	16	136.69
192	138.79	195.56	14	103.13
193	135.87	35.33	17	73.95
194	181.36	39.57	17	101.35
195	36.28	178.14	17	100.83
196	44.98	189.04	18	104.67
197	79.73	67.88	15	37.98
198	32.53	160.83	18	90.84
199	20.97	69	14	84.89
200	77.46	12.7	17	90.16
Drivers: 20
id	x	y	end	sensitivity
210	176.19	165.11	17	0.9
211	50.04	135.1	16	1.68
212	165.76	4.04	20	0.93
213	88.96	61.44	16	0.9
214	194.3	54.83	17	1.29
215	178.51	148.79	16	0.53
216	63.42	188.26	19	0.64
217	7.27	44.14	16	1.36
218	160.64	59.38	16	1.59
219	24.49	108.11	16	1.52
220	150.02	189.69	19	0.6
221	9.25	72.63	14	1.6
222	178.44	100.78	15	1.47
223	60.97	19.06	15	1.47
224	137.25	105.92	16	1.71
225	47.24	197.99	16	0.69
226	29.14	9.46	21	1.79
227	107.63	6.21	16	0.95
228	133.16	89.43	18	1.53
229	6.56	59.72	15	1.6
Period: 15
Tasks:10
id	x	y	end	c
201	10.73	137.78	20	96.94
202	142.05	82.93	17	45.38
203	48.1	39.5	16	79.71
204	41.34	48.81	15	77.86
205	182.09	70.59	16	87.2
206	16.4	182.71	16	117.6
207	86.82	122.88	21	26.4
208	64.36	121.55	15	41.65
209	108.92	78.77	18	23.03
210	5.8	7.36	17	132.12
Drivers: 13
id	x	y	end	sensitivity
230	140.23	121.72	17	1.2
231	198.24	29.96	20	1.46
232	83.79	10.24	17	0.52
233	178.52	25.96	21	0.99
234	121.94	135.27	17	1.79
235	189.94	151.83	20	1.84
236	46.62	167.99	17	1.78
237	156.18	172.89	16	1.85
238	62.22	194.86	17	0.73
239	89.15	47.78	19	0.72
240	50.59	59.28	19	1.12
241	60.33	164.81	19	1.98
242	96.48	30.73	19	1.7
Period: 16
Tasks:13
id	x	y	end	c
211	53.15	151.45	20	69.58
212	175.54	31.52	21	101.96
213	133.29	17.84	18	88.65
214	10.83	81.78	17	91.01
215	55.03	191.94	19	102.35
216	54.14	95.51	20	46.08
217	179.78	164.68	18	102.71
218	197.68	139.87	18	105.5
219	91.82	93.59	18	10.39
220	153.63	125.15	19	59.23
221	22.55	45.47	18	94.72
222	31.88	51.6	16	83.56
223	83.3	5.65	18	95.82
Drivers: 19
id	x	y	end	sensitivity
243	36.74	172.41	17	0.51
244	27.06	39.06	18	1.64
245	134.06	42.02	20	1.64
246	63.49	37.2	20	1.27
247	38.15	29.61	19	1.76
248	15.65	115.6	20	1.71
249	15.87	130.35	18	1.62
250	152.64	52.19	16	1.82
251	61.12	142.49	17	1.88
252	20.23	149.01	16	0.88
253	148.55	54.7	16	0.66
254	137.94	182.59	19	0.85
255	84.96	65.13	17	0.52
256	126.6	35.58	17	0.58
257	196.01	47.85	17	1.59
258	94.45	139.49	19	1.69
259	13.51	160.24	18	1.35
260	112.18	71.11	23	1.32
261	135.12	73.14	21	1.66
Period: 17
Tasks:15
id	x	y	end	c
224	82.83	38.22	20	64.12
225	56.44	8.4	19	101.43
226	116.92	186.38	20	88.02
227	34.04	162.48	18	90.85
228	8.7	192.86	21	130.23
229	195.1	135.29	21	101.44
230	95.99	132	17	32.25
231	156.18	7.92	17	107.87
232	131.58	2.85	19	102.15
233	4.15	55.55	20	105.66
234	92	127.61	18	28.75
235	178.34	183.16	21	114.25
236	158.47	156.35	18	81.2
237	23.23	103.08	18	76.83
238	185.63	125.71	20	89.41
Drivers: 13
id	x	y	end	sensitivity
262	126.2	152.48	18	1.35
263	87.14	88.91	19	0.93
264	144.32	7.14	26	0.72
265	33.29	149.46	18	1.46
266	26.75	173.52	18	1
267	78.43	93.78	18	1.61
268	170.26	178.6	22	0.72
269	39.18	11.17	21	1.25
270	92.04	38.79	20	1.03
271	27.57	117.53	19	1.37
272	37.5	66.21	22	0.86
273	138.4	127.01	19	0.67
274	66.74	191.6	19	0.85
Period: 18
Tasks:21
id	x	y	end	c
239	110.17	188.31	18	88.89
240	82.08	123.88	19	29.86
241	122.45	8.69	21	94.03
242	153.65	97.44	20	53.71
243	114.83	182.92	19	84.24
244	56.78	95.64	19	43.44
245	122.57	55.06	20	50.29
246	107.15	97.25	19	7.66
247	16.89	55.79	22	94.14
248	58.01	22.54	22	88.11
249	197.85	180.07	19	126.44
250	140.96	144.05	19	60.15
251	47.62	139.25	19	65.45
252	20.78	51.14	23	93.08
253	38.25	191.09	23	110.05
254	143.28	167.33	18	80.04
255	185.82	56.51	20	96.21
256	155.09	50.86	20	73.82
257	49.19	116.98	21	53.57
258	165.92	118.7	20	68.52
259	199.6	163.97	19	118.37
Drivers: 18
id	x	y	end	sensitivity
275	151.72	92.84	19	1.38
276	50.77	81.06	24	1.08
277	106.53	95.49	19	1.86
278	175.59	24.13	20	0.92
279	166.71	154.5	19	0.54
280	73.79	52.66	20	1.04
281	84.02	196.65	20	1.94
282	30.49	149.21	20	0.73
283	131.91	39.26	21	1.04
284	34.02	22.28	23	0.6
285	33.94	152.23	19	1.44
286	184.96	167.68	19	0.6
287	128.52	198.66	21	0.84
288	151.93	30.33	19	1.15
289	76.56	18.47	20	1.95
290	144.86	23.68	21	0.61
291	25.99	190.54	26	1.78
292	154.98	60.44	20	1.13
Period: 19
Tasks:15
id	x	y	end	c
260	156.36	84.02	20	58.58
261	82.53	135.69	19	39.74
262	164.56	140.92	22	76.44
263	186.22	161.93	21	106.16
264	101.08	96.51	22	3.65
265	91.42	174.22	20	74.71
266	60.32	1.77	21	105.94
267	81.28	188.77	20	90.72
268	190.9	72.46	21	94.98
269	174.65	138.37	20	83.93
270	118.77	4.44	23	97.39
271	77.49	170.99	20	74.47
272	81.35	99.56	21	18.66
273	68.56	186.66	20	92.19
274	176.59	114	21	77.86
Drivers: 17
id	x	y	end	sensitivity
293	55.72	165.6	21	0.81
294	111.69	16.43	24	1.9
295	81.86	102.82	22	1.96
296	154.89	172.81	21	0.5
297	43.07	88.27	26	1.76
298	30.11	81.9	19	1.09
299	31	69.37	22	1.45
300	96.97	78.82	20	1.06
301	17.51	114.44	20	1.68
302	182.16	58.12	22	1.66
303	124.77	19.49	20	0.63
304	130.49	26	23	1.55
305	67.04	181.31	21	1.9
306	91.51	197.49	22	1.59
307	29.29	26.05	24	1.47
308	99.89	37.18	20	1.64
309	177.03	127.33	22	0.69
Period: 20
Tasks:11
id	x	y	end	c
275	192.3	108.48	21	92.69
276	157.84	6.57	22	109.88
277	54.51	147.13	21	65.5
278	161.2	50.12	20	78.95
279	131.8	49.47	24	59.7
280	84.14	119.47	23	25.11
281	153.92	89.94	22	54.85
282	179.15	47.54	22	94.96
283	43.69	2.37	22	112.71
284	122.94	181.19	22	84.37
285	45.37	65.77	25	64.47
Drivers: 14
id	x	y	end	sensitivity
310	175.17	51.93	25	1.46
311	139.19	148.48	24	0.64
312	169.62	166.58	24	0.71
313	104.96	7.83	23	1.94
314	16.81	150.41	23	0.67
315	130.67	178.29	23	1.88
316	7.07	181.01	27	1.1
317	98.79	52.29	21	1.04
318	25.7	151.94	24	1.85
319	199.01	113.4	23	0.69
320	77.52	14.78	24	1.71
321	170.19	6.53	24	0.84
322	94.41	102.04	21	1.77
323	22.52	23.77	23	1.62
Period: 21
Tasks:8
id	x	y	end	c
286	114.46	10.51	21	90.65
287	130.28	78.89	23	36.91
288	43.17	7.77	22	108.33
289	34.54	107.22	23	65.86
290	51.74	164.17	22	80.29
291	54.16	147.92	26	66.31
292	111.65	9.31	22	91.44
293	31.7	46.11	22	87
Drivers: 18
id	x	y	end	sensitivity
324	59.72	36.27	26	0.97
325	45.81	189.71	27	1.69
326	21.04	183.85	24	1.32
327	45.51	109.41	24	0.87
328	146.19	182.2	22	1.7
329	77.41	122.59	24	0.74
330	39.55	177.46	23	1.17
331	25.91	78.48	27	1.01
332	185.05	130.79	25	0.74
333	159.51	83.77	21	1.77
334	79.74	79.86	25	1.63
335	44.88	198.97	24	0.68
336	95.96	63.07	23	1.18
337	179.71	80.28	26	1.62
338	191.66	94.35	24	1.14
339	71.98	68.77	24	1.15
340	38.73	66.21	25	1.44
341	85.44	163.57	26	1.11
Period: 22
Tasks:11
id	x	y	end	c
294	5	34.78	25	115.23
295	5.35	130.06	24	99.31
296	45.14	13.04	24	102.82
297	48.22	13.31	26	100.98
298	37.36	135.93	24	72.21
299	48.29	1	26	111.69
300	78.8	42.95	24	60.86
301	38.78	178.91	27	99.87
302	13.71	47.22	23	101.15
303	4.2	115.04	26	96.97
304	70.51	151.29	24	59.16
Drivers: 19
id	x	y	end	sensitivity
342	69.66	157.49	23	0.68
343	92.29	144.3	24	0.87
344	4.95	27.38	25	0.9
345	118.55	114.51	24	1.91
346	70.91	134.55	24	0.72
347	45.29	107.94	27	1.42
348	187.09	13.77	27	0.89
349	93.25	70.89	23	1.27
350	106.52	33.23	26	0.75
351	180.52	1.09	25	1.46
352	83.57	12.18	25	1.56
353	151.66	0.71	26	1.8
354	168.24	109.37	24	1.43
355	52.32	66.15	25	0.97
356	102.7	9.55	26	1.39
357	58.66	123	27	0.77
358	136.54	41.7	26	1.12
359	180.74	123.25	23	1.51
360	121.19	57.05	24	0.79
Period: 23
Tasks:12
id	x	y	end	c
305	3.78	48.19	25	109.28
306	190.92	154.35	24	105.93
307	185.12	59.28	26	94.36
308	179.27	88.98	24	80.03
309	137.65	65.75	25	50.9
310	190.78	176.54	23	118.74
311	96.57	26.22	26	73.86
312	79.53	160.36	24	63.74
313	3.55	30.31	24	118.99
314	70.73	158.04	23	65
315	38.64	58.17	27	74.26
316	172.02	18.42	24	108.82
Drivers: 14
id	x	y	end	sensitivity
361	68.3	47.4	25	1.12
362	100.93	167.75	27	1.11
363	42.91	155.61	25	1.06
364	174.42	170.73	23	0.76
365	165.43	38.54	26	1.47
366	36.92	32.75	23	1.92
367	193.92	154.89	26	1.97
368	14.32	67.49	23	1.13
369	73.48	175.93	23	1.69
370	69.22	190.93	25	0.75
371	168.28	149.83	26	1.04
372	57.5	1.94	25	0.69
373	72.44	115.17	24	1.74
374	191.09	16.34	25	1.69
Period: 24
Tasks:13
id	x	y	end	c
317	36.52	75.5	27	68.04
318	33.33	51.86	29	82.23
319	125.55	154.06	25	59.79
320	73.03	109.35	26	28.54
321	177	169.72	28	103.87
322	135.51	7.82	27	98.78
323	117.78	135.29	29	39.52
324	188.46	26.24	24	115.18
325	2.11	181.07	26	127.1
326	56.23	161.66	25	75.62
327	75.57	29.32	25	74.78
328	169	186.03	29	110.28
329	26.26	91.09	28	74.28
Drivers: 16
id	x	y	end	sensitivity
375	4.68	125.79	27	0.74
376	66.48	47.71	30	0.85
377	199.66	141.22	31	0.84
378	121.75	66.99	28	0.97
379	146.03	116.01	27	1.25
380	132.76	49.03	28	1.72
381	46	156.94	28	1.12
382	76.82	96.66	28	1.81
383	129.12	180.97	28	1.23
384	175.46	109.78	28	1.6
385	113.23	23.68	25	1.45
386	159.49	9.46	28	0.93
387	174.25	127.11	29	0.63
388	166.55	104.16	27	1.85
389	20.78	185.64	29	1.19
390	91.61	84.07	27	0.78
Period: 25
Tasks:18
id	x	y	end	c
330	151.52	0.88	27	111.71
331	57.94	56.35	25	60.62
332	157.33	8.1	28	108.32
333	101.53	164.99	28	65.01
334	74.59	128.82	27	38.42
335	27.51	159.02	26	93.48
336	38.12	135.2	27	71.19
337	178.75	140.98	26	88.77
338	38.14	59.63	28	73.87
339	79.68	2.98	26	99.13
340	68.91	60.66	27	50.14
341	182.23	74.18	27	86.19
342	154.08	153.09	27	75.78
343	167.81	93.86	29	68.09
344	106.25	176.79	29	77.04
345	38.64	0.28	29	117.09
346	44.98	55.96	26	70.47
347	9.82	41.54	25	107.47
Drivers: 16
id	x	y	end	sensitivity
391	193.25	119.75	28	1.02
392	157.52	157.54	28	1.36
393	121.55	165.76	27	1.83
394	37.46	107.67	27	1.24
395	108.05	126.51	29	1.06
396	47.57	163.81	29	0.53
397	162.29	143.14	29	0.65
398	28.17	136.33	25	1.7
399	35.22	138.13	30	1.36
400	146.85	194.55	28	0.55
401	137.59	86.08	26	1.84
402	113.53	168.5	28	1
403	177.67	91.07	30	1.71
404	107.11	134.76	28	1.98
405	96.21	75.53	27	1.88
406	163.18	170.94	28	1.87
Period: 26
Tasks:18
id	x	y	end	c
348	0.92	162.61	29	117.2
349	124.67	139.22	28	46.33
350	44.01	89.9	26	56.89
351	188.11	91.94	28	88.48
352	24.14	96.73	29	75.93
353	182.41	190.77	28	122.6
354	53.01	67.42	27	57.18
355	128.65	95.14	27	29.06
356	47.56	145.47	29	69.41
357	6.49	26.89	28	118.7
358	111.77	59.77	30	41.92
359	150.09	192.89	27	105.53
360	154.24	138.43	30	66.47
361	111.96	182.13	28	83
362	136.43	84.38	27	39.64
363	173.85	46.99	27	90.91
364	8.51	107.29	31	91.78
365	32	186.37	27	109.93
Drivers: 11
id	x	y	end	sensitivity
407	122.38	110.41	29	1.67
408	137.11	65	29	1.7
409	8.41	180.77	29	1.35
410	154.64	75.38	29	1.22
411	184.02	62.07	27	1.86
412	36.44	157.16	29	1.85
413	67.22	134.67	30	1.43
414	80.59	173.03	29	0.55
415	94.59	112.99	28	1.71
416	87.88	169.75	27	1.34
417	166.31	19.36	29	1.01
Period: 27
Tasks:10
id	x	y	end	c
366	163.39	8.05	28	111.68
367	13.36	123.21	29	89.7
368	37.11	138.15	30	73.56
369	65.01	59.11	27	53.82
370	135.07	85.37	29	38
371	77.29	25.35	28	78.03
372	25.12	176.38	28	106.96
373	8.78	198.27	29	134.08
374	143.31	89.22	27	44.63
375	177.81	64.02	30	85.73
Drivers: 12
id	x	y	end	sensitivity
418	46.88	188.93	30	1.92
419	5.59	152.26	29	1.69
420	189.1	8.72	31	0.65
421	102.38	171.44	32	1.06
422	7.4	66.74	29	1.52
423	20.16	77.01	30	0.62
424	26.79	118.65	31	1.12
425	76.1	64.77	31	1.71
426	107.29	118.25	29	1.92
427	162.76	155.48	28	1.03
428	189.14	73.08	28	1.29
429	149.14	41.16	30	1.38
Period: 28
Tasks:13
id	x	y	end	c
376	55.8	133.43	29	55.42
377	46.5	4.18	31	109.74
378	122.12	165.95	31	69.56
379	86.43	110.27	28	17.02
380	48.17	59.25	31	65.93
381	91.23	39.02	29	61.61
382	86.49	29.97	34	71.32
383	103.19	44.75	28	55.34
384	38.66	59.46	30	73.53
385	82.88	122.41	29	28.2
386	32.16	127.23	28	73.1
387	59.92	70.52	30	49.75
388	24.12	25.34	31	106.45
Drivers: 17
id	x	y	end	sensitivity
430	136.64	77.04	30	1.09
431	5.83	98.72	31	1.44
432	168.08	73.16	30	1.55
433	15.23	4.45	31	1.21
434	31.56	141.09	29	0.81
435	143.44	30.32	32	1.85
436	129.95	109.61	32	1
437	139.51	32.72	33	1.11
438	169.97	70.03	31	1.07
439	176.9	70.47	29	0.58
440	130.19	146.38	29	0.67
441	1.76	149.01	29	1.3
442	71.46	17.49	31	1.87
443	19.2	79.92	29	1.73
444	27.88	112.04	30	1.64
445	61.71	176.49	30	0.93
446	69.03	5.82	28	1.9
Period: 29
Tasks:17
id	x	y	end	c
389	161	55.98	30	75.22
390	134.06	71.54	33	44.39
391	96.23	25.8	29	74.3
392	75.1	75.12	31	35.2
393	149.25	32.98	33	83.17
394	38.43	46.51	31	81.56
395	9.16	99.97	30	90.84
396	99.98	61.7	29	38.3
397	129.09	161.91	31	68.4
398	79.82	158.17	34	61.57
399	126.8	109.49	30	28.43
400	120.04	11.82	31	90.43
401	99.03	36.51	31	63.5
402	10.96	173.37	31	115.37
403	99.13	27.56	30	72.45
404	78.04	84.3	31	27
405	119.95	140.15	31	44.83
Drivers: 17
id	x	y	end	sensitivity
447	158.69	92.71	29	1.89
448	195.97	19.46	31	1.79
449	113.53	139.1	31	1.75
450	183.46	25.39	33	1.24
451	52.93	41.53	33	1.44
452	91.32	25.95	32	1.89
453	131.78	41.15	32	0.55
454	177.02	51.89	34	1.59
455	173.21	60.52	30	1.37
456	174.42	37.68	31	1.38
457	93.8	187.71	32	1.07
458	141.88	110.44	33	1.11
459	58.23	118.62	30	1.15
460	105.4	149.32	36	1.86
461	10.53	134.92	34	1.5
462	112.46	187.97	30	0.59
463	141.14	82.27	32	0.84
Period: 30
Tasks:13
id	x	y	end	c
406	121.37	84.75	32	26.25
407	71.14	192.54	34	96.94
408	45.79	110.36	33	55.19
409	92.43	182.32	32	82.67
410	41.49	67.94	32	66.72
411	114.15	149.69	34	51.67
412	155.63	26.35	32	92.3
413	77.83	69.99	32	37.31
414	127.58	24.81	32	80.09
415	24.93	77.75	30	78.3
416	38.15	191.96	31	110.82
417	20.3	114.17	31	80.95
418	153.47	38.08	32	81.81
Drivers: 16
id	x	y	end	sensitivity
464	155.41	138.66	33	1.15
465	103.78	148.47	32	0.89
466	90.8	35.79	33	1.73
467	165.1	43.07	37	1.24
468	124.16	136.28	35	1.93
469	31.87	185.77	33	0.8
470	47.14	177.76	31	0.65
471	192.88	76.52	32	0.94
472	52.31	79.81	32	1.07
473	20.72	22.36	34	1.82
474	56.9	43.52	35	1.35
475	17.99	16.02	32	0.95
476	134.44	173.42	36	1.8
477	172.35	161.9	32	1.65
478	3.01	67.1	36	1.9
479	177.11	88.36	35	0.88
Period: 31
Tasks:21
id	x	y	end	c
419	85.96	148.39	33	50.39
420	137.85	96.64	33	38
421	6.55	190.72	34	130.24
422	115.83	100.81	33	15.85
423	99.08	22.14	34	77.87
424	94.35	60.82	32	39.59
425	160.1	96.95	34	60.18
426	69.34	7.2	33	97.73
427	136.37	169.49	33	78.43
428	52.35	179.73	31	92.88
429	152.66	162.47	33	81.7
430	49.92	138.46	34	63.14
431	199.4	128.97	37	103.54
432	44.19	193.56	36	108.94
433	22.99	111.31	35	77.84
434	76	110.29	35	26.11
435	80.46	127.12	32	33.43
436	158.1	17.16	34	101.18
437	17.72	108.92	33	82.76
438	194.32	102.71	32	94.36
439	171.99	147.8	32	86.41
Drivers: 13
id	x	y	end	sensitivity
480	142.57	33.21	32	1.51
481	82.29	101.53	33	1.35
482	35.52	56.83	33	1.94
483	174.23	57.29	34	0.58
484	184.36	64.57	33	0.94
485	63.74	56.13	32	1.93
486	92.55	178.73	32	1.03
487	171.37	89.5	33	0.8
488	16.65	198.51	35	0.62
489	136.07	44.54	31	1.13
490	199.48	153.02	34	1.57
491	14.64	191.9	32	0.69
492	192.55	103.3	34	1.57
Period: 32
Tasks:23
id	x	y	end	c
440	188.45	104.39	33	88.56
441	50.41	54.73	33	67.15
442	13.33	122.4	34	89.52
443	177.82	74.56	36	81.87
444	82.63	23.37	34	78.57
445	28.2	158.21	34	92.43
446	68.28	189.38	38	94.84
447	121.91	191.99	35	94.56
448	3.82	129.12	33	100.49
449	86.78	171.7	32	72.91
450	41.2	82.8	35	61.26
451	75.23	32.8	34	71.62
452	19.33	181.69	35	114.81
453	96.54	95.64	35	5.57
454	162.22	89.3	33	63.13
455	81.91	18.17	35	83.81
456	61.15	194.53	34	102.2
457	179.75	186.13	33	117.38
458	46.58	190.29	33	104.91
459	176.85	140.11	33	86.69
460	14.71	198.65	35	130.41
461	136.78	37.01	35	72.94
462	99.37	109.94	34	9.96
Drivers: 18
id	x	y	end	sensitivity
493	175.19	161.12	33	1.91
494	199	191.23	33	0.87
495	80.26	83.99	34	0.64
496	149.07	52.4	34	1.73
497	160.46	3.63	33	1.3
498	66.74	57.56	37	1.96
499	177.31	29.68	36	1.21
500	12.56	74.06	35	1.37
501	106.07	185.97	35	1.93
502	62.87	134.1	37	1.81
503	127.46	161.99	35	1.95
504	146.74	100.83	34	1.04
505	38.51	3.48	34	1.72
506	76.88	188.84	36	1.37
507	53.15	103.35	33	1.07
508	176.02	49.09	35	0.79
509	169	78.68	35	0.89
510	118.48	90.24	35	0.58
Period: 33
Tasks:11
id	x	y	end	c
463	95.17	159.22	34	59.42
464	26.71	85.87	35	74.64
465	88.67	135.15	37	36.93
466	87.77	32.11	37	68.98
467	161.73	132.96	33	69.98
468	66.01	147.8	33	58.65
469	172.39	173.85	33	103.41
470	192.6	34.46	36	113.45
471	153.22	178.98	35	95.24
472	186.06	104.71	35	86.19
473	52.39	166.88	35	82.1
Drivers: 8
id	x	y	end	sensitivity
511	188.51	98.16	36	1.1
512	107.69	144.79	38	1.09
513	42.04	32.91	38	0.96
514	168.79	149.52	37	1.97
515	107.66	7.01	36	1.22
516	137.16	28.41	37	1.55
517	143.58	54.61	37	1.42
518	103.29	19.42	35	0.93
Period: 34
Tasks:12
id	x	y	end	c
474	181.9	172.21	35	109.19
475	186.36	70.37	35	91.3
476	69.3	84.58	35	34.36
477	155.19	43.89	36	78.7
478	139.51	109.78	36	40.7
479	67.3	27.49	35	79.54
480	30.85	161.89	36	92.8
481	168.9	81.61	37	71.31
482	15.88	87.97	37	84.98
483	84.49	150.34	35	52.68
484	129.69	112.01	34	32.03
485	5.06	34.49	34	115.35
Drivers: 16
id	x	y	end	sensitivity
519	197.63	192.14	35	0.66
520	10.21	85.92	39	1.58
521	50.21	30.77	37	1.16
522	176.87	81.33	39	1.78
523	57.11	123.16	40	1.55
524	166.55	145.56	38	0.64
525	134.52	40.96	39	1.44
526	140.45	14.19	37	0.76
527	178.58	31.28	37	0.59
528	178.39	81.55	40	1.85
529	47.61	78.11	37	1.61
530	94.94	22.39	39	0.58
531	120.65	69.63	37	0.75
532	155.9	36.74	37	1.06
533	103.01	20.81	34	1.16
534	133.49	51.77	37	0.94
Period: 35
Tasks:19
id	x	y	end	c
486	182.61	102.52	37	82.65
487	103.52	85.62	36	14.8
488	20.77	97.31	36	79.28
489	167.84	161.82	39	91.78
490	187.3	125.43	38	90.93
491	94.87	156.86	37	57.09
492	48.19	97.69	35	51.86
493	32.78	85.53	38	68.76
494	165.1	104.07	38	65.23
495	146.01	104.07	39	46.19
496	79.48	61.8	37	43.36
497	77.8	187.69	37	90.46
498	81.04	40	39	62.92
499	55.07	84.56	37	47.51
500	198.05	76	36	100.94
501	128.08	40.69	35	65.62
502	46.94	53.01	37	70.88
503	103.77	55.68	37	44.48
504	128.54	74.73	38	38.12
Drivers: 12
id	x	y	end	sensitivity
535	123.49	56.33	38	1.86
536	75.01	61.16	38	0.58
537	171.19	1.61	35	0.98
538	56.43	147.44	39	0.64
539	94.58	117.06	37	0.51
540	45.18	49.66	39	0.8
541	1.64	56.72	36	1.77
542	5.27	194.04	37	1.17
543	53.95	2.76	38	0.96
544	47.03	14.23	38	1.26
545	19.49	79.68	40	1.47
546	20.91	92.66	37	1.22
Period: 36
Tasks:14
id	x	y	end	c
505	73.97	107.96	41	27.22
506	198.42	164.13	36	117.47
507	58.27	152.03	36	66.7
508	198.98	68.94	39	103.74
509	33.3	139.38	36	77.46
510	16.42	165.04	39	105.9
511	125.49	196.59	38	99.9
512	185.47	127.93	39	89.92
513	48.93	67.49	37	60.54
514	95.1	18.52	39	81.63
515	101.67	27.77	38	72.25
516	85.78	137.44	39	40.05
517	3.96	114.76	40	97.17
518	31.51	83.27	36	70.5
Drivers: 16
id	x	y	end	sensitivity
547	5.17	3.32	42	1.96
548	111.7	184.91	37	1.17
549	114.55	117.97	41	1.93
550	91.65	118.12	41	0.58
551	166.19	102.38	39	1.45
552	145.6	78.92	36	1.55
553	78.31	185.86	38	1.59
554	199.36	154.49	40	1.89
555	74.05	44.85	38	0.71
556	108.98	189.03	38	1.18
557	163.72	108.8	39	1.36
558	55.08	179.86	39	0.77
559	75.74	52.83	37	1.56
560	148.21	23.02	41	1.89
561	160.03	104.6	40	0.94
562	94.45	25.08	40	0.74
Period: 37
Tasks:11
id	x	y	end	c
519	188.01	141.24	37	97.19
520	95.87	100.88	39	4.22
521	42.86	97.17	39	57.21
522	74.75	150.26	37	56.25
523	59.03	189.3	39	98.25
524	129.57	142.13	39	51.47
525	185.16	108.1	41	85.54
526	22.28	143.77	39	89.2
527	44.46	197.39	39	112.11
528	16.68	134.37	38	90.13
529	53.87	37.54	38	77.65
Drivers: 17
id	x	y	end	sensitivity
563	195.42	189.62	38	1.11
564	46.16	120.62	39	0.68
565	41.99	115.08	40	1.19
566	157.9	168.78	38	1.82
567	20.98	195.23	41	1.29
568	19.06	129	42	1.77
569	72.19	170.05	38	1.91
570	8.32	36.58	38	1.7
571	60.91	20.38	45	0.86
572	22.9	128.83	40	1.94
573	95.85	93.26	39	1.14
574	16.17	31.38	39	1.72
575	51.57	87.67	40	1.4
576	13.64	149.68	39	1.48
577	108.87	140.3	43	1.91
578	92.5	132.78	41	1.83
579	47.76	92.56	42	1.13
Period: 38
Tasks:14
id	x	y	end	c
530	8.15	134.48	40	98.11
531	25.34	38.24	39	96.89
532	134.61	155.08	39	65.05
533	25.56	51.44	38	88.88
534	83.65	72.42	39	32.06
535	73.91	139.92	39	47.69
536	188.2	66.85	41	94.22
537	137.7	144.2	45	58.09
538	16.54	172.91	43	110.82
539	31.16	86.23	38	70.2
540	57.58	163.55	41	76.41
541	48.67	44.84	39	75.35
542	181.89	190.17	38	121.81
543	25.51	104.23	38	74.61
Drivers: 13
id	x	y	end	sensitivity
580	120.01	171.5	43	0.98
581	164.6	166.27	40	1.27
582	157.02	32.78	40	1.97
583	183.78	133.29	41	1.49
584	0.95	38.85	47	1.59
585	147.58	74.02	39	1.52
586	68.15	178.99	41	1.25
587	41.21	100.75	42	0.93
588	109.04	115.1	44	1.96
589	86.95	12.36	39	1.99
590	9.89	71.34	43	0.83
591	96.33	35.1	40	1.68
592	41.85	63.99	39	0.76
Period: 39
Tasks:12
id	x	y	end	c
544	179.33	79.53	43	81.93
545	181.38	196.7	43	126.39
546	178.98	16.44	39	114.98
547	40.27	57.97	42	73.04
548	149.01	18.79	43	94.85
549	162.79	95.6	43	62.94
550	184.84	48.98	41	99
551	149.44	99.36	40	49.44
552	6.64	180.94	41	123.56
553	188.44	46.37	42	103.43
554	32.08	151.03	40	84.95
555	70.89	90.38	40	30.66
Drivers: 24
id	x	y	end	sensitivity
593	6.05	171.96	43	1.85
594	30.26	26.73	42	0.7
595	87.71	86.39	44	0.51
596	128.33	18.24	41	0.9
597	88.14	70.46	40	1.8
598	11.67	24.19	42	0.83
599	161.64	190.48	43	1.39
600	116.41	154.09	43	1.56
601	85.9	39.67	41	1.88
602	77.68	80.36	40	1.72
603	12.45	167.88	43	1.43
604	194.45	36.76	44	0.52
605	66.1	82.86	41	1.19
606	20.78	179.19	43	1.84
607	27.5	90.68	40	0.61
608	161.23	37.25	44	1.06
609	124.66	157.33	42	0.74
610	115.21	112.15	42	1.66
611	185.3	93.85	42	1.42
612	37.76	197.66	41	1.95
613	114.01	74.51	42	1.5
614	5.85	171.89	43	1.63
615	143.59	141.02	39	0.85
616	69.67	8.73	42	1.79
Period: 40
Tasks:14
id	x	y	end	c
556	174.46	125.61	44	78.74
557	180.41	20.62	42	112.99
558	177.05	9.99	41	118.48
559	149.91	174.87	45	89.98
560	125.01	100.53	44	25.02
561	90.46	37.48	42	63.24
562	158.8	104.78	41	58.99
563	66.92	65.15	41	48.05
564	136.42	101.97	42	36.47
565	196.05	92.33	40	96.36
566	57.48	84.53	41	45.25
567	135.14	196.01	43	102.24
568	170.47	107.27	41	70.84
569	116.17	149.15	41	51.74
Drivers: 16
id	x	y	end	sensitivity
617	152.56	97.17	47	0.75
618	15.14	194.64	46	0.93
619	160.59	66.74	43	1.89
620	15.87	149.26	43	1.13
621	107.64	105.36	44	0.68
622	125.04	189.74	44	1.87
623	109.09	101.85	41	1.99
624	0.42	134.3	44	1.77
625	38.54	13.78	42	1.75
626	136.47	20.49	41	0.94
627	60.22	19.86	44	1.77
628	166.84	131.5	44	1.25
629	122.61	3.98	44	0.77
630	14.9	199.87	43	1.53
631	28.52	163.09	41	1.04
632	160.67	23.36	44	1.01
Period: 41
Tasks:10
id	x	y	end	c
570	127.89	144.11	43	52.19
571	30.18	10.13	42	113.8
572	177.48	85.07	41	78.91
573	72.37	63.02	44	46.16
574	7.69	151.8	41	105.85
575	90.22	169.9	44	70.58
576	186.49	184.36	45	120.82
577	71.7	104.05	41	28.59
578	9	193.14	43	130.22
579	161.11	95.34	44	61.29
Drivers: 16
id	x	y	end	sensitivity
633	175.08	196.53	41	1.87
634	94.31	190.32	43	1.24
635	88.85	115.86	43	1.42
636	65.03	128.05	43	1.38
637	175.36	42.53	42	1.06
638	7.47	56.73	45	1.26
639	93.15	119.97	45	1.1
640	153.12	189.87	45	0.96
641	65.02	112.28	42	1.27
642	152.56	51.29	45	0.91
643	22.38	191.39	43	1.11
644	107.69	8.01	43	1.75
645	188.15	27.29	42	1.18
646	111.8	97.25	41	0.73
647	92.21	118.35	43	0.65
648	82.25	138.49	45	1.41
Period: 42
Tasks:10
id	x	y	end	c
580	146.72	166.64	46	81.39
581	188.73	158.98	45	106.54
582	113.09	109.85	46	16.38
583	168.94	177.79	44	103.94
584	36.74	29.85	44	94.46
585	134.9	33.42	42	75.17
586	188.94	84.05	42	90.36
587	111.28	195.99	46	96.65
588	71.55	18.04	45	86.76
589	104.44	155.64	45	55.82
Drivers: 22
id	x	y	end	sensitivity
649	155.9	134.19	48	1.9
650	145.82	55.88	46	1.76
651	85.21	103.1	46	1.44
652	125.25	78.7	46	1.31
653	162.52	121.57	43	0.98
654	56.96	136.62	44	0.76
655	101.65	100.15	45	0.96
656	77.33	113.23	46	0.87
657	29.12	146.02	47	0.6
658	84.56	173.18	45	0.54
659	157.08	110.61	47	1.28
660	175.3	167.15	48	1.53
661	19.73	187.32	42	0.89
662	66.2	30.6	45	1.08
663	36.49	49.99	43	0.92
664	14.58	25.88	44	0.73
665	69.48	190.27	46	1.3
666	140.08	146.8	46	1.05
667	104.85	4.65	45	0.98
668	65.49	152.73	43	0.8
669	64.52	88.87	46	1.77
670	181.57	67.4	42	1.8
Period: 43
Tasks:12
id	x	y	end	c
590	123.11	15.49	46	87.61
591	160.24	185.58	45	104.66
592	160.41	162.48	45	86.91
593	147.94	95.53	45	48.15
594	132.83	142.28	44	53.53
595	123.86	159.77	45	64.36
596	87.03	173.48	48	74.62
597	195.42	164.63	46	115.25
598	197.4	64.16	46	103.78
599	13.14	21.16	45	117.3
600	75.54	32.56	44	71.74
601	166.26	98.08	45	66.29
Drivers: 13
id	x	y	end	sensitivity
671	147.25	133.16	45	1.58
672	55.85	43.64	48	0.55
673	145.72	153.48	45	0.99
674	33.7	79.32	48	1.43
675	46.28	57.37	45	1.42
676	190.38	89.44	44	0.87
677	157.9	106.51	45	0.77
678	120.95	31.66	48	1.49
679	178.53	13.95	45	1.35
680	185.92	32.66	50	0.95
681	78.62	48.37	45	0.92
682	146.87	149.77	45	1.12
683	68.94	122.13	44	1.6
Period: 44
Tasks:20
id	x	y	end	c
602	41.88	79.67	45	61.57
603	132	5.1	47	100.15
604	26.78	63.77	45	81.69
605	118.42	94.68	48	19.17
606	109.52	81.42	48	20.88
607	123.08	134.2	46	41.26
608	84.84	197.24	47	98.41
609	126.42	87.57	49	29.2
610	46.61	6.08	46	108.03
611	58.79	123.37	44	47.38
612	165.86	123.89	45	70.06
613	69.05	7.05	45	97.97
614	54.86	2.35	49	107.58
615	113.83	22.23	45	78.99
616	57.29	163.56	47	76.58
617	66.6	23.7	46	83.29
618	177.78	130.57	46	83.57
619	146.79	32.09	45	82.47
620	41.54	170.3	46	91.43
621	145.92	33.91	46	80.48
Drivers: 13
id	x	y	end	sensitivity
684	179.08	156.05	49	0.86
685	198.76	116.28	50	1.42
686	41	132.45	47	1.11
687	16.42	162.43	45	1.82
688	174.89	21.17	48	1.57
689	197.69	51.97	46	0.76
690	80.29	3.18	47	1.71
691	108.81	88.62	45	1.9
692	148.34	112.46	49	1.4
693	152.79	17.99	48	0.71
694	76.43	58.4	46	1.59
695	178.35	143.73	45	1.3
696	157.16	50.49	46	1.47
Period: 45
Tasks:17
id	x	y	end	c
622	195.73	9.44	46	131.78
623	39.54	89.24	46	61.41
624	174.22	105.58	48	74.43
625	194.64	184.64	46	126.97
626	114.18	84.09	46	21.31
627	23.48	50.08	45	91.36
628	133.53	170.55	48	78.11
629	30.57	109.47	49	70.07
630	18.86	105.15	47	81.3
631	83.49	185.71	51	87.29
632	100.16	133.08	48	33.08
633	87.38	83.42	48	20.84
634	104.34	124.66	45	25.04
635	19.22	97.56	47	80.82
636	164.05	107.59	47	64.5
637	115.81	130.31	48	34.19
638	127.5	125.21	45	37.31
Drivers: 17
id	x	y	end	sensitivity
697	104.43	13.52	46	0.54
698	127.66	75.25	48	0.83
699	159.19	83.9	46	1.36
700	48.3	51.46	47	1.72
701	14.14	79.42	48	1.28
702	38.37	142.99	49	0.84
703	9.15	121.77	47	0.7
704	117.27	47.73	48	1.56
705	63.43	112.21	48	0.57
706	109.43	188.97	47	1.13
707	129.18	11.87	48	1.21
708	163.63	168.79	50	1.58
709	1.36	108.11	47	0.95
710	100.21	130.18	51	1.19
711	166.91	95.81	45	1.19
712	154.96	96.81	46	1.95
713	193.16	44.14	46	0.76
Period: 46
Tasks:11
id	x	y	end	c
639	86.84	141.14	47	43.19
640	90.1	162.32	48	63.1
641	142.74	75.02	48	49.5
642	153.07	24.29	47	92.46
643	178.21	185.85	47	116.13
644	63.73	127.85	47	45.73
645	128.98	34.02	48	72.06
646	53.05	46.3	52	71.33
647	77.61	100.99	47	22.41
648	105.17	131.46	49	31.88
649	120.37	35.9	49	67.26
Drivers: 10
id	x	y	end	sensitivity
714	194.16	178.11	47	1.76
715	63.31	175.34	49	1.7
716	12.71	67.67	47	1.69
717	113.08	159.44	48	0.79
718	190.94	151.52	47	1.07
719	92.2	59.79	47	1.44
720	191.63	27.14	49	1.62
721	47.65	145.78	51	0.84
722	100.6	99.75	48	1.5
723	145.5	72.42	47	0.84
Period: 47
Tasks:11
id	x	y	end	c
650	103.44	56.68	50	43.46
651	119.7	168.54	51	71.31
652	178.21	0.84	49	126.29
653	41.12	154.62	51	80.31
654	32.28	198.16	49	119.25
655	119.75	78.76	50	29
656	57.98	176.39	50	87.18
657	174.18	45.21	47	92.22
658	190.77	4.65	47	131.65
659	111.31	56.31	47	45.13
660	29.21	174.57	50	102.82
Drivers: 11
id	x	y	end	sensitivity
724	18.09	12.68	51	1.24
725	59.34	120.34	50	1.49
726	127.35	42.98	53	0.68
727	58.86	142.21	48	0.96
728	166.39	131.61	48	1.72
729	71.21	119.29	49	1.91
730	151.5	30.27	49	1.46
731	115.38	78.45	50	1.25
732	97.13	98.74	50	1.6
733	81.7	71.18	54	1.74
734	118.3	78.55	49	1.73
Period: 48
Tasks:10
id	x	y	end	c
661	32.87	117.66	51	69.41
662	1.06	91.17	53	99.33
663	151.22	14.87	49	99.35
664	56.63	24.8	50	86.81
665	199.85	195.13	51	137.91
666	160.11	78.27	50	63.92
667	109.08	146.18	50	47.06
668	145.87	28.42	49	85.02
669	59.1	9.31	52	99.49
670	168.29	139.53	49	78.91
Drivers: 18
id	x	y	end	sensitivity
735	182.39	45.43	56	0.69
736	104.92	194.59	52	0.69
737	163.79	23.08	51	0.57
738	53.81	187.85	50	0.66
739	94.73	112.52	50	0.88
740	31.32	72.99	49	1.11
741	3.12	52.91	51	1.8
742	53.52	168.19	48	1.6
743	44.78	152.72	50	1.83
744	191.17	37.58	50	1.1
745	143.8	63.53	50	0.77
746	167.98	127.1	50	1.24
747	14.58	184.43	51	0.77
748	47.41	103.69	49	0.96
749	37.93	120.84	51	0.64
750	30.05	170.17	49	1.33
751	16.25	197.83	50	0.97
752	47.07	75.72	50	1.21
Period: 49
Tasks:15
id	x	y	end	c
671	135.74	153.93	50	64.7
672	147.43	12.48	49	99.55
673	142.17	163.85	50	76.52
674	113.3	134.49	53	36.97
675	75.57	96.59	50	24.67
676	84.94	120.88	50	25.74
677	114.47	39.79	52	61.92
678	77.26	13.16	50	89.77
679	170.01	97.35	50	70.06
680	185.74	134.21	53	92.31
681	92.73	28.83	50	71.54
682	37.49	183.62	52	104.4
683	6.03	66.47	51	99.77
684	126.5	21.02	51	83.31
685	176.82	56.99	50	88.04
Drivers: 11
id	x	y	end	sensitivity
753	56.16	172.11	50	0.81
754	130.82	175.23	51	1.89
755	121.03	33.71	51	1.48
756	104.1	179.69	52	1.58
757	111.26	51.75	52	1.41
758	8.61	155.54	53	1.37
759	25.84	20.3	51	1.38
760	164.99	132.42	51	1.19
761	55.91	182.13	54	1.39
762	132.37	4.94	50	0.98
763	38.78	144.2	51	1.59
Period: 50
Tasks:9
id	x	y	end	c
686	165.05	175.91	52	99.97
687	26.01	80.46	52	76.53
688	68.15	93.04	53	32.6
689	31.13	33.85	52	95.49
690	59.29	166.93	55	78.34
691	68.84	110.47	52	32.87
692	26.97	130.24	52	79.04
693	195.12	31.23	53	117.38
694	31.6	111.76	52	69.4
Drivers: 19
id	x	y	end	sensitivity
764	113.71	85.75	53	1.59
765	21.06	73.37	55	1.31
766	87.02	184.89	55	1.63
767	89.2	122.93	52	1.24
768	64.18	183.61	54	0.85
769	98.57	86.16	52	1.71
770	184.88	130.92	52	1.66
771	163.6	125.66	50	0.84
772	104.24	170.06	53	0.58
773	7.59	190.36	53	1.97
774	44.89	33.87	55	0.76
775	93.33	3.19	53	1.95
776	121.18	68.47	52	1.85
777	1.62	99.84	55	1.47
778	84.19	123.72	52	1.52
779	24.45	129.57	56	1.03
780	107.94	48.19	52	1.97
781	67.04	61.45	52	1.35
782	9.64	112.56	53	1.21
Period: 51
Tasks:16
id	x	y	end	c
695	53.16	49.19	54	69.11
696	71.45	168.14	51	73.88
697	41.96	196.43	53	112.55
698	125.62	24.53	54	79.7
699	95.9	196.69	52	96.78
700	150.1	124.26	52	55.66
701	32.06	130.84	52	74.61
702	11.59	97.42	55	88.45
703	49.45	142.68	52	66.16
704	155.84	70.16	52	63.31
705	1.71	20.68	54	126.3
706	152.65	89.86	54	53.62
707	189.6	126.62	54	93.47
708	191.16	87.74	54	91.98
709	152.6	152.27	53	74.15
710	114.4	187.5	54	88.68
Drivers: 19
id	x	y	end	sensitivity
783	120.37	66.8	54	0.5
784	179.98	79.54	56	1.69
785	103.27	61.98	55	1.86
786	126.67	115.89	55	1.22
787	153.43	155.49	55	1.4
788	79.16	150.22	53	0.79
789	184.48	184.34	53	1.12
790	115.78	155.39	52	1.06
791	145.82	94.76	53	0.5
792	179.76	87.2	56	1.63
793	185.18	171.35	54	1.91
794	93.62	43.04	55	1.89
795	106.08	149.53	58	1.3
796	189.86	47.38	55	1.32
797	153.47	157.2	52	1.01
798	156.75	19.78	54	1.56
799	51.26	47.06	54	1.51
800	1.65	119.57	54	0.89
801	63.69	187.72	54	1.92
Period: 52
Tasks:15
id	x	y	end	c
711	85.76	86.63	54	19.53
712	122.15	35.27	54	68.41
713	187.54	141.42	56	96.84
714	60.5	133.62	56	51.87
715	55.59	106.39	53	44.87
716	162.77	81.66	53	65.39
717	48.22	15.86	53	98.8
718	170.31	48.42	55	87.2
719	70.3	183.5	54	88.62
720	163.95	36.57	55	90.07
721	185.38	189.74	54	123.87
722	137.49	144.13	54	57.9
723	175.07	71.13	59	80.43
724	154.05	173.74	53	91.43
725	88.05	57.64	55	44.01
Drivers: 12
id	x	y	end	sensitivity
802	153.21	61.98	55	1.84
803	81.51	181.77	54	1.4
804	17.16	53.16	56	0.93
805	197.94	194.24	53	1.76
806	22.26	68.99	58	1.5
807	165.73	35.06	55	1
808	3.23	196.01	53	1.45
809	189.18	32.76	57	0.75
810	135.62	76.65	55	0.83
811	42.41	46.91	54	1.43
812	90.07	131.75	55	1.74
813	186.41	33.28	55	1.08
Period: 53
Tasks:18
id	x	y	end	c
726	89.23	70.86	54	31.07
727	62.95	148.35	56	60.91
728	184.21	20.44	56	115.85
729	60	9.25	56	99.17
730	175.35	40.58	57	95.96
731	129.6	94.62	54	30.08
732	182.42	0.1	55	129.51
733	46.81	130.43	54	61.28
734	150.5	5.56	56	107.09
735	3.76	43.34	55	111.68
736	119.94	184.99	56	87.3
737	147.25	172.7	55	86.71
738	4.27	192.57	54	133.17
739	97.32	53.5	54	46.58
740	130.63	72.91	53	40.89
741	153.71	27.87	53	89.93
742	193.35	132.69	55	98.91
743	172.92	73.88	56	77.46
Drivers: 11
id	x	y	end	sensitivity
814	115.75	1.58	55	0.75
815	80.2	120.84	56	1.79
816	172.48	112.46	55	1.72
817	46.79	100.63	59	1.88
818	173.82	126.2	55	1.6
819	33.89	121.05	54	1.93
820	145.21	122.44	57	0.65
821	155.15	109.44	58	1.37
822	94.76	110.41	56	1.13
823	46.81	96.98	55	0.97
824	121.33	125.76	57	1.7
Period: 54
Tasks:15
id	x	y	end	c
744	40.98	19.17	56	100.08
745	8.15	57.67	56	101.13
746	13.3	13.98	56	122.13
747	181.87	63.76	58	89.53
748	29.44	47.45	57	87.98
749	18.81	20	58	113.98
750	52.41	52.8	55	67.03
751	28.01	171.11	55	101.19
752	148.94	43.85	56	74.48
753	10.62	176.1	56	117.39
754	164.4	58.84	57	76.43
755	62.73	72.35	56	46.41
756	47.3	140.51	57	66.47
757	137.59	69.23	58	48.58
758	35.59	197	59	116.44
Drivers: 11
id	x	y	end	sensitivity
825	104.51	109.12	56	1.47
826	173.33	129.04	56	1.51
827	136.51	16.14	58	0.99
828	138.73	66.45	57	1.11
829	121.04	185.7	60	0.92
830	109.87	65.43	59	1.78
831	164.16	196.38	55	1.1
832	77.64	180.89	56	1.78
833	106.33	65.59	57	2
834	199.11	21.16	57	1.49
835	53.75	184.85	60	1.96
Period: 55
Tasks:10
id	x	y	end	c
759	177.07	18.83	56	111.93
760	80.91	77.93	57	29.18
761	73.21	53.69	56	53.5
762	77.22	43	60	61.38
763	107.55	24.88	55	75.5
764	150.04	53.44	58	68.35
765	125.76	71.3	58	38.57
766	34.93	59.87	57	76.45
767	51.52	117.5	58	51.54
768	23.77	88.72	56	77.06
Drivers: 12
id	x	y	end	sensitivity
836	127.94	88.39	60	1.82
837	66.58	160.98	58	1.6
838	67.58	185.47	60	1.51
839	13.45	44.59	58	0.73
840	163.37	175.18	58	1.28
841	164.96	80.62	57	0.86
842	63.62	111.77	57	1.51
843	37.14	188.32	59	1.71
844	154.65	185.92	63	1.15
845	98.67	46.05	58	1.75
846	63.02	144.9	58	1.03
847	154.17	86.81	60	0.6
Period: 56
Tasks:13
id	x	y	end	c
769	129.5	100.52	57	29.5
770	173.06	195.8	58	120.48
771	196.81	140.73	59	105.03
772	199.41	28.53	57	122.43
773	17.15	85.24	58	84.15
774	143.98	77.99	58	49.18
775	190.54	38.47	58	109.47
776	189.88	143.7	58	99.94
777	120.16	32.28	58	70.66
778	128.27	112.33	58	30.84
779	118.27	12.97	57	88.93
780	159.36	37.89	59	85.91
781	8.85	173.03	61	116.8
Drivers: 16
id	x	y	end	sensitivity
848	73.98	1.82	58	0.97
849	109.22	42.97	59	0.94
850	57	122.99	60	1.01
851	152.44	56.31	58	1.47
852	8.87	110.39	61	1.85
853	41.75	143.4	58	1.81
854	40.38	2.15	59	1.78
855	152.97	125.93	61	1.47
856	59.77	193.21	58	1.12
857	19.9	92.23	58	1.3
858	143.63	54.26	63	0.6
859	158.54	30.05	60	0.99
860	193.77	141.52	59	1.66
861	134.56	100.95	57	1.32
862	61.44	154.74	60	1.16
863	78.44	84.75	57	1.75
Period: 57
Tasks:15
id	x	y	end	c
782	45.74	37.05	59	83.11
783	187.54	36.78	57	107.98
784	199.59	30.84	60	121.25
785	17.33	31.13	60	107.6
786	182.86	161.01	57	102.9
787	196.79	103.42	60	96.85
788	97.01	101.65	59	3.42
789	44.76	182.41	57	99.21
790	23.33	168.8	61	103.01
791	83.96	54.46	58	48.28
792	193.04	102.54	57	93.07
793	148.23	92.85	62	48.76
794	91.51	189.42	61	89.82
795	121.08	49.73	60	54.51
796	77.97	22.16	58	80.9
Drivers: 15
id	x	y	end	sensitivity
864	0.54	64.14	62	1.42
865	72.89	120.61	62	1.79
866	6.75	67.2	63	2
867	28.4	174.97	60	1.07
868	143.85	59.87	60	0.87
869	67.22	22.58	59	0.87
870	38.19	89.46	60	1.28
871	56.04	139.94	59	1.78
872	52.53	137.81	61	1.5
873	85.33	177.32	59	1.3
874	130.67	86.97	65	1.16
875	35.12	134.92	59	1.47
876	136.67	3.29	62	1.05
877	86.15	129.34	60	0.5
878	179.93	70.18	59	0.77
Period: 58
Tasks:13
id	x	y	end	c
797	189.15	163.55	59	109.48
798	5.11	197.3	61	135.91
799	146.49	26.06	60	87.34
800	65.26	142.95	59	55.24
801	141.88	60.92	59	57.28
802	110.03	64.5	60	36.89
803	123.08	52.27	58	53.02
804	8.79	189.69	60	127.92
805	167.64	179.06	62	104.05
806	90.39	116.65	61	19.22
807	124.76	22.86	60	81.02
808	175.64	79.69	60	78.32
809	144.92	63.13	62	58.11
Drivers: 18
id	x	y	end	sensitivity
879	119.52	128.66	60	0.83
880	12.51	51.31	60	1.32
881	6.31	72.44	63	1.44
882	7.48	189.03	62	1.5
883	169.82	92.38	60	0.71
884	188.36	40.08	61	0.98
885	194.3	2.84	63	1.63
886	91.29	65.42	60	1.32
887	56.25	176.52	59	1.3
888	128.17	118.82	60	0.61
889	85.73	148.92	59	1.17
890	140.24	98.46	63	0.76
891	39.4	145.68	60	1.59
892	132.46	17.26	60	0.71
893	138.9	9.87	58	1.45
894	65.82	18.74	63	1.36
895	58.03	163.63	60	1.12
896	67.34	127.16	60	0.97
Period: 59
Tasks:8
id	x	y	end	c
810	93.93	120.44	63	21.32
811	45.45	130.98	62	62.73
812	198.98	174.82	61	124.08
813	7.11	67.58	62	98.39
814	62.76	191.6	61	98.88
815	19.68	61.53	60	89.06
816	31.01	155.9	60	88.79
817	168.98	78.39	63	72.29
Drivers: 17
id	x	y	end	sensitivity
897	117.17	135.1	64	0.65
898	105.8	42.95	66	0.61
899	141.89	0.47	61	1.75
900	103.6	86.02	65	1.92
901	121.94	70.15	62	0.98
902	85.41	43.13	60	1.23
903	178.75	169.7	61	1.53
904	78.03	62.04	62	1.09
905	6.86	1.98	62	0.55
906	39.5	7.79	61	0.68
907	94.97	111.65	59	0.64
908	128.54	140.65	63	1.59
909	71.55	68.67	64	1.65
910	105.09	176.41	65	0.78
911	76.85	181.69	63	1.81
912	152.11	189.14	64	0.89
913	23.75	138.17	61	1.56
Period: 60
Tasks:13
id	x	y	end	c
818	188.35	70.45	60	93.16
819	139.26	35.3	63	75.68
820	3	40.32	63	113.89
821	73.3	48.44	63	58.06
822	79.37	42.95	61	60.67
823	129.48	35.95	64	70.51
824	80.51	109.78	62	21.81
825	57.74	8.84	61	100.48
826	144.97	61.84	62	58.98
827	14.23	50.36	63	99.1
828	25.38	141.33	62	85.3
829	128.95	151.65	63	59.21
830	65.24	130.22	61	46.06
Drivers: 17
id	x	y	end	sensitivity
914	131.06	91.16	63	0.9
915	78.03	88.02	60	1.78
916	146.1	8.06	64	1.15
917	180.85	188.6	62	1.61
918	185.97	160.91	66	1.41
919	77.12	13.25	62	1.89
920	103.4	146.32	61	1.42
921	167.95	189.38	66	1.31
922	55.95	169.42	61	0.65
923	12.27	0.12	68	0.64
924	65.58	190.28	68	0.53
925	186.91	126.16	61	1.45
926	56.75	42.65	65	1.49
927	170.5	131.96	63	1.4
928	182.94	52.12	62	1.71
929	65.02	62.98	65	0.82
930	78.28	181.96	63	0.61
Period: 61
Tasks:7
id	x	y	end	c
831	52.85	0.86	61	109.78
832	87.83	12.32	63	88.52
833	174.72	178.89	63	108.66
834	127.1	97.47	65	27.22
835	89.88	98.7	63	10.2
836	68.25	67.18	65	45.66
837	74.93	120.78	62	32.56
Drivers: 15
id	x	y	end	sensitivity
931	18.38	16.94	63	1.16
932	53.49	3.39	68	0.72
933	59.12	61.89	67	1.7
934	72.17	187.18	62	1.85
935	25.07	120.91	62	1.9
936	68.32	40.82	62	1.65
937	196.7	87.49	63	1.45
938	116.37	124.29	61	1.7
939	120.39	177.47	64	1.5
940	95.79	170.53	66	0.67
941	44.21	174.25	62	0.73
942	112.95	19.87	62	1.97
943	172.62	44.56	67	1.42
944	56.94	94.19	67	1.65
945	171.49	47.55	63	0.51
Period: 62
Tasks:15
id	x	y	end	c
838	41.44	40.67	65	83.36
839	59.91	156.01	68	68.88
840	163.18	184.04	64	105.14
841	1.01	5.84	65	136.62
842	1.02	98.32	65	98.99
843	123.41	137.81	66	44.47
844	115.09	62.13	63	40.77
845	161.89	143.09	62	75.41
846	146.56	86	65	48.62
847	50.87	64.02	68	60.9
848	45.94	196.75	63	110.83
849	106.15	2.04	62	98.15
850	124.68	54.43	64	51.82
851	23.69	75.33	62	80.2
852	139.3	100.36	68	39.3
Drivers: 10
id	x	y	end	sensitivity
946	101.31	126.03	64	0.92
947	43.76	68.07	63	1.88
948	131.68	193.27	65	0.56
949	111.74	134.53	64	1.28
950	189.1	136.88	66	1.74
951	74.35	81.56	68	0.97
952	142.4	188.17	66	0.86
953	180.18	152.25	63	0.71
954	57.14	44.01	63	1.45
955	80.34	88.11	64	1.86
Period: 63
Tasks:15
id	x	y	end	c
853	84.14	157.41	66	59.56
854	71.17	58.93	64	50.18
855	80.83	104.08	67	19.6
856	32.3	147.71	68	82.82
857	5.96	197.04	64	135.13
858	95.55	42.59	63	57.58
859	64.78	148.19	64	59.69
860	34.91	105.18	65	65.3
861	109.78	162.14	64	62.9
862	72.23	164.17	64	69.92
863	67.89	53.8	64	56.26
864	163.8	20.38	66	102.03
865	148.25	193.17	64	104.92
866	163.27	133.27	64	71.48
867	117.57	175.02	65	77.05
Drivers: 16
id	x	y	end	sensitivity
956	2.62	188.39	63	0.74
957	13.94	187.87	66	1.54
958	136.64	171.63	67	1.64
959	146.34	191.15	66	1.63
960	0.4	49.71	69	1.45
961	16.49	89.66	66	1.09
962	102.26	59.04	67	1.13
963	134.88	142.76	65	1.76
964	35.27	161.95	65	0.7
965	11.38	14.48	64	0.72
966	56.86	113.79	66	0.62
967	150.18	98.18	64	0.97
968	121.96	81.48	63	1.7
969	88.65	187.79	66	1.4
970	191.36	93.49	65	1.42
971	122.55	155.36	66	1.49
Period: 64
Tasks:12
id	x	y	end	c
868	111.08	195.59	65	96.23
869	161.69	43.1	66	83.92
870	122.33	69.92	66	37.46
871	115.21	185.1	68	86.45
872	57.46	175.73	66	86.86
873	131.51	73.21	67	41.36
874	181.45	143.84	64	92.5
875	71.24	59.22	68	49.9
876	173.2	70.62	71	78.88
877	169.57	158.82	64	91.1
878	84.58	49.73	66	52.58
879	38.68	179.02	67	100.02
Drivers: 13
id	x	y	end	sensitivity
972	123.48	81.25	67	0.82
973	141.97	135.85	67	0.97
974	77.73	79.89	69	1.27
975	120.92	20.31	65	0.65
976	81.09	24.61	64	0.84
977	24.95	158.13	67	0.52
978	156.1	18.83	70	1.21
979	126.37	136.27	64	1.63
980	60.3	125.11	66	1.49
981	37.39	46.5	66	1.1
982	118.71	127.52	67	0.9
983	33.35	94.64	67	0.94
984	120.61	141.45	66	1.41
Period: 65
Tasks:27
id	x	y	end	c
880	0.65	194.49	66	137.11
881	8.69	15.23	65	124.59
882	29.13	15.52	67	110.27
883	92.35	1.45	68	98.85
884	106.7	69.11	66	31.61
885	108.72	185.95	66	86.39
886	43	105.77	68	57.29
887	118.45	23.9	66	78.3
888	42.96	141.53	66	70.56
889	174.19	26.16	66	104.67
890	107.95	136.12	71	36.98
891	103.53	37.27	67	62.83
892	139.33	53.45	70	60.94
893	185.6	36.05	66	106.85
894	62.2	138.2	67	53.74
895	43.49	57.92	66	70.46
896	140.84	150.33	69	64.82
897	76.72	9.96	67	93
898	173.41	108.27	66	73.87
899	119.08	28.6	67	73.91
900	34.93	36.48	66	90.93
901	155.03	49.45	65	74.72
902	90.71	45.26	66	55.52
903	168.42	147.08	66	83.05
904	178.88	7.39	68	121.65
905	117.04	171.07	68	73.08
906	104.3	114.29	66	14.92
Drivers: 6
id	x	y	end	sensitivity
985	39.4	186.85	67	0.79
986	191.69	158.46	68	1.4
987	85.94	10.07	67	0.89
988	6.8	155.09	67	1.18
989	12.35	153.54	70	0.79
990	33.17	172.13	67	1.06
Period: 66
Tasks:17
id	x	y	end	c
907	63.04	32.79	69	76.7
908	35.9	89.82	69	64.9
909	157.48	39.94	68	83.13
910	193.42	40.4	68	110.81
911	8.13	66.01	67	97.96
912	120.69	28.79	67	74.15
913	95.6	184.69	66	84.8
914	148.72	12.68	68	99.99
915	15.78	16.62	70	118.51
916	27.75	102.96	68	72.31
917	111.19	114.27	68	18.13
918	0.68	133.73	68	104.89
919	145.58	162.89	67	77.67
920	173.69	98.49	71	73.71
921	45.42	135.86	69	65.31
922	122.06	20.32	67	82.68
923	165.27	86.25	67	66.7
Drivers: 18
id	x	y	end	sensitivity
991	70.47	174.05	66	1.5
992	182.91	11.82	71	1.44
993	103.94	185.69	70	1.9
994	89.58	50.29	69	1.72
995	114.07	129.69	71	1.43
996	34.36	36.74	68	1.71
997	101.03	14.65	70	1.72
998	13.54	118.52	69	1.99
999	84.78	89.08	67	0.96
1000	37.69	95.54	67	1.15
1001	179.46	145.37	70	0.97
1002	28.89	181.93	70	0.9
1003	69.41	19.69	69	1.56
1004	164.09	166.41	71	0.97
1005	182.87	187.76	68	0.82
1006	23.69	88.17	69	1.23
1007	172.24	142.5	72	1.72
1008	8.9	5.24	68	1.34
Period: 67
Tasks:20
id	x	y	end	c
924	112.6	137.84	71	39.88
925	37.8	42.4	68	84.77
926	159.46	29.39	73	92.31
927	34.37	46.69	69	84.55
928	84.6	45.01	68	57.11
929	137.18	97.71	69	37.25
930	197.78	21.39	73	125.46
931	193.25	7.31	70	131.48
932	13.69	148.58	69	99.04
933	181.68	11.99	69	120.07
934	118.49	164.59	67	67.18
935	21.9	162.69	67	100.15
936	0.8	155.81	69	113.82
937	31.16	78.19	71	72.21
938	6.48	173.68	67	119.06
939	182.06	18.82	70	115.43
940	109.32	90.94	69	13
941	25.36	10.8	74	116.31
942	80.61	37.46	71	65.48
943	79.72	190.74	67	92.98
Drivers: 11
id	x	y	end	sensitivity
1009	33.32	181.48	69	1.85
1010	66.64	196.27	70	1.29
1011	7.87	39.01	71	1.09
1012	72.91	79.45	71	0.98
1013	87.65	152.53	71	1.05
1014	7.95	80.62	71	1.25
1015	86.23	100.96	69	0.92
1016	123.86	94.85	70	1.75
1017	115.72	105.13	69	1.36
1018	52.96	53.91	69	1.95
1019	190.85	12.17	71	1.15
Period: 68
Tasks:14
id	x	y	end	c
944	106.11	199.04	68	99.23
945	82.64	105.46	69	18.2
946	162.98	154.58	72	83.34
947	143.51	117.42	70	46.87
948	108.85	17.17	70	83.3
949	62.14	85.17	70	40.66
950	123.44	84.34	71	28.19
951	148.56	137.69	71	61.47
952	3.11	145.76	69	107.15
953	97.44	115.97	71	16.17
954	32.85	157.27	69	88.26
955	37.46	180.16	72	101.67
956	198.95	28.91	70	121.84
957	13.51	157.08	71	103.63
Drivers: 8
id	x	y	end	sensitivity
1020	195.24	99.08	70	1.29
1021	116.15	112.74	72	1.15
1022	182.48	75.17	69	0.88
1023	13.24	88.06	68	1.16
1024	91.86	6.2	69	1.15
1025	78.35	17.58	74	1.33
1026	61.81	161.94	70	0.64
1027	63.35	31.19	69	1.77
Period: 69
Tasks:21
id	x	y	end	c
958	134.75	126.56	72	43.74
959	137.37	55.14	70	58.39
960	163.33	36.21	71	89.89
961	155.84	3.28	70	111.68
962	182.1	164.35	74	104.31
963	171.14	92.81	70	71.5
964	145.14	37.78	70	76.87
965	172.66	95.59	72	72.79
966	33.02	1.88	70	118.8
967	160.96	33.72	73	90.05
968	26.84	122.91	72	76.66
969	141.48	115.07	71	44.13
970	124.49	157.57	71	62.56
971	45.6	64.52	70	64.95
972	21.94	163.9	72	100.88
973	27.57	106.53	72	72.72
974	114.66	31.29	73	70.26
975	47.87	168.61	71	86.17
976	83.95	190.75	72	92.16
977	67.74	164.24	70	71.89
978	121.18	101.41	71	21.23
Drivers: 19
id	x	y	end	sensitivity
1028	138.64	6.85	69	1.56
1029	105.54	80.24	73	1.73
1030	193.44	34.86	70	1.52
1031	110.14	83.72	74	0.9
1032	8.65	190.82	75	0.61
1033	184.92	70.8	71	1.29
1034	59.52	137.7	72	1.58
1035	138.47	122.01	72	1.89
1036	83.38	35.67	71	1.46
1037	37.79	116.51	70	1.45
1038	81.04	159.1	71	0.6
1039	58.78	17.29	70	1.98
1040	29.86	165.76	71	1.52
1041	66.26	37.36	71	0.73
1042	80.84	171.32	72	1.84
1043	46.05	175.41	72	0.73
1044	5.26	20.72	71	1.52
1045	96.47	120.14	76	1.01
1046	96.85	149.79	74	0.95
Period: 70
Tasks:15
id	x	y	end	c
979	77.49	164.82	75	68.62
980	148.16	165.85	71	81.58
981	119.42	12.94	71	89.2
982	49.03	101.29	73	50.99
983	136.13	142.18	72	55.54
984	28.58	24.73	74	103.76
985	152.86	120.94	72	56.86
986	27.18	54.28	72	85.98
987	0.87	133.96	72	104.79
988	76.5	67.33	70	40.24
989	196.46	77.83	71	98.97
990	85.33	67.08	73	36.04
991	56.52	179.75	70	90.83
992	193.36	84.32	70	94.67
993	129.38	194.65	73	99.11
Drivers: 12
id	x	y	end	sensitivity
1047	89.4	105.51	71	1.16
1048	40.78	159.05	71	0.57
1049	108.69	134.84	72	1.1
1050	124.53	10.4	72	0.69
1051	108.86	120.68	71	1.41
1052	171.33	140.24	74	1.84
1053	154.89	123.57	71	1.6
1054	23.3	5.94	73	1.51
1055	140.59	165.78	75	0.77
1056	8.87	55.53	73	1.37
1057	80.45	184.49	73	0.5
1058	143.49	197.27	71	0.86
Period: 71
Tasks:26
id	x	y	end	c
994	72.59	107.84	72	28.51
995	143.79	2.8	73	106.61
996	125.68	176.6	74	80.79
997	16.76	53.33	72	95.43
998	153.93	111.28	74	55.1
999	27.45	162.47	73	95.74
1000	136.22	185.13	71	92.51
1001	157.96	3.13	72	112.89
1002	6.35	193.69	73	132.47
1003	24.22	92.09	72	76.19
1004	0.73	110.9	72	99.87
1005	48.88	132.43	71	60.54
1006	162.91	86.83	73	64.27
1007	163.1	110.69	77	64
1008	18.51	163.68	72	103.42
1009	19.67	61.29	71	89.17
1010	152.37	190.38	74	104.46
1011	81.88	167.15	73	69.55
1012	157	51.34	75	74.95
1013	52.6	160.5	73	76.86
1014	7.81	145.77	75	102.93
1015	17.48	177.91	73	113.49
1016	13.82	72.34	75	90.51
1017	175.19	0.14	72	125
1018	115.87	87.28	71	20.34
1019	99.6	115.63	73	15.64
Drivers: 17
id	x	y	end	sensitivity
1059	50.03	35.97	72	0.83
1060	146.32	84.8	75	1.24
1061	91.52	70.73	75	0.85
1062	66.39	64.78	77	1.83
1063	147.7	30.22	74	1.59
1064	13.32	14.18	74	1.95
1065	53.28	73.41	74	0.91
1066	199.64	12.75	74	0.58
1067	53.94	72.53	74	1.82
1068	103.68	96.55	74	0.92
1069	176.37	15.91	76	1.32
1070	89.64	31.48	72	1.76
1071	104.5	18.13	75	1.61
1072	48.75	129.47	77	0.82
1073	137.87	8.89	74	1.82
1074	53.62	98.24	78	0.54
1075	102.84	33.32	76	1.52
Period: 72
Tasks:14
id	x	y	end	c
1020	26.7	156.45	77	92.52
1021	75.19	59.1	75	47.84
1022	117.9	22.05	72	79.98
1023	134.55	57.77	74	54.56
1024	174.16	172.95	74	104.03
1025	23.82	42.42	76	95.49
1026	171.51	72.27	74	76.7
1027	83.08	185.52	76	87.18
1028	112.65	181.92	74	82.89
1029	155.51	84.02	75	57.76
1030	195.23	171.78	74	119.25
1031	66.8	71.29	76	43.89
1032	152.46	34.96	75	83.56
1033	74.37	170.25	76	74.78
Drivers: 11
id	x	y	end	sensitivity
1076	182.17	165.98	78	1.09
1077	120.86	63.27	74	1.48
1078	153.07	92.99	73	1.89
1079	134.29	191.25	73	1.87
1080	61.67	67.13	73	1.82
1081	10.01	191.74	78	0.87
1082	86.35	21.35	75	1.66
1083	174.41	2.44	78	0.52
1084	186.6	98.28	76	1.99
1085	92.2	170.21	77	0.97
1086	67.24	134.67	75	1.43
Period: 73
Tasks:24
id	x	y	end	c
1034	148.22	13.84	77	98.74
1035	44.49	188.39	74	104.38
1036	90.34	4.1	75	96.39
1037	132.89	24.95	74	81.94
1038	199.04	153.31	77	112.48
1039	42.08	70.89	74	64.82
1040	92.85	128.47	76	29.35
1041	0.62	177.52	75	126.04
1042	172.21	86.09	73	73.54
1043	146.62	133.34	76	57.31
1044	167.87	152.44	76	85.77
1045	34.49	67.32	76	73.21
1046	152.49	177.59	73	93.68
1047	174.4	64.08	75	82.62
1048	129.92	84.99	75	33.47
1049	159.1	130.06	73	66.31
1050	154.57	98.63	74	54.59
1051	156.72	157.71	75	80.92
1052	106.33	130.27	73	30.92
1053	127.26	181.82	77	86.24
1054	31.59	41.75	74	89.85
1055	33.15	44.9	75	86.63
1056	94.02	23.47	75	76.76
1057	173.09	36.79	74	96.63
Drivers: 21
id	x	y	end	sensitivity
1087	157.36	3.93	79	0.89
1088	198.04	135.38	73	1.04
1089	84.32	165.19	76	1.05
1090	136.09	79.4	76	0.94
1091	101.17	105.69	78	1.07
1092	19.28	1.83	77	1.51
1093	24.81	105.26	78	1.35
1094	103.64	123.08	76	0.86
1095	88.88	6.08	74	1.88
1096	174.76	167.29	77	1.4
1097	3.62	65.16	77	0.64
1098	0.77	179.09	76	1.98
1099	4.9	50.54	75	0.66
1100	48.5	134.95	73	0.64
1101	10.38	84.46	77	1.35
1102	97.23	158.55	76	1.94
1103	49.98	76.76	75	0.91
1104	174.56	3.71	75	0.71
1105	98.77	190.54	78	0.9
1106	185.22	153.33	74	1.07
1107	98.71	168.84	76	1.76
Period: 74
Tasks:16
id	x	y	end	c
1058	6.47	56.68	75	103.08
1059	100.69	105.89	76	5.93
1060	71.04	8.57	75	95.91
1061	184.07	105.17	74	84.23
1062	80.39	85.48	75	24.4
1063	146.65	186.73	77	98.48
1064	121.91	129.08	78	36.41
1065	195.02	42.12	77	111.26
1066	104.59	6.48	78	93.63
1067	59.32	12.06	76	96.89
1068	107.03	171.2	77	71.55
1069	180.56	188.59	74	119.74
1070	176.39	168.53	80	102.62
1071	110.63	145.67	75	46.89
1072	76.38	70.55	75	37.75
1073	99.02	170.25	75	70.26
Drivers: 18
id	x	y	end	sensitivity
1108	93.54	184.35	77	0.51
1109	39.01	191.65	77	1.33
1110	67.52	151.87	77	0.95
1111	110.04	109.57	78	1.14
1112	163.9	86.17	81	0.5
1113	100.95	168.16	79	1.06
1114	139.35	119.98	79	1.82
1115	28.79	11.21	74	1.87
1116	151.28	92.37	75	1.03
1117	170.35	37.96	76	1.23
1118	102.2	42.56	78	1.74
1119	192.88	119.92	82	1.63
1120	131.09	104.65	77	1.59
1121	176.53	129.24	78	0.87
1122	163.57	68.7	77	1.91
1123	2.23	162.67	78	1.21
1124	19.96	60.72	75	1.43
1125	103.44	71.52	76	1.98
Period: 75
Tasks:10
id	x	y	end	c
1074	9.6	182.2	75	122.18
1075	74.96	133.98	78	42.21
1076	112.28	60.48	75	41.38
1077	73.35	111.27	75	28.94
1078	105.14	53.34	79	46.94
1079	191.63	97.83	76	91.66
1080	96.32	115.13	79	15.57
1081	14.6	23	75	114.99
1082	29.58	143.77	78	82.91
1083	78.72	130.96	77	37.57
Drivers: 14
id	x	y	end	sensitivity
1126	157.62	12.15	81	1.92
1127	85.89	195.92	78	1.48
1128	165.17	198.32	80	1.42
1129	144.68	132.78	81	1.34
1130	183.84	47.12	78	0.74
1131	110.38	3.66	76	1.13
1132	180.94	51.28	78	0.54
1133	60.75	198.69	77	0.64
1134	101.06	109.55	78	1.79
1135	16.6	126.39	78	0.77
1136	124.43	177.52	76	1.36
1137	170.11	186.76	76	1.36
1138	135.54	30.53	80	0.79
1139	108.41	39.64	78	1.35
Period: 76
Tasks:9
id	x	y	end	c
1084	190.38	130.26	79	95.31
1085	163.25	35.09	76	90.63
1086	145.1	65.76	77	56.62
1087	196.03	100.61	77	96.03
1088	120.57	17.67	76	84.86
1089	50.34	173.52	79	88.72
1090	116.07	48.08	78	54.35
1091	110.49	111.86	76	15.83
1092	60.81	56.97	77	58.2
Drivers: 20
id	x	y	end	sensitivity
1140	14.3	107.81	78	1.42
1141	173.16	64.97	79	1.18
1142	1.46	11.17	77	1.86
1143	81.25	94.02	80	0.69
1144	114.43	142.03	79	0.54
1145	37.74	130.03	78	0.69
1146	83.77	172.56	80	0.78
1147	147.87	199.54	78	1.41
1148	142.86	183	78	1.4
1149	108.43	195.81	81	1.88
1150	137.84	176.74	79	1.19
1151	142.88	27.1	77	1.48
1152	171.3	68.29	80	0.89
1153	149.59	60.8	78	1.51
1154	31.45	9.65	83	1.13
1155	71.16	97.62	81	1.54
1156	6.86	55.4	80	1.43
1157	87.57	192.05	81	1.58
1158	161.4	156.85	77	1.88
1159	133.88	173.13	77	1.3
Period: 77
Tasks:18
id	x	y	end	c
1093	67.93	10.86	77	94.73
1094	50.24	17.23	79	96.58
1095	25.36	18.82	78	110.28
1096	154.44	195.67	78	110.07
1097	171.32	22.6	79	105.25
1098	141.97	78.72	79	47.06
1099	4.93	32.52	78	116.58
1100	34.25	55.1	78	79.62
1101	66.11	51.72	79	58.99
1102	176.19	105.17	79	76.37
1103	16.6	127.47	78	87.81
1104	195.79	113.29	79	96.71
1105	6.43	195.29	80	133.55
1106	5.97	60.17	81	102.12
1107	68.18	147.06	77	56.81
1108	185.51	174	78	113.08
1109	127.5	0.28	79	103.44
1110	85.8	127.24	78	30.72
Drivers: 15
id	x	y	end	sensitivity
1160	65.69	197.81	78	0.66
1161	38.81	184.46	78	1.81
1162	16.64	11.32	80	1.84
1163	37.68	68.82	80	1
1164	185.86	171.59	80	0.86
1165	92.81	115.85	79	1.61
1166	114.56	139.75	82	1.83
1167	65.05	175.66	80	1.22
1168	46.97	17.46	83	1.11
1169	60.3	167.44	79	0.74
1170	27.22	12.99	80	1.27
1171	10.89	9.25	77	1.94
1172	190.48	64.01	80	1.78
1173	21.39	7.02	78	0.6
1174	188.23	22.3	78	1.39
Period: 78
Tasks:14
id	x	y	end	c
1111	139.53	2.44	80	105.26
1112	24.67	6.64	79	119.96
1113	118.21	124.52	80	30.54
1114	25.25	105.08	83	74.92
1115	81.3	69.68	78	35.62
1116	27.28	25.74	81	103.94
1117	11.91	90.01	79	88.65
1118	172.22	8.19	79	116.81
1119	164.33	191.1	80	111.52
1120	116.81	94.6	79	17.66
1121	50.62	26.37	79	88.66
1122	25.02	102.98	78	75.04
1123	30.19	74.65	81	74.27
1124	99.83	191.29	80	91.29
Drivers: 18
id	x	y	end	sensitivity
1175	134.42	96.77	81	1.35
1176	103.74	173	82	0.51
1177	72.58	131.18	81	1.33
1178	179.01	136.46	79	0.64
1179	111.29	25.02	80	1.87
1180	69.47	169.52	81	1.63
1181	59.53	13.15	87	0.5
1182	115.78	100.64	81	0.73
1183	154.15	67.98	83	1.47
1184	173.01	189.59	82	1.26
1185	171.14	49.15	80	1.85
1186	169.58	5.81	78	0.61
1187	182.92	93.18	82	1.3
1188	15.29	45.19	81	1.37
1189	35.83	5.48	81	1.67
1190	160.54	152.29	79	0.6
1191	182.14	105.51	81	1.52
1192	180.41	41.38	83	0.73
Period: 79
Tasks:13
id	x	y	end	c
1125	114.12	198.47	81	99.48
1126	32.63	175.76	80	101.38
1127	71.3	104.78	79	29.1
1128	176.95	78.6	81	79.87
1129	22.11	95.53	79	78.02
1130	125.35	101.26	79	25.38
1131	178.95	77.93	80	81.98
1132	0.84	68.44	81	104.06
1133	135.1	85.33	80	38.04
1134	145.72	68.54	80	55.5
1135	94.71	143.57	86	43.89
1136	178.59	52.05	81	92.06
1137	2.93	54.49	82	107.21
Drivers: 20
id	x	y	end	sensitivity
1193	108.2	128.72	80	0.6
1194	170.79	160.97	80	0.94
1195	193.52	107.67	82	0.85
1196	56.03	87.28	80	1.06
1197	160.87	1.29	85	0.7
1198	181.65	174.92	84	1.84
1199	68.16	2.98	81	1.54
1200	53.64	10.37	80	1.31
1201	67.04	170.6	82	1.38
1202	33.22	170.05	89	1.04
1203	129.78	30.29	83	1.23
1204	162.93	199.95	81	1.06
1205	47.43	75.95	83	1.14
1206	137.69	100.45	83	1.23
1207	174.69	181.97	83	1.4
1208	13.74	48.11	81	0.71
1209	109.86	120.25	85	0.87
1210	2.76	123.7	80	1.41
1211	184.36	108.96	80	1.7
1212	34.56	27	82	1.83
Period: 80
Tasks:12
id	x	y	end	c
1138	38.88	108.53	81	61.71
1139	142.76	107.66	81	43.44
1140	197.44	33.68	84	117.87
1141	48.87	39.57	83	79.16
1142	59.63	135.67	80	53.87
1143	13.24	134.86	83	93.5
1144	174	55.6	80	86.3
1145	13.35	38.09	82	106.49
1146	6.81	178.01	82	121.53
1147	131.88	123.51	80	39.61
1148	151.99	183.13	81	98.05
1149	127.67	93.07	83	28.52
Drivers: 22
id	x	y	end	sensitivity
1213	117.42	18.91	83	1.12
1214	71.98	15.08	83	1.48
1215	25.52	156.94	84	0.97
1216	178.78	110.45	82	1.44
1217	150.49	56	82	1.46
1218	105.01	93.06	83	1.84
1219	135.78	184.35	85	1.31
1220	115.03	122.79	85	1.4
1221	59.08	0.55	81	0.56
1222	3.78	61.74	83	1.24
1223	150.84	67.93	80	1.32
1224	155.89	118.18	85	1.39
1225	124.89	173.49	87	1.36
1226	181.65	99.6	82	0.68
1227	16.75	1.46	87	1.69
1228	3.21	48.37	81	1.52
1229	194.46	77.56	83	1.59
1230	138.4	110.65	86	0.59
1231	9.78	152.19	84	1.24
1232	128.89	116.42	87	1
1233	95.1	101.19	83	0.96
1234	168.14	131.43	82	1.4
Period: 81
Tasks:10
id	x	y	end	c
1150	99.72	118.41	83	18.41
1151	112.52	106.92	82	14.31
1152	38.62	45.75	82	81.92
1153	156.82	174	84	93.3
1154	138.64	146.24	82	60.26
1155	87.98	81.24	82	22.28
1156	65.81	106.28	83	34.76
1157	21.16	179.03	82	111.63
1158	20.26	150.04	83	94.14
1159	88.58	41.27	82	59.83
Drivers: 21
id	x	y	end	sensitivity
1235	181.56	10.4	87	1.85
1236	190.68	158.81	88	1.59
1237	104.47	147.92	86	1.69
1238	195.77	156.89	85	1.11
1239	122.08	33.15	86	1.72
1240	83.13	126.87	84	1.32
1241	123.69	121.53	85	0.6
1242	50.22	137.07	84	1.4
1243	120.73	54.25	86	1.93
1244	158.78	159.76	84	1.9
1245	181.95	90.31	84	0.68
1246	33.6	74.34	84	1.74
1247	35.08	48.16	84	0.64
1248	139.64	168.78	82	0.81
1249	155.36	71.44	85	1.62
1250	130.77	130.12	82	1.88
1251	128.69	140.82	82	0.74
1252	88	194.71	82	1.73
1253	86.85	115.95	84	0.9
1254	133.25	76.28	84	0.7
1255	59.48	32.93	84	1.51
Period: 82
Tasks:20
id	x	y	end	c
1160	101.59	158.83	84	58.85
1161	45.66	154.69	83	77.1
1162	18.64	179.74	82	113.92
1163	48.58	193.98	83	107.13
1164	159.64	21.03	83	98.96
1165	96.62	62.37	85	37.78
1166	198.59	56.25	83	107.86
1167	163.38	104.07	83	63.51
1168	127.9	146.07	84	53.86
1169	149.65	142.69	85	65.48
1170	41.14	81.38	84	61.73
1171	3.88	181.26	84	125.87
1172	135.94	125.52	84	44.08
1173	148.64	122.72	82	53.68
1174	141.33	106.59	84	41.85
1175	45.01	179.87	85	96.97
1176	125.66	8.55	84	94.98
1177	186.86	93.73	85	87.09
1178	3.07	186.99	86	130.24
1179	34.19	27.7	83	97.77
Drivers: 9
id	x	y	end	sensitivity
1256	95.02	78.82	87	0.66
1257	183.38	189.69	82	1.64
1258	45.05	119.41	84	1.68
1259	7.74	105.03	84	0.94
1260	9.03	18.46	88	1.93
1261	12.12	26.63	84	1.89
1262	90.17	7.98	88	1.18
1263	29.21	29.3	85	1.31
1264	51.21	198.82	84	0.9
Period: 83
Tasks:18
id	x	y	end	c
1180	31.5	178.8	84	104.41
1181	101.35	167.27	83	67.28
1182	147.23	122.52	89	52.32
1183	131.64	86.91	85	34.24
1184	100.05	153.58	85	53.58
1185	107.9	66.57	87	34.35
1186	40.71	160.74	86	84.88
1187	147.7	153.53	83	71.7
1188	58.78	163.46	84	75.67
1189	181.73	193.22	84	123.97
1190	12.96	195.37	83	129.12
1191	166.29	97.2	84	66.35
1192	67.53	31.8	87	75.54
1193	72.03	100.4	84	27.97
1194	172.95	186.26	85	112.97
1195	140.76	129.95	86	50.58
1196	191.08	19.96	84	121.25
1197	103.4	60.35	85	39.8
Drivers: 14
id	x	y	end	sensitivity
1265	198.82	61.38	88	1.61
1266	177.67	2.67	86	1.68
1267	14.93	143.48	87	0.59
1268	129.61	163.21	88	0.85
1269	5.67	134.95	84	1.38
1270	184.17	84.77	85	1.57
1271	75.67	30.47	86	1.53
1272	19.74	31.07	85	1.74
1273	188.4	196.32	86	0.88
1274	5.54	163.9	85	1.39
1275	105.17	102.85	92	1.86
1276	64.95	106.27	87	1.37
1277	161.22	114.06	87	1.24
1278	85.13	69.69	87	1.34
Period: 84
Tasks:11
id	x	y	end	c
1198	176.44	37.3	86	98.87
1199	52.47	86.94	84	49.29
1200	127.46	14.37	86	89.93
1201	142.27	46.7	87	68.03
1202	131.86	163.97	86	71.46
1203	14.55	52.63	84	97.7
1204	37.53	197.08	86	115.44
1205	161.92	9.63	87	109.55
1206	179.07	199.91	87	127.41
1207	70.14	87.76	88	32.27
1208	148.4	196.54	87	107.99
Drivers: 9
id	x	y	end	sensitivity
1279	51.64	63.21	86	0.58
1280	71.67	55.52	88	0.53
1281	149.72	78.66	84	1.42
1282	165.3	71.2	88	1.69
1283	155.02	5.17	89	1.57
1284	59.65	109.12	86	1.19
1285	130.1	29.99	90	1.31
1286	138.83	19.87	86	0.95
1287	116.24	60.35	88	1.41
Period: 85
Tasks:12
id	x	y	end	c
1209	146.11	43.64	86	72.82
1210	60.5	61.28	85	55.31
1211	3.25	97.7	87	96.78
1212	170.79	41.68	88	91.72
1213	125.63	125.55	88	36.19
1214	118.74	124.34	87	30.72
1215	157.1	167.47	89	88.39
1216	162.41	199.3	88	117.28
1217	183.91	71.34	87	88.67
1218	71.15	19.4	86	85.61
1219	141.54	102.55	86	41.62
1220	68.39	17.17	85	88.66
Drivers: 8
id	x	y	end	sensitivity
1288	39.35	62.26	92	0.95
1289	161.12	99.51	86	1.67
1290	80.91	168.17	87	1.43
1291	196.87	40.03	90	1.43
1292	140.19	179.47	88	1.72
1293	88.89	86.02	88	1.49
1294	63.33	31.14	88	1.5
1295	107.6	54.34	90	0.68
Period: 86
Tasks:15
id	x	y	end	c
1221	115.54	189.19	90	90.53
1222	185.79	198.86	90	130.89
1223	63.12	155.67	90	66.78
1224	96.87	171.66	87	71.73
1225	191.56	0.01	88	135.58
1226	41.54	195.55	88	112.02
1227	177.8	190.05	87	119
1228	92.87	72.64	87	28.27
1229	15.99	84.65	87	85.4
1230	1.35	12.09	89	132.14
1231	63.53	61.3	88	53.18
1232	84.47	175.1	87	76.69
1233	7.85	89.51	87	92.75
1234	55.52	161.22	86	75.67
1235	33.19	72.29	87	72.33
Drivers: 17
id	x	y	end	sensitivity
1296	112.69	178.66	86	0.9
1297	76.06	72.81	88	1.79
1298	144.07	88.66	86	1.11
1299	197.26	147.64	88	1.29
1300	90.66	132.95	91	0.62
1301	157.97	149.76	88	0.99
1302	24.46	66.54	87	1.47
1303	138.25	164.85	90	1.77
1304	165.34	175.92	87	1.5
1305	146.44	146.92	89	1.52
1306	157.77	31.82	88	1.65
1307	153.91	168.22	87	1.8
1308	9.04	44.36	89	1.65
1309	199.74	62	92	1.38
1310	113.4	86.14	90	1.65
1311	31.49	28.03	87	0.95
1312	161.43	0.17	88	1.18
Period: 87
Tasks:10
id	x	y	end	c
1236	169.2	168.69	90	97.5
1237	135.95	144.94	90	57.55
1238	17.48	69	88	88.15
1239	171.64	199.9	91	122.93
1240	197.78	34.16	89	117.88
1241	160.61	152.45	88	80.15
1242	183.04	28.33	88	109.69
1243	187.65	29.26	91	112.64
1244	33.28	159.99	87	89.72
1245	28.31	189.47	90	114.65
Drivers: 17
id	x	y	end	sensitivity
1313	33.89	156.12	91	0.51
1314	175.91	147.46	91	1.04
1315	146.04	90.3	90	1.34
1316	51.91	139.09	88	1.25
1317	164.94	39.94	92	1.26
1318	131.47	102.66	91	1.9
1319	55.8	129.29	89	1.04
1320	135.16	6.94	91	0.81
1321	149.75	29.56	90	0.83
1322	115.9	105.47	89	0.78
1323	199.67	35.61	92	0.89
1324	108.94	78.58	88	1.86
1325	91.95	61.86	89	1.31
1326	41.23	41.24	89	1.12
1327	100.54	146.58	88	1.15
1328	3.96	53.05	95	1.02
1329	167.82	7.28	89	1.22
Period: 88
Tasks:14
id	x	y	end	c
1246	105.96	51.21	90	49.15
1247	191.89	111.8	88	92.64
1248	52.51	194.39	91	105.66
1249	49.82	117.83	88	53.25
1250	35.08	21.14	89	102.14
1251	101.84	142.89	88	42.93
1252	182.25	5.02	89	125.64
1253	168.21	122.14	89	71.71
1254	171.27	184.82	93	110.79
1255	66.59	188.6	89	94.69
1256	44.55	170.07	90	89.36
1257	97.78	9.89	90	90.14
1258	48.73	112.14	88	52.69
1259	124.16	145.98	90	51.94
Drivers: 16
id	x	y	end	sensitivity
1330	191.66	100.88	90	1.93
1331	16.6	64.52	91	1.91
1332	182.1	117.49	93	0.79
1333	80.7	7.93	89	1.18
1334	61.05	13.35	88	1.23
1335	153.57	34.27	92	0.63
1336	0.27	21.62	90	1.46
1337	170.31	67.93	92	1.42
1338	56.59	53.53	93	0.95
1339	124.32	83.29	92	1.99
1340	194.7	73.54	92	1.05
1341	162.8	15.99	92	1.08
1342	173.64	25.63	91	1.14
1343	155.23	80.35	90	1.38
1344	146.79	44.85	91	1.31
1345	32.9	160.2	89	1.91
Period: 89
Tasks:11
id	x	y	end	c
1260	137.68	117.28	91	41.45
1261	116.42	106.6	90	17.7
1262	186.98	90.51	90	87.5
1263	182.43	113.76	91	83.57
1264	22.35	141.14	91	87.88
1265	44.39	43.76	92	79.09
1266	125.28	185.31	92	88.98
1267	147.77	171.25	94	85.78
1268	96.56	54.55	91	45.58
1269	149.16	173.37	89	88.32
1270	46.31	58.01	92	68.16
Drivers: 13
id	x	y	end	sensitivity
1346	72.68	5.11	92	1.34
1347	99.25	124.87	93	1.99
1348	128.31	185.65	94	1.68
1349	168.69	142.28	94	1.06
1350	126.28	33.3	91	1.12
1351	5.23	156.72	89	1.87
1352	160.17	192.44	94	1.78
1353	105.07	150.81	93	1.27
1354	154.14	155.05	91	1.11
1355	190.29	156.5	94	1.47
1356	22.21	89.75	92	0.86
1357	26.4	137	93	1.67
1358	68.07	186.7	95	0.64
Period: 90
Tasks:15
id	x	y	end	c
1271	120.74	6.76	91	95.52
1272	91.91	186.86	92	87.24
1273	189.67	67.7	93	95.31
1274	109.76	109.95	93	13.94
1275	45.13	52.29	95	72.71
1276	161.12	106.62	91	61.48
1277	10.13	106.16	93	90.08
1278	94.51	158.48	92	58.74
1279	137.69	162.23	91	72.75
1280	198.09	31.56	91	119.61
1281	138.45	51.15	92	62.17
1282	123.87	180.94	90	84.39
1283	75.58	46.89	91	58.46
1284	187.73	183.72	91	121.27
1285	67.18	187.29	91	93.26
Drivers: 18
id	x	y	end	sensitivity
1359	187.41	32.22	92	1.09
1360	147.12	12.74	91	1.26
1361	149.71	64.77	93	1.69
1362	22.55	147.32	92	0.54
1363	88.32	180.59	96	1.01
1364	57.47	110.13	91	1.97
1365	90.55	52.54	93	1.29
1366	45.81	45.2	94	1.02
1367	92.85	125.59	92	1.7
1368	11.54	103.83	93	2
1369	162.1	101.33	94	0.5
1370	119.17	164.33	92	1.18
1371	85.96	88.54	92	1.03
1372	22.83	35.44	95	1.1
1373	58.53	20.82	91	0.89
1374	141.23	196.32	92	1.52
1375	103.36	142.62	95	0.75
1376	182.57	132.52	94	1.35
Period: 91
Tasks:15
id	x	y	end	c
1286	188.62	165.78	93	110.37
1287	99.46	129.92	92	29.92
1288	135.05	141.14	93	54.05
1289	131.19	157.93	96	65.79
1290	34.25	12.61	94	109.36
1291	187.24	112.82	93	88.18
1292	41.13	2.54	92	113.86
1293	96.65	132.78	94	32.95
1294	152.3	114.43	93	54.25
1295	121.16	60.95	92	44.41
1296	83.41	174.54	93	76.36
1297	12.41	57.05	92	97.55
1298	150.57	123.49	95	55.76
1299	31.76	108.63	96	68.78
1300	197.67	91.99	95	98
Drivers: 18
id	x	y	end	sensitivity
1377	109.94	54.89	93	1.28
1378	16.91	99.93	94	1.19
1379	128.83	145.06	96	1.61
1380	12.8	11.44	93	1.37
1381	14.56	132.21	94	1.98
1382	7.7	38.89	94	1.71
1383	183.18	114.92	95	0.84
1384	166.27	40.91	92	1.25
1385	159.18	119.07	92	0.84
1386	90.21	140.15	94	0.6
1387	186.1	2.28	96	1.62
1388	143.96	101.15	93	0.54
1389	153.03	103.13	96	1.91
1390	88.98	185.86	92	0.64
1391	64.67	178.5	95	0.5
1392	28.11	2.32	91	0.98
1393	169.99	135.51	95	1.94
1394	32.39	49.45	93	0.76
Period: 92
Tasks:9
id	x	y	end	c
1301	94.89	131.79	95	32.2
1302	147.22	181.85	93	94.49
1303	129.13	103.11	95	29.3
1304	36.49	169.77	96	94.35
1305	179.46	49.95	93	93.91
1306	131.8	93.36	93	32.49
1307	6.97	51.25	96	105.03
1308	24.74	185.68	97	114.04
1309	196.37	29.82	93	119.22
Drivers: 9
id	x	y	end	sensitivity
1395	186.72	96.23	93	0.89
1396	34.41	64.36	94	0.98
1397	133.87	14.49	95	1.12
1398	177.05	53.31	98	1.3
1399	38.81	61.21	94	0.88
1400	54.2	117.17	93	1.4
1401	172.85	157.83	94	1.55
1402	174.9	93.64	97	1.62
1403	30.68	125.37	96	1.96
Period: 93
Tasks:12
id	x	y	end	c
1310	30.11	135.93	96	78.58
1311	97.21	40.11	95	59.95
1312	88.37	182.89	96	83.7
1313	15.01	95.8	94	85.09
1314	75.63	39.65	94	65.08
1315	98.74	110.39	97	10.47
1316	149.21	6.13	95	105.99
1317	145.33	11.67	96	99.28
1318	126.95	187.85	93	91.89
1319	191.56	17.63	95	123.16
1320	45.17	25.38	94	92.6
1321	81.65	159.67	94	62.43
Drivers: 14
id	x	y	end	sensitivity
1404	133.91	171.72	97	0.82
1405	60.97	184.93	95	1.15
1406	75.11	152.63	94	1.99
1407	150.76	78.13	97	1.12
1408	142.48	93.03	97	1.65
1409	143.42	160.3	96	0.85
1410	45.24	30.15	95	0.61
1411	83.06	108.38	96	1.85
1412	4.9	109.67	100	0.61
1413	182.28	146.2	94	1.9
1414	118.95	62.34	96	1.53
1415	48.66	133.88	95	0.83
1416	5.61	112.18	94	1.03
1417	12.17	75.41	97	1.02
Period: 94
Tasks:12
id	x	y	end	c
1322	73.83	153.89	96	59.91
1323	5.55	84.78	98	95.67
1324	155.45	35.61	96	84.98
1325	198.56	33.36	95	118.97
1326	43.5	17.28	95	100.17
1327	179.96	40.01	96	99.96
1328	197.69	103.52	94	97.75
1329	87.37	10.95	97	89.94
1330	186.72	166.09	95	109.03
1331	8.82	41.92	97	108.11
1332	18.96	87.5	95	82
1333	167.15	7.38	95	114.4
Drivers: 10
id	x	y	end	sensitivity
1418	138.02	12.13	100	1.73
1419	92.47	58.21	101	0.57
1420	15.45	92.13	97	1.82
1421	36.11	1.1	97	0.81
1422	182.93	197.13	97	1.53
1423	21.82	47.22	101	0.7
1424	186.99	173.91	98	1.57
1425	16.88	20.45	97	1.18
1426	49.32	143.21	95	1.21
1427	51.02	94.05	97	0.89
Period: 95
Tasks:18
id	x	y	end	c
1334	99.15	82.29	96	17.73
1335	129.62	165.24	97	71.65
1336	66.79	13.15	98	92.98
1337	65.54	20.19	96	86.93
1338	2.74	33.3	99	117.93
1339	136.59	5.08	97	101.73
1340	79.1	169.9	95	72.96
1341	179.26	66.98	99	85.86
1342	94.63	39.94	97	60.3
1343	118.13	118.57	96	25.95
1344	118.72	188.92	97	90.87
1345	4.1	73.83	99	99.41
1346	44.33	157.21	97	79.83
1347	100.51	5.24	97	94.76
1348	42.63	113.28	97	58.89
1349	7.53	29.03	97	116.57
1350	146.06	123.58	97	51.74
1351	90.85	14.61	97	85.88
Drivers: 22
id	x	y	end	sensitivity
1428	185.1	124.77	100	1.32
1429	151.57	123.86	99	0.55
1430	86.47	178.06	95	1.55
1431	187.43	191.5	97	1.27
1432	194.06	157.24	100	1.79
1433	38.06	36.05	96	0.82
1434	66.85	75	97	1.84
1435	1.93	43.63	99	1.79
1436	50.92	88.38	98	0.63
1437	134.76	6.57	98	1.39
1438	112.17	69.48	101	0.71
1439	165.2	172.4	98	1.73
1440	29.32	69.87	97	1.52
1441	0.94	48.39	98	1.39
1442	121.03	173.97	97	1.03
1443	182.41	49.24	96	1.72
1444	143.77	74.46	95	0.82
1445	65.85	188.35	96	1.2
1446	79.35	29.77	96	0.62
1447	33.5	132.86	96	0.83
1448	197.38	173.46	96	1.24
1449	147.25	62.73	96	1.58
Period: 96
Tasks:17
id	x	y	end	c
1352	190.35	64.36	99	97.13
1353	145.45	86.26	96	47.48
1354	147.09	120.55	103	51.38
1355	156.82	127.54	96	63.14
1356	37.36	68.08	96	70.3
1357	86.35	3.47	96	97.49
1358	124.77	197.24	103	100.35
1359	164.94	91.07	100	65.55
1360	19.12	77.61	96	83.92
1361	30.95	142.28	98	80.97
1362	179.13	111.44	98	79.95
1363	45.63	198.01	98	112.08
1364	132.84	112.25	97	35.05
1365	22.47	12.09	97	117.21
1366	22.53	82.27	96	79.47
1367	84.15	114.49	100	21.48
1368	81.5	148.74	99	52.13
Drivers: 14
id	x	y	end	sensitivity
1450	68.73	8.33	97	1.18
1451	157.6	188.41	97	0.96
1452	43.4	159.83	100	1.85
1453	49.24	101.94	97	1.98
1454	5.05	33.24	97	1.78
1455	16.22	129.63	96	0.87
1456	41.31	46.18	100	0.87
1457	77.4	88.01	100	1.17
1458	33.59	107.71	97	0.77
1459	91.76	174.15	101	1.51
1460	81.21	189.98	99	1.71
1461	179.96	142.71	98	1.59
1462	181.02	60.71	97	1.71
1463	67.71	170.44	99	1.29
Period: 97
Tasks:19
id	x	y	end	c
1369	122.68	197.6	98	100.2
1370	73.67	45.15	97	60.84
1371	91.27	15.64	99	84.81
1372	28.01	72.84	100	76.94
1373	106.67	158.43	99	58.81
1374	46.36	93.33	99	54.05
1375	172.92	37.46	100	96.07
1376	141.22	122.21	101	46.82
1377	83.62	143.71	99	46.68
1378	38.99	113.77	99	62.54
1379	92.54	137.27	97	38.01
1380	114.22	122.27	99	26.42
1381	127.77	118.93	99	33.61
1382	145.25	78.7	101	50.01
1383	38.67	117	100	63.64
1384	16.47	115.34	98	84.93
1385	24.13	16.49	98	112.83
1386	2.88	18.93	102	126.51
1387	181.71	72.35	97	86.26
Drivers: 10
id	x	y	end	sensitivity
1464	154.61	9.51	99	1.89
1465	78.36	58.73	97	1.4
1466	114.16	97.55	100	1.96
1467	107.94	181.91	101	1.99
1468	155.61	67.35	101	1.15
1469	46.17	143.63	100	1.69
1470	190.85	56.29	103	0.85
1471	48.2	118.04	99	1.39
1472	109.89	92.05	97	1.84
1473	193.82	81.96	97	0.94
Period: 98
Tasks:12
id	x	y	end	c
1388	27.73	105.1	99	72.45
1389	70.85	150.2	100	58.05
1390	199.58	37.6	101	117.52
1391	64.29	56.27	101	56.46
1392	28.42	141.16	101	82.57
1393	63.3	174.64	99	83.17
1394	50.81	107.13	98	49.7
1395	130.07	146.67	99	55.52
1396	40.52	0.22	98	116.16
1397	0.56	135.93	101	105.73
1398	31.48	63.32	102	77.72
1399	173.26	137.79	98	82.43
Drivers: 14
id	x	y	end	sensitivity
1474	27.6	121.99	104	1.89
1475	182.48	92.97	100	1.27
1476	123.81	154.38	105	1.66
1477	65.78	108.65	98	1.69
1478	97.89	124.17	103	1.57
1479	81.25	69.62	100	0.72
1480	85.02	55.62	101	1.53
1481	49.99	20.45	100	1.19
1482	74.46	67.35	100	0.59
1483	166.42	113.69	99	1.87
1484	9.56	70.82	104	1.9
1485	191.27	166.83	100	1.31
1486	184.3	19.98	101	0.76
1487	85.75	149.87	99	1.33
Period: 99
Tasks:20
id	x	y	end	c
1400	61.16	35.52	101	75.27
1401	39.15	100.2	99	60.85
1402	14.34	118.29	100	87.59
1403	154.26	88.53	102	55.46
1404	165.25	127.69	99	70.88
1405	99.45	129.47	102	29.48
1406	159.22	95.85	102	59.37
1407	109.31	154.26	102	55.05
1408	169.21	187.48	102	111.55
1409	97.64	35.58	102	64.46
1410	45.87	103.65	100	54.25
1411	186.36	128.25	102	90.86
1412	60.89	30.68	101	79.59
1413	138.37	191.05	99	98.8
1414	52.02	176.59	102	90.38
1415	126.13	195.57	101	99.08
1416	13.02	196.81	101	130.14
1417	103.69	102.44	100	4.42
1418	57.18	28.46	101	83.38
1419	74.66	171.04	101	75.42
Drivers: 15
id	x	y	end	sensitivity
1488	138.14	150.06	103	1.56
1489	128.55	135.61	99	1.28
1490	53.16	110.09	99	1.88
1491	85.07	143.04	99	0.93
1492	119.35	43.13	104	1.54
1493	47.31	94.14	102	0.78
1494	176.69	127.36	100	1.63
1495	44.54	148.88	101	2
1496	163.29	150.31	100	1.55
1497	148.03	133.78	101	1.65
1498	168.95	132.02	101	0.57
1499	112.52	186.33	104	1.06
1500	151.39	149.81	100	1.56
1501	51.62	138.77	105	0.86
1502	154.88	194.52	101	1.13
Period: 100
Tasks:13
id	x	y	end	c
1420	148.5	8.66	101	103.42
1421	59.94	66.91	101	51.96
1422	123.61	146.78	102	52.4
1423	97.98	13.87	100	86.15
1424	177.11	199.95	100	126.24
1425	104.73	21.83	103	78.31
1426	122.27	143.86	101	49.19
1427	71.4	60.53	103	48.74
1428	172.84	4.84	102	119.84
1429	63.71	173.55	103	82.02
1430	176.73	90.84	102	77.27
1431	135.84	158.46	104	68.57
1432	83.53	5.1	102	96.32
Drivers: 15
id	x	y	end	sensitivity
1503	164.63	34.68	103	1.46
1504	52.84	130.39	104	1.43
1505	182.5	123.16	105	0.98
1506	2.34	174.8	103	1.03
1507	124.13	146.79	101	0.95
1508	146.75	37.11	104	1.28
1509	7.58	186.34	104	1.88
1510	134.03	68.13	104	1.88
1511	31.25	18.74	101	1.29
1512	158.54	38.11	101	1.3
1513	163.92	194.79	107	1.92
1514	192.56	6.37	104	1.36
1515	134.41	114.35	102	1.46
1516	150.09	87.74	100	0.54
1517	93.32	13.1	105	0.93
