Periods: 100
Task Arrival Rate: 15
Task Average Time: 2
Driver Arrival Rate: 15
Driver Average Time: 1
Period: 1
Tasks:18
id	x	y	end	c
1	80.54	24.97	2	77.51
2	155.74	104.3	1	55.91
3	45.29	127.31	3	61.15
4	123.34	139.52	1	45.9
5	13.96	173.26	5	113
6	35.87	184.88	1	106.38
7	106.3	24.44	3	75.82
8	147.54	57.76	2	63.59
9	107.17	192.11	1	92.39
10	155.07	77.68	4	59.42
11	51.44	155.89	6	74.04
12	46.49	83.96	2	55.86
13	119.75	27.82	2	74.83
14	135.91	52.65	2	59.43
15	113.83	18.13	1	83.03
16	72.97	21.18	3	83.33
17	116.32	153.08	3	55.53
18	199.9	188.69	4	133.59
Drivers: 13
id	x	y	end	sensitivity
1	185.1	24.8	4	1.14
2	53.91	43.57	2	1.08
3	124.83	76.37	4	0.74
4	24.61	114.33	3	1.62
5	161.7	179.85	2	1.6
6	23.15	18.31	1	1.17
7	86.14	161.01	2	0.81
8	44.92	129.51	2	1.51
9	68.41	143.44	3	0.59
10	39.49	99.16	1	0.95
11	39.07	170.85	6	1.2
12	149.59	3.15	1	1.28
13	149.96	151.43	1	0.84
Period: 2
Tasks:17
id	x	y	end	c
19	177.03	7.49	3	120.38
20	29.44	184.88	4	110.38
21	2.4	86.57	6	98.52
22	39.39	1.19	4	115.92
23	63.11	11.24	7	96.12
24	84.6	165.27	5	67.06
25	20.52	197.45	2	125.75
26	35.5	190.62	4	111.23
27	48.55	76.93	7	56.39
28	51.5	21.03	3	92.67
29	41.96	21.46	5	97.66
30	25.61	194.76	3	120.47
31	128.35	144.25	3	52.55
32	49.1	94.44	4	51.2
33	23.25	119.38	4	79.16
34	67.66	79.63	3	38.22
35	46.95	191.96	4	106.16
Drivers: 12
id	x	y	end	sensitivity
14	35.62	170.28	3	0.99
15	35.3	13.53	4	0.55
16	192.93	144.35	3	0.9
17	169.19	118.78	3	1.37
18	148.1	181.13	2	1.67
19	47.18	75.53	6	1.02
20	149.53	60.95	3	1.95
21	5.17	1.15	3	1.19
22	74.46	131.32	4	0.73
23	154.82	140.2	2	1.7
24	102.18	44.78	4	1.09
25	112.6	48.34	3	1.28
Period: 3
Tasks:21
id	x	y	end	c
36	9.63	157.51	6	107.12
37	129.49	31.22	8	74.84
38	44.17	166.95	4	87.17
39	178.46	154.04	5	95.27
40	167.19	145.17	8	80.96
41	177.81	114.24	6	79.1
42	190.42	162.13	7	109.71
43	149.99	114.95	5	52.18
44	40.74	95.34	4	59.44
45	3.6	185.48	5	128.84
46	173.56	42.29	7	93.5
47	46.62	153.3	5	75.43
48	25.74	160.11	5	95.54
49	80.38	54.04	5	49.97
50	140.75	99.09	5	40.76
51	92.89	71.67	8	29.21
52	2.38	144.02	5	107.09
53	194.38	2.77	7	135.5
54	86.47	145.14	4	47.12
55	136.39	141.42	5	55.13
56	61.31	18.28	5	90.42
Drivers: 12
id	x	y	end	sensitivity
26	184.69	173.91	5	1.18
27	39.81	169.84	5	1.12
28	7.19	101.98	4	1.34
29	134.72	192.25	4	1.89
30	118.37	122.12	4	1.36
31	194.61	67.8	3	1.72
32	74.12	188.39	5	1.46
33	159.31	116.74	6	0.74
34	119.25	10.92	3	0.52
35	138.65	7.61	6	1.57
36	108.2	44.46	4	1.51
37	183.84	116.24	4	1.37
Period: 4
Tasks:19
id	x	y	end	c
57	27.65	100.46	7	72.35
58	179.53	184.46	8	116.01
59	73.88	29.67	4	75.02
60	153.45	100.94	7	53.46
61	172.44	138.45	7	82.01
62	39.99	21.04	6	99.18
63	96.76	191.92	5	91.98
64	70.81	186.16	4	90.97
65	141.94	32.17	6	79.75
66	10.4	185.89	8	124.12
67	91	171.33	5	71.9
68	104.97	83.89	6	16.86
69	173.8	7.44	4	118.38
70	11.48	91.45	8	88.93
71	48.09	143.98	5	68.04
72	169.94	99.6	5	69.94
73	129.14	154.9	4	62.15
74	27.62	17.64	4	109.65
75	57.18	94.5	5	43.17
Drivers: 22
id	x	y	end	sensitivity
38	153.5	152.68	5	0.99
39	37.25	10.87	5	1.39
40	154.2	138.12	5	1.43
41	162.12	149.49	5	1.56
42	53.03	189.92	5	1.87
43	108.64	29.31	5	1.13
44	196.79	35.45	5	1.36
45	104.16	67.05	4	0.58
46	92.43	81.02	5	1.35
47	101.36	36.03	5	0.9
48	153.24	30.75	5	1.41
49	16.99	56.49	5	1.49
50	44.28	41.68	4	2
51	20.64	157.37	5	1.82
52	40.41	92.2	5	1.74
53	195.7	192.14	8	2
54	10.9	3.76	6	0.56
55	138.24	97.65	6	0.96
56	17.18	64.68	6	0.99
57	144.74	5.68	4	1.75
58	54.11	156.35	5	0.71
59	81.82	106.73	6	1.34
Period: 5
Tasks:16
id	x	y	end	c
76	36.46	39.69	6	87.6
77	41.57	131.08	6	66.18
78	62.22	151.77	7	64.09
79	145.17	76.54	6	50.9
80	120.18	183.76	7	86.16
81	5.76	142.12	8	103.22
82	196.2	147.28	5	107.19
83	151.17	119	10	54.58
84	151.8	166.71	9	84.46
85	76.61	166.47	6	70.47
86	54.98	76.27	8	50.89
87	193.66	126.07	7	97.22
88	104.77	187.53	7	87.66
89	54.83	143.17	6	62.48
90	74.28	153.8	8	59.63
91	17.34	114.22	8	83.87
Drivers: 18
id	x	y	end	sensitivity
60	3.82	193.94	5	1.51
61	129.45	22.78	5	0.59
62	124.24	176.95	5	1.8
63	175.22	98.63	5	0.9
64	19.38	90.43	7	1.51
65	92.14	37.89	5	1.51
66	169.28	91.83	5	1.98
67	121.54	154.54	6	0.77
68	120.71	38.37	6	1.28
69	149.65	172.44	5	1.79
70	35.65	143.34	6	1.24
71	71.44	173.1	8	0.53
72	14.56	155.61	6	1.73
73	141.64	148.74	5	1.22
74	186.69	99.64	8	1.17
75	6.08	17.93	7	1.27
76	199.8	4.63	5	1.67
77	22.12	130.84	7	1.79
Period: 6
Tasks:15
id	x	y	end	c
92	172.58	193.76	6	118.57
93	123.79	31.88	8	72.15
94	139.66	168.62	8	79.26
95	14.51	182.28	9	118.65
96	166.66	110.76	8	67.52
97	168.35	150.31	9	84.87
98	76.5	106.5	10	24.38
99	131.94	180.59	8	86.69
100	37.14	65.92	8	71.5
101	25.49	77.01	7	77.98
102	145.68	94.39	6	46.02
103	154.36	197.07	7	111.25
104	172.41	17.83	6	109.52
105	155.81	160.79	9	82.52
106	144.2	2.33	9	107.21
Drivers: 15
id	x	y	end	sensitivity
78	102.7	74.58	6	0.92
79	102.74	155.96	7	1.33
80	91.24	6.77	6	1
81	160.56	19.62	8	1.02
82	31.94	198.31	7	1.04
83	8.6	10.42	6	1.4
84	19.34	12.55	8	1.38
85	160.62	99.71	6	1.07
86	16.83	125.18	6	0.68
87	83.34	150.35	6	1.38
88	51.06	157.2	7	1.58
89	190.45	161.48	8	1.08
90	72.43	147.92	7	0.8
91	145.84	148.78	6	1.43
92	28.35	107.38	7	1
Period: 7
Tasks:11
id	x	y	end	c
107	130.56	157.58	9	65.19
108	165.34	31.24	9	94.85
109	177.57	138.94	10	86.8
110	43.64	149.07	9	74.73
111	31.97	12.13	7	111.13
112	132.11	188	8	93.68
113	81.39	21.31	7	80.86
114	42.2	163.87	10	86.14
115	123.17	163.03	9	67.15
116	132.28	54.62	11	55.69
117	124.79	42.54	9	62.58
Drivers: 17
id	x	y	end	sensitivity
93	129.48	72.64	8	0.94
94	58.23	50.07	7	1.8
95	104.05	120.66	9	1.22
96	151.93	184.85	7	1.02
97	131.37	33.28	7	1.65
98	68.82	83.62	8	1.4
99	64.61	26.41	8	0.76
100	17.39	149.09	7	0.52
101	158.15	20.14	9	1.18
102	25.55	114.84	8	1.95
103	98.03	183.54	8	1.06
104	49.35	8.25	8	0.75
105	55.05	129.46	9	0.72
106	126.09	139.07	8	1.42
107	10.34	68.84	8	1.09
108	103.8	121.59	9	1.33
109	184.03	27.86	8	0.52
Period: 8
Tasks:8
id	x	y	end	c
118	137.61	194.34	10	101.56
119	97.51	154.88	9	54.94
120	156.66	176.6	9	95.28
121	147.39	172.01	10	86.2
122	79.28	173.28	9	76.15
123	169.23	48.01	11	86.58
124	161.86	105.58	8	62.11
125	24.19	21.02	9	109.48
Drivers: 14
id	x	y	end	sensitivity
110	36.24	85.17	9	1.32
111	39.43	91.08	10	0.82
112	62.35	47.97	8	1.75
113	142.11	49.36	8	1.52
114	168.43	128.89	8	1.34
115	74.49	119.58	8	0.79
116	184.65	171.33	8	1.5
117	90.61	195.35	9	1.1
118	149.02	5.72	8	1.63
119	130.55	126.05	8	0.56
120	115.88	151.71	8	0.81
121	48.55	186.41	10	1.75
122	11.24	188.07	9	1.4
123	56.65	192.84	9	0.68
Period: 9
Tasks:15
id	x	y	end	c
126	5.6	138.81	12	102.07
127	126.95	182.86	11	87.13
128	36.98	93.48	12	63.36
129	194.69	73.71	11	98.27
130	153.01	14.55	12	100.56
131	38.13	37.78	11	87.75
132	64.29	119.25	11	40.57
133	180.73	65.27	10	87.88
134	32.02	32.04	10	96.12
135	42.94	73.14	13	63.07
136	101.99	23.74	9	76.29
137	162.87	196.88	10	115.49
138	69.13	168.52	10	75.15
139	148.59	99.89	10	48.59
140	132.79	4.95	11	100.55
Drivers: 18
id	x	y	end	sensitivity
124	195.87	93.39	11	0.97
125	143.83	53.68	9	1.22
126	93.26	87.54	10	1.56
127	113.67	81.87	9	0.7
128	129.96	6.61	9	1
129	108.38	156.67	10	1.83
130	197.06	191.13	9	1.68
131	145.49	118	9	1.47
132	77.21	115.47	12	1.77
133	2.08	143.62	9	0.93
134	56.43	116.54	9	0.77
135	185.32	102.85	10	0.91
136	189.24	194.81	9	0.99
137	67.58	128.3	11	1.6
138	76.27	156.88	9	0.67
139	75.07	21.69	11	1.1
140	172.74	83.52	11	1.51
141	47.02	132.4	11	1.69
Period: 10
Tasks:11
id	x	y	end	c
141	87.54	91.55	13	15.06
142	59.14	46.62	12	67.22
143	99.94	121.15	10	21.15
144	95.29	15.08	13	85.05
145	149.72	23.26	10	91.44
146	36.75	123.57	13	67.5
147	184.73	139.36	10	93.43
148	62.79	58.51	16	55.73
149	153.78	137.8	11	65.74
150	73.28	107.45	11	27.74
151	68.27	84.96	11	35.11
Drivers: 14
id	x	y	end	sensitivity
142	73.06	10.68	11	1.6
143	2.44	116.81	10	1.96
144	116.01	140.16	10	1.93
145	69.83	147.55	10	1.8
146	52.04	33.42	11	0.68
147	78.15	130.17	11	1.83
148	125.57	148.63	15	1.49
149	135.37	95.82	12	1.05
150	27.28	115.2	10	0.91
151	137.89	130.6	12	1.39
152	118.58	9.34	10	1.7
153	1.7	197.87	12	1.5
154	146.3	58.12	12	1.82
155	50.51	84.5	12	1.38
Period: 11
Tasks:23
id	x	y	end	c
152	85.93	159.68	11	61.32
153	94.73	104.65	15	7.03
154	153.16	106.29	14	53.53
155	186.19	54.57	11	97.43
156	100.94	72.49	13	27.53
157	152.32	190.8	11	104.8
158	27.25	64.77	14	80.83
159	196.33	136.65	12	103.07
160	29.19	198.42	14	121.25
161	133.77	117.45	12	38.01
162	66.17	173.17	15	80.61
163	147.19	96.49	11	47.32
164	65.56	166.12	14	74.55
165	74.05	53.77	13	53.02
166	67.69	169.72	12	76.84
167	181.84	81.33	15	83.94
168	77.8	171.17	13	74.55
169	18.17	131.68	13	87.75
170	103.33	78.77	12	21.49
171	106.88	78.02	13	23.03
172	190.42	102.7	14	90.46
173	27.87	45.81	13	90.22
174	123.1	186.87	12	89.89
Drivers: 8
id	x	y	end	sensitivity
156	181.15	165.36	12	1.75
157	4.55	88.11	13	0.78
158	72.43	48.06	13	1.79
159	98.89	135.73	13	1.96
160	192.33	185.31	17	1.67
161	53.19	64.16	14	1.62
162	119.29	80.12	11	0.85
163	11.33	55.85	11	1.33
Period: 12
Tasks:17
id	x	y	end	c
175	175.52	185.07	14	113.75
176	65.26	35.98	16	72.84
177	114.68	40.81	16	60.98
178	108.1	31.19	13	69.29
179	150.82	162.54	16	80.58
180	188.36	174.27	15	115.43
181	137.77	138.76	16	54.12
182	132.4	94.3	14	32.9
183	123.41	54.6	14	51.08
184	98.96	57.43	14	42.58
185	133.72	1.51	16	104.1
186	108.3	79.87	15	21.77
187	32.59	150.94	16	84.49
188	70.63	126.96	14	39.87
189	92.65	159.59	18	60.04
190	50.68	86.25	14	51.2
191	106.13	96.19	12	7.22
Drivers: 21
id	x	y	end	sensitivity
164	142.16	123.49	12	1.62
165	97.33	131.46	12	1.76
166	118.58	178.05	12	1.89
167	105.91	126.47	14	1.9
168	178.57	16.16	13	1.65
169	128.36	146.02	14	1.96
170	126.21	29.9	14	1.65
171	31.88	130.3	13	1.37
172	127.59	48	12	0.57
173	96.46	58.67	13	0.54
174	78.99	11.17	15	0.76
175	172.73	90.44	12	1.18
176	142.62	136.11	12	1.82
177	61.77	173.79	13	1.42
178	180.04	132.59	13	0.79
179	13.22	88.27	12	1.22
180	199.02	87.35	13	0.6
181	116.78	87.28	12	1.95
182	118.35	43.35	13	1.08
183	108.31	100.87	12	1.13
184	36.3	175.17	15	1.67
Period: 13
Tasks:12
id	x	y	end	c
192	173.01	190.1	16	115.97
193	39.89	184.8	20	103.94
194	15.45	43.54	17	101.67
195	28.63	188.87	16	113.98
196	93.89	150.61	14	50.98
197	5.43	122.31	14	97.17
198	8.04	21.71	14	120.77
199	36.24	149.62	14	80.79
200	151.09	173.39	16	89.42
201	29.34	62	23	80.23
202	77.2	119.09	14	29.74
203	96.15	104.6	15	6
Drivers: 14
id	x	y	end	sensitivity
185	84.45	58.41	13	0.86
186	31.25	78.67	14	1.28
187	90.09	86.83	13	0.87
188	110.4	31.55	14	1.22
189	109.92	186.2	13	0.98
190	173.68	39.5	15	1.8
191	115.62	55.51	13	0.78
192	153.07	185.97	14	1.47
193	122.05	12.54	15	1.24
194	12.7	170.8	15	1.82
195	155.85	122.28	13	0.98
196	13.28	199.16	14	0.95
197	109.15	48.63	15	0.71
198	114.56	93.46	15	1.69
Period: 14
Tasks:13
id	x	y	end	c
204	89.85	173.55	16	74.25
205	24.64	181.66	17	111.12
206	21.95	23.31	15	109.42
207	187.01	47.15	16	101.8
208	31.89	138.92	18	78.45
209	27.17	127.09	16	77.71
210	73.99	107.34	17	27.03
211	40.18	99.45	20	59.82
212	97.36	14.84	18	85.2
213	60.03	82.41	15	43.67
214	65.08	86.47	16	37.45
215	114.87	144.01	14	46.45
216	52.02	61.57	15	61.47
Drivers: 16
id	x	y	end	sensitivity
199	177.17	91.85	14	0.92
200	58.1	120.98	15	1.74
201	169.56	140.97	15	0.52
202	45.04	31.29	15	1.79
203	183.37	73.16	18	1.52
204	107.28	41.5	14	1.16
205	170.34	11.1	14	1.45
206	105.47	80.27	14	0.98
207	49.33	46.79	15	1.85
208	55.19	7.72	15	1.97
209	78.08	38.4	17	0.95
210	141.91	195.39	14	0.88
211	83.46	33.81	14	1.32
212	130.02	108.44	14	1.2
213	187.03	86.78	15	1.91
214	59.25	59.99	14	1.02
Period: 15
Tasks:16
id	x	y	end	c
217	75.49	196.31	17	99.38
218	109.59	65.04	17	36.25
219	174.23	61.22	19	83.75
220	15.57	110.64	15	85.1
221	155.51	105.91	15	55.82
222	32.49	186.77	17	109.94
223	26.3	42.47	15	93.5
224	166.68	102.87	19	66.74
225	63.22	177.34	19	85.64
226	22.15	31.57	16	103.65
227	55.04	35.66	16	78.49
228	47.21	130.52	22	60.98
229	103.59	104.91	17	6.08
230	53.29	188.22	16	99.82
231	122.22	35.18	17	68.52
232	89.28	36.67	15	64.23
Drivers: 11
id	x	y	end	sensitivity
215	159.52	178.65	17	1.26
216	167.4	153.59	19	1.59
217	58.16	28.03	16	0.97
218	76.26	135.91	16	0.96
219	31.11	172.57	16	1.7
220	9.12	89.73	17	1.97
221	54.41	47.17	16	1.44
222	109.73	20.13	15	1.99
223	158.81	143.43	16	1.48
224	61.28	15.72	15	0.6
225	131.77	8.05	15	1.68
Period: 16
Tasks:13
id	x	y	end	c
233	199.88	141.63	17	108.21
234	22.8	58.6	19	87.6
235	176.57	69.25	19	82.51
236	43.7	198.69	17	113.62
237	193.64	67.03	19	99.27
238	191.35	97.75	19	91.38
239	55.06	39.21	17	75.6
240	164.18	25.1	21	98.64
241	98.82	180.64	18	80.65
242	195.95	92.79	16	96.22
243	23.77	6.51	19	120.63
244	61.76	180.29	17	88.93
245	195.66	139.67	20	103.56
Drivers: 13
id	x	y	end	sensitivity
226	137.98	80.69	18	1.3
227	157.02	159.26	18	0.83
228	169.25	166.22	17	1.47
229	133.24	35.77	16	1.9
230	152.88	78.97	17	1.89
231	31.89	193.25	17	0.77
232	109.01	167.8	17	1.76
233	143.53	117.11	16	0.74
234	52.4	9.65	17	0.75
235	64.15	175.52	17	1.4
236	184.67	184.42	20	1.67
237	117.67	199.22	16	1.22
238	3.38	14.49	18	1.51
Period: 17
Tasks:7
id	x	y	end	c
246	5.17	35.29	21	114.8
247	149.24	142.9	18	65.31
248	70.54	23.45	19	82.02
249	96.86	190.84	19	90.89
250	38.43	15.2	19	104.79
251	157.27	108.84	20	57.95
252	126.72	145.32	17	52.61
Drivers: 10
id	x	y	end	sensitivity
239	154.66	79.58	19	0.91
240	60.36	106.65	19	0.9
241	198.57	117.31	19	1.91
242	108.94	121.87	17	1.04
243	109.18	108.55	18	0.7
244	175.37	118.27	18	0.72
245	78.64	115.05	18	1.14
246	3.32	41	18	0.58
247	21.04	153.44	17	1.68
248	83.25	5.78	19	1.06
Period: 18
Tasks:11
id	x	y	end	c
253	130.17	59.59	20	50.43
254	158.29	46.71	22	78.98
255	44.14	167.62	20	87.71
256	190.8	170.9	21	115.2
257	84.6	21.72	21	79.78
258	92.16	56.48	21	44.22
259	50.18	150.05	18	70.62
260	77.79	83.68	21	27.56
261	179.55	50.64	21	93.62
262	50.77	96.5	23	49.35
263	53.23	142.13	24	62.95
Drivers: 12
id	x	y	end	sensitivity
249	34.76	40.29	18	1.46
250	128.14	108.59	21	1.44
251	125.81	72.81	20	1.35
252	176.97	151.8	18	1.44
253	34.57	174.53	19	1.71
254	129.88	60.78	18	1.52
255	91.46	46.88	18	1.12
256	162.1	193.13	20	1.05
257	44.64	147.74	19	1.27
258	22.87	126.67	18	1.33
259	173.16	75.27	18	0.9
260	119.69	22.22	18	0.91
Period: 19
Tasks:15
id	x	y	end	c
264	31.57	24.84	24	101.64
265	12.69	36.66	20	107.87
266	101	28.52	22	71.49
267	72.54	7.28	21	96.7
268	19.88	138.38	21	88.84
269	51.38	104.28	21	48.81
270	136.6	198.97	22	105.52
271	24.42	82.35	21	77.61
272	7.44	72.13	21	96.66
273	91.43	195.35	20	95.73
274	87.68	96.76	21	12.74
275	175.6	30.4	19	102.76
276	159.87	135.25	26	69.48
277	45.16	120.71	21	58.62
278	177.86	111.67	19	78.73
Drivers: 17
id	x	y	end	sensitivity
261	58.9	81.11	19	1.98
262	100.7	117.75	19	0.81
263	109.75	13.8	20	1.96
264	119.21	37.62	19	0.82
265	174.99	199.88	20	1.15
266	129.38	149.86	22	1.44
267	36.34	21.58	21	0.79
268	138.08	194.2	19	1.4
269	26.82	25.36	21	0.54
270	143.78	58.57	21	1.74
271	91.11	156.83	21	1.04
272	148.83	33.79	19	1.69
273	100.32	62.75	20	1.31
274	94.2	43.85	20	1.3
275	40.52	44.16	19	1.25
276	87.89	44.8	20	1.61
277	58.3	113.18	20	1.24
Period: 20
Tasks:10
id	x	y	end	c
279	45.07	19.59	23	97.38
280	15.95	164.56	21	105.98
281	94.5	90.37	22	11.09
282	168.55	54.15	21	82.47
283	184.16	107.25	21	84.47
284	178.07	26.41	22	107.29
285	199.98	84.97	21	101.1
286	98.21	98.71	21	2.21
287	161.61	147.14	22	77.58
288	172.79	129.36	20	78.49
Drivers: 26
id	x	y	end	sensitivity
278	46.68	51.41	21	1.58
279	82.54	24.8	20	1.25
280	119.42	123.77	21	0.62
281	32.73	128.54	21	1.46
282	174.39	73.01	21	1.89
283	163.72	13.56	20	1.45
284	158.3	70.52	21	1.16
285	22.39	64.48	21	1.66
286	109.12	116.23	21	0.93
287	36.73	145.86	20	1.58
288	24.2	111.21	21	1.35
289	151.41	7.18	22	1.78
290	166.91	74.25	22	1.58
291	25.34	22.52	20	0.98
292	186.02	92.6	20	1.05
293	176.85	43.11	20	0.7
294	194.9	72.61	21	1.81
295	190.71	8.84	20	1.48
296	16.93	75.8	22	1.43
297	86.48	85.38	21	1.39
298	141.95	40.07	20	1.46
299	80.78	72.8	20	1.42
300	159.45	138.09	22	1.31
301	74.21	58.91	21	0.54
302	112.61	113.8	22	1.81
303	52.39	154.3	23	1.32
Period: 21
Tasks:14
id	x	y	end	c
289	170.07	152.07	24	87.3
290	42.69	175.77	21	95
291	186.63	162.12	25	106.6
292	188.74	87.23	22	89.65
293	102.75	51.54	21	48.54
294	107.25	188.1	23	88.4
295	170.85	134.4	24	78.76
296	198.46	99.32	21	98.46
297	182.19	130.43	26	87.64
298	171.57	35.21	22	96.54
299	169.03	109.94	23	69.74
300	58.15	58.88	21	58.67
301	97.52	109.47	22	9.79
302	151.97	68.28	22	60.89
Drivers: 6
id	x	y	end	sensitivity
304	63.78	72.41	21	0.92
305	29.95	66.18	21	0.87
306	34.67	69.03	21	1.05
307	2.63	12.35	22	1.68
308	173.92	156.08	23	0.58
309	176.69	153.64	22	1.61
Period: 22
Tasks:18
id	x	y	end	c
303	92.83	26.34	25	74.01
304	96.47	123.34	26	23.61
305	163.65	10.1	22	110.15
306	4.3	194.66	23	134.61
307	66.81	102.32	23	33.27
308	3.04	68.15	24	102.06
309	42.17	91.73	23	58.42
310	50.14	29.97	24	85.97
311	34.29	99.82	25	65.71
312	25.64	146.04	25	87.46
313	11.87	141.28	25	97.32
314	191.27	12.97	24	126.11
315	131.13	64.54	23	47.19
316	18.86	169.6	24	106.9
317	183.66	187.85	24	121.31
318	47.07	111.21	25	54.1
319	58.3	190.36	23	99.52
320	53.36	166.47	22	81.2
Drivers: 15
id	x	y	end	sensitivity
310	197.98	49.34	23	1.03
311	34.44	13.07	22	1.61
312	143.95	100.08	24	1.76
313	22.64	194.04	22	1.67
314	122.59	183.7	22	0.95
315	187.87	16.81	22	1.87
316	72.63	44.12	22	1.75
317	17.27	99.25	22	1.35
318	3.41	10.27	23	1.9
319	192.91	188.36	24	1.63
320	146.77	82.59	22	1.96
321	143.56	86.87	24	1.68
322	33.61	154.16	22	0.83
323	38.82	5.07	24	1.8
324	14.38	4.61	23	0.78
Period: 23
Tasks:9
id	x	y	end	c
321	140.3	2.69	27	105.32
322	78.55	16.02	25	86.68
323	143.09	98.35	25	43.12
324	58.53	143.61	26	60.18
325	118.47	124.82	24	30.94
326	119.43	94.92	26	20.08
327	178.85	131.36	24	84.86
328	76.54	94.53	26	24.09
329	109.48	80.65	23	21.55
Drivers: 19
id	x	y	end	sensitivity
325	187.32	139.33	24	0.97
326	67.14	95.68	23	0.97
327	178	61.61	23	0.81
328	149.69	11.52	26	1.57
329	184.92	154.3	24	0.57
330	191.49	30.79	23	0.83
331	55.11	106.41	24	1.7
332	189.7	45.53	25	0.72
333	124.31	84.3	24	1.05
334	49.66	55.15	23	1.12
335	20.28	120.75	23	1.93
336	12.78	196.03	25	1.36
337	194.67	121.7	23	1.98
338	108.09	140.27	25	0.62
339	39.52	43.79	24	1.68
340	88.02	112.31	24	0.67
341	42.63	12.58	24	1.33
342	74.73	124.38	23	1.39
343	124.43	136.14	23	1.86
Period: 24
Tasks:17
id	x	y	end	c
330	7.73	48.65	26	105.6
331	111.31	178.31	27	79.12
332	62.75	68.3	28	48.91
333	63.99	160.7	27	70.58
334	85.62	193.9	28	94.99
335	94.68	83.43	25	17.4
336	88.73	122.65	26	25.3
337	9.51	182.3	24	122.32
338	192.27	90.74	27	92.73
339	38.61	50.49	26	78.87
340	155.07	151.06	26	75.1
341	35.08	41.29	25	87.53
342	75.99	34.04	24	70.19
343	90.35	31.46	29	69.22
344	98.69	120.01	25	20.05
345	40.06	21.04	26	99.13
346	102.65	96.69	25	4.24
Drivers: 10
id	x	y	end	sensitivity
344	143.72	149.36	24	1.18
345	169.92	49.4	26	1.74
346	136.41	118.67	24	1.87
347	161.14	129.91	26	1.06
348	67.72	79.4	24	1.31
349	13.6	104.01	24	0.91
350	62.72	170.19	25	0.63
351	177.53	123.36	24	1.66
352	93.76	16.86	26	1.18
353	51.2	92.23	25	0.89
Period: 25
Tasks:25
id	x	y	end	c
347	76.43	39.43	25	64.99
348	93.57	102.21	27	6.8
349	40.21	108.44	28	60.38
350	87.86	101.12	29	12.19
351	192.67	25.7	25	118.78
352	177.75	187.59	27	117.12
353	84.61	45.52	27	56.61
354	140.97	189.3	27	98.25
355	80.19	109.43	26	21.94
356	135.78	15.97	27	91.33
357	182.42	3.3	26	127.06
358	37.7	199.08	25	117.04
359	188.18	135.43	30	95.03
360	69.56	4.76	26	99.99
361	165.16	46.79	28	84.13
362	198.16	156.76	25	113.39
363	54.51	12.96	27	98.21
364	4.05	92.75	25	96.22
365	46.9	29.58	29	88.2
366	80.26	48.19	27	55.44
367	49.8	57.61	30	65.7
368	110.68	58.9	26	42.46
369	39.77	13.2	29	105.65
370	2.48	156.97	26	112.94
371	32.95	44.67	30	86.93
Drivers: 13
id	x	y	end	sensitivity
354	127.08	69.05	25	1.06
355	51.8	84.38	25	1.69
356	170.59	78.36	26	0.72
357	125.46	12.45	26	1.57
358	42.27	113.28	25	0.87
359	90.18	101.11	26	1.39
360	87.87	40.87	26	1.17
361	143.3	93.06	25	1.64
362	136.71	168.33	25	1.04
363	28.81	59.22	25	0.84
364	161.34	59.16	25	0.86
365	159.14	79.37	25	0.76
366	103.03	46.78	26	1.8
Period: 26
Tasks:20
id	x	y	end	c
372	21.78	71.27	27	83.33
373	102.79	152.32	26	52.39
374	16.45	56.51	28	94.19
375	122.26	20.45	28	82.61
376	36.26	175	30	98.43
377	73.54	111.56	27	28.87
378	133.83	138.2	27	51.03
379	93.24	161.12	28	61.49
380	63.81	23.83	31	84.33
381	4.9	152.03	28	108.4
382	93.99	48.81	28	51.54
383	78.37	68.83	27	37.94
384	177.13	43.36	27	95.69
385	5.57	176.74	28	121.68
386	60.62	194.7	27	102.56
387	39.03	103.64	30	61.08
388	68.63	122.45	28	38.58
389	6.11	54.46	26	104.35
390	64.59	196.73	29	103.01
391	170.14	172.93	28	101.19
Drivers: 10
id	x	y	end	sensitivity
367	3.46	10.61	27	1.15
368	192.87	120.17	27	1.12
369	132.25	182.57	28	1.02
370	145.25	194.78	26	1.32
371	8.78	8.05	26	1.69
372	133.75	165.01	27	0.93
373	164.67	158.73	30	1.47
374	123.42	32.56	27	1.4
375	62.59	38.89	28	1.9
376	9.35	197.63	29	1.76
Period: 27
Tasks:14
id	x	y	end	c
392	43.17	110.65	27	57.82
393	192.17	31.22	32	115
394	161.88	107.2	27	62.3
395	36.68	130.68	30	70.36
396	130.84	73.02	27	40.98
397	72.76	132.03	29	42.05
398	5.83	37.86	29	112.82
399	143.43	108.01	30	44.16
400	187.3	84.08	31	88.74
401	194.64	133.95	29	100.55
402	38.73	46.85	28	81.11
403	172.15	18.96	29	108.5
404	194.28	22.61	29	121.98
405	102.39	122.18	29	22.31
Drivers: 19
id	x	y	end	sensitivity
377	182.55	72.24	29	1.87
378	16.42	86.02	28	1.15
379	30.76	197.53	28	1.59
380	109.58	18.67	28	1.5
381	147.42	102.7	27	1.49
382	56.42	40.33	27	1.55
383	96.65	110.73	27	1.8
384	135.28	118.25	29	1.84
385	45.12	138.9	27	1.93
386	6.6	181.72	29	1.26
387	5.96	61.38	29	1.17
388	24.63	50.14	28	1.19
389	154.67	18.39	28	1.97
390	5.27	58.11	29	1.6
391	144.28	113.93	27	1.22
392	183.54	101.62	27	1.88
393	173.65	50.3	27	1.27
394	82.07	143.76	28	1.08
395	34.03	103.43	28	1.37
Period: 28
Tasks:13
id	x	y	end	c
406	155.54	106.84	32	55.96
407	128	50.77	28	56.64
408	146.22	78.42	28	51.01
409	146.91	1	31	109.55
410	131.14	47.14	32	61.35
411	33.66	90.59	28	67
412	48.28	104.82	28	51.94
413	119.55	124.59	29	31.41
414	55.6	178.15	29	89.88
415	176.25	187.72	29	116.23
416	177.66	58.53	31	88.04
417	34.29	160.7	30	89.46
418	11.65	25.8	33	115.37
Drivers: 20
id	x	y	end	sensitivity
396	7.57	41.76	30	1.43
397	118.84	10.51	30	1.14
398	187.96	12.78	32	1.42
399	92.24	130.24	30	0.81
400	176.53	180.42	28	1.64
401	119.5	114.11	28	0.66
402	21.81	124.54	28	0.55
403	40.52	109.61	29	0.81
404	17.22	61.59	28	1.59
405	76.87	87.51	28	1.17
406	146.1	171.77	29	1.33
407	70.86	139.23	29	0.58
408	104.2	22.36	29	1.03
409	65.81	114.52	28	1.09
410	173.33	37.37	29	1.04
411	185.98	58.68	28	1.28
412	143.74	82.28	29	1.03
413	143.04	69.19	29	0.51
414	120.12	191.41	30	1.42
415	7.17	121.47	28	1.56
Period: 29
Tasks:20
id	x	y	end	c
419	61.55	46.25	30	66.09
420	52.31	26.64	33	87.5
421	40.96	42.11	32	82.69
422	51.08	100.45	34	48.92
423	56.08	156.75	34	71.76
424	170.11	16.9	31	108.72
425	36.63	81.35	29	66.06
426	61.85	37.63	30	73.11
427	7.46	39.56	32	110.53
428	162.33	127.8	30	68.25
429	144.41	34.19	30	79.39
430	102.83	87.81	31	12.51
431	147.03	120.99	33	51.5
432	99.84	170.77	31	70.77
433	185.46	81.24	33	87.49
434	25.84	145.48	32	87
435	24.27	121	33	78.59
436	84.04	178.84	32	80.44
437	153.29	168.36	30	86.68
438	182.26	183.06	31	116.9
Drivers: 11
id	x	y	end	sensitivity
416	153.92	7.7	30	1.4
417	42.77	101.19	29	1.58
418	143.32	28.38	29	1.38
419	190.45	27.15	29	1.01
420	123.25	117.27	30	0.53
421	16.57	13.68	29	1.26
422	146.35	48.09	30	1.09
423	79.16	25.23	31	1.84
424	36.08	5.58	29	1.44
425	34.17	198.02	29	1.4
426	102.21	161.35	30	0.64
Period: 30
Tasks:12
id	x	y	end	c
439	29.53	143.81	34	82.98
440	71.43	87.74	32	31.09
441	190.11	53.86	30	101.24
442	176.58	152.45	32	92.82
443	73.82	136.29	30	44.75
444	192.33	140.21	32	100.71
445	42.68	6.34	32	109.81
446	128.69	102.98	35	28.84
447	111.06	78.94	32	23.79
448	21.98	120	31	80.54
449	194.65	7.98	32	132.01
450	172.11	76.49	31	75.85
Drivers: 12
id	x	y	end	sensitivity
427	33.83	140.86	30	1.71
428	53.28	194.82	32	0.76
429	158.87	54.42	30	0.73
430	3.43	52.36	30	1.9
431	93.64	73.15	31	0.79
432	184.17	104.02	31	0.73
433	99.33	8.01	32	1.48
434	180.94	158.56	30	1.66
435	5.89	96.01	33	0.99
436	190.34	53.68	31	1.42
437	88.26	107.17	30	1.07
438	108.76	80.94	31	1.87
Period: 31
Tasks:18
id	x	y	end	c
451	142.7	118.42	31	46.5
452	169	23.31	32	103.16
453	109.8	30.13	33	70.55
454	9.01	47.43	35	105.08
455	175.12	132.16	32	81.71
456	170.39	192.02	33	115.86
457	44.49	46.65	36	76.99
458	157.53	54.78	33	73.17
459	105.75	75.34	33	25.32
460	176.62	61.64	31	85.69
461	9.9	2.43	33	132.81
462	20.09	128.02	33	84.68
463	135.31	43.82	33	66.36
464	154.63	199.26	35	113.3
465	177.99	166.59	31	102.55
466	40.43	116.31	32	61.76
467	33.35	78.2	31	70.12
468	152.73	89.93	37	53.68
Drivers: 13
id	x	y	end	sensitivity
439	127.77	20.3	32	1.75
440	118.57	84.16	32	2
441	164.78	99.34	32	0.83
442	118.42	7.15	31	0.61
443	145.18	58.39	32	1.06
444	59.12	183.42	31	1.04
445	24.35	108.85	31	0.64
446	42.64	123.85	32	1.53
447	89.03	106.45	33	0.58
448	44.67	120.24	32	0.71
449	158.23	8.83	32	1.79
450	13.39	138.44	32	1.97
451	145.69	15.91	33	1.45
Period: 32
Tasks:11
id	x	y	end	c
469	77.35	30.73	35	72.88
470	38.35	1.73	34	116.01
471	102.77	104	33	4.87
472	29.57	87.57	34	71.52
473	198.48	20.67	34	126.46
474	106.98	133.6	33	34.32
475	121.54	130.37	36	37.23
476	137.27	122.52	35	43.55
477	135.79	34.59	35	74.56
478	85.75	163.69	34	65.26
479	142.08	78.46	36	47.27
Drivers: 19
id	x	y	end	sensitivity
452	80.14	28.15	32	1.43
453	102.25	130.11	32	0.99
454	121.31	189.45	35	1.39
455	84.05	117.91	34	1.91
456	98.76	48.46	36	0.68
457	91.81	17.57	32	0.55
458	105.99	84.12	32	0.82
459	179.22	4.93	33	0.58
460	85.25	108.62	32	1.43
461	150.27	187.78	35	0.74
462	183.2	103.57	33	1.69
463	10.99	183.61	32	1.74
464	60.92	135.48	33	1.01
465	103.04	90.58	35	0.56
466	170.09	32.33	32	0.62
467	47.47	140.59	34	1.11
468	143.66	20.61	34	1.33
469	44.36	175.79	33	0.65
470	140.33	162.53	32	1.69
Period: 33
Tasks:17
id	x	y	end	c
480	86.52	165.12	33	66.5
481	185.06	173.75	34	112.58
482	76.99	31.71	35	72.06
483	123.02	196.48	34	99.19
484	94.06	69.84	35	30.74
485	152.56	70.55	34	60.25
486	164.46	19.38	37	103.22
487	101.38	11.24	37	88.77
488	112.58	42.44	36	58.92
489	48.58	157.43	36	77.09
490	42.79	54.17	35	73.3
491	62.77	44.03	36	67.22
492	30.6	48.93	36	86.17
493	147.71	50.44	36	68.79
494	69.97	49.27	35	58.95
495	120.58	175.36	33	78.12
496	134.16	25.95	35	81.55
Drivers: 12
id	x	y	end	sensitivity
471	103.74	42.18	33	0.85
472	115.42	191.99	37	0.56
473	41.68	2.58	33	0.91
474	84.05	99.39	35	1.77
475	0.88	152.9	33	0.63
476	35.12	169.65	35	1.47
477	183.11	29.17	36	0.97
478	144.11	46.44	33	1.47
479	79.66	194.58	33	0.59
480	159.16	150.09	34	1.19
481	33.79	121.86	33	1.29
482	172.04	2.97	33	1.96
Period: 34
Tasks:17
id	x	y	end	c
497	142.09	132.08	35	52.92
498	97.61	101.24	36	2.69
499	152.72	62.97	34	64.43
500	140.17	27.43	34	82.95
501	29.09	38.02	40	94.18
502	17.24	151.89	37	97.68
503	150.83	33.04	38	84.07
504	56.43	189.48	35	99.52
505	68.1	151.1	35	60.24
506	181.67	199.39	38	128.64
507	170.68	169.35	36	99.02
508	74.34	4.19	37	99.19
509	157.5	89.7	37	58.42
510	87.76	158.13	35	59.4
511	66.66	95.27	37	33.67
512	166.97	180.12	37	104.42
513	179.42	53.75	36	91.91
Drivers: 24
id	x	y	end	sensitivity
483	73.98	79.39	34	0.74
484	44.13	36.64	35	1.91
485	127.55	186.48	38	1.8
486	83.22	24.59	34	0.6
487	169.12	59.09	35	1.54
488	52.02	0.64	34	1.12
489	110.71	8.03	34	1.08
490	110.45	75.48	35	1.53
491	51.65	151.21	34	1.42
492	159.35	82.3	35	1.13
493	63.25	111.07	35	1.32
494	154.82	39.19	35	0.79
495	100.74	186.48	37	1.66
496	32.43	12.91	34	1.71
497	2.92	181.22	37	0.72
498	61.05	5.12	36	1.84
499	41.61	109.47	34	1.09
500	25.38	199.14	36	1.66
501	105.19	161.06	35	0.63
502	19.46	174.2	35	0.72
503	83.72	56.49	35	1.52
504	62.69	8.82	35	1.34
505	109.58	108.48	34	1.79
506	167.56	67.33	34	1.78
Period: 35
Tasks:11
id	x	y	end	c
514	38.49	199.6	38	117.06
515	196.53	159.06	36	113.16
516	68.5	42.46	37	65.6
517	16.74	137.84	36	91.46
518	187.39	99.44	36	87.39
519	173.14	65.5	40	80.87
520	3.26	195.33	36	135.82
521	11.03	169.5	35	112.9
522	27.91	7.69	38	117.12
523	98.13	139.52	37	39.56
524	83.53	121.41	35	27.01
Drivers: 15
id	x	y	end	sensitivity
507	38.86	106.74	35	1.24
508	102.76	82.72	36	0.68
509	165.72	169.17	35	0.69
510	158.62	154.83	35	1.46
511	49.17	150.65	35	1.33
512	26.93	143.74	37	1.42
513	133.81	177.8	35	1.37
514	123.64	22.69	36	1.03
515	19.78	60.68	36	1.19
516	100.55	11.89	36	1.06
517	109.64	137.95	35	0.53
518	190.8	6.14	35	1.68
519	154.29	52.25	38	0.73
520	142.97	7.7	36	1.49
521	166.21	127.06	35	1.36
Period: 36
Tasks:17
id	x	y	end	c
525	29.23	72.45	36	75.94
526	185.21	31.91	38	109.07
527	29.73	181.31	37	107.47
528	57.8	42.73	38	71.14
529	89.86	122.05	37	24.27
530	75.84	122.72	36	33.16
531	16.48	15.22	40	119.01
532	33.27	154.38	36	86.08
533	63.41	44.21	39	66.72
534	148.32	47.56	37	71.31
535	92.14	155.01	38	55.57
536	171.96	149	40	87.06
537	157.2	16.05	39	101.58
538	154.39	49.14	37	74.46
539	124.49	181.26	42	84.87
540	175.73	117.63	40	77.76
541	32.87	97.77	42	67.17
Drivers: 13
id	x	y	end	sensitivity
522	70.9	106.26	36	1.14
523	34.08	90.14	37	1.18
524	89.57	106.83	36	1.94
525	111.81	68.78	37	1.92
526	191.17	196.69	37	1.7
527	116.62	113.61	37	1.76
528	13.18	117.34	37	1.39
529	136.9	194.08	36	0.81
530	105.79	46	37	1.95
531	104.52	47.34	39	0.77
532	151.94	124.73	37	0.76
533	31.31	67.13	36	1.79
534	188.67	170.43	37	1.03
Period: 37
Tasks:9
id	x	y	end	c
542	185.9	84.83	38	87.23
543	117.26	28.29	39	73.76
544	161.96	24.03	38	98.03
545	168.38	132.61	41	75.76
546	8.44	40.42	42	109.24
547	92.13	12.82	38	87.53
548	184.53	125.85	40	88.39
549	118.11	138.49	37	42.54
550	137.44	75.51	39	44.74
Drivers: 13
id	x	y	end	sensitivity
535	105.54	82.9	38	1.7
536	138.94	199.02	37	1.12
537	177.7	65.91	37	0.97
538	160.42	35.34	38	1.47
539	53.44	154.75	38	0.7
540	11.4	53.04	37	0.66
541	159.4	139.94	37	0.94
542	64.41	187.69	38	1.67
543	185.77	195.55	37	1.23
544	190.05	181.97	37	1.53
545	190.29	153.76	39	1.31
546	76.77	120.42	37	0.66
547	104.65	154.01	37	1.72
Period: 38
Tasks:11
id	x	y	end	c
551	142.84	130.65	39	52.68
552	34.04	79.29	38	69.13
553	87.03	175.61	40	76.71
554	101.9	14.5	41	85.52
555	125.74	23.2	42	81
556	3.43	11.23	42	131.17
557	157.56	124.51	38	62.56
558	18.93	166.99	40	105.17
559	149.38	194.76	41	106.85
560	159.65	98.39	39	59.67
561	8.66	9.23	38	128.77
Drivers: 11
id	x	y	end	sensitivity
548	157.54	47.89	40	1.09
549	163.57	152.3	39	0.75
550	136.23	151.71	38	1.11
551	187.72	162.39	40	0.72
552	164.92	110.58	41	1.54
553	3.64	112.29	38	0.71
554	177.43	132.21	38	1.42
555	129.71	108.88	40	1.01
556	151.82	85.7	39	1.81
557	81.09	185.94	40	1.28
558	96.76	60.92	38	0.51
Period: 39
Tasks:18
id	x	y	end	c
562	98.88	27	41	73.01
563	50.88	170.28	43	85.74
564	155.45	10.78	40	105.05
565	29.99	51.7	41	85.05
566	161.98	178.77	43	100.23
567	171.02	195.54	42	119.05
568	101.18	94.02	42	6.1
569	22.81	158.84	41	97.06
570	177.68	51.93	40	91.35
571	17.02	170.01	40	108.57
572	186.32	61.64	41	94.46
573	105.75	30.12	40	70.12
574	159.42	39.25	42	84.98
575	100.21	63.54	41	36.46
576	187.75	126.58	42	91.69
577	190.34	90.2	41	90.87
578	199.81	116.08	40	101.1
579	96.75	27.01	40	73.06
Drivers: 13
id	x	y	end	sensitivity
559	185.17	184.17	40	1.65
560	152.42	34.33	40	1.97
561	95.16	164.08	40	0.71
562	19.05	11.69	41	1.37
563	61.89	113.47	40	1.81
564	125.61	192.85	39	1.83
565	72.8	104.84	39	1.19
566	189.34	57.68	40	1.64
567	83.59	170.13	40	1.63
568	132.25	159.44	41	1.06
569	185.67	147.78	39	1.81
570	141.78	198.12	40	1.63
571	73.9	18.86	39	0.76
Period: 40
Tasks:15
id	x	y	end	c
580	29.03	146.52	45	84.86
581	189.57	24.47	43	117.16
582	80.21	17.69	43	84.66
583	22.88	111.19	42	77.93
584	75.12	65.32	43	42.68
585	86.42	167.43	40	68.78
586	67.19	134.42	41	47.55
587	61.68	47.83	45	64.73
588	196.24	199.84	41	138.67
589	78.14	56.43	41	48.75
590	178.8	30.51	40	105.06
591	137.37	10.99	41	96.54
592	14.95	36.86	42	105.93
593	88.45	71.33	42	30.91
594	125.21	63.84	42	44.08
Drivers: 15
id	x	y	end	sensitivity
572	136.61	32.34	40	0.83
573	79.26	77.93	40	0.86
574	155.38	126.9	40	0.88
575	160.43	126.85	40	0.83
576	190.67	35.65	40	0.83
577	33.79	58.25	43	1.02
578	72.11	114.42	40	0.96
579	52.64	18.27	40	0.73
580	7.94	36.77	42	0.92
581	160.27	81.4	40	1.21
582	198.01	163.64	41	1.51
583	29.4	98.28	41	1.96
584	28.67	135.43	42	0.6
585	126.75	14.2	40	1.35
586	139.72	121.18	42	0.81
Period: 41
Tasks:15
id	x	y	end	c
595	124.58	169.95	44	74.14
596	14.71	31.05	42	109.67
597	193.63	162.3	41	112.46
598	183.47	153.19	43	98.98
599	81.2	75.4	46	30.96
600	122.97	25.21	42	78.24
601	97.01	10.18	44	89.87
602	79.72	93.58	43	21.27
603	60.97	88.9	42	40.58
604	105.74	85.84	42	15.28
605	144.66	34.67	43	79.14
606	169.19	101.05	42	69.2
607	82.52	67.84	42	36.6
608	14.73	74.76	45	88.93
609	178.82	120.53	44	81.45
Drivers: 22
id	x	y	end	sensitivity
587	162.6	190.06	42	1.32
588	139.67	40.55	41	1.85
589	12.03	161.47	44	1.67
590	31.6	130.08	42	1.24
591	188.99	192.44	42	2
592	196.96	6.55	41	1.21
593	174.12	126.25	42	1.98
594	98.81	95.88	41	1.8
595	15.61	2.75	42	1.91
596	165.47	89.68	43	1.96
597	105.96	93.08	42	1.53
598	128.23	115.11	43	1.61
599	185.62	43.41	41	1.37
600	139.72	36.06	42	0.95
601	191.68	7.18	41	0.53
602	140.88	12.37	42	1.26
603	58.64	18.85	41	0.86
604	119.29	7.85	44	1.67
605	188.1	170.83	43	1.54
606	15.94	195	43	1.13
607	168.67	140.03	42	0.71
608	26.01	76.5	42	1.44
Period: 42
Tasks:15
id	x	y	end	c
610	158.47	110	43	59.32
611	155.53	53.59	44	72.37
612	68.98	93.59	44	31.68
613	167.07	159.3	44	89.53
614	129.33	12.28	43	92.49
615	110.96	118.48	43	21.49
616	121.01	147.47	43	51.91
617	153.84	86.62	44	55.48
618	21.07	126.34	43	83.21
619	128.12	54.78	44	53.25
620	85.1	133.69	45	36.84
621	175.26	14.12	45	114.19
622	179.5	99.05	43	79.51
623	107.91	81.81	43	19.84
624	101.14	196.27	45	96.28
Drivers: 14
id	x	y	end	sensitivity
609	137.93	32.81	44	0.54
610	13.44	7.34	46	0.83
611	82.96	195.2	42	1.89
612	178.16	46.35	44	1.67
613	134.08	104.31	43	1.37
614	92.83	162.47	42	0.99
615	37.82	0.22	42	1.28
616	151.42	68.6	44	1.18
617	112.12	2.96	43	0.96
618	55.97	61.37	42	0.73
619	119.57	147.41	44	0.98
620	9.78	81.61	44	1.61
621	187.08	2.16	43	0.95
622	103.09	147.96	44	1.05
Period: 43
Tasks:24
id	x	y	end	c
625	111.03	59.03	45	42.43
626	111.76	6.2	46	94.53
627	12.85	183.52	43	120.71
628	70.24	195.56	45	100.09
629	47.86	115.78	45	54.48
630	168.63	21.32	46	104.41
631	7.16	94.46	45	93.01
632	33.2	158.12	44	88.54
633	98.67	27.59	46	72.42
634	33.47	38.66	45	90.49
635	30.99	100.45	47	69.01
636	19.06	141.81	44	91.1
637	136.74	118.88	45	41.31
638	109.36	192.48	47	92.95
639	29.42	161.91	45	93.88
640	152.18	125.29	45	57.99
641	95.71	70.47	45	29.84
642	151.17	171.9	47	88.25
643	186.22	193.65	45	127.3
644	75.12	14.05	43	89.48
645	119.83	40.78	43	62.45
646	43.2	60.04	47	69.45
647	193.22	70.07	46	97.91
648	156.7	29.43	45	90.53
Drivers: 11
id	x	y	end	sensitivity
623	150.27	81.71	44	1.48
624	54.98	25.75	44	1.22
625	196.53	157.81	45	0.89
626	103.34	56.12	44	1.99
627	75.44	10.63	43	1.84
628	145.63	165.39	46	1.77
629	109.55	142.23	45	0.88
630	119.81	188.79	44	1.05
631	42.13	38.09	44	1.14
632	154.1	172.26	45	1.09
633	126.67	33.41	43	1.59
Period: 44
Tasks:13
id	x	y	end	c
649	132.83	50.93	45	59.04
650	118.2	137.22	47	41.43
651	72.76	6.77	48	97.13
652	166.88	160.7	46	90.32
653	101.27	26.35	46	73.66
654	66.01	69.49	45	45.67
655	64.85	119.97	46	40.43
656	193.1	60.97	46	100.95
657	14.32	52.61	45	97.91
658	82.91	15.19	45	86.51
659	128.12	27.8	47	77.48
660	61.74	13.69	45	94.41
661	129.35	25.37	45	80.19
Drivers: 22
id	x	y	end	sensitivity
634	99.28	112.93	45	0.8
635	150.61	68.49	45	1.97
636	162.14	71.66	44	1.04
637	146.55	106.95	45	1.75
638	104.73	117.08	46	1.96
639	137	10.3	44	1.05
640	1.07	152.75	44	1.15
641	102.34	129.22	44	1.9
642	66.73	59.12	45	1.25
643	91.06	32.55	47	1.77
644	176.11	46.65	45	1.32
645	192.42	146.71	44	1.21
646	21.53	195.58	46	1.66
647	128.1	76.26	44	0.8
648	120.55	100.15	46	1.55
649	28.8	169.13	45	1.6
650	37.51	116.52	45	1
651	70.37	94.4	44	0.73
652	11.64	91.7	44	0.92
653	115.85	197.83	46	1.9
654	121.15	171.18	46	1.84
655	151.68	157.74	45	0.58
Period: 45
Tasks:11
id	x	y	end	c
662	97.39	149.2	47	49.27
663	22.69	108.26	47	77.75
664	23.14	34.59	50	100.93
665	196.86	102	47	96.88
666	163.86	165.66	46	91.59
667	169.3	52.09	47	84.25
668	13.93	21.78	48	116.3
669	127.05	113.78	50	30.36
670	44.56	68.26	46	63.88
671	143.75	138.71	52	58.42
672	79.36	152.22	47	56.15
Drivers: 17
id	x	y	end	sensitivity
656	7.64	86.56	47	0.99
657	146.65	7.59	46	1.46
658	28.08	2.19	46	0.78
659	120.38	119.83	46	2
660	135.26	101.98	48	1.53
661	43.65	126.41	47	0.79
662	68.13	97.3	46	1.46
663	118.05	2.6	45	1.75
664	6.25	50.32	46	1.82
665	47.22	6.19	46	1.82
666	192.62	92.34	49	0.77
667	99.03	185.52	47	1.32
668	149.38	155.32	48	0.96
669	39.81	191.96	46	1.81
670	199.14	47.47	46	1.79
671	68.57	184.88	45	1.89
672	130.44	139.56	47	1.99
Period: 46
Tasks:17
id	x	y	end	c
673	146.34	154.96	49	71.89
674	79.08	92.84	50	22.11
675	1.14	21.64	48	126.15
676	72.43	57.3	49	50.83
677	101.97	123.78	49	23.86
678	77.45	106.95	48	23.6
679	163.5	15.3	48	105.86
680	89.17	13.46	47	87.22
681	28.95	118.76	47	73.48
682	146.08	114.08	49	48.18
683	172.83	146.36	51	86.33
684	44.18	104.88	48	56.03
685	10.33	160.04	49	107.91
686	20.02	98.18	51	80
687	185.06	175.34	53	113.63
688	86.33	163.62	47	65.07
689	198.68	196.06	49	137.71
Drivers: 10
id	x	y	end	sensitivity
673	168.1	65.53	46	1.78
674	39.48	51.15	48	1.01
675	94.43	97.12	48	0.81
676	92.81	39.57	50	0.95
677	139.91	92.04	47	1.48
678	171.2	166.55	46	1.38
679	74.3	54.51	47	1.14
680	77.42	143.14	46	1.08
681	124.97	2.61	46	1.59
682	188.6	88.59	49	0.76
Period: 47
Tasks:19
id	x	y	end	c
690	159.1	114.36	53	60.82
691	19.33	120.49	49	83.23
692	65.61	8.52	48	97.73
693	161.85	1.55	48	116.27
694	86.38	109.66	49	16.7
695	162.33	71.54	49	68.52
696	197.63	135.13	49	103.76
697	149.16	115.26	47	51.47
698	55.22	106.9	48	45.31
699	66.03	74.33	47	42.58
700	170.3	33.46	50	96.8
701	89.38	112.53	47	16.43
702	87.69	179.55	48	80.5
703	19.21	195.59	50	125.16
704	9.57	173.32	49	116.42
705	136.11	193.79	49	100.5
706	147.75	108.97	50	48.59
707	97.08	170.83	49	70.89
708	76.08	89.23	48	26.23
Drivers: 17
id	x	y	end	sensitivity
683	189.57	73.47	48	1.48
684	76.02	41.44	47	0.52
685	31.31	4.54	47	1.69
686	57.21	88.69	48	1.17
687	40.46	111.34	48	0.62
688	165.15	140.17	49	1.15
689	190.25	169.99	48	1.67
690	91.38	162.01	47	1.82
691	167.45	199.76	47	1.59
692	101.71	164.06	48	0.85
693	10.29	73.59	49	0.65
694	93.47	183.27	48	0.65
695	116.86	188.67	49	1.06
696	11.45	94.13	49	1.17
697	103.5	67.05	49	1.93
698	57.33	131.03	50	1.7
699	26.8	161.23	47	0.9
Period: 48
Tasks:14
id	x	y	end	c
709	172.99	38.95	51	95.16
710	182.92	39.19	48	102.83
711	90.51	88.5	48	14.91
712	180.86	199.26	49	128.03
713	63.92	95.85	51	36.32
714	81.15	3.94	50	97.89
715	68.32	198.8	51	103.75
716	131.67	159.56	50	67.46
717	4.91	92.11	49	95.42
718	115.23	136.96	48	39.97
719	144.83	36.22	49	77.96
720	90.88	149.3	49	50.14
721	11.47	82.13	53	90.32
722	171.18	161.3	48	93.94
Drivers: 11
id	x	y	end	sensitivity
700	131.57	156.98	50	1.77
701	37.64	108.74	49	1.73
702	59.84	7.39	48	1.93
703	38.9	77.64	48	1.18
704	159.34	137.68	50	1.66
705	136.53	94.01	49	1.68
706	164.88	135.55	48	1.64
707	62.2	90.13	50	1.11
708	199.42	18.89	50	0.74
709	197.22	111.77	48	0.82
710	33.91	5.79	49	1.56
Period: 49
Tasks:16
id	x	y	end	c
723	127.46	21.79	52	82.89
724	98.34	19.26	52	80.76
725	131.96	151.64	53	60.73
726	79.08	104.17	50	21.33
727	62.35	106.41	50	38.19
728	98.59	132.16	50	32.19
729	109.65	121.6	52	23.66
730	150.46	36.54	52	81.08
731	38.95	136.73	49	71.25
732	95.63	175.02	51	75.15
733	19.45	25.51	51	109.71
734	172.63	85.86	53	73.99
735	11.35	168.54	49	112.06
736	138.08	40.54	50	70.61
737	146.72	40.21	50	75.88
738	29.03	181.08	51	107.75
Drivers: 22
id	x	y	end	sensitivity
711	9.96	116.35	52	1.48
712	189.25	156.47	50	0.89
713	199.6	107.79	52	1.44
714	171.28	39.57	49	1.48
715	164.54	95.18	49	0.54
716	189.81	68.01	50	0.91
717	166.23	185.61	51	0.66
718	8.78	147.77	50	0.76
719	182.61	105.19	50	1.74
720	8.93	143.99	50	0.69
721	158.89	15.46	50	0.57
722	56.47	128.23	49	1.21
723	174.32	14.76	50	0.7
724	85.54	139.07	52	1.85
725	44.34	18.19	50	1.94
726	126.97	62.39	50	1.85
727	175.48	104.02	51	1.28
728	106.04	28.82	49	1.8
729	107.67	77.83	50	1.8
730	3.16	18.57	51	1.81
731	50.94	106.64	51	1.92
732	134.41	97.34	52	1
Period: 50
Tasks:13
id	x	y	end	c
739	67.31	148.32	52	58.34
740	45.19	100.82	52	54.82
741	90.02	169.37	52	70.08
742	106.93	98.11	51	7.18
743	79.73	190.75	52	92.99
744	51.65	122.17	52	53.19
745	108.74	150.74	50	51.49
746	167.07	31.24	51	96.05
747	145.12	186.69	52	97.73
748	176.04	35.3	51	99.84
749	41.29	117.35	51	61.22
750	38.75	115.99	52	63.3
751	155.75	193.37	53	108.75
Drivers: 11
id	x	y	end	sensitivity
733	13.36	34.48	51	0.78
734	140.59	184.6	50	1.75
735	116.96	75.47	51	1.03
736	184.1	33.25	50	0.61
737	110.41	123.82	52	0.57
738	49.37	24.4	51	0.84
739	132.49	64.48	50	1.35
740	62.34	149.03	51	1.09
741	135.34	76.66	51	1.07
742	186.86	65.85	51	1.49
743	100.54	199.84	53	0.66
Period: 51
Tasks:16
id	x	y	end	c
752	82.26	191.23	54	92.94
753	4.92	56.17	52	104.7
754	121.8	176.39	53	79.44
755	166.18	38.22	54	90.53
756	127.71	56.51	51	51.57
757	109.15	75.99	54	25.69
758	190.5	54.3	55	101.38
759	93.47	62.05	53	38.51
760	11.45	21.15	53	118.57
761	55.38	60.59	54	59.53
762	172.87	38.33	53	95.46
763	134.46	191.78	52	98.04
764	101.14	193.93	52	93.94
765	51.13	173.57	53	88.32
766	135.46	179.68	53	87.21
767	198.86	117.32	52	100.37
Drivers: 8
id	x	y	end	sensitivity
744	9.36	45.27	51	0.73
745	103.84	58.24	52	1.87
746	173.8	99.04	52	0.73
747	105.48	30.4	51	1.68
748	182.38	168.07	53	1.18
749	132.35	73.5	51	1.66
750	40	162.2	51	1.22
751	191.67	172.49	52	1.68
Period: 52
Tasks:11
id	x	y	end	c
768	38.75	128.82	53	67.69
769	19.33	100.8	55	80.67
770	125.56	48.99	54	57.06
771	69.95	90.34	55	31.56
772	59.84	139.26	53	56.16
773	123.95	53.22	55	52.55
774	145.32	119.63	53	49.39
775	137.55	81.1	53	42.04
776	21.63	143.67	53	89.72
777	141.47	71.73	56	50.19
778	125.06	75.83	56	34.82
Drivers: 11
id	x	y	end	sensitivity
752	123.78	125.63	53	0.74
753	3.55	38.2	55	1.31
754	162.5	69.01	52	0.68
755	188.31	189.05	52	1.8
756	183.83	89.36	54	1.69
757	118.06	24.87	53	1.08
758	156.36	96.54	53	1.22
759	25.11	54.15	53	1.62
760	190.33	186.51	57	0.62
761	180.65	23.38	53	0.62
762	65.19	43.66	54	0.89
Period: 53
Tasks:12
id	x	y	end	c
779	176.75	108.44	54	77.21
780	183.56	177.43	54	113.92
781	47.47	128.1	54	59.57
782	39.39	42.72	54	83.39
783	124.08	52.55	56	53.21
784	56.5	181.46	54	92.35
785	85.1	161.06	55	62.85
786	71.86	3.33	56	100.68
787	104.06	44.35	55	55.8
788	174.77	152.58	53	91.41
789	16.19	108.6	55	84.25
790	19.78	30.07	54	106.42
Drivers: 18
id	x	y	end	sensitivity
763	2.28	169.08	54	0.7
764	5.61	170.07	54	1.98
765	157.9	142.88	55	0.83
766	104.32	120.88	53	0.58
767	70.77	109.34	54	1.15
768	1.78	141.28	55	0.9
769	175.39	108.18	53	0.61
770	139.06	69.57	55	0.99
771	79.34	46.63	55	0.74
772	4.4	146.61	55	1.02
773	26.22	49.76	54	1.33
774	138.14	91.26	54	1.84
775	39.24	142.96	53	1.77
776	78.27	5.89	55	1.54
777	79.6	63.44	53	1.89
778	68.02	53.25	53	1.51
779	8.26	182.13	53	0.77
780	128.67	39.84	54	1.5
Period: 54
Tasks:8
id	x	y	end	c
791	55.24	101.47	55	44.78
792	81.34	179.59	55	81.75
793	102.36	185.53	55	85.56
794	163.85	58.78	55	76
795	87.63	68.72	54	33.64
796	92.66	80.15	56	21.16
797	31.92	133.52	55	75.88
798	163.55	192.17	57	111.95
Drivers: 15
id	x	y	end	sensitivity
781	119.13	97.87	55	1.55
782	188.39	62.84	55	1.34
783	98.68	17.68	55	0.53
784	165.01	26.33	54	0.54
785	151.11	17.85	54	1.86
786	105.92	111.17	57	0.88
787	137.32	121.44	54	2
788	184.22	162.32	56	0.54
789	197.95	166.61	55	1.55
790	83.81	72.49	55	0.61
791	74.12	87.7	55	1.21
792	132.77	79.94	55	1.91
793	48.1	140.92	54	1.33
794	11.52	112.14	56	1.76
795	19.34	181.65	56	0.93
Period: 55
Tasks:18
id	x	y	end	c
799	139.84	142.61	56	58.33
800	195.51	31.18	55	117.72
801	173.04	35.75	59	97.28
802	121.08	66.77	58	39.35
803	172.68	12.66	57	113.63
804	136.32	64.58	58	50.73
805	152.12	180.18	57	95.63
806	190.94	193.79	56	130.64
807	4.89	149.08	58	107.03
808	63.66	8.81	58	98.16
809	144.84	58.08	55	61.38
810	35.11	119.95	58	67.89
811	103.45	170.03	56	70.11
812	115.94	38.63	55	63.41
813	59.38	84.6	57	43.44
814	101.33	66.78	56	33.25
815	110.86	113.93	57	17.66
816	127.59	171.93	59	77.04
Drivers: 20
id	x	y	end	sensitivity
796	197.6	131.59	55	1.42
797	165.38	134.15	56	1.39
798	178.94	35.17	56	0.73
799	152.93	51.94	57	1.61
800	18.01	186.26	55	1.06
801	43.31	148.22	55	0.79
802	10.58	151.91	56	1.36
803	152.6	153.46	55	0.68
804	149.04	118.46	56	1.25
805	157.72	88.27	59	1.94
806	100.43	68.87	56	1.23
807	182.89	2.81	55	1.4
808	72.35	142.6	56	1.33
809	144.57	181.96	56	0.79
810	22.8	94.23	55	0.62
811	28.64	41.53	56	1.75
812	40.31	53.68	55	1.27
813	72.66	8.23	56	1.9
814	28.14	117.2	57	1.11
815	104.5	64.36	56	1.63
Period: 56
Tasks:15
id	x	y	end	c
817	193.52	44.82	57	108.59
818	149.18	89.91	59	50.2
819	148.65	95.37	56	48.87
820	33.19	19.19	58	104.85
821	94.92	163.12	58	63.32
822	3.54	171.01	60	119.78
823	73.16	37.79	57	67.75
824	35.39	36.31	57	90.72
825	134.34	31.63	56	76.51
826	105.55	62.79	61	37.62
827	86.66	51.06	58	50.73
828	34.93	3.75	58	116.18
829	15.31	147.7	59	97.2
830	50.61	31.43	58	84.51
831	102.36	146.44	57	46.5
Drivers: 16
id	x	y	end	sensitivity
816	63.27	57.69	56	1.05
817	106.18	153.45	56	1.15
818	140.35	116.27	57	1.43
819	190.06	111.66	58	1.54
820	5.02	181.49	57	0.69
821	150.06	172.23	57	1.4
822	67.39	119.13	57	0.74
823	172.55	69.55	56	1.9
824	57.9	103.41	56	1.07
825	100.52	115.53	56	1.92
826	165.69	73.93	57	1.58
827	37.33	195.14	58	1.75
828	54.05	138.25	56	0.94
829	166.24	48.64	57	1.62
830	63.15	118.67	56	0.57
831	93.58	77.57	58	1.91
Period: 57
Tasks:19
id	x	y	end	c
832	98.1	13.3	58	86.72
833	134.17	183.76	59	90.46
834	47.5	124.73	59	58.03
835	164.99	165.45	60	92.24
836	90.04	122.58	60	24.68
837	2.52	184.8	60	129.2
838	165.12	84.67	59	66.9
839	22.37	164.16	59	100.71
840	65.34	178.38	61	85.7
841	168.29	85.34	59	69.85
842	43.4	188.54	59	105.09
843	148.44	93.66	59	48.85
844	154.19	185.11	58	100.9
845	115.79	191.79	58	93.14
846	141.93	56.04	62	60.75
847	130.55	161.3	61	68.49
848	199.23	89.25	61	99.81
849	34.04	107.83	58	66.42
850	31.66	52.78	59	83.07
Drivers: 15
id	x	y	end	sensitivity
832	58.86	190.09	59	0.51
833	138.25	195.82	57	1.34
834	2.7	35.7	59	0.58
835	36.21	54.93	57	1.15
836	3.35	0.95	59	1.83
837	111.53	91.43	58	0.61
838	99.38	55.2	59	1.67
839	4.5	170.03	58	0.98
840	194.63	128.13	58	1.38
841	141.01	54.64	57	0.75
842	45.3	118.55	59	1.42
843	3.72	2.62	57	1.94
844	98.15	16.5	60	1.08
845	12.1	142.51	58	0.92
846	193.83	178.98	58	0.95
Period: 58
Tasks:15
id	x	y	end	c
851	198.04	56.43	62	107.29
852	189.02	176.06	59	117.09
853	135.9	137.25	62	51.73
854	192.38	194.81	61	132.37
855	111	132.24	58	34.06
856	68.63	155.46	61	63.72
857	176.41	180.96	60	111.32
858	34.28	192.89	61	113.79
859	95.98	8.12	60	91.97
860	94.97	125.72	59	26.21
861	172.52	32	60	99.41
862	15.53	141.35	61	94.05
863	15.13	162.31	61	105.29
864	83.76	9.12	61	92.32
865	116.07	48.66	61	53.8
Drivers: 13
id	x	y	end	sensitivity
847	10.8	71.48	58	1.87
848	196.83	152.18	59	1.34
849	61.47	79.23	60	1.8
850	48.45	85.52	59	1.77
851	71.31	15.39	58	1.03
852	13.35	176.33	59	0.92
853	78.93	150.54	59	0.56
854	158.36	105.64	58	1.19
855	50.63	38.05	58	1.77
856	26.17	28.92	59	1.49
857	75.51	47.42	58	1.68
858	50.88	61.26	59	0.7
859	12.51	1.84	58	0.62
Period: 59
Tasks:23
id	x	y	end	c
866	52.08	119.05	61	51.57
867	177.93	109.46	59	78.5
868	128.9	170.79	61	76.46
869	42.92	122.84	59	61.48
870	95	170.25	61	70.43
871	40.45	177.55	63	97.78
872	107.38	135.69	59	36.45
873	175.12	30.63	60	102.25
874	164.88	58.14	63	77.21
875	198.61	38.71	61	116.11
876	128.15	185.78	62	90.28
877	55.24	66.29	60	56.03
878	192.21	93.34	63	92.45
879	114.1	55.19	61	46.98
880	87.19	97.79	63	13
881	31.94	11.81	61	111.4
882	26.23	180.89	61	109.48
883	59.39	162.17	61	74.26
884	53.41	89.38	61	47.79
885	20.43	128.74	62	84.6
886	67.47	21.88	62	84.62
887	190.21	99.71	60	90.21
888	154.79	7.12	63	107.84
Drivers: 15
id	x	y	end	sensitivity
860	189.57	47.24	60	0.88
861	55.53	10.86	60	0.72
862	164.4	163.38	60	1.05
863	27.16	158.54	59	0.63
864	152.76	76.3	60	1.42
865	82.11	127.05	60	1.97
866	58.96	5.78	60	1.7
867	70.15	195.62	60	1.45
868	26.34	133.49	62	0.66
869	88.96	146.17	61	0.63
870	103.38	112.52	60	1.71
871	126.86	4.33	60	1.94
872	187.19	76.5	60	0.79
873	45.75	24.08	61	0.87
874	48.46	114.89	59	0.65
Period: 60
Tasks:12
id	x	y	end	c
889	152.87	151.64	63	73.9
890	107.49	52.66	60	47.93
891	124.91	65.25	61	42.76
892	187.5	148.35	61	99.97
893	131.17	81.8	63	36.09
894	6.64	185.01	63	126.26
895	153.99	60.17	62	67.09
896	13.63	159.91	61	105.11
897	153.11	74.78	65	58.79
898	177.66	147.22	60	90.89
899	150.61	176.07	62	91.37
900	115.41	120.07	64	25.3
Drivers: 19
id	x	y	end	sensitivity
875	28.5	127.97	61	0.74
876	113.57	49.4	61	1.14
877	8.8	106.68	62	1.27
878	147.3	101.26	60	0.96
879	3.47	108.92	60	0.97
880	181.62	19.52	60	1.3
881	146.95	182.48	60	1.15
882	70.34	138.59	60	1.17
883	88.28	34.84	60	1.08
884	90.64	29.02	61	0.68
885	197.01	194.23	60	1.01
886	97.04	175.11	60	1.02
887	77.51	126.5	60	1.76
888	62.36	116.27	60	1.53
889	60.33	135.33	61	1.96
890	143.4	81.47	61	1.71
891	129.04	9.74	61	1.91
892	184.2	152.85	62	0.71
893	30.3	109.54	60	0.77
Period: 61
Tasks:16
id	x	y	end	c
901	5.24	28.32	61	118.82
902	15.72	179.24	64	115.68
903	120.05	94.99	64	20.67
904	142.67	56.25	63	61.11
905	1.33	91.68	65	99.02
906	39.02	37.12	62	87.59
907	100.9	83.96	66	16.07
908	66.83	69.22	62	45.25
909	87.52	192.41	63	93.25
910	9.51	136.04	62	97.4
911	150.79	194.07	62	106.91
912	47.38	36.39	64	82.55
913	132.43	64.03	63	48.43
914	142.92	59.07	62	59.31
915	103.1	31.45	63	68.62
916	47.5	110	66	53.44
Drivers: 16
id	x	y	end	sensitivity
894	105.07	89	62	0.51
895	71.93	191.46	62	1.73
896	122.31	177.02	62	1.38
897	64.75	123.39	63	1.6
898	46.69	156.2	64	1.46
899	195.82	143.1	62	1.51
900	148.03	44.14	61	0.96
901	117.83	97.69	63	1.42
902	74.31	195.61	62	1.94
903	196.08	66.99	62	1.88
904	176.64	139.85	62	1.16
905	48.76	174.93	62	1.02
906	92.11	26.37	62	1.42
907	191.1	61.42	63	0.51
908	60.22	50.05	61	0.51
909	181.63	108.67	61	1.09
Period: 62
Tasks:12
id	x	y	end	c
917	138.6	141.04	62	56.34
918	65.58	19.05	64	87.96
919	80.57	87.88	65	22.9
920	53.9	109.05	65	46.98
921	22.63	43.57	64	95.76
922	83.52	45.49	62	56.95
923	18.08	142.35	64	92.22
924	147.69	132.4	65	57.65
925	169.92	173.65	64	101.55
926	142.88	134.86	62	55.26
927	49.67	141.35	64	65.14
928	78.15	101.44	64	21.9
Drivers: 14
id	x	y	end	sensitivity
910	100.25	111.14	63	1.93
911	185.47	133.49	62	0.51
912	94.63	113.81	63	1.13
913	94.9	96.49	63	1.95
914	11.15	4.89	65	0.57
915	114.43	23	63	1.48
916	34.13	2.94	63	1.76
917	2.3	189.06	63	1.83
918	19.48	76.84	65	1.65
919	145.49	79.73	63	1.62
920	161.39	198.94	63	0.91
921	12.82	81.05	64	1.39
922	145.1	55.01	62	1.4
923	172	58.27	62	1.61
Period: 63
Tasks:12
id	x	y	end	c
929	23.13	72.28	68	81.72
930	84.58	67.78	67	35.72
931	125.98	56.46	63	50.7
932	159.91	15.45	63	103.62
933	84.65	139.04	63	41.95
934	156.95	54.78	65	72.72
935	58.58	0.58	65	107.7
936	117.53	189.52	65	91.22
937	198.03	97.64	66	98.06
938	0.75	86.16	64	100.21
939	93.24	95.8	66	7.96
940	161.31	40.34	65	85.55
Drivers: 17
id	x	y	end	sensitivity
924	136.39	80.4	65	0.79
925	45.81	68.58	63	1.94
926	164.03	89.64	64	0.89
927	91.04	159.73	64	1.26
928	156.96	170.76	63	0.87
929	87.09	42.35	63	1.86
930	148.2	124.47	63	1.84
931	195.26	15.03	64	0.87
932	91.72	84.64	64	1.99
933	71.11	110.3	66	1.23
934	148.99	88.26	64	0.56
935	157.53	43.49	66	0.75
936	156.15	112.21	63	1.12
937	170.44	81.99	64	0.6
938	140.96	157.71	65	1.31
939	163.72	29.13	64	0.69
940	2.11	71.2	64	0.77
Period: 64
Tasks:16
id	x	y	end	c
941	58.78	28.36	65	82.65
942	124.73	114.53	66	28.68
943	136.49	31.36	65	77.74
944	52.63	55.02	65	65.32
945	17.39	89.15	68	83.32
946	94.42	49.33	66	50.98
947	52.96	108.9	67	47.87
948	13.31	149.37	66	99.76
949	166.85	28.73	66	97.72
950	172.8	168.03	66	99.64
951	128.82	185.81	65	90.52
952	168.06	92.63	66	68.46
953	117.53	25.47	68	76.56
954	11.09	120.95	65	91.34
955	105.21	79.13	65	21.51
956	110.3	199.67	64	100.2
Drivers: 24
id	x	y	end	sensitivity
941	159.96	38.23	65	0.9
942	149.85	94.71	65	0.5
943	34.26	175.87	65	1.85
944	167.62	187.83	65	1.39
945	4.67	60.56	66	0.56
946	16.63	169.51	65	1.62
947	71.59	195.76	65	1.32
948	34.9	106.89	64	1.07
949	50.69	199.06	66	1.34
950	64.86	184.74	65	1.98
951	7.7	137.71	64	1.42
952	34.42	134.11	64	0.77
953	154.03	48.97	65	1.53
954	197.73	26.47	66	1.15
955	72.93	105.95	64	1.02
956	78.47	198.2	64	1.98
957	100.24	101.86	65	1.91
958	165.03	188.46	64	0.96
959	86.37	42.33	64	1.73
960	119.49	42.68	64	0.84
961	175.69	21.76	64	1.28
962	69.93	196.36	64	1.73
963	144.56	51.02	65	1.58
964	199.81	85.42	66	0.67
Period: 65
Tasks:17
id	x	y	end	c
957	41.14	193.55	67	110.53
958	59.01	195.29	68	103.73
959	55.49	19.95	66	91.59
960	88.66	176.12	66	76.96
961	75.24	141.41	69	48.25
962	43.02	113.72	65	58.61
963	128.75	75.33	67	37.88
964	110.68	154.13	66	55.17
965	149.37	173.85	66	88.83
966	26.07	145.12	65	86.61
967	153.7	58.21	66	68.04
968	166.91	87.62	68	68.05
969	68.71	171.95	66	78.46
970	33.39	8.87	66	112.88
971	73.33	28.89	69	75.95
972	117.52	145.42	68	48.68
973	90.86	63.35	66	37.77
Drivers: 19
id	x	y	end	sensitivity
965	104.49	97.83	66	0.86
966	142.85	102.94	67	1.45
967	48.37	67.77	65	1.42
968	53.46	136.23	66	1.2
969	176.72	62.47	67	1.69
970	84.81	188.05	65	0.93
971	113.44	3.05	66	1.26
972	65.72	142.91	65	0.54
973	33.42	55.33	66	1.69
974	101.55	48.25	66	1.44
975	172.33	23.38	65	1.27
976	57.91	140.33	67	1.06
977	33.03	61.32	66	1.61
978	55.54	131.7	67	1.22
979	188.51	132.86	66	1.48
980	82.46	84.53	65	0.59
981	127.85	24.44	65	1.39
982	176.4	96.69	65	1.5
983	117.72	52.51	66	0.63
Period: 66
Tasks:14
id	x	y	end	c
974	45.05	44.1	66	78.39
975	197.75	34.94	66	117.42
976	64.24	111.15	69	37.46
977	148.25	199.05	68	110.18
978	60.64	127.12	69	47.8
979	93.23	152.04	68	52.48
980	134.98	63.86	69	50.3
981	16.07	142.85	67	94.24
982	25.28	70.02	68	80.51
983	170.75	195.08	67	118.51
984	12.81	174.14	67	114.45
985	164.1	16.64	68	105.16
986	52.92	121.99	68	51.96
987	144.63	62.41	67	58.35
Drivers: 12
id	x	y	end	sensitivity
984	167.46	122.57	70	1.18
985	117.95	86.85	67	1.4
986	102.83	92.42	66	1.17
987	125.24	162.19	69	0.59
988	141	195.21	66	1.17
989	8.48	56.42	67	1.57
990	141.17	162.1	70	1.59
991	187.31	17.7	67	0.56
992	119.87	155.02	66	1.49
993	2.67	34.79	69	0.94
994	123.43	69.73	69	1.49
995	174.87	146.4	66	1.74
Period: 67
Tasks:11
id	x	y	end	c
988	109	118.67	68	20.73
989	5.87	176.91	69	121.55
990	32.9	87.72	69	68.21
991	85.6	170.33	68	71.79
992	168.87	36.91	68	93.4
993	26	5.34	68	120.15
994	10.1	199.49	68	134.09
995	170.96	174.22	68	102.68
996	20.66	24.69	69	109.39
997	149.42	49.51	67	70.65
998	148.8	121.37	71	53.27
Drivers: 15
id	x	y	end	sensitivity
996	7.43	66.98	69	1.85
997	72.59	188.57	68	1.37
998	9.66	112.03	68	1.99
999	196.82	164.38	68	0.64
1000	33.41	121.94	68	0.68
1001	39.05	24.27	68	0.77
1002	42.12	90.64	67	1.42
1003	115.17	168.51	68	1.29
1004	47.29	144.64	67	1.73
1005	148.22	104.26	67	1.7
1006	9.88	64.73	68	1.88
1007	135.32	101.55	69	1.19
1008	52.84	92.82	67	1.94
1009	64.18	82.92	68	2
1010	80.59	136.84	68	1.77
Period: 68
Tasks:11
id	x	y	end	c
999	172.07	12.82	69	113.11
1000	4.38	56.9	73	104.88
1001	151.86	115.47	69	54.12
1002	57.13	91.11	70	43.78
1003	3.04	51.62	72	108.36
1004	156.17	114.07	70	57.91
1005	49.25	35.16	70	82.34
1006	1.12	118.31	71	100.56
1007	20.17	69.82	69	85.34
1008	17.23	155.26	71	99.52
1009	133.51	120.3	70	39.18
Drivers: 11
id	x	y	end	sensitivity
1011	69.67	106.58	68	1.66
1012	96.99	154.24	70	1.39
1013	17.94	10.96	69	0.71
1014	85.45	141.77	68	1.38
1015	61.03	198.49	68	1.67
1016	132.65	27.28	71	0.88
1017	27.65	156.06	69	1.76
1018	8.57	148.51	71	1.75
1019	26.04	154.09	68	1.46
1020	136.9	110.06	68	1.65
1021	40.66	178.8	69	1.06
Period: 69
Tasks:17
id	x	y	end	c
1010	3.92	41.06	70	112.72
1011	168.93	76.19	70	72.93
1012	1.38	21.2	71	126.24
1013	108.64	189.8	71	90.21
1014	96.08	46.95	72	53.19
1015	94.13	146.43	71	46.8
1016	133.05	70.37	70	44.39
1017	52.82	6.4	71	104.82
1018	184.93	153.95	72	100.62
1019	118.14	112.76	70	22.18
1020	115.48	66.93	72	36.51
1021	42.05	154.51	71	79.56
1022	4.51	13.61	71	128.77
1023	117.75	41.85	70	60.8
1024	165.77	187.6	70	109.54
1025	97.84	13.15	71	86.88
1026	156.67	77.18	71	61.09
Drivers: 16
id	x	y	end	sensitivity
1022	142.79	16.23	70	1.55
1023	62.43	111.9	70	1.02
1024	191.96	64.43	69	1.3
1025	145.66	2.93	70	1.79
1026	163.14	59.17	69	1.13
1027	26.01	19.49	69	1.7
1028	31.67	89.08	72	1.19
1029	170.42	1.56	69	0.98
1030	116.73	117.71	71	0.97
1031	52.46	36.79	70	0.78
1032	57.51	155.13	71	1.26
1033	165.84	51.57	70	1.81
1034	187.7	48.29	70	1.27
1035	117.3	108.8	69	1.98
1036	90.45	152.79	72	0.58
1037	66.51	157.03	69	1.26
Period: 70
Tasks:13
id	x	y	end	c
1027	90.82	59.65	71	41.38
1028	27.82	132.99	71	79.36
1029	198.48	71.46	74	102.53
1030	41.91	190.33	73	107.4
1031	90.5	68.84	70	32.58
1032	138.56	199.76	75	106.95
1033	135.75	172.4	74	80.75
1034	199.21	149.81	72	111.01
1035	165.69	43.06	75	86.93
1036	133.75	80.57	72	38.94
1037	111.25	196.8	72	97.45
1038	164.39	153.2	72	83.52
1039	71.26	191.72	74	96.12
Drivers: 18
id	x	y	end	sensitivity
1038	65.19	82.76	70	0.55
1039	167.44	145.98	71	1.81
1040	125.25	192.94	70	1.75
1041	53.23	127.77	71	1.86
1042	171.73	0.39	73	0.85
1043	77.2	69.55	70	0.74
1044	46.47	158.13	73	1.22
1045	89.64	92.73	72	1.22
1046	105.56	164.75	73	1.98
1047	64.26	72.51	71	1.4
1048	162.24	96.45	72	1.08
1049	111.72	113.82	70	1.21
1050	31.8	104.08	70	1.92
1051	142.05	15.24	72	1
1052	99.29	119.59	70	1.16
1053	36.58	183.46	70	1.24
1054	31	87.66	71	1.96
1055	58.08	3.51	71	1.62
Period: 71
Tasks:14
id	x	y	end	c
1040	62.64	177.88	72	86.38
1041	99.8	41.69	72	58.31
1042	23.31	81.38	76	78.92
1043	58.44	51.76	74	63.67
1044	199.98	66.89	72	105.32
1045	93.12	66.05	73	34.64
1046	137.28	148.12	74	60.87
1047	160.26	184.69	72	103.94
1048	136.24	22.45	71	85.6
1049	8.28	17.13	72	123.61
1050	74.29	192.04	74	95.56
1051	110.65	184.79	72	85.46
1052	49.8	130.57	73	58.78
1053	22.01	131.69	74	84.18
Drivers: 12
id	x	y	end	sensitivity
1056	165.46	61.73	72	0.69
1057	148.25	36.14	72	1.69
1058	126.55	152	72	1.62
1059	84.3	36.99	72	0.7
1060	140.26	8.85	73	1.6
1061	63.85	32.03	75	1.51
1062	10.51	192.44	71	1.7
1063	81.91	56.93	71	1.09
1064	168.45	98.43	73	0.99
1065	4.67	136.01	71	1.07
1066	7.78	92.47	71	1.46
1067	139.96	53.63	71	0.6
Period: 72
Tasks:7
id	x	y	end	c
1054	8.58	17.65	74	123.04
1055	148.67	107.92	74	49.31
1056	185.76	175.48	74	114.25
1057	170.45	195.51	76	118.68
1058	23.05	0.32	76	125.93
1059	157.48	56.66	75	71.99
1060	179.35	180.89	74	113.31
Drivers: 15
id	x	y	end	sensitivity
1068	130.53	114.07	72	0.81
1069	77.93	70.11	73	1.97
1070	71.87	199.72	72	1.85
1071	181.91	46.71	72	1.7
1072	8.6	136.04	73	1.58
1073	24.74	83.4	74	0.88
1074	121.14	2.04	72	1.75
1075	68.84	99.25	72	1.59
1076	29.38	73.6	72	0.91
1077	188.63	158.06	74	1.85
1078	188.52	191.1	72	1.8
1079	15.04	14.7	73	1.27
1080	91.79	38.18	75	0.62
1081	138.11	128.11	73	1.04
1082	38.96	190.39	73	1.42
Period: 73
Tasks:10
id	x	y	end	c
1061	80.27	59.19	77	45.33
1062	51.27	100.24	78	48.73
1063	190.15	32.08	75	112.87
1064	56.56	68.6	74	53.6
1065	195.24	3.59	73	135.52
1066	40.03	169.16	73	91.54
1067	78.57	151.16	74	55.47
1068	191.16	106.6	74	91.4
1069	172.45	72.61	74	77.45
1070	110.47	99.34	73	10.49
Drivers: 23
id	x	y	end	sensitivity
1083	141.11	144.09	73	0.65
1084	9.84	109.17	74	0.5
1085	83.23	106.1	73	0.94
1086	73.97	14.36	74	1.75
1087	53.79	0.82	74	1.86
1088	56.97	36.81	73	1.98
1089	99.18	197.87	75	1.23
1090	18.3	47.17	74	1.94
1091	127.72	72.92	73	1.04
1092	198.44	167.61	73	1.23
1093	45.79	168.82	73	1.8
1094	117.18	117.81	76	1.23
1095	184.3	182.31	74	1.89
1096	55.27	2.18	73	1.72
1097	16.49	157.62	73	1.57
1098	191.88	190.57	73	1.33
1099	38.42	178.63	73	1.15
1100	121.47	27.27	74	1.37
1101	195.16	178.35	74	1.97
1102	62.31	103.25	73	1.53
1103	11.41	74.72	74	0.68
1104	128.99	20.66	75	1.59
1105	35.07	29.1	74	1
Period: 74
Tasks:14
id	x	y	end	c
1071	82.86	71.24	78	33.48
1072	117.07	80.78	76	25.71
1073	7.85	92.53	75	92.45
1074	113.19	15.65	76	85.38
1075	174.64	70.2	78	80.37
1076	163.57	31.55	75	93.42
1077	99.91	55.25	75	44.75
1078	191.2	160.31	78	109.34
1079	69.54	140.84	74	50.95
1080	173.13	69.7	75	79.16
1081	6.26	46.62	76	107.87
1082	141.98	187.06	75	96.65
1083	8.54	197.07	76	133.37
1084	138.85	197.22	77	104.7
Drivers: 16
id	x	y	end	sensitivity
1106	27.9	124.6	74	0.71
1107	190.69	164.45	74	1.62
1108	132.1	20.22	74	1.09
1109	107.85	110.75	77	1.38
1110	84.83	89.95	75	1.38
1111	96.28	134.37	75	1.65
1112	171.53	63.57	74	0.9
1113	154.25	191.05	76	0.85
1114	66.1	173.75	76	0.87
1115	198.23	135.58	74	1.8
1116	45.33	141.32	74	1.18
1117	92.39	146.95	75	1.86
1118	71.52	72.23	77	1.3
1119	63.48	1.18	75	1.26
1120	159.64	117	75	0.61
1121	139.8	35.65	75	0.57
Period: 75
Tasks:15
id	x	y	end	c
1085	5.23	36.12	75	114.29
1086	160.57	65.27	77	69.82
1087	140.62	199.01	78	107.02
1088	13.8	132.26	78	92.04
1089	4.85	110.99	76	95.78
1090	108.89	186.73	78	87.18
1091	178.45	122.35	77	81.57
1092	0.19	53.5	76	110.11
1093	184.96	198.11	78	129.78
1094	5.44	65.35	76	100.71
1095	60.22	130.78	78	50.3
1096	54.38	155.06	77	71.5
1097	110.11	59.59	79	41.66
1098	157.69	185.69	77	103.3
1099	133.76	15.8	77	90.72
Drivers: 18
id	x	y	end	sensitivity
1122	6.28	71.31	75	1.45
1123	18.68	107.91	76	0.9
1124	124.57	85.12	76	0.93
1125	130.07	110.32	76	1.37
1126	55.05	102.06	77	1.53
1127	101.43	128.45	77	1.91
1128	132.22	81	77	1.05
1129	186.47	72.85	79	0.91
1130	145.55	191.62	75	0.99
1131	155.45	162.93	78	1.22
1132	120.56	21.56	77	1.86
1133	110.34	70.19	76	1.45
1134	33.15	153.97	75	0.72
1135	170.81	183.42	75	1.37
1136	51.13	109.05	76	1.29
1137	78.79	75.81	76	0.54
1138	0.51	177.88	75	1.55
1139	4.52	194.4	75	1.79
Period: 76
Tasks:10
id	x	y	end	c
1100	6.2	192.73	79	131.9
1101	1.27	158.83	77	114.93
1102	171.82	40.76	81	93.1
1103	48.52	44.39	78	75.78
1104	178.63	149.58	77	92.96
1105	197.93	134.69	76	103.89
1106	36.94	176.07	77	98.81
1107	117.56	40.96	77	61.6
1108	173.06	115.71	77	74.73
1109	56.03	102.25	76	44.03
Drivers: 16
id	x	y	end	sensitivity
1140	130.92	173.46	79	1.78
1141	194.13	39.3	78	0.54
1142	160.1	100.9	78	1.65
1143	52.02	23.44	78	1.93
1144	168.31	38.42	77	0.71
1145	183.22	129.44	78	1.29
1146	90.12	149.95	77	0.98
1147	114.36	137.47	77	0.8
1148	167.13	166.25	77	1.08
1149	98.14	106.2	77	0.86
1150	108.64	198.33	76	1.22
1151	173.2	143.03	77	1.15
1152	52.58	38.31	77	0.5
1153	157.95	43.27	77	1.33
1154	19.64	33.43	77	0.62
1155	32.53	73.6	77	1.44
Period: 77
Tasks:21
id	x	y	end	c
1110	182.79	117.53	79	84.63
1111	131.06	133.08	80	45.38
1112	137.23	161.29	80	71.71
1113	160.6	93.74	78	60.92
1114	88.43	52.75	80	48.65
1115	27.55	84.53	79	74.08
1116	118.56	41.73	78	61.15
1117	0.39	162.14	80	117.4
1118	199.62	51.87	80	110.64
1119	123.93	107.59	79	25.1
1120	81.91	97.89	78	18.21
1121	141.88	185.73	79	95.41
1122	87.11	49.29	78	52.32
1123	68.31	131.29	80	44.53
1124	179.82	49.03	80	94.71
1125	73.44	148.27	79	55.09
1126	18.49	51.9	78	94.64
1127	93.38	176.88	79	77.16
1128	71.18	88.07	79	31.19
1129	46.5	38.39	78	81.6
1130	186.65	82.26	82	88.45
Drivers: 14
id	x	y	end	sensitivity
1156	72.44	35.07	79	1.19
1157	50.17	153.88	78	0.61
1158	81.91	15.85	77	1.72
1159	166.16	82.49	77	1.77
1160	33.85	178.75	80	1.84
1161	115.1	197.85	78	0.83
1162	126.03	68.02	77	0.87
1163	96.94	81.64	79	1.55
1164	181.06	121.31	79	1.86
1165	113.21	149.53	77	1
1166	130.91	130.28	77	1.68
1167	157.34	31.44	80	0.82
1168	82.53	71.59	78	0.81
1169	6.29	164.16	77	0.67
Period: 78
Tasks:12
id	x	y	end	c
1131	67.25	7.55	79	98.08
1132	40.12	123.25	79	64.24
1133	171.65	164.19	80	96.2
1134	47	34.1	80	84.57
1135	163.86	34.44	80	91.52
1136	189.13	180.61	83	120.18
1137	100.1	108.82	80	8.82
1138	3.79	196.77	82	136.46
1139	79.4	69.63	79	36.7
1140	194.89	131.83	79	100.09
1141	156.88	180.06	81	98.21
1142	117.25	16.63	81	85.14
Drivers: 9
id	x	y	end	sensitivity
1170	90.82	60.2	78	1.29
1171	50.34	45.92	80	1.99
1172	88.06	81.93	79	1.76
1173	33.67	131.29	78	1.56
1174	153.07	119.39	79	1.9
1175	196.87	163.73	79	1.52
1176	130.5	139.85	81	1.39
1177	195.17	197.57	81	0.9
1178	73.05	23.76	80	1.63
Period: 79
Tasks:12
id	x	y	end	c
1143	134.36	135.53	81	49.43
1144	64.47	182.55	80	89.87
1145	134.78	90.18	79	36.14
1146	120.64	84.81	81	25.63
1147	68.6	175.32	80	81.6
1148	116.65	54.14	81	48.79
1149	8.72	190.2	80	128.33
1150	167.97	77.7	80	71.53
1151	171.67	174	81	103.02
1152	101.32	43.33	80	56.69
1153	122.97	43.5	80	60.99
1154	169	56.71	80	81.46
Drivers: 18
id	x	y	end	sensitivity
1179	37.48	138.69	79	1.52
1180	192.97	87.48	79	1.98
1181	13.77	146.24	79	0.93
1182	193	190.48	80	1.51
1183	2.96	114.8	80	0.91
1184	75	19.12	80	1.32
1185	179.03	129.21	79	1.75
1186	84.71	180.79	80	1.31
1187	147.14	53.3	80	1.35
1188	75.53	124.04	80	1.39
1189	28.86	102.85	79	0.74
1190	128.44	100.22	80	0.71
1191	33.63	188.38	81	1.34
1192	159.15	174.73	80	1.63
1193	156.48	35.78	81	1.27
1194	182.39	198.43	79	1.91
1195	108.86	146.44	81	0.55
1196	87.96	75.62	79	1.99
Period: 80
Tasks:12
id	x	y	end	c
1155	133.57	20.53	82	86.27
1156	50.09	182.04	81	96.03
1157	22.5	164.52	83	100.84
1158	32.35	147.3	82	82.55
1159	73.76	5.99	81	97.6
1160	96.1	6.6	81	93.48
1161	64.82	4.4	85	101.87
1162	168.45	116.52	82	70.42
1163	43.39	183.28	84	100.7
1164	13.35	155.5	84	102.9
1165	72.11	113.17	80	30.84
1166	34.88	141.82	82	77.39
Drivers: 14
id	x	y	end	sensitivity
1197	193.03	52.24	80	0.65
1198	183.86	166.36	80	0.68
1199	196.67	36.19	81	0.9
1200	66.4	122.43	81	0.55
1201	2.11	152.17	80	1.63
1202	137.51	132.1	82	1.46
1203	187.48	183.68	81	1.86
1204	107.7	92.51	82	1.48
1205	33.65	61.93	82	1.63
1206	115.76	56.25	82	1.18
1207	189.74	135.23	81	1.11
1208	43.78	4.81	81	0.99
1209	71.78	67.21	83	1.79
1210	67.55	100.55	83	1.54
Period: 81
Tasks:12
id	x	y	end	c
1167	160.86	95.78	84	61.01
1168	61.96	15.28	84	92.87
1169	26.91	106.38	81	73.37
1170	183.3	23.23	83	113.28
1171	26.19	84.77	83	75.36
1172	88.29	78.11	82	24.83
1173	12.28	29	83	112.85
1174	32.19	99.88	82	67.81
1175	122.59	160.41	82	64.5
1176	66.64	113.57	85	36.01
1177	103.93	83.99	82	16.49
1178	40.13	161.2	83	85.61
Drivers: 16
id	x	y	end	sensitivity
1211	71.19	112.82	82	1.92
1212	78.91	163.71	82	0.6
1213	182.74	194.55	82	1.36
1214	193.13	176.71	84	1.77
1215	22.91	2.87	82	1.47
1216	193.23	118.27	81	1.48
1217	80.21	81.39	84	0.76
1218	110.82	146.91	83	1.86
1219	162.04	161.21	82	1.45
1220	53.74	41.83	84	1.83
1221	145.59	34.77	81	0.8
1222	186.57	113.04	81	1.47
1223	193.98	30.61	81	1.07
1224	88.56	116.2	82	0.82
1225	63.15	156.04	82	0.94
1226	141.92	32.56	81	1.37
Period: 82
Tasks:10
id	x	y	end	c
1179	173.91	35.21	88	98.29
1180	14.43	106.54	85	85.82
1181	5.37	33.83	84	115.47
1182	194.17	145.76	84	104.7
1183	76.83	40.32	83	64.02
1184	173.29	28.84	85	102.15
1185	37.02	79.13	84	66.35
1186	123.13	29.44	84	74.25
1187	75.04	30.85	84	73.52
1188	25.13	27.66	87	104.11
Drivers: 17
id	x	y	end	sensitivity
1227	30.39	171.36	82	0.87
1228	30.92	44.51	84	1.21
1229	124.46	13.33	82	1.75
1230	63.52	5.09	84	1.53
1231	17.02	22.8	82	1.1
1232	110.23	70.45	83	1.32
1233	52.29	59.74	82	0.82
1234	163.37	93.27	82	1.5
1235	39.14	58.25	83	0.89
1236	39.54	77.39	83	1.81
1237	29.98	178.34	82	1.93
1238	32.31	34.52	85	1.54
1239	121.46	168.24	82	0.79
1240	123.11	147.49	82	1.98
1241	106.34	170.21	82	1.85
1242	23.67	107.6	83	0.78
1243	58.59	183.12	82	0.8
Period: 83
Tasks:22
id	x	y	end	c
1189	33.32	13.92	84	108.89
1190	36.11	93.17	85	64.25
1191	184.86	49.16	84	98.92
1192	28.04	16.06	84	110.56
1193	159.67	80.11	83	62.9
1194	194.86	80.23	86	96.9
1195	153.46	157.94	83	78.84
1196	50.53	106.79	83	49.93
1197	133.54	66.53	83	47.38
1198	186.63	166.96	87	109.49
1199	131.15	144.42	84	54.25
1200	109.2	2.99	85	97.45
1201	153.31	151.38	87	74.04
1202	177.34	88.42	84	78.2
1203	97.32	193.83	85	93.87
1204	119.94	75.28	84	31.76
1205	152.68	149.11	86	72.02
1206	10.84	6.23	86	129.39
1207	158.61	120.48	84	62.09
1208	79.51	60.33	87	44.65
1209	15.97	28.5	83	110.33
1210	152.47	119.61	86	56.01
Drivers: 18
id	x	y	end	sensitivity
1244	189.61	137.64	85	0.87
1245	180.73	104.99	84	1.45
1246	148.16	53.16	83	0.57
1247	21.42	10.1	83	0.67
1248	58.7	143.46	84	1.9
1249	39.31	90.27	83	1.35
1250	143.98	62.84	84	1.57
1251	65.37	61.23	84	1.25
1252	127	50.8	84	1.64
1253	175.45	100.52	83	0.57
1254	53.03	30.78	84	1.3
1255	183.14	99.33	84	1.48
1256	76.7	41.62	85	1.47
1257	28	161.04	83	1.26
1258	54.05	138.38	84	0.87
1259	136.17	31.08	84	0.71
1260	119.45	106.23	83	1.12
1261	79.68	9.38	85	0.7
Period: 84
Tasks:17
id	x	y	end	c
1211	22.95	51.85	86	90.86
1212	145.69	168.13	87	82.03
1213	56.94	25.66	87	85.91
1214	25.35	30.05	88	102.3
1215	7.73	53.86	91	103.16
1216	186.73	163.99	88	107.78
1217	163	148.29	90	79.38
1218	103.06	10.09	85	89.96
1219	26.41	120.76	86	76.46
1220	191.09	97.1	85	91.14
1221	49.59	96.33	86	50.54
1222	37.85	152.33	85	81.25
1223	147.41	120.74	86	51.75
1224	171.41	52.44	87	85.8
1225	186.36	185.27	86	121.36
1226	26.41	83.03	86	75.52
1227	68.96	176.77	86	82.81
Drivers: 17
id	x	y	end	sensitivity
1262	135.45	75.89	85	1.88
1263	57.86	37.86	84	1.67
1264	17.91	178.94	84	1.78
1265	127.78	39.87	84	1.73
1266	54.67	32.67	85	1.17
1267	9.15	14.9	86	1.38
1268	182.29	147.08	85	0.52
1269	170.03	46.16	84	1.84
1270	104.5	95.42	84	0.81
1271	79.89	151.17	85	1.25
1272	150.11	114.19	85	1.51
1273	113.15	171.41	84	0.77
1274	93.05	152.15	84	1.82
1275	193.81	70.89	85	0.74
1276	139.25	105.77	85	0.51
1277	73.38	117.41	84	0.78
1278	48.53	133.07	84	1.5
Period: 85
Tasks:15
id	x	y	end	c
1228	31.55	34.32	86	94.86
1229	162.62	93.15	87	62.99
1230	122.36	107.94	85	23.73
1231	35.4	163.12	87	90.32
1232	174.44	149.29	87	89.28
1233	104.44	41.53	86	58.64
1234	29.25	41.67	86	91.69
1235	11.7	53.14	86	99.96
1236	92.44	93.57	85	9.92
1237	12.64	65.54	86	93.91
1238	6.71	20.83	89	122.36
1239	27.22	59.38	87	83.35
1240	104.24	20.47	87	79.64
1241	81.66	91.73	85	20.12
1242	16.76	93.82	89	83.47
Drivers: 18
id	x	y	end	sensitivity
1279	15.53	185.48	85	1.43
1280	196.13	125.45	86	1.37
1281	36.61	183.39	85	0.72
1282	192.54	1.87	87	1.38
1283	39.95	17.97	86	1.5
1284	163.61	88.2	85	0.82
1285	61.36	45.78	89	1.77
1286	105.96	7.72	85	1.34
1287	88.8	48.26	86	0.53
1288	33.22	138.94	86	1.35
1289	85.22	121.28	87	1.43
1290	15.37	30.54	86	1.55
1291	73.25	65.77	86	1.93
1292	149.2	99.11	89	0.78
1293	90.41	8.02	87	0.82
1294	58.85	121.67	85	1.35
1295	31.41	58.59	85	0.95
1296	33.35	79.07	85	1
Period: 86
Tasks:19
id	x	y	end	c
1243	111.95	177.19	89	78.11
1244	93.56	63.62	92	36.95
1245	82.5	29.08	92	73.05
1246	3.38	112.5	88	97.43
1247	95.14	31.44	88	68.73
1248	119.51	16.11	92	86.13
1249	54.46	55.62	89	63.59
1250	66.81	28.65	87	78.69
1251	61.37	139.08	86	54.95
1252	90.58	127.76	87	29.31
1253	37.1	81.21	87	65.65
1254	92.43	173.52	90	73.91
1255	75.41	59.63	90	47.27
1256	55.28	162.55	89	76.89
1257	149.28	178.62	89	92.79
1258	106.56	104.41	87	7.9
1259	195.01	71.02	87	99.33
1260	24.81	40	89	96.2
1261	154.58	117.29	87	57.25
Drivers: 18
id	x	y	end	sensitivity
1297	175.08	170.13	87	1.75
1298	94.3	88.56	87	0.63
1299	133.74	116.57	88	1.23
1300	12.5	19.68	86	0.75
1301	41.96	199.43	88	0.74
1302	72.32	193.72	87	1.83
1303	57.01	173.67	86	1.62
1304	179.12	163.61	87	1.82
1305	194.59	51.4	86	1.85
1306	18.34	163.1	87	1.85
1307	110.88	111.36	87	1.82
1308	106.56	39.79	87	1.28
1309	128.7	23.38	90	1.59
1310	49.36	179.12	88	1.97
1311	17.56	98.35	87	0.83
1312	86.19	195.62	86	0.66
1313	117.34	161.33	91	1.46
1314	0.12	25.44	87	0.83
Period: 87
Tasks:18
id	x	y	end	c
1262	80.25	138.43	88	43.21
1263	33.67	35.78	88	92.32
1264	49.49	184.01	87	98.03
1265	55	2.48	87	107.4
1266	105.86	185.89	88	86.09
1267	42.11	39.15	90	83.99
1268	83.14	194.25	88	95.75
1269	76.69	184.58	87	87.73
1270	29.35	187.98	89	112.84
1271	92.03	168.68	90	69.14
1272	155.46	54.97	89	71.44
1273	104.91	110.96	87	12.01
1274	82.84	75.08	87	30.26
1275	132.45	40.21	91	68.03
1276	119.95	152.44	89	56.11
1277	150.26	152.83	89	72.92
1278	155.51	166.24	89	86.42
1279	116.59	15.1	89	86.51
Drivers: 12
id	x	y	end	sensitivity
1315	159.41	184.14	89	0.53
1316	158.69	65.44	88	0.59
1317	98.76	25.13	88	1.36
1318	151.52	1	88	1.74
1319	18.1	9.22	87	1.8
1320	66.07	193.31	88	1.6
1321	140.78	5.81	87	0.87
1322	104.5	199.71	88	0.59
1323	171.07	165.87	87	1.72
1324	156.73	139.92	88	1.48
1325	64.17	5.73	88	1.96
1326	98.64	132.66	90	1.62
Period: 88
Tasks:12
id	x	y	end	c
1280	82.89	136.18	90	40.02
1281	149.34	76.07	89	54.84
1282	47.65	38.24	88	80.96
1283	105.87	64.08	89	36.4
1284	76.93	123.35	90	32.82
1285	128.71	109.51	88	30.24
1286	62.01	180.45	90	88.97
1287	36.18	159.21	90	87.06
1288	1.75	182.77	91	128.47
1289	128.47	39.28	89	67.06
1290	43.53	16.75	90	100.6
1291	103.64	72.42	88	27.82
Drivers: 11
id	x	y	end	sensitivity
1327	191.08	119.25	89	0.72
1328	181.08	28.5	90	1.98
1329	125.74	197.23	89	0.91
1330	23.1	38.91	88	1.9
1331	46.17	12.38	88	1.03
1332	46.65	101.7	88	1.54
1333	177.79	1.84	88	1.21
1334	62.97	89.69	92	1.05
1335	84.06	121.41	88	1.97
1336	19.29	68.8	89	0.62
1337	135.53	81.07	90	0.83
Period: 89
Tasks:12
id	x	y	end	c
1292	93.66	23.67	92	76.59
1293	102.25	36.55	90	63.49
1294	85.44	147.83	90	50
1295	121.04	168.65	90	71.8
1296	187.19	81.56	91	89.12
1297	89.96	153.68	90	54.61
1298	54.31	38.71	92	76.45
1299	53.14	133.21	90	57.43
1300	16.04	18.29	91	117.16
1301	154.03	33.3	92	85.84
1302	85.2	184.08	91	85.37
1303	42.78	83.16	92	59.65
Drivers: 14
id	x	y	end	sensitivity
1338	159.45	11.9	89	0.94
1339	147.08	139.82	90	1.89
1340	133.57	158.96	90	1.65
1341	30.69	116.5	91	1.81
1342	110.07	24.16	90	1.5
1343	130.39	96.21	90	1.21
1344	59.2	167.82	89	1.36
1345	159.19	29.82	90	1.1
1346	95.98	63.81	90	0.72
1347	94.07	40.83	90	1.69
1348	79.77	88.35	89	0.55
1349	38.06	37.89	91	1.87
1350	58.19	84.67	89	1.99
1351	137.82	32.4	91	0.85
Period: 90
Tasks:8
id	x	y	end	c
1304	3.6	150.06	94	108.62
1305	66.1	56.8	93	54.91
1306	67.74	136.17	91	48.47
1307	76.01	13.38	93	89.88
1308	32.48	110.68	92	68.36
1309	88.99	107.15	91	13.13
1310	36.42	83.83	92	65.6
1311	106.42	198.73	94	98.94
Drivers: 17
id	x	y	end	sensitivity
1352	31.79	55.89	92	1.34
1353	141.27	39.19	91	1.03
1354	17.06	15.74	90	1.29
1355	166.34	54.11	92	1.95
1356	44.38	40.31	90	1.47
1357	173.81	33.16	92	1.17
1358	17.58	170.57	92	1.93
1359	2.52	191.91	90	1.45
1360	1.27	191.7	93	1.52
1361	70.05	56.1	91	1.29
1362	45.37	179.65	91	1.81
1363	9.8	59.38	90	0.81
1364	130.72	91.18	91	0.67
1365	89.74	84.37	91	1.77
1366	130.1	50.89	90	1.21
1367	97.2	162.63	93	1.74
1368	91.18	123.83	90	1.41
Period: 91
Tasks:21
id	x	y	end	c
1312	117.87	191.41	93	93.14
1313	25.71	173.5	91	104.5
1314	129.59	198.63	93	102.97
1315	95.3	14.66	94	85.47
1316	35.5	125.96	94	69.53
1317	46.05	18.62	93	97.64
1318	147.06	146.72	92	66.31
1319	3.11	36.7	95	115.73
1320	71.13	112.25	92	31.36
1321	48.51	136.05	91	62.86
1322	23.63	8.53	94	119.16
1323	191.75	179.64	94	121.49
1324	5.84	8.33	95	131.41
1325	193.77	199.46	93	136.69
1326	14.11	147.49	91	98.14
1327	78.72	107.87	94	22.69
1328	71.9	173.34	94	78.54
1329	85.58	146.25	94	48.45
1330	67.55	187.8	92	93.6
1331	182.16	48.79	91	96.81
1332	144.16	104.66	94	44.41
Drivers: 14
id	x	y	end	sensitivity
1369	116.3	12.48	91	1.55
1370	149.55	138.87	93	1.65
1371	144.72	67.92	91	1.15
1372	146.56	55.14	94	1.42
1373	183.97	92.02	92	1.15
1374	180.33	35.95	91	0.61
1375	73.73	0.66	91	1.23
1376	25.93	169.97	92	0.91
1377	106.45	175.73	93	1.5
1378	72.08	129.61	93	0.51
1379	141.14	132.93	93	1.5
1380	55.37	22.94	92	0.98
1381	169.55	163.15	91	1.7
1382	44.27	31.71	91	1.23
Period: 92
Tasks:13
id	x	y	end	c
1333	197.14	69.85	95	101.71
1334	189.22	109.61	94	89.74
1335	24.88	35.68	93	98.89
1336	191.3	94.48	94	91.47
1337	93.97	36.84	93	63.45
1338	45.99	193.09	93	107.62
1339	116.99	0.92	93	100.53
1340	188.95	174.57	93	116.07
1341	115.47	78.5	93	26.49
1342	192	3.32	95	133.46
1343	114.99	9.8	92	91.44
1344	103.6	42.1	93	58.01
1345	176.92	157.59	94	96.09
Drivers: 8
id	x	y	end	sensitivity
1383	6.33	32.55	93	0.92
1384	129.72	86.24	97	1.19
1385	197.39	134.87	93	1.34
1386	31.06	150.73	93	1.55
1387	115.07	75.24	93	1.41
1388	84.8	170.65	92	1.59
1389	116.46	54.1	92	1.86
1390	153.73	153.05	92	1.62
Period: 93
Tasks:12
id	x	y	end	c
1346	162.25	175.42	94	97.79
1347	187.48	161.73	96	107.07
1348	69.77	158.32	94	65.69
1349	87.17	7.83	95	93.06
1350	147.04	178.52	96	91.53
1351	30.03	59.92	94	80.64
1352	165.09	43.77	96	86.01
1353	108.66	81.04	95	20.84
1354	6.63	90.31	94	93.87
1355	1.08	82.48	97	100.46
1356	12.39	160.85	95	106.67
1357	189.86	152.17	96	103.91
Drivers: 13
id	x	y	end	sensitivity
1391	160.94	69.5	93	1.93
1392	142.03	103.4	93	0.63
1393	57.6	87.31	93	1.63
1394	170.58	5.36	94	1.3
1395	27.19	26.85	93	1.79
1396	104.67	46.6	93	1.68
1397	166.4	0.29	93	1.81
1398	63.8	83.48	94	1.13
1399	161.24	22.47	98	1.06
1400	57.7	168.64	94	1.58
1401	34.49	103.66	93	1.69
1402	15.84	32.47	96	1.48
1403	3.05	47.97	94	1.25
Period: 94
Tasks:24
id	x	y	end	c
1358	199.74	199.37	96	140.79
1359	52.02	1.73	95	109.36
1360	121.1	187.21	96	89.73
1361	15.08	83.98	95	86.42
1362	37.44	32.88	96	91.75
1363	10.75	86.99	96	90.19
1364	87.85	38.24	101	62.94
1365	108.5	71.18	94	30.05
1366	199.06	192.39	96	135.46
1367	93.74	100.3	94	6.27
1368	125.48	93.07	99	26.41
1369	121.31	31.39	95	71.84
1370	10.79	1.28	98	133.06
1371	49.77	198.82	96	110.85
1372	14.99	152.33	95	99.83
1373	178.02	48.49	98	93.49
1374	180.36	165.18	94	103.47
1375	11.96	88.82	95	88.75
1376	80.37	18.36	94	83.97
1377	50.83	119.65	96	52.95
1378	155.21	168.87	95	88.27
1379	80.63	71.49	96	34.47
1380	109.39	186.36	95	86.87
1381	46.34	75.52	97	58.98
Drivers: 13
id	x	y	end	sensitivity
1404	86.55	43.34	97	0.71
1405	33.61	74.18	94	1.96
1406	8.05	66.19	94	1.69
1407	3.26	30.29	95	1.58
1408	128.34	40.13	94	1.26
1409	157.07	98.72	94	1.65
1410	120.36	96.56	95	1.34
1411	55.13	166.59	95	1.08
1412	40.91	14.43	94	1.65
1413	53.5	128.57	97	1.12
1414	2.55	111.54	95	1.48
1415	117.68	66.72	94	1.06
1416	103.26	131.82	96	0.51
Period: 95
Tasks:22
id	x	y	end	c
1382	6.08	135.43	95	100.38
1383	93.8	169.08	97	69.36
1384	13.75	126.99	97	90.37
1385	6.45	79.6	96	95.75
1386	50.34	37.08	96	80.16
1387	166.79	16.03	99	107.29
1388	120.02	47.71	98	55.99
1389	55.23	15.32	99	95.79
1390	63.8	179.5	103	87.35
1391	25.94	96.99	98	74.12
1392	117.08	60.62	99	42.92
1393	194.22	187.23	98	128.4
1394	11.03	147.39	98	100.8
1395	105.7	29.03	96	71.2
1396	70.1	135.29	100	46.25
1397	67.87	66.58	97	46.36
1398	70.08	1.04	97	103.38
1399	34.47	140.74	97	77.16
1400	150.76	94.54	97	51.05
1401	11.76	9.21	96	126.61
1402	7.71	0.51	98	135.7
1403	151.09	30.7	96	86.1
Drivers: 13
id	x	y	end	sensitivity
1417	76.17	88.43	95	0.96
1418	159.18	25.33	96	1.11
1419	132.92	113.29	97	0.88
1420	82.06	147.99	95	0.77
1421	139.69	142.7	95	1.74
1422	125.45	42.37	97	1.19
1423	149.78	72.41	95	0.64
1424	144.29	123.48	96	1.69
1425	20.99	59.66	96	1.53
1426	176.54	193.86	96	1.69
1427	21.99	120.75	98	0.69
1428	29.84	3.34	98	1.49
1429	198.53	144.33	95	1.96
Period: 96
Tasks:10
id	x	y	end	c
1404	64.59	68.18	99	47.61
1405	173.03	181.3	98	109.28
1406	113.19	2.82	98	98.07
1407	119.36	145.9	99	49.82
1408	181.43	10.72	101	120.84
1409	44.46	133.09	99	64.65
1410	185.69	29.85	97	110.74
1411	183.6	103.83	96	83.69
1412	180.62	37.5	98	102.01
1413	184.63	78.23	99	87.39
Drivers: 14
id	x	y	end	sensitivity
1430	149.99	65.03	98	1.62
1431	48.27	179.73	97	1.32
1432	63.39	184.95	96	0.69
1433	128.52	132.92	98	1.59
1434	110.04	107.66	97	1.28
1435	162.6	15.29	97	0.87
1436	57.45	78.73	98	1.59
1437	53.7	131.89	96	1.45
1438	39.27	17.01	97	1.83
1439	159.84	101.43	97	1.71
1440	126.45	59.3	97	1.87
1441	132.1	136.86	97	1.01
1442	92.19	19.48	97	1.8
1443	194.68	140.3	97	0.54
Period: 97
Tasks:18
id	x	y	end	c
1414	42.69	131.26	99	65.28
1415	147.52	22.29	99	91.09
1416	31.33	50.65	100	84.56
1417	159.23	35.85	98	87.31
1418	69.28	4.18	97	100.62
1419	79.53	0.62	101	101.47
1420	133.35	96.07	97	33.58
1421	135.2	78.8	100	41.09
1422	78.75	95.86	100	21.65
1423	66.56	139.02	98	51.39
1424	54	133.66	101	57
1425	94.69	166.78	98	66.99
1426	142.35	85.44	97	44.78
1427	95.35	94.79	99	6.98
1428	181.1	83.44	100	82.77
1429	163.59	178.75	99	101.22
1430	109.81	57.68	100	43.44
1431	136.7	178.12	98	86.31
Drivers: 18
id	x	y	end	sensitivity
1444	8.42	102.81	97	1.35
1445	166.87	44.18	97	0.94
1446	25.6	182.14	98	0.84
1447	173.74	93.24	99	1.07
1448	100.17	174.51	98	0.81
1449	127.41	112.74	101	1.86
1450	142.67	184.16	98	1.78
1451	108.43	16.72	97	1.88
1452	74.22	27.35	97	0.57
1453	64.34	132.7	98	0.59
1454	182.73	112.91	97	0.57
1455	193.22	172.22	98	1.87
1456	191.4	100.71	99	1.75
1457	49.96	96.51	97	0.9
1458	100.79	106.59	99	0.5
1459	93.88	160.88	98	1.49
1460	26.47	92.86	97	1.59
1461	190.32	54.06	100	1.12
Period: 98
Tasks:12
id	x	y	end	c
1432	84.35	69.2	100	34.55
1433	70.28	75.46	99	38.54
1434	87.85	161.62	99	62.81
1435	136.57	107.43	98	37.32
1436	156.69	50.61	102	75.19
1437	58.23	16.45	101	93.41
1438	22.53	32.66	103	102.65
1439	67.27	19.19	101	87.19
1440	135.07	44.91	100	65.31
1441	90.84	140.02	100	41.05
1442	95.55	100.99	99	4.56
1443	49.03	174.43	101	90.21
Drivers: 10
id	x	y	end	sensitivity
1462	146.29	124.92	99	1.6
1463	188.85	187.02	98	1.95
1464	75.11	135.12	100	1.73
1465	46.39	58.97	99	1.78
1466	8.4	145.5	99	1.69
1467	159.88	131.79	102	1.29
1468	155.62	99.59	99	1.96
1469	25.58	188.28	99	1.93
1470	145.81	8.93	99	0.78
1471	91.09	115.05	100	0.91
Period: 99
Tasks:22
id	x	y	end	c
1444	12.81	11.08	100	124.53
1445	58.84	87.52	104	43.01
1446	57.98	2.6	100	106.08
1447	121.02	165.02	101	68.33
1448	172.21	90.96	100	72.77
1449	44.24	72.6	100	62.13
1450	44.33	111.77	101	56.9
1451	11.63	84.14	101	89.78
1452	14.96	105.01	101	85.19
1453	74.43	3.37	101	99.96
1454	93.03	140.13	101	40.73
1455	134.31	127.2	101	43.78
1456	116.38	19.65	101	82
1457	64.05	44.75	100	65.92
1458	61.23	85.63	99	41.35
1459	142.33	43.8	101	70.36
1460	38.54	22.19	99	99.16
1461	152.56	173.95	103	90.73
1462	42.94	99.54	102	57.06
1463	136.11	90.54	101	37.33
1464	152.54	36.69	102	82.27
1465	95.01	128.82	99	29.25
Drivers: 25
id	x	y	end	sensitivity
1472	86.1	111.43	100	1.87
1473	158.43	65.31	100	1.67
1474	14.35	169.21	101	1.22
1475	78.99	77.16	100	0.78
1476	19.66	127.74	100	1.78
1477	92.47	178.1	99	1.74
1478	40.92	91.4	100	0.61
1479	122.42	96.12	100	0.91
1480	45.8	175.67	101	1.08
1481	164.94	64.28	99	1.03
1482	148.42	51.63	99	1.14
1483	34.64	189.94	99	1.94
1484	151	179.76	101	1.91
1485	189.89	68.98	102	1.19
1486	106.11	68.59	102	1.9
1487	22.72	188.88	99	0.88
1488	75.4	147.3	101	1.96
1489	105.14	164.43	104	0.6
1490	80.96	47.86	101	1.76
1491	125.36	179.86	99	0.82
1492	163.91	73.47	100	1.02
1493	175.52	116.67	99	0.96
1494	80.63	78.44	99	0.7
1495	6.57	34.5	100	1.53
1496	38.19	96.58	100	1.44
Period: 100
Tasks:13
id	x	y	end	c
1466	157.67	93.56	104	58.03
1467	97.44	137.22	102	37.31
1468	153.12	122.16	103	57.56
1469	158.87	34.99	100	87.7
1470	21.46	174.37	103	108.16
1471	97.21	11.77	102	88.27
1472	5.57	115.48	103	95.69
1473	143.08	47.67	102	67.78
1474	84.64	88.7	100	19.07
1475	149.31	162.34	101	79.48
1476	98.6	86.12	102	13.95
1477	186.36	192.39	107	126.47
1478	162.17	194.63	103	113.23
Drivers: 11
id	x	y	end	sensitivity
1497	152.68	14.56	100	0.79
1498	181.83	45.66	102	1.27
1499	42.87	35.92	103	1.14
1500	174.77	120.17	100	1.82
1501	118	107.41	101	0.75
1502	11.8	55.29	102	0.62
1503	58.19	53.44	100	1.84
1504	77.8	190.39	101	1.89
1505	22.36	123.18	101	0.8
1506	32.86	53.39	101	0.61
1507	196.75	101.76	101	1.26
